23
17
-10
-27
-25
-33
-63
-82
-80
-87
-119
-143
-138
-138
-166
-188
-178
-171
-196
-213
-181
-149
-157
-155
-93
-33
-26
-12
74
154
150
138
206
273
231
168
203
253
179
65
77
134
57
-79
-74
10
-45
-183
-182
-80
-112
-257
-269
-152
-156
-298
-319
-185
-154
-278
-304
-156
-82
-167
-148
82
260
261
343
632
863
898
1002
1304
1529
1522
1547
1734
1813
1638
1488
1536
1513
1235
973
922
821
466
137
73
13
-303
-630
-694
-719
-979
-1273
-1323
-1300
-1494
-1743
-1732
-1575
-1574
-1660
-1533
-1218
-1004
-890
-603
-136
220
385
595
930
1141
1095
1008
1035
996
738
435
259
67
-299
-693
-915
-1072
-1344
-1642
-1800
-1888
-2060
-2230
-2247
-2209
-2240
-2232
-2060
-1823
-1648
-1445
-1132
-818
-586
-313
67
405
615
817
1091
1311
1413
1512
1647
1675
1552
1449
1420
1294
1039
852
753
549
259
97
34
-134
-373
-469
-466
-587
-783
-827
-773
-852
-991
-936
-771
-764
-812
-637
-343
-205
-117
214
688
1009
1287
1806
2416
2771
2975
3357
3835
4053
4014
4030
4076
3810
3254
2787
2499
2040
1300
672
351
5
-569
-1039
-1151
-1238
-1584
-1881
-1817
-1700
-1947
-2289
-2297
-2175
-2326
-2538
-2371
-2040
-2025
-2109
-1728
-1052
-669
-470
84
852
1222
1291
1664
2194
2216
1801
1636
1721
1384
621
137
3
-473
-1357
-1878
-1886
-2154
-2898
-3324
-3153
-3174
-3703
-3952
-3544
-3247
-3494
-3540
-2871
-2205
-2129
-1989
-1150
-203
116
283
1007
1804
1933
1817
2199
2737
2662
2220
2165
2328
2028
1427
1198
1258
953
323
-15
-44
-343
-930
-1217
-1161
-1330
-1791
-1965
-1780
-1806
-2125
-2137
-1733
-1540
-1676
-1466
-740
-201
-90
287
1222
2058
2489
3222
4594
5717
5991
6169
6890
7508
7347
6909
6790
6393
5045
3457
2566
1915
654
-856
-1774
-2302
-3120
-3957
-4060
-3726
-3834
-4246
-4140
-3558
-3253
-3269
-2972
-2389
-2183
-2266
-1867
-997
-431
-251
257
1187
1882
2247
2864
3718
4098
3934
3923
4145
3901
3046
2220
1624
721
-607
-1693
-2323
-3137
-4315
-5161
-5351
-5479
-5906
-6146
-5900
-5627
-5648
-5512
-4855
-4134
-3789
-3469
-2699
-1696
-912
-242
681
1698
2370
2772
3287
3840
3993
3745
3482
3303
2895
2159
1462
963
367
-418
-1013
-1238
-1425
-1808
-2119
-2137
-2126
-2267
-2277
-2035
-1879
-1919
-1848
-1566
-1344
-1285
-1118
-751
-467
-294
88
661
1050
1223
1611
2386
3198
3921
4892
6131
7124
7666
8156
8780
9163
9085
8753
8150
6951
5218
3417
1707
-114
-1994
-3605
-4922
-6103
-6943
-7166
-6985
-6800
-6529
-5863
-4990
-4341
-3785
-2970
-2157
-1772
-1543
-938
-88
635
1398
2537
3793
4744
5616
6772
7865
8286
8087
7748
7247
6076
4224
2314
570
-1486
-3880
-5831
-6955
-7804
-8766
-9360
-9112
-8494
-8124
-7695
-6782
-5828
-5350
-4981
-4195
-3330
-2953
-2677
-1810
-696
2
668
1980
3388
4006
4247
4968
5711
5452
4525
3997
3618
2427
773
-262
-849
-1987
-3471
-4142
-4024
-4245
-4786
-4545
-3640
-3334
-3600
-3098
-1771
-1057
-1219
-908
215
791
402
419
1423
2046
1496
1026
1617
2296
2058
1702
2166
2775
2693
2820
4173
5914
6834
7259
8105
9104
9513
9607
9880
9653
8099
5742
3589
1655
-643
-3130
-5111
-6662
-8256
-9435
-9350
-8349
-7438
-6683
-5472
-3926
-2798
-2022
-884
300
515
28
72
810
1252
1384
2322
4091
5430
6008
7051
8905
9998
9518
8602
7917
6439
3488
235
-2232
-4719
-7929
-10753
-12005
-12225
-12431
-12239
-10927
-9064
-7530
-6081
-4132
-2326
-1637
-1544
-1062
-459
-508
-854
-499
301
640
874
1920
3399
4194
4360
4713
5028
4517
3428
2625
1974
580
-1227
-2287
-2736
-3557
-4664
-5068
-4749
-4771
-5149
-4767
-3658
-3046
-3164
-2767
-1376
-106
443
935
1860
2638
2656
2505
2759
2896
2415
1634
1159
885
465
333
861
1656
2093
2382
3459
5349
7298
8786
9756
10420
10525
10092
9726
9291
8180
5981
3083
347
-2065
-4075
-5670
-7066
-8181
-8765
-8422
-7476
-6497
-5187
-3592
-2237
-1529
-1214
-456
353
448
59
-148
333
1146
2142
3523
4761
5575
6234
7223
8323
8390
7409
5850
3650
899
-2022
-4343
-6284
-8575
-10641
-11702
-11534
-10666
-9631
-8244
-6816
-5434
-3773
-2068
-695
-74
197
611
640
336
349
903
1365
1067
903
1568
2382
2614
2286
2147
2081
1493
798
374
79
-604
-1693
-2315
-2498
-2832
-3309
-3561
-3435
-3583
-4006
-3792
-2968
-2370
-2385
-2141
-910
311
786
1114
1907
2717
2563
1977
1910
1832
1085
-16
-599
-729
-1183
-1551
-1300
-888
-749
-317
1449
3964
6131
8265
10681
12738
13545
13742
14607
15163
13815
10789
7482
4358
488
-3594
-6445
-8255
-9952
-11437
-11231
-9338
-7550
-6146
-4392
-2317
-1166
-1383
-1248
-475
-527
-1704
-2562
-1686
-169
1066
3103
6145
8984
10318
10847
11775
11904
10208
7084
3427
-367
-4728
-8749
-11506
-13465
-14900
-15572
-14666
-12474
-10207
-7788
-5183
-2932
-1514
-646
641
1690
1564
925
738
1170
1283
1114
1684
2416
2373
1808
1711
2093
1559
250
-489
-581
-918
-1691
-1689
-846
-693
-1376
-1757
-1473
-1695
-3026
-4192
-4516
-4823
-5516
-5571
-4255
-2535
-1216
258
2522
4776
5834
6052
6071
5591
4055
1960
352
-1085
-2775
-4166
-4518
-3993
-3586
-2785
-964
901
2010
2689
4384
7064
9254
10846
12102
12998
13134
12966
13624
13924
12496
9473
5851
2497
-1229
-4774
-7134
-8852
-10301
-11319
-10794
-8797
-6825
-5164
-3699
-2255
-1490
-1763
-1752
-1247
-777
-775
-780
458
2582
5075
7806
10526
12620
13078
12361
10951
8632
5163
586
-3959
-8209
-12152
-14979
-16292
-16216
-15657
-14539
-12178
-8941
-5571
-2949
-945
411
824
1047
1216
1262
1030
637
754
967
1108
1431
1890
2078
1312
364
-23
-259
-719
-1380
-1528
-1290
-1242
-976
-315
311
173
-567
-1238
-2159
-3422
-4615
-5239
-5343
-5429
-4839
-3190
-1143
775
2480
4287
5614
5870
5463
4638
3311
1237
-1062
-2869
-4266
-4988
-4712
-3594
-2392
-1510
-287
1546
3172
3624
3585
4097
5250
6896
8814
11447
13733
14414
14497
14851
15759
15312
12536
8894
4159
-1095
-6321
-10237
-11811
-13465
-14621
-14024
-11669
-8119
-5638
-2792
206
1303
1034
58
587
1316
654
660
1526
3539
5682
8047
11624
13789
13985
12847
11010
8349
3455
-1766
-6139
-10310
-14343
-17214
-17027
-15255
-13838
-12177
-9277
-5607
-3236
-1862
-264
806
171
-1480
-1790
-1008
-856
-1137
-418
1352
2121
1844
2111
2665
1757
-887
-2838
-3246
-3678
-4646
-4724
-2983
-1064
-2
1216
3031
4058
3026
1119
-448
-2171
-4457
-6375
-6788
-6330
-5661
-4003
-942
2264
4206
5425
6607
6763
5033
2526
641
-1270
-4058
-6475
-6897
-6045
-5421
-4412
-1870
1108
2593
3094
4118
5057
4373
2679
2312
3546
5203
7454
11215
15556
17741
17747
17659
17834
16543
12500
7438
2222
-3980
-10264
-14615
-15656
-15311
-14964
-12993
-9220
-4954
-1885
500
3010
3629
2154
296
-288
177
250
1218
3720
6577
9105
11475
14226
15578
13985
10510
6300
1478
-4266
-9575
-12839
-14855
-16368
-16273
-13487
-9106
-5492
-3107
-1002
388
249
-845
-1847
-2805
-4629
-6469
-6544
-4857
-2611
-707
1272
3166
3738
3129
2089
869
-1183
-4214
-6494
-7109
-6490
-5170
-3211
-409
2177
3703
4423
4471
3657
1406
-1807
-4737
-6888
-7905
-7660
-6236
-3983
-1444
1318
4048
5966
6533
5931
4452
2055
-939
-3652
-5224
-5966
-6224
-5482
-3635
-1102
1063
2823
4472
5024
4522
3322
2126
1229
34
-418
-69
913
2927
5974
10661
15245
18207
19321
18292
16229
13208
9929
6762
2705
-1736
-6224
-9483
-10814
-10741
-9177
-7330
-5710
-4302
-2921
-1218
-249
-90
-471
-1152
-1563
-1283
545
3352
5944
7900
9426
10761
11045
9812
7419
4355
713
-3338
-6677
-8509
-9126
-9374
-8931
-7105
-4556
-2384
-1163
-438
-575
-2132
-4196
-5873
-6738
-7534
-8131
-7344
-5516
-3313
-1462
323
2051
2307
1356
93
-996
-2331
-4218
-5069
-4581
-3643
-2518
-928
1335
2832
2916
2622
2088
687
-1778
-4068
-5150
-5967
-6790
-6347
-4298
-1929
-515
741
2705
3859
3326
2074
1313
612
-1318
-2999
-2969
-2082
-1572
-1449
-160
1711
2446
2518
2574
2661
1867
430
70
177
43
-209
80
1320
1927
2261
3796
6634
10279
13278
15495
16642
15599
13536
11590
10233
8530
5158
1309
-2719
-6390
-8541
-9028
-7804
-6717
-6154
-4686
-2666
-806
-105
43
511
-27
-1087
-1098
803
3576
4994
5863
7122
7950
7505
5742
3813
1500
-1905
-5110
-6866
-7150
-6779
-6038
-4113
-1667
-18
769
1024
773
-850
-3725
-6308
-8174
-9548
-10332
-9871
-7848
-5581
-3596
-1391
912
2414
2428
1748
839
-529
-2072
-3007
-2967
-2674
-2344
-1566
-364
459
318
-79
-563
-1619
-3241
-4605
-4847
-4785
-4860
-4328
-2802
-916
268
986
1602
1850
1416
608
17
-615
-1489
-2370
-2419
-1645
-846
16
626
1138
1298
1086
1444
1577
1467
894
-28
-154
-359
-328
-96
267
1228
1563
2100
3490
5896
9835
13930
17442
18966
17849
15542
12659
10129
7902
5085
1323
-3396
-7466
-9257
-8955
-7636
-6207
-4888
-3213
-1713
-674
291
739
720
16
-628
113
1806
4264
6271
6996
6966
6236
5694
4423
1726
-1317
-4133
-5711
-6350
-5817
-3692
-1539
-196
186
419
849
437
-1062
-3620
-6602
-8989
-10229
-9987
-8962
-7816
-6325
-4191
-1786
13
1065
1741
1711
485
-1119
-1791
-1568
-1590
-2126
-2247
-1694
-1203
-1325
-1771
-2126
-2670
-3470
-3893
-3480
-2799
-2653
-2585
-1888
-956
-555
-388
146
372
-437
-1354
-1165
-435
-586
-1378
-1486
-997
-712
-586
40
861
814
311
481
1349
1849
1417
1005
957
395
-610
-962
-401
-422
-1153
-693
1159
2578
2771
3567
5719
8211
10876
14177
17430
18146
15894
12592
10003
8184
5488
2367
-325
-3129
-6177
-8499
-7971
-6108
-5387
-4830
-3522
-1585
-671
-226
1135
1820
1560
1019
1608
3469
4575
4788
4463
4247
3837
2361
1227
662
-397
-2152
-3318
-2714
-1813
-1357
-675
-75
-379
-1349
-1823
-2087
-3371
-5542
-7196
-7703
-7665
-7612
-7143
-5719
-4378
-3900
-3187
-1385
338
277
-517
-446
-390
-1184
-1910
-1592
-1341
-2104
-2653
-2204
-1553
-1638
-1942
-1650
-1105
-1006
-1146
-717
-166
-633
-2009
-2764
-2450
-2631
-3532
-3717
-2890
-2308
-2392
-1830
-795
-542
-639
129
1622
2337
2329
2625
3066
3046
2486
2013
1682
833
-724
-2163
-2553
-2480
-2795
-2854
-1718
-82
843
1950
3784
4916
4878
5159
7266
10300
13350
16197
17190
15518
12057
8690
6415
4661
2947
196
-3207
-5554
-6946
-7426
-6726
-4963
-3473
-3282
-2428
-582
820
1581
1981
2170
1728
1616
2491
3184
3617
3716
3164
2340
1836
1760
1117
275
-27
-406
-651
-276
166
-308
-1211
-1484
-1874
-2748
-3350
-4082
-5759
-7625
-8184
-7716
-7271
-6596
-5665
-5045
-4625
-3918
-2952
-2131
-1477
-1008
-727
-165
519
771
826
973
745
-187
-883
-941
-1336
-2090
-2276
-1865
-1751
-2018
-2114
-2382
-3159
-3959
-4423
-4692
-4746
-4342
-3615
-2780
-1841
-795
292
1340
2146
2522
2965
3635
3888
3491
3049
2979
2374
977
-276
-1075
-1837
-2900
-3550
-3342
-2757
-1959
-1037
334
1798
2581
3094
3899
5111
5643
5329
5385
5985
7239
9511
12912
15483
14620
11132
7322
4664
3008
1903
1463
400
-1964
-4674
-5906
-4922
-3633
-2841
-2071
-1105
-431
-467
169
1217
1022
-332
-1232
-477
620
1256
2151
3220
3820
3513
3341
3700
3205
1507
-288
-1039
-1438
-2262
-2689
-2474
-2499
-3336
-3811
-3146
-2724
-3756
-5708
-7037
-7509
-7904
-7970
-7090
-5632
-4794
-4484
-3368
-1523
-99
607
1329
2107
2201
1873
1758
1542
536
-931
-1915
-2207
-2453
-3032
-3306
-3038
-3032
-3726
-4265
-3991
-4022
-4838
-5074
-4087
-2808
-1903
-568
1314
2369
2318
2121
2437
2698
2219
1722
1900
2190
1757
974
868
867
-216
-1495
-1580
-1087
-1362
-1971
-1572
-626
-45
532
1319
1825
1584
1304
1927
2978
3448
2915
2466
3362
5323
8158
11764
14656
14434
10933
7322
5549
4858
4459
4269
3723
1742
-917
-2408
-2554
-2412
-2688
-3005
-3017
-3088
-3336
-3345
-2760
-2172
-2116
-1793
-396
1447
2594
3191
4020
4793
4766
4084
3183
1944
313
-976
-1085
-387
13
-297
-919
-1438
-2021
-2660
-3112
-3768
-5167
-7118
-8483
-8581
-7915
-6990
-5904
-4625
-3533
-2935
-2416
-1708
-949
-308
327
1112
1589
1527
1223
743
-70
-1107
-1756
-1961
-2291
-2888
-3341
-3416
-3497
-3780
-3951
-3922
-3846
-3678
-3060
-1955
-875
2
677
1008
804
293
181
366
474
663
1272
2180
2616
2676
2785
2599
1896
911
237
-287
-993
-1293
-1021
-518
-226
-76
202
255
250
543
1099
1576
1611
1535
1540
1587
1687
2248
4157
7171
10000
11513
11600
10637
8700
6731
5949
6273
6197
4657
2375
84
-2176
-4198
-5287
-5120
-4529
-4074
-3536
-2753
-2101
-2083
-2198
-1829
-1300
-1080
-854
69
1225
1765
2125
2988
3656
3027
1676
858
407
-331
-816
-350
188
-373
-1445
-1784
-1583
-1852
-2496
-2729
-2828
-3640
-4731
-4910
-4368
-4359
-4898
-4723
-3652
-2890
-2739
-2114
-837
-158
-366
-249
563
778
-177
-1006
-872
-612
-871
-939
-314
115
-264
-660
-412
-202
-811
-1626
-1764
-1582
-1771
-1938
-1344
-481
-306
-546
-314
307
592
633
1021
1478
1382
1058
1165
1360
907
137
-51
216
133
-166
90
692
685
115
43
490
314
-589
-1002
-529
-199
-365
-52
914
1421
1159
1245
2254
3321
4027
4994
6245
6723
5950
4969
4701
4691
4229
3616
3309
2787
1503
137
-372
-347
-582
-784
-329
212
-107
-936
-1349
-1553
-2195
-2829
-2661
-2027
-1750
-1652
-1127
-490
-490
-944
-1050
-800
-820
-967
-602
42
177
-132
-67
376
378
-76
-272
-128
-359
-1109
-1579
-1504
-1472
-1777
-1974
-1746
-1569
-1769
-1938
-1752
-1497
-1546
-1601
-1271
-848
-738
-814
-723
-590
-772
-1182
-1460
-1575
-1758
-1944
-1803
-1314
-902
-694
-417
-2
359
537
715
900
836
621
514
609
724
782
945
1066
992
816
686
592
298
-58
-215
-235
-306
-424
-319
-76
-31
-142
-158
-65
-130
-339
-415
-393
-449
-546
-506
-381
-330
-200
133
507
702
805
1032
1331
1627
1957
2338
2554
2442
2246
2246
2478
2814
3192
3534
3566
3283
2993
2813
2526
1996
1499
1180
873
550
406
522
569
300
-69
-246
-326
-645
-1152
-1529
-1762
-2054
-2339
-2307
-2058
-1985
-2070
-1973
-1667
-1533
-1629
-1622
-1470
-1445
-1585
-1528
-1173
-969
-1119
-1220
-981
-693
-617
-452
-30
201
20
-124
56
157
-155
-465
-424
-385
-660
-956
-937
-955
-1355
-1709
-1602
-1339
-1402
-1501
-1105
-562
-419
-426
-53
452
455
184
269
595
565
226
203
469
430
53
-46
263
368
152
135
449
613
450
454
732
838
648
533
693
775
589
432
497
576
403
161
106
89
-82
-224
-113
50
-4
-116
-65
-28
-147
-190
44
373
606
895
1319
1596
1551
1442
1605
1909
1966
1836
1833
1923
1777
1488
1530
1823
1823
1455
1159
1040
730
222
-108
-237
-448
-767
-918
-853
-820
-907
-922
-789
-752
-978
-1247
-1308
-1336
-1510
-1589
-1391
-1186
-1236
-1283
-1040
-747
-645
-583
-391
-243
-323
-415
-346
-257
-330
-497
-525
-476
-548
-690
-716
-640
-698
-814
-723
-541
-564
-757
-803
-682
-607
-527
-283
50
259
357
517
712
775
653
511
456
379
210
54
45
100
79
50
76
92
3
-96
-87
-51
-69
-141
-149
-61
57
200
352
483
516
440
364
301
217
114
-27
-235
-471
-590
-568
-516
-469
-359
-194
-104
-92
-51
18
15
-43
-5
211
513
788
1017
1171
1179
1115
1172
1411
1644
1743
1791
1785
1642
1402
1243
1187
1026
762
568
501
450
326
254
235
124
-102
-325
-461
-646
-890
-1017
-1003
-979
-1005
-945
-806
-754
-754
-651
-466
-415
-525
-563
-456
-364
-392
-409
-341
-347
-515
-665
-611
-473
-447
-473
-407
-302
-335
-458
-482
-441
-499
-639
-646
-505
-423
-420
-328
-112
-5
-80
-111
-17
6
-121
-158
5
127
110
140
330
490
461
435
520
517
285
37
3
22
-74
-104
115
371
398
378
553
716
579
319
232
194
-43
-338
-412
-374
-511
-719
-717
-557
-559
-726
-743
-582
-524
-618
-601
-444
-429
-570
-558
-313
-107
-72
10
248
464
574
706
926
1084
1112
1159
1353
1600
1737
1791
1832
1791
1607
1406
1317
1229
1012
779
644
493
231
0
-97
-200
-430
-626
-644
-609
-673
-756
-703
-611
-668
-793
-780
-665
-670
-761
-732
-631
-671
-813
-810
-667
-600
-599
-485
-277
-162
-144
-58
98
156
82
42
97
106
17
-39
13
21
-93
-150
-57
3
-115
-247
-237
-218
-291
-328
-201
-41
-7
-4
80
145
72
-49
-62
-16
-38
-72
-3
110
127
106
180
299
320
268
277
334
327
255
223
235
186
69
-6
-19
-52
-142
-228
-272
-324
-419
-500
-517
-507
-538
-582
-582
-558
-575
-622
-615
-549
-493
-468
-442
-410
-405
-393
-304
-124
115
372
628
846
994
1102
1195
1264
1297
1313
1320
1279
1173
1048
939
834
720
632
583
517
399
288
221
169
108
68
57
2
-124
-245
-321
-399
-514
-613
-659
-712
-792
-832
-796
-734
-686
-590
-431
-284
-169
-40
98
177
179
168
159
100
15
-25
-23
-59
-129
-158
-158
-190
-241
-244
-192
-164
-184
-190
-151
-115
-118
-112
-62
-22
-50
-109
-117
-79
-67
-93
-77
3
52
53
95
203
277
260
252
305
331
273
225
244
214
85
-19
-31
-48
-142
-222
-217
-228
-311
-367
-323
-290
-364
-435
-408
-372
-430
-498
-477
-449
-514
-584
-553
-513
-570
-635
-571
-437
-358
-291
-131
67
171
217
350
546
655
664
709
821
868
829
829
890
909
843
801
825
810
704
591
537
512
475
459
482
478
388
245
128
32
-77
-182
-249
-295
-353
-383
-351
-311
-313
-313
-257
-191
-162
-119
-30
39
23
-22
-12
4
-53
-139
-153
-119
-146
-208
-203
-154
-167
-229
-220
-147
-127
-165
-157
-98
-84
-128
-130
-83
-88
-173
-243
-247
-251
-291
-285
-187
-76
-23
33
141
230
222
187
203
212
149
92
106
107
24
-66
-80
-88
-158
-218
-194
-158
-179
-199
-137
-64
-68
-110
-116
-122
-206
-326
-396
-441
-521
-608
-619
-571
-547
-561
-538
-472
-422
-394
-333
-223
-122
-48
39
151
256
310
325
346
379
408
429
477
543
575
573
583
617
639
633
628
630
620
596
575
556
512
455
393
337
289
260
252
227
179
130
90
54
14
-3
11
26
17
2
6
7
-17
-49
-73
-105
-165
-220
-239
-242
-244
-232
-202
-188
-190
-180
-156
-144
-144
-135
-124
-121
-115
-89
-59
-52
-52
-38
-31
-46
-60
-51
-34
-45
-59
-46
-25
-36
-62
-62
-52
-69
-98
-94
-66
-60
-83
-97
-90
-93
-118
-134
-122
-106
-114
-121
-95
-55
-55
-95
-111
-107
-136
-194
-227
-233
-270
-335
-363
-345
-346
-373
-380
-356
-358
-383
-371
-313
-274
-270
-240
-165
-103
-72
-20
69
123
112
113
158
185
161
151
191
215
192
192
261
318
321
330
396
464
463
445
475
511
486
443
464
511
494
429
410
423
397
345
343
381
374
314
272
262
221
144
80
52
23
-24
-57
-58
-56
-83
-118
-139
-164
-199
-224
-218
-198
-181
-152
-113
-93
-97
-88
-51
-33
-48
-63
-52
-55
-95
-124
-111
-98
-128
-158
-134
-93
-92
-106
-84
-50
-69
-115
-124
-105
-124
-168
-177
-154
-157
-187
-183
-145
-127
-150
-160
-139
-132
-163
-183
-168
-152
-174
-192
-173
-160
-182
-206
-197
-194
-230
-258
-255
-257
-288
-301
-265
-226
-213
-190
-133
-86
-84
-81
-46
-16
-25
-36
-9
21
21
17
43
77
84
85
116
157
171
166
182
221
243
246
261
295
319
329
348
389
427
433
421
414
405
379
349
339
338
320
286
265
263
256
245
248
257
249
222
197
180
156
123
92
66
36
4
-17
-26
-32
-41
-49
-56
-67
-83
-98
-110
-126
-145
-156
-160
-165
-165
-154
-141
-134
-128
-120
-121
-128
-130
-131
-141
-149
-143
-131
-125
-122
-114
-108
-118
-126
-124
-122
-138
-153
-150
-146
-150
-149
-129
-114
-118
-123
-110
-101
-122
-154
-164
-175
-203
-228
-222
-207
-216
-235
-238
-228
-228
-232
-217
-187
-170
-173
-170
-144
-119
-116
-113
-92
-70
-69
-70
-48
-19
-17
-21
0
35
53
62
90
131
151
161
196
246
267
261
267
285
280
258
256
270
261
225
210
227
232
220
226
255
264
246
243
271
283
265
256
273
274
240
211
220
226
198
175
186
195
165
123
112
107
73
31
21
24
5
-26
-31
-18
-21
-41
-53
-56
-73
-105
-126
-130
-134
-148
-161
-163
-167
-179
-182
-176
-173
-177
-171
-157
-147
-145
-134
-113
-106
-111
-108
-90
-86
-102
-111
-101
-98
-122
-142
-135
-127
-141
-155
-138
-118
-128
-146
-140
-129
-153
-189
-197
-197
-219
-253
-261
-248
-254
-276
-279
-267
-281
-321
-341
-332
-328
-345
-338
-298
-271
-268
-239
-173
-127
-117
-86
-18
36
53
92
170
221
215
211
254
282
258
242
293
357
369
384
455
515
510
501
561
642
670
683
741
807
809
777
792
840
846
807
790
799
781
737
736
803
868
871
859
888
922
919
932
1007
1073
1049
971
907
836
690
504
356
231
68
-105
-223
-306
-397
-488
-559
-637
-747
-854
-924
-959
-982
-970
-924
-899
-913
-949
-986
-1052
-1144
-1202
-1218
-1233
-1224
-1161
-1074
-1010
-931
-798
-687
-659
-650
-590
-535
-545
-550
-491
-465
-557
-657
-677
-709
-837
-960
-977
-1008
-1144
-1261
-1264
-1293
-1453
-1572
-1546
-1551
-1673
-1721
-1580
-1404
-1320
-1202
-986
-842
-871
-916
-807
-643
-578
-548
-411
-205
-94
-61
62
279
406
400
450
666
885
968
1068
1328
1589
1641
1614
1729
1880
1862
1792
1899
2071
2035
1867
1841
1903
1790
1558
1489
1565
1492
1297
1294
1459
1466
1337
1407
1672
1806
1762
1823
2010
2016
1841
1811
1956
1946
1681
1509
1526
1414
1104
902
956
947
704
538
607
605
293
-39
-103
-144
-412
-701
-742
-733
-955
-1238
-1304
-1278
-1441
-1704
-1767
-1663
-1644
-1720
-1685
-1521
-1449
-1516
-1521
-1397
-1310
-1342
-1325
-1181
-1065
-1055
-1016
-877
-795
-844
-864
-806
-833
-980
-1041
-947
-914
-1032
-1083
-975
-947
-1096
-1177
-1060
-1002
-1173
-1293
-1158
-1024
-1106
-1172
-997
-847
-971
-1114
-1016
-875
-936
-1025
-876
-645
-607
-639
-464
-191
-97
-110
49
327
438
404
524
779
869
799
866
1067
1110
1000
1043
1245
1301
1208
1248
1403
1388
1210
1172
1296
1304
1155
1113
1237
1262
1124
1096
1248
1306
1163
1073
1167
1217
1104
1027
1124
1214
1148
1102
1214
1336
1305
1216
1227
1282
1219
1071
992
977
879
694
580
571
524
387
294
309
295
173
55
17
-46
-212
-377
-441
-493
-625
-762
-803
-818
-918
-1041
-1074
-1066
-1109
-1159
-1142
-1112
-1143
-1190
-1176
-1148
-1166
-1192
-1172
-1131
-1115
-1094
-1021
-945
-912
-885
-832
-785
-779
-792
-794
-800
-810
-795
-765
-755
-770
-783
-816
-895
-968
-1000
-1021
-1048
-1026
-944
-872
-830
-759
-647
-593
-607
-586
-517
-485
-493
-431
-296
-214
-196
-122
32
135
153
218
355
449
475
545
702
816
827
834
904
963
937
902
941
996
987
958
996
1062
1058
977
935
967
963
899
880
947
998
968
952
1017
1062
1003
937
957
976
876
760
763
791
727
660
707
766
712
639
676
747
707
612
601
623
537
411
391
421
345
208
183
230
164
4
-71
-61
-152
-337
-421
-389
-435
-589
-658
-592
-588
-725
-830
-812
-819
-939
-1019
-960
-907
-974
-1037
-981
-908
-930
-961
-905
-834
-834
-845
-786
-710
-698
-711
-683
-657
-683
-720
-708
-676
-681
-688
-635
-573
-583
-624
-603
-562
-599
-666
-645
-559
-538
-561
-497
-366
-324
-374
-366
-270
-231
-287
-290
-181
-94
-103
-89
31
131
116
100
186
285
286
278
365
471
495
490
564
668
691
672
720
811
836
817
864
941
935
865
856
892
847
751
735
777
749
677
691
768
765
694
685
731
709
616
580
613
598
522
508
565
576
506
469
507
520
473
451
483
490
429
369
362
356
301
243
225
212
156
69
3
-38
-107
-206
-281
-318
-366
-447
-501
-502
-509
-564
-611
-616
-624
-675
-721
-717
-714
-751
-777
-755
-729
-736
-747
-730
-710
-714
-716
-686
-653
-644
-637
-605
-570
-568
-576
-556
-531
-525
-517
-490
-453
-430
-417
-399
-385
-386
-396
-407
-407
-392
-376
-365
-343
-303
-262
-240
-222
-190
-158
-144
-128
-78
-21
2
22
84
161
199
222
277
334
333
309
340
395
395
369
394
448
452
428
455
516
538
527
552
607
623
586
567
597
617
597
581
601
621
601
575
591
628
624
590
583
602
588
534
502
518
516
469
437
461
464
400
351
373
388
336
286
296
296
224
157
169
191
139
74
83
100
41
-41
-57
-57
-139
-252
-286
-274
-331
-427
-442
-405
-440
-532
-553
-510
-522
-600
-624
-568
-554
-619
-644
-585
-550
-591
-609
-555
-516
-548
-576
-538
-492
-499
-521
-497
-464
-476
-498
-484
-447
-435
-438
-417
-379
-357
-345
-323
-293
-284
-288
-272
-242
-229
-217
-178
-130
-112
-107
-75
-32
-20
-31
-7
40
49
31
49
98
122
114
135
193
222
207
215
258
281
266
271
313
339
334
344
388
424
426
430
462
483
468
450
467
487
472
456
476
498
478
449
464
488
466
429
441
462
430
383
393
426
411
372
377
404
380
321
306
328
314
266
255
271
248
190
160
159
141
96
65
62
46
1
-40
-52
-65
-110
-161
-190
-209
-244
-286
-304
-303
-318
-353
-377
-380
-394
-434
-468
-476
-488
-525
-554
-549
-542
-552
-558
-538
-525
-527
-528
-508
-485
-469
-452
-429
-405
-389
-372
-354
-339
-326
-314
-301
-286
-266
-244
-223
-209
-195
-174
-156
-149
-140
-120
-105
-105
-99
-80
-66
-68
-64
-41
-19
-15
-3
26
51
59
77
114
143
152
166
196
215
214
224
253
268
265
277
307
319
317
332
370
384
376
384
405
405
387
384
404
413
400
389
397
399
379
358
362
374
363
337
327
334
323
290
276
292
290
254
227
239
238
201
170
182
189
153
120
131
141
104
66
73
84
48
6
8
12
-32
-82
-88
-88
-134
-191
-202
-200
-241
-294
-294
-277
-308
-359
-359
-338
-364
-415
-415
-381
-393
-436
-433
-387
-381
-415
-413
-363
-346
-381
-389
-341
-313
-334
-340
-293
-255
-265
-271
-233
-197
-204
-219
-204
-176
-178
-191
-178
-149
-142
-151
-139
-110
-99
-98
-84
-57
-46
-47
-29
1
9
6
24
53
55
43
58
93
101
93
116
160
171
155
168
210
223
206
212
252
268
251
254
293
312
293
285
313
329
310
298
319
337
322
306
324
345
328
302
309
325
303
271
271
281
257
224
228
244
223
188
189
201
179
144
144
155
133
99
101
119
103
65
54
65
49
9
-5
3
-15
-54
-76
-71
-81
-117
-147
-153
-160
-190
-220
-225
-223
-245
-274
-282
-276
-285
-311
-319
-308
-307
-326
-333
-314
-300
-309
-312
-292
-272
-281
-290
-274
-253
-257
-265
-250
-226
-222
-225
-207
-184
-180
-185
-174
-153
-143
-141
-129
-109
-97
-93
-83
-65
-51
-46
-38
-23
-15
-12
-5
9
22
30
38
49
60
67
68
78
93
105
111
119
136
149
149
151
168
182
183
186
205
221
220
217
233
247
238
229
242
254
240
224
232
245
232
216
227
242
230
211
214
225
216
194
190
197
189
165
156
162
158
137
123
124
123
103
83
81
82
67
47
44
48
35
12
5
10
-1
-26
-37
-31
-39
-65
-78
-72
-81
-109
-126
-119
-124
-151
-170
-168
-176
-207
-225
-219
-216
-239
-257
-246
-238
-255
-270
-253
-234
-245
-258
-240
-217
-224
-240
-225
-196
-196
-209
-194
-162
-154
-165
-154
-123
-111
-123
-121
-96
-84
-94
-92
-70
-55
-60
-59
-41
-24
-21
-19
-6
8
12
14
24
36
42
47
59
71
76
82
93
101
102
104
115
123
119
116
125
136
132
128
140
156
157
150
162
181
181
168
171
188
188
175
174
187
188
171
165
174
176
162
152
161
166
151
137
138
137
121
107
111
115
102
85
84
85
70
54
57
60
45
30
30
30
13
-3
-1
4
-10
-28
-29
-29
-46
-68
-71
-67
-82
-104
-107
-103
-116
-135
-138
-134
-145
-162
-168
-165
-169
-182
-186
-180
-177
-184
-189
-182
-172
-173
-176
-168
-156
-154
-160
-156
-144
-137
-140
-136
-120
-111
-113
-109
-94
-86
-88
-87
-74
-63
-63
-62
-50
-42
-38
-34
-24
-12
-7
-3
5
12
15
14
22
31
35
38
46
53
55
58
62
67
73
78
83
87
91
93
92
94
99
102
105
108
114
119
118
116
121
123
120
117
121
124
118
116
121
125
119
114
120
124
117
109
111
113
102
91
92
94
85
73
73
76
70
60
55
58
52
42
36
40
41
31
21
21
22
11
-3
-5
-2
-15
-32
-37
-33
-42
-59
-63
-58
-63
-80
-85
-77
-82
-101
-106
-99
-102
-120
-128
-118
-118
-134
-139
-126
-123
-138
-143
-128
-121
-133
-139
-123
-113
-126
-132
-114
-101
-111
-119
-102
-83
-90
-99
-84
-62
-64
-75
-64
-39
-37
-47
-39
-16
-11
-21
-18
0
7
-2
-1
13
22
16
14
25
37
37
37
46
56
55
52
58
66
67
66
71
77
76
76
82
87
84
83
91
96
92
89
96
102
95
87
95
102
95
84
89
97
90
77
79
90
86
72
75
85
83
69
66
74
72
57
52
59
58
43
33
37
36
21
10
14
17
5
-3
3
6
-3
-12
-7
-5
-15
-24
-21
-19
-31
-41
-35
-32
-44
-54
-50
-45
-57
-69
-65
-60
-71
-83
-80
-73
-80
-91
-90
-83
-86
-98
-100
-94
-92
-100
-100
-90
-84
-88
-91
-83
-74
-75
-80
-73
-62
-61
-66
-63
-51
-49
-55
-55
-43
-36
-39
-38
-26
-18
-21
-21
-13
-4
-4
-5
1
9
10
7
12
19
20
22
27
32
34
35
37
40
41
44
47
52
54
56
58
62
63
63
