-24
6
-16
-41
15
-20
-39
-8
-12
-2
-25
-12
-39
-58
3
-83
-47
85
-44
-80
22
-101
-70
48
-81
-12
118
-53
-74
113
-40
-103
97
19
-53
136
173
92
190
99
128
259
100
217
452
503
517
502
414
412
393
274
522
764
739
828
688
436
489
380
367
673
803
779
633
509
344
172
-5
-104
246
357
-61
-101
189
-338
-796
-495
-472
-560
-286
-82
-167
-565
-806
-532
-989
-1005
-454
-529
-429
-358
-1205
-1458
-387
-1243
-1676
-469
-721
-572
-606
-1657
-940
-229
-1445
-1451
-88
-313
-1137
-489
-398
-934
-456
-965
-1063
64
-384
-718
-171
-330
-431
-219
-657
-345
-93
-850
122
174
-602
-19
138
-408
-811
-17
-186
-579
209
131
109
-243
-177
178
-1208
-570
680
-255
-70
593
-237
-23
-182
-1304
528
362
-475
1512
823
-223
391
202
14
761
1360
1813
2033
1628
1518
1302
1173
1964
2738
2897
3254
3062
2669
2280
1914
2934
3068
2685
3374
3298
2575
2074
1950
2087
1854
1651
1857
1590
1136
918
565
161
34
-165
-623
-495
-425
-1102
-1377
-964
-1574
-1854
-1372
-1698
-1399
-1390
-1935
-1755
-1137
-1606
-1578
-724
-1754
-1875
-960
-1775
-2470
-845
-1135
-2568
-1177
-1796
-2135
-1419
-2784
-1453
-733
-2999
-2197
-113
-2038
-3335
-655
-1185
-2762
-1136
-1032
-1488
-1397
-1709
-1534
-759
-1267
-1816
71
-179
-1605
-837
-452
-1756
-749
1069
-815
-582
1197
259
-1352
-1251
-21
1327
565
-906
1164
1053
-957
-871
78
319
-118
706
587
-664
-688
-67
-419
-669
-46
480
400
-235
-340
-78
72
661
1840
2227
1821
1757
2024
1679
1518
3269
4539
4969
4755
3975
4298
3525
3391
5291
5630
5648
6340
5396
4191
4070
3009
3347
4477
3378
3502
3219
1750
1559
839
-133
-84
5
-664
-753
-844
-1263
-1325
-2483
-2931
-2692
-3067
-2665
-2090
-1451
-1483
-2580
-2501
-2304
-2970
-1906
-1487
-977
-74
-1561
-1686
-1896
-2129
-2321
-2717
-1101
-842
-2115
-2105
-1899
-3735
-3532
-2712
-3254
-2037
-1711
-2173
-2317
-2730
-3307
-3233
-3863
-3482
-716
-1509
-3179
-965
-1832
-4325
-2335
-2894
-2463
591
-716
-556
979
-1171
-2611
-486
-623
-1091
2008
1595
-123
1504
-238
-1835
643
-101
-234
1946
568
619
1611
-1411
-1675
309
-841
-991
610
585
-547
-139
-753
-1233
665
701
1394
2077
1837
2195
1718
2047
3632
4292
3731
5335
4492
3183
5193
4756
5837
6733
5814
6894
6007
4196
4953
5652
5521
6071
5123
3680
3649
2660
1921
2306
1952
1910
1360
-57
-638
-910
-655
-554
-1387
-1997
-1842
-2376
-2659
-1747
-1737
-2203
-2618
-2478
-2485
-2578
-1453
-988
-891
-1360
-2214
-1698
-1527
-2258
-1368
-824
-1657
-1344
-3170
-3299
-2087
-3859
-3067
-2705
-3732
-3290
-3118
-4028
-3713
-3289
-4030
-4334
-3724
-2458
-3440
-3514
-2982
-2844
-3470
-4260
-2658
-2105
-2100
-1854
-1744
-1733
-1194
-1725
-2115
158
1321
-132
-772
800
-1211
-1217
2112
134
848
2139
-1007
-643
-199
-1284
189
527
-521
-318
-959
-1591
-620
-749
-1733
-1636
-356
-515
-130
2855
3445
3584
1698
-693
1204
1990
3903
7214
9497
8717
5205
3262
1014
3406
7717
8851
11253
11315
8016
4881
2287
1677
5509
7754
7209
7887
5596
2154
229
-593
-477
545
1619
1347
1103
-765
-2292
-2699
-3935
-3883
-3082
-2135
-590
-67
-1605
-2459
-3461
-4882
-3723
-2118
-601
1071
746
-1573
-3060
-3625
-3713
-2143
-394
859
265
-1444
-2678
-3900
-3988
-3157
-2234
-1150
-1350
-3265
-3650
-3757
-4818
-4353
-3565
-3145
-2843
-3172
-3858
-3784
-3696
-4320
-3894
-3953
-3709
-2026
-1833
-2512
-2251
-1696
-2974
-3009
-737
-18
-188
701
1140
-748
-1425
-106
1119
1036
863
2434
1871
-914
-1575
-318
-164
1
84
-385
-297
-1617
-2391
-1581
-2236
-1807
82
-460
924
3568
2293
401
-344
-400
1569
3988
5517
9020
8385
4056
3285
1387
3784
9429
10326
11450
10139
5878
4676
3598
2594
7523
10305
7425
6123
1948
43
1926
621
2056
3264
2020
1677
-793
-4003
-3359
-1618
-1927
-1767
-2235
-1499
-749
-3384
-4381
-3130
-1951
-1596
-1438
-355
517
352
-1233
-2512
-1846
-693
-134
299
565
383
-1293
-3285
-2966
-2155
-1477
-480
-968
-1727
-2245
-4403
-5149
-3292
-2224
-1854
-2427
-3412
-3608
-5194
-6166
-4516
-3285
-3111
-3496
-3952
-4112
-4671
-4186
-2955
-2065
-1305
-1681
-1958
-1725
-1798
-1276
-543
-73
744
488
-591
391
832
-407
-124
116
-85
310
-103
-614
-441
-1075
-2020
-1906
-2213
-2173
-1598
-1455
-1054
635
2645
1863
1173
87
-1349
63
2272
5565
8486
8621
5864
3208
402
139
5663
9086
11641
12605
8981
5879
2057
110
3336
7200
9651
10534
7223
2329
-155
-2194
-1644
777
2178
4453
3101
-825
-2717
-4798
-4987
-3606
-2249
36
881
339
-965
-3751
-5280
-4263
-2678
-726
1513
3008
2114
-850
-3173
-3775
-2647
-149
2373
3292
2634
2
-3499
-4906
-3746
-1348
265
1212
1031
-1315
-4113
-5701
-5646
-3673
-1136
-643
-931
-1671
-4053
-5958
-6170
-4966
-3267
-2184
-1756
-2024
-3133
-4156
-4703
-4219
-2562
-1022
364
539
-309
-549
-1467
-2195
-483
1201
1524
2164
1994
678
-606
-1444
-1159
-277
813
1105
635
-405
-2139
-2920
-3209
-3017
-1847
-431
817
3027
3493
1249
-919
-2933
-1806
1437
4387
7649
10200
7524
2221
-839
-2903
2040
8199
10595
13098
10451
5461
1319
-2444
-1299
5065
9437
10192
8653
2965
-1451
-3568
-4726
-1760
1405
3614
3989
374
-3273
-5824
-6491
-5402
-3691
-1301
961
1513
-697
-3453
-5263
-5237
-3799
-1490
1874
3934
3589
1129
-2296
-4012
-2904
-118
2835
4727
4697
1772
-2365
-4503
-3859
-1220
1128
2412
2609
351
-3664
-5819
-5215
-3324
-878
336
481
-1125
-4113
-5550
-5719
-4934
-2668
-915
-882
-1246
-2778
-4091
-4136
-4070
-2370
-148
569
801
657
-1088
-1871
-1365
-564
1400
2257
2574
2525
765
-511
-802
-699
352
872
859
817
-544
-1988
-2575
-2366
-2341
-1626
-445
77
2688
3738
2450
303
-2240
-1177
1241
3982
7351
9972
8288
3699
-292
-3039
1468
7322
10445
12271
9663
5977
1224
-2975
-2513
3029
8413
9106
6466
779
-3112
-5050
-6063
-3851
-1028
1730
1484
-2153
-5632
-7232
-6762
-6031
-4975
-3072
-726
-100
-1339
-3352
-4628
-3760
-3155
-2221
756
3811
4622
2568
-685
-2055
-1284
239
2478
4693
5697
3745
-252
-3048
-2937
-895
820
1774
2088
1154
-2061
-4984
-5057
-3436
-1545
-585
-570
-1335
-2809
-5088
-6004
-4550
-3017
-2081
-1477
-1438
-2390
-3206
-3387
-2756
-1313
-217
647
940
728
667
-37
-30
1425
2285
2337
2539
3083
2548
1303
723
853
930
616
960
846
415
-284
-1723
-2225
-2060
-1712
-1352
286
3768
5327
2815
-1008
-2598
-1603
825
3727
7410
10514
8963
3246
-2744
-3730
1772
7397
10310
11167
9792
6059
-407
-5236
-3491
3145
8318
8205
4569
276
-3160
-6207
-7744
-5505
-1346
1260
333
-2998
-6049
-7183
-7093
-7473
-6554
-3717
-1222
-317
-1504
-3611
-4653
-4955
-4690
-3070
-116
3767
5420
2946
-562
-2289
-2030
-468
1792
4644
6443
4364
75
-2623
-3114
-1722
401
1647
2406
1738
-1047
-3967
-5240
-3895
-1966
-1426
-1163
-996
-1866
-3904
-5523
-5073
-3552
-2460
-2074
-1519
-648
-1015
-2226
-2443
-1522
-393
1158
2199
2391
2811
1928
661
724
1659
3112
4030
3856
3554
3317
1944
797
520
1024
1781
1394
1031
527
-514
-1399
-2057
-2515
-1962
-774
1390
4570
5059
2631
-578
-2275
-758
2041
4866
8644
10757
8505
3279
-2206
-1935
3814
8308
9917
9743
8774
5870
203
-4192
-2343
3663
7237
5574
1208
-1205
-2332
-4814
-7253
-7143
-3795
-1337
-3331
-6405
-6868
-5960
-5869
-7900
-9579
-7345
-3760
-2143
-2824
-3889
-3306
-3052
-5285
-6527
-3431
1690
4722
3042
-87
-669
-457
-568
-556
970
4453
5337
2056
-1237
-1850
-583
-367
-1453
-1178
264
352
-1544
-3362
-3242
-2335
-2644
-3312
-3219
-2330
-1399
-1353
-1830
-2539
-2339
-2322
-2380
-870
508
1657
2325
2180
1750
1007
374
1656
4335
5014
4716
4629
3707
2362
1745
1798
2405
3869
4335
3396
1727
-95
-490
-301
-713
-855
-50
1123
1435
-248
-2381
-2762
-1870
-501
279
1289
3022
4014
2901
-297
-1551
4
2508
4993
5933
5939
5427
3965
2117
1231
1999
4078
6436
6687
4976
3589
2419
1010
-9
-111
629
1480
1343
-114
-1827
-2839
-3338
-3998
-4725
-4820
-4195
-3605
-3706
-4369
-4744
-4793
-4884
-4915
-4900
-4064
-3069
-2716
-2153
-2093
-2286
-2319
-2670
-2497
-1859
-1173
-501
-45
-324
-992
-1135
-845
-122
211
0
-139
-29
351
298
124
55
53
225
356
397
281
194
-318
-665
-84
658
909
152
-714
-808
-572
-219
222
261
11
199
164
-368
-821
-533
467
877
781
640
352
198
171
485
1063
1472
1605
1148
431
403
802
1089
1318
1325
1359
1212
767
610
622
958
1063
602
379
309
234
151
167
186
103
-91
-297
-120
13
119
323
306
290
385
435
612
1088
1309
1381
1515
1216
912
1005
1223
1615
1912
1844
1627
1135
756
853
1072
1345
1410
1003
596
447
32
-301
-281
-275
-32
-78
-633
-798
-850
-1097
-1155
-1144
-1008
-820
-1023
-1397
-1362
-1121
-1131
-1250
-1214
-947
-790
-916
-1164
-1433
-1409
-1313
-1419
-1502
-1386
-1004
-845
-1323
-1835
-1686
-1413
-1366
-1204
-935
-637
-777
-1327
-1710
-1758
-1321
-775
-557
-511
-375
-480
-929
-1149
-960
-203
403
407
323
143
73
175
173
287
721
982
997
897
721
815
1025
1095
1090
1358
1652
1555
1448
1419
1403
1306
1109
1198
1388
1542
1640
1354
930
832
820
673
783
999
1186
1140
619
263
166
166
296
362
443
544
420
137
-22
-70
13
156
148
182
289
261
-15
-139
-56
-30
14
-67
-25
3
-119
-249
-439
-469
-431
-274
-248
-469
-570
-627
-781
-961
-925
-764
-630
-676
-832
-743
-669
-739
-829
-786
-511
-390
-534
-682
-593
-366
-344
-432
-407
-255
-41
-37
-309
-501
-500
-390
-294
-307
-331
-397
-512
-780
-1079
-1053
-867
-561
-460
-543
-440
-582
-834
-757
-400
-29
197
256
152
178
305
417
584
757
1033
1229
1148
1106
1153
1205
1327
1399
1510
1619
1571
1499
1349
1235
1203
1015
869
941
1011
943
709
265
-110
-156
-178
-141
-50
-15
14
-363
-774
-888
-883
-666
-514
-397
-269
-412
-614
-569
-498
-393
-150
-234
-338
65
724
1002
380
-632
-1249
-1219
-631
207
784
744
-67
-1200
-1599
-980
17
439
5
-674
-951
-724
-368
-156
-271
-591
-590
-241
12
72
-68
-344
-484
-443
-193
132
241
-34
-413
-516
-305
156
534
790
824
484
227
97
-50
-11
163
379
506
412
227
-34
-310
-387
154
1035
1533
1254
81
-835
-622
297
1303
1541
579
-594
-1286
-1401
-732
-181
-326
-622
-881
-856
-395
-57
-103
-274
-466
-286
592
1276
1140
790
813
946
1119
1086
551
506
916
1256
1271
644
-50
-226
103
366
468
321
4
-271
-563
-595
-752
-944
-1096
-1200
-802
-601
-753
-1004
-1293
-1201
-975
-931
-825
-592
-305
146
320
-240
-902
-1042
-499
284
592
446
163
140
242
248
219
158
69
125
444
497
304
137
20
53
179
106
-65
-87
-183
-43
281
461
319
65
266
627
769
565
215
109
339
639
705
567
383
351
357
280
268
259
194
45
-83
-124
-134
-50
-71
-160
-47
-15
-300
-586
-597
-443
-311
-240
-271
-283
-264
-190
5
12
-108
-155
-112
58
261
338
307
277
229
172
193
294
383
382
282
142
162
421
496
414
337
115
-63
-77
-17
16
14
30
72
34
-126
-299
-350
-404
-478
-350
-279
-321
-356
-420
-389
-425
-606
-796
-887
-791
-654
-550
-504
-528
-583
-563
-597
-649
-481
-376
-364
-400
-445
-420
-286
-104
33
94
-96
-244
-247
20
349
380
203
-23
-189
-317
-263
-363
-310
-65
190
534
783
1044
1117
1128
966
870
977
1148
1369
1431
1431
1316
1290
1098
942
934
875
849
636
397
163
164
115
5
-111
-356
-485
-735
-896
-1035
-1081
-1035
-956
-782
-678
-529
-494
-441
-371
-335
-118
112
354
573
758
887
880
862
774
791
922
1058
1031
695
441
389
430
350
292
213
-16
-298
-755
-1066
-1196
-1181
-1144
-1235
-1365
-1451
-1437
-1564
-1667
-1578
-1318
-1127
-953
-682
-562
-451
-383
-428
-477
-393
-203
11
34
-17
123
29
-235
-298
-152
104
221
188
-79
-542
-861
-969
-762
-370
38
12
-484
-1249
-1975
-2038
-1810
-1419
-1224
-1164
-1208
-1319
-1264
-1325
-1198
-1105
-924
-463
769
2456
3746
4222
3919
3866
4068
4290
4204
4337
4738
5116
4883
3895
3457
3715
4246
3869
3021
2503
2176
1365
-227
-1524
-1951
-1568
-1707
-2497
-3332
-3638
-3707
-4155
-4495
-4451
-3651
-3002
-2886
-3106
-2955
-2173
-1367
-259
809
1678
2137
2591
2889
3105
3456
3579
4006
3954
3560
3151
2941
2923
2577
2088
1378
785
-21
-1141
-2365
-3319
-3631
-3675
-3782
-4174
-4474
-4496
-4432
-4363
-4232
-4042
-3833
-3508
-3105
-2597
-1960
-1161
-417
45
380
752
1281
1598
1660
1803
1748
1706
1766
1809
1887
1772
1613
1352
871
332
-164
-592
-879
-929
-963
-1293
-1926
-2506
-3051
-3639
-3842
-3781
-3626
-3456
-3502
-3772
-3870
-3383
-2589
-1942
-1779
-1477
-912
-397
-41
671
2431
4674
6598
7353
7380
7090
6916
6733
6633
7220
7780
7574
6144
4609
3974
4244
4040
3257
2883
2593
1806
-277
-2714
-4026
-3949
-4010
-4864
-6014
-6538
-6235
-6146
-5965
-5366
-4077
-2828
-2355
-2584
-2470
-1549
-305
971
1908
3210
4540
5498
5924
6318
7001
7690
7829
6972
6119
5636
5315
4547
3559
2594
1670
663
-701
-2204
-3647
-4653
-5493
-6207
-7022
-7817
-8032
-7776
-7414
-7045
-6265
-5299
-4530
-4228
-4089
-3301
-2071
-934
-277
65
539
1197
1710
1894
2240
2932
3567
3675
3250
2657
2247
1944
1517
931
194
-429
-1104
-2124
-3157
-3876
-4305
-4717
-5362
-5974
-6110
-5842
-5860
-6076
-5984
-5400
-4642
-4216
-3929
-3366
-2297
-1510
-1008
-552
58
761
1391
2339
3556
5667
7917
9784
10718
10995
11126
10928
10371
9119
8397
7718
6969
5445
3529
2270
1848
2041
1495
1217
910
589
-657
-2734
-4195
-4903
-5321
-6513
-7557
-7956
-7142
-6181
-5290
-3953
-2363
-649
26
191
423
1212
2261
3412
4340
4962
5885
6811
8031
8845
9149
9246
9011
8171
6464
4688
3209
2104
1000
-104
-1279
-2360
-3180
-4082
-4815
-5442
-5855
-6312
-7075
-7977
-8607
-8746
-8443
-7797
-7049
-5952
-4605
-3221
-1875
-784
92
980
1581
1597
1555
1779
2114
2383
2269
2016
2078
2194
2231
2039
1655
1066
79
-1185
-2587
-3796
-4813
-5695
-6386
-6747
-6827
-6888
-6927
-6848
-6389
-5868
-5461
-5178
-5036
-4790
-4435
-3902
-3289
-2496
-1451
-107
1057
2021
3060
4022
4790
4896
4663
4199
4052
4085
4634
6099
7690
9137
9743
9983
9967
9886
9224
8303
7624
6671
5128
2631
897
173
182
-2
-279
89
393
-17
-1314
-2234
-2522
-2572
-3668
-5425
-6443
-6152
-5223
-4789
-4029
-2584
-561
868
1377
1856
2954
4447
5329
5345
4921
4901
5270
5711
5956
6227
6545
6544
5975
4843
3777
2862
1836
362
-1346
-2740
-3654
-4384
-5360
-6288
-6697
-6614
-6520
-6667
-6740
-6461
-6071
-5960
-6055
-6010
-5497
-4581
-3524
-2501
-1362
-165
798
1573
2217
2845
3224
3139
2623
1888
1156
529
-43
-627
-862
-923
-1282
-1875
-2414
-2935
-3440
-3862
-4593
-5540
-6308
-6722
-6767
-6605
-6333
-5870
-5222
-4293
-3030
-2075
-1524
-1183
-812
-502
-263
93
601
1216
1609
1944
2036
2250
2828
3449
3832
4077
4027
3686
3478
3440
4217
5514
6523
6811
6954
7061
7196
7360
7405
7657
7385
6527
4928
3292
2205
1514
976
498
525
694
584
-38
-365
-56
220
-456
-1843
-3095
-3894
-4080
-4271
-4429
-4161
-3373
-2402
-1354
-94
1426
3129
4257
4759
4923
4921
4743
4360
4071
3781
3776
3630
3055
2346
1818
1751
1574
970
-109
-1203
-2104
-2972
-4143
-5480
-6478
-7040
-7243
-7320
-7138
-6757
-6252
-5843
-5523
-5011
-4321
-3669
-3120
-2410
-1703
-1148
-767
-428
216
1142
1953
2253
2061
1657
1160
641
-26
-666
-1081
-1430
-1799
-2566
-3426
-3793
-3786
-3724
-3810
-3980
-4189
-4306
-4445
-4625
-4678
-4433
-3825
-3094
-2463
-1789
-1024
-449
62
479
1088
1624
1942
2082
1820
1591
1596
2023
2159
2343
2860
3320
3665
3464
3121
3020
3221
3643
4540
5554
6158
6481
6567
6815
7233
7479
7831
7828
7032
5701
4156
2946
2398
2148
1384
835
817
935
693
103
29
306
123
-1072
-2214
-2835
-3066
-3397
-4051
-4181
-3636
-2553
-1571
-553
745
2395
3785
4275
4310
4195
4223
4110
3667
2853
2141
1562
774
-20
-607
-691
-628
-1126
-2355
-3434
-3877
-4165
-4974
-6134
-6754
-6743
-6802
-7230
-7230
-6500
-5424
-4399
-3782
-3274
-2427
-1451
-842
-586
-303
194
743
1031
1246
1602
1770
1637
1270
831
533
275
-291
-1264
-2274
-2970
-3375
-3958
-4627
-4902
-4903
-4958
-5272
-5726
-5840
-5383
-4919
-4549
-4044
-3501
-3001
-2512
-1988
-1240
-182
641
1074
1434
1985
2550
2969
3210
3345
3674
3952
3965
3836
3851
4150
4340
4219
3766
3382
3388
3571
3750
3933
4556
5201
5531
5539
5740
6354
6844
6700
5966
5570
5160
4322
2834
1714
1638
1950
1615
519
36
140
553
621
546
712
728
162
-929
-1615
-1784
-1811
-2043
-2191
-1918
-1176
-340
235
903
1782
2837
3780
3936
3337
2629
2081
1397
480
-506
-1142
-1357
-1803
-2602
-3442
-3679
-3457
-3438
-3801
-4128
-4154
-4336
-4736
-5239
-5443
-5258
-5003
-4769
-4303
-3485
-2631
-1853
-1376
-973
-188
744
1310
1279
987
867
1034
980
485
49
-289
-722
-1222
-1752
-2204
-2521
-2999
-3762
-4418
-4760
-4971
-5197
-5490
-5683
-5573
-5461
-5506
-5365
-4904
-4303
-3618
-2897
-2420
-2017
-1315
-453
291
827
1427
2106
2663
3019
3276
3593
3920
4191
4280
4276
4282
4376
4493
4447
4358
4412
4421
4052
3607
3231
2939
2708
2303
1883
1829
2463
3460
4350
4726
4893
5422
6019
6165
5902
5713
5306
4416
3056
1908
1532
1489
1217
709
670
1142
1644
1515
1100
1094
1180
527
-875
-1992
-2515
-2762
-3228
-3638
-3480
-2755
-1827
-1110
-379
655
1679
2061
1921
1678
1397
1056
498
-215
-849
-1406
-1832
-2199
-2415
-2304
-1997
-1865
-1974
-2035
-2079
-2053
-2129
-2507
-3005
-3409
-3656
-3862
-3977
-3833
-3398
-2830
-2343
-1911
-1353
-831
-534
-513
-633
-657
-643
-867
-1380
-1833
-2106
-2344
-2725
-3185
-3427
-3501
-3580
-3798
-4122
-4196
-4015
-3948
-4019
-4058
-4009
-3889
-3739
-3650
-3395
-2794
-2100
-1488
-802
132
1129
2002
2600
3058
3547
3876
3892
3706
3536
3402
3396
3455
3429
3550
3845
4048
4118
4206
4268
4177
3810
3083
2220
1421
694
-21
-669
-1173
-1267
-852
-171
583
1378
2528
3770
4734
5387
5883
6329
6465
6215
5723
5387
5124
4537
3624
2876
2641
2747
2695
2330
2193
2181
1830
1016
82
-666
-1327
-2206
-3310
-4188
-4810
-5123
-5148
-4957
-4580
-3843
-2753
-1702
-744
-6
633
1212
1635
1805
1835
1885
1899
1684
1071
476
184
106
-217
-695
-872
-669
-476
-751
-1191
-1583
-1874
-2300
-2966
-3705
-4227
-4435
-4801
-5299
-5596
-5443
-4934
-4536
-4311
-3934
-3464
-3179
-3085
-3072
-2973
-2755
-2745
-3001
-3160
-3131
-3033
-2912
-2737
-2472
-2038
-1577
-1327
-1193
-1076
-957
-834
-653
-386
-79
232
561
940
1296
1690
2124
2462
2687
2840
3008
3148
3124
2993
2849
2625
2341
2089
1875
1707
1541
1393
1308
1212
1063
911
797
701
565
334
65
-102
-186
-270
-206
32
385
821
1242
1795
2573
3412
4112
4815
5595
6292
6752
6986
7237
7401
7354
6954
6320
5679
5042
4357
3518
2667
1936
1322
594
-154
-673
-1030
-1548
-2388
-3175
-3764
-4168
-4527
-4852
-4935
-4735
-4363
-3956
-3438
-2721
-1803
-890
-152
486
1151
1755
2044
2173
2366
2570
2542
2192
1807
1521
1247
861
254
-510
-1183
-1688
-2281
-2956
-3512
-3918
-4326
-4935
-5546
-5960
-6214
-6455
-6842
-7221
-7386
-7219
-6820
-6431
-5999
-5436
-4830
-4276
-3774
-3233
-2580
-1955
-1555
-1244
-841
-409
14
466
956
1399
1679
1810
1816
1753
1748
1751
1640
1436
1243
1154
1140
1208
1391
1529
1465
1297
1130
968
799
567
347
91
-203
-390
-469
-377
-104
291
639
835
1025
1314
1679
1965
2188
2455
2689
2904
3082
3195
3280
3430
3629
3798
4029
4199
4282
4266
4167
4210
4352
4372
4316
4458
4692
4788
4663
4424
4244
4031
3687
3227
2726
2209
1718
1224
759
448
298
118
-184
-357
-414
-474
-690
-1021
-1276
-1429
-1559
-1745
-1878
-1981
-2016
-1949
-1851
-1696
-1470
-1258
-1161
-1184
-1292
-1350
-1408
-1546
-1639
-1638
-1647
-1796
-2080
-2478
-2893
-3252
-3578
-3924
-4344
-4769
-5066
-5283
-5461
-5440
-5248
-5055
-4903
-4729
-4569
-4403
-4199
-4040
-3953
-3883
-3731
-3540
-3282
-2892
-2351
-1789
-1346
-919
-427
22
300
537
753
860
835
823
783
611
468
391
422
434
407
472
552
531
486
481
489
569
688
816
951
1194
1529
1760
1845
1960
2235
2455
2565
2663
2817
2943
3038
3269
3526
3754
3997
4284
4449
4452
4451
4375
4097
3706
3380
3059
2689
2394
2295
2314
2329
2336
2342
2371
2403
2387
2197
1828
1499
1326
1191
964
866
986
1131
1258
1395
1582
1746
1840
1847
1769
1669
1558
1443
1245
1016
841
696
448
99
-210
-502
-799
-1173
-1602
-2020
-2429
-2759
-3040
-3324
-3595
-3800
-3934
-4056
-4188
-4231
-4169
-4164
-4208
-4204
-4109
-3943
-3777
-3622
-3451
-3254
-3036
-2746
-2449
-2173
-1844
-1566
-1409
-1344
-1302
-1297
-1333
-1363
-1397
-1440
-1476
-1479
-1479
-1477
-1487
-1534
-1607
-1736
-1930
-2082
-2152
-2221
-2256
-2266
-2249
-2133
-1957
-1715
-1430
-1187
-913
-581
-322
-155
44
339
613
843
1160
1517
1890
2297
2697
3083
3424
3709
3903
3954
3942
3940
3875
3716
3546
3439
3320
3118
2942
2831
2700
2535
2414
2358
2267
2114
1974
1852
1721
1604
1497
1420
1382
1372
1431
1459
1434
1454
1491
1513
1525
1549
1537
1506
1504
1447
1300
1126
1037
1067
1028
881
803
773
633
455
346
271
178
65
-27
-126
-221
-388
-663
-950
-1202
-1387
-1599
-1902
-2154
-2287
-2406
-2534
-2605
-2598
-2610
-2651
-2639
-2673
-2750
-2789
-2798
-2816
-2850
-2788
-2655
-2537
-2427
-2251
-2014
-1802
-1609
-1433
-1288
-1184
-1139
-1170
-1253
-1306
-1270
-1189
-1159
-1154
-1109
-1050
-1022
-1025
-1016
-1023
-1079
-1121
-1152
-1220
-1262
-1244
-1257
-1270
-1177
-1043
-882
-664
-462
-251
-24
179
397
603
763
956
1224
1431
1551
1737
1987
2183
2348
2481
2573
2634
2617
2560
2494
2494
2522
2457
2339
2231
2166
2086
1964
1863
1823
1771
1638
1503
1382
1288
1244
1218
1204
1196
1224
1271
1300
1313
1295
1269
1248
1193
1107
1037
972
862
764
695
625
571
484
325
131
-32
-189
-384
-569
-708
-791
-857
-894
-890
-897
-918
-932
-916
-897
-879
-859
-884
-950
-1005
-1026
-1032
-1019
-978
-958
-980
-995
-1002
-1034
-1082
-1127
-1160
-1230
-1328
-1403
-1447
-1528
-1633
-1690
-1706
-1681
-1623
-1563
-1517
-1466
-1403
-1338
-1265
-1192
-1111
-1015
-940
-857
-715
-593
-507
-411
-316
-217
-105
-40
-73
-125
-155
-161
-160
-193
-230
-187
-118
-93
-51
10
60
127
202
252
296
354
396
423
482
578
696
811
917
1025
1108
1185
1260
1329
1388
1415
1455
1480
1440
1386
1356
1326
1273
1214
1186
1175
1150
1112
1064
1041
1037
1046
1044
1017
1001
964
888
825
828
841
820
787
764
783
788
753
698
658
638
585
512
434
341
251
180
83
-64
-173
-256
-358
-468
-589
-687
-745
-808
-865
-888
-902
-916
-962
-1017
-1044
-1048
-1052
-1071
-1070
-1046
-1018
-998
-989
-980
-928
-854
-834
-843
-821
-812
-836
-880
-932
-951
-925
-891
-886
-898
-873
-790
-708
-679
-655
-593
-525
-487
-480
-471
-430
-382
-337
-282
-239
-187
-137
-109
-102
-74
-9
29
27
10
30
57
56
50
50
51
96
182
245
305
383
468
542
594
643
700
750
778
802
813
812
827
859
852
828
819
799
770
735
703
689
675
641
627
626
579
513
465
425
380
372
389
375
358
361
377
404
417
425
451
474
490
488
469
453
429
388
342
325
333
317
255
194
161
127
77
10
-32
-65
-144
-243
-318
-380
-439
-497
-553
-598
-619
-650
-710
-752
-772
-786
-792
-807
-813
-785
-750
-741
-726
-696
-668
-630
-587
-551
-528
-505
-483
-465
-467
-460
-447
-438
-435
-435
-409
-363
-331
-302
-244
-173
-117
-69
-41
-25
-12
1
-3
-17
-10
-6
-23
-42
-57
-63
-54
-43
-20
0
0
6
9
3
4
20
41
49
60
73
98
146
192
239
293
340
380
417
434
436
454
466
461
471
486
486
481
476
471
475
465
439
433
434
425
406
373
341
340
354
338
306
301
300
274
251
239
233
234
229
226
231
237
238
236
217
196
207
220
194
151
123
100
78
53
22
-5
-27
-61
-97
-122
-162
-197
-232
-275
-308
-333
-360
-383
-393
-400
-404
-401
-403
-408
-417
-435
-455
-470
-474
-457
-440
-444
-440
-428
-418
-399
-382
-373
-362
-346
-330
-321
-323
-326
-319
-314
-326
-322
-285
-253
-225
-192
-158
-120
-84
-59
-39
-24
-14
-4
-7
-21
-19
-9
-8
1
12
17
37
53
59
78
99
108
124
132
128
145
166
170
170
174
176
183
199
207
218
234
242
258
283
308
325
336
345
348
350
351
355
351
345
340
338
337
327
309
302
302
301
304
297
286
274
255
245
230
204
179
165
147
124
103
76
45
24
8
-11
-25
-39
-47
-50
-61
-70
-66
-60
-52
-47
-47
-54
-61
-67
-80
-98
-118
-131
-141
-161
-172
-162
-149
-147
-153
-156
-151
-148
-161
-178
-195
-212
-229
-251
-276
-293
-291
-295
-313
-323
-318
-312
-319
-329
-328
-319
-309
-304
-296
-282
-264
-236
-207
-187
-169
-142
-112
-91
-85
-65
-39
-21
-4
13
25
36
41
45
53
59
61
61
59
52
49
45
43
47
44
39
43
54
58
55
55
53
58
71
83
101
126
138
149
170
185
197
210
218
222
230
233
227
230
242
250
254
260
269
273
262
244
236
229
210
192
176
152
129
119
113
109
109
110
108
99
87
82
73
55
33
22
8
-6
-10
-9
-15
-14
-3
-1
-7
-12
-20
-30
-42
-53
-60
-70
-86
-89
-82
-86
-92
-92
-97
-107
-112
-122
-135
-145
-153
-157
-151
-147
-145
-139
-136
-137
-131
-128
-133
-134
-139
-146
-145
-143
-143
-140
-135
-131
-129
-134
-140
-142
-142
-143
-139
-135
-134
-128
-117
-110
-104
-98
-92
-85
-75
-61
-46
-43
-49
-47
-37
-28
-20
-6
15
34
48
58
64
67
65
59
52
44
45
47
44
45
58
70
80
96
112
122
124
125
133
142
141
144
151
154
154
162
169
171
171
173
169
166
159
141
129
122
117
110
101
91
86
83
73
67
63
60
57
50
37
30
35
39
44
48
57
63
59
50
43
40
33
22
16
6
-7
-13
-15
-24
-34
-43
-52
-67
-83
-92
-99
-107
-118
-124
-125
-127
-132
-134
-136
-140
-132
-120
-117
-115
-105
-98
-91
-82
-73
-63
-53
-49
-44
-42
-44
-50
-51
-61
-78
-85
-95
-108
-116
-120
-126
-126
-128
-129
-126
-128
-127
-123
-122
-117
-109
-105
-97
-80
-59
-39
-19
3
24
43
60
75
86
98
109
111
115
118
115
112
106
103
104
103
97
94
91
84
77
69
64
56
51
47
40
33
35
40
48
56
63
76
87
91
99
107
113
117
118
116
113
111
106
100
99
97
92
85
75
67
60
52
41
30
17
3
-4
-7
-12
-19
-22
-23
-22
-22
-22
-22
-21
-19
-17
-17
-16
-17
-19
-23
-26
-25
-26
-34
-40
-46
-56
-65
-76
-86
-92
-101
-107
-110
-113
-116
-115
-112
-111
-110
-111
-111
-112
-110
-105
-95
-88
-84
-79
-72
-62
-54
-45
-40
-38
-41
-43
-41
-38
-38
-36
-33
-29
-27
-26
-25
-28
-28
-24
-19
-18
-18
-15
-10
-2
12
24
33
42
51
57
61
63
66
69
66
64
67
71
72
75
80
82
83
87
85
80
75
68
62
53
49
50
49
43
38
37
41
45
49
52
55
57
59
60
63
67
69
69
66
63
62
61
59
56
54
50
47
40
32
26
22
18
13
8
5
-3
-10
-14
-17
-21
-22
-22
-22
-25
-25
-27
-31
-32
-33
-33
-32
-35
-36
-38
-43
-45
-45
-49
-56
-58
-63
-71
-79
-86
-91
-98
-104
-107
-107
-112
-115
-112
-111
-109
-101
-94
-90
-84
-75
-71
-67
-61
-51
-41
-33
-28
-18
-10
-4
2
5
9
14
19
18
16
17
18
22
24
24
23
21
22
23
22
22
23
22
18
17
18
23
24
23
29
32
34
38
41
45
53
60
62
62
65
67
70
71
70
72
71
67
67
68
65
63
62
58
56
56
53
52
50
47
46
42
36
34
34
33
32
31
29
28
27
27
23
20
15
10
6
3
-3
-7
-10
-13
-16
-18
-20
-22
-23
-26
-29
-30
-32
-36
-37
-37
-40
-43
-46
-49
-50
-50
-52
-52
-52
-54
-54
-52
-53
-52
-52
-54
-53
-52
-51
-53
-54
-56
-55
-52
-52
-50
-49
-46
-41
