-25
-21
-21
-21
-13
-6
1
11
9
21
33
45
64
63
68
81
90
102
104
119
150
183
194
236
327
416
432
328
284
410
574
593
378
191
241
359
333
140
-8
28
34
-146
-317
-327
-245
-336
-642
-784
-617
-396
-378
-578
-661
-449
-243
-84
31
137
426
608
844
1043
940
833
707
877
1120
914
420
-78
-262
-197
-270
-599
-917
-1230
-1438
-1521
-1638
-1631
-1794
-2082
-2173
-2089
-1783
-1520
-1505
-1560
-1557
-1420
-1019
-619
-416
-361
-456
-289
149
474
602
523
465
705
967
1032
1005
686
490
422
245
244
-46
-341
-471
-631
-561
-522
-500
-359
-287
-275
-56
120
411
703
816
1178
1465
1919
2723
3697
4405
4268
3601
3597
4741
5698
5373
3673
2347
2608
3124
2771
1407
276
78
-273
-1268
-2152
-2261
-2151
-2904
-4466
-5116
-4272
-3269
-3237
-4093
-4333
-3471
-2524
-2041
-1752
-1139
-284
276
593
1231
1999
2404
2706
3279
4407
5106
4316
3087
2357
2675
2965
1848
87
-1419
-2048
-2254
-2769
-3574
-4338
-4981
-5422
-5415
-5096
-4560
-4475
-4854
-4924
-4385
-3132
-1853
-1128
-845
-719
-318
559
1548
2195
2377
2193
2361
2841
3181
3162
2683
2408
2253
2175
1931
1383
874
80
-634
-1222
-1702
-1823
-2177
-2417
-2533
-2794
-2723
-2701
-2157
-1312
-818
-613
-814
-391
572
1538
2133
2629
4131
6130
7253
6582
5285
5791
8019
9349
7869
4827
3387
4258
4850
3289
786
-329
-125
-811
-2843
-4263
-4021
-3803
-5416
-7776
-8115
-6205
-4819
-5591
-7027
-6643
-4630
-3104
-2724
-2366
-1207
143
855
1417
2721
4120
4621
4218
4156
5357
6615
7320
6973
5881
4791
3203
2454
2137
1558
261
-2568
-4837
-5942
-6123
-6004
-6488
-7353
-8134
-8364
-7810
-6517
-5502
-4956
-4729
-4307
-2855
-1057
408
1277
1530
1841
2561
3359
4113
4331
4041
3844
3429
3367
3353
2840
2362
1398
641
6
-771
-1112
-1809
-2513
-3286
-4147
-4399
-4314
-3875
-3648
-3653
-3579
-3218
-2203
-1271
-487
-289
-5
876
1622
2716
3736
5516
7880
9092
8570
7026
7168
9665
11893
10811
7057
4135
4353
5893
5028
2119
-96
-432
-705
-2670
-4719
-4879
-4364
-5730
-8622
-9980
-8035
-5586
-5852
-7705
-8120
-6021
-3711
-2927
-2612
-1418
305
1361
1919
3133
5005
6005
6004
6195
7220
8284
8493
8668
9076
8839
6766
3960
2707
3023
2983
429
-3243
-5870
-7027
-7344
-7843
-8348
-9056
-10148
-11099
-10864
-9276
-7536
-6786
-6966
-6621
-5181
-3209
-1455
-360
211
728
1423
2286
3207
3630
3584
3343
3185
3492
3541
3165
2693
1793
1083
376
-298
-320
-808
-1515
-2758
-3967
-4019
-3863
-3458
-3658
-3606
-3530
-3378
-2854
-2656
-1431
-757
37
309
354
1637
3395
6989
9740
10501
8741
6907
9091
13046
15160
12003
6861
5332
7548
9049
6316
2453
1058
1690
523
-2644
-4166
-3387
-3278
-6828
-10831
-10456
-6679
-4803
-7197
-10065
-9325
-6131
-4362
-4358
-3935
-1972
-19
420
910
2766
4827
5376
5243
6172
8045
9633
9385
9009
8843
7472
6100
4312
4334
4842
2122
-1748
-5496
-6686
-5931
-6658
-8485
-10502
-11848
-11905
-11563
-11174
-10176
-9657
-9509
-8634
-7144
-4760
-2827
-2220
-1655
-630
1108
3089
3901
4015
4027
3988
4717
5531
5867
5534
4512
3666
3381
3434
3016
2026
684
-357
-1093
-1854
-2352
-2884
-3321
-4025
-4306
-3947
-3641
-3077
-3543
-3561
-2666
-2047
-956
-953
-427
957
3419
7386
9572
9404
6877
6909
10943
15103
15521
10223
6468
7384
10114
9899
5678
3085
3358
3336
329
-2995
-3248
-2102
-4000
-9499
-12321
-9900
-6385
-7089
-11401
-13192
-10779
-7749
-7166
-7766
-6671
-4170
-2851
-2732
-1333
1534
3682
3714
3735
5942
8741
10098
9611
9620
11110
11235
9450
6633
5703
6725
5447
1956
-2450
-5263
-5618
-6160
-7405
-9056
-10804
-12172
-13023
-12874
-11294
-9745
-9487
-9524
-9091
-7518
-5051
-3149
-1634
-427
376
1370
2500
3948
5296
5796
5904
6251
6796
7397
7418
6684
5781
4976
4513
4036
3437
2237
457
-1212
-2099
-2398
-2925
-3770
-4736
-5139
-5133
-5048
-5574
-5858
-5415
-4328
-3455
-3294
-2865
-1152
3730
7563
8217
5586
4170
9212
14512
16022
11326
6380
8208
12002
12292
7628
4140
5141
6502
3731
-803
-1591
-145
-1060
-7051
-11876
-9937
-5777
-5852
-10823
-14163
-12344
-8940
-8506
-9627
-9040
-6473
-4494
-4730
-3696
-623
2054
2694
2590
4845
8436
10711
11140
10922
11567
12093
11293
10305
10028
9967
8265
4872
1525
-822
-2321
-3808
-5346
-7172
-9186
-11266
-12993
-13415
-12948
-12300
-11919
-11621
-10837
-9978
-8986
-7583
-5878
-3745
-1891
-727
136
1148
2410
3778
4967
5933
6845
7372
7780
7625
7002
6542
5926
5749
5304
4346
2981
986
-435
-1773
-2650
-2961
-3415
-4154
-5376
-6694
-7475
-7460
-7185
-6081
-5843
-5381
-4821
-3491
1386
4672
5809
3665
2790
8593
14181
15498
10261
5593
8269
13711
14678
9602
5911
6563
8639
6324
1776
1285
2601
1507
-4660
-9692
-7751
-3752
-4563
-10026
-13426
-11383
-7896
-8294
-10429
-10267
-7430
-4929
-5291
-5024
-2493
158
1126
1306
3682
7782
10409
10649
10046
10682
12328
12510
11620
10977
10641
9439
6331
2972
875
-105
-1220
-3408
-6290
-8580
-10067
-11304
-12205
-12700
-12692
-12514
-12246
-11839
-11187
-10314
-9135
-7655
-6008
-4172
-2990
-2109
-1191
70
1832
3318
4704
5569
6209
6828
6849
6778
6607
6629
6858
6343
5365
3672
2012
1048
26
-443
-1637
-2532
-3452
-4770
-5074
-6515
-6931
-6974
-6750
-6027
-5874
-5109
-2804
1465
3210
3210
1193
2841
9836
13300
12557
6616
4504
9638
14149
13360
7916
5444
7208
9038
6308
3204
3380
3643
1272
-4904
-7234
-4029
-1704
-4335
-9930
-11651
-8776
-6649
-8437
-10392
-9642
-6685
-5210
-6184
-5668
-3550
-1533
-1014
136
3226
6644
8000
7359
8233
10247
11716
11043
9587
10162
11082
9712
6021
2670
1374
1529
638
-1982
-4862
-7501
-9175
-10286
-10910
-10797
-11137
-11980
-12577
-12596
-11908
-10691
-9447
-8335
-7297
-6370
-5334
-4204
-2798
-1214
196
1798
3227
4435
5305
5667
6286
6552
7147
7640
7464
7249
6342
5660
4444
3547
2824
1819
1514
174
-961
-2309
-3276
-3673
-4809
-5158
-5906
-5378
-4516
-2661
1149
1743
1144
-1209
31
7746
12379
11113
4091
895
6613
13139
13025
7154
4019
6026
8788
6498
3034
3794
5123
2869
-3490
-6449
-2582
693
-2231
-8640
-10712
-6843
-3928
-6522
-10376
-10344
-7168
-5253
-6178
-6214
-4407
-3320
-3948
-3169
649
4798
5798
3708
4595
7888
9492
8692
6618
8351
11018
9438
5379
1926
1860
3186
2235
-588
-3087
-5321
-7305
-8526
-8948
-8225
-8637
-10492
-11597
-11574
-10645
-9648
-9118
-8171
-7245
-6806
-6008
-5083
-3526
-1995
-1203
-3
1393
3077
4080
4311
4946
5475
6641
7198
7005
6984
6150
6054
5692
5007
4808
3437
2138
1216
558
288
-730
-2244
-3079
-3491
-4364
-4465
-4120
-473
4046
2837
-784
-4442
-65
9858
12726
7804
-554
-810
7189
12057
8497
2737
2716
6137
7104
2739
826
3794
4693
262
-6080
-5473
641
2303
-3709
-9735
-8476
-3206
-1672
-5688
-8552
-7113
-4360
-4231
-5653
-4173
-1682
-1688
-3509
-2741
1493
4759
3996
1812
3581
7503
8583
6062
3871
6670
10076
8531
3742
151
938
3209
2971
176
-2994
-5191
-6727
-7432
-6765
-5493
-5981
-8303
-10281
-10565
-9114
-7491
-6551
-6166
-6298
-6221
-5727
-4670
-3164
-2135
-1811
-847
663
1749
2250
1995
2582
3758
4831
5421
5104
4769
4554
4389
4022
4762
4635
3712
2666
828
1030
384
-312
-732
-1302
-1607
-2786
-3373
-2030
3580
4888
1994
-2325
-3171
5965
11350
9383
1634
-2642
3669
10101
9523
3086
817
3446
5938
3500
-327
1757
3585
1114
-5249
-7433
-1841
2027
-1630
-8729
-9920
-4894
-937
-3371
-7523
-7151
-4351
-2959
-4346
-4334
-1701
-417
-1789
-2503
544
4645
5252
2834
1891
4951
7975
7026
5180
5170
7313
7694
4634
2606
2524
3160
2186
-370
-2004
-2529
-3703
-5914
-7120
-7146
-6669
-7085
-8311
-8720
-8942
-8979
-8413
-7383
-6040
-5385
-5578
-5445
-4437
-3114
-2070
-1305
-296
904
1608
1622
1777
3131
4459
5318
5033
4187
4639
4705
4893
4872
4696
4890
3970
2822
1827
1459
1248
271
-539
-1199
-1517
-1393
-1680
1373
4576
3484
261
-3371
1592
9825
11106
5109
-2984
-739
8239
12046
6245
-338
592
5039
6171
1273
-356
2624
2948
-1951
-7879
-5611
1410
2110
-5093
-10857
-8365
-2314
-1231
-5773
-8073
-5578
-2741
-3404
-5316
-3933
-1203
-1241
-2979
-2113
1378
3797
2821
1841
3987
6179
5904
4419
5408
8460
8684
4757
1879
2769
4592
4403
1021
-1465
-2250
-3804
-5561
-6471
-5710
-5264
-7039
-9672
-10357
-9441
-8538
-8172
-8252
-7381
-6833
-6990
-6753
-5909
-4214
-2985
-2243
-1471
-405
346
510
713
1506
3648
4803
5144
4702
4166
4906
4856
5380
5539
5181
5340
4492
3696
3142
1945
1063
1061
1227
1329
480
-1244
323
4395
4893
2611
-1748
-563
8087
10996
6630
-1547
-2793
6189
11919
8182
749
41
4590
6739
2406
-1209
2412
4802
985
-6293
-7683
-948
2614
-2233
-8934
-8802
-3505
-1493
-5417
-8593
-6201
-2852
-2924
-5177
-5274
-1899
-669
-2772
-2834
15
3919
3990
1055
989
3359
5722
5517
4174
4465
5993
5491
3264
2115
2191
3430
3087
1184
-981
-3289
-4575
-4920
-4611
-4431
-5261
-7280
-8875
-9048
-8812
-8020
-7393
-6973
-6532
-7135
-7205
-6483
-5129
-3630
-3080
-2704
-1863
-313
294
445
764
1465
3098
4083
4727
4778
4506
4602
4826
5391
5931
6109
5614
5024
4328
3483
2765
2236
2023
2060
1295
29
-883
-450
3738
4925
1746
-1958
-2913
4854
10277
6654
-1339
-5075
2204
10124
8923
1352
-1297
2684
6111
4174
-388
1466
5149
2932
-3374
-6468
-1409
3793
645
-6479
-8079
-3391
-21
-3234
-8114
-7455
-3733
-2510
-4857
-6382
-4325
-2433
-3622
-5100
-2561
1797
3061
639
-1802
-190
3665
5239
4520
3656
4121
5266
4432
2607
2560
3936
5149
4576
1426
-1615
-2696
-2675
-1762
-1700
-3016
-4815
-6994
-8115
-7871
-7092
-6314
-6059
-6733
-7502
-7656
-7473
-6275
-5085
-4298
-3494
-3102
-2328
-1570
-1184
-417
644
1754
3557
4466
4272
4283
4146
5055
6293
7093
7234
6755
5789
5026
4925
4244
4366
3797
2974
2139
671
29
284
3761
4337
1535
-1900
-3526
3375
7792
4793
-1949
-5962
889
8498
7351
107
-3031
1337
6186
5254
341
677
4160
3526
-1125
-4431
-642
4393
1855
-4625
-6705
-2700
770
-2082
-6908
-7182
-3729
-2276
-4781
-7019
-5843
-3346
-3779
-5201
-3495
-628
707
-688
-2562
-1153
1824
3436
3641
3301
3954
4382
2849
2248
3680
5523
6217
4446
1246
-589
-651
-188
310
-469
-1733
-3623
-6175
-7049
-6724
-5996
-5640
-6278
-7522
-8286
-8065
-7873
-7331
-6751
-5910
-4657
-4081
-3546
-3622
-3433
-1908
-174
1387
2196
2883
3240
3433
4135
4988
6483
7463
7825
7419
6434
6160
5778
5742
5581
5026
4524
2923
1111
235
31
2871
5301
2431
-1466
-4727
-1152
6228
5639
-127
-6063
-3508
5394
8036
2114
-3634
-705
5380
7455
2845
-323
3621
5992
3373
-1330
-1177
4437
5628
-42
-4619
-2727
1635
1128
-4115
-6928
-4239
-1221
-2718
-6372
-7355
-5161
-4204
-4237
-4113
-3428
-2624
-3926
-2781
-801
55
143
-1027
1001
4149
4518
1812
289
2167
5301
7017
5090
2783
1037
281
879
1261
1722
1171
-1435
-4434
-5516
-5024
-4049
-4149
-5091
-6274
-7743
-8006
-7901
-7341
-6517
-6153
-5980
-5618
-4828
-4715
-4616
-3806
-1972
-55
669
848
1038
1609
3047
4300
5047
6415
6621
6708
6523
5727
5948
5457
5756
6071
4937
3332
1484
20
453
1163
2259
4001
1148
-1897
-4322
-2421
4721
5159
654
-5012
-4108
3707
6980
2664
-3006
-205
6082
8141
3578
-1007
3023
7481
6240
1098
-997
3752
6613
2521
-2767
-2483
1575
2177
-2549
-6247
-4440
-1388
-2332
-6088
-7718
-5208
-3360
-5350
-6582
-5088
-2449
-2014
-4483
-4759
-2104
773
1464
40
-404
1187
2608
2768
3171
4034
4640
4026
2368
1687
2186
2742
2731
1384
-248
-1113
-1925
-2351
-2527
-3200
-4026
-4561
-5045
-5585
-6348
-7137
-6992
-6168
-5282
-4914
-5491
-6041
-5738
-4695
-3109
-1502
-815
-965
-913
-189
1289
2880
4139
4959
5301
5743
5808
5539
5663
6030
6761
6896
5777
4263
2404
1950
2171
1999
1659
1269
3148
1855
-1406
-3818
-3304
4012
5789
1198
-4991
-6361
2010
6913
3826
-2392
-1811
4997
7551
3821
-1218
2019
8205
7886
2163
-2093
1950
7237
4915
-1024
-2635
1004
2864
-897
-5221
-4860
-1261
-903
-4739
-7557
-6352
-3537
-4503
-6476
-5612
-3713
-2708
-4122
-5045
-3123
-819
-459
-1468
-1330
1010
2692
1591
269
1138
3076
3956
3045
1113
832
1606
1446
882
-71
-304
-396
-1584
-2664
-3003
-2925
-2808
-3439
-4650
-5385
-5755
-5558
-4935
-4462
-4446
-4813
-5366
-5078
-3715
-2536
-1443
-1648
-1778
-1102
-484
1123
2123
3066
3833
4084
4225
4091
4945
5606
6175
6161
5228
4523
3350
2861
2849
2164
2305
1541
1287
3179
1752
-518
-2693
-1806
4455
5235
973
-4479
-4800
2730
7143
3950
-2257
-1015
5064
7064
3602
-718
3270
8848
7570
1553
-2180
2723
8280
5803
-607
-2258
1727
3804
349
-4098
-3978
-465
174
-3463
-6227
-5492
-3795
-4087
-5797
-4917
-2875
-3290
-4692
-5642
-4035
-1384
-1155
-1999
-1824
-313
505
-187
-1000
256
2454
2570
1499
64
-150
991
1064
516
284
316
8
-1187
-2349
-2098
-1355
-1508
-2506
-3847
-4151
-3798
-3808
-4098
-4243
-3935
-4012
-4474
-4650
-3914
-2746
-2265
-2415
-2613
-2034
-945
42
736
1438
2371
2600
2487
2721
3582
4947
5391
4952
3834
2972
3000
2787
3119
2766
1787
1245
-108
1225
2971
1605
-188
-2403
-138
4395
3780
-370
-4434
-2054
4161
6262
2222
-2126
463
4607
5717
2933
1075
5021
7341
4815
318
-162
4943
7600
4190
-652
-567
2669
2925
-206
-2926
-1657
1009
-107
-3678
-5572
-4331
-2532
-3126
-4299
-3933
-3130
-3690
-4739
-4482
-2849
-1316
-1697
-2489
-1915
-898
-898
-1836
-1579
531
2127
1332
-697
-1620
-494
1267
1781
1040
273
-43
-258
-448
-403
-32
-16
-709
-1477
-1856
-1999
-2170
-2476
-2721
-2617
-2686
-3033
-3426
-3444
-2839
-2404
-2282
-2183
-1956
-1626
-1064
-282
373
820
946
1141
1559
2337
3277
3439
2950
2355
2148
2408
2746
2782
2318
1094
241
514
668
2203
2550
509
-794
-1785
632
3160
1932
-509
-2630
-648
2964
3634
749
-1178
1149
3577
4160
2113
1288
3843
4836
3168
807
1292
4574
5481
2475
-265
569
2514
2325
114
-1574
-504
644
-726
-2751
-3642
-2543
-1753
-2539
-2906
-2899
-3011
-3708
-3727
-2565
-1609
-1621
-2799
-2995
-1859
-897
-1031
-1731
-1119
17
149
-587
-1044
-408
492
610
-8
-424
-53
532
301
-510
-707
-303
24
-195
-808
-1416
-1823
-1741
-1616
-1595
-1685
-2013
-2277
-2433
-2139
-1740
-1732
-1649
-1407
-1102
-888
-722
-371
26
572
1020
1061
1202
1584
2073
2263
1985
1755
1658
1930
2268
1927
1209
455
41
287
642
1761
2310
685
-1017
-2026
-36
3251
3033
351
-2404
-1290
2344
3616
1732
-345
1070
3261
3543
1902
1158
3618
4923
3269
897
1054
3994
5003
2534
-213
280
2634
2848
684
-1296
-771
584
100
-1410
-2251
-1692
-1381
-2325
-3022
-2519
-1619
-1852
-2796
-3177
-2481
-1572
-1592
-1942
-1907
-1474
-1304
-1504
-1398
-864
-446
-629
-889
-846
-554
-289
-374
-396
-250
-194
-343
-484
-368
-167
-203
-606
-830
-866
-856
-951
-1338
-1412
-1312
-1301
-1390
-1513
-1541
-1456
-1295
-1226
-964
-783
-793
-789
-638
-44
430
443
332
445
895
1387
1419
1093
1001
1192
1505
1397
910
595
296
449
368
3
-56
6
1004
780
-506
-1338
-1118
1481
2543
1130
-1110
-1710
950
2952
2758
839
528
2318
2993
2511
1535
2640
4478
3873
1888
738
2252
4168
3548
1385
386
1579
2321
1150
-424
-715
447
736
-425
-1759
-2047
-1376
-1232
-1539
-1850
-1688
-1777
-2281
-2325
-2036
-1477
-1357
-1522
-1615
-1450
-1258
-1427
-1342
-963
-321
-166
-620
-960
-1046
-590
-115
1
-120
-356
-425
-515
-627
-535
-280
-136
-331
-840
-1339
-1289
-818
-533
-617
-940
-1174
-1153
-1046
-901
-703
-521
-390
-413
-551
-431
-131
85
250
367
502
578
573
515
545
705
876
929
657
398
252
195
195
85
23
-242
-454
-486
-630
-157
164
-160
-504
-868
39
1081
840
36
-573
390
1893
2296
1234
425
1352
2395
2711
2035
1798
2732
2871
2001
1061
1437
2912
3200
1709
140
296
1362
1460
542
-334
-246
110
-391
-1158
-1313
-884
-724
-1211
-1663
-1437
-1112
-1408
-1738
-1618
-1075
-768
-1107
-1495
-1374
-960
-776
-742
-694
-442
-386
-748
-874
-633
-189
-7
-257
-522
-576
-469
-406
-382
-338
-310
-406
-687
-830
-701
-479
-359
-490
-625
-680
-619
-517
-499
-410
-285
-158
-206
-278
-272
-150
119
231
299
307
306
342
318
325
452
559
505
372
146
52
125
157
71
-68
-257
-404
-522
-619
-597
-597
-493
-463
-244
-92
-222
-249
-277
456
1171
1080
587
204
872
1837
2198
1667
1153
1554
2097
2230
1819
1777
2321
2376
1718
980
1066
1756
1946
1200
307
288
683
535
-88
-474
-245
5
-322
-889
-1113
-928
-740
-838
-990
-851
-722
-941
-1188
-1078
-700
-471
-554
-712
-730
-704
-737
-739
-596
-335
-344
-655
-908
-896
-705
-648
-651
-663
-686
-773
-993
-1002
-798
-522
-426
-619
-742
-712
-582
-460
-359
-237
-142
-131
-254
-295
-165
15
144
113
68
76
26
7
22
131
282
257
79
-142
-202
-61
55
78
7
-155
-283
-356
-355
-255
-154
-154
-266
-405
-478
-357
-177
-59
59
36
131
394
479
482
428
616
1177
1466
1226
745
711
1338
1933
1866
1308
1131
1432
1681
1487
1112
1282
1660
1514
816
345
681
1232
1166
475
45
284
571
332
-196
-280
134
320
-42
-519
-588
-331
-197
-341
-470
-373
-338
-564
-808
-797
-561
-403
-525
-752
-860
-886
-874
-875
-842
-734
-757
-939
-1113
-1106
-932
-750
-680
-756
-800
-783
-736
-677
-600
-409
-281
-273
-356
-414
-266
-73
32
-1
-66
-29
7
-39
-146
-164
-88
-24
-48
-184
-269
-261
-244
-239
-214
-156
-125
-183
-343
-403
-290
-134
-18
-42
-156
-208
-160
-60
101
193
147
109
62
105
222
259
283
296
328
389
480
552
558
532
466
573
815
899
767
468
388
706
1047
1049
720
487
602
865
932
767
726
832
840
639
399
545
919
979
635
254
257
524
610
369
140
208
313
175
-150
-292
-124
-11
-150
-409
-532
-451
-429
-612
-765
-691
-562
-588
-780
-930
-864
-714
-668
-745
-793
-733
-667
-683
-714
-621
-488
-443
-462
-484
-400
-278
-236
-265
-259
-153
-89
-126
-218
-232
-135
-62
-85
-187
-266
-262
-233
-235
-249
-240
-246
-305
-347
-340
-295
-225
-188
-184
-189
-165
-94
-17
29
57
90
154
226
240
206
214
296
340
329
316
309
330
318
265
231
248
297
276
187
140
153
178
216
240
245
193
132
168
292
431
433
296
223
345
553
640
579
505
529
610
659
655
647
671
651
541
450
479
550
527
361
199
159
195
196
82
-45
-119
-153
-194
-269
-303
-307
-314
-366
-438
-481
-480
-433
-399
-396
-418
-455
-469
-440
-373
-316
-317
-363
-397
-375
-336
-324
-310
-298
-300
-329
-383
-392
-324
-253
-266
-333
-425
-438
-326
-254
-242
-308
-422
-402
-298
-206
-177
-259
-333
-256
-107
-60
-104
-156
-75
78
103
50
36
118
238
265
225
240
320
352
296
260
296
341
322
228
157
174
234
220
115
45
46
99
119
78
31
-23
-2
60
91
98
56
46
77
135
194
208
223
236
240
234
244
308
356
353
297
244
261
316
364
345
287
253
247
255
239
230
223
210
190
141
101
88
106
102
69
37
15
17
4
-24
-50
-57
-36
-30
-55
-81
-88
-94
-93
-83
-76
-74
-95
-135
-176
-203
-202
-208
-223
-246
-284
-330
-377
-400
-386
-348
-344
-396
-459
-484
-435
-372
-341
-334
-347
-350
-319
-274
-210
-166
-156
-144
-129
-91
-45
-8
16
23
39
51
54
57
66
79
84
74
59
37
22
26
34
42
31
12
0
5
12
0
6
27
57
69
48
47
73
113
135
141
149
168
170
157
164
190
215
198
165
151
155
151
123
95
88
91
64
15
1
26
42
27
-6
-5
24
36
38
38
65
115
135
125
138
173
208
229
229
238
260
268
261
249
253
259
242
211
193
187
165
130
89
63
54
35
2
-40
-78
-96
-102
-112
-129
-160
-191
-194
-180
-168
-167
-186
-197
-194
-183
-173
-166
-156
-150
-151
-164
-175
-162
-140
-127
-131
-141
-156
-167
-176
-176
-161
-152
-155
-184
-224
-232
-207
-180
-168
-175
-187
-189
-184
-170
-148
-125
-98
-77
-68
-55
-38
-24
4
48
85
100
102
101
107
126
144
162
177
178
157
117
98
111
127
122
89
52
34
26
15
-3
-13
-5
-2
-14
-38
-41
-21
-5
4
4
11
31
46
45
49
69
92
109
106
106
118
127
129
122
115
124
136
130
114
101
88
86
86
85
88
77
56
37
30
41
56
53
35
28
27
31
38
40
45
53
59
58
51
54
64
67
65
63
60
57
58
48
27
7
-3
-4
-14
-37
-69
-99
-112
-118
-130
-145
-154
-170
-189
-202
-201
-186
-174
-174
-183
-187
-173
-148
-130
-114
-101
-90
-74
-53
-34
-23
-16
-8
12
32
38
32
24
24
32
42
40
31
18
5
6
7
-3
-16
-32
-39
-38
-41
-40
-41
-46
-53
-60
-56
-35
-17
-17
-29
-35
-20
3
14
18
28
34
33
29
30
46
62
59
44
35
37
37
32
29
34
35
22
4
2
14
23
24
13
8
15
19
20
29
43
57
59
51
55
70
84
95
95
95
102
103
96
92
94
101
100
84
62
50
46
43
28
8
0
-9
-19
-31
-47
-56
-59
-58
-62
-65
-65
-67
-73
-72
-62
-48
-36
-31
-37
-39
-31
-16
-5
2
6
9
9
5
4
12
17
16
9
5
1
-6
-16
-22
-19
-14
-18
