-4
-24
-51
-89
-129
-166
-201
-233
-254
-261
-255
-242
-227
-208
-181
-149
-125
-111
-101
-98
-105
-119
-130
-132
-134
-140
-142
-127
-98
-51
2
55
116
175
214
249
283
317
354
399
446
513
598
685
791
914
1047
1189
1323
1424
1493
1520
1487
1408
1282
1102
881
624
337
47
-216
-465
-696
-889
-1042
-1153
-1214
-1225
-1204
-1149
-1058
-955
-847
-719
-588
-467
-334
-192
-42
108
225
322
413
483
538
569
555
488
376
210
1
-241
-488
-723
-973
-1231
-1473
-1684
-1851
-1971
-2044
-2060
-2041
-2026
-1997
-1939
-1861
-1781
-1676
-1537
-1381
-1164
-896
-626
-336
-21
296
619
939
1216
1442
1598
1665
1640
1536
1365
1125
831
514
216
-45
-262
-461
-609
-647
-589
-406
-78
399
1028
1719
2362
2973
3595
4195
4674
4976
5099
5021
4696
4099
3343
2570
1806
999
186
-534
-1088
-1500
-1840
-2085
-2165
-2133
-2117
-2171
-2226
-2184
-2113
-2131
-2218
-2280
-2264
-2211
-2147
-2000
-1691
-1265
-832
-419
56
610
1150
1572
1890
2175
2374
2372
2118
1703
1199
620
-33
-768
-1475
-2076
-2620
-3120
-3516
-3716
-3704
-3579
-3407
-3176
-2860
-2503
-2208
-1993
-1816
-1643
-1501
-1418
-1321
-1106
-751
-331
98
544
1050
1607
2135
2557
2866
3069
3134
3022
2743
2361
1920
1455
949
430
-49
-455
-749
-980
-1122
-1050
-648
54
919
1799
2667
3584
4465
5199
5786
6264
6538
6388
5721
4731
3705
2700
1571
323
-840
-1749
-2453
-3028
-3384
-3377
-3098
-2870
-2843
-2833
-2674
-2485
-2495
-2715
-2957
-3132
-3355
-3640
-3787
-3615
-3166
-2618
-2002
-1202
-191
886
1862
2728
3523
4198
4608
4669
4384
3792
2934
1843
593
-701
-1917
-3006
-3945
-4715
-5256
-5472
-5373
-5080
-4675
-4178
-3600
-2981
-2419
-2025
-1755
-1542
-1395
-1304
-1182
-912
-500
-38
448
990
1630
2356
3038
3595
4043
4354
4434
4255
3826
3244
2606
1908
1150
404
-238
-764
-1140
-1370
-1330
-853
38
1010
1826
2600
3480
4369
5027
5447
5723
5885
5587
4597
3334
2370
1620
644
-556
-1565
-2086
-2368
-2808
-3188
-2980
-2398
-2160
-2435
-2662
-2475
-2232
-2433
-3006
-3354
-3304
-3328
-3658
-3800
-3278
-2401
-1633
-960
-57
1204
2485
3328
3832
4388
4849
4805
4229
3362
2368
1290
14
-1428
-2695
-3589
-4277
-4868
-5227
-5228
-4871
-4275
-3640
-3074
-2479
-1880
-1467
-1260
-1154
-1149
-1221
-1337
-1532
-1603
-1345
-850
-293
363
1177
2081
3006
3791
4347
4707
4890
4716
4154
3406
2520
1506
429
-633
-1626
-2391
-2900
-3226
-3339
-3032
-2195
-856
730
2140
3280
4310
5338
6155
6661
6926
6908
6387
5147
3380
1775
801
59
-939
-1922
-2392
-2411
-2416
-2510
-2274
-1498
-799
-928
-1648
-2055
-2010
-2239
-3056
-3936
-4356
-4458
-4667
-4863
-4343
-2973
-1483
-319
890
2543
4344
5713
6407
6715
6907
6750
5825
4258
2537
781
-1090
-2967
-4606
-5797
-6458
-6774
-6858
-6539
-5698
-4513
-3283
-2226
-1480
-912
-476
-382
-631
-1005
-1388
-1828
-2289
-2592
-2478
-1834
-896
67
1080
2253
3482
4505
5227
5642
5694
5340
4504
3301
1980
633
-810
-2311
-3621
-4588
-5174
-5444
-5366
-4713
-3319
-1381
662
2640
4529
6275
7697
8698
9303
9580
9354
8284
6488
4475
2669
1021
-589
-1995
-2915
-3294
-3392
-3387
-3059
-2242
-1371
-959
-1024
-1210
-1375
-1734
-2502
-3480
-4254
-4789
-5199
-5418
-5123
-4186
-2762
-1138
590
2565
4733
6719
8104
8902
9256
9157
8426
6941
4828
2363
-279
-3043
-5634
-7695
-9126
-9979
-10262
-9983
-9076
-7535
-5697
-3937
-2419
-1237
-428
10
26
-332
-904
-1563
-2269
-2876
-3086
-2744
-1917
-781
550
2017
3577
5070
6207
6916
7184
6920
6053
4698
3016
1157
-806
-2874
-4807
-6370
-7396
-7831
-7700
-7045
-5858
-4004
-1484
1395
4082
6369
8379
10051
11132
11488
11336
10858
9786
7746
5144
2948
1486
219
-1174
-2156
-2202
-1731
-1561
-1640
-1222
-284
156
-510
-1627
-2388
-2982
-4063
-5523
-6569
-6776
-6631
-6623
-6198
-4691
-2446
-268
1719
3856
6259
8445
9804
10289
10263
9865
8748
6874
4517
1898
-887
-3627
-6169
-8319
-9709
-10335
-10416
-10034
-9182
-7888
-6224
-4570
-3363
-2548
-1915
-1595
-1793
-2338
-2909
-3390
-3800
-4119
-4097
-3373
-2011
-398
1291
3142
5024
6636
7798
8422
8508
8005
6775
4937
2878
800
-1367
-3572
-5505
-6903
-7699
-7985
-7824
-7101
-5654
-3600
-1223
1278
3762
6009
7826
9162
10033
10612
10847
10390
9093
7280
5418
3744
2241
906
-60
-480
-551
-608
-612
-269
374
764
533
-192
-1056
-1915
-2959
-4263
-5496
-6290
-6759
-7078
-7010
-6152
-4463
-2355
-288
1725
3985
6419
8443
9606
10046
10039
9448
8017
5878
3437
952
-1651
-4403
-6905
-8602
-9482
-9880
-9909
-9418
-8325
-6827
-5242
-3845
-2676
-1778
-1319
-1372
-1762
-2278
-2828
-3401
-3992
-4373
-4163
-3234
-1846
-226
1551
3420
5178
6569
7442
7867
7804
7010
5423
3344
1180
-967
-3100
-5183
-6918
-7997
-8447
-8421
-7878
-6728
-4957
-2659
-85
2510
4950
7093
8749
9889
10542
10790
10722
10221
9041
7286
5495
4055
2912
1858
977
608
748
883
721
600
864
1064
500
-775
-2149
-3293
-4463
-5894
-7224
-7902
-7984
-7861
-7459
-6275
-4204
-1711
643
2780
4981
7202
8955
9867
10129
9909
9101
7597
5472
2968
444
-1976
-4402
-6640
-8283
-9263
-9711
-9675
-9206
-8282
-6937
-5429
-4113
-3055
-2205
-1706
-1633
-1915
-2402
-2930
-3406
-3845
-4140
-3952
-3161
-1935
-410
1323
3049
4633
5962
6836
7172
7047
6437
5143
3309
1281
-792
-2894
-4845
-6525
-7765
-8325
-8319
-7983
-7102
-5337
-2939
-235
2540
5080
7306
9297
10795
11669
12208
12388
11793
10326
8318
6162
4297
2700
1112
-229
-872
-971
-942
-782
-357
284
801
724
-39
-1024
-1951
-3101
-4635
-6139
-7222
-7802
-7898
-7473
-6357
-4434
-1932
698
3317
5956
8435
10401
11590
11873
11348
10159
8287
5707
2613
-685
-3874
-6699
-9092
-10924
-11886
-11922
-11351
-10371
-8954
-7070
-4931
-3054
-1852
-1196
-841
-890
-1449
-2319
-3204
-3991
-4632
-5034
-4869
-3842
-2164
-283
1705
3828
5863
7525
8612
8998
8679
7731
6066
3757
1167
-1439
-3978
-6311
-8278
-9657
-10187
-9896
-9036
-7694
-5702
-2956
302
3521
6324
8681
10620
11911
12390
12338
12135
11606
10163
7895
5598
3903
2739
1661
699
395
767
1051
873
752
1095
1344
659
-962
-2684
-4044
-5422
-7165
-8771
-9542
-9525
-9208
-8637
-7223
-4684
-1635
1114
3533
6100
8768
10866
11813
11765
11199
10095
8151
5492
2615
-179
-2907
-5675
-8275
-10010
-10630
-10703
-10521
-9903
-8717
-7020
-5194
-3750
-2745
-1945
-1546
-1737
-2276
-2894
-3391
-3763
-4202
-4474
-4046
-2818
-1127
734
2607
4475
6347
7803
8495
8641
8332
7354
5616
3321
849
-1466
-3662
-5898
-7778
-8812
-9091
-8853
-8115
-6918
-5239
-2950
-366
2186
4765
7111
8782
9849
10565
10880
10888
10690
9917
8482
6858
5328
4039
3081
2358
1826
1623
1560
1279
942
847
793
252
-930
-2424
-3915
-5292
-6671
-8023
-8832
-8940
-8720
-8146
-6840
-4820
-2403
159
2629
5039
7407
9262
10288
10607
10270
9262
7702
5663
3269
782
-1788
-4334
-6390
-7889
-8909
-9299
-9195
-8826
-8050
-6878
-5698
-4598
-3670
-3208
-3092
-3104
-3354
-3808
-4161
-4391
-4577
-4473
-3904
-2878
-1373
428
2238
4031
5783
7155
7927
8226
8007
7141
5730
3930
1851
-322
-2361
-4333
-6140
-7366
-7929
-8055
-7702
-6814
-5638
-4186
-2218
96
2540
4953
6876
8186
9251
10099
10488
10679
10753
10191
8902
7251
5609
4406
3563
2582
1561
992
602
-70
-733
-1038
-1208
-1745
-2888
-4349
-5528
-6303
-7140
-8038
-8379
-8018
-7369
-6489
-4998
-2752
-47
2554
4727
6782
8832
10340
10991
10984
10447
9286
7472
5066
2349
-258
-2759
-5261
-7449
-9000
-9901
-10250
-10138
-9613
-8623
-7284
-5943
-4739
-3660
-2810
-2295
-2189
-2434
-2805
-3034
-3116
-3176
-3060
-2482
-1363
161
1893
3701
5526
7179
8302
8748
8632
8063
6962
5177
2889
487
-1896
-4272
-6444
-8173
-9253
-9606
-9462
-8989
-8117
-6807
-5055
-2746
11
2765
5178
7081
8485
9614
10534
11134
11490
11466
10628
9052
7383
6079
5124
4232
3230
2324
1743
1257
591
-64
-439
-854
-1960
-3725
-5506
-6861
-7907
-8995
-10025
-10424
-9992
-9172
-7991
-6041
-3398
-469
2292
4655
6926
9330
11192
11887
11750
11028
9691
7883
5608
3030
533
-1932
-4507
-6712
-8092
-8760
-8942
-8863
-8589
-7870
-6730
-5538
-4501
-3669
-3140
-2973
-3053
-3240
-3409
-3460
-3456
-3445
-3213
-2482
-1246
339
2139
3942
5555
6886
7775
8115
7934
7222
5920
4144
2056
-308
-2683
-4763
-6529
-7971
-8945
-9314
-9094
-8324
-7207
-5912
-4140
-1834
634
3002
5214
7163
8724
9958
10735
11135
11503
11469
10599
9211
7734
6378
5211
4095
2895
1952
1359
622
-280
-1027
-1585
-2231
-3273
-4668
-6067
-7094
-7860
-8597
-9019
-8827
-8062
-6946
-5521
-3554
-1137
1410
3733
5696
7502
9102
10127
10349
10050
9403
8176
6482
4481
2293
146
-2006
-4086
-5807
-6997
-7784
-8278
-8311
-7999
-7463
-6750
-5965
-5094
-4324
-3785
-3469
-3313
-3207
-3193
-3098
-2820
-2399
-1782
-1034
-20
1298
2754
4162
5303
6144
6583
6526
5985
4978
3689
2099
245
-1653
-3506
-5127
-6519
-7594
-8193
-8313
-7953
-7330
-6389
-5207
-3970
-2464
-674
1372
3495
5381
6958
8353
9699
10662
11281
11847
12057
11695
10586
9007
7616
6447
5065
3257
1650
539
-599
-1963
-3301
-4116
-4588
-5426
-6729
-7876
-8213
-8197
-8419
-8481
-7829
-6432
-4924
-3502
-1724
586
3140
5151
6567
7987
9425
10356
10314
9672
8816
7658
6053
3840
1486
-628
-2693
-4819
-6756
-8013
-8638
-8860
-8849
-8717
-8130
-7114
-6069
-5202
-4463
-3791
-3361
-3157
-3127
-3049
-2564
-1937
-1409
-820
43
1256
2595
3844
4887
5745
6306
6266
5715
4848
3750
2396
715
-1046
-2677
-4151
-5482
-6674
-7534
-7932
-7864
-7536
-6969
-6061
-5076
-3966
-2485
-582
1657
3964
5981
7639
9223
10610
11537
12274
12937
13121
12497
11170
9593
8206
6918
5277
3351
1778
531
-948
-2564
-3846
-4620
-5261
-6276
-7544
-8370
-8459
-8444
-8596
-8340
-7382
-6017
-4700
-3307
-1410
921
3125
4803
6199
7565
8781
9350
9136
8605
7845
6632
5044
3256
1325
-526
-2318
-4229
-5835
-6830
-7483
-7891
-7950
-7840
-7489
-6756
-6022
-5414
-4870
-4508
-4296
-4076
-3778
-3428
-2856
-2160
-1498
-622
486
1765
3054
4193
5131
5739
6019
5846
5198
4247
3013
1530
-75
-1651
-3152
-4445
-5413
-6215
-6822
-6998
-6871
-6475
-5720
-4867
-3949
-2884
-1659
-187
1721
3919
5723
7257
8669
9853
10983
11940
12758
13178
12978
12009
10379
8903
7444
5616
3503
1400
-494
-2490
-4396
-6005
-7135
-7738
-8466
-9277
-9567
-9126
-8309
-7498
-6437
-5058
-3530
-1962
-562
910
2565
4018
5001
5537
6127
6672
6920
7217
7132
6577
5801
4886
3748
2327
1141
-420
-2166
-3701
-5640
-7133
-7856
-8415
-9130
-9516
-9207
-8704
-7597
-6481
-5728
-4450
-3222
-2339
-1446
-311
834
1647
2346
2609
2926
3643
4001
4092
4046
3910
3584
2902
2158
1254
417
-391
-1591
-2752
-3648
-4242
-4793
-5449
-5789
-5997
-5872
-5450
-5037
-4271
-3393
-2401
-1110
706
3145
5462
7556
9348
10895
12376
13338
14043
14373
14112
13086
10910
8456
6157
3876
1482
-984
-2994
-4698
-6096
-7410
-8452
-8336
-7830
-7656
-7653
-7324
-6360
-5337
-4583
-4095
-3204
-1805
-888
-283
566
1898
3410
4402
5084
5879
6911
7672
7709
7385
6958
6343
5095
3182
1253
-544
-2373
-4305
-6369
-8089
-9110
-9693
-10110
-10220
-9744
-8840
-7583
-6193
-4953
-3539
-2080
-922
-23
798
1628
2309
2766
2891
2836
2921
2998
2942
2813
2611
2270
1755
1141
456
-195
-754
-1432
-2309
-3116
-3796
-4332
-4717
-5105
-5386
-5461
-5217
-4813
-4156
-3247
-2418
-1309
218
2245
4666
7006
9080
10796
12353
13469
14052
14491
14480
13729
11996
9475
6864
4458
2127
-394
-2630
-4218
-5569
-6793
-7679
-7829
-7273
-6766
-6671
-6584
-5921
-4965
-4406
-3983
-3343
-2448
-1594
-1152
-536
618
1983
2977
3575
4412
5362
6198
6539
6557
7007
7247
6706
5518
4124
2671
871
-1110
-3369
-5345
-6980
-9067
-10835
-11614
-11641
-11247
-10421
-9128
-7460
-5120
-2841
-1028
906
2485
3386
3902
4062
3791
3280
2724
1701
619
64
-341
-520
-537
-602
-554
-365
-193
-286
-312
-366
-867
-1589
-2526
-3445
-4177
-4891
-5525
-6050
-6217
-5936
-5274
-4190
-2915
-1281
835
3502
6563
9207
11448
13343
14674
15352
15221
14708
13846
12292
9612
6192
3300
870
-1535
-3780
-5410
-5981
-6054
-6232
-6310
-5562
-4210
-3549
-3563
-3504
-3146
-2793
-3068
-3559
-3556
-3063
-2654
-2489
-1713
-281
1179
2363
3393
4752
6176
7205
7617
7574
7476
6860
5553
3881
2086
216
-1941
-4128
-6240
-7945
-9018
-9859
-10254
-9967
-9128
-7902
-6349
-4513
-2695
-866
771
1848
2613
3077
3119
2822
2246
1471
609
-94
-761
-1381
-1593
-1544
-1338
-997
-661
-340
-47
91
-103
-475
-917
-1605
-2527
-3498
-4431
-5179
-5702
-6032
-6031
-5569
-4637
-3460
-2052
-416
1273
3289
5635
8117
10377
11976
12963
13274
13194
12656
11667
10653
9192
7030
4271
1730
39
-1230
-2253
-3178
-3508
-3256
-3249
-3392
-3262
-2511
-1962
-2443
-3386
-4129
-4317
-4596
-5226
-5437
-4984
-4103
-3491
-2893
-1412
654
2574
3830
4804
5942
6765
6977
6455
5842
5550
4693
3201
1503
162
-878
-2150
-3457
-4785
-5446
-5788
-6497
-6868
-6714
-6054
-5478
-4980
-4142
-3037
-1620
-758
-327
313
842
1061
722
311
10
-439
-937
-1643
-1948
-1780
-1517
-1120
-771
-241
233
508
620
361
47
-539
-1447
-2484
-3654
-4396
-4826
-5050
-5053
-4700
-3636
-2406
-885
698
2162
3649
4748
5837
7103
8617
9659
9901
9975
9711
9308
8705
7981
7536
6960
5767
3909
2475
1836
1216
476
-241
-459
-462
-1005
-1907
-2475
-2415
-2814
-4231
-5840
-6850
-7165
-7547
-8020
-7840
-6834
-5475
-4327
-3011
-977
1304
3109
4132
4892
5694
6107
5892
5080
4391
3887
3120
2219
1307
703
117
-627
-1395
-2044
-2309
-2745
-3359
-3872
-4349
-4670
-4821
-4663
-4347
-3878
-3291
-2890
-2448
-2046
-1804
-1588
-1502
-1609
-1866
-1927
-1762
-1569
-1201
-741
-238
309
776
1184
1479
1558
1219
490
-253
-926
-1539
-2129
-2702
-3017
-3072
-2897
-2452
-1804
-958
-100
661
1316
1991
2586
2740
2755
3053
3822
4940
5915
6672
7441
8246
8755
8882
9116
9424
9258
8105
6194
4494
3241
1971
400
-1044
-1847
-2491
-3553
-4840
-5550
-5554
-5852
-6798
-7783
-8136
-7908
-7708
-7505
-6797
-5386
-3827
-2673
-1418
290
2071
3412
4038
4395
4751
5026
4886
4441
4448
4616
4683
4478
4046
3742
3338
2694
1541
444
-585
-2103
-3745
-5346
-6399
-6845
-7103
-7204
-6859
-5827
-4826
-4045
-3217
-2494
-1746
-1332
-1339
-1288
-1017
-755
-784
-622
-190
279
764
999
1181
1421
1519
1347
1000
696
269
-181
-473
-843
-1145
-1341
-1442
-1523
-1738
-1921
-2128
-2060
-1938
-1904
-1564
-1046
-368
225
1163
2791
4935
7267
8960
10297
11352
11914
11824
11113
10452
9572
8081
5746
3069
1039
-500
-1915
-3291
-4114
-4192
-4429
-5085
-5806
-6017
-5929
-6518
-7696
-8785
-9139
-9094
-9183
-8789
-7560
-5635
-3656
-1997
-75
2298
4671
6358
7322
8184
8762
8951
8785
8438
8440
8257
7610
6449
5071
3691
1890
46
-2115
-4317
-6182
-7941
-9182
-9931
-10008
-9532
-8608
-7183
-5826
-4387
-3079
-2270
-1745
-1599
-1586
-1681
-1731
-1522
-1213
-385
636
1646
2797
3801
4660
5052
5042
4634
3730
2640
1234
-166
-1376
-2497
-3264
-3849
-4121
-4187
-4257
-4050
-3795
-3373
-2883
-2291
-1385
-498
704
1941
3183
4443
5233
5970
6863
8241
9534
10052
10047
9524
8900
7981
6823
6185
5831
5092
3335
1182
-367
-1468
-2563
-4027
-5159
-5626
-6398
-7697
-8910
-9157
-8690
-8574
-8907
-8990
-8082
-6753
-5674
-4170
-1938
528
2436
3556
4720
6182
7536
8108
8022
8090
7961
7551
6903
6261
5887
5229
4179
2631
1059
-450
-2279
-4096
-5881
-7323
-8364
-9155
-9531
-9448
-8802
-7952
-7023
-5850
-4624
-3402
-2440
-1804
-1191
-547
67
570
1229
2131
2976
3682
4139
4392
4524
4278
3590
2637
1582
421
-852
-1936
-2749
-3257
-3434
-3468
-3361
-3132
-2730
-2377
-2138
-1853
-1558
-1164
-671
12
862
1939
3065
3964
4710
5309
5638
5560
5574
5943
6592
7150
7133
6765
6361
5941
5133
4210
3627
2906
1454
-782
-3027
-4473
-5334
-6166
-6810
-6618
-5800
-5310
-5194
-4811
-3787
-2771
-2604
-2957
-3030
-2629
-2312
-2070
-1249
199
1642
2576
3268
4190
5121
5581
5511
5293
5125
4633
3924
3368
3081
2803
2291
1700
829
-327
-1905
-3699
-5216
-6477
-7492
-8195
-8206
-7785
-7102
-5879
-4240
-2371
-694
598
1458
1955
2068
1640
1112
718
339
13
-104
69
431
850
1067
1055
1036
934
674
335
-18
-361
-634
-827
-1022
-1100
-1055
-1038
-1110
-1254
-1370
-1320
-1103
-863
-441
284
1294
2328
3275
4168
4838
5176
4905
4242
3356
2325
1459
1014
1151
1283
1190
1039
980
960
723
699
1014
1218
720
-363
-1031
-1080
-1040
-1222
-1177
-586
-249
-751
-1708
-2243
-2243
-2560
-3410
-4054
-3853
-3256
-2881
-2310
-1050
593
1671
1836
1761
1973
2116
1631
920
558
518
364
107
272
1027
1963
2327
2212
1855
1294
480
-536
-1311
-1808
-2055
-2349
-2671
-2612
-2301
-1888
-1637
-1555
-1479
-1514
-1627
-1875
-1928
-1674
-1394
-968
-425
358
1229
1895
2356
2481
2419
2047
1419
853
327
-61
-408
-632
-612
-432
-24
325
546
705
759
779
624
474
383
325
354
327
398
564
679
628
363
87
-247
-646
-1030
-1459
-1568
-1110
-98
1091
2066
2828
3267
3492
3348
2940
2794
2821
2543
1642
628
63
-140
-335
-707
-854
-655
-775
-1575
-2526
-2924
-2915
-3141
-3609
-3824
-3481
-3027
-2910
-2713
-2029
-1142
-691
-692
-553
-94
460
903
1402
2190
2980
3525
3861
4162
4385
4244
3750
2890
1771
610
-477
-1296
-1911
-2349
-2586
-2619
-2509
-2464
-2356
-2096
-1800
-1610
-1569
-1494
-1322
-1123
-982
-827
-499
-83
227
404
508
616
717
722
708
755
876
936
910
947
1017
1064
974
744
453
102
-283
-682
-994
-1240
-1448
-1556
-1541
-1372
-1077
-709
-343
-2
233
349
418
453
492
487
450
323
187
224
514
1095
1723
2183
2386
2371
2226
1923
1690
1663
1744
1663
1191
598
161
-138
-514
-972
-1234
-1374
-1714
-2315
-2839
-2933
-2783
-2724
-2755
-2580
-2094
-1649
-1378
-1012
-420
196
518
633
853
1237
1560
1640
1770
2095
2388
2516
2523
2632
2732
2610
2255
1853
1607
1263
776
272
-149
-544
-1019
-1430
-1703
-1840
-2017
-2279
-2440
-2432
-2314
-2174
-1950
-1671
-1385
-1066
-720
-312
71
383
619
827
1014
1096
1132
1114
1023
853
640
462
299
128
-100
-335
-486
-574
-642
-692
-696
-679
-672
-668
-621
-540
-434
-337
-261
-155
-97
-57
-31
30
83
75
78
14
-38
-79
-35
216
664
1235
1671
1882
1856
1652
1425
1195
1017
896
729
415
-58
-472
-696
-769
-744
-704
-667
-697
-854
-1070
-1247
-1317
-1368
-1475
-1560
-1582
-1485
-1290
-994
-602
-244
62
310
573
888
1215
1615
2018
2390
2656
2799
2916
2945
2870
2618
2230
1784
1216
589
-99
-710
-1196
-1614
-1935
-2161
-2218
-2172
-2101
-2009
-1890
-1703
-1528
-1403
-1294
-1164
-1003
-852
-686
-456
-173
106
307
462
631
781
865
864
848
861
858
826
767
721
655
503
316
163
86
-3
-164
-359
-546
-702
-836
-891
-843
-706
-550
-433
-320
-181
-45
23
31
-4
-66
-149
-239
-307
-338
-330
-310
-265
-143
72
367
655
822
828
725
576
434
379
432
539
617
600
484
326
175
35
-96
-216
-330
-445
-533
-584
-615
-598
-529
-413
-268
-89
143
428
712
876
921
928
936
936
938
988
1064
1102
1039
896
751
623
460
225
-42
-315
-564
-756
-879
-920
-912
-915
-971
-997
-936
-849
-792
-748
-685
-613
-536
-427
-230
43
255
334
349
389
457
498
498
501
523
485
358
202
101
46
-45
-153
-199
-174
-159
-195
-243
-243
-196
-183
-191
-147
-57
4
9
-5
-16
-43
-118
-229
-323
-376
-414
-453
-479
-494
-512
-528
-539
-538
-524
-522
-550
-570
-549
-512
-469
-414
-346
-248
-143
-60
8
89
158
185
204
245
314
403
483
545
597
654
693
716
737
735
705
629
509
396
321
289
267
278
331
400
471
514
547
579
580
519
403
293
201
121
52
0
-16
-9
-6
-24
-49
-82
-118
-161
-199
-227
-230
-201
-169
-123
-58
16
82
117
119
86
52
3
-61
-119
-175
-224
-259
-257
-216
-146
-58
12
69
123
157
164
150
126
95
60
13
-47
-100
-146
-199
-252
-295
-353
-431
-512
-581
-649
-707
-759
-805
-811
-789
-753
-699
-637
-571
-510
-459
-424
-383
-320
-243
-153
-41
101
237
339
415
464
492
492
452
400
347
287
238
213
203
192
193
208
231
256
262
261
264
269
282
301
333
361
376
403
415
404
365
312
270
230
194
146
108
82
76
87
91
88
62
29
-21
-84
-135
-181
-225
-258
-270
-262
-227
-179
-138
-103
-85
-67
-39
-14
2
14
22
31
52
78
115
154
175
181
164
141
113
78
45
13
-11
-22
-17
-18
-22
-29
-56
-104
-173
-252
-330
-397
-457
-504
-528
-534
-503
-443
-369
-290
-209
-131
-70
-38
-23
2
31
37
35
44
83
150
203
232
242
239
213
174
132
100
80
55
32
22
26
48
61
69
83
83
70
61
52
60
92
121
139
157
172
185
209
215
207
191
160
136
117
102
97
80
57
30
7
-17
-56
-106
-158
-188
-221
-254
-269
-276
-270
-250
-235
-222
-206
-187
-169
-146
-122
-93
-50
-11
27
75
117
154
180
192
211
222
210
191
158
123
104
98
95
91
69
80
173
250
256
125
-141
-380
-530
-573
-479
-325
-177
-67
-36
-45
-13
14
0
9
39
173
353
400
332
180
-12
-161
-231
-229
-98
83
187
232
180
40
-108
-254
-341
-288
-143
21
151
173
111
19
-84
-143
-124
-52
47
140
192
201
172
108
61
62
113
186
219
228
206
132
14
-96
-166
-183
-181
-164
-80
37
74
-18
-173
-277
-271
-252
-264
-246
-210
-209
-275
-374
-401
-323
-241
-156
-14
157
273
277
181
124
179
254
329
413
496
541
498
349
166
41
-46
-83
-59
-3
51
64
18
-69
-133
-168
-184
-146
-98
-78
-68
-91
-119
-115
-86
-45
29
79
80
70
22
-19
-35
-58
-50
-1
52
99
111
58
2
-48
-106
-115
-92
-67
-43
-62
-91
-75
-39
-1
26
37
43
44
21
-1
-25
-47
-35
-6
33
72
68
60
85
104
126
144
146
144
138
99
58
35
-4
-44
-73
-84
-82
-86
-102
-124
-121
-112
-123
-150
-168
-162
-132
-99
-76
-47
-16
2
10
6
-4
-2
14
39
74
113
153
182
191
209
232
235
211
165
111
62
21
-25
-65
-90
-113
-129
-143
-164
-172
-171
-164
-143
-106
-70
-41
-21
-7
22
54
75
96
109
111
84
22
-40
-78
-97
-91
-68
-45
-22
-14
-32
-54
-71
-81
-70
-55
-48
-41
-47
-54
-46
-32
-6
26
50
60
54
35
26
39
59
94
131
165
189
183
157
131
104
71
31
-4
-28
-41
-57
-75
-88
-93
-90
-84
-76
-61
-35
-10
1
1
-1
6
15
23
30
44
59
57
49
36
37
35
16
-3
-4
21
57
88
107
112
109
95
80
68
55
31
-3
-31
-59
-89
-117
-144
-152
-144
-131
-118
-101
-87
-82
-77
-76
-71
-61
-54
-40
-19
9
32
46
51
46
32
15
2
-8
-7
-4
-4
-4
-2
12
27
30
17
-5
-27
-47
-71
-88
-89
-78
-66
-55
-46
-25
2
16
27
41
57
67
66
72
94
122
138
138
128
115
100
78
53
30
11
-9
-30
-51
-72
-91
-102
-104
-92
-70
-45
-22
-13
-13
-11
-5
-3
-4
5
30
57
71
71
76
89
95
87
76
71
65
48
24
5
-3
-10
-21
-18
0
12
7
-15
-37
-42
-36
-30
-31
-41
-55
-59
-54
-39
-16
-1
3
1
-1
8
