-33
-34
-35
-33
-31
-29
-27
-27
-23
-19
-14
-10
-6
-2
-3
0
5
13
19
18
14
9
9
16
21
20
16
10
6
5
6
9
9
5
1
-1
1
8
9
8
10
19
30
49
117
180
198
122
29
65
225
451
494
318
59
-33
114
288
367
255
141
66
-6
-136
-301
-276
-126
-56
-199
-414
-507
-515
-551
-615
-560
-336
-109
-124
-369
-503
-365
-102
96
263
426
488
370
177
203
461
967
1269
1114
641
63
-103
157
732
979
398
-700
-1450
-1343
-829
-494
-741
-1205
-1517
-1626
-1607
-1612
-1411
-1039
-830
-838
-895
-812
-667
-551
-367
-16
503
883
931
585
273
400
927
1556
1770
1515
910
416
295
516
839
905
579
-2
-398
-527
-432
-404
-390
-335
-269
-329
-520
-557
-511
-125
109
841
1855
2217
1772
285
-89
1126
3356
4743
3740
1511
-250
95
1348
2327
2179
1316
750
65
-772
-1849
-2187
-1380
-594
-874
-1972
-2651
-2734
-2732
-2982
-2964
-2017
-865
-507
-1217
-2048
-1883
-906
-29
570
1129
1393
1266
730
399
1029
1880
2822
3325
2797
2104
771
-36
300
1387
2516
1702
-482
-2598
-3076
-2237
-1258
-1072
-1770
-2302
-2888
-3169
-3223
-2818
-1770
-1115
-1066
-1327
-1470
-1295
-1034
-694
-116
678
1240
1249
678
41
136
855
1785
2376
2249
1456
429
-273
-143
579
1134
1032
214
-684
-1297
-1374
-1146
-575
-49
-56
-553
-1158
-1025
-381
259
606
1541
2681
3233
2301
434
400
2366
5437
6358
4197
1218
-212
1058
2789
3419
2491
1391
842
147
-1190
-2734
-2720
-1503
-708
-1493
-3141
-3918
-3888
-3844
-3998
-3611
-2073
-654
-793
-1984
-2638
-1762
-132
977
1642
2196
2471
2260
1747
1646
2581
3711
4407
4838
4514
3988
2555
986
870
1827
3271
2707
97
-2874
-4341
-3818
-2799
-2363
-3072
-3983
-4996
-5662
-5667
-5134
-4002
-3366
-3398
-3505
-3463
-3029
-2628
-2411
-1690
-758
75
356
-23
-247
-39
715
1665
2466
2741
2363
1465
532
571
1397
2267
2116
1082
-3
-404
-86
166
494
409
327
-32
-497
-322
307
1139
1689
2631
3136
3120
1781
546
1561
3961
6653
6196
3258
497
117
2049
3699
3901
2651
1639
801
-100
-1464
-2590
-2045
-911
-487
-1562
-3149
-3890
-3955
-3960
-3742
-2637
-995
-168
-1117
-2694
-2793
-1185
716
1626
1740
1954
2016
1571
943
1108
2403
3789
4609
4330
3584
2366
648
-229
248
2409
3510
1752
-2043
-5379
-5629
-4024
-2309
-2323
-3573
-4993
-6219
-6715
-6507
-5217
-3805
-3189
-3526
-3987
-3894
-3328
-2688
-2134
-1209
-73
714
726
200
-159
419
1663
3045
3982
3748
2729
1392
804
1697
3091
3655
2919
1306
16
86
499
1109
1380
1088
940
63
-325
-62
747
1675
2794
3933
3959
2952
429
-59
2220
6169
8550
5945
1477
-1385
-82
2953
4585
3779
2009
1313
447
-1093
-3138
-3605
-1779
-337
-949
-2980
-4543
-4780
-4818
-5178
-4644
-2586
-603
-710
-2759
-4454
-3541
-1207
562
1423
1537
1591
1216
200
70
1235
2906
4445
4474
3788
2713
1066
196
404
2224
3780
2967
-257
-3737
-4950
-3977
-2253
-1985
-2848
-4029
-5106
-5640
-6009
-5493
-4224
-3215
-2973
-3413
-3636
-3342
-2864
-2416
-1607
-389
576
800
202
-336
-20
1288
2693
3697
3817
3233
2400
1600
1958
2956
3824
3789
2822
1559
1031
1176
1589
1931
1635
1436
802
484
542
1021
1587
2114
3131
3212
2611
761
-79
1522
4265
6088
4096
398
-1856
-676
1932
3101
2256
438
-56
-323
-1229
-2633
-3229
-2022
-1006
-1626
-3365
-4288
-4007
-3624
-3921
-4120
-2831
-1165
-844
-2128
-3245
-2518
-606
745
1078
1144
1112
1043
691
785
1662
2687
3099
2911
2972
2672
2206
1140
785
1895
2923
2960
764
-1664
-2679
-1907
-755
-888
-1931
-3173
-3477
-3525
-3406
-3284
-3191
-2925
-3026
-3077
-2927
-2521
-2079
-2028
-2001
-1626
-1106
-594
-463
-482
-412
34
965
1640
1891
1473
1193
1329
1781
2452
2386
2103
1503
1110
1375
1539
1906
1554
1121
922
578
709
513
829
1245
1571
2269
2362
2031
855
-266
178
2142
4373
4398
1841
-1217
-2177
-422
1810
2664
1522
47
-515
-888
-1453
-2258
-2079
-1027
-521
-1345
-2868
-3426
-3073
-2699
-2930
-2921
-1817
-706
-730
-1805
-2485
-1659
-24
1057
1316
1208
1123
1148
1134
1192
1805
2493
3008
3429
3225
2901
1961
1099
1329
2414
3520
2885
810
-1470
-2267
-1685
-927
-857
-1826
-2784
-3553
-3882
-3759
-3393
-3053
-3092
-3316
-3478
-3253
-2899
-2686
-2675
-2522
-1863
-1138
-791
-1048
-1399
-1111
4
1493
2287
2212
1576
1142
1417
2000
2861
3102
2739
2261
1642
1490
1550
1659
1791
1709
1260
734
214
54
756
1330
2256
2959
2425
1233
-687
-936
1109
4032
5423
3130
-617
-2964
-1547
1470
3083
2420
277
-387
-363
-793
-1940
-2656
-1627
-357
-426
-2195
-3721
-3949
-3618
-3369
-3202
-2050
-684
-963
-2521
-3699
-2880
-473
1130
1316
1083
966
901
684
726
1992
3680
4361
4479
3785
3008
2400
1599
2331
3994
5237
4111
548
-2226
-2331
-312
927
104
-2055
-3668
-4017
-4121
-4027
-3812
-3475
-3465
-4189
-4852
-4913
-4414
-3816
-3652
-3343
-2778
-2237
-2194
-2646
-2557
-1778
-266
1131
1675
1513
750
443
958
2327
3672
3802
2989
1862
1661
2166
2727
3048
2785
2688
2270
1422
923
632
1446
2388
3256
4418
3734
2008
-728
-1720
1097
5265
7749
4890
-382
-3949
-2803
1336
3844
3633
1034
-529
-974
-1614
-2435
-2785
-1481
-35
-242
-2284
-4120
-4420
-3979
-3638
-3356
-1962
-353
-675
-2845
-4660
-3769
-868
1561
1951
1238
585
109
106
570
2348
4443
4916
3890
2321
1944
2618
3036
3322
3378
3272
2331
504
-950
-1257
-385
-105
-1005
-2285
-3384
-3975
-4604
-4777
-4086
-3631
-3914
-5001
-5889
-5610
-4750
-4038
-3828
-3662
-3437
-3494
-3521
-2974
-2150
-1473
-866
-92
673
897
537
574
1527
2856
3802
3424
2810
2743
3033
3318
3528
3788
3828
3877
3175
2558
2100
1653
2339
3064
4320
5853
5160
2803
-373
-1495
1628
6213
8659
5593
-323
-4323
-3232
1199
3928
3697
814
-1160
-1679
-2393
-3235
-3495
-2067
-344
-412
-2759
-5046
-5553
-4905
-4140
-3622
-2312
-759
-1231
-3529
-5372
-4511
-1213
1603
1867
663
-167
-363
125
765
2223
3997
4459
4516
3909
3136
2665
1833
2282
4222
6228
5482
1236
-2803
-3454
-591
2111
1878
-1184
-4338
-5331
-5032
-4130
-3369
-2996
-3514
-5054
-6219
-6277
-5219
-4117
-3873
-4065
-3924
-3550
-3537
-3590
-3351
-2341
-820
549
1211
929
518
295
1276
2874
4432
5126
3848
2888
2346
3111
4487
5003
4892
3801
3613
2935
2544
2182
1779
3055
3787
5681
5843
3158
-5
-2597
-356
4491
8419
7084
735
-4528
-5452
-911
3384
4206
1752
-1482
-2036
-2259
-2969
-3778
-3096
-717
191
-1456
-4552
-5945
-5203
-4272
-3575
-2752
-1095
-563
-2755
-5478
-5707
-2638
1062
2126
720
-604
-922
-586
-38
1214
3538
5062
4816
3278
1816
1957
2904
3866
4792
5485
4864
1945
-1205
-1903
270
2694
2425
-450
-3522
-4447
-3843
-3280
-2890
-2703
-3028
-4236
-5839
-6436
-5589
-4212
-3393
-3708
-4273
-4341
-4456
-4427
-3821
-2645
-1143
-107
-178
-593
-674
-266
1051
2397
3512
4093
3245
2364
2314
3298
4740
4996
4699
4108
3771
3739
3033
2762
2560
2977
3506
3644
5232
5284
3380
91
-2507
-15
5071
9083
6631
-669
-5896
-5395
494
4431
3993
60
-2749
-2051
-1868
-2755
-4040
-3083
-431
318
-1792
-4969
-5972
-4802
-3485
-2850
-1973
-530
-738
-3305
-5658
-4866
-880
2393
2145
-56
-1223
-636
339
873
1747
3691
4975
4380
2812
1737
2126
3094
4086
5160
5518
4069
822
-1690
-1107
1713
3336
1856
-1397
-3960
-4381
-3601
-2857
-2512
-2657
-3507
-5115
-6598
-6565
-5269
-4138
-3853
-4615
-5211
-5138
-5008
-4811
-4385
-3253
-1834
-1110
-1266
-1493
-1271
-577
728
1934
2899
3374
2824
2223
2386
3368
4652
4967
4558
4418
4000
4065
3647
3169
3164
2907
3764
4028
5581
5840
3529
389
-2477
414
5372
9101
6564
-1124
-5748
-4921
1099
4812
3641
-280
-2723
-1690
-1207
-2180
-3781
-2962
-97
657
-1417
-4769
-5772
-4092
-2750
-2277
-1789
-506
-601
-3059
-5357
-4414
-268
2549
1865
-527
-1390
-245
618
516
1176
3496
4905
4306
2712
1655
2397
3326
3997
4743
5344
4768
1787
-1030
-1081
1490
3372
2308
-762
-3623
-3992
-3149
-2665
-2777
-3083
-3559
-5029
-6467
-6730
-5817
-4622
-4517
-5343
-5866
-5476
-5035
-5212
-5191
-4288
-2690
-1511
-1357
-1539
-1405
-595
737
1796
2489
3208
3451
3290
3251
3468
4286
4895
5307
5310
4645
4082
3357
3181
3435
3713
3598
2684
3275
5171
5019
2384
-1842
-2867
1604
7282
8699
2569
-4384
-6440
-2237
3474
4600
1987
-1809
-2049
-535
-840
-2659
-3281
-872
1430
929
-2559
-5350
-4716
-2721
-1720
-1937
-1388
-499
-2039
-4797
-5469
-2701
892
1729
-386
-2162
-1635
-382
-246
-300
1583
3904
4282
2676
1187
1109
2352
3573
4414
5453
5395
3221
-407
-1623
842
4002
4244
1031
-2288
-3492
-2620
-1947
-2305
-2449
-2481
-3394
-5473
-6745
-6058
-4792
-4190
-4942
-5644
-5366
-5004
-5353
-6052
-5254
-3204
-1391
-947
-1617
-2056
-1730
-507
1096
2645
3814
3736
2898
2395
2795
4404
5481
5669
5173
4533
4408
3675
3344
3258
3733
3829
2853
1885
1295
3756
4752
2814
-686
-3573
-551
4396
7729
4439
-2805
-6169
-3920
2522
5330
3180
-1250
-2800
-210
955
-380
-2509
-1642
1290
2073
-367
-3902
-4393
-2331
-982
-1358
-1959
-1099
-1329
-3370
-4711
-3840
-776
1001
-293
-2219
-2553
-1238
-42
-90
710
2410
2914
1906
705
1067
2457
3677
3738
3516
3627
2935
1167
-359
549
2812
3477
1644
-1076
-2529
-2424
-1806
-1603
-1690
-1708
-2620
-4474
-5813
-5542
-4052
-3374
-3894
-4533
-4823
-4774
-4967
-5205
-4341
-2474
-1117
-1210
-1957
-2248
-1634
-366
913
2211
2875
2536
1963
1706
2556
3760
4243
4196
3798
3732
3361
2805
2625
2700
2852
2467
1722
742
441
322
1799
3107
2069
-193
-3335
-2395
1633
5186
4127
-1242
-4277
-3030
1702
3855
2022
-764
-1318
1446
2391
395
-1801
-1343
1593
2914
1304
-1635
-2504
-1015
-346
-775
-1406
-404
221
-1532
-3288
-3429
-1085
876
89
-1617
-1853
-453
243
-279
-454
890
2738
2334
937
224
851
2536
2986
3060
2618
1806
574
-470
495
2156
2830
949
-1525
-2506
-2011
-831
-724
-1345
-2002
-2688
-3569
-4413
-4105
-3015
-2457
-2809
-3770
-4279
-4146
-3715
-3378
-2926
-1799
-800
-1060
-2023
-2218
-1311
535
1703
1716
1481
1296
1478
1658
2038
2971
3680
3530
2729
2045
2142
2442
2388
1852
1598
1658
1373
296
-906
-963
40
2341
2586
587
-2222
-4102
-1819
1978
4751
3021
-1310
-3763
-2590
1362
3108
2361
324
9
1647
1756
324
-1131
-97
2466
3281
1737
-935
-1874
-966
-134
183
214
805
216
-1694
-2994
-2488
-181
1152
485
-902
-1506
-1000
-599
-567
231
1506
1809
612
-622
-391
926
1977
1624
1020
948
973
449
-491
-318
781
1320
455
-1034
-1727
-1508
-1033
-1030
-1301
-1288
-1545
-2290
-2949
-2752
-1929
-1566
-1773
-2181
-2317
-2224
-2260
-2179
-1510
-611
-359
-863
-1298
-889
-55
454
707
853
1026
1075
796
895
1515
2202
2162
1572
1394
1440
1528
1269
1066
1171
1188
880
-11
-450
-512
-292
-204
-35
1027
763
-462
-2233
-2597
-95
2590
3740
1131
-1948
-2674
-863
2258
3086
2200
642
549
1516
1358
519
75
1456
3059
2767
774
-1308
-1118
424
1107
745
126
265
-210
-1495
-2099
-1282
526
1093
-115
-1526
-1679
-968
-508
-460
47
984
801
-460
-1400
-916
509
1344
1102
275
-136
-354
-726
-635
-45
747
561
-540
-1393
-1625
-1252
-809
-521
-601
-901
-1392
-2009
-2013
-1465
-821
-609
-966
-1403
-1799
-1818
-1323
-797
-458
-375
-479
-622
-706
-640
-293
339
839
878
424
165
500
870
1078
1129
1194
1261
1046
571
327
575
937
938
440
-35
-267
-330
-510
-519
-374
115
820
480
-371
-1558
-1483
237
2100
2725
728
-1270
-1630
122
2279
2495
1636
620
849
1411
1152
676
720
1821
2550
1931
491
-461
62
975
1258
766
305
362
-14
-687
-1032
-495
503
572
-375
-1313
-1259
-575
-208
-324
-357
-88
-278
-824
-1065
-644
249
423
-168
-720
-653
-292
-378
-579
-462
54
136
-531
-1213
-1249
-583
-95
-223
-616
-726
-735
-943
-1081
-747
-83
52
-518
-1298
-1465
-865
-262
-165
-397
-540
-659
-763
-716
-368
151
332
126
-132
-166
40
301
396
513
645
579
347
44
130
329
491
480
168
-98
-346
-426
-517
-442
-404
-382
-454
-423
150
197
-71
-889
-1155
-10
1495
2344
1029
-676
-1195
107
2092
2514
1843
802
774
1422
1490
1230
1205
1930
2430
1911
858
210
651
1247
1207
743
475
674
339
-556
-1048
-637
279
493
-245
-1088
-1260
-860
-637
-688
-639
-383
-394
-862
-1098
-942
-537
-313
-450
-531
-481
-453
-697
-876
-554
10
159
-240
-657
-755
-452
-76
-12
-65
-91
-200
-426
-588
-354
2
90
-183
-515
-611
-493
-295
-317
-339
-255
-250
-379
-498
-386
-153
0
-44
-125
-130
-50
19
-36
-53
57
206
252
143
13
-78
-82
-5
15
4
-79
-166
-304
-395
-323
-371
-328
-317
-35
499
443
-2
-729
-752
331
1540
1960
923
-270
-572
330
1652
2064
1707
1009
884
1145
1185
1085
1081
1544
1887
1589
792
148
286
751
872
593
305
256
-51
-598
-900
-617
72
228
-349
-1080
-1281
-984
-721
-617
-501
-356
-576
-1088
-1392
-1123
-471
-118
-286
-605
-676
-616
-653
-606
-280
190
294
-97
-555
-634
-294
38
171
176
144
-43
-399
-568
-330
127
295
24
-357
-512
-401
-310
-314
-226
-73
-41
-249
-477
-482
-277
-54
-38
-97
-147
-164
-195
-213
-116
12
81
5
-64
-84
-36
31
-16
-74
-108
-44
-11
-67
-179
-287
-223
-130
-36
-69
-25
287
366
223
-140
-237
308
1028
1441
959
260
-2
414
1253
1555
1417
995
837
1046
1065
980
901
1154
1386
1167
632
150
317
673
685
369
35
72
16
-321
-610
-543
-117
10
-373
-877
-1001
-744
-566
-560
-609
-547
-524
-727
-889
-845
-553
-273
-239
-322
-424
-488
-506
-373
-119
121
161
-97
-367
-445
-278
-17
136
152
4
-210
-398
-448
-262
0
140
-30
-347
-528
-490
-308
-219
-184
-213
-290
-402
-534
-454
-229
-55
-118
-311
-386
-316
-196
-166
-138
-89
-31
-55
-194
-180
-43
65
81
23
-1
-1
-56
-73
4
94
115
0
-116
-92
73
182
354
566
542
337
6
76
629
1219
1329
802
289
187
600
1026
1191
1199
1012
878
675
490
552
796
1067
1030
687
274
72
127
234
318
263
170
16
-318
-551
-557
-349
-117
-146
-372
-597
-692
-672
-581
-445
-299
-231
-389
-602
-653
-524
-272
-118
-112
-200
-310
-393
-374
-215
-36
54
-50
-225
-319
-309
-209
-112
-56
-52
-121
-240
-326
-314
-229
-115
-63
-124
-243
-370
-397
-314
-199
-122
-144
-212
-290
-329
-323
-244
-107
-43
-80
-182
-241
-210
-138
-74
-20
25
51
13
-70
-89
-7
112
163
147
88
35
20
21
45
90
139
142
95
16
-4
68
240
473
513
335
53
-38
248
672
925
736
344
103
203
521
757
861
791
677
521
338
289
438
719
830
625
251
-8
22
169
239
208
135
80
-78
-318
-425
-289
-16
62
-125
-394
-511
-463
-387
-291
-186
-98
-183
-450
-628
-542
-260
-55
-73
-207
-318
-377
-406
-341
-179
-7
2
-192
-376
-416
-307
-175
-92
-54
-75
-189
-349
-398
-274
-52
47
-54
-231
-343
-322
-232
-134
-66
-42
-99
-225
-307
-273
-129
-1
10
-44
-99
-125
-121
-94
-24
90
164
129
35
-28
1
107
185
201
174
115
64
35
47
109
159
151
82
11
-5
26
64
89
111
182
269
274
179
46
52
242
513
647
516
253
69
145
396
628
708
619
474
318
217
210
340
555
641
508
216
-13
-26
93
211
224
158
59
-95
-257
-339
-257
-81
7
-82
-275
-414
-431
-375
-296
-221
-175
-202
-326
-457
-471
-357
-204
-136
-154
-213
-293
-356
-363
-266
-114
-31
-97
-252
-345
-329
-226
-135
-91
-88
-151
-223
-272
-244
-147
-67
-52
-100
-143
-176
-182
-153
-97
-27
-8
-49
-106
-117
-77
-28
3
24
60
68
42
-1
-14
43
109
139
116
74
57
54
69
84
94
82
63
61
57
72
58
28
40
84
126
103
44
14
53
133
184
207
203
190
158
110
140
263
409
449
353
216
150
202
317
419
462
433
337
220
158
186
269
338
344
281
166
51
-14
15
103
150
115
3
-108
-161
-180
-154
-95
-40
-55
-166
-298
-344
-276
-179
-130
-147
-194
-246
-315
-345
-297
-188
-106
-135
-223
-295
-301
-273
-230
-174
-117
-109
-192
-283
-290
-211
-117
-86
-96
-111
-133
-166
-174
-109
-8
49
7
-72
-96
-65
-19
0
22
43
28
-22
-65
-45
16
47
26
-1
7
19
2
-31
-40
5
49
55
24
-11
-11
11
32
52
67
75
70
57
41
42
66
96
112
94
74
58
59
84
110
123
114
92
80
103
152
182
168
121
96
119
172
210
204
163
121
116
150
211
250
238
191
155
155
167
170
167
176
182
151
86
34
37
65
67
35
1
-17
-38
-77
-107
-92
-69
-75
-132
-193
-204
-176
-150
-158
-180
-207
-227
-225
-203
-168
-152
-165
-186
-185
-159
-137
-123
-123
-118
-105
-101
-96
-91
-78
-65
-56
-51
-51
-43
-38
-34
-36
-39
-34
-37
-38
-42
-41
-41
-51
-58
-58
-40
-29
-36
-51
-51
-21
5
10
-6
-11
9
27
35
33
41
56
59
53
48
59
74
78
72
61
61
64
59
55
50
52
50
42
33
33
40
41
30
11
7
20
28
30
19
10
13
17
24
34
46
59
63
55
48
50
64
93
118
128
120
97
81
84
105
125
133
125
105
86
69
64
64
66
69
61
42
14
-12
-24
-22
-13
-14
-22
-35
-46
-61
-72
-68
-43
-14
-16
-44
-71
-71
-49
-36
-39
-43
-40
-41
-50
-61
-59
-49
-50
-66
-78
-76
-70
-76
-94
-107
-105
-104
-110
-117
-114
-103
-97
-99
-106
-106
-98
-82
-67
-55
-47
-46
-44
-41
-35
-18
1
11
9
-1
-1
14
31
41
41
35
35
37
37
47
54
55
44
31
29
33
38
37
31
24
17
12
12
17
19
15
8
2
6
8
8
7
10
19
26
21
11
11
22
34
41
39
34
29
27
32
39
49
53
46
37
33
38
44
49
53
56
56
48
43
40
49
64
68
65
54
46
42
47
57
64
64
54
42
32
32
37
41
41
29
11
-2
-5
-4
-7
-16
-30
-36
-46
-54
-62
-69
-65
-64
-70
-84
-96
-98
-95
-92
-89
-88
-89
-95
-99
-95
-82
-69
-65
-65
-63
-57
-51
-49
-42
-29
-15
-9
-15
-20
-16
-3
8
12
16
16
12
4
0
7
21
29
22
10
2
3
5
8
8
6
7
5
3
-1
-1
0
1
4
6
6
2
-5
-9
-6
0
4
0
-4
-6
-7
-4
0
5
7
5
3
5
10
15
20
23
26
31
32
35
38
40
44
48
51
56
61
64
63
62
62
63
66
69
66
57
50
45
43
43
37
30
25
