4
10
9
2
-6
-3
6
8
9
15
23
12
-3
-4
-6
-10
-15
-12
-3
-14
-31
-34
-27
-32
-52
-42
-4
12
14
25
60
86
76
70
90
110
104
98
134
180
179
182
193
196
179
132
130
154
141
113
106
114
108
82
67
53
8
-33
-85
-120
-128
-148
-146
-133
-124
-140
-158
-180
-232
-249
-253
-245
-189
-152
-173
-224
-324
-392
-442
-446
-343
-323
-299
-328
-421
-437
-536
-620
-594
-507
-455
-471
-423
-326
-325
-504
-665
-667
-551
-482
-407
-168
29
23
-85
-57
93
295
564
934
1346
1505
1552
1672
1823
1832
1801
2041
2265
2171
1853
1657
1602
1391
1116
1087
1280
1205
782
409
174
-199
-655
-798
-739
-844
-1200
-1418
-1354
-1426
-1566
-1378
-888
-609
-743
-760
-422
-153
-109
93
572
948
850
604
594
524
201
-87
-113
-128
-409
-753
-864
-991
-1283
-1501
-1498
-1447
-1719
-2057
-2224
-2374
-2623
-2766
-2558
-2393
-2371
-2348
-2195
-1972
-1889
-1716
-1348
-918
-792
-762
-557
-410
-290
-288
-139
61
135
259
386
594
888
1409
2120
2841
3353
3808
4266
4384
4324
4218
4303
4454
4437
4367
4177
3910
3605
3369
3114
2712
2326
2046
1615
732
-227
-829
-1214
-1776
-2458
-2824
-2898
-3056
-3347
-3419
-3201
-2909
-2662
-2291
-1841
-1543
-1212
-776
-233
271
743
1489
2295
2711
2809
2933
3125
3079
2569
2128
1831
1303
527
-332
-835
-1315
-2056
-2709
-3174
-3572
-4139
-4665
-4821
-4891
-5125
-5252
-5102
-4877
-4830
-4759
-4285
-3748
-3495
-3216
-2602
-1904
-1513
-1186
-603
61
414
606
1085
1579
1661
1528
1508
1551
1307
793
655
744
620
429
432
996
1794
2579
3654
4957
5917
6371
6538
6537
6471
6093
5811
5769
5397
4785
4162
3872
3759
3377
3102
3176
3135
2509
1350
180
-740
-1791
-2972
-3941
-4542
-4836
-5179
-5492
-5576
-5338
-4810
-4176
-3505
-2865
-2143
-1434
-901
-556
-173
490
1182
1703
2049
2373
2708
2805
2582
2252
1946
1575
1016
330
-319
-911
-1509
-2232
-2999
-3691
-4255
-4751
-5266
-5610
-5742
-5812
-5916
-5992
-5780
-5331
-4910
-4477
-3836
-3103
-2563
-2161
-1644
-1004
-455
-14
507
1109
1480
1712
2090
2391
2475
2451
2572
2795
2629
2244
2249
2388
2218
1893
1863
2638
3543
4147
5211
6471
7392
7743
7574
7622
7476
6802
6401
6070
5385
4350
3368
2956
2435
1531
1171
1386
1231
193
-1079
-1749
-2407
-3842
-5291
-5871
-6013
-6558
-7303
-7394
-6874
-6361
-5828
-4852
-3567
-2472
-1571
-559
303
710
1123
1811
2409
2493
2330
2595
2950
2793
2326
2126
2187
1836
1011
167
-507
-1262
-2284
-3300
-4165
-4937
-5648
-6262
-6686
-6960
-7113
-7012
-6721
-6373
-5925
-5335
-4586
-3880
-3210
-2464
-1697
-886
-175
546
1343
2081
2804
3378
3795
4227
4565
4683
4545
4219
4002
3821
3290
2746
2512
2332
2113
1810
1805
2556
3387
4145
5242
6131
6786
6965
6610
6510
6188
5690
5340
4609
3740
2873
1982
1473
1017
599
785
948
710
112
-825
-1451
-2277
-3645
-4819
-5742
-6410
-7082
-7860
-8050
-7709
-7125
-6153
-4987
-3687
-2443
-1430
-401
323
723
1176
1652
2029
1879
1500
1494
1512
1208
821
797
1042
932
446
69
-190
-785
-1790
-2702
-3414
-4261
-5276
-6032
-6258
-6357
-6454
-6138
-5404
-4634
-4049
-3330
-2204
-1190
-596
40
951
1776
2118
2328
3015
3697
3850
3860
4157
4676
4691
4219
4108
4163
3796
3042
2320
1977
1418
388
-184
-249
9
588
1252
2471
3696
4349
5055
5536
5743
5859
5640
5517
5096
3956
2976
2180
1417
894
462
642
1131
1058
839
545
126
-441
-1569
-2684
-3577
-4771
-6033
-7161
-7951
-8174
-8119
-7509
-6236
-4876
-3444
-2042
-766
453
1178
1670
2228
2461
2293
1728
1217
972
475
-92
-214
96
461
523
548
842
900
384
-343
-1060
-1890
-3108
-4436
-5313
-5910
-6373
-6444
-5973
-5179
-4422
-3594
-2446
-1219
-292
556
1497
2283
2649
2581
2697
2922
2730
2468
2437
2696
2737
2294
2150
2374
2266
1814
1390
1198
978
34
-868
-1111
-1293
-1174
-827
56
1496
2435
3335
4432
5184
5761
6050
6327
6681
6073
4952
4185
3304
2334
1301
726
1035
1032
607
479
476
324
-263
-1045
-1521
-2308
-3659
-4944
-6124
-7085
-7800
-8092
-7550
-6716
-5755
-4362
-2773
-1193
200
1459
2782
3672
3910
3822
3459
2912
2055
1051
375
-43
-298
-390
-374
-133
272
512
479
231
-140
-671
-1681
-2942
-3957
-4785
-5604
-6314
-6541
-6180
-5602
-4858
-3661
-2123
-695
499
1693
2785
3367
3525
3619
3581
3097
2277
1704
1463
991
346
154
324
353
147
25
329
476
-37
-477
-717
-903
-906
-927
-256
870
1584
2509
3450
4235
5095
5572
6206
6853
6628
6183
5673
4797
3872
2698
1922
1783
1232
539
178
-52
-337
-984
-1508
-1565
-1962
-2794
-3542
-4202
-4786
-5411
-5748
-5477
-5150
-4786
-4027
-2884
-1627
-545
737
2327
3465
3865
3953
3966
3702
2793
1697
1138
721
-24
-829
-1181
-1118
-1273
-1655
-1637
-1384
-1534
-2069
-2639
-3085
-3779
-4828
-5591
-5928
-6162
-6338
-6120
-5320
-4365
-3452
-2346
-969
392
1414
2263
3121
3653
3678
3403
3012
2502
1704
803
214
-245
-808
-1169
-1298
-1313
-1278
-1415
-1282
-884
-694
-227
451
1109
1936
2482
3115
3980
4462
5132
5884
6413
7043
7124
6857
6685
6154
5552
4926
4198
3872
3490
2682
1941
1301
714
-58
-1076
-1675
-2058
-2839
-3750
-4430
-4930
-5431
-5923
-5945
-5481
-5099
-4591
-3663
-2490
-1424
-542
684
2026
2786
3057
3335
3561
3163
2200
1469
1126
452
-562
-1222
-1307
-1484
-2139
-2389
-1997
-1846
-2282
-2747
-2820
-3112
-4103
-4959
-5110
-5224
-5653
-5884
-5366
-4520
-4088
-3465
-2076
-603
368
1088
2118
3150
3297
2933
2885
2793
2077
938
138
-265
-1015
-1888
-2175
-2113
-2108
-2242
-2099
-1337
-846
-407
722
1889
3011
3807
4484
5646
6200
6333
6970
7507
7826
7781
7285
7152
6792
5874
5307
4840
4426
4007
3200
2485
1779
811
-96
-998
-1943
-2709
-3520
-4419
-5199
-5865
-6272
-6460
-6383
-5923
-5266
-4570
-3808
-2718
-1543
-616
423
1602
2554
3026
3056
3158
3160
2516
1729
1299
925
301
-466
-872
-947
-1305
-1807
-1923
-1884
-2197
-2757
-3216
-3638
-4334
-5272
-5867
-6067
-6445
-6790
-6589
-5978
-5350
-4731
-3688
-2211
-895
73
1112
2230
2870
2861
2763
2807
2528
1832
1062
599
192
-658
-1280
-1335
-1378
-1378
-1352
-1077
-408
-225
-6
962
1784
2535
3311
4013
5043
5546
5687
6478
7186
7506
7684
7604
7648
7419
6551
6005
5756
5205
4481
3671
3007
2323
1197
147
-453
-1073
-1999
-2923
-3460
-3918
-4723
-5458
-5554
-5231
-5131
-5141
-4565
-3580
-2864
-2346
-1518
-242
847
1316
1780
2382
2613
2358
1894
1613
1327
661
-50
-450
-777
-1265
-1767
-2013
-2139
-2541
-3022
-3263
-3535
-4090
-4768
-5226
-5506
-5934
-6352
-6343
-5993
-5638
-5242
-4494
-3341
-2258
-1316
-193
974
1906
2401
2639
2912
2986
2630
2124
1681
1187
511
-306
-901
-1131
-1326
-1518
-1403
-1026
-639
-386
-40
798
1708
2342
3117
4059
4927
5461
5812
6517
7292
7585
7709
7954
7964
7558
6897
6400
6111
5458
4594
4044
3465
2409
1161
239
-320
-1135
-2262
-2921
-3211
-3931
-5040
-5646
-5480
-5384
-5655
-5540
-4740
-4069
-3969
-3592
-2445
-1286
-684
-80
964
1760
1759
1565
1808
1987
1464
794
616
427
-362
-1331
-1756
-1883
-2434
-3147
-3342
-3319
-3731
-4391
-4712
-4812
-5218
-5756
-5842
-5540
-5408
-5314
-4721
-3819
-3071
-2377
-1258
105
1086
1738
2481
3210
3379
3110
2966
2892
2496
1753
1108
694
141
-554
-891
-914
-911
-927
-953
-672
-404
-248
423
1337
2208
3098
3914
4820
5581
6046
6842
7677
8117
8501
8538
8330
7942
7162
6600
6001
5088
4374
3639
2608
1442
325
-421
-1052
-1937
-2596
-2959
-3404
-4063
-4745
-5020
-5129
-5304
-5319
-5121
-4749
-4477
-4191
-3513
-2728
-2078
-1284
-340
498
1003
1198
1559
1895
1693
1291
1079
903
334
-575
-1237
-1603
-2168
-2951
-3439
-3607
-3926
-4481
-4842
-4855
-4921
-5151
-5148
-4763
-4497
-4451
-4056
-3274
-2542
-1993
-1251
-171
752
1272
1789
2523
3066
3161
3109
3172
3076
2541
1924
1520
1045
342
-258
-554
-754
-1164
-1575
-1504
-1353
-1473
-1470
-999
-165
441
923
1906
3088
3992
4686
5538
6703
7588
7940
8295
8603
8532
8078
7394
6833
6142
5110
4107
3129
2121
1104
174
-469
-1025
-1670
-2228
-2659
-3136
-3756
-4357
-4679
-4923
-5288
-5526
-5568
-5431
-5212
-4940
-4407
-3675
-2909
-2137
-1332
-528
200
765
1177
1514
1658
1568
1296
948
581
26
-663
-1239
-1669
-2143
-2711
-3146
-3286
-3361
-3587
-3684
-3497
-3201
-3006
-2840
-2437
-1953
-1637
-1387
-974
-476
-98
190
574
1003
1191
1238
1371
1494
1406
1133
951
820
447
-128
-533
-724
-1016
-1420
-1615
-1540
-1530
-1669
-1717
-1354
-894
-662
-37
992
1983
2838
3614
4761
6002
6667
7306
8317
9079
9244
8942
8654
8412
7449
6083
5094
4250
3131
1748
666
105
-564
-1477
-1978
-2007
-2205
-2774
-3179
-3222
-3590
-4353
-4820
-4863
-4989
-5486
-5636
-5091
-4696
-4571
-4022
-2981
-1950
-1281
-600
438
1210
1465
1711
1970
2010
1703
1229
890
410
-325
-960
-1416
-1869
-2395
-2779
-2905
-2984
-3115
-3098
-2853
-2592
-2425
-2163
-1759
-1469
-1319
-1126
-872
-734
-702
-495
-249
-222
-261
-160
3
-67
-259
-225
-106
-249
-503
-531
-497
-683
-947
-971
-862
-948
-1118
-1041
-840
-845
-826
-522
-23
552
1100
1848
2849
3673
4369
5215
6069
6807
7317
7624
7879
7800
7277
6619
5906
5081
4121
3132
2298
1538
739
49
-384
-691
-999
-1253
-1460
-1700
-2017
-2420
-2780
-3105
-3498
-3795
-3948
-4097
-4212
-4171
-3901
-3519
-3108
-2518
-1773
-1059
-470
71
655
1096
1322
1483
1578
1554
1326
956
637
251
-230
-628
-945
-1183
-1417
-1668
-1741
-1678
-1660
-1656
-1536
-1298
-1165
-1248
-1328
-1303
-1358
-1554
-1722
-1719
-1669
-1740
-1816
-1729
-1572
-1488
-1376
-1153
-911
-741
-630
-487
-362
-300
-241
-174
-106
-69
-66
-26
21
30
140
337
567
829
1132
1604
2100
2527
3067
3637
4163
4640
4977
5284
5490
5450
5323
5042
4596
4157
3606
3016
2477
1962
1598
1221
762
435
168
-168
-562
-975
-1274
-1574
-2020
-2454
-2814
-3118
-3428
-3702
-3766
-3694
-3589
-3432
-3139
-2741
-2390
-1968
-1395
-855
-412
-6
400
718
792
787
888
876
658
401
236
41
-332
-648
-726
-737
-874
-1011
-930
-838
-962
-1155
-1167
-1089
-1253
-1610
-1783
-1795
-2002
-2383
-2562
-2389
-2278
-2451
-2419
-2030
-1676
-1591
-1486
-1010
-549
-483
-426
-61
315
366
299
545
860
782
674
899
1187
1205
1127
1414
1787
1793
1781
2190
2736
2958
3100
3593
4182
4407
4455
4770
5232
5340
5156
5143
5138
4844
4382
4000
3754
3271
2603
2135
1659
963
263
-216
-577
-1132
-1793
-2190
-2533
-3084
-3606
-3906
-4050
-4273
-4488
-4495
-4468
-4452
-4319
-3999
-3624
-3305
-2829
-2174
-1669
-1329
-856
-269
163
329
518
873
1030
896
775
801
773
509
225
143
47
-260
-543
-656
-779
-1116
-1504
-1642
-1769
-2163
-2572
-2730
-2756
-2981
-3293
-3262
-2971
-2816
-2729
-2401
-1853
-1435
-1237
-880
-358
-7
193
478
879
1141
1223
1414
1707
1780
1718
1823
2014
1988
1760
1734
1847
1651
1341
1333
1565
1665
1638
1959
2570
2969
3261
3810
4534
5075
5361
5753
6179
6199
5910
5657
5413
4845
3979
3263
2677
1871
868
22
-460
-984
-1809
-2439
-2686
-3002
-3572
-4111
-4331
-4479
-4917
-5345
-5446
-5452
-5560
-5590
-5303
-4814
-4379
-3877
-3117
-2261
-1489
-752
63
855
1426
1843
2199
2413
2434
2297
2105
1856
1476
1055
713
358
-80
-475
-762
-1042
-1410
-1754
-1976
-2221
-2554
-2844
-3029
-3193
-3328
-3366
-3305
-3144
-2898
-2540
-2154
-1821
-1414
-841
-310
38
441
1000
1452
1606
1697
1987
2214
2117
1954
1987
2008
1775
1443
1287
1226
960
666
645
732
718
770
1113
1583
1925
2309
3009
3750
4202
4624
5232
5784
5955
5900
5973
5952
5495
4848
4358
3840
2984
1972
1224
637
-260
-1268
-1882
-2244
-2862
-3737
-4298
-4459
-4810
-5513
-5962
-5908
-5873
-6165
-6328
-5918
-5311
-4970
-4574
-3675
-2537
-1677
-966
20
1127
1850
2241
2773
3347
3486
3266
3171
3163
2751
2041
1574
1286
708
-36
-515
-782
-1199
-1765
-2111
-2258
-2532
-2871
-3018
-3048
-3162
-3247
-3129
-2948
-2873
-2728
-2341
-1928
-1669
-1339
-752
-216
88
451
932
1247
1293
1350
1590
1675
1469
1397
1559
1528
1202
1008
1154
1212
936
825
1094
1241
1031
892
1137
1376
1316
1391
1881
2331
2440
2603
3134
3626
3705
3805
4242
4543
4328
3957
3838
3633
2947
2152
1658
1177
335
-594
-1188
-1637
-2338
-3031
-3307
-3413
-3718
-4084
-4132
-3956
-3985
-4131
-3962
-3571
-3331
-3209
-2890
-2329
-1873
-1553
-1023
-328
221
647
1185
1774
2136
2287
2493
2712
2625
2294
2041
1823
1318
637
164
-196
-723
-1311
-1645
-1794
-2072
-2383
-2417
-2281
-2292
-2371
-2236
-1973
-1874
-1922
-1813
-1528
-1367
-1377
-1272
-964
-725
-646
-523
-195
156
323
480
768
1071
1200
1219
1367
1563
1589
1514
1509
1566
1557
1395
1280
1314
1279
1143
1023
997
1018
953
885
925
1035
1163
1292
1441
1643
1877
2077
2223
2321
2421
2499
2455
2283
2052
1825
1506
1068
628
221
-196
-625
-987
-1274
-1561
-1813
-1914
-1949
-2062
-2167
-2144
-2054
-2092
-2202
-2125
-1937
-1900
-1959
-1820
-1516
-1347
-1267
-980
-496
-166
10
350
783
976
965
1059
1227
1157
846
637
548
244
-224
-521
-635
-832
-1145
-1266
-1164
-1156
-1265
-1215
-999
-915
-1007
-985
-804
-800
-977
-1003
-873
-860
-991
-963
-708
-536
-520
-339
74
387
483
620
959
1227
1212
1170
1321
1473
1375
1177
1160
1239
1152
958
929
1031
1013
849
789
859
795
581
480
525
451
225
125
212
214
72
75
286
432
425
513
775
967
984
1008
1138
1188
1065
933
854
738
528
297
113
-79
-313
-521
-666
-810
-954
-1051
-1128
-1226
-1307
-1358
-1425
-1483
-1479
-1437
-1431
-1437
-1330
-1167
-1073
-984
-777
-486
-283
-178
6
266
385
372
414
521
531
395
314
326
241
65
-23
26
19
-103
-135
-36
-19
-145
-216
-164
-170
-331
-445
-415
-420
-530
-598
-513
-409
-402
-348
-159
40
152
244
401
566
630
639
690
737
715
644
598
578
526
474
468
487
467
438
451
439
361
257
182
99
-64
-262
-376
-441
-567
-687
-666
-532
-430
-345
-126
188
451
640
883
1172
1334
1369
1400
1420
1322
1114
918
766
543
245
13
-126
-278
-494
-655
-679
-704
-819
-933
-951
-943
-1030
-1167
-1220
-1199
-1225
-1291
-1281
-1166
-1041
-951
-796
-565
-334
-130
86
327
531
669
780
864
884
861
823
765
681
584
501
402
297
231
194
163
124
105
110
91
30
-34
-84
-145
-232
-323
-385
-444
-518
-563
-571
-561
-543
-485
-373
-286
-225
-119
20
99
116
163
265
288
200
156
197
192
70
-10
45
72
-9
-46
48
120
60
26
119
165
67
-12
29
38
-84
-172
-99
-35
-83
-76
96
256
274
343
574
758
764
788
949
1029
885
738
766
738
479
232
199
162
-96
-366
-390
-359
-531
-732
-712
-616
-693
-844
-820
-692
-699
-784
-724
-568
-519
-530
-432
-250
-141
-102
21
223
348
387
481
634
717
717
741
803
810
739
679
650
577
450
339
243
122
-11
-126
-231
-344
-448
-528
-598
-669
-714
-732
-749
-761
-746
-710
-687
-673
-625
-552
-517
-509
-453
-363
-324
-324
-263
-145
-73
-58
15
168
266
281
343
483
565
540
544
614
614
503
413
395
317
135
-6
-64
-161
-331
-444
-442
-447
-507
-501
-372
-238
-177
-88
107
302
403
491
646
781
807
781
796
808
725
601
536
489
365
214
139
102
1
-127
-170
-155
-213
-335
-379
-346
-384
-498
-528
-452
-415
-459
-435
-280
-153
-116
-17
199
378
448
539
713
823
798
772
818
810
665
518
473
403
211
31
-32
-70
-206
-354
-381
-371
-458
-577
-606
-589
-658
-788
-821
-791
-844
-952
-963
-879
-844
-867
-803
-630
-483
-413
-303
-97
84
174
263
406
528
561
557
582
604
557
475
418
386
317
217
145
104
52
-22
-78
-103
-134
-190
-244
-278
-316
-375
-436
-473
-496
-527
-548
-532
-479
-407
-331
-228
-80
77
217
350
498
648
742
784
832
867
829
741
669
617
511
365
281
258
196
92
57
111
129
71
61
135
173
115
69
111
129
45
-17
16
33
-30
-68
3
77
52
41
142
232
201
155
218
274
193
81
76
87
-36
-196
-221
-200
-307
-453
-450
-376
-432
-552
-526
-415
-438
-545
-521
-409
-416
-519
-514
-401
-375
-447
-420
-282
-215
-248
-207
-56
36
22
58
189
265
220
201
268
291
211
156
178
170
75
-3
1
-16
-104
-162
-154
-171
-241
-288
-282
-297
-351
-371
-346
-344
-369
-356
-303
-272
-251
-181
-82
-1
76
192
314
404
492
611
715
755
791
859
896
855
802
797
778
681
581
556
532
432
335
319
306
216
130
133
129
29
-65
-56
-49
-148
-241
-213
-167
-227
-288
-223
-128
-138
-166
-77
36
35
-1
52
118
75
-12
-17
11
-53
-170
-203
-184
-238
-333
-353
-316
-331
-396
-403
-354
-358
-418
-434
-394
-393
-447
-458
-409
-382
-402
-383
-295
-220
-198
-149
-41
41
60
91
162
206
182
160
174
163
98
35
15
-12
-74
-128
-140
-137
-162
-187
-168
-133
-127
-133
-107
-61
-44
-58
-45
-2
7
-23
-26
8
26
7
2
42
77
72
78
127
184
206
226
283
352
388
409
451
508
543
548
560
582
590
566
527
500
475
428
369
325
286
237
180
133
97
55
7
-28
-57
-95
-142
-176
-200
-233
-268
-291
-297
-295
-298
-302
-283
-249
-224
-207
-172
-121
-90
-86
-72
-39
-33
-62
-75
-58
-59
-101
-132
-110
-95
-128
-153
-122
-88
-114
-149
-133
-112
-147
-201
-208
-199
-244
-303
-304
-278
-295
-326
-290
-219
-204
-212
-160
-78
-59
-75
-38
29
25
-23
-15
33
22
-31
-21
44
49
4
22
97
115
73
84
148
160
101
80
121
119
50
17
58
70
18
-6
37
65
33
21
75
116
93
76
118
146
118
99
137
172
158
153
203
253
257
263
314
362
365
363
386
394
357
308
279
241
171
104
56
8
-51
-104
-138
-164
-188
-196
-193
-194
-190
-176
-160
-156
-148
-122
-98
-96
-89
-58
-32
-34
-32
5
35
23
16
45
66
34
-1
10
16
-35
-90
-91
-88
-143
-200
-193
-174
-209
-251
-231
-193
-212
-244
-214
-166
-173
-202
-173
-122
-123
-147
-122
-70
-65
-89
-68
-16
-4
-27
-14
34
47
20
25
63
72
44
34
60
64
29
10
30
36
7
-9
13
31
13
4
32
59
51
47
75
95
83
72
87
102
88
72
81
92
75
53
57
69
56
38
44
59
50
29
34
61
69
58
75
119
139
126
135
176
198
184
180
204
212
181
150
151
147
110
70
64
61
30
-5
-18
-19
-32
-53
-61
-58
-64
-79
-88
-87
-88
-98
-103
-101
-99
-101
-99
-91
-82
-77
-72
-61
-52
-52
-57
-58
-61
-72
-89
-102
-110
-126
-146
-159
-161
-162
-166
-167
-153
-134
-129
-126
-113
-91
-80
-84
-77
-57
-50
-64
-66
-45
-33
-41
-37
-8
19
21
26
60
89
88
86
110
128
113
92
97
103
74
43
42
49
25
-7
-4
13
-5
-37
-30
-3
-14
-48
-43
-13
-19
-52
-46
-9
-5
-33
-23
25
41
22
29
75
99
80
80
118
140
119
111
141
161
145
135
161
182
171
156
172
188
171
150
156
161
139
110
101
92
63
31
20
12
-14
-39
-43
-45
-62
-77
-76
-73
-84
-92
-90
-90
-102
-108
-106
-108
-114
-115
-109
-105
-102
-93
-85
-79
-73
-60
-52
-54
-55
-47
-45
-59
-71
-61
-59
-80
-94
-82
-74
-95
-108
-89
-71
-89
-102
-81
-59
-76
-96
-73
-46
-59
-77
-55
-23
-30
-45
-22
11
6
-9
11
42
36
14
24
48
39
15
20
43
38
14
21
46
46
27
33
59
63
43
42
65
65
40
33
51
53
29
21
39
46
27
20
41
54
39
32
51
64
49
39
53
66
51
41
52
63
53
44
58
73
69
61
74
91
88
77
84
97
87
69
67
75
62
35
25
36
27
-1
-9
1
2
-19
-30
-16
-10
-28
-44
-35
-27
-40
-58
-53
-43
-52
-66
-61
-48
-52
-61
-58
-46
-45
-54
-56
-49
-51
-62
-67
-67
-74
-84
-89
-86
-90
-97
-97
-93
-89
-89
-88
-80
-74
-70
-67
-60
-52
-46
-43
-38
-28
-18
-12
-8
2
15
22
22
31
44
48
40
40
49
48
33
26
31
29
14
3
8
10
-1
-11
-2
6
-2
-8
2
14
10
2
14
27
21
12
22
38
33
21
30
47
44
31
37
54
50
34
38
57
54
34
35
54
53
32
31
49
49
30
29
49
52
36
31
51
59
43
37
53
61
47
39
51
59
44
33
40
46
30
14
18
20
3
-12
-8
-9
-26
-38
-34
-33
-47
-54
-48
-45
-57
-64
-56
-53
-64
-69
-60
-56
-67
-70
-59
-54
-62
-63
-50
-43
-48
-48
-36
-28
-33
-34
-22
-17
-25
-27
-17
-14
-26
-30
-21
-17
-31
-33
-19
-15
-27
-26
-7
-1
-14
-13
7
15
-1
-3
16
