-2
-4
-12
-24
-32
-35
-39
-42
-42
-44
-51
-64
-79
-88
-89
-82
-71
-68
-69
-68
-76
-85
-79
-56
-21
-1
1
-1
4
8
4
11
38
68
59
27
4
1
-11
-29
-23
-15
-26
-83
-158
-210
-204
-223
-222
-176
-187
-216
-266
-295
-323
-315
-201
-20
209
398
450
362
249
190
339
729
1129
1346
1321
1106
788
511
525
878
1297
1514
1385
1012
527
61
-123
70
402
483
271
-61
-473
-908
-1186
-1177
-990
-760
-617
-637
-708
-870
-1048
-1067
-856
-384
142
585
704
429
90
22
289
690
1148
1463
1427
990
422
61
-33
166
437
557
306
-343
-1019
-1464
-1633
-1539
-1349
-1329
-1439
-1612
-1914
-2183
-2302
-2140
-1644
-1155
-973
-1086
-1246
-1267
-1159
-879
-348
276
661
655
490
387
352
530
877
1222
1420
1307
994
620
289
136
231
351
289
168
-59
-477
-996
-1323
-1302
-1122
-1124
-1366
-1383
-1187
-1224
-1447
-1459
-1190
-925
-685
-327
433
1374
1797
1613
1215
1216
1474
2092
3085
3911
4165
3606
2649
1820
1853
2612
3340
3687
3491
2758
1736
851
295
339
838
1007
580
-131
-832
-1538
-2112
-2242
-2047
-1676
-1424
-1465
-1610
-1823
-2073
-2138
-1792
-1042
-276
203
230
-38
-206
-133
145
643
1339
1644
1465
1140
876
729
521
460
611
708
492
-25
-465
-757
-1123
-1418
-1394
-1190
-1153
-1515
-1920
-2010
-2047
-2109
-1977
-1654
-1440
-1444
-1519
-1533
-1441
-1172
-739
-378
-169
-112
-29
196
356
468
641
891
980
852
820
831
657
418
388
461
416
233
52
-99
-340
-592
-693
-597
-612
-801
-929
-994
-954
-915
-877
-831
-742
-707
-583
-274
156
712
993
997
727
661
986
1545
2215
2534
2576
2377
1937
1471
1506
2084
2623
2694
2245
1787
1421
975
592
488
750
824
442
-68
-421
-641
-1029
-1390
-1397
-1117
-893
-892
-1011
-1164
-1299
-1409
-1287
-884
-463
-215
-233
-347
-489
-471
-135
203
426
489
476
383
216
179
347
529
448
245
75
-38
-239
-466
-456
-442
-535
-727
-905
-1019
-1177
-1261
-1244
-1117
-991
-955
-994
-1040
-1086
-1110
-919
-654
-419
-211
-80
-29
-64
-3
167
333
511
646
689
635
545
483
498
502
441
352
286
221
133
88
36
-72
-192
-235
-286
-294
-401
-465
-458
-501
-465
-491
-415
-422
-377
-272
-176
6
302
668
697
574
473
639
1040
1331
1562
1744
1770
1476
1058
1021
1338
1649
1657
1483
1256
956
664
357
301
388
352
139
-115
-274
-515
-760
-936
-958
-847
-766
-717
-747
-880
-1057
-1107
-988
-739
-421
-275
-315
-442
-541
-455
-227
34
245
335
262
129
73
142
289
391
384
261
103
-19
-93
-145
-206
-265
-289
-342
-489
-627
-723
-773
-725
-644
-582
-572
-591
-632
-693
-671
-494
-226
-70
-95
-190
-213
-124
-30
88
286
394
317
172
163
292
360
342
326
328
243
143
110
159
183
51
-24
-53
-72
-132
-237
-260
-321
-289
-246
-208
-260
-357
-324
-280
-138
-2
314
516
384
154
105
397
706
963
1100
1171
1017
671
574
751
1079
1231
1156
1055
842
597
389
346
447
493
411
219
30
-167
-382
-590
-622
-526
-436
-410
-527
-670
-804
-851
-769
-622
-431
-264
-261
-428
-553
-500
-270
-35
93
152
150
86
9
57
214
347
351
238
156
93
-7
-64
-47
-20
-67
-191
-302
-365
-431
-513
-513
-470
-462
-473
-504
-552
-612
-615
-517
-390
-330
-339
-336
-316
-306
-247
-127
13
97
106
137
189
203
252
321
352
332
286
287
325
360
327
268
207
100
43
41
52
42
6
-9
-72
-140
-195
-206
-172
-163
-81
14
155
231
172
89
2
102
288
520
683
715
701
533
406
398
593
866
948
883
711
583
428
305
328
395
455
320
129
-33
-189
-296
-393
-377
-308
-281
-348
-464
-583
-690
-677
-571
-427
-303
-259
-320
-447
-498
-420
-233
-44
38
32
-31
-119
-170
-145
-4
151
185
115
0
-85
-148
-180
-147
-87
-55
-120
-225
-317
-391
-412
-353
-277
-264
-300
-352
-400
-429
-406
-310
-204
-141
-128
-143
-155
-158
-108
-3
115
206
231
215
195
180
216
272
319
375
385
330
245
208
212
208
200
180
175
132
64
5
-26
-34
-58
-13
-21
-72
-128
-143
-48
15
106
168
183
111
7
69
220
415
480
491
474
358
248
250
462
616
621
533
432
375
261
199
207
258
235
127
62
-36
-159
-280
-317
-275
-250
-228
-250
-346
-466
-524
-486
-393
-293
-226
-223
-306
-396
-386
-270
-124
-34
-15
-32
-84
-122
-111
-42
61
115
114
53
-22
-85
-122
-90
-30
-3
-42
-103
-162
-240
-300
-284
-190
-132
-172
-247
-305
-336
-334
-281
-183
-106
-109
-170
-203
-188
-141
-67
33
124
148
110
87
96
122
169
234
294
301
254
200
185
181
183
234
263
213
110
53
43
23
26
28
45
23
-58
-87
-98
-79
-42
17
126
174
142
78
52
101
199
329
425
471
426
348
278
287
403
504
584
517
402
322
224
204
201
231
233
133
29
-66
-147
-221
-268
-252
-234
-255
-320
-380
-414
-430
-437
-400
-319
-277
-266
-304
-332
-286
-232
-148
-93
-67
-52
-65
-65
-57
-15
40
59
49
27
4
-39
-86
-84
-51
-49
-92
-145
-175
-197
-232
-238
-207
-174
-196
-255
-280
-266
-236
-213
-181
-133
-114
-121
-122
-97
-64
-43
0
68
117
126
130
136
148
158
191
230
229
202
172
161
159
165
184
197
167
103
64
43
42
31
42
47
20
-4
-45
-30
-23
4
47
83
144
137
120
79
95
175
241
318
352
362
313
234
208
261
345
375
373
332
255
180
127
138
141
129
103
41
-27
-137
-194
-192
-200
-208
-225
-217
-242
-321
-360
-347
-288
-255
-241
-217
-228
-258
-266
-209
-134
-101
-74
-59
-61
-80
-74
-24
13
10
8
34
29
-23
-59
-45
-22
-44
-58
-48
-65
-114
-168
-165
-130
-124
-124
-140
-159
-191
-219
-183
-138
-110
-102
-115
-104
-97
-85
-49
-6
25
33
45
68
92
99
109
134
151
157
157
163
155
128
121
142
160
145
108
92
76
56
37
40
61
39
-6
-41
-29
-8
17
46
69
94
69
52
61
102
148
186
232
238
229
211
201
205
236
286
315
302
244
205
177
148
133
130
141
101
25
-37
-79
-103
-133
-145
-128
-134
-168
-211
-242
-247
-256
-245
-216
-185
-171
-178
-181
-188
-176
-155
-116
-79
-62
-46
-55
-56
-66
-55
-21
-3
11
-10
-27
-41
-52
-49
-50
-48
-59
-80
-108
-128
-127
-116
-112
-127
-139
-144
-158
-167
-165
-148
-132
-131
-123
-110
-107
-99
-80
-45
-22
-4
22
46
58
49
61
102
135
135
134
146
145
135
124
141
164
154
120
98
103
99
82
72
76
71
43
24
21
46
56
64
71
69
74
73
84
90
111
142
168
169
163
177
182
182
178
198
228
222
192
171
160
151
127
109
109
96
65
18
-19
-35
-51
-71
-92
-91
-95
-126
-170
-190
-177
-168
-165
-165
-163
-177
-203
-194
-160
-132
-126
-121
-109
-113
-127
-123
-84
-50
-46
-46
-37
-31
-48
-55
-39
-27
-31
-41
-43
-55
-82
-98
-86
-74
-85
-98
-97
-106
-135
-146
-123
-96
-98
-112
-105
-97
-102
-88
-54
-22
-19
-25
-5
16
26
40
67
88
84
81
94
108
118
119
128
129
120
111
110
109
95
93
86
86
82
64
56
42
29
20
34
63
65
44
24
35
60
68
75
100
124
122
108
120
145
163
150
142
158
167
174
158
152
148
124
105
94
99
94
72
40
6
-13
-26
-32
-51
-71
-85
-103
-125
-150
-139
-122
-128
-151
-169
-162
-157
-166
-154
-123
-103
-110
-123
-118
-101
-84
-69
-47
-37
-43
-52
-55
-50
-48
-36
-24
-29
-42
-59
-64
-67
-75
-71
-60
-63
-80
-97
-104
-104
-102
-93
-80
-69
-71
-82
-89
-84
-71
-49
-29
-23
-18
-13
-10
-1
12
30
44
54
60
68
72
75
83
92
98
98
96
100
90
75
69
78
80
66
59
54
50
35
28
40
47
40
23
23
30
42
57
66
71
67
71
88
105
119
126
133
132
124
128
144
160
151
133
127
128
120
99
90
84
66
36
14
11
1
-24
-54
-71
-82
-89
-97
-112
-124
-138
-145
-142
-135
-121
-115
-121
-132
-129
-109
-85
-74
-70
-69
-68
-60
-51
-38
-31
-28
-26
-36
-38
-29
-23
-32
-47
-51
-41
-46
-64
-72
-70
-78
