-47
-42
-34
-31
-28
-11
-15
-34
-28
-36
-47
-35
-19
-3
7
2
-28
-46
-46
-64
-43
29
70
83
137
237
314
338
354
327
302
366
481
633
764
800
625
383
296
344
406
483
621
613
415
143
-48
-85
-97
-84
-104
-143
-147
-256
-422
-499
-565
-654
-600
-429
-226
-150
-289
-482
-613
-613
-541
-243
88
90
44
-194
-574
-683
-631
-505
-389
-320
-370
-608
-895
-1124
-1190
-1193
-1094
-894
-869
-960
-1079
-1212
-1409
-1409
-1174
-1007
-805
-773
-784
-731
-895
-853
-550
-418
-244
87
142
45
177
189
77
188
317
527
1381
2508
3292
3527
3038
2331
1859
1877
2651
4070
5248
5126
3934
2485
1345
967
1278
2153
2952
2862
1872
491
-669
-1295
-1279
-1251
-1389
-1338
-1530
-1912
-2215
-2418
-2437
-2648
-2963
-2649
-1864
-1153
-485
-118
-159
-20
524
1127
1954
2603
2384
1729
930
504
779
1173
1113
456
-334
-1190
-2119
-2381
-1934
-1501
-1498
-1889
-2405
-2949
-3485
-3768
-3701
-3581
-3514
-3325
-3287
-3269
-2910
-2718
-2556
-1989
-1418
-952
-387
220
648
870
1122
1338
1455
1618
1906
2000
1672
1408
1083
657
573
675
861
978
759
401
883
2435
4015
4287
3364
2385
1519
1189
2134
4383
6323
6233
3980
1278
-11
319
1775
3437
4837
5023
3020
160
-1758
-1794
-611
138
-254
-1106
-1722
-2684
-3573
-3630
-3507
-3578
-3793
-3751
-3007
-1666
-608
-855
-1688
-2078
-1695
-618
974
2713
3484
2540
432
-978
-610
640
1672
2081
1671
304
-1598
-2728
-2321
-1378
-876
-1123
-2160
-3268
-4289
-4846
-4591
-4169
-3787
-3879
-4251
-4333
-4161
-3625
-3003
-2327
-1745
-1344
-650
-14
330
808
1202
1332
1550
2046
2504
2879
3032
2577
2120
1815
1671
1841
2176
2304
2248
1633
873
1857
4063
5490
5328
4238
2761
1684
1785
3463
5995
7719
7003
3802
854
-80
786
2594
4218
4982
4079
1314
-1525
-2986
-2535
-1057
-654
-1549
-2641
-3660
-4373
-4762
-4641
-4281
-4290
-4457
-4572
-3808
-2421
-1675
-1710
-2195
-2483
-1982
-941
668
2719
3409
2462
863
-549
-383
894
2305
3077
2643
1127
-919
-2237
-2130
-1138
-391
-533
-1707
-3166
-4182
-4613
-4131
-3391
-3041
-3303
-4035
-4386
-4129
-3205
-2207
-1648
-1280
-1157
-1072
-603
281
1130
1610
1936
2174
2150
2256
2652
2855
2749
2737
2610
2270
2352
2357
2180
2193
1785
1209
1448
2515
3876
4484
3717
2471
1164
460
1057
2736
4493
4975
3738
1329
-592
-920
183
1852
3002
3236
2241
164
-1701
-2257
-1528
-571
-390
-1026
-1916
-2693
-3280
-3589
-3557
-3240
-3091
-3240
-3049
-2527
-1924
-1510
-1590
-1653
-1478
-1054
-391
420
1184
1205
656
136
-211
-66
609
1236
1311
886
283
-281
-620
-480
-117
-103
-595
-1349
-1964
-2227
-2108
-1920
-1815
-1798
-2156
-2579
-2490
-1899
-1149
-564
-277
-226
-274
-303
-19
730
1495
1868
1837
1702
1540
1355
1430
1632
1890
1907
1693
1439
1106
900
695
538
547
961
1564
2171
2401
1734
606
-231
-231
594
1923
3029
3259
2248
452
-839
-705
580
1990
2963
3066
1976
300
-1017
-1337
-587
436
775
169
-835
-1657
-2346
-2697
-2429
-1979
-1743
-1959
-2169
-2035
-1828
-1668
-1746
-1761
-1609
-1414
-869
-93
403
437
68
-537
-888
-590
161
836
1125
983
473
-74
-450
-381
69
309
150
-207
-597
-973
-1159
-1082
-956
-1031
-1271
-1372
-1264
-949
-569
-372
-310
-437
-609
-554
-177
456
831
859
708
387
131
115
424
748
948
1010
791
500
256
135
155
165
281
734
1332
1825
1756
1067
340
-144
-47
781
1948
2784
2775
1665
188
-535
-173
904
2020
2755
2701
1675
238
-652
-570
208
978
1058
489
-282
-1123
-1747
-1798
-1488
-1152
-1085
-1328
-1498
-1549
-1500
-1426
-1414
-1278
-1177
-1026
-652
-322
-55
-17
-327
-607
-623
-350
64
426
581
535
370
67
-80
72
157
98
31
-28
-118
-274
-477
-688
-866
-1046
-1167
-1107
-835
-500
-375
-501
-615
-668
-707
-537
-121
336
478
360
241
41
-105
-26
243
478
584
554
415
302
255
221
162
175
151
340
852
1330
1323
852
273
-201
-227
221
1073
1910
2071
1239
182
-351
-206
556
1523
2220
2287
1653
576
-186
-139
491
1040
1177
843
231
-354
-805
-917
-669
-434
-438
-655
-882
-906
-830
-778
-837
-951
-971
-959
-866
-568
-193
-94
-387
-759
-910
-770
-482
-191
81
263
89
-290
-470
-381
-254
-220
-154
-61
-133
-326
-482
-632
-739
-811
-811
-700
-521
-337
-275
-311
-367
-461
-475
-264
36
241
369
390
279
109
36
106
282
421
413
427
388
221
124
94
97
75
71
63
3
96
216
310
308
141
-75
-188
-66
249
694
1057
1114
770
364
180
369
866
1406
1771
1726
1313
751
346
378
801
1163
1234
1020
569
106
-219
-304
-79
107
30
-218
-547
-796
-879
-791
-657
-595
-681
-911
-1038
-982
-834
-608
-458
-502
-688
-877
-907
-728
-387
-69
18
-121
-436
-671
-607
-374
-47
236
234
6
-278
-482
-442
-210
27
152
118
14
-97
-156
-91
44
192
217
166
145
108
97
113
90
52
-5
-89
-126
-129
-162
-215
-252
-275
-319
-312
-273
-284
-256
-222
-244
-255
-232
-186
-144
-48
105
193
217
227
206
173
230
432
675
845
891
779
644
603
660
816
976
1049
1007
815
565
410
430
541
614
613
470
244
60
-64
-102
-36
40
-27
-209
-382
-454
-462
-469
-458
-453
-497
-570
-610
-553
-445
-354
-338
-370
-381
-393
-361
-235
-64
58
50
-33
-96
-109
-69
4
118
203
163
67
2
-6
27
63
107
130
118
74
14
-5
-51
-126
-172
-212
-243
-253
-245
-259
-330
-415
-477
-523
-497
-437
-385
-337
-350
-420
-433
-387
-352
-283
-206
-142
-123
-115
-45
26
81
122
154
186
213
281
395
484
521
507
460
416
412
447
507
558
574
530
456
423
407
405
433
448
410
379
360
310
277
262
218
166
119
79
31
3
-27
-83
-113
-177
-226
-244
-274
-274
-270
-290
-305
-286
-276
-277
-250
-212
-181
-145
-107
-88
-68
-39
-27
-17
8
69
113
108
94
85
64
37
64
97
69
17
-51
-118
-152
-148
-138
-146
-190
-276
-357
-428
-447
-427
-402
-369
-381
-420
-460
-467
-421
-367
-300
-240
-212
-193
-150
-68
14
65
98
115
120
160
252
345
403
428
404
347
306
323
385
438
443
406
347
275
217
210
233
242
235
186
110
61
40
39
41
49
36
-3
-25
-47
-51
-24
-12
-1
-5
-23
-46
-58
-43
-25
-8
5
-6
-23
-42
-67
-67
-44
-30
-31
-31
-36
-58
-71
-73
-55
-15
11
14
2
-11
-7
0
17
39
56
43
1
-18
-31
-39
-42
-45
-45
-73
-118
-140
-141
-141
-159
-165
-170
-206
-237
-239
-217
-196
-191
-172
-148
-137
-118
-80
-33
4
10
12
34
70
124
178
213
212
168
120
107
131
163
188
198
161
89
56
72
99
116
119
119
94
51
40
71
98
100
95
68
33
18
16
35
72
92
81
50
19
-5
-13
-2
3
-7
-37
-73
-101
-124
-139
-153
-169
-179
-190
-196
-199
-213
-221
-233
-240
-212
-166
-107
-61
-52
-60
-71
-60
-23
18
47
71
75
58
52
62
76
89
90
80
60
44
45
48
49
38
13
-13
-37
-45
-36
-25
-11
-16
-34
-31
-14
11
30
49
66
70
86
107
135
168
177
171
161
145
142
158
169
156
131
105
80
75
84
97
99
83
52
23
15
25
39
45
43
36
17
-6
-16
-7
8
15
7
-3
-19
-44
-56
-55
-56
-64
-75
-91
-110
-131
-148
-153
-154
-162
-167
-172
-187
-200
-208
-212
-201
-176
-138
-111
-99
-93
-90
-79
-55
-30
1
17
12
3
-3
-2
-3
-4
-8
-18
-30
-34
-38
-33
-27
-35
-44
-49
-56
-54
-43
-33
-25
-14
-13
-13
0
9
32
63
78
87
105
121
141
167
185
207
217
203
194
193
192
185
169
146
126
113
98
83
81
76
65
51
40
38
41
38
31
30
30
25
12
4
-6
-9
-5
-7
0
5
1
-9
-21
-22
-21
-23
-17
-24
-48
-63
-75
-84
-86
-93
-109
-126
-150
-170
-169
-155
-131
-114
-112
-113
-112
-113
-99
-63
-27
-9
-4
-7
-21
-26
-14
2
19
27
25
13
-5
-12
-9
-4
-2
-5
-13
-23
-25
-37
-45
-42
-39
-38
-36
-33
-22
-21
-23
-13
1
11
32
56
62
66
72
73
74
87
103
113
110
94
84
75
78
80
80
85
75
63
51
44
47
52
54
49
41
35
31
26
27
25
20
19
21
24
23
15
5
-2
-14
-20
-12
-13
-16
-21
-36
-51
-60
-66
-61
-55
-62
-70
-81
-96
-96
-80
-68
-58
-55
-59
-57
-49
-39
-24
-1
4
-2
-2
-3
2
17
26
24
17
6
-3
-1
2
6
7
1
-10
-19
-21
-21
-22
-23
-25
-26
-28
-32
-23
-20
-22
-25
-25
-18
-8
2
15
21
19
17
16
