18
22
18
6
-11
-8
-18
-35
-30
-40
-54
-66
-71
-69
-83
-94
-105
-115
-112
-123
-122
-121
-137
-163
-169
-164
-188
-170
-157
-178
-152
-158
-199
-201
-182
-188
-212
-191
-145
-141
-184
-202
-190
-204
-209
-182
-131
-77
-91
-92
-63
-73
-27
32
114
173
198
269
229
306
566
779
905
950
955
873
895
973
1053
1368
1574
1402
1188
1088
1033
839
686
795
809
677
405
134
34
-102
-393
-727
-698
-546
-678
-737
-615
-601
-835
-999
-860
-601
-353
-223
-174
-121
-250
-477
-380
-15
206
186
151
99
-151
-468
-628
-618
-634
-787
-956
-1023
-1164
-1480
-1738
-1916
-2035
-1999
-1913
-1846
-1676
-1702
-1973
-2017
-1920
-1770
-1433
-1026
-756
-655
-616
-674
-566
-254
-25
305
617
854
877
837
993
1043
1418
2149
2932
3504
3541
3156
2690
2422
2511
2983
3773
4325
3951
3029
2122
1466
1055
1081
1473
1779
1633
853
-70
-785
-1269
-1602
-1830
-1747
-1480
-1446
-1652
-1749
-1874
-2241
-2500
-2257
-1564
-705
195
842
1199
1342
1109
881
1074
1480
1928
2304
2196
1713
1152
280
-657
-1071
-1018
-1042
-1265
-1276
-1415
-2227
-3101
-3678
-4077
-4141
-4026
-3800
-3591
-3570
-3864
-4209
-4171
-3876
-3351
-2620
-1707
-925
-550
-318
-291
-203
124
437
960
1660
2080
2028
1697
1435
1195
1001
1443
2112
2412
2732
3488
4266
4393
3943
3309
3124
3224
3490
4313
5470
5998
4875
2872
1488
1032
1175
1764
2645
3265
2758
913
-1169
-2109
-1986
-1915
-1875
-1381
-1121
-1755
-2712
-3217
-3535
-3725
-3650
-3296
-2281
-974
148
703
669
334
-255
-307
519
1954
3455
4057
3314
1514
-160
-1136
-1521
-1030
-35
526
61
-1357
-2921
-4251
-5015
-4970
-4651
-3979
-3403
-3586
-4332
-5200
-5885
-6414
-6203
-5041
-3551
-2189
-1399
-1410
-1830
-2085
-1924
-1201
334
2033
2916
3041
2656
1827
1025
925
1530
2450
3337
4001
4053
3598
3291
3638
4527
5127
5296
5333
5359
5075
4842
5202
5805
5732
4672
3403
2692
2762
3060
3188
3159
2779
1578
-323
-1635
-1818
-1571
-1585
-1960
-2402
-3008
-3988
-4837
-4968
-4657
-4372
-4238
-3891
-3122
-2480
-2004
-1344
-697
-267
10
378
1136
2136
2898
3037
2702
2118
1045
74
7
523
745
411
-208
-1432
-3020
-4263
-4770
-4563
-4419
-4495
-4650
-5218
-6139
-6975
-7201
-6793
-6137
-5328
-4385
-3458
-3000
-2982
-2818
-2211
-1219
-186
1095
2369
3000
2970
2572
2507
2652
2733
3186
3982
4696
4877
4642
4551
4794
5305
6096
6904
7108
6620
5986
5525
5547
6118
6740
6943
6060
4484
3010
2294
2578
3068
3269
3084
2108
158
-1979
-3133
-3116
-2896
-3081
-3371
-3710
-4523
-5756
-6466
-6257
-5825
-5387
-4746
-3839
-3020
-2369
-1727
-1205
-741
-504
-246
662
1970
3089
3593
3391
2398
826
-203
-46
798
1570
1655
622
-1402
-3594
-5132
-5528
-4798
-4109
-4242
-4866
-5893
-7309
-8330
-8080
-7087
-6171
-5191
-4237
-3722
-3644
-3639
-3381
-2657
-1396
44
1463
2678
3344
3197
2859
2872
3167
3985
4907
5771
6207
6139
5738
5285
5455
6191
7416
8538
8704
7772
6591
5696
5384
5845
6824
7506
6686
4663
2483
1133
999
1523
2097
2145
1400
-545
-3073
-4586
-4734
-4265
-4073
-4126
-4307
-5112
-6373
-7257
-7275
-6662
-5834
-5014
-4038
-2940
-2301
-2118
-1975
-1649
-1141
-365
1171
3058
4186
4154
3115
1703
588
402
1432
2913
3719
2906
738
-1782
-3830
-4712
-4357
-3199
-2574
-3466
-5219
-7020
-8457
-9039
-8343
-6904
-5654
-5015
-4904
-4995
-5081
-4891
-4237
-2728
-603
1068
2162
2776
2920
2818
2764
3470
4861
6395
7298
7299
6860
6078
5483
5514
6319
7573
8776
9469
9008
7472
5751
4854
4852
5718
6903
7627
6965
4641
1759
-333
-545
405
1438
2002
1661
-37
-3016
-5659
-6335
-5344
-4274
-3759
-3669
-4433
-6170
-8003
-8705
-7845
-6235
-4939
-4013
-3072
-2566
-2909
-3398
-3034
-1876
-573
868
2525
3882
4034
2759
1117
364
818
1842
2988
3871
3577
1458
-1471
-3406
-3722
-3067
-2301
-1926
-2476
-4227
-6511
-8065
-8239
-7219
-5924
-5111
-4662
-4758
-5230
-5480
-4976
-3650
-2142
-560
769
1606
2048
2107
2367
3000
3916
5072
6170
6944
6988
6475
5850
5547
5864
6289
6963
7972
8603
8450
7410
6038
4992
4554
4839
5698
6616
6812
5387
2738
248
-1004
-643
614
1764
2097
1174
-1376
-4597
-6516
-6209
-4605
-3230
-2835
-3393
-4934
-7214
-8855
-8756
-7088
-5079
-3783
-3217
-3193
-3623
-4234
-4432
-3373
-1435
251
1531
2469
2807
2165
940
168
580
1862
3058
3812
3875
2764
670
-1178
-1858
-1501
-627
-3
-477
-1962
-3860
-5572
-6443
-6163
-4959
-3963
-3829
-4257
-4897
-5406
-5303
-4300
-2666
-951
114
460
528
490
645
1450
2865
4329
5211
5511
5335
4808
4484
4584
5126
5862
6416
6641
6521
6262
6131
5937
5546
4993
4544
4367
4415
4525
4485
4107
2759
947
-277
-509
100
996
1461
984
-608
-2964
-4882
-5469
-4503
-3060
-2382
-2688
-4114
-6134
-7848
-8260
-7033
-5016
-3310
-2877
-3321
-4131
-4990
-4946
-3620
-1483
384
1404
1652
1230
618
406
732
1565
2607
3342
3475
2991
2189
1276
555
292
302
418
306
-323
-1343
-2451
-3453
-4166
-4256
-3880
-3541
-3484
-3678
-3924
-4187
-4073
-3339
-2278
-1205
-427
3
183
367
788
1492
2428
3372
4029
4216
4067
4016
4097
4326
4733
5168
5281
4939
4468
4164
4178
4353
4664
4671
4090
3083
2005
1367
1351
1767
2122
2087
1244
-227
-1452
-1898
-1578
-820
-130
-81
-1006
-2591
-3995
-4516
-3955
-2849
-2003
-1826
-2457
-3631
-4732
-5010
-4263
-2920
-1643
-1126
-1253
-1727
-2321
-2562
-2047
-827
365
1027
1167
883
333
-214
-293
301
1158
1735
1863
1618
964
14
-646
-743
-476
-168
-119
-362
-944
-1765
-2553
-2963
-2804
-2280
-1706
-1338
-1217
-1317
-1573
-1635
-1226
-467
356
999
1418
1620
1655
1683
1937
2475
2946
3271
3548
3665
3640
3583
3523
3454
3392
3289
3146
2991
2755
2395
2019
1652
1340
1000
612
225
-244
-762
-1198
-1421
-1440
-1423
-1524
-1675
-2006
-2468
-2812
-2815
-2414
-1879
-1534
-1476
-1650
-1983
-2319
-2304
-1686
-875
-265
-5
-113
-507
-885
-894
-415
372
990
1216
1012
442
-123
-396
-309
130
681
973
823
360
-99
-447
-617
-495
-148
81
-65
-387
-710
-1045
-1286
-1316
-1159
-933
-810
-843
-867
-821
-811
-715
-425
-26
367
658
856
954
1019
1086
1212
1520
1834
2016
2069
2056
2032
1935
1902
2010
2114
2044
1861
1688
1455
1216
1039
916
816
595
293
61
-207
-545
-795
-997
-1202
-1396
-1578
-1756
-1961
-2155
-2310
-2410
-2478
-2514
-2499
-2467
-2419
-2330
-2197
-1980
-1744
-1487
-1208
-977
-749
-481
-148
179
516
927
1222
1358
1460
1520
1597
1700
1827
1983
1998
1845
1628
1397
1214
1128
1164
1181
1083
862
549
229
-61
-208
-215
-179
-186
-304
-517
-763
-937
-957
-826
-647
-450
-251
-175
-219
-200
-85
34
185
391
571
661
722
721
683
720
754
821
954
1063
1127
1085
978
821
674
633
617
607
567
393
83
-215
-402
-560
-706
-770
-848
-1051
-1320
-1519
-1662
-1809
-1899
-1964
-2041
-2113
-2203
-2251
-2235
-2174
-2085
-1993
-1860
-1696
-1517
-1335
-1137
-915
-689
-476
-294
-75
207
456
677
915
1093
1205
1315
1440
1563
1669
1750
1791
1814
1800
1769
1771
1743
1669
1587
1497
1409
1280
1129
989
834
646
445
313
225
112
-1
-100
-156
-179
-187
-138
-73
-48
-61
-98
-79
-1
72
168
265
306
285
264
307
376
449
533
579
566
497
399
354
349
321
284
235
107
-77
-259
-399
-496
-575
-645
-743
-855
-975
-1119
-1238
-1328
-1396
-1442
-1514
-1596
-1661
-1747
-1799
-1782
-1732
-1665
-1591
-1472
-1326
-1198
-1078
-936
-789
-671
-510
-287
-57
157
307
408
515
634
791
967
1136
1295
1358
1324
1302
1311
1302
1281
1281
1268
1195
1075
959
864
750
620
530
488
424
320
240
148
45
-29
-103
-110
-45
-1
25
25
35
49
24
55
164
263
289
277
276
284
273
287
370
429
430
393
337
294
268
266
301
328
265
146
12
-114
-199
-253
-287
-354
-458
-585
-733
-834
-868
-887
-917
-955
-1017
-1103
-1179
-1188
-1168
-1122
-1028
-971
-934
-858
-772
-681
-546
-393
-270
-148
-25
91
215
340
448
513
571
641
696
747
792
802
784
742
690
666
658
627
599
571
494
400
331
278
223
196
198
172
130
94
73
56
25
25
33
6
20
65
80
86
99
101
69
49
79
113
123
115
98
77
55
33
22
11
-28
-83
-125
-149
-143
-141
-147
-167
-230
-305
-361
-390
-393
-395
-423
-481
-557
-614
-647
-650
-590
-537
-526
-528
-548
-569
-565
-517
-460
-401
-340
-324
-317
-273
-208
-130
-28
67
123
178
231
295
388
481
554
604
641
665
675
681
688
690
679
667
667
668
665
627
569
528
471
419
405
386
330
262
198
118
42
15
10
8
4
-22
-48
-93
-129
-110
-72
-39
-7
-11
-46
-72
-90
-86
-54
-31
-16
-26
-66
-90
-94
-102
-109
-114
-125
-150
-184
-204
-216
-225
-239
-269
-301
-327
-348
-373
-407
-430
-448
-489
-518
-513
-504
-501
-494
-498
-515
-517
-504
-482
-433
-387
-357
-334
-309
-276
-232
-168
-89
-18
44
97
135
178
237
303
364
422
479
513
523
530
526
514
505
502
502
502
497
476
440
403
371
343
321
310
293
258
222
178
128
95
79
78
83
78
69
46
21
11
14
25
35
40
31
14
4
-5
-11
-4
0
-16
-32
-37
-45
-61
-66
-56
-61
-92
-118
-136
-152
-166
-173
-177
-182
-204
-240
-264
-277
-297
-316
-329
-331
-328
-336
-347
-351
-360
-368
-361
-330
-282
-240
-217
-197
-180
-172
-154
-98
-22
31
63
92
103
101
114
155
210
250
278
291
290
276
260
258
259
250
233
214
194
168
148
137
128
112
98
94
82
74
81
71
59
50
27
5
-1
8
17
28
35
36
33
33
46
54
66
77
80
80
82
75
60
44
26
17
20
25
34
42
35
15
-5
-23
-30
-22
-14
-16
-29
-59
-97
-128
-155
-167
-171
-172
-174
-185
-196
-207
-229
-243
-234
-224
-209
-182
-164
-160
-159
-155
-140
-113
-70
-21
22
54
77
95
100
111
147
182
210
235
243
228
203
181
173
177
178
170
148
109
71
35
9
-2
-11
-23
-42
-65
-85
-97
-113
-131
-128
-124
-124
-119
-110
-99
-91
-84
-68
-44
-18
10
33
46
53
61
66
73
87
97
98
94
83
76
75
69
70
73
66
56
46
30
17
12
12
8
-3
-16
-35
-58
-78
-89
-87
-87
-95
-103
-109
-117
-128
-131
-121
-116
-114
-112
-114
-112
-115
-115
-102
-73
-46
-22
7
26
36
51
66
91
122
148
162
169
171
167
165
172
184
190
182
168
148
122
103
90
82
73
51
27
1
-32
-59
-72
-79
-88
-96
-106
-120
-135
-139
-137
-132
-117
-106
-96
-91
-88
-75
-57
-41
-21
-5
5
7
10
20
30
46
61
60
52
48
42
34
38
45
44
36
26
13
-1
-11
-14
-12
-2
3
-4
-13
-27
-42
-50
-37
-21
-7
1
-8
-23
-35
-37
-31
-15
0
5
1
-9
-15
-16
-7
6
19
31
35
29
21
21
26
32
42
58
60
50
40
29
27
29
35
43
42
33
21
6
-3
0
4
0
-6
-16
-33
-51
-64
-65
-58
-51
-54
-60
-65
-71
-79
-72
-55
-39
-29
-25
-28
-33
-34
-30
-18
3
20
23
21
16
8
3
11
25
37
45
39
23
10
1
-8
-8
-6
-6
-10
-19
-28
-34
-39
-40
-38
-30
-17
-7
-2
1
0
3
7
17
31
47
54
51
54
56
60
71
85
96
101
101
94
88
85
79
79
78
77
71
61
49
36
30
24
16
13
10
7
-2
-11
-18
-28
-38
-45
-48
-51
-51
-56
-70
-79
-85
-91
-88
-77
-63
-62
-69
-74
-75
-76
-71
-57
-42
-38
-40
-42
-45
-40
-34
-24
-12
-1
-1
-6
-9
-4
1
6
11
13
9
0
-9
-14
-16
-17
-23
-25
-24
-27
-32
-33
-35
-37
-34
-29
-20
-8
-2
-3
-1
1
4
12
25
40
48
54
59
63
69
77
89
101
112
113
108
104
96
90
88
89
84
78
67
52
41
31
23
19
17
12
5
-6
-21
-29
-34
-38
-42
-41
-41
-48
-59
-65
-66
-66
-64
-55
-45
-38
-37
-39
-38
-32
-25
-18
-6
3
2
-4
-10
-8
-2
6
17
27
29
25
18
14
16
21
17
15
11
-3
-21
-31
-37
-40
-44
-49
-53
-58
-67
-76
-79
-75
-72
-67
-58
-51
-50
-49
-46
-45
-42
-31
-18
-6
11
20
25
26
30
39
54
71
82
90
93
86
77
74
78
80
78
76
71
60
47
38
34
32
27
24
21
11
0
-10
-16
-16
-18
-18
-19
-24
-30
-39
-44
-45
-42
-36
-33
-30
-28
-27
-27
-28
-24
-18
-14
-13
-10
-7
-4
-3
2
13
22
26
29
28
27
24
22
27
30
26
23
17
9
1
-1
0
2
0
-7
-11
-19
-24
-28
-30
-34
-37
-31
-37
-13
-2
-17
-21
-49
-77
-93
-88
-75
-34
-8
7
35
33
43
41
43
48
44
39
40
43
38
39
48
52
55
66
65
62
57
42
28
24
12
1
3
-8
-12
-27
-33
-30
-40
-32
-27
-32
-39
-50
-68
-73
-72
-66
-47
-29
-14
-6
-6
-6
-13
-22
-27
-38
-38
-42
-36
-20
-13
16
29
35
53
50
44
48
44
38
48
43
35
35
23
17
7
4
6
4
23
26
48
48
25
10
-31
-64
-89
-99
-106
-95
-86
-84
-35
-3
18
58
66
53
28
4
-17
-12
0
4
37
52
60
61
63
65
57
54
48
56
50
40
40
24
4
-4
-16
-17
-3
-4
3
7
-6
-27
-41
-58
-71
-73
-73
-57
-47
-30
-12
0
3
-2
-14
-31
-45
-57
-60
-47
-31
-15
11
31
42
43
42
34
18
8
1
0
4
6
13
18
16
11
8
2
2
2
0
1
-6
-17
-25
-28
-30
-26
-21
-17
-16
-22
-25
-27
-24
-20
-19
-15
-11
-6
-7
2
10
17
21
24
24
20
20
14
16
25
29
36
45
44
47
39
34
35
30
34
35
38
42
41
34
32
27
16
9
-3
-2
-9
-7
-3
-14
-3
-8
-20
-20
-31
-33
-37
-47
-36
-26
-30
-31
-30
-26
-19
-20
-23
-13
-9
-30
-27
-11
-3
11
12
16
18
13
-7
0
11
12
22
18
25
18
6
-10
-3
10
-1
28
13
-17
-3
-37
-55
-11
-27
-23
-3
-38
-26
-26
-39
-26
-11
-15
-23
-30
-28
-6
-20
-10
