12
11
7
5
10
13
9
4
3
9
6
-4
-16
-24
-33
-38
-43
-40
-32
-26
-20
-13
-6
-5
-9
-10
-7
-2
3
5
5
8
7
0
-9
-20
-39
-55
-59
-48
-29
-16
-13
-24
-41
-62
-89
-115
-129
-124
-107
-78
-53
-44
-55
-82
-109
-121
-117
-119
-125
-130
-119
-102
-80
-57
-57
-77
-106
-124
-109
-71
-13
16
24
33
34
23
21
130
427
976
1587
1922
1861
1498
1094
809
695
660
518
218
-246
-651
-731
-587
-550
-795
-956
-782
-457
-165
52
330
576
572
331
150
205
133
-233
-446
-145
394
655
632
627
677
596
308
171
364
509
297
53
223
487
285
-388
-1094
-1544
-1827
-2100
-2229
-1966
-1493
-1140
-803
-304
102
128
-82
-183
-50
150
212
153
124
147
96
-58
-235
-492
-864
-1179
-1233
-988
-616
-352
-263
-242
-256
-381
-574
-828
-1133
-1306
-1246
-942
-489
-72
104
60
-24
-120
-188
-220
-239
-283
-270
-137
-5
37
-15
-116
-239
-260
-215
-241
-272
-230
-72
149
331
384
191
167
666
2217
4798
6832
7175
5855
4146
2924
2256
2112
1883
1390
259
-1465
-2433
-2229
-1627
-1867
-2579
-2354
-1396
-370
143
528
1216
1569
1107
206
54
334
-89
-842
-840
163
1096
1258
960
878
1078
806
276
289
904
1061
561
693
1259
1336
330
-1433
-2833
-3420
-3501
-3830
-3787
-2987
-2289
-1583
-699
105
387
60
-343
-433
64
540
448
161
-93
-345
-706
-1072
-1481
-2016
-2312
-2155
-1597
-771
-19
253
65
-169
-423
-810
-1157
-1514
-1848
-1800
-1351
-872
-428
-42
-81
-401
-532
-457
-338
-250
-232
-369
-314
-91
-75
-16
51
-116
-568
-912
-864
-755
-409
-73
28
270
385
587
1295
3803
7992
11101
11599
9371
6430
4360
3181
2795
2516
2198
530
-2576
-4434
-4079
-2811
-3088
-4355
-3988
-2043
-21
605
1009
2386
3224
2260
225
-423
140
-401
-1842
-2020
12
2104
2250
1390
1349
1940
1570
521
631
2010
2600
1541
276
831
2284
1746
-820
-3329
-4739
-5857
-6558
-5988
-4372
-2547
-1850
-1796
-1001
171
495
-460
-1145
-641
248
528
97
-161
-513
-1364
-2267
-2799
-2934
-3062
-3058
-2497
-1146
433
1209
1079
512
-201
-1079
-1926
-2295
-2176
-1841
-1554
-1104
-407
119
245
-166
-698
-864
-626
-326
-221
-64
-54
-145
-281
-576
-905
-1162
-1261
-1335
-1028
-414
75
234
244
406
585
999
2156
5474
10575
14274
14231
10719
6698
4152
3168
3008
2849
2447
270
-3294
-5430
-4872
-3246
-3505
-4670
-4032
-1586
675
1304
1946
3584
4388
2750
93
-678
-246
-860
-2095
-1984
165
2207
2288
1335
1230
1829
1306
289
838
2437
2984
1767
431
138
142
17
-997
-2798
-4455
-6163
-7672
-7672
-5117
-2118
-578
42
-371
-824
-523
-301
-411
-457
-103
76
204
149
-536
-1249
-2399
-3752
-4339
-4010
-3281
-2612
-1485
-195
782
1394
1065
-90
-1527
-2684
-3282
-3411
-2670
-1323
-465
-136
193
221
-2
-197
-532
-791
-593
-136
-312
-504
-388
-636
-816
-1065
-1285
-1561
-1766
-1595
-1292
-673
-136
536
950
825
879
2077
6810
13410
17352
16277
11453
6553
3446
2930
3641
4241
3635
-227
-5188
-7328
-5858
-4199
-4855
-5295
-3541
-365
1718
2130
3303
5441
5865
2906
-245
-611
-258
-1235
-2407
-1333
1536
3232
2428
1003
1313
1907
993
294
1749
3885
4216
2978
1833
1893
1798
-579
-4196
-6446
-7018
-7454
-7453
-5995
-3682
-1738
-977
-969
-842
-404
-323
-718
-408
769
1549
1061
-189
-1264
-2104
-3003
-4048
-4726
-4456
-3659
-2994
-2102
-574
762
1078
372
-750
-1745
-2586
-3260
-3567
-3151
-2404
-1803
-1189
-620
-244
-370
-955
-1455
-1335
-1013
-915
-467
-167
-410
-900
-1261
-1507
-1847
-2043
-2411
-2104
-1206
-555
-65
286
741
550
-177
200
4819
13326
19766
20341
15311
8295
3164
1561
2834
4964
6215
3390
-3031
-7569
-7373
-4950
-4738
-5933
-5036
-1832
1153
2271
3700
6556
8049
5386
569
-1464
-695
-491
-1423
-921
2088
4455
3756
1417
595
1319
828
-250
635
3391
5045
4117
2520
1881
1570
-725
-4728
-6963
-6219
-4882
-4659
-4594
-4097
-3222
-2307
-1874
-1430
-839
-1128
-2315
-2310
-474
1228
1517
410
-1159
-1964
-2052
-2387
-3266
-3909
-4147
-4191
-3520
-2076
-569
243
178
-506
-1355
-2001
-2630
-3341
-3583
-3057
-2244
-1316
-320
303
104
-926
-2037
-2458
-1902
-1275
-1134
-990
-914
-1083
-1491
-1976
-2381
-2479
-2351
-2110
-1505
-836
-816
-1056
-636
157
530
465
3547
11513
19650
22521
18250
10400
3814
1367
2605
5453
8455
7045
-160
-7525
-9844
-7720
-6382
-6863
-6209
-2843
1212
2628
3373
6248
8921
7029
1285
-2435
-1954
-328
-161
-44
2371
4936
4137
881
-799
206
705
-216
196
3119
6087
6259
4236
2272
1331
-571
-4340
-6223
-5116
-4099
-4446
-5057
-5209
-4178
-2094
-1163
-1328
-1239
-1791
-2736
-2109
-92
1490
1746
896
-482
-1522
-1955
-2306
-2870
-3607
-4128
-4220
-3688
-2378
-1018
-294
22
-104
-902
-1896
-2737
-3388
-3501
-2975
-2252
-1221
85
540
53
-714
-1713
-2535
-2573
-2174
-2110
-1973
-1665
-1736
-1635
-1492
-1678
-1936
-2353
-2616
-2515
-1923
-1503
-1252
-595
-39
382
123
2478
10213
18777
22202
18065
10034
3092
738
2832
6496
10229
9273
1298
-7929
-11684
-9482
-7146
-6710
-5718
-2596
1127
2130
2372
5171
8555
7264
1289
-2525
-1572
909
2033
2394
3879
5128
3322
-874
-2705
-676
903
364
845
3776
6602
6856
4604
1793
286
-1227
-3820
-4839
-2908
-1184
-2034
-3985
-5546
-5517
-3860
-2306
-1578
-1083
-883
-1504
-1463
38
1519
1632
376
-1113
-1823
-1356
-700
-1164
-2537
-3873
-4757
-5000
-4119
-2598
-1503
-738
-271
-559
-1232
-1987
-3050
-3865
-3837
-3059
-1566
298
1302
883
-309
-1787
-3052
-3518
-3118
-2585
-2135
-1784
-1784
-1795
-1668
-1792
-2368
-2682
-2606
-2373
-1846
-1370
-1234
-917
-431
-220
-497
1011
7586
16590
21883
19716
11897
3720
50
2071
6866
11750
12330
4914
-5997
-12636
-12205
-8833
-6847
-5445
-2938
207
1299
1122
3286
6773
6941
2137
-2210
-1649
1699
4116
4791
5383
5575
3275
-1153
-3651
-1778
1103
1790
2053
4104
6328
6208
3903
1402
379
108
-840
-1786
-1596
-1573
-3499
-6013
-6999
-5887
-3627
-1949
-1665
-2226
-2472
-2308
-1533
264
1941
2333
1570
523
-208
-223
-23
-1033
-3014
-4601
-5179
-4703
-3426
-1992
-1201
-924
-817
-1248
-2117
-2786
-3119
-3325
-3145
-2308
-1104
56
393
-629
-2133
-2962
-3043
-2826
-2235
-1523
-1462
-1845
-2202
-2335
-1644
-821
-864
-1494
-1978
-2049
-1942
-1642
-1754
-1741
-1140
-706
-546
-520
2564
10303
18204
20540
15339
6756
274
-568
3760
9868
14344
11875
1626
-9527
-14477
-12197
-8223
-5552
-2937
17
1702
667
170
2660
5279
4038
-313
-2006
646
4274
6058
6177
5839
3750
-589
-4376
-4023
-77
2915
3611
4043
4914
4939
3647
1881
651
453
22
-623
-117
719
-548
-4001
-7200
-8288
-6415
-2594
488
920
-1043
-3614
-5013
-3962
-883
1903
3188
3088
2015
887
413
-154
-1961
-4208
-5449
-5192
-3625
-1560
-215
-82
-876
-2404
-3891
-4111
-3179
-2237
-1563
-1056
-595
-39
-77
-1111
-2283
-2952
-3140
-2772
-1968
-1294
-1462
-2497
-3675
-3790
-2396
-596
515
374
-768
-1779
-2270
-2415
-2319
-2185
-1837
-1364
-514
-128
1252
7180
15164
19588
16922
8978
1098
-1602
2497
9677
15841
16278
7444
-6083
-15232
-15581
-10709
-5641
-1416
1485
2300
336
-2588
-2324
1013
2934
1109
-619
1140
4238
6250
6704
5918
3763
-197
-4188
-4651
-451
4014
5175
4866
4427
3016
1096
521
1746
3675
4256
2075
-603
-1780
-2959
-5024
-6192
-5610
-4401
-2973
-1672
-1318
-2222
-4153
-5941
-5584
-2176
2129
4657
4970
3451
875
-1318
-2259
-2435
-2375
-1978
-1752
-1761
-1541
-1536
-2149
-3024
-3725
-4118
-3696
-2437
-1464
-1000
-841
-1164
-1643
-1726
-1556
-1689
-1703
-1656
-1959
-2241
-2528
-2887
-3146
-3033
-2848
-2207
-666
496
634
-50
-1033
-1715
-2029
-2061
-1921
-1213
-226
-204
-668
-795
1951
8920
16121
18525
13830
5691
-397
-577
5310
13046
17970
15011
3382
-9696
-16248
-14041
-7463
-1231
2939
3783
1082
-3914
-7050
-4813
104
2776
2162
1561
2872
4314
4702
4311
3483
1809
-1116
-3110
-1465
2741
5723
5617
4090
2439
821
132
927
3165
5282
4773
1476
-2027
-3909
-4972
-5332
-4326
-2845
-1901
-1969
-3108
-4803
-6254
-6971
-6501
-3729
823
4374
5009
3042
-7
-2400
-2831
-1605
96
1557
1837
487
-1511
-3016
-3815
-3827
-3075
-2323
-1859
-1629
-1990
-2795
-3083
-2651
-2138
-1229
-237
-121
-690
-1599
-2813
-3798
-3789
-3488
-3245
-2705
-2153
-1749
-1230
-709
-861
-1142
-995
-759
-484
-127
-42
-364
-737
-758
-897
-877
-586
1771
8207
15268
17767
13219
5426
269
950
6801
13656
17426
14317
3244
-9351
-15253
-12211
-5099
223
2834
2381
-1042
-5919
-9201
-6942
-1018
3225
3445
2217
2785
3384
2617
1497
1092
1265
567
-52
1344
4319
6304
5053
2176
684
936
1881
3209
4755
5573
4519
1528
-1982
-4269
-4851
-4599
-3448
-1628
-706
-1777
-4846
-8228
-9626
-8169
-4474
-168
2995
3800
2117
-776
-2857
-2601
-420
1960
3183
2795
1138
-957
-2825
-3855
-3561
-2284
-1129
-758
-1117
-2205
-3757
-4858
-4581
-2799
-404
885
481
-815
-2629
-4245
-4861
-4039
-2634
-1883
-2005
-2790
-3064
-2874
-2586
-2047
-1393
-593
12
311
563
621
277
-396
-1014
-817
-201
533
859
1031
4017
9542
13906
13326
8118
3238
2266
5927
11475
15380
15053
8054
-3369
-11717
-11492
-4334
2199
3989
2477
-1150
-5746
-9555
-9424
-3785
2807
5184
3029
463
57
-426
-1109
-730
741
2349
2323
1812
2744
4471
4383
1941
756
2124
4238
6056
6335
5082
3385
963
-1752
-2978
-1943
-736
-1110
-2259
-3908
-5702
-7036
-7844
-7477
-5789
-3414
-1583
-1089
-1069
-1394
-1991
-1699
-413
1246
2254
2124
992
-624
-1492
-1763
-1343
-129
583
262
-994
-2547
-3683
-3994
-3202
-1771
-162
766
-46
-1885
-3302
-3828
-3622
-2968
-2332
-2294
-2800
-3590
-4143
-3610
-2522
-1908
-1921
-1850
-1224
-392
391
617
325
19
-163
194
936
1396
1369
487
-698
-1255
325
5806
12117
14757
11454
4832
1041
2291
7526
13296
15627
12177
2825
-6949
-9718
-4543
2997
5841
3351
-519
-4655
-8112
-8995
-5431
1201
4693
2613
-1403
-3237
-2462
-2415
-3000
-1800
718
2719
2831
2823
3745
3459
1686
474
2503
6848
9464
8638
5493
2031
-667
-2045
-1196
1359
2819
970
-3667
-7896
-9345
-8097
-5652
-3712
-2928
-3509
-4667
-5113
-4164
-2061
-216
374
1
-558
-820
-882
-719
-334
124
672
907
545
-189
-1232
-2182
-2540
-1975
-545
736
886
-135
-1696
-2937
-3345
-2971
-2218
-1621
-1861
-3197
-4805
-5416
-4601
-3447
-2406
-2003
-2513
-2969
-3162
-2505
-1100
202
1256
1461
1068
697
233
345
849
1052
1231
615
-230
-263
1858
7559
12316
12365
7697
1837
599
4207
9907
14257
14097
8985
403
-6015
-4599
1683
6341
5180
-20
-3626
-5113
-5366
-3968
-923
2543
2037
-2468
-5586
-5429
-3600
-3021
-3182
-913
2251
3475
1996
95
729
1854
2311
4176
7214
9544
8383
3896
639
408
2209
3624
3417
2908
724
-3420
-6910
-7855
-5818
-3418
-3007
-3879
-5002
-5181
-4795
-4620
-3363
-1796
-1215
-1636
-2662
-2693
-1972
-1343
-670
-206
277
-19
-1447
-2496
-2275
-843
703
1294
1226
663
-564
-1754
-2133
-1468
-426
-136
-819
-2272
-3838
-4823
-4964
-3972
-2367
-1448
-1910
-3448
-4612
-4569
-3651
-2100
-631
208
285
-217
-609
-538
-255
3
-59
24
239
264
715
1325
1836
1949
3046
6753
9868
9273
5613
2672
4328
9128
13248
14279
11321
5667
-668
-3792
-276
5576
7751
4781
-22
-2310
-3527
-4690
-4200
-1805
916
-68
-4233
-6459
-5686
-4198
-3975
-3645
-910
1675
1585
-117
-768
1198
3210
3700
4672
6404
6969
5239
2687
2258
3729
4845
4316
2560
845
-1696
-5112
-6430
-4369
-1281
49
-1264
-3457
-5324
-6643
-6717
-5355
-2309
127
-656
-3138
-4903
-4972
-3926
-2933
-1802
-922
-1157
-2201
-3159
-2443
-286
1320
1677
1081
418
-80
-695
-877
-490
101
123
-971
-2381
-3163
-3118
-2490
-1896
-1737
-2196
-3164
-4012
-4483
-3662
-2200
-1030
-180
-515
-1025
-1772
-2492
-2178
-1709
-695
172
438
1055
981
451
-85
-739
-421
580
2046
5255
8698
9857
8105
4740
4312
6992
10284
12408
11300
8403
4577
1138
1255
5009
8163
6789
1606
-2526
-3002
-2373
-2003
-1850
-1268
-790
-3041
-6435
-7343
-5653
-3469
-2679
-1988
-144
347
-1288
-3244
-2602
910
3921
5009
5255
6251
6226
3794
1288
1255
3598
5067
3948
1874
250
-1141
-2298
-2432
-396
1228
-347
-3772
-6676
-6244
-3676
-1899
-1071
-1871
-3970
-6250
-7929
-7039
-4550
-2660
-1733
-2307
-3369
-3998
-3846
-2195
-124
1253
1706
1095
162
-713
-1809
-1983
-641
1108
1990
978
-958
-2267
-2864
-2398
-1457
-786
-143
-659
-1996
-2776
-2613
-1531
-1127
-1848
-2587
-3271
-3641
-3246
-2634
-1375
103
169
-596
-2163
-3189
-2367
-1074
1010
2725
3169
2784
1191
724
2903
6683
9658
9167
6349
5132
6484
8932
11008
11266
9830
6495
3074
2705
5150
7547
6345
2215
-853
-1301
-1135
-1889
-2111
-1317
-920
-2364
-4837
-5636
-4960
-4603
-4849
-4380
-1963
107
-183
-1218
-1208
364
2041
2561
3143
4040
3897
2623
1473
2179
3952
4441
3548
1965
522
-285
-786
-481
732
1049
-425
-2809
-4327
-4384
-4179
-3939
-3828
-4258
-4873
-5751
-6552
-6135
-4873
-3821
-3284
-3122
-2976
-3023
-3064
-2596
-1898
-1204
-823
-1092
-1241
-803
-377
-285
-449
-435
-164
-138
-331
-234
151
739
841
204
-309
-899
-1555
-1980
-2023
-1647
-1296
-1616
-2153
-2557
-2821
-2705
-2876
-2718
-2387
-2240
-1607
-638
178
604
406
-174
-104
312
1187
2186
2303
2883
3874
5667
7948
7935
6710
6016
6843
9440
11195
10893
9449
6576
4137
3699
4545
6711
6790
4211
1576
-612
-1182
-1630
-2449
-1809
-1204
-1728
-2974
-4334
-4218
-3524
-3794
-3743
-2986
-1995
-1706
-2501
-2498
-1103
581
1480
2189
2801
2620
1877
1341
2513
4336
4796
3710
1711
64
-273
-160
452
1057
-244
-2074
-3751
-4432
-3696
-3804
-3719
-3281
-3636
-3978
-4805
-5445
-5023
-4637
-4306
-3942
-4000
-4209
-4804
-4981
-3746
-2376
-1457
-1162
-1752
-1939
-1612
-1045
58
914
1257
877
50
-348
-268
127
671
971
709
169
-748
-1756
-1889
-1384
-756
-528
-1228
-2307
-3045
-2967
-2252
-1498
-1081
-1026
-1447
-2132
-1991
-1375
-522
124
89
475
1146
1269
1299
1491
2141
3945
5297
6523
7504
6603
5662
5266
6575
9652
10895
10378
8805
6050
4445
3913
4397
6185
6097
4246
2190
594
734
534
-278
-170
-433
-1429
-2726
-4183
-4383
-3627
-3450
-3277
-3086
-3023
-3074
-3580
-3025
-901
1034
2278
2653
1745
915
394
509
2222
3755
3797
2248
-302
-1550
-1300
-668
401
501
-513
-1660
-3162
-3552
-2669
-2083
-1835
-2573
-3863
-4652
-5585
-5851
-5199
-4535
-3891
-4107
-4948
-5019
-4607
-4085
-3290
-2498
-1500
-953
-1537
-2132
-2303
-1843
-797
-76
387
610
122
-761
-1207
-749
383
1360
1520
1021
14
-908
-1062
-674
96
666
249
-754
-1768
-2443
-2317
-1602
-1005
-937
-1486
-2003
-1616
-733
215
587
374
397
451
530
773
1059
1412
2484
3833
5301
6727
6590
5642
4697
4787
6843
8948
10059
9727
7573
5843
5513
5901
7029
7016
5586
3805
1821
904
636
465
644
82
-1373
-2835
-4169
-4609
-3952
-3310
-2562
-2168
-2714
-3440
-3867
-3322
-1872
-666
-22
482
909
711
43
-413
234
1517
2117
2127
1566
556
-472
-987
-274
1289
1632
17
-2154
-3609
-3629
-3234
-2998
-2505
-2719
-3701
-4864
-5674
-5346
-4511
-3976
-3716
-3829
-4261
-4717
-4849
-4221
-3227
-2579
-2263
-2214
-2465
-2677
-2648
-2102
-981
24
642
728
440
222
121
417
1032
1609
1810
1468
785
39
-346
-429
-339
-300
-298
-353
-756
-884
-887
-1032
-1115
-1312
-1409
-1255
-1125
-871
-558
-332
25
-85
-96
271
583
989
1355
2281
3294
4340
5771
6520
6775
6786
7004
8050
9068
9341
8756
7591
6829
6416
5954
6075
5640
4330
2867
1594
1412
1432
985
496
-79
-863
-1999
-3428
-4071
-3563
-3237
-3297
-3411
-3837
-4211
-4427
-4216
-2767
-959
70
134
-418
-463
-176
192
1034
1814
1968
1459
302
-758
-744
-145
382
158
-705
-1449
-2106
-2290
-2211
-2298
-2445
-2783
-3471
-4285
-4548
-4390
-4224
-4245
-4503
-4663
-4801
-4997
-5176
-5078
-4398
-3574
-2985
-2716
-2709
-2661
-2400
-1743
-809
-36
430
700
951
1130
969
763
947
1517
2020
1955
1639
1428
1343
1283
1079
922
595
-59
-746
-1203
-1019
-607
-628
-1029
-1598
-1917
-1787
-1543
-1152
-834
-642
-256
9
375
1018
1554
1925
2244
2935
4030
5009
5855
6346
6505
6626
6736
7135
7728
8029
7727
6973
6340
6115
5854
5741
5682
4993
3691
2150
1375
1156
705
93
-717
-1400
-2210
-3472
-4485
-4636
-4140
-3703
-3635
-3636
-3496
-3443
-3295
-3024
-2157
-909
51
589
74
-538
-580
-298
507
1141
1164
948
-137
-1189
-972
-284
400
-201
-1589
-2234
-2615
-2660
-2613
-2727
-2701
-3237
-4304
-4787
-4682
-4644
-4684
-4636
-4290
-4103
-4724
-5282
-4876
-3924
-2897
-2185
-1998
-1976
-2225
-2462
-1857
-738
346
1024
1149
1395
1538
1407
1572
1953
2256
2348
2128
1763
1435
889
548
621
668
433
-267
-1084
-1534
-1579
-1482
-978
-505
-533
-822
-1351
-1167
-373
128
630
867
818
923
750
1064
1895
2464
3246
3830
4129
4939
5411
5531
6187
6534
7046
7464
7390
7558
7142
6413
5953
5209
4609
4396
3666
2894
2100
912
392
-32
-530
-956
-1963
-2542
-2746
-3282
-3536
-3651
-3744
-3380
-3349
-3516
-3211
-2888
-2377
-2090
-1779
-916
-85
308
13
-435
-342
312
828
970
776
144
-833
-1403
-975
-365
-235
-1046
-2214
-2692
-2805
-2810
-2874
-2994
-3019
-3643
-4398
-4355
-4011
-3679
-3491
-3375
-3139
-3308
-3879
-4188
-3712
-2509
-1447
-963
-776
-783
-970
-1017
-550
413
1310
1671
1480
1148
1064
1117
1219
1458
1568
1516
1385
1022
634
321
247
372
437
384
59
-421
-708
-719
-612
-342
-240
-454
-665
-817
-575
-153
217
632
780
876
934
933
1127
1527
2138
2823
3383
3694
3983
4093
4041
4046
4283
4851
5122
4942
4488
4053
3814
3527
3087
2763
2690
2291
1485
891
730
595
-1
-787
-1213
-1317
-1450
-1821
-2252
-2406
-2424
-2686
-2791
-2498
-2209
-2132
-2173
-1941
-1543
-982
-487
-136
100
-258
-591
-543
-96
586
936
784
148
-1054
-1778
-1426
-871
-436
-914
-1739
-1906
-2093
-2203
-2162
-2126
-1988
-2411
-2788
-2399
-2167
-2229
-2414
-2557
-2136
-1679
-1796
-2033
-2005
-1741
-1311
-797
-230
30
-310
-704
-641
-95
786
1508
1669
1501
1129
654
571
940
1447
1780
1597
1244
903
475
341
201
70
172
37
-235
-430
-544
-415
-282
-206
-81
-130
-226
-290
-180
180
625
948
980
856
678
488
596
1113
1765
2333
2532
2693
2795
2639
2637
2810
3262
3698
3632
3261
2883
2568
2308
2027
1941
2087
1896
1277
587
131
-38
-293
-700
-959
-1089
-1343
-1748
-2044
-2021
-1856
-1913
-2105
-2090
-1827
-1709
-1728
-1543
-1084
-493
-278
-329
-275
-314
-469
-594
-434
151
532
245
-326
-918
-1172
-1092
-1034
-778
-619
-850
-1144
-1400
-1407
-1241
-1277
-1345
-1364
-1389
-1284
-1278
-1416
-1437
-1488
-1489
-1292
-1133
-1022
-887
-734
-485
-225
20
218
218
126
158
344
689
1068
1180
1106
981
753
562
491
553
702
811
798
600
304
123
112
111
136
176
111
-24
-144
-226
-185
-64
-143
-281
-318
-230
-99
-54
47
173
249
348
457
542
634
809
1002
1209
1390
1482
1675
1937
2095
2124
2139
2245
2394
2341
2204
2190
1986
1608
1184
990
1204
1237
819
312
-56
-288
-561
-922
-962
-825
-957
-1283
-1562
-1506
-1427
-1712
-1992
-1890
-1532
-1246
-1242
-1176
-974
-776
-550
-451
-127
50
-182
-387
-334
113
555
478
129
-319
-830
-817
-629
-305
8
-344
-794
-1094
-1198
-977
-911
-901
-736
-749
-754
-726
-860
-899
-940
-934
-650
-378
-252
-243
-363
-356
-138
100
314
353
220
168
214
382
683
870
865
722
457
340
468
646
781
787
643
427
186
21
-6
-32
-58
-116
-275
-381
-468
-554
-541
-467
-356
-223
-147
-108
-141
-211
-138
-28
124
297
321
299
227
176
398
681
842
841
740
932
1274
1436
1522
1499
1488
1518
1407
1469
1635
1554
1270
895
823
1021
915
516
141
-81
-189
-411
-672
-681
-627
-793
-1108
-1311
-1204
-1088
-1273
-1476
-1343
-1015
-811
-814
-821
-614
-335
-281
-255
-90
70
78
-91
-38
288
403
137
-233
-418
-191
59
56
107
67
-108
-370
-591
-432
-225
-264
-353
-437
-456
-490
-719
-827
-685
-569
-526
-480
-349
-214
-242
-309
-210
-5
186
297
308
362
402
364
440
617
712
631
461
386
403
412
390
335
234
109
-19
-120
-130
-151
-272
-347
-380
-396
-433
-521
-533
-514
-470
-359
-280
-237
-222
-305
-316
-271
-196
-62
-11
27
27
-34
-22
29
145
333
430
513
617
805
1106
1261
1259
1160
1041
1046
1120
1264
1422
1339
1028
635
362
376
406
326
192
19
-120
-329
-519
-534
-533
-629
-812
-971
-917
-814
-847
-909
-933
-813
-670
-603
-491
-361
-193
-32
93
250
371
357
273
246
381
550
508
372
218
156
148
54
-8
-11
-25
-117
-260
-288
-223
-277
-380
-424
-395
-329
-371
-443
-427
-355
-301
-283
-218
-111
-93
-132
-70
90
246
300
270
258
291
321
324
352
398
364
224
109
96
88
43
-24
-94
-160
-259
-365
-430
-464
-501
-567
-638
-644
-660
-711
-715
-678
-588
-522
-490
-468
-451
-404
-337
-244
-122
21
75
52
16
3
56
130
276
462
617
678
636
619
704
927
1146
1254
1242
1124
980
886
912
1016
1058
898
619
358
219
175
101
24
-52
-170
-357
-542
-618
-596
-597
-646
-652
-612
-546
-539
-554
-467
-320
-203
-136
-53
87
229
272
275
284
303
318
277
296
390
417
339
215
101
66
38
13
34
28
-4
-100
-206
-209
-213
-255
-287
-325
-325
-324
-344
-321
-302
-286
-270
-247
-164
-61
-6
21
48
88
131
140
161
191
181
151
105
64
24
-32
-70
-86
-117
-161
-228
-282
-319
-382
-448
-493
-511
-532
-573
-593
-600
-611
-608
-575
-545
-523
-502
-468
-416
-362
-284
-209
-121
-61
-45
-32
19
118
205
282
337
369
387
428
503
573
629
632
629
641
685
745
788
804
750
647
550
527
551
575
554
459
339
219
135
100
88
63
10
-47
-91
-140
-195
-219
-230
-256
-269
-258
-226
-170
-126
-106
-81
-47
-1
60
153
267
325
311
270
217
184
183
185
187
173
135
72
3
-47
-75
-92
-83
-69
-79
-100
-133
-169
-202
-233
-246
-233
-222
-230
-235
-217
-189
-174
-174
-164
-142
-130
-110
-80
-40
-11
-36
-69
-86
-99
-117
-145
-162
-160
-158
-171
-196
-231
-264
-305
-332
-329
-336
-358
-392
-434
-464
-479
-476
-460
-442
-434
-432
-410
-357
-300
-253
-195
-137
-104
-72
-31
14
61
92
110
131
143
152
161
184
222
246
254
262
268
280
314
350
383
399
401
401
403
411
434
455
458
448
430
421
417
417
431
436
428
405
384
375
370
367
353
334
313
291
273
267
252
210
153
104
82
79
88
93
78
48
12
-16
-33
-43
-52
-67
-81
-102
-126
-155
-178
-188
-203
-213
-220
-223
-223
-222
-207
-199
-192
-185
-182
-176
-169
-169
-165
-158
-153
-154
-171
-177
-178
-178
-180
-197
-226
-253
-272
-276
-278
-292
-308
-334
-366
-385
-394
-393
-394
-399
-395
-392
-397
-399
-390
-365
-342
-334
-331
-316
-294
-268
-240
-216
-184
-159
-131
-93
-60
-23
15
60
110
148
181
211
230
246
266
287
311
327
327
324
315
305
293
281
281
282
268
256
249
243
233
220
220
241
272
293
299
302
314
326
337
359
375
381
373
360
359
375
392
394
379
356
331
308
299
302
305
293
250
198
155
123
93
69
42
11
-35
-83
-127
-169
-204
-235
-250
-259
-279
-309
-332
-339
-339
-334
-316
-296
-286
-279
-264
-228
-192
-163
-148
-136
-125
-121
-108
-89
-77
-80
-93
-104
-112
-118
-123
-130
-147
-170
-203
-224
-232
-239
-248
-264
-282
-305
-326
-338
-343
-342
-345
-352
-353
-350
-345
-339
-324
-305
-289
-266
-235
-205
-175
-145
-115
-82
-44
-6
30
59
82
105
133
167
197
220
240
250
250
252
261
272
275
267
250
238
229
220
208
190
177
170
163
161
162
164
167
170
187
211
240
265
283
299
314
327
346
372
393
404
406
402
403
403
400
391
375
352
324
297
273
250
226
194
150
99
50
3
-34
-62
-87
-116
-147
-175
-207
-236
-250
-261
-278
-288
-293
-293
-295
-296
-288
-273
-255
-238
-224
-210
-192
-180
-161
-138
-117
-105
-102
-100
-99
-101
-102
-103
-113
-129
-141
-148
-154
-165
-178
-196
-214
-232
-246
-255
-263
-268
-275
-282
-287
-294
-297
-296
-291
-282
-272
-258
-240
-224
-206
-182
-158
-136
-113
-87
-55
-25
1
25
49
74
99
119
144
165
177
185
190
193
202
207
215
218
212
203
195
191
192
191
193
195
191
190
194
197
203
209
215
229
240
247
254
262
276
290
300
312
313
310
312
312
311
309
302
292
277
259
241
225
211
193
165
137
108
77
50
25
2
-24
-54
-86
-117
-142
-155
-163
-173
-183
-197
-209
-219
-221
-218
-207
-200
-202
-205
-205
-200
-189
-175
-162
-154
-152
-153
-151
-144
-133
-128
-126
-128
-133
-138
-143
-146
-147
-153
-160
-168
-173
-181
-191
-200
-206
-206
-207
-207
-205
-204
-200
-195
-186
-174
-160
-148
-135
-124
-114
-100
-83
-63
-45
-31
-17
-7
2
12
24
36
46
55
64
69
73
73
75
77
84
89
94
94
94
102
109
117
123
129
132
131
132
138
150
159
161
164
167
169
171
174
184
191
197
203
206
209
211
218
224
229
231
230
225
221
216
214
215
211
202
188
171
158
147
138
128
114
94
69
45
29
17
5
-13
-33
-55
-76
-94
-102
-105
-106
-107
-115
-123
-134
-143
-145
-143
-140
-137
-140
-148
-159
-167
-166
-162
-160
-159
-164
-171
-178
-177
-171
-166
-163
-168
-176
-183
-188
-189
-186
-183
-181
-182
-182
-179
-175
-170
-164
-154
-147
-139
-131
-121
-109
-98
-86
-74
-66
-60
-54
-44
-31
-16
-5
1
5
8
12
22
30
35
37
36
38
39
43
48
53
56
58
61
65
72
80
87
96
105
110
114
119
125
130
135
140
144
146
149
152
156
160
162
162
162
163
165
165
163
163
161
157
153
150
146
144
141
140
137
129
120
113
109
106
102
95
84
74
66
62
60
55
44
33
20
13
8
4
-3
-13
-27
-40
-47
-56
-63
-72
-82
-94
-106
-117
-126
-135
-140
-146
-151
-157
-162
-170
-176
-175
-172
-169
-168
-167
-165
-164
-162
-158
-151
-143
-139
-135
-130
-123
-119
-113
-107
-100
-96
-92
-88
-81
-76
-71
-67
-62
-57
-51
-45
-40
-36
-34
-32
-31
-25
-20
-16
-13
-11
-9
-8
-8
-6
-2
2
6
11
14
17
19
23
26
32
39
46
52
56
62
69
77
87
94
99
103
108
114
120
125
128
131
132
131
133
135
136
135
131
127
121
116
113
110
106
103
97
92
87
83
79
77
77
77
76
75
71
70
71
72
74
74
72
69
64
63
61
61
58
51
41
30
19
9
1
-7
-17
-29
-43
-56
-67
-76
-84
-93
-102
-111
-121
-128
-132
-133
-133
-134
-136
-138
-140
-141
-138
-133
-125
-122
-123
-122
-123
-119
-114
-106
-101
-97
-95
-94
-91
-84
-77
-69
-65
-62
-59
-56
-52
-50
-44
-39
-36
-33
-32
-31
-31
-30
-26
-24
-22
-20
-20
-20
-19
-17
-13
-9
-8
-6
-4
1
4
11
18
24
29
34
40
47
54
60
65
70
76
81
87
93
95
98
100
104
108
109
110
109
109
109
107
107
104
101
96
91
87
84
83
81
79
75
72
69
67
67
68
68
65
63
64
64
64
62
60
59
58
57
55
50
47
43
37
32
27
18
8
-2
-7
-12
-19
-28
-37
-47
-55
-61
-65
-70
-77
-84
-92
-97
-101
-104
-104
-105
-107
-111
-112
-114
-112
-109
-106
-103
-102
-101
-99
-95
-92
-88
-84
-80
-75
-72
-69
-65
-60
-56
-51
-46
-41
-40
-38
-36
-32
-28
-25
-23
-19
-19
-18
-17
-14
-12
-11
-10
-9
-9
-7
-5
-3
-1
-2
-3
-1
1
4
8
11
15
17
20
23
27
32
36
40
44
48
52
58
61
65
68
72
73
75
78
79
80
82
83
83
83
81
81
79
77
75
72
72
72
69
66
64
61
59
59
59
58
54
52
50
50
49
48
46
44
42
39
38
35
32
29
26
21
19
15
9
3
-1
-5
-10
-16
-22
-27
-33
-38
-43
-48
-52
-58
-63
-67
-71
-74
-76
-80
-83
-85
-88
-90
-91
-91
-93
-91
-91
-89
-89
-87
-85
-83
-78
-75
-72
-70
-67
-64
-60
-54
-49
-46
-42
-38
-34
-30
-27
-23
-19
-16
-15
-12
-10
-10
-7
-5
-4
-4
-4
-5
-3
-2
0
1
2
3
3
3
4
6
9
12
14
15
17
21
25
30
33
37
40
42
45
47
51
55
58
60
63
64
66
67
68
69
70
70
70
69
68
68
67
65
63
61
59
56
54
52
51
50
47
45
42
39
37
37
36
34
33
30
29
26
24
23
22
19
16
11
9
6
2
0
-3
-7
-12
-16
-21
-24
-28
-31
-34
-38
-42
-47
-51
-53
-55
-58
-61
-62
-65
-67
-68
-68
-69
-70
-72
-71
-71
-70
-69
-67
-67
-66
-64
-61
-60
-58
-54
-53
-49
-46
-43
-40
-37
-34
-32
-28
-25
-22
-19
-17
-15
-13
-11
-9
-7
-5
-4
-4
-4
-3
-2
-1
0
3
4
4
5
6
8
11
12
15
17
20
23
24
27
29
31
34
