-30
-22
-23
-25
-25
-20
-14
-11
-13
-13
-12
-18
-31
-52
-74
-89
-103
-122
-149
-183
-223
-267
-310
-344
-375
-412
-462
-509
-528
-524
-489
-455
-425
-397
-377
-329
-263
-190
-107
-33
17
63
110
164
210
251
312
355
375
380
377
414
438
465
486
486
531
499
487
476
471
517
552
676
722
778
829
1089
1563
1881
2092
1977
1771
1507
1254
1423
1884
2192
1889
1045
230
81
176
175
94
-124
-396
-1153
-2044
-2383
-2158
-1732
-1598
-1821
-1978
-1849
-1900
-1983
-1826
-1421
-600
-316
-69
315
358
963
1197
1374
1760
1947
2295
1961
1033
291
32
156
466
-48
-987
-1633
-2360
-2710
-2911
-2849
-2619
-2909
-3524
-3820
-3758
-3373
-2854
-2699
-2416
-2009
-1787
-1581
-1460
-1218
-725
-195
354
738
892
1038
1297
1503
1611
1942
2134
2204
2111
1621
1252
1032
803
758
581
218
32
-501
-731
-627
-723
-440
-386
-459
-372
-299
-109
210
406
622
1116
1340
1715
1959
2291
3671
4778
5404
5542
4977
4427
3688
3469
4284
5228
5107
3512
1297
183
426
423
96
-321
-812
-1900
-3847
-5246
-5213
-4267
-3741
-4025
-4461
-4286
-3967
-4292
-4398
-3559
-2094
-993
-657
-518
-86
519
1059
1918
3018
4353
5165
4631
3687
2841
2673
3188
3442
3028
1751
-42
-1458
-2232
-2582
-2493
-2636
-3397
-4438
-5504
-6017
-5810
-5309
-4778
-4346
-4041
-3673
-3360
-3092
-2466
-1586
-528
585
1253
1473
1453
1441
1741
2325
3077
3662
3692
3172
2223
1537
1515
1712
1857
1244
266
-830
-1944
-2275
-2501
-2381
-2458
-2762
-2977
-3391
-3047
-2793
-2309
-1673
-1292
-712
-339
12
322
854
1560
2734
3568
4369
5969
6806
7694
8076
7558
7131
6156
5946
6758
7432
7165
5217
2390
1007
1266
1244
886
51
-1016
-2488
-4923
-6695
-6774
-5671
-4821
-5226
-6203
-6376
-6046
-6249
-6183
-5008
-3136
-1676
-1391
-1413
-811
340
1377
2250
3611
5306
6793
6683
5795
5386
5004
5382
5614
5302
4524
2794
844
-813
-1814
-2035
-2202
-3207
-4364
-5589
-6684
-6955
-6945
-6639
-6228
-5911
-5604
-5422
-5142
-4527
-3639
-2548
-1373
-517
-113
117
239
499
1105
1928
2738
3135
3068
2442
1840
1703
1825
2251
2224
1671
837
-474
-1284
-1667
-1864
-1594
-1794
-2326
-2957
-3510
-3482
-3195
-2887
-2362
-1856
-1673
-1324
-1307
-1057
-297
430
1614
2524
4240
6273
7199
8013
8205
8102
7601
6971
7658
9182
10120
8995
5924
3212
3165
4054
3834
2973
1862
631
-1737
-4789
-6323
-5529
-4065
-4074
-5733
-7040
-6759
-6690
-7420
-7208
-5264
-2941
-2148
-2792
-2953
-1661
-19
1114
1992
3652
5615
6154
5255
4654
5438
6237
7020
7412
6662
5022
2538
738
-30
-248
-548
-1837
-4041
-5904
-7388
-8515
-8380
-8122
-8351
-8849
-9087
-8894
-8546
-7992
-7006
-5618
-4318
-3071
-2510
-2068
-1080
-180
848
2071
3116
3756
4042
4099
4054
4099
4544
5021
4982
4601
3742
2677
1739
893
500
166
-349
-1126
-2482
-3500
-3858
-3912
-3511
-3360
-3633
-3569
-3592
-3236
-2678
-2233
-1255
-342
653
1544
3585
6062
7735
9142
9085
8981
8509
8195
9448
10943
11962
10902
7714
5008
5046
5712
5346
4326
2762
1270
-1474
-4826
-6507
-6063
-5020
-5393
-7392
-9026
-8991
-9192
-10070
-9996
-8382
-6181
-5421
-5983
-5812
-4359
-2428
-966
361
2356
4577
5853
5280
5351
6938
8102
9099
9052
8146
6885
5006
3713
2893
2204
1640
79
-2602
-4424
-5627
-6865
-7291
-7699
-8519
-9208
-9522
-9415
-8992
-8369
-7361
-6362
-5517
-4285
-3319
-2555
-1349
-242
703
1912
3077
3794
4294
4732
5129
5598
6141
6395
6065
5418
4789
4084
3196
2367
1676
899
-89
-1090
-2540
-3553
-3832
-4262
-4461
-4974
-5276
-5374
-5435
-5070
-4651
-4034
-3343
-2448
-1877
-652
2489
5312
7006
8177
8126
7914
7703
8123
10249
12307
13078
11280
7464
5292
6230
6994
6352
5417
3748
1435
-1998
-5379
-6500
-5524
-4559
-5463
-7878
-9449
-9526
-10267
-11123
-10346
-8192
-6126
-5767
-6353
-6002
-4390
-2539
-1005
724
3347
5630
5987
5271
5335
7371
9396
10350
10766
9808
8120
6100
4597
4301
4450
3942
1982
-960
-3554
-4969
-6245
-6917
-6998
-7622
-8417
-9221
-9836
-10039
-9463
-8401
-7154
-6040
-5206
-4436
-4058
-3360
-2213
-938
716
2080
2721
3004
3290
3807
4545
5492
6223
6044
5288
4415
3561
2846
2272
1825
1249
300
-1105
-3007
-4231
-4282
-4453
-4701
-5104
-5515
-5750
-6006
-5853
-5617
-4873
-3696
-2654
-2022
53
3619
5502
6728
7415
7517
8028
8551
9917
11756
13153
12910
10223
7091
7131
8954
8695
7330
5837
4062
1680
-1552
-4080
-4268
-3005
-3103
-5450
-8065
-8709
-8645
-9706
-10023
-8556
-6801
-6021
-6633
-7331
-6247
-3834
-1907
-750
769
2953
4441
4423
4713
6265
7766
9043
9416
8263
7183
6571
5971
5277
4328
3337
1868
-111
-1643
-3057
-4557
-5208
-5915
-7448
-8508
-8958
-9171
-9084
-8949
-8678
-8176
-7383
-6674
-6338
-5626
-4231
-3040
-2293
-1318
-553
95
1125
1905
2591
3238
4229
4802
4630
4607
4090
3842
3617
3220
2564
1674
1186
246
-938
-2018
-2502
-2876
-3485
-4017
-4677
-4875
-4547
-4711
-5156
-4886
-4248
-3067
-2082
-459
2826
5020
6167
6754
6544
6945
7961
9367
11284
12963
12882
10598
7576
6964
8999
9858
8883
7336
5251
2832
71
-2569
-3079
-1776
-1468
-3352
-6421
-7971
-8009
-8696
-9205
-8295
-6765
-5846
-6486
-7789
-7391
-5205
-3177
-1953
-721
1083
3050
3368
3161
4309
5647
7477
8384
7664
7087
6436
5608
4749
3985
3512
3100
1582
-383
-2039
-3877
-4781
-5521
-6665
-7352
-7856
-8528
-9133
-9513
-9546
-8882
-8242
-7614
-7051
-6773
-6025
-5241
-4391
-3160
-1906
-834
81
860
1449
2219
3230
4275
5003
5164
4885
4456
4079
4026
3958
3299
2915
2373
1118
118
-786
-1510
-1802
-2312
-2804
-3236
-3853
-4188
-4629
-4835
-3711
-2431
-1452
992
3175
4239
5380
5303
5174
5808
7186
9784
11621
11614
10045
7378
6413
8376
9681
9301
8458
6641
4110
1586
-489
-1124
-305
97
-1206
-4027
-6304
-6938
-7805
-8565
-7744
-6501
-6053
-6685
-8138
-8727
-7233
-4995
-3441
-2539
-1627
-188
559
776
2144
3821
5401
6839
6909
6015
5257
4851
4857
4996
4826
4250
2714
741
-612
-1846
-2449
-2397
-3253
-4929
-6466
-7395
-7835
-7835
-7452
-7023
-6768
-6820
-7093
-7418
-7064
-5846
-4596
-3510
-2543
-2085
-1885
-1311
-351
583
1910
3123
3633
4142
3795
3599
3698
3627
4287
4136
3788
3473
1998
974
814
247
190
297
-696
-1681
-2663
-3439
-3381
-3387
-2918
-2231
-1648
550
2210
2358
2851
3209
3238
3590
4998
7072
8933
8956
6835
4462
4617
7611
9132
8412
7199
5782
3817
1391
-105
120
1736
2021
-374
-3420
-4805
-4843
-5550
-6410
-6083
-4982
-4871
-6251
-7832
-7890
-6167
-4417
-3565
-2838
-1736
-1082
-856
-709
590
3272
5270
6245
5772
4864
4578
4068
4066
4892
5627
5504
4014
1425
-411
-906
-701
-657
-1559
-2751
-4243
-5889
-6953
-7083
-6583
-6015
-5708
-6115
-6897
-7437
-7538
-6952
-5793
-4442
-3413
-3111
-3135
-3041
-2423
-1132
431
1753
2683
2911
2568
2621
2856
3169
3865
4153
3794
3370
2567
1724
1067
842
1283
1012
517
-307
-1751
-2517
-2659
-2090
-1429
-610
1258
2102
2125
2599
2280
2170
2884
3999
5826
7373
7077
5083
2838
2757
5397
7074
7068
6632
5228
3268
1325
-37
287
1974
2655
1128
-1492
-3076
-3371
-3964
-4353
-3571
-2675
-2920
-4283
-6068
-6599
-5113
-3536
-2740
-2291
-1629
-965
-1293
-1301
-273
1292
3285
4478
4129
3118
2413
2171
2586
3408
3858
3329
1914
513
-479
-869
-515
-346
-1041
-2032
-3186
-4265
-4806
-4941
-4755
-4390
-4184
-4340
-4768
-5342
-5519
-5267
-4637
-3556
-2965
-2948
-3023
-2937
-2354
-1309
-259
358
904
1207
1069
1191
1532
1927
2436
2781
2627
2256
1813
1518
1648
1508
1476
1461
1036
802
484
-175
-867
-782
-304
360
1911
2687
2567
2343
1693
1680
2011
2705
4308
5253
4755
3386
1530
1020
2978
4557
4610
4141
3194
2082
676
-545
-298
1029
1854
1217
-776
-2340
-2463
-2533
-2761
-2197
-1440
-1364
-2256
-3913
-4720
-3918
-2608
-1692
-1480
-1383
-1204
-1388
-1299
-570
339
1510
2232
1777
1306
1340
1721
2078
2001
1894
1521
979
547
-120
-571
-325
-213
-837
-1572
-2122
-2525
-2747
-2948
-2971
-2852
-2829
-2892
-3228
-3487
-3393
-3301
-3155
-2761
-2333
-2175
-2065
-2005
-1795
-1047
-470
47
633
606
673
961
1225
1668
2017
2221
2082
1816
1712
1788
1600
1531
1685
1283
1129
1015
610
280
-18
103
179
568
2217
2971
2622
2482
1614
1180
1564
2294
3551
4244
3668
2177
442
197
2016
2971
2839
2741
1884
592
-625
-1444
-969
478
998
143
-1409
-2432
-2474
-2762
-2787
-1892
-1258
-1459
-2345
-3481
-3618
-2640
-1836
-1498
-1170
-696
-393
-613
-867
-417
555
1531
1981
1539
1009
850
775
921
1344
1707
1576
840
-244
-916
-862
-492
-314
-622
-1092
-1530
-1979
-2249
-2191
-1987
-1722
-1586
-1778
-2004
-2197
-2300
-2183
-1785
-1175
-817
-773
-887
-1014
-837
-326
272
627
775
855
814
679
727
958
1219
1541
1548
1312
1066
953
942
735
804
1003
860
683
354
-180
-424
-130
264
1054
2277
2428
2005
1552
1160
1424
1672
2334
3250
3242
2478
1228
18
541
2175
2494
1991
1443
651
-167
-1100
-1588
-914
137
391
-628
-2143
-2679
-2450
-2383
-2100
-1381
-1004
-1320
-2283
-3125
-2673
-1422
-490
-274
-413
-278
-158
-103
122
578
1559
2136
1811
1125
507
437
730
1036
1166
995
465
-286
-1080
-1385
-917
-556
-701
-1201
-1878
-2246
-2181
-2009
-1821
-1554
-1307
-1365
-1717
-1896
-1707
-1353
-1015
-774
-648
-527
-427
-427
-392
-114
385
768
871
725
553
574
676
863
1000
1070
1029
743
509
389
441
689
742
470
285
167
68
176
25
-13
283
447
1283
2016
1880
1931
1611
1241
1539
1937
2528
3007
2641
1686
739
336
1198
2067
1791
1361
827
14
-624
-1151
-1218
-487
36
-368
-1341
-2108
-2119
-2000
-2100
-1740
-1063
-973
-1467
-2198
-2480
-1679
-723
-323
-274
-250
82
258
59
297
957
1437
1730
1504
944
689
599
680
846
829
733
243
-611
-1042
-1093
-1020
-778
-912
-1468
-1922
-2199
-2255
-2083
-1801
-1495
-1348
-1469
-1621
-1709
-1614
-1197
-834
-581
-321
-286
-422
-390
-182
195
692
895
828
637
580
692
808
891
990
1133
911
723
512
259
431
543
563
513
301
108
-147
-291
-158
80
327
661
1678
2340
2242
2309
1900
1749
2174
2677
3446
3921
3491
2242
927
786
2113
2833
2336
1812
1047
24
-858
-1653
-1629
-570
-44
-841
-2246
-3075
-3088
-3133
-3080
-2316
-1544
-1652
-2539
-3575
-3565
-2213
-906
-595
-677
-367
14
63
223
758
1680
2657
2690
1950
1380
1262
1493
1670
1632
1539
1104
132
-845
-1554
-1626
-1152
-1266
-2000
-2718
-3378
-3635
-3589
-3577
-3277
-2887
-2752
-2897
-3165
-3100
-2623
-2107
-1575
-1087
-839
-626
-538
-422
-31
656
1418
1684
1450
1289
1358
1596
2017
2106
2086
2044
1822
1546
1267
1342
1306
1083
775
398
386
352
130
-6
-496
-458
114
404
2150
3316
2820
2755
2166
2018
2773
3495
4622
5435
4814
3183
1495
1233
3270
4496
3603
2784
1949
683
-447
-1581
-1639
-179
512
-646
-2631
-3857
-3756
-3718
-4017
-3273
-2283
-2543
-3690
-4949
-5035
-3488
-1924
-1484
-1429
-1058
-748
-773
-1017
-63
1846
2680
3207
2974
1544
928
1254
2035
2990
3134
2198
538
-1140
-1437
-1020
-1017
-749
-1061
-2673
-3911
-4373
-4658
-4205
-3537
-3300
-3428
-4002
-4507
-4602
-4099
-2971
-2066
-1815
-1661
-1723
-1946
-1304
-166
727
1558
1825
1446
1392
1855
2227
2490
2899
3176
3228
2786
2101
1818
1612
1947
2264
1535
923
437
-166
-362
-174
-271
-613
-367
-257
1063
2748
2676
2837
2538
2201
2842
3288
4356
5861
5881
4365
2615
1898
3746
5663
4980
3857
3272
2393
1305
-255
-1186
81
1339
514
-1782
-3826
-4092
-3753
-4209
-4042
-3100
-3205
-4312
-5801
-6401
-4976
-3179
-2726
-2814
-2485
-1609
-850
-1202
-836
702
1676
2410
2596
2214
2159
2126
2034
2338
2792
2965
2305
577
-579
-652
-668
-560
-894
-2049
-3009
-3622
-4128
-4215
-4166
-4092
-4004
-4348
-4654
-4632
-4528
-4083
-3596
-3206
-2544
-2175
-2353
-2163
-1460
-552
464
872
809
1000
1470
2107
2475
2722
2980
3138
3224
2902
2617
2414
2409
2307
1829
1548
1221
827
313
-151
-506
-749
-668
-570
-578
998
2620
2327
2413
2163
1931
2488
3212
4725
6031
5972
4742
2925
2457
4953
6619
5650
4849
4539
3588
2185
676
10
1420
2603
1512
-1254
-3447
-3430
-3399
-4082
-3739
-3083
-3542
-4892
-6630
-7382
-5910
-3991
-3611
-3783
-3787
-3147
-2283
-2206
-1132
218
1084
1947
1745
1344
1581
2051
2451
3007
3098
2613
1837
696
235
351
481
450
-496
-1961
-2891
-3461
-3494
-3154
-3327
-3778
-4227
-4738
-4969
-4934
-4896
-4577
-4092
-3683
-3304
-3267
-3299
-2635
-1680
-855
-230
-20
319
935
1404
1793
2369
2909
3371
3476
3124
2806
2849
3095
2823
2383
1977
1652
1328
740
243
-257
-443
-636
-1040
-816
-744
323
2170
2124
2469
2797
2193
2434
2964
4377
6277
6778
5703
4102
3137
4721
7030
6722
5860
5682
4690
3221
1814
845
1686
2890
2152
-194
-2428
-2993
-2923
-3763
-4273
-3625
-3563
-4653
-6280
-7562
-6988
-5086
-4227
-4366
-4236
-4005
-3296
-2934
-2717
-1232
166
1127
1710
1208
547
825
1644
2583
3183
2674
1620
632
177
542
853
609
31
-1018
-2327
-2792
-2589
-2520
-2553
-2929
-3420
-3655
-3887
-4219
-4464
-4286
-3539
-2915
-2971
-3215
-3291
-2883
-1903
-1170
-932
-499
133
397
653
866
1251
2241
2687
2636
2421
2073
2255
2217
1850
1899
1805
1401
921
362
-218
-387
-382
-567
-692
-1175
-1247
-1102
557
2874
2876
2805
2424
1970
2594
3528
5278
7004
7273
5938
3921
3303
5712
8003
7326
6159
5816
4995
3799
2210
1147
2203
3519
2811
213
-2054
-2532
-2606
-3481
-3685
-2832
-2959
-4338
-6333
-7556
-6331
-4281
-3644
-3887
-4146
-3812
-3210
-3412
-3041
-1563
-223
764
713
-257
-590
-147
537
1392
1717
1423
938
115
-473
-455
-284
-77
-195
-1012
-1951
-2467
-2627
-2501
-2326
-2390
-2453
-2713
-3401
-3969
-4092
-3494
-2716
-2457
-2514
-2750
-2754
-2441
-2014
-1484
-834
-109
303
266
50
488
1190
1585
2063
1930
1716
1761
1483
1464
1455
1423
1471
992
364
106
-61
-204
-207
-276
-726
-915
-779
-400
1714
2935
2472
2625
2106
2008
2851
3763
5358
6709
6374
4907
3484
3622
6161
7468
6358
5804
5627
4567
3322
1988
1585
3198
4056
2655
162
-1690
-1859
-1881
-2438
-2336
-1991
-2712
-4220
-5711
-6181
-4931
-3462
-3464
-3795
-3687
-3641
-3305
-3214
-2859
-1773
-916
-286
-286
-967
-1248
-983
-517
480
1160
695
-60
-737
-1085
-675
-151
23
-121
-809
-1522
-1772
-1804
-1469
-1062
-1166
-1361
-1697
-2305
-2532
-2441
-2036
-1330
-1025
-1280
-1709
-1997
-1763
-1062
-635
-302
23
-46
-42
-14
32
448
895
1054
995
893
810
828
709
591
708
665
618
423
-162
-406
-281
-273
-213
-505
-545
-251
333
1788
1928
1610
1813
1560
1759
2383
3324
4395
4861
4178
3140
2718
3691
5413
5492
4625
4535
4308
3262
2362
1884
2417
3535
3163
1387
-302
-852
-642
-870
-1367
-1265
-1389
-2497
-3691
-4344
-4042
-2897
-2413
-2906
-3162
-3124
-2997
-2819
-2629
-2053
-1372
-918
-787
-1182
-1668
-1529
-891
-208
334
210
-488
-978
-1073
-815
-382
-80
-151
-641
-1272
-1576
-1422
-1123
-839
-814
-1080
-1388
-1724
-2002
-1981
-1574
-1004
-728
-902
-1307
-1530
-1269
-742
-338
-214
-33
115
-20
-118
-86
158
549
864
804
591
589
528
472
470
598
747
611
424
166
-207
-205
-28
-29
-56
-118
-86
-62
727
1547
1428
1563
1483
1317
1526
2020
2834
3402
3439
2942
2323
2245
3294
4158
3819
3454
3339
2867
2298
1878
1739
2222
2557
2010
827
-148
-317
-258
-562
-755
-734
-1197
-1974
-2614
-2850
-2423
-1809
-1765
-2036
-2224
-2406
-2416
-2339
-2001
-1379
-1027
-1001
-1196
-1482
-1491
-1105
-650
-326
-239
-528
-909
-1044
-940
-671
-373
-296
-499
-883
-1193
-1174
-955
-689
-455
-532
-827
-1108
-1299
-1196
-889
-605
-488
-633
-819
-853
-791
-510
-190
-150
-138
-100
-135
-192
-181
-27
163
333
429
250
-35
15
228
348
467
504
311
125
105
106
-10
-5
172
176
18
-183
-164
-47
650
1506
1334
1165
1150
971
1100
1524
2168
2771
2842
2336
1702
1479
2273
3218
3132
2725
2697
2354
1760
1438
1336
1804
2321
2008
1000
86
-129
25
-87
-293
-210
-430
-1148
-1734
-2033
-1804
-1144
-939
-1190
-1520
-1841
-1931
-1860
-1638
-1167
-756
-765
-999
-1360
-1602
-1287
-825
-460
-294
-588
-974
-1140
-1133
-928
-575
-365
-455
-752
-1105
-1165
-890
-553
-304
-357
-577
-718
-801
-763
-593
-396
-275
-269
-436
-596
-554
-392
-217
-182
-212
-201
-241
-325
-345
-252
-61
159
133
-140
-273
-174
72
254
275
279
211
90
52
75
105
222
372
286
112
4
-91
12
235
692
1098
944
812
719
626
809
1168
1608
1950
2022
1593
1070
1012
1636
2417
2453
2156
1979
1687
1364
1222
1288
1646
2004
1699
845
205
126
310
298
150
154
-48
-593
-1110
-1339
-1070
-526
-367
-785
-1234
-1426
-1426
-1356
-1138
-764
-585
-715
-1106
-1495
-1539
-1167
-712
-543
-629
-868
-1158
-1350
-1264
-899
-555
-455
-630
-992
-1226
-1100
-739
-419
-275
-276
-424
-629
-732
-613
-290
51
150
-37
-311
-435
-329
-198
-95
1
25
-70
-257
-419
-385
-137
58
67
-92
-269
-257
-145
-12
149
198
171
181
120
57
102
199
337
406
304
142
48
17
62
210
291
472
725
648
575
535
474
608
822
1102
1353
1332
1018
794
844
1210
1676
1714
1492
1385
1270
1058
932
973
1250
1493
1269
735
329
265
397
419
307
273
175
-174
-546
-668
-534
-280
-221
-475
-682
-785
-811
-810
-796
-663
-586
-672
-862
-1015
-1068
-972
-785
-695
-685
-783
-958
-1035
-952
-773
-616
-586
-652
-728
-757
-702
-545
-363
-262
-267
-393
-472
-378
-232
-86
-8
-64
-135
-216
-311
-284
-181
-66
-22
-129
-289
-394
-384
-300
-201
-153
-164
-162
-198
-201
-155
-126
-16
146
209
156
77
45
147
316
368
338
237
111
103
144
162
197
177
157
162
200
344
416
425
396
349
374
502
734
901
914
783
638
627
849
1161
1241
1134
1057
1009
921
860
883
1030
1146
1033
753
523
500
566
519
391
368
324
107
-174
-329
-250
-106
-111
-303
-497
-601
-668
-736
-762
-664
-590
-665
-834
-968
-983
-915
-807
-713
-667
-689
-794
-891
-856
-681
-484
-400
-413
-462
-491
-478
-401
-260
-132
-58
-82
-159
-209
-177
-103
-63
-21
-18
-62
-156
-269
-293
-240
-168
-162
-249
-347
-383
-357
-312
-245
-170
-124
-112
-130
-129
-77
1
96
181
207
189
171
150
168
239
287
278
257
224
172
100
19
13
66
75
51
2
-29
97
210
233
237
169
155
230
345
482
589
615
570
556
613
776
945
975
971
977
934
890
857
876
972
1011
883
697
578
522
510
432
329
293
182
-12
-205
-318
-290
-266
-358
-496
-592
-641
-681
-715
-728
-664
-600
-648
-732
-779
-740
-644
-566
-507
-467
-466
-489
-495
-466
-372
-246
-197
-219
-265
-317
-321
-256
-189
-149
-160
-239
-307
-336
-317
-256
-219
-239
-299
-371
-403
-373
-332
-298
-250
-217
-222
-228
-206
-150
-69
-11
25
60
88
113
102
105
169
241
266
241
220
213
198
182
170
179
177
128
50
-8
-3
16
7
-12
-40
-68
-86
-68
2
91
163
188
184
190
238
307
385
477
559
617
632
619
624
690
807
886
866
795
727
676
644
622
617
609
551
411
249
155
134
111
32
-56
-118
-175
-244
-325
-372
-349
-301
-313
-383
-442
-453
-425
-389
-358
-326
-295
-276
-309
-347
-333
-270
-208
-206
-242
-290
-312
-323
-329
-308
-286
-284
-341
-425
-463
-439
-376
-337
-343
-386
-418
-418
-385
-320
-274
-259
-242
-224
-203
-173
-132
-87
-27
16
32
52
47
33
31
68
144
190
170
116
82
73
85
109
117
123
99
35
-1
2
26
38
19
-2
-17
-32
-43
-34
-2
33
64
65
62
81
107
153
214
288
354
369
351
341
374
429
478
517
531
527
490
425
390
415
474
491
438
347
280
245
215
189
178
179
162
98
6
-38
-26
-3
-2
-26
-45
-56
-71
-86
-88
-63
-32
-30
-66
-103
-110
-102
-101
-104
-117
-127
-160
-219
-256
-267
-267
-278
-315
-343
-348
-360
-383
-389
-378
-363
-367
-384
-374
-347
-327
-305
-283
-257
-212
-184
-186
-155
-99
-73
-68
-69
-60
-25
-6
2
21
16
3
-15
-33
-13
15
17
17
7
-13
-19
-12
-5
0
15
16
2
1
-6
-3
25
54
65
62
72
85
89
103
130
154
164
161
165
181
205
213
195
182
186
185
173
160
148
139
126
105
87
70
57
44
23
6
3
2
9
25
33
43
53
67
90
112
129
145
167
192
218
227
225
232
238
242
247
238
224
206
178
157
141
128
119
93
55
20
-9
-31
-51
-70
-94
-123
-156
-181
-189
-191
-197
-199
-202
-209
-209
-206
-198
-189
-189
-194
-196
-185
-170
-165
-173
-180
-179
-168
-157
-156
-163
-172
-176
-172
-178
-185
-180
-178
-179
-187
-190
-183
-175
-165
-158
-153
-141
-124
-109
-94
-75
-48
-23
-1
19
36
57
82
105
121
141
159
163
163
165
172
185
197
193
173
148
130
122
120
116
102
78
45
18
3
-12
-22
-36
-43
-43
-46
-53
-54
-46
-31
-13
0
13
27
38
58
84
111
135
150
160
170
181
191
201
208
209
205
193
178
163
150
137
122
105
87
70
56
38
20
4
-6
-10
-15
-16
-14
-12
-15
-15
-13
-12
-3
2
3
7
9
9
2
-5
-8
-13
-26
-41
-54
-68
-80
-91
-113
-138
-157
-175
-183
-189
-202
-218
-233
-237
-227
-225
-223
-214
-206
-195
-179
-165
-146
-118
-99
-84
-67
-46
-20
-3
11
32
51
67
77
81
90
100
101
93
83
79
75
71
63
55
43
25
8
-4
-11
-14
-19
-25
-25
-25
-30
-33
-34
-28
-15
-7
-3
2
9
24
37
41
46
54
60
63
64
66
70
73
70
59
53
50
53
50
37
30
29
24
20
14
11
14
10
6
8
15
26
35
36
41
49
57
67
73
78
86
96
102
103
100
97
92
87
83
77
67
58
48
42
32
14
-7
-22
-27
-34
-49
-70
-82
-87
-96
-109
-114
-109
-102
-100
-106
-109
-101
-89
-82
-72
-61
-47
-40
-42
-41
-30
