40
32
24
18
19
25
36
42
38
33
20
5
-13
-25
-26
-17
-7
-5
-22
-65
-120
-144
-137
-105
-69
-40
-44
-86
-109
-122
-129
-100
-52
28
78
88
72
8
-70
-120
-67
28
89
100
28
-52
-172
-273
-278
-267
-221
-189
-180
-243
-402
-494
-527
-508
-405
-311
-255
-281
-356
-355
-368
-304
-136
-27
66
54
13
10
8
85
165
333
444
411
377
283
387
795
1280
1573
1538
1286
1024
878
1088
1871
2505
2566
2237
1573
1041
864
970
1378
1624
1407
1076
697
96
-571
-1211
-1458
-1234
-774
-263
-285
-946
-2068
-2999
-2970
-2208
-1236
-490
-348
-796
-1281
-1397
-1211
-809
-412
117
601
859
1017
585
-205
-883
-1135
-645
58
560
370
-386
-1110
-1796
-2002
-1803
-1619
-1613
-1698
-1565
-1595
-1963
-2186
-2262
-2260
-1915
-1244
-711
-688
-844
-922
-805
-566
-108
384
520
539
531
731
923
912
1015
1178
1396
1371
1191
1192
952
648
708
1113
1422
1630
2112
2744
3218
3099
2766
2342
1972
2115
3120
4805
5631
4942
3217
1611
939
1208
2405
3533
3494
2272
696
-579
-1493
-2055
-2624
-2784
-2342
-1874
-1573
-2130
-3584
-5303
-6339
-5733
-3784
-1564
-505
-1037
-2265
-3150
-3097
-1873
31
1454
2160
2247
2071
1918
1283
491
116
400
1215
1896
2144
1410
-430
-2132
-2849
-2651
-1869
-1513
-1740
-2425
-3440
-3987
-4273
-4166
-3700
-3258
-2747
-2226
-1876
-1869
-1921
-1745
-989
212
1116
1571
1538
1311
1256
1590
2543
3227
3270
2987
2505
2345
2223
1907
1912
1803
1511
1454
1364
1059
534
87
308
1495
3045
3958
3565
2323
1077
631
1445
3485
6002
6828
5322
2800
906
622
1433
2997
4519
4373
2440
92
-1702
-3009
-3986
-4507
-3939
-2831
-2365
-2870
-4331
-6404
-8422
-8680
-6632
-3686
-1417
-1107
-2428
-4076
-4769
-3631
-1145
1537
3280
3623
3067
2643
2431
2069
1862
2187
3113
4043
4475
4167
2539
-14
-1953
-2334
-1309
-73
115
-915
-2997
-5176
-6203
-6063
-5104
-4163
-3755
-3515
-3287
-3357
-3631
-3598
-3093
-2070
-420
1463
2419
2248
1749
1406
1827
3210
4742
5569
5446
4768
4000
3317
2968
2956
2911
2655
2387
2160
1627
425
-1014
-1650
-1213
66
1668
2618
2007
-124
-2144
-2462
-1175
1216
4001
5364
4217
1502
-694
-896
533
2682
4662
5198
3710
1129
-1126
-2561
-3291
-3333
-2253
-937
-636
-1502
-3613
-6039
-7906
-8307
-6300
-3238
-1054
-814
-2395
-4336
-5407
-4784
-2313
710
2769
3257
2256
1185
986
1630
2908
4256
5253
5030
3869
2761
2168
2097
2045
2091
1882
964
-560
-2017
-2765
-3281
-3420
-3194
-2654
-2599
-3654
-4693
-5408
-5284
-4110
-2204
-382
-34
-769
-1741
-1939
-930
732
2480
3687
3996
3616
3375
3069
2953
2806
2562
2718
2482
2268
1889
863
-345
-1302
-1685
-2009
-2078
-2259
-2536
-2267
-1381
-4
371
-136
-938
-1649
-1303
254
3151
5657
5813
4201
2411
1811
2629
4407
6438
7188
5564
2985
1227
440
160
10
-39
-219
-1023
-2386
-3736
-5224
-6531
-6859
-5980
-4110
-2817
-2934
-4234
-6117
-6900
-5849
-3045
217
1996
2148
1275
408
751
2065
3470
4673
5452
5874
5879
5443
5123
4265
2955
2566
2996
3229
2452
935
-819
-2472
-3221
-2813
-2187
-2672
-4045
-5345
-5850
-5334
-4579
-3874
-3690
-4156
-4404
-4193
-3286
-2260
-1746
-1180
-497
140
639
926
1010
997
1036
1518
2115
1869
1078
279
-213
-426
-604
-489
-770
-1577
-2272
-2490
-2040
-1421
-423
975
2030
2044
1216
552
591
1882
4319
7079
8398
7240
5014
3148
3069
4997
7326
8665
8027
5404
2408
458
-163
181
667
328
-738
-2241
-3848
-5134
-6193
-6511
-6218
-5753
-5157
-4875
-5365
-6341
-6544
-5253
-3084
-940
177
600
309
-241
300
2324
4766
5938
6403
6073
5444
4498
3692
4604
5193
5080
4820
3952
2305
-389
-1999
-1919
-1487
-1507
-1998
-3188
-5636
-7311
-7493
-6501
-5388
-5260
-5358
-5952
-6320
-6146
-5534
-4235
-3444
-2985
-2276
-1529
-1183
-1007
-648
62
1203
1676
1936
1738
754
278
392
1277
1812
1543
930
15
-430
-304
476
1192
1795
2533
3170
3524
3217
3060
2970
3300
4943
7190
9117
8930
6747
4798
4065
5012
7050
8741
8672
6146
2244
-166
-186
465
902
133
-1641
-3745
-5883
-6501
-5960
-5978
-6739
-7345
-7352
-7074
-6732
-6204
-5526
-5207
-4798
-3809
-2538
-1697
-1412
-627
624
2019
3696
4762
4382
3474
3261
4378
6027
6859
6849
5315
2683
1317
1665
2478
2419
1277
-336
-2293
-4240
-4833
-4501
-4846
-5541
-6054
-6080
-6241
-6899
-7266
-7411
-7061
-6114
-4957
-3813
-3630
-3967
-3624
-2515
-1038
300
1119
1528
1596
1532
2254
3205
3547
3506
3232
2933
2549
2351
2506
2606
2447
2305
2369
2323
2260
2587
3302
3848
3905
3847
3747
3858
4728
5916
6910
6932
5667
4410
4053
4818
6165
6983
6417
4084
1026
-1174
-1618
-772
55
-24
-1546
-3994
-6261
-7493
-7490
-7061
-6556
-6252
-6469
-6892
-7088
-6676
-6094
-5559
-4831
-3736
-2659
-1931
-1259
-502
785
2171
3275
3765
3423
2930
2868
3773
5436
6770
6102
3787
1823
814
1300
2451
3164
2296
-1090
-4017
-4686
-3897
-2787
-2444
-3224
-4926
-6591
-7089
-6043
-5121
-4992
-4792
-4520
-3770
-3344
-3185
-2690
-2444
-1606
-387
1107
2452
2308
1550
1625
2437
3352
4174
4259
3648
2602
1916
2633
3174
2930
2410
1549
734
460
1002
1919
2345
2330
2485
2490
2327
2413
2804
3381
4082
4989
5558
4948
3836
3116
2932
3412
4245
4579
3566
1362
-564
-991
-453
145
136
-985
-2970
-4988
-5789
-5080
-4019
-3622
-4102
-4954
-5786
-6090
-5676
-4742
-3776
-3374
-3167
-2844
-2391
-1947
-1457
-780
-139
357
702
1004
1278
1458
1583
1876
2213
2226
2091
1951
1733
1387
1129
911
499
72
-219
-296
-396
-659
-916
-1236
-1667
-1988
-1936
-1928
-2129
-2088
-1949
-1872
-1872
-1753
-1529
-1416
-1141
-687
-254
34
152
373
729
1067
1535
2051
2123
1859
1642
1616
1860
2050
2263
2258
1768
1222
908
903
1051
1425
1786
1820
1575
1216
994
891
1047
1436
1728
1834
1794
1629
1206
703
528
482
397
403
559
657
405
56
-374
-998
-1550
-1632
-1252
-987
-1141
-1617
-2154
-2730
-3016
-2537
-1885
-1649
-1858
-2249
-2555
-2571
-2091
-1212
-428
-295
-457
-511
-483
-366
-44
504
902
971
871
748
643
521
594
846
958
868
648
473
354
330
483
688
811
744
550
332
245
310
268
179
90
40
31
4
151
165
-156
-518
-699
-657
-520
-307
-121
-124
-328
-533
-612
-640
-558
-390
-228
-82
-76
-84
-41
68
309
586
797
957
1141
1144
1089
1145
1293
1482
1562
1603
1438
1027
623
339
239
165
73
-114
-535
-1085
-1604
-1871
-1897
-1732
-1508
-1433
-1603
-1910
-2105
-2201
-2047
-1593
-1006
-503
-391
-545
-743
-872
-761
-340
225
690
1037
1135
1011
823
659
729
925
1184
1432
1560
1501
1212
946
766
715
783
833
917
941
833
666
497
317
185
249
390
569
728
631
424
289
243
282
356
415
350
197
23
-47
-38
-123
-205
-338
-627
-923
-1050
-1047
-1012
-898
-800
-740
-889
-1235
-1404
-1425
-1261
-958
-656
-443
-451
-456
-389
-246
-24
227
498
685
830
932
1023
958
801
762
683
672
689
593
422
135
-154
-396
-541
-622
-774
-951
-1058
-1033
-1004
-1030
-1104
-1152
-1159
-1146
-979
-775
-618
-535
-502
-339
-112
109
271
316
349
390
508
666
759
761
713
710
791
897
867
744
595
482
458
459
518
547
441
333
279
233
199
156
163
231
290
398
555
665
670
573
525
572
582
568
593
608
596
549
499
410
207
27
-90
-168
-171
-183
-242
-332
-453
-582
-713
-814
-813
-782
-801
-801
-778
-726
-699
-692
-634
-601
-563
-476
-354
-261
-185
-132
-80
-4
4
45
122
129
131
153
192
209
222
196
97
19
-24
-9
38
107
169
116
-29
-163
-199
-185
-136
-34
27
8
-85
-130
-83
-43
1
27
4
-62
-130
-112
-81
-97
-189
-284
-365
-485
-568
-596
-568
-575
-575
-559
-577
-584
-599
-556
-480
-383
-231
-94
7
74
117
170
287
472
624
728
787
815
831
858
924
984
1030
1036
1039
1035
973
910
813
690
614
572
544
502
430
323
195
60
-26
-7
20
23
7
-18
-54
-113
-120
-105
-105
-101
-90
-58
-87
-173
-232
-297
-339
-296
-191
-126
-138
-174
-230
-244
-189
-83
1
-13
-78
-118
-78
-26
3
5
-52
-132
-182
-164
-135
-128
-141
-167
-179
-187
-202
-242
-273
-299
-319
-288
-282
-312
-388
-503
-566
-603
-606
-591
-620
-678
-736
-751
-739
-730
-741
-703
-631
-572
-462
-352
-288
-275
-259
-193
-126
-54
23
105
162
197
276
383
477
521
548
574
596
618
642
690
722
725
729
724
663
563
472
402
379
398
437
479
476
404
285
185
147
160
208
281
340
340
283
202
139
84
56
81
128
136
99
61
26
6
19
44
60
63
60
68
98
123
150
134
81
54
44
61
74
57
23
-26
-68
-83
-80
-85
-103
-118
-119
-122
-139
-159
-208
-278
-325
-310
-279
-312
-391
-464
-531
-587
-601
-587
-594
-639
-677
-659
-618
-585
-573
-564
-544
-507
-441
-370
-329
-326
-328
-290
-202
-97
-29
1
13
50
140
246
341
389
408
423
453
533
606
632
621
594
581
565
530
491
458
431
408
401
391
339
242
165
128
114
107
93
67
20
-38
-80
-110
-153
-201
-239
-252
-249
-235
-221
-230
-243
-229
-208
-174
-140
-131
-107
-67
-30
0
17
23
13
-3
13
63
102
104
88
68
55
62
101
144
162
159
140
136
142
139
131
123
120
107
76
37
-10
-73
-136
-161
-157
-163
-187
-225
-257
-287
-312
-306
-290
-296
-311
-313
-294
-270
-264
-267
-269
-269
-237
-181
-123
-63
-14
36
91
145
202
245
273
306
370
446
514
554
541
493
440
409
409
421
419
404
363
294
206
120
56
22
17
28
17
-30
-96
-165
-218
-247
-255
-254
-254
-277
-306
-328
-344
-339
-319
-290
-255
-234
-218
-203
-191
-159
-117
-78
-44
-37
-62
-92
-102
-90
-60
-23
2
5
1
1
5
30
77
120
144
161
175
184
192
217
251
252
220
182
137
101
82
84
81
44
-22
-78
-115
-145
-169
-176
-173
-180
-202
-210
-202
-213
-229
-210
-180
-153
-131
-108
-84
-66
-45
-14
33
76
112
149
184
214
227
251
280
291
296
282
265
245
220
203
192
166
118
63
23
-6
-25
-28
-40
-74
-117
-156
-174
-175
-169
-151
-132
-131
-146
-159
-171
-173
-156
-109
-57
-26
-7
-16
-37
-33
-5
29
55
73
75
52
32
22
21
18
10
15
19
4
-16
-24
-32
-35
-22
2
27
24
13
15
25
36
46
64
68
54
36
31
28
18
17
18
2
-32
-64
-82
-99
-111
-109
-101
-104
-118
-137
-146
-148
-148
-136
-112
-91
-72
-48
-27
-12
7
31
59
96
141
175
199
220
234
243
250
248
246
238
229
216
204
188
156
117
85
60
38
8
-23
-56
-93
-117
-127
-132
-139
-149
-147
-142
-147
-155
-158
-155
-147
-115
-66
-21
5
6
-6
-20
-13
20
64
97
107
94
65
37
24
23
22
10
0
-9
-26
-45
-59
-63
-65
-61
-44
-29
-33
-39
-32
-24
-9
12
32
33
17
5
4
13
24
32
33
18
-6
-27
-39
-43
-50
-56
-58
-68
-87
-105
-120
-124
-125
-121
-110
-105
-116
-122
-111
-90
-72
-54
-34
-20
-7
15
43
66
75
87
104
120
137
145
146
138
127
122
122
120
113
101
81
56
37
24
22
21
21
15
2
-11
-21
-25
-20
-9
2
11
16
17
24
31
36
43
44
42
38
39
47
47
39
28
13
-6
-19
-26
-29
-32
-41
-45
-45
-48
-53
-54
-54
-55
-54
-41
-22
-4
7
15
24
25
24
30
43
58
65
70
77
75
65
55
46
37
29
25
27
24
7
-10
-28
-46
-62
-73
-80
-83
-88
-91
-94
-103
-113
-118
-110
-100
-93
-89
-81
-77
-73
-61
-41
-27
-22
-22
-17
-5
9
24
36
35
28
17
13
16
18
16
13
12
12
9
4
1
-10
-20
-17
-7
7
15
11
7
5
6
14
29
42
48
46
47
48
44
43
43
39
32
21
10
3
-2
-5
-5
-9
-17
-28
-36
-38
-37
-33
-25
-18
-13
-9
-3
6
14
21
29
37
46
56
69
78
79
74
69
67
69
71
69
64
54
46
40
36
31
23
14
5
-1
-5
-12
-21
-28
-35
-41
-44
-40
-40
