-24
-27
-29
-30
-33
-34
-35
-38
-43
-45
-43
-40
-37
-33
-31
-31
-28
-21
-20
-20
-21
-20
-13
0
9
7
2
-5
-14
-28
-46
-64
-85
-91
-86
-93
-113
-133
-139
-145
-139
-125
-118
-100
-75
-27
12
41
80
90
109
135
184
265
365
561
821
1074
1213
1171
1047
959
997
1062
966
730
438
190
42
-81
-203
-319
-437
-544
-635
-679
-695
-731
-819
-927
-916
-725
-477
-327
-206
-3
292
585
771
828
806
834
941
1084
1216
1319
1261
1076
1030
1072
938
418
-296
-938
-1246
-1094
-1020
-1336
-1850
-2168
-2256
-2337
-2246
-2180
-2216
-1991
-1436
-784
-532
-494
-459
-544
-319
99
372
349
251
482
611
677
711
332
-196
-597
-632
-578
-684
-787
-1068
-1295
-1270
-1170
-1195
-1418
-1478
-1335
-1081
-739
-552
-547
-546
-284
124
345
316
238
351
647
1001
1234
1221
1062
980
1086
1140
947
764
709
604
484
472
442
304
431
1133
2183
3274
4121
4288
3698
3104
3117
3404
3360
2782
1792
660
8
-86
-209
-586
-918
-918
-774
-630
-594
-959
-1442
-1627
-1586
-1409
-1082
-641
-415
-352
32
584
875
768
475
335
380
714
1150
1280
1295
1202
1183
1243
1052
613
-414
-1584
-2272
-2238
-1790
-1852
-2234
-2546
-2680
-2783
-2940
-2852
-2673
-2159
-1250
-486
-59
-138
-340
-615
-808
-469
-274
-303
-429
-343
59
135
161
-164
-789
-1142
-1352
-1195
-1098
-1037
-946
-1135
-1061
-1049
-1212
-1479
-1656
-1334
-1012
-569
-307
-268
-260
-233
63
71
-33
-105
-62
92
178
465
433
239
232
243
439
379
490
428
44
297
633
888
645
608
1577
3021
5507
7782
8396
7461
6045
5751
5734
5662
5193
3277
1082
-338
-623
-1052
-2182
-2542
-2414
-1969
-1301
-875
-1086
-2000
-2170
-2016
-2101
-1611
-705
44
81
593
1734
2101
2028
1716
1275
883
918
1625
1878
2201
2741
2354
1221
134
-181
-1094
-2738
-3875
-4629
-4787
-4435
-3695
-3704
-4406
-4440
-4144
-3715
-3304
-2505
-1479
-670
540
1149
865
247
-252
-199
-323
-184
-6
-203
-108
-15
132
-122
-762
-1215
-1730
-1779
-1660
-1713
-1684
-1856
-1967
-2083
-2166
-2138
-2394
-2375
-1880
-1241
-673
-502
-423
-519
-523
-223
-126
-153
-171
72
345
572
727
695
720
914
1116
796
526
704
1035
1220
1100
1001
1052
1611
2978
5011
7523
9771
10511
9415
7727
6850
6723
6425
5156
2933
487
-1174
-1815
-2337
-2861
-3100
-2693
-1789
-1179
-917
-1120
-1426
-1606
-1941
-1778
-1039
-7
814
942
1270
1884
2381
2223
1242
565
218
236
695
1383
2046
2062
1773
989
-259
-1389
-2549
-4100
-5412
-5517
-5219
-5257
-4957
-3978
-3810
-4689
-4725
-3861
-2995
-2114
-715
768
1515
1991
1745
466
-567
-942
-1181
-1675
-1611
-805
-526
-561
-557
-737
-1298
-2340
-3020
-3047
-2577
-2135
-2129
-1947
-1825
-2054
-2232
-2183
-2036
-2044
-1642
-825
-116
570
1094
1231
1106
998
836
379
24
99
190
355
549
660
548
307
283
212
139
-37
-12
460
1141
1670
1999
3146
5720
9342
12193
12533
10555
7996
6909
7289
7519
5911
2481
-752
-2304
-2618
-3095
-3898
-4033
-3034
-1517
-428
-75
-170
-387
-861
-1642
-1794
-664
793
1373
1290
1809
2964
3539
3007
1661
442
-54
23
569
1547
2617
2655
1105
-289
-546
-834
-2135
-4220
-5770
-6471
-5835
-4379
-3927
-4198
-4597
-4669
-4687
-4319
-3079
-2283
-1379
432
2388
3189
2328
1027
-606
-2006
-2356
-2383
-2346
-2373
-2049
-1538
-1334
-1170
-1715
-2815
-3671
-3944
-3443
-2758
-2080
-1736
-1680
-1456
-1513
-1675
-1854
-2057
-2027
-1515
-97
1249
1941
2144
1538
818
392
556
440
-293
-699
-1160
-877
-68
677
278
-962
-1052
-624
324
940
875
331
91
1781
4313
7881
12282
14967
14086
10499
8017
7926
8817
8705
5325
180
-2905
-2938
-2733
-4349
-5421
-4412
-2478
-654
415
606
-135
-916
-1658
-2518
-1819
251
1482
850
834
2981
4767
4695
3269
1736
712
354
975
1917
3386
4571
3977
2228
743
119
-1272
-3551
-5456
-6260
-6056
-5894
-5657
-5047
-3940
-3664
-4587
-5001
-4292
-3140
-2317
-930
886
1968
2032
913
-780
-2351
-3407
-4111
-4532
-3794
-2321
-1336
-955
-897
-1058
-1834
-2936
-3429
-3353
-2921
-2424
-1940
-1429
-1269
-1423
-1952
-2484
-2557
-2250
-1501
-439
647
1290
1480
1409
1068
462
-62
-413
-738
-708
-770
-845
-537
165
533
104
-89
-187
-206
385
1397
2001
1742
1697
2116
3866
8807
14652
17077
14653
10377
7730
7410
9067
8518
3241
-2802
-5291
-4369
-4200
-5033
-5056
-4312
-2113
397
1747
1366
357
-198
-1959
-3210
-1484
1333
2212
1108
1347
3108
4449
4859
3486
1272
24
432
1431
2330
4251
5193
3337
558
-979
-1894
-3317
-4023
-4400
-5255
-5951
-6170
-6418
-5602
-3179
-2561
-4556
-5552
-3957
-2350
-1560
-153
1021
1538
2043
1827
158
-1912
-3033
-4138
-5073
-4219
-2579
-1560
-1405
-1246
-983
-1451
-2116
-2900
-3354
-3240
-3171
-2790
-1979
-957
-802
-1598
-1925
-2011
-2122
-1807
-918
187
1084
1672
1500
672
333
371
-114
-883
-1362
-1113
-1077
-1272
-1033
-731
-673
-890
-593
-303
-234
357
1205
1833
2513
4123
7343
12070
16287
16836
13239
8849
6948
8091
9266
6688
690
-4593
-5933
-4965
-4515
-4773
-4666
-2948
-334
1631
2194
1577
955
-242
-2035
-2407
-531
1886
2293
1626
2065
3329
4420
4071
2473
1141
895
1664
2684
4161
5409
4519
1837
-937
-2378
-2531
-2797
-3770
-5161
-5930
-6091
-6307
-5713
-4424
-3643
-4020
-4408
-3625
-2581
-1484
-277
820
1695
2048
1594
-156
-1803
-2505
-3317
-4161
-4232
-3277
-2492
-2209
-1770
-1542
-1632
-2077
-2678
-3034
-3235
-3247
-3092
-2865
-2520
-2266
-2179
-2368
-2656
-2400
-1909
-1442
-616
521
1418
1484
1226
1133
609
-34
-502
-853
-1247
-1698
-1609
-1595
-1536
-1180
-1175
-1106
-709
67
561
573
960
1262
1645
2633
5530
11103
16366
18047
14776
9411
6393
7226
9578
8137
2538
-2846
-5009
-4171
-3413
-3713
-4135
-3061
-127
1758
1944
1642
1460
624
-1648
-2619
-935
1639
2818
2028
1559
2405
3867
4263
2761
1474
1295
1652
2360
3762
5330
4704
1613
-1777
-3517
-3521
-3951
-5106
-5261
-4295
-3506
-4136
-5355
-5685
-4359
-2398
-2027
-2430
-2188
-1334
-784
-553
11
47
-340
-692
-898
-982
-1511
-2449
-3580
-4336
-4211
-3604
-2830
-2114
-1631
-1458
-1881
-2523
-2896
-3106
-3330
-3672
-3608
-2704
-1597
-912
-661
-806
-1293
-1596
-1078
-306
-183
-351
-247
240
720
690
-31
-1236
-2148
-2451
-2382
-2246
-1790
-885
-236
26
80
35
-318
-532
185
1336
2627
4112
7462
13698
19407
20156
15016
8544
5698
7641
10716
8870
2036
-4231
-6046
-5226
-5102
-5469
-5042
-2920
52
1660
1583
1162
1276
-9
-3156
-4277
-1604
2129
3392
2585
2257
2769
3588
3448
2231
1547
1798
2277
2811
4710
6842
5661
1195
-2981
-4473
-4461
-4973
-6110
-6309
-4906
-3353
-3368
-4495
-5269
-5317
-4170
-2302
-452
675
544
-36
-455
-166
-226
-1353
-2182
-2093
-1209
-602
-662
-1246
-2805
-4347
-4790
-3838
-2180
-1237
-1155
-1838
-2593
-2934
-3441
-3908
-4393
-4490
-3786
-2383
-472
633
469
-481
-1339
-1210
-681
-324
-212
-96
532
1073
1304
775
-651
-2013
-3096
-3595
-3621
-2833
-1388
-335
94
1
-315
-631
-838
-705
-19
1265
3297
5719
9623
15249
19330
18360
12513
6792
5273
8426
11891
9918
3217
-3065
-5620
-6073
-6546
-6322
-4674
-1568
1184
1844
1074
501
444
-1428
-4646
-4979
-1211
3220
4733
4083
3397
3192
3363
2938
2332
2582
3198
3369
3524
5200
6708
4929
432
-3732
-5408
-5382
-5164
-5610
-5772
-4587
-3925
-4729
-5309
-4625
-3930
-2905
-861
275
179
121
101
-927
-2109
-2323
-2491
-2343
-1451
-842
-1277
-2071
-2370
-3221
-4522
-4362
-2582
-773
-401
-1046
-1969
-3300
-4433
-4980
-4710
-4004
-3366
-2335
-1217
-269
73
-370
-1141
-1860
-1638
-945
-582
-272
178
620
338
-106
-31
-564
-1796
-2847
-2920
-2020
-666
567
209
-787
-1014
-790
-289
-99
250
820
1770
3250
4716
8052
13596
18567
18709
13371
7437
4645
7009
11771
12312
6735
-716
-5060
-6825
-7537
-6406
-4265
-1563
778
1263
-82
-1453
-806
-1073
-3805
-4944
-1847
3223
5794
5546
4118
2679
2532
2516
2304
3154
4568
4564
3143
3411
5094
4391
370
-4400
-6705
-6315
-5080
-4765
-5551
-5340
-4566
-5117
-5878
-4862
-2979
-2251
-1930
-1077
-409
-293
-732
-1558
-1995
-1658
-1411
-1695
-1631
-1150
-1362
-2188
-2501
-2329
-2213
-2028
-1579
-922
-597
-1307
-3071
-4603
-4719
-4037
-3394
-2734
-1923
-1330
-1211
-1042
-697
-633
-877
-1227
-1227
-647
279
1024
1003
596
138
-274
-389
-405
-605
-1079
-1649
-2072
-2071
-1681
-1554
-1859
-1963
-1751
-1509
-984
48
1221
1983
2250
2618
3674
6298
10932
15726
17805
15688
11045
6938
6321
9782
12753
10550
3455
-3943
-7938
-8365
-6281
-3573
-1335
261
201
-1754
-4001
-4185
-3031
-3282
-3958
-2502
1497
5650
7052
5492
2772
1421
1657
2198
3564
5701
6938
5921
3946
2908
1911
128
-2141
-4072
-4641
-3891
-2925
-3090
-4024
-5093
-6608
-7702
-7026
-4826
-3071
-2949
-3354
-3289
-2691
-1726
-701
62
91
-442
-1059
-1253
-806
-585
-970
-1551
-1833
-1591
-1078
-579
-490
-1144
-2605
-4156
-4477
-3519
-2548
-2496
-2843
-2678
-2506
-2786
-3063
-3033
-2809
-2516
-1922
-951
7
302
-198
-666
-132
1040
1644
1191
344
-40
-338
-797
-1037
-982
-799
-816
-1008
-1141
-1048
-845
-782
-419
631
1815
2618
2750
2619
2856
4509
8664
13515
16055
14298
9493
5636
5603
9062
11469
9397
4190
-1098
-4187
-5124
-4232
-1847
377
1161
-594
-3915
-5781
-4622
-1937
-708
-557
573
2398
3699
3622
2645
1660
1082
1238
2163
4394
6825
6646
3448
-219
-1827
-1833
-1730
-1840
-1973
-1775
-1693
-2529
-3915
-4594
-4806
-5512
-5985
-5075
-3610
-2749
-2346
-2739
-3706
-4270
-3966
-3207
-2137
-650
-51
-575
-812
-472
-446
-801
-929
-1153
-1552
-1531
-1312
-1505
-1865
-2100
-2536
-2994
-3253
-3242
-3027
-2715
-2413
-2422
-2508
-2528
-2316
-1757
-1264
-1031
-994
-1070
-829
-137
1100
1845
1236
324
-171
104
534
809
550
-201
-417
-528
-756
-919
-1029
-1160
-1186
-399
830
1495
1621
1318
1226
1649
2444
3471
5486
9702
13852
14346
10842
6246
4040
6093
10640
13167
10634
4887
-948
-5046
-5937
-3778
-326
1972
2005
-492
-4399
-6249
-4505
-1580
-189
-141
18
475
1065
1319
843
433
742
1445
2333
3921
5265
4113
858
-1463
-1154
547
1777
1996
1066
-449
-2359
-4641
-5995
-5471
-3478
-2127
-2188
-3238
-4686
-5938
-6425
-5322
-3682
-3214
-3775
-3662
-2578
-1615
-1343
-1477
-1647
-1361
-705
-496
-598
-598
-548
-888
-1205
-815
-448
-904
-2034
-3020
-3284
-3036
-2403
-1676
-1451
-2094
-3252
-3691
-2975
-1926
-1116
-833
-1012
-1155
-821
-95
153
-56
-398
-703
-305
961
2116
2206
1459
484
-547
-1394
-1389
-635
657
1589
1368
799
461
549
770
1239
1844
1815
2172
3504
5726
8877
11460
11323
8227
5470
5703
8306
11466
12304
8710
2553
-2187
-3688
-2787
-203
2947
3974
2061
-1439
-4765
-5870
-3905
-791
315
-186
-189
-212
-988
-1695
-1680
-1175
-116
1378
2347
2833
2986
1686
-539
-1127
747
2956
3661
2964
1019
-1545
-3268
-3484
-2357
-933
-743
-2799
-5752
-7156
-6836
-5839
-4898
-4436
-4763
-5172
-4459
-2840
-1557
-1540
-2642
-3517
-2762
-851
493
448
-400
-1449
-2362
-2429
-1417
-108
322
-520
-1748
-2174
-1653
-1025
-859
-1226
-1974
-2642
-2681
-2018
-1150
-841
-1493
-2309
-2220
-1365
-737
-656
-791
-768
-415
450
1713
2636
2458
1140
-345
-970
-301
730
1379
1591
1720
1499
711
43
-172
481
1268
1905
2310
2637
2727
2379
2748
4423
7392
10080
10603
8381
5433
4550
6214
8792
9898
8002
3654
-152
-1360
-244
2006
4049
4214
1651
-2078
-4775
-4938
-2725
-324
173
-960
-2080
-2826
-3580
-3900
-3167
-1801
-549
229
732
1291
1430
601
-497
-190
1587
2901
2806
1797
600
-170
-652
-889
-1038
-1329
-2456
-4411
-5335
-4960
-4351
-4377
-4687
-4903
-5059
-4621
-3998
-3598
-3236
-3035
-3118
-2916
-1971
-1274
-1698
-2341
-2536
-2399
-1702
-645
209
476
187
-408
-875
-719
-373
-315
-220
-130
-371
-674
-814
-1075
-1584
-1922
-2031
-1955
-1332
-827
-979
-1169
-770
-294
-65
225
294
106
36
237
378
718
1227
1330
1009
590
313
276
521
769
856
1449
2506
2950
2777
2431
2196
2102
2915
4775
6737
8216
8140
6119
3685
3500
5641
7873
8563
7263
4348
1388
390
1007
2067
2947
2976
1368
-1082
-2610
-2915
-2219
-832
-72
-963
-2481
-3655
-4336
-4284
-3133
-1300
11
605
497
-341
-1056
-1124
-656
318
1785
3041
2520
926
-119
-582
-774
-1017
-1195
-1586
-1758
-1645
-2092
-3056
-3613
-3430
-3219
-3090
-2938
-3056
-3454
-3511
-3340
-3193
-2887
-2520
-2560
-2991
-3106
-2852
-2340
-1555
-783
-337
-310
-623
-1051
-1117
-476
330
618
663
744
621
111
-469
-726
-611
-100
258
120
-220
-434
-591
-757
-536
-98
99
-157
-402
-405
-252
-34
-35
-112
-119
43
0
-157
-64
158
426
815
1388
1803
1955
1772
1410
1300
1749
2411
2664
2693
2980
3528
4178
4852
5007
4466
3739
3710
4361
5204
5781
5121
3259
1329
601
978
1730
2296
1980
675
-915
-1977
-2357
-2093
-1537
-1453
-2063
-2680
-2844
-2742
-2506
-2235
-1928
-1595
-1244
-895
-634
-209
245
396
470
620
774
569
-8
-444
-383
209
683
452
-208
-909
-1464
-1769
-1795
-1721
-1777
-1950
-2332
-2824
-3117
-3061
-3032
-3165
-3096
-2899
-2708
-2588
-2462
-2306
-2061
-1559
-1071
-845
-752
-719
-582
-247
194
669
920
904
651
417
438
592
862
1080
1040
782
487
264
60
-89
-56
-33
-73
-44
-162
-447
-745
-802
-731
-690
-562
-652
-724
-632
-273
176
525
810
721
645
612
816
1176
1522
1887
1963
2049
2104
2080
1937
1926
2156
2505
2939
3224
3273
2969
2712
2624
2774
3175
3423
3152
2267
1286
740
676
786
768
428
-110
-616
-1009
-1215
-1227
-1083
-1038
-1325
-1763
-2011
-1949
-1671
-1371
-1150
-993
-891
-843
-861
-867
-688
-403
-89
302
624
681
357
-14
-200
-128
124
288
169
-370
-874
-1246
-1458
-1494
-1504
-1583
-1922
-2209
-2315
-2255
-1999
-1712
-1614
-1816
-2047
-2084
-1889
-1573
-1241
-992
-938
-979
-1022
-889
-566
-179
217
500
601
589
592
657
794
958
1085
1048
834
595
368
258
235
273
320
189
-70
-341
-528
-644
-645
-428
-193
-208
-361
-496
-497
-402
-193
-7
35
225
445
567
499
716
1169
1408
1503
1382
1285
1155
1170
1274
1361
1702
2027
2083
1991
2107
2263
2232
2151
2165
2224
2251
2210
1781
1186
831
691
603
592
671
492
81
-301
-607
-887
-987
-897
-988
-1279
-1548
-1694
-1722
-1585
-1319
-1088
-990
-987
-1070
-1085
-798
-351
78
281
289
131
-97
-150
0
254
228
-94
-479
-591
-491
-551
-736
-922
-963
-951
-983
-1030
-1089
-1177
-1330
-1417
-1311
-1171
-1196
-1290
-1284
-1210
-1125
-1012
-832
-604
-417
-320
-280
-125
137
296
331
445
678
851
904
858
758
657
622
640
635
564
412
239
136
91
26
-81
-162
-235
-277
-256
-243
-274
-400
-476
-454
-345
-142
-38
13
26
27
53
114
301
443
494
508
584
758
891
941
878
790
768
838
1003
1131
1138
1089
1114
1252
1426
1486
1389
1278
1314
1458
1462
1315
1137
968
825
644
382
71
-132
-185
-250
-353
-454
-625
-897
-1137
-1216
-1184
-1116
-1054
-1022
-985
-894
-810
-786
-735
-608
-435
-311
-277
-270
-243
-168
-96
-44
-85
-206
-275
-212
-111
-178
-260
-232
-167
-194
-371
-555
-679
-653
-581
-596
-647
-716
-819
-929
-931
-832
-742
-681
-666
-665
-616
-499
-324
-113
117
233
203
183
219
291
402
554
657
637
601
543
436
354
320
308
283
267
251
226
216
174
89
14
-13
-90
-202
-269
-324
-338
-418
-456
-455
-383
-286
-347
-303
-193
5
128
210
325
294
281
204
238
297
312
314
235
363
514
620
655
690
887
1094
1302
1324
1242
1245
1324
1398
1278
1083
850
727
734
656
472
220
55
-87
-234
-307
-338
-402
-554
-724
-837
-858
-885
-976
-1026
-980
-880
-798
-737
-638
-543
-486
-493
-545
-407
-130
97
140
64
31
22
141
270
256
111
-6
23
58
103
54
-140
-347
-504
-588
-653
-663
-617
-614
-600
-565
-538
-492
-426
-382
-373
-322
-219
-131
-52
29
92
130
173
223
238
277
348
393
441
503
545
516
470
456
415
326
216
120
26
-46
-100
-185
-245
-306
-362
-421
-451
-478
-533
-515
-447
-324
-274
-264
-288
-310
-233
-137
-36
-4
-29
-63
-41
31
105
115
101
172
277
397
527
623
688
717
786
965
1137
1174
1044
908
937
1077
1114
963
732
511
425
424
396
310
137
-30
-154
-224
-243
-315
-446
-554
-609
-631
-653
-707
-786
-842
-793
-670
-565
-481
-441
-313
-180
-79
-34
-50
64
177
302
318
224
111
31
91
89
48
-41
-156
-187
-179
-105
-107
-201
-262
-335
-349
-283
-228
-239
-267
-237
-226
-257
-280
-260
-242
-232
-166
-91
0
122
178
193
229
284
309
296
312
321
296
270
244
160
42
-25
-65
-88
-84
-98
-165
-244
-309
-361
-389
-401
-399
-447
-471
-436
-450
-485
-516
-495
-466
-439
-409
-388
-335
-282
-188
-90
-5
70
88
126
200
277
358
419
452
507
578
665
741
759
766
787
882
955
907
762
619
636
700
746
656
467
326
244
263
259
195
87
-32
-90
-143
-182
-222
-279
-326
-381
-386
-375
-380
-352
-329
-260
-184
-120
-77
-101
-77
-63
-4
58
79
73
-23
-51
-71
-45
-12
-26
-25
-76
-93
-105
-92
-57
-59
-46
-62
-100
-157
-219
-236
-228
-190
-151
-130
-138
-158
-170
-154
-109
-63
-35
-37
-45
-54
-46
-26
-4
5
-19
-37
-47
-41
-32
-37
-33
-52
-105
-174
-228
-239
-231
-206
-197
-208
-249
-332
-382
-427
-412
-403
-404
-373
-395
-389
-420
-410
-384
-351
-253
-210
-129
-93
-43
42
99
223
289
364
411
413
433
419
472
510
533
547
505
500
455
442
482
545
637
620
545
457
427
480
532
538
453
338
244
207
212
194
166
131
87
49
11
-8
-35
-73
-84
-86
-105
-112
-128
-152
-157
-142
-114
-120
-98
-69
-67
-62
-53
-11
-6
-2
-30
-101
-132
-125
-78
-66
-72
-85
-125
-122
-103
-92
-101
-113
-124
-154
-162
-156
-171
-178
-162
-141
-147
-163
-165
-162
-126
-72
-48
-62
-94
-120
-148
-158
-131
-112
-122
-144
-165
-186
-194
-187
-181
-179
-185
-197
-217
-248
-274
-291
-296
-292
-308
-334
-363
-386
-383
-341
-281
-233
-210
-205
-187
-150
-90
-18
38
81
109
127
153
194
225
260
279
293
291
275
273
260
274
284
303
309
314
339
328
328
319
328
364
401
449
428
380
341
332
367
395
409
353
288
263
264
292
293
281
238
178
132
98
79
77
75
49
18
-3
-27
-51
-73
-67
-55
-65
-73
-104
-118
-108
-89
-83
-96
-104
-144
-179
-197
-175
-125
-110
-111
-146
-178
-167
-158
-140
-126
-107
-93
-106
-118
-131
-127
-121
-115
-95
-102
-117
-143
-160
-149
-143
-141
-163
-206
-234
-248
-242
-216
-190
-187
-218
-253
-282
-289
-288
-276
-260
-265
-277
-295
-317
-312
-286
-257
-232
-214
-206
-198
-182
-146
-116
-91
-61
-38
-20
2
31
49
70
101
124
145
158
169
171
171
202
222
238
248
247
241
231
259
275
277
265
240
241
241
262
272
272
277
275
293
313
332
328
303
301
316
346
364
361
345
316
292
276
275
276
269
243
194
148
116
106
96
81
54
17
-19
-55
-80
-101
-119
-128
-145
-153
-156
-172
-194
-222
-233
-227
-219
-211
-217
-223
-231
-227
-212
-182
-150
-142
-140
-137
-133
-115
-88
-68
-65
-87
-111
-123
-122
-111
-113
-133
-157
-176
-194
-210
-226
-249
-270
-282
-284
-292
-324
-359
-395
-419
-415
-401
-398
-401
-402
-406
-405
-412
-416
-420
-419
-383
-344
-313
-279
-248
-237
-227
-193
-141
-94
-61
-33
-5
17
36
57
96
167
239
275
280
275
278
280
294
327
364
393
405
407
392
362
333
312
324
368
418
470
508
543
606
673
733
788
870
970
1081
1205
1347
1475
1522
1535
1525
1534
1606
1694
1762
1752
1668
1562
1475
1448
1444
1409
1309
1149
966
782
636
477
292
121
-79
-273
-465
-647
-798
-936
-1029
-1144
-1301
-1430
-1499
-1514
-1514
-1490
-1494
-1521
-1524
-1511
-1445
-1335
-1224
-1154
-1132
-1102
-1049
-984
-923
-881
-866
-877
-864
-840
-830
-831
-847
-893
-974
-1057
-1124
-1164
-1214
-1297
-1394
-1546
-1716
-1865
-1929
-1877
-1816
-1775
-1763
-1773
-1753
-1672
-1561
-1450
-1336
-1229
-1122
-1020
-870
-689
-540
-398
-231
-46
131
315
474
604
764
945
1118
1247
1331
1404
1434
1457
1489
1479
1439
1380
1349
1342
1366
1411
1425
1438
1414
1360
1330
1341
1402
1432
1438
1434
1397
1380
1384
1385
1408
1448
1460
1455
1451
1484
1567
1665
1763
1823
1814
1773
1739
1751
1808
1845
1818
1707
1549
1391
1286
1225
1173
1085
913
697
453
251
93
-30
-140
-281
-465
-716
-953
-1122
-1207
-1246
-1314
-1423
-1564
-1671
-1723
-1719
-1680
-1658
-1650
-1654
-1638
-1582
-1522
-1479
-1452
-1441
-1425
-1362
-1271
-1190
-1140
-1126
-1129
-1120
-1066
-989
-937
-943
-969
-995
-1016
-986
-958
-944
-964
-1020
-1054
-1072
-1047
-1020
-1018
-1001
-967
-917
-884
-851
-802
-740
-656
-587
-524
-457
-404
-342
-281
-197
-94
-19
37
85
139
210
281
348
405
461
534
606
659
687
729
782
840
908
971
1038
1083
1105
1119
1112
1102
1099
1112
1124
1130
1120
1090
1060
1033
1013
990
976
1001
1040
1063
1098
1126
1128
1108
1107
1153
1224
1299
1337
1338
1313
1288
1278
1278
1302
1315
1305
1257
1171
1094
1027
964
906
829
724
591
439
291
167
77
1
-85
-204
-329
-443
-544
-629
-717
-821
-930
-1059
-1168
-1231
-1288
-1340
-1427
-1539
-1626
-1687
-1713
-1717
-1705
-1690
-1687
-1698
-1687
-1649
-1621
-1610
-1623
-1649
-1638
-1605
-1574
-1538
-1529
-1528
-1532
-1520
-1461
-1405
-1362
-1327
-1307
-1276
-1214
-1153
-1107
-1071
-1033
-997
-967
-920
-870
-846
-839
-813
-770
-689
-584
-500
-433
-376
-297
-214
-123
-2
115
228
345
474
574
644
704
758
849
944
1035
1126
1220
1336
1430
1534
1632
1698
1741
1776
1853
1969
2076
2159
2209
2231
2233
2223
2241
2298
2351
2356
2322
2287
2274
2282
2270
2238
2190
2108
2024
1959
1916
1888
1848
1794
1714
1580
1462
1399
1392
1405
1406
1351
1227
1110
1026
989
950
879
762
565
387
250
153
47
-88
-261
-492
-718
-925
-1070
-1206
-1386
-1558
-1758
-1963
-2152
-2341
-2495
-2624
-2746
-2867
-2958
-3020
-3077
-3101
-3120
-3102
-3084
-3073
-3005
-2926
-2831
-2733
-2642
-2569
-2488
-2390
-2295
-2181
-2056
-1918
-1831
-1773
-1673
-1610
-1543
-1461
-1368
-1254
-1159
-1067
-1000
-918
-821
-723
-624
-524
-361
-231
-139
-46
22
91
146
220
297
314
288
262
273
333
406
457
505
534
535
536
573
679
833
992
1113
1179
1239
1299
1368
1461
1591
1737
1876
2006
2104
2193
2277
2352
2407
2444
2501
2560
2589
2598
2586
2528
2424
2279
2165
2121
2120
2160
2165
2137
2100
2037
1980
1971
2008
2055
2095
2118
2125
2098
2040
1993
1977
1964
1928
1842
1710
1585
1478
1394
1296
1144
967
729
451
215
25
-170
-420
-716
-1031
-1340
-1623
-1880
-2111
-2325
-2535
-2739
-2927
-3097
-3237
-3338
-3404
-3435
-3464
-3514
-3583
-3640
-3664
-3650
-3585
-3528
-3500
-3511
-3541
-3530
-3449
-3300
-3119
-2982
-2882
-2762
-2621
-2459
-2284
-2083
-1894
-1742
-1610
-1482
-1304
-1122
-988
-887
-786
-657
-530
-438
-356
-260
-170
-86
-4
120
223
232
195
184
227
280
335
387
410
436
477
546
650
745
845
928
1021
1170
1327
1481
1617
1748
1850
1939
2058
2163
2263
2337
2363
2384
2443
2550
2636
2656
2656
2649
2624
2607
2603
2570
2493
2423
2378
2335
2291
2250
2203
2141
2083
2054
2022
1983
1950
1889
1840
1812
1772
1731
1676
1587
1455
1329
1278
1243
1160
1033
874
703
568
468
345
205
32
-165
-363
-536
-664
-821
-1014
-1192
-1316
-1460
-1648
-1853
-2079
-2261
-2389
-2478
-2565
-2650
-2734
-2854
-2970
-3026
-3025
-2997
-2950
-2919
-2914
-2870
-2797
-2723
-2639
-2552
-2468
-2376
-2247
-2092
-1958
-1879
-1802
-1694
-1564
-1397
-1229
-1093
-996
-923
-832
-714
-574
-454
-379
-319
-254
-194
-163
-130
-70
-14
18
16
18
45
60
88
124
166
189
190
203
209
227
256
286
325
383
450
507
574
664
791
912
1019
1109
1193
1293
1405
1521
1615
1698
1763
1812
1866
1932
1988
2021
2044
2059
2058
2057
2075
2088
2065
2011
1959
1916
1871
1822
1758
1680
1595
1521
1453
1388
1300
1202
1134
1088
1055
1027
999
952
879
813
774
748
737
717
675
613
529
416
298
209
116
-7
-149
-276
-389
-508
-625
-757
-922
-1092
-1247
-1394
-1516
-1592
-1670
-1776
-1897
-2019
-2123
-2199
-2241
-2258
-2257
-2235
-2224
-2240
-2254
-2239
-2206
-2156
-2064
-1946
-1855
-1803
-1771
-1722
-1641
-1526
-1392
-1274
-1175
-1089
-1005
-903
-787
-672
-559
-460
-389
-329
-261
-195
-142
-99
-70
-67
-73
-70
-63
-58
-60
-53
-35
-20
-14
-9
7
28
46
72
113
153
197
251
305
353
413
507
614
714
798
880
969
1045
1118
1195
1282
1349
1392
1434
1477
1521
1548
1573
1587
1587
1582
1580
1585
1578
1558
1532
1485
1435
1383
1348
1303
1250
1193
1128
1077
1030
992
956
908
848
770
707
659
621
604
594
580
538
483
432
364
291
232
203
194
175
131
45
-51
-135
-226
-309
-378
-456
-561
-669
-753
-833
-928
-1022
-1117
-1220
-1317
-1391
-1441
-1476
-1507
-1556
-1612
-1658
-1704
-1743
-1755
-1741
-1724
-1698
-1648
-1600
-1568
-1531
-1466
-1397
-1324
-1232
-1135
-1042
-958
-888
-834
-779
-707
-636
-570
-497
-423
-359
-303
-245
-200
-169
-131
-90
-54
-27
4
32
57
84
102
115
115
123
138
167
203
246
297
329
347
355
384
420
449
492
541
585
626
664
702
738
783
828
869
907
946
983
1006
1029
1058
1082
1097
1099
1104
1118
1135
1146
1144
1133
1106
1061
1006
969
965
956
923
866
801
737
679
637
594
547
491
438
405
380
357
323
278
221
163
126
116
111
102
82
43
-15
-64
-86
-96
-111
-135
-156
-176
-207
-239
-274
-318
-375
-434
-477
-512
-548
-593
-649
-713
-776
-826
-868
-907
-944
-982
-1021
-1060
-1086
-1099
-1110
-1125
-1143
-1159
-1160
-1145
-1123
-1098
-1073
-1049
-1025
-994
-950
-901
-855
-808
-757
-690
-623
-564
-514
-461
-401
-346
-287
-226
-177
-138
-102
-55
-9
29
59
90
129
160
180
199
221
244
264
288
316
338
351
362
372
378
393
419
448
468
484
497
511
538
577
615
642
666
692
715
731
751
785
825
853
857
850
835
820
815
819
821
814
801
779
747
718
697
683
652
612
571
533
501
468
434
389
333
280
242
221
194
154
114
81
44
12
-13
-46
-77
-96
-109
-118
-131
-147
-172
-201
-219
-219
-212
-217
-234
-258
-274
-290
-308
-320
-333
-354
-389
-425
-449
-466
-488
-512
-535
-559
-579
-606
-640
-666
-688
-712
-738
-754
-765
-769
-760
-754
-752
-751
-748
-735
-717
-689
-655
-618
-577
-538
-506
-477
-437
-394
-352
-307
-259
-208
-165
-119
-71
-26
12
42
70
93
113
136
158
179
192
200
214
231
239
243
253
260
264
274
288
303
316
329
346
358
357
355
360
374
392
410
432
449
461
472
481
495
509
528
547
555
561
567
577
579
577
572
557
551
545
536
516
491
461
426
399
381
359
331
296
258
218
181
147
116
92
68
37
6
-22
-44
-64
-88
-118
-145
-164
-180
-189
-198
-205
-216
-229
-234
-236
-236
-235
-234
-237
-243
-246
-249
-252
-253
-255
-261
-272
-278
-282
-291
-308
-325
-338
-347
-354
-361
-375
-390
-402
-414
-424
-435
-441
-451
-456
-456
-450
-441
-430
-421
-412
-400
-382
-360
-336
-309
-275
-240
-211
-190
-169
-147
-120
-94
-68
-41
-18
2
22
45
67
87
111
128
135
138
150
168
184
189
189
188
187
183
182
190
199
204
207
211
214
215
221
230
236
238
242
248
256
263
274
288
297
302
306
308
313
323
337
349
349
342
336
333
327
324
324
324
316
301
281
266
251
238
230
220
204
182
155
129
105
86
69
50
31
9
-18
-42
-60
-75
-89
-110
-130
-147
-161
-176
-185
-191
-197
-207
-221
-228
-229
-229
-229
-230
-231
-232
-231
-231
-234
-233
-229
-219
-218
-221
-225
-227
-229
-231
-226
-221
-219
-223
-228
-224
-222
-220
-217
-214
-213
-212
-213
-211
-205
-200
-194
-185
-181
-175
-165
-150
-137
-124
-109
-93
-76
-61
-48
-36
-23
-7
14
31
43
50
60
75
85
95
105
114
121
124
127
132
139
144
146
144
139
136
138
136
134
133
134
133
136
137
138
136
136
139
143
144
148
154
158
158
161
164
166
167
167
169
173
174
176
179
179
174
168
165
161
156
152
146
136
125
114
102
94
89
81
69
56
44
35
23
11
-1
-14
-28
-40
-53
-65
-77
-89
-102
-112
-119
-127
-138
-149
-153
-156
-160
-161
-162
-162
-163
-161
-157
-152
-147
-139
-133
-130
-128
-124
-117
-109
-104
-99
-96
-92
-90
-88
-87
-85
-86
-86
-86
-87
-88
-87
-86
-84
-83
-86
-88
-87
-88
-84
-81
-78
-74
-74
-71
-64
-57
-51
-46
-38
-29
-19
-11
-2
6
12
21
25
30
35
45
55
60
63
64
67
72
77
81
84
86
88
90
90
92
94
94
94
96
97
95
92
91
89
88
87
89
90
87
83
83
84
86
84
81
79
77
79
82
84
83
82
81
80
81
79
81
80
81
79
76
72
66
60
56
54
50
45
38
27
17
6
-3
-12
-20
-31
-41
-52
-63
-74
-81
-87
-94
-98
-103
-108
-110
-113
-116
-119
-120
-121
-121
-122
-119
-113
-109
-107
-105
-101
-95
-88
-80
-75
-68
-59
-51
-45
-41
-35
-30
-26
-21
-15
-13
-12
-9
-6
-3
-3
-1
1
3
5
6
6
6
4
4
2
1
0
-2
-3
-6
-5
-5
-7
-8
-6
-8
-8
-4
1
3
7
11
15
18
24
30
35
37
38
42
45
47
50
54
55
54
56
58
57
57
56
56
56
54
52
51
50
48
47
45
44
43
41
40
37
35
33
33
34
34
34
34
35
33
34
35
35
32
30
28
28
26
26
25
23
18
13
10
8
5
3
1
-3
-8
-12
-15
-19
-24
-28
-34
-40
-44
-48
-52
-57
-61
-64
-67
-70
-72
-74
-75
-77
-76
-76
-75
-77
-78
-75
-74
-71
-67
-64
-62
-58
-54
-50
-44
-36
-29
-22
-17
-12
-7
-1
5
10
15
19
22
24
27
27
28
30
31
31
29
25
25
24
22
21
20
17
15
14
15
14
