-50
-47
-46
-45
-33
-23
-28
-19
-5
-4
9
5
-12
-31
-30
-8
-10
18
46
43
55
112
310
642
884
892
732
550
462
480
676
1062
1400
1423
1046
546
241
188
281
424
578
621
465
99
-280
-482
-601
-772
-962
-942
-738
-557
-524
-702
-966
-1230
-1430
-1434
-1195
-736
-253
-66
-160
-302
-373
-375
-342
-234
-14
211
259
150
27
-98
-221
-367
-583
-741
-760
-735
-712
-753
-952
-1193
-1412
-1620
-1691
-1534
-1212
-955
-911
-1019
-1117
-1126
-1072
-868
-493
-172
-12
42
29
131
286
380
518
674
809
888
896
975
1056
959
739
601
589
632
652
582
448
208
-59
69
1276
3480
5542
5851
4231
2137
815
902
2238
4250
6228
6788
4948
1736
-756
-1109
77
1251
1952
2251
1949
772
-869
-1929
-2162
-2353
-2932
-3294
-2848
-1895
-1395
-1763
-2615
-3456
-4025
-4239
-3669
-2316
-874
-6
-7
-424
-651
-548
-368
-300
-131
200
515
563
401
244
127
-34
-413
-872
-1096
-1046
-843
-757
-973
-1347
-1813
-2289
-2591
-2561
-2145
-1635
-1284
-1245
-1488
-1671
-1627
-1231
-590
-43
335
582
638
612
643
784
988
1199
1436
1537
1506
1461
1460
1451
1259
977
860
889
1008
1125
1082
952
687
288
64
14
33
122
92
30
258
1052
2263
3116
2952
1881
646
-21
331
1489
2808
3689
3373
1937
247
-824
-747
100
980
1352
1053
247
-780
-1514
-1685
-1605
-1570
-1711
-1936
-1992
-1851
-1583
-1333
-1315
-1470
-1597
-1575
-1294
-860
-452
-141
-155
-336
-98
209
337
321
-125
-334
-278
-127
299
522
506
275
-185
-596
-630
-552
-454
-347
-402
-408
-497
-533
-515
-412
-385
-472
-104
321
544
482
132
80
394
710
961
1085
888
559
280
272
597
864
870
669
334
133
213
429
573
476
253
6
-133
-117
-47
20
-31
-163
-319
-445
-450
-362
-293
-340
-443
-477
-474
-469
-399
-352
-424
-554
-612
-565
-484
-428
-463
-522
-527
-500
-451
-415
-334
-253
-241
-271
-280
-242
-179
-81
-15
20
79
156
190
177
207
247
251
271
296
380
474
502
531
519
510
516
459
425
442
509
586
582
564
559
491
417
409
461
508
521
525
501
483
525
598
679
688
600
538
518
470
411
362
302
242
180
100
50
3
-53
-115
-233
-361
-445
-484
-494
-515
-536
-573
-648
-751
-862
-917
-898
-841
-758
-712
-712
-666
-614
-626
-644
-602
-482
-378
-317
-273
-268
-245
-206
-195
-160
-96
-66
-49
-7
10
-1
-5
-2
32
46
6
-14
-38
-83
-107
-126
-138
-143
-173
-185
-194
-198
-160
-121
-82
-64
-84
-79
-24
40
94
177
297
343
283
220
224
333
442
506
577
650
737
772
722
671
672
699
720
742
756
772
761
703
634
546
447
408
448
602
707
493
53
-393
-502
-241
74
283
197
-220
-722
-1011
-915
-497
-148
-135
-388
-721
-890
-887
-790
-659
-577
-573
-633
-670
-618
-518
-452
-405
-398
-349
-70
306
522
385
-119
-637
-707
-288
306
736
669
108
-542
-833
-555
88
632
779
536
122
-70
38
146
194
137
149
375
427
222
-2
-210
-274
-91
110
246
220
-58
-309
-330
-158
-3
-23
-123
-195
-265
-293
-250
-182
-98
-72
-94
-85
-21
36
37
78
187
329
424
430
388
385
440
405
363
400
489
584
566
427
308
250
156
91
138
177
89
-65
-155
-128
-91
-182
-307
-331
-307
-323
-374
-370
-280
-247
-204
-201
-319
-361
-371
-321
-109
89
35
-12
41
-1
25
121
117
93
80
0
108
249
242
112
26
100
71
74
72
150
191
40
-81
-203
-99
72
101
94
45
-104
-152
-63
-169
-133
-95
-246
-245
-232
-218
-179
-194
-307
-358
-376
-402
-207
-120
-102
-40
-81
-120
-202
-295
-270
-86
62
91
95
50
-15
-52
32
165
275
400
525
648
665
505
315
237
290
458
596
626
557
389
136
-58
-88
-50
43
154
180
72
-138
-315
-352
-255
-153
-146
-171
-203
-256
-280
-254
-180
-60
19
6
-24
-15
37
129
204
253
302
318
277
210
177
201
217
207
220
195
137
96
44
7
-45
-156
-224
-214
-226
-268
-304
-374
-466
-481
-459
-405
-338
-388
-417
-309
-209
-259
-341
-348
-309
-234
-231
-238
-121
-111
-260
-277
-216
-119
-29
-84
-56
18
-58
-136
-113
-63
-18
6
-20
-54
-91
-134
-163
-114
-45
19
213
462
614
618
490
303
215
307
531
832
1071
1069
787
394
125
128
349
647
871
859
599
230
-102
-261
-212
-41
101
104
-30
-205
-344
-429
-442
-402
-322
-288
-283
-219
-105
31
104
110
53
-36
-29
77
251
416
463
379
206
21
-63
-6
94
155
128
-6
-181
-359
-505
-560
-556
-597
-663
-710
-765
-823
-900
-949
-959
-952
-938
-939
-740
-367
-276
-458
-539
-590
-548
-339
-180
102
403
269
-52
-178
-240
-163
34
239
369
236
27
-235
-446
-467
-375
-256
-74
-12
-234
-394
-585
-431
234
1140
1934
1858
1162
356
76
705
1987
3274
3989
3746
2369
699
-94
595
2135
3543
4031
3276
1777
50
-1169
-1178
-220
862
1259
742
-403
-1618
-2373
-2579
-2361
-1860
-1405
-1176
-1138
-1164
-1132
-1159
-1180
-1143
-839
-204
435
887
1103
1153
898
422
187
335
793
1208
1269
1030
455
-261
-776
-1046
-1015
-894
-1041
-1419
-1902
-2408
-2770
-2857
-2804
-2791
-2884
-2913
-2729
-2429
-2220
-2213
-2211
-2102
-1844
-1388
-888
-369
51
170
28
-126
-160
24
525
1018
1309
1335
1029
559
224
240
499
691
665
437
152
-172
-356
-375
137
1462
3041
4150
3696
2117
537
174
1447
3750
6085
7171
6401
3706
722
-700
353
3121
5565
6276
5025
2406
-608
-2695
-2950
-1441
589
1393
570
-1178
-3006
-4259
-4765
-4416
-3448
-2445
-1890
-1700
-1707
-1804
-2074
-2453
-2492
-1675
-157
1241
1934
1674
971
299
-96
158
1138
2321
2964
2669
1516
106
-821
-1076
-738
-77
242
-207
-1234
-2491
-3498
-3753
-3437
-2948
-2586
-2564
-2719
-2889
-3084
-3205
-3087
-2617
-1972
-1364
-816
-510
-450
-469
-542
-395
-68
305
763
1099
1177
966
639
253
174
300
486
797
767
409
-216
-702
-691
-103
1501
3680
5435
5312
3068
611
-138
1650
4887
8134
9739
8619
4853
461
-1505
327
4572
7928
8676
6500
2470
-1808
-4785
-4950
-2418
700
1778
134
-2842
-5639
-7403
-7917
-7203
-5283
-3060
-1987
-2218
-2843
-3382
-3830
-4074
-3442
-1594
1032
2923
3102
2149
923
-40
-368
425
2304
4309
5104
4177
2092
-88
-1419
-1473
-343
998
1403
586
-1300
-3535
-5000
-5191
-4231
-2803
-1935
-2007
-2707
-3608
-4207
-4069
-3195
-1906
-726
-66
30
-391
-899
-1012
-410
760
1682
2162
2305
2132
1601
847
376
578
1292
1778
1860
1408
580
-276
-1224
-1169
-76
1763
4264
5770
5537
2995
81
-734
1125
4779
8099
9846
9032
5754
1008
-1707
-426
3833
7876
8897
7099
3296
-985
-4500
-5385
-3052
179
1530
147
-2616
-5214
-7532
-9237
-9310
-7193
-4104
-2435
-2809
-4026
-5088
-5912
-6287
-5351
-2580
814
2932
2744
968
-782
-1714
-1481
196
2750
5075
5709
4078
1436
-722
-1391
-612
773
1941
2031
735
-1620
-3847
-4805
-4481
-3342
-2187
-1710
-2070
-3006
-4097
-4637
-4088
-2609
-950
221
660
153
-848
-1535
-1368
-104
1631
2891
3242
2692
1723
857
572
951
1743
2761
3229
2836
1396
-228
-1025
-950
248
1734
3931
6155
6702
4614
753
-1336
-133
3872
8038
10484
10287
7488
2835
-1338
-1294
2732
7892
10159
8584
4886
729
-2618
-4446
-3470
-245
2185
1522
-1542
-4618
-6822
-8474
-9318
-8506
-5826
-3245
-2813
-4289
-6132
-7386
-7914
-7332
-4926
-1277
1636
2138
264
-2102
-3020
-2191
-251
2156
4289
5181
4256
2104
-29
-835
66
1690
2813
2762
1515
-501
-2591
-3910
-3958
-2950
-1704
-1175
-1803
-3111
-4403
-5079
-4828
-3705
-2226
-1038
-583
-1040
-1896
-2400
-2011
-997
310
1365
1791
1716
1142
497
228
832
1665
2294
2660
2422
1575
520
-199
-178
669
1618
3593
5961
6998
5285
1605
-392
625
4020
7315
9360
9578
7250
2841
-878
-398
3802
8215
9581
8065
5137
1826
-1238
-2902
-1506
1792
3613
2164
-930
-3274
-5164
-7078
-8006
-6854
-3855
-1845
-2593
-4817
-6534
-7251
-7433
-6561
-4067
-907
860
167
-1996
-3490
-3369
-2110
-229
1813
3350
3298
1839
319
-499
-246
726
1772
2333
1890
587
-1044
-2275
-2760
-2613
-2125
-1745
-1833
-2534
-3579
-4323
-4325
-3708
-2720
-1907
-1686
-1856
-2301
-2732
-2611
-1757
-473
608
1036
782
341
138
197
531
1182
1890
2380
2206
1526
863
346
180
224
778
1534
2935
4856
5923
4919
1918
124
1133
4199
7089
8323
8126
6257
2939
-26
255
3936
7924
8975
7224
4817
2688
644
-1282
-1210
1200
3303
2766
224
-1913
-3489
-5589
-7434
-7097
-4276
-1628
-1791
-4133
-6161
-6936
-7120
-6528
-4268
-1217
346
-525
-2808
-4136
-3503
-1946
-364
1338
2819
2801
1298
-222
-581
93
1163
2093
2633
2392
1056
-854
-2255
-2499
-1993
-1249
-662
-879
-2071
-3550
-4450
-4362
-3608
-2647
-1995
-1913
-2082
-2456
-2942
-2926
-2358
-1412
-387
326
579
277
-100
-277
-178
271
1069
1744
2281
2243
1488
724
154
234
701
1783
3483
5595
6629
5267
2234
331
1420
4521
7607
8669
8290
6345
3162
261
266
3740
7412
8359
6484
4130
2331
592
-1185
-1197
1026
2986
2329
-287
-2361
-3701
-5500
-6972
-6511
-3360
-457
-1081
-4157
-6870
-7486
-7223
-6239
-3592
-388
989
-713
-3954
-5560
-4324
-2162
-395
1211
2669
2692
886
-1099
-1898
-912
894
1973
2365
1980
632
-1361
-2893
-2943
-2072
-899
-132
-606
-2068
-3652
-4457
-3995
-2640
-1406
-1009
-1348
-2013
-2657
-2887
-2312
-1433
-586
198
543
408
-58
-380
-178
361
1069
1504
1727
1828
1456
690
217
435
1163
2070
3041
4761
6021
5533
2897
528
1246
4435
7951
9271
8678
6893
4170
1407
706
3477
7648
9388
7654
4837
2776
1341
-331
-1182
458
2931
3122
539
-2407
-3968
-5344
-6896
-7122
-4929
-2040
-1733
-4278
-6815
-7483
-7070
-6464
-5067
-2371
-384
-1041
-3530
-5295
-4659
-2648
-943
261
1387
1782
675
-1099
-1982
-1355
382
2042
2559
1888
271
-1699
-2919
-2719
-1504
-378
-89
-829
-2279
-3642
-4314
-4060
-2893
-1582
-961
-1231
-2027
-2660
-2805
-2337
-1488
-749
-223
272
421
236
146
221
719
1261
1616
1750
1798
1926
1608
1404
1345
1467
2063
2750
4508
6161
6383
4373
1504
1300
3644
7042
9071
9161
7851
5378
2462
1173
3154
6849
9011
7808
5335
3374
1957
572
-225
1034
3127
3200
858
-1928
-3401
-4393
-5905
-6506
-5004
-2574
-2149
-4527
-7143
-7935
-7558
-6900
-5675
-3408
-1421
-1749
-4024
-6005
-5787
-3822
-1937
-475
794
1173
270
-1348
-2145
-1676
-443
1116
2094
2204
1110
-970
-2590
-2711
-1530
-283
150
-224
-1360
-2895
-3993
-4056
-3035
-1613
-904
-1290
-2198
-2921
-3150
-2792
-1795
-765
-232
-231
-557
-703
-620
-276
428
1330
1910
1866
1301
874
898
1119
1388
1474
2095
2890
4143
5550
5774
4442
2104
1583
3608
6711
8776
8783
7497
5471
3235
2168
3726
6947
9050
8168
5688
3798
2546
1257
340
1254
3463
4258
2531
-375
-2333
-3451
-4626
-5239
-4149
-1937
-1317
-3017
-5674
-7290
-7655
-7326
-5907
-3780
-1907
-1931
-3827
-5819
-6404
-5198
-3152
-1289
34
247
-703
-1736
-2124
-1566
-547
339
1040
1095
483
-645
-1720
-1893
-1447
-782
-394
-583
-1223
-2160
-2816
-2875
-2372
-1576
-1081
-1133
-1615
-2190
-2479
-2441
-2068
-1467
-992
-910
-1181
-1389
-1181
-644
-188
81
399
671
852
740
570
713
979
1141
1033
1440
2455
4171
5420
5050
3323
1626
2081
4244
6869
8308
8192
6963
5013
3050
2749
4961
7784
8709
7195
5257
3986
3027
1824
1258
2467
4124
3872
1601
-675
-1707
-2508
-3670
-4053
-2877
-1333
-1640
-3768
-5766
-6395
-6304
-5992
-4948
-3332
-2463
-3195
-4680
-5500
-5056
-4075
-3140
-2119
-1044
-767
-1422
-2069
-2123
-1647
-1053
-325
364
596
88
-1027
-1766
-1537
-918
-426
-179
-293
-946
-1871
-2335
-2073
-1301
-708
-765
-1146
-1356
-1410
-1570
-1631
-1465
-1179
-1011
-1128
-1355
-1314
-925
-563
-496
-489
-468
-473
-308
8
590
1010
1046
606
16
52
646
2210
4302
5397
4451
2085
837
1997
4633
6897
7829
7644
6399
4152
2447
3231
5957
8154
7965
6529
5505
4523
2886
1280
1612
3663
4666
3327
1192
-58
-976
-2681
-4081
-3496
-1404
-328
-1792
-4144
-5544
-5997
-6081
-5527
-4031
-2625
-2671
-4250
-5726
-5887
-4968
-3791
-2658
-1612
-1145
-1413
-1931
-2199
-2151
-1719
-805
329
924
572
-393
-1163
-1218
-991
-717
-254
124
-138
-1013
-1692
-1714
-1286
-936
-935
-1008
-1020
-1190
-1641
-1944
-1868
-1579
-1309
-1282
-1273
-1292
-1218
-1181
-1269
-1260
-1250
-950
-609
-202
160
278
173
-142
-251
-169
294
1054
2482
4239
4859
3857
1798
929
2285
4740
6787
7482
7172
5862
3754
2378
3132
5543
7573
7609
6337
5080
3816
2400
1392
1866
3440
4079
3139
1576
172
-1190
-2847
-3626
-2654
-883
-297
-1790
-3748
-4908
-5335
-5403
-4828
-3359
-2010
-2026
-3471
-5020
-5390
-4547
-3247
-1984
-1012
-686
-1236
-2154
-2643
-2152
-949
220
856
796
273
-412
-834
-757
-314
301
825
895
380
-389
-927
-944
-631
-322
-118
-112
-362
-979
-1642
-1906
-1732
-1372
-1131
-1051
-1136
-1367
-1704
-1950
-1862
-1521
-1193
-1032
-790
-566
-570
-648
-773
-642
-446
-211
84
446
990
1367
1939
2528
2689
2225
1683
2110
3375
4646
5128
4853
4247
3489
2701
2689
3869
5222
5522
4578
3559
3043
2495
1791
1490
2147
2979
2594
1137
-258
-1003
-1460
-1899
-1800
-1150
-812
-1592
-3000
-3895
-4011
-3853
-3587
-2886
-2077
-1966
-2800
-3756
-3982
-3345
-2291
-1245
-515
-437
-1039
-1683
-1572
-744
182
776
1049
996
553
-87
-360
-14
637
1020
922
582
123
-368
-738
-736
-336
58
90
-336
-1011
-1536
-1752
-1677
-1388
-1060
-871
-973
-1396
-1851
-1980
-1716
-1245
-876
-712
-753
-886
-937
-853
-646
-417
-149
120
361
417
260
22
88
569
1412
2454
3035
2769
1703
972
1336
2536
3796
4326
4163
3503
2480
1694
1990
3267
4384
4255
3298
2516
2053
1544
942
921
1660
2125
1516
307
-594
-1114
-1718
-2213
-2013
-1304
-1044
-1707
-2730
-3287
-3473
-3545
-3228
-2397
-1520
-1440
-2107
-2729
-2761
-2277
-1614
-776
67
344
-167
-825
-806
-104
661
1132
1280
1127
676
123
-51
331
882
1049
792
470
134
-282
-673
-760
-456
-141
-208
-683
-1173
-1377
-1407
-1360
-1251
-1069
-935
-1060
-1373
-1538
-1374
-988
-682
-609
-614
-579
-509
-461
-375
-111
157
264
267
283
337
342
413
540
784
1008
1188
1544
1861
1916
1486
1146
1386
2013
2638
2919
2929
2643
2030
1379
1422
2197
2980
2993
2330
1808
1526
1187
773
683
1079
1291
752
-210
-859
-1041
-1255
-1582
-1669
-1512
-1559
-2102
-2755
-2931
-2691
-2471
-2359
-2045
-1687
-1717
-2027
-2153
-1698
-1000
-476
-187
-19
24
-183
-341
-15
686
1212
1252
971
655
369
258
466
865
1063
732
126
-254
-327
-371
-489
-457
-273
-312
-734
-1246
-1451
-1273
-1030
-913
-813
-774
-945
-1272
-1401
-1143
-709
-387
-217
-84
-52
-203
-475
-452
-17
438
672
639
557
464
364
345
508
816
1015
997
884
856
821
956
1301
1656
1706
1346
1104
1223
1602
1836
1801
1723
1635
1409
1156
1223
1553
1730
1461
1036
749
550
297
32
26
176
0
-550
-1056
-1264
-1375
-1581
-1699
-1575
-1394
-1505
-1876
-2094
-1948
-1691
-1510
-1298
-1042
-878
-923
-1003
-833
-469
-141
1
85
216
234
127
123
318
588
647
475
311
257
265
177
73
84
105
15
-210
-429
-526
-511
-471
-467
-476
-516
-648
-839
-930
-821
-585
-411
-394
-447
-494
-501
-475
-390
-202
-4
148
190
148
114
147
268
421
585
679
703
687
630
608
683
855
981
961
834
708
723
848
898
941
1067
1196
1166
896
717
796
1075
1249
1135
941
786
644
461
396
512
629
499
161
-149
-293
-369
-525
-616
-554
-503
-655
-968
-1201
-1240
-1160
-1058
-1022
-966
-928
-995
-1063
-1056
-890
-688
-521
-409
-384
-330
-301
-281
-240
-164
-43
57
128
124
54
9
-15
-5
42
100
131
83
16
-9
17
33
-13
-85
-111
-128
-166
-179
-149
-91
-93
-162
-234
-298
-306
-262
-190
-103
-64
-107
-196
-242
-187
-55
75
137
149
144
134
142
213
362
517
601
566
478
444
473
545
600
654
697
657
581
520
519
511
412
336
357
444
496
441
336
153
-47
-137
-40
187
295
162
-96
-307
-403
-351
-178
53
165
61
-148
-298
-297
-240
-185
-71
81
94
-108
-352
-427
-343
-268
-234
-183
-122
-189
-424
-617
-612
-461
-323
-256
-238
-254
-362
-508
-550
-424
-220
-118
-97
-91
-89
-115
-152
-92
66
212
264
233
205
188
152
129
156
214
238
201
129
55
3
-22
-28
8
43
30
-29
-112
-170
-191
-179
-120
-42
-10
-45
-98
-105
-66
-12
45
113
168
199
209
211
241
279
315
321
322
331
322
283
210
157
130
121
74
9
-50
-128
-207
-285
-294
-268
-250
-230
-204
-191
-232
-321
-320
-147
76
184
153
134
163
150
105
181
428
640
595
394
268
284
301
239
256
369
383
194
-72
-189
-172
-169
-190
-176
-143
-233
-440
-555
-477
-328
-266
-268
-256
-242
-286
-318
-236
-62
69
71
41
48
70
94
157
270
338
281
179
152
206
259
251
228
209
158
59
-29
-38
-5
23
14
-35
-107
-189
-257
-282
-250
-198
-165
-161
-200
-271
-330
-321
-237
-129
-62
-68
-115
-153
-158
-136
-79
-8
42
46
5
-50
-77
-65
-18
38
69
58
-3
-64
-95
-76
-33
-11
-14
-36
-62
-89
-119
-127
-96
-54
-6
43
97
105
48
-24
-20
92
237
324
312
254
171
88
65
162
324
416
367
236
145
114
130
170
240
296
252
139
54
38
55
39
36
74
103
73
-18
-68
-35
16
45
56
65
64
38
15
12
39
82
106
103
70
16
-11
10
54
69
42
7
-27
-55
-74
-78
-62
-58
-99
-165
-202
-196
-187
-199
-214
-228
-246
-275
-310
-318
-299
-276
-272
-280
-285
-289
-276
-246
-202
-160
-129
-107
-90
-74
-55
-23
21
62
80
79
77
71
64
66
82
101
95
60
21
1
-4
-6
-15
-37
-73
-122
-154
-150
-132
-129
-149
-176
-185
-192
-183
-162
-113
-38
12
23
-16
-39
1
98
198
268
297
306
287
249
261
346
474
537
519
494
495
491
457
436
481
536
512
421
339
313
279
222
199
203
185
95
-19
-64
-45
-29
-53
-87
-114
-169
-233
-258
-223
-174
-166
-200
-238
-263
-285
-295
-265
-223
-218
-249
-278
-280
-270
-260
-239
-199
-164
-172
-212
-231
-205
-153
-98
-67
-70
-97
-121
-124
-105
-81
-60
-47
-43
-56
-83
-96
-79
-54
-40
-39
-46
-60
-91
-118
-115
-83
-53
-60
-90
-111
-117
-112
-101
-86
-68
-60
-63
-68
-68
-55
-48
-51
-50
-35
-18
-20
-19
-7
9
18
25
47
79
102
117
146
181
212
229
247
285
319
331
324
336
375
408
412
398
393
398
385
369
376
399
392
344
291
269
273
255
212
171
143
112
56
-3
-32
-48
-80
-132
-171
-184
-200
-237
-273
-279
-261
-260
-276
-288
-289
-284
-278
-264
-239
-218
-213
-215
-210
-194
-175
-155
-130
-107
-97
-98
-89
-63
-42
-43
-56
-57
-48
-43
-52
-62
-65
-65
-77
-102
-127
-141
-142
-142
-148
-154
-154
-156
-166
-179
-182
-174
-155
-127
-108
-102
-109
-110
-95
-68
-36
-8
14
34
46
58
72
89
114
140
168
189
200
199
188
182
192
207
220
226
214
186
161
158
171
168
153
142
138
130
107
90
88
92
89
84
80
74
63
52
50
57
74
82
76
70
68
74
81
90
101
105
103
99
98
97
88
78
77
75
65
51
30
11
-3
-12
-20
-38
-57
-70
-79
-95
-121
-141
-147
-149
-151
-154
-155
-157
-162
-169
-171
-160
-142
-131
-129
-128
-123
-117
-117
-112
-101
-89
-84
-85
-88
-89
-89
-86
-83
-81
-78
-72
-72
-78
-83
-81
-75
-68
-55
-41
-37
-46
-48
-36
-20
-10
2
18
32
37
40
47
62
78
91
96
99
103
108
105
101
106
110
105
93
86
79
68
57
52
53
45
28
14
10
8
4
2
0
-6
-18
-27
-22
-8
6
7
-1
-1
3
4
3
11
27
43
48
50
50
54
61
71
82
94
104
110
109
106
109
117
123
125
123
119
111
98
86
74
66
63
54
36
10
-13
-31
-45
-56
-64
-74
-91
-111
-125
-129
-130
-127
-123
-120
-125
-133
-129
-116
-105
-92
-80
-71
-71
-72
-64
-51
-38
-30
-24
-17
-15
-19
-28
-32
-27
-18
-13
-15
-20
-22
-29
-37
-39
-26
-14
-15
-20
-20
-15
-14
-15
-13
-2
5
3
1
