7
7
9
11
9
12
15
15
15
16
19
32
46
48
52
61
70
73
81
90
101
110
114
115
115
104
71
30
9
9
5
9
6
-20
-36
-59
-89
-115
-131
-129
-148
-185
-197
-195
-206
-214
-208
-191
-184
-190
-188
-190
-198
-205
-217
-210
-201
-214
-201
-185
-178
-177
-181
-151
-150
-155
-149
-179
-207
-244
-305
-351
-387
-418
-434
-438
-438
-437
-434
-416
-352
-306
-267
-194
-129
-61
-5
40
106
220
313
395
533
747
1022
1289
1531
1782
2058
2300
2465
2579
2687
2778
2755
2575
2318
2062
1771
1343
836
375
-18
-362
-721
-1076
-1271
-1352
-1431
-1511
-1520
-1368
-1160
-1081
-1050
-916
-767
-667
-641
-650
-614
-546
-503
-502
-451
-355
-277
-282
-353
-382
-392
-437
-548
-717
-886
-1046
-1267
-1552
-1794
-1981
-2128
-2290
-2446
-2520
-2492
-2362
-2212
-2005
-1719
-1455
-1211
-980
-752
-540
-339
-200
-126
-29
57
121
177
232
332
489
668
883
1155
1471
1909
2408
2900
3480
4083
4596
5036
5364
5605
5757
5678
5456
5037
4385
3648
2780
1861
955
44
-787
-1523
-2213
-2742
-3092
-3342
-3430
-3421
-3333
-3131
-2837
-2465
-2119
-1762
-1311
-861
-475
-170
118
469
779
1052
1306
1514
1688
1768
1751
1682
1578
1399
1114
695
125
-532
-1254
-1980
-2729
-3451
-4082
-4602
-4969
-5223
-5251
-5082
-4840
-4542
-4216
-3835
-3346
-2847
-2402
-1925
-1461
-955
-445
-71
329
769
1119
1432
1670
1826
1952
1939
1796
1549
1244
959
595
171
-173
-406
-581
-607
-381
137
989
1926
2913
4020
5092
6179
7159
7858
8364
8576
8338
7732
6808
5692
4505
3090
1468
-36
-1302
-2372
-3286
-4030
-4417
-4456
-4388
-4295
-4024
-3529
-2963
-2513
-2232
-1903
-1452
-1087
-923
-849
-651
-299
-4
161
374
783
1264
1565
1737
1933
2104
2075
1751
1237
677
103
-630
-1537
-2433
-3233
-3880
-4454
-5023
-5320
-5345
-5290
-5145
-4968
-4650
-4164
-3723
-3345
-2989
-2655
-2227
-1790
-1436
-1028
-545
-28
484
1012
1568
2096
2579
2857
2985
3057
2930
2706
2311
1751
1268
747
224
-180
-432
-216
433
1251
2220
3333
4624
5950
7261
8530
9590
10285
10471
10060
9134
7837
6319
4681
2744
640
-1285
-2923
-4297
-5496
-6364
-6748
-6792
-6596
-6275
-5803
-5083
-4354
-3752
-3360
-3089
-2626
-2145
-1877
-1811
-1659
-1157
-548
-49
522
1357
2253
2929
3382
3802
4192
4300
3965
3164
2078
971
-247
-1704
-3255
-4571
-5574
-6467
-7221
-7610
-7518
-7086
-6637
-6231
-5675
-4979
-4227
-3652
-3359
-3081
-2764
-2450
-2147
-1860
-1370
-656
48
729
1482
2354
3273
3959
4317
4484
4528
4303
3781
3132
2385
1674
835
-113
-752
-1027
-695
114
1101
2448
4078
5812
7633
9416
11160
12573
13305
13419
12767
11479
9799
7745
5373
2707
27
-2413
-4558
-6233
-7363
-8004
-8213
-8077
-7626
-6996
-6212
-5182
-4238
-3558
-3081
-2770
-2417
-2184
-2117
-2053
-1941
-1603
-1075
-421
442
1477
2525
3402
4109
4671
5027
5056
4486
3422
2102
566
-1136
-3057
-5014
-6687
-8063
-9135
-9801
-9981
-9641
-8965
-8149
-7260
-6262
-5155
-4189
-3456
-2908
-2546
-2147
-1740
-1455
-1062
-437
343
1110
1907
2906
3998
5030
5900
6524
6864
6920
6745
6237
5394
4400
3296
2083
803
-260
-1000
-1343
-957
-25
1335
3052
4913
6937
8914
10743
12401
13416
13656
13142
11739
9676
7134
4305
1282
-1858
-4734
-7218
-9137
-10397
-11049
-11020
-10532
-9653
-8475
-7277
-5923
-4527
-3431
-2703
-2397
-2191
-1987
-2027
-2072
-2214
-2201
-1768
-1280
-477
649
2042
3690
5034
6129
7126
7744
7868
7292
6089
4483
2513
260
-2381
-5078
-7463
-9531
-11127
-12270
-12703
-12269
-11421
-10239
-8729
-7013
-5104
-3314
-1869
-743
132
807
1255
1541
1825
2174
2591
3048
3635
4397
5273
6162
6914
7478
7835
7845
7503
6847
5864
4653
3134
1578
81
-1386
-2436
-3093
-3161
-2401
-1241
198
1908
3749
5814
7777
9439
10865
11701
11702
10800
8967
6670
4238
1548
-1493
-4542
-7063
-8950
-10304
-11184
-11377
-10828
-9813
-8658
-7556
-6297
-4754
-3458
-2843
-2690
-2585
-2345
-2399
-2720
-2864
-2807
-2366
-1715
-931
361
2068
3837
5347
6470
7589
8658
9007
8484
7259
5622
3756
1512
-1041
-3641
-5950
-7902
-9585
-10729
-11092
-10621
-9593
-8388
-6921
-5154
-3272
-1480
-109
877
1674
2205
2435
2458
2589
2883
3104
3330
3669
4271
5151
5975
6608
7049
7363
7469
7171
6389
5272
3948
2278
411
-1430
-3039
-4377
-5417
-6112
-6182
-5286
-3738
-1814
158
2235
4584
6879
8744
10087
10867
10948
10108
8199
5720
3184
691
-1993
-4822
-7238
-8873
-9736
-10127
-10083
-9427
-8247
-6912
-5847
-4938
-3843
-2728
-2127
-2232
-2593
-2685
-2595
-2677
-2813
-2633
-1923
-783
480
1888
3685
5735
7580
8852
9709
10389
10682
10106
8566
6470
4142
1693
-999
-3802
-6306
-8298
-9803
-10867
-11268
-10820
-9673
-8298
-6906
-5392
-3781
-2174
-838
15
537
916
1128
1174
1180
1374
1777
2166
2552
3119
3925
4803
5488
5880
6052
5958
5576
4796
3663
2413
911
-844
-2585
-4105
-5192
-5893
-6316
-6187
-5308
-3740
-1681
499
2713
5008
7217
9077
10416
11197
11290
10502
8730
6352
3879
1462
-924
-3337
-5488
-6945
-7661
-7768
-7430
-6644
-5358
-3961
-2845
-2025
-1219
-438
-88
-387
-1049
-1653
-2026
-2277
-2585
-2645
-2171
-1299
-159
1267
3118
5252
7121
8366
9144
9701
9941
9446
7905
5539
2847
-15
-3032
-5992
-8637
-10666
-12134
-13078
-13219
-12485
-10936
-8988
-7067
-5142
-3176
-1341
171
1091
1502
1636
1452
1077
729
567
651
876
1206
1754
2581
3629
4705
5557
6089
6363
6320
5799
4884
3661
2113
287
-1686
-3454
-4979
-6265
-7184
-7729
-7599
-6544
-4791
-2611
-319
2020
4381
6431
8183
9657
10636
10787
9951
8212
6051
3981
2010
-65
-2091
-3674
-4556
-4779
-4687
-4151
-3120
-1923
-908
-427
-185
181
358
-115
-1202
-2333
-3081
-3540
-3921
-4077
-3720
-2722
-1303
282
2115
4420
6911
8762
9761
10213
10441
10209
9015
6856
4056
1006
-2100
-5248
-8163
-10404
-11894
-12747
-13069
-12608
-11111
-8964
-6737
-4729
-2869
-1059
473
1510
1970
1969
1672
1086
398
-194
-419
-173
269
868
1756
3008
4454
5699
6586
7115
7245
6930
6084
4747
2986
855
-1480
-3925
-6176
-7971
-9243
-10097
-10600
-10536
-9523
-7410
-4601
-1697
1066
3747
6241
8452
10182
11373
11942
11645
10393
8319
6039
4103
2393
546
-1355
-2708
-3209
-3243
-3121
-2832
-2290
-1634
-1237
-1317
-1625
-1789
-1945
-2647
-3879
-4971
-5459
-5405
-5211
-4833
-3876
-2242
-259
1728
3779
6019
8221
9792
10475
10642
10581
10021
8531
6050
3138
437
-2116
-4669
-6985
-8659
-9518
-9851
-9722
-8909
-7360
-5454
-3756
-2450
-1354
-264
578
831
520
-21
-489
-948
-1421
-1593
-1236
-471
446
1409
2585
4043
5454
6331
6563
6323
5736
4765
3280
1320
-867
-3046
-5263
-7398
-9174
-10327
-10847
-11046
-10975
-10304
-8747
-6259
-3386
-678
1827
4177
6561
8664
10220
11409
12114
12067
11108
9403
7625
6195
4960
3534
1836
517
-66
-243
-460
-763
-831
-747
-1005
-1795
-2700
-3172
-3452
-4080
-5157
-6087
-6158
-5622
-5046
-4361
-3248
-1509
596
2460
4159
6040
7989
9399
9799
9634
9418
8957
7728
5522
2969
673
-1444
-3656
-5951
-7712
-8623
-9036
-9322
-9321
-8517
-7133
-5768
-4750
-3998
-3018
-1984
-1464
-1471
-1672
-1607
-1361
-1303
-1200
-735
146
1178
2040
2885
3877
4868
5437
5285
4709
3993
3077
1746
33
-1821
-3726
-5486
-7089
-8432
-9273
-9602
-9469
-9103
-8538
-7475
-5879
-3627
-919
1666
4028
6165
8282
10283
11834
13011
13782
14003
13440
12021
10339
8888
7670
6194
4133
2292
1118
230
-706
-1737
-2412
-2714
-3233
-4167
-5206
-5647
-5470
-5563
-6176
-6713
-6432
-5478
-4700
-3992
-2950
-1513
166
1486
2696
4269
6000
7376
7811
7839
8004
7949
7262
5664
3695
1922
109
-1953
-4201
-6031
-7149
-8048
-8830
-9189
-8769
-7699
-6616
-5726
-4958
-4054
-3002
-2336
-2035
-1763
-1379
-1107
-1207
-1181
-734
-75
518
873
1278
1940
2572
2879
2707
2332
1999
1346
340
-814
-1830
-2725
-3891
-5211
-6249
-6704
-6799
-6943
-6927
-6451
-5503
-4287
-2833
-735
1883
4684
7195
9124
11046
13115
14879
15971
16256
16013
15119
13355
11194
9004
6955
4774
2294
-1
-1805
-3018
-3955
-4874
-5486
-5782
-6022
-6370
-6578
-6333
-5935
-5781
-6030
-6212
-5694
-4854
-4140
-3509
-2648
-1334
-47
1152
2517
4059
5673
6818
7396
7776
8172
8377
7699
6197
4476
2707
749
-1565
-3840
-5702
-7221
-8492
-9535
-10032
-9777
-9098
-8349
-7627
-6682
-5430
-4230
-3289
-2628
-2057
-1447
-1047
-807
-443
137
741
1075
1302
1706
2280
2790
2936
2800
2529
2168
1760
1013
222
-367
-1123
-2100
-3211
-4046
-4503
-4943
-5334
-5496
-5261
-4708
-4098
-3302
-1934
220
2734
4987
6945
8910
10982
12692
13707
14290
14575
14336
13113
10947
8698
6795
4908
2676
252
-1694
-2946
-3922
-4908
-5699
-5881
-5644
-5718
-6178
-6370
-5945
-5399
-5396
-5725
-5759
-5290
-4753
-4487
-4131
-3310
-1972
-660
444
1908
3922
6016
7406
8141
8890
9662
9924
9209
7761
6114
4244
1895
-934
-3673
-5796
-7505
-9086
-10397
-10953
-10573
-9729
-8847
-7841
-6394
-4623
-3137
-2079
-1106
-117
646
914
897
975
1160
1262
1104
823
815
1103
1349
1354
1356
1587
1678
1470
1092
740
480
-21
-814
-1803
-2702
-3375
-4051
-4730
-5253
-5329
-5026
-4605
-4025
-3020
-1378
867
3291
5609
7762
9693
11437
12754
13663
14189
14180
13565
12077
9870
7633
5620
3693
1539
-723
-2496
-3781
-4694
-5363
-5784
-5738
-5452
-5320
-5512
-5662
-5294
-4810
-4817
-5332
-5803
-5801
-5641
-5497
-5215
-4554
-3339
-1916
-455
1346
3552
5937
7811
8880
9690
10307
10555
9940
8222
6092
3657
992
-1702
-4362
-6487
-8218
-9602
-10410
-10637
-9964
-8632
-7039
-5469
-3994
-2284
-741
411
1249
1631
1745
1443
890
380
-177
-550
-849
-1152
-1225
-976
-298
464
1004
1489
1919
2198
2190
1888
1436
784
-163
-1315
-2542
-3744
-4681
-5430
-6050
-6366
-6245
-5438
-4328
-3164
-1608
434
2977
5532
7841
9848
11346
12480
13092
13204
12940
12226
11041
9039
6483
4142
2267
715
-892
-2357
-3261
-3755
-3990
-4134
-4137
-3868
-3668
-3885
-4570
-5356
-5755
-6083
-6906
-7999
-8701
-8682
-8315
-7820
-6835
-5220
-3215
-1161
772
2897
5373
7813
9641
10447
10766
10969
10615
9436
7469
5418
3379
956
-1518
-3738
-5261
-6153
-6887
-7328
-7323
-6555
-5237
-4072
-3082
-2208
-1296
-589
-509
-684
-844
-1091
-1643
-2447
-2980
-2961
-2585
-2164
-1835
-1334
-424
739
1839
2626
3315
3915
3986
3512
2874
2364
1761
634
-859
-2242
-3331
-4103
-4778
-5277
-5321
-4835
-3990
-3127
-2024
-563
959
2293
3738
5515
7211
8373
8843
9096
9295
9376
9372
9102
8721
8056
6848
5418
4243
3600
2946
1800
455
-635
-1431
-2357
-3478
-4440
-5194
-6102
-7465
-8871
-9576
-9648
-9652
-9848
-9871
-9111
-7731
-6170
-4558
-2705
-468
1661
3340
4767
6388
8010
9124
9566
9484
9401
9098
8361
7068
5480
4221
2951
1459
-250
-1801
-2916
-4042
-5185
-6181
-6757
-6828
-6845
-6928
-7033
-6947
-6528
-6206
-6003
-5691
-5163
-4489
-4087
-3648
-2803
-1733
-673
111
887
1745
2505
3116
3527
3857
4034
3980
3494
2762
2152
1587
946
-16
-938
-1575
-2184
-2815
-3497
-3866
-3888
-3852
-3713
-3437
-2880
-2095
-1405
-776
-22
1343
3383
5223
6669
7862
9116
10275
10911
11495
11978
12114
11517
9926
7930
6065
4584
3035
866
-1325
-2926
-4242
-5639
-6908
-7487
-7541
-7897
-8692
-9379
-9329
-8688
-8251
-8200
-7995
-7116
-5857
-4792
-3694
-2031
143
2195
3770
5230
7060
8937
10116
10493
10601
10896
10823
10005
8667
7041
5482
3541
1277
-939
-2874
-4384
-6150
-8062
-9593
-10410
-10531
-10544
-10373
-9773
-8805
-7594
-6466
-5276
-3854
-2426
-1153
-358
277
1131
2050
2878
3243
3495
3945
4340
4557
4529
4559
4690
4554
4056
3289
2408
1512
401
-868
-2127
-3268
-4111
-4984
-5721
-6062
-5968
-5470
-4900
-3976
-2726
-1402
40
1378
2678
3890
4993
6264
7437
8399
9000
9132
9105
9007
8829
8444
7917
7297
6296
4720
3054
1795
822
-227
-1629
-2971
-3947
-4760
-5740
-6940
-7730
-8117
-8705
-9661
-10444
-10199
-9270
-8509
-7903
-6920
-5111
-2897
-906
951
3006
5358
7320
8371
8965
9624
10145
9833
8704
7329
6323
5392
4090
2609
1035
-174
-1335
-2604
-3848
-4835
-5248
-5892
-6831
-7692
-8079
-7850
-7619
-7402
-7133
-6571
-5474
-4353
-3302
-2141
-806
521
1323
1938
2803
3790
4546
4664
4402
4160
3987
3537
2665
1780
1129
506
-388
-1270
-1798
-1968
-2081
-2448
-2710
-2596
-2108
-1576
-1366
-1069
-558
-27
399
718
1278
1896
2222
2260
2080
2116
2174
2021
2035
2408
3165
3799
4064
4233
4565
5097
5498
5589
5580
5324
4441
2947
1389
339
-586
-1844
-3273
-4436
-5112
-5631
-6111
-6294
-5974
-5373
-5153
-5297
-4975
-3961
-3010
-2606
-2346
-1653
-657
90
635
1376
2472
3484
3843
3855
4167
4943
5524
5371
5123
5181
5183
4693
3798
3181
2760
2238
1353
104
-946
-1816
-2683
-3763
-4739
-5250
-5599
-5954
-6230
-6113
-5732
-5336
-4911
-4412
-3719
-2832
-1978
-1362
-813
-47
859
1559
2012
2423
2770
2892
2749
2479
2282
2205
2011
1566
1059
817
789
643
410
332
458
532
448
275
176
168
5
-399
-963
-1340
-1570
-1872
-2300
-2664
-2759
-2828
-2935
-3040
-2877
-2215
-1170
59
1247
2406
3617
4665
5467
6205
6996
7556
7285
6225
4813
3455
2275
1066
-171
-1311
-2142
-2814
-3566
-4115
-4150
-3901
-3988
-4495
-4991
-5210
-5292
-5350
-5299
-5085
-4513
-3739
-2920
-1806
-207
1741
3418
4577
5623
6685
7621
8171
8295
8280
8142
7917
7264
6140
5000
3895
2644
932
-902
-2450
-3803
-5154
-6647
-7886
-8472
-8579
-8526
-8290
-7566
-6355
-5175
-4246
-3360
-2289
-1092
-186
336
729
1304
2089
2671
3040
3497
4067
4544
4710
4736
4740
4584
4266
3712
2933
2059
1239
455
-519
-1497
-2254
-2779
-3340
-4053
-4591
-4869
-4956
-5041
-5093
-5003
-4641
-3974
-3300
-2667
-1987
-987
-19
527
894
1426
2320
3239
4224
5223
5978
6478
6738
6883
6859
6837
6744
6080
4688
2869
1121
-365
-1675
-2788
-3711
-4449
-4962
-5412
-5842
-6104
-5988
-5720
-5877
-6340
-6580
-6257
-5579
-4876
-3961
-2602
-857
866
2451
4230
6113
7737
8701
9056
9186
9237
9094
8454
7542
6661
5865
4909
3681
2562
1605
576
-773
-2283
-3629
-4827
-5891
-6774
-7432
-7729
-7586
-7135
-6521
-5686
-4591
-3400
-2344
-1468
-565
391
1227
1857
2398
2985
3536
3982
4292
4441
4454
4294
3841
3002
1967
943
-148
-1336
-2470
-3261
-3733
-4042
-4086
-3871
-3468
-2990
-2492
-2169
-2119
-2037
-1915
-1885
-2088
-2243
-2133
-2082
-1996
-1780
-1296
-581
139
719
1016
1321
1688
2065
2506
3146
3982
4546
4612
4385
4183
4029
3704
3139
2436
1560
340
-1199
-2556
-3137
-3161
-3175
-3212
-2957
-2470
-2135
-2050
-1997
-1753
-1615
-2000
-2776
-3232
-2921
-2293
-1728
-970
453
2307
3875
5114
6426
7986
9221
9631
9396
9038
8807
8120
6710
5060
3717
2562
1060
-696
-2246
-3407
-4563
-6005
-7301
-7916
-7854
-7614
-7424
-7042
-6203
-5078
-4151
-3467
-2782
-2025
-1567
-1685
-1974
-1964
-1613
-1295
-995
-405
552
1689
2701
3591
4365
4960
5144
4739
4044
3324
2577
1567
320
-775
-1548
-2056
-2492
-2794
-2891
-2869
-2856
-3003
-3116
-3023
-2800
-2592
-2466
-2265
-1902
-1434
-1028
-795
-591
-376
-336
-601
-994
-1262
-1388
-1422
-1247
-560
798
2582
4269
5513
6415
7126
7473
7216
6539
5770
4718
3102
1113
-600
-1611
-2044
-2131
-2010
-1593
-941
-457
-338
-259
85
422
268
-277
-593
-497
-238
-13
397
1180
1985
2455
2498
2523
2773
2913
2678
2214
1992
2039
1938
1613
1362
1346
1202
502
-567
-1617
-2613
-3781
-5150
-6281
-6868
-7010
-6926
-6596
-5813
-4624
-3372
-2338
-1461
-573
273
775
872
867
1009
1238
1346
1455
1822
2384
2859
3031
3042
3026
2905
2570
1946
1245
707
297
-149
-679
-1064
-1222
-1375
-1703
-2133
-2481
-2807
-3240
-3708
-4105
-4283
-4160
-3852
-3387
-2732
-1856
-949
-246
319
790
1135
1207
1017
734
438
166
-39
-118
80
666
1546
2536
3436
4211
4744
4900
4740
4415
4092
3743
3229
2525
1789
1172
707
369
153
28
-118
-408
-921
-1514
-1930
-2140
-2245
-2304
-2201
-1848
-1353
-741
-19
793
1495
1840
1888
1726
1460
1120
746
481
418
507
565
619
760
979
1118
1112
1004
779
358
-331
-1087
-1687
-2048
-2282
-2432
-2391
-2220
-2063
-2017
-2001
-1889
-1769
-1727
-1707
-1585
-1306
-929
-504
-32
535
1143
1662
2033
2285
2424
2326
1996
1514
989
483
-9
-426
-742
-952
-1118
-1292
-1455
-1630
-1829
-2090
-2343
-2519
-2618
-2659
-2710
-2696
-2569
-2291
-1915
-1518
-1067
-627
-232
-23
98
234
376
553
656
790
942
1160
1399
1604
1907
2294
2777
3201
3489
3605
3501
3226
2850
2487
2153
1821
1500
1170
818
466
181
57
34
20
-83
-266
-486
-731
-940
-1090
-1099
-1009
-880
-731
-542
-202
174
475
684
849
988
949
806
709
743
854
891
924
986
1050
1032
889
728
556
303
-161
-770
-1327
-1731
-2022
-2236
-2286
-2151
-1945
-1827
-1743
-1567
-1308
-1075
-963
-878
-740
-591
-484
-398
-234
-4
181
250
232
227
234
138
-88
-341
-523
-654
-803
-958
-1044
-1058
-1064
-1078
-1116
-1159
-1219
-1307
-1440
-1559
-1536
-1409
-1230
-1058
-847
-572
-315
-50
262
601
861
973
995
988
974
951
894
880
895
900
874
868
998
1222
1483
1725
2005
2294
2443
2386
2220
2085
1938
1743
1512
1353
1244
1048
774
532
427
366
247
79
-95
-263
-472
-721
-941
-1057
-1107
-1166
-1211
-1165
-1023
-871
-759
-648
-492
-325
-187
-14
225
495
775
1060
1366
1633
1803
1844
1758
1575
1280
886
392
-134
-610
-1009
-1300
-1486
-1566
-1573
-1570
-1581
-1585
-1573
-1552
-1526
-1483
-1425
-1331
-1195
-1048
-912
-784
-651
-536
-433
-315
-181
-59
33
113
195
275
356
455
555
596
559
473
372
256
80
-129
-351
-562
-767
-932
-1001
-997
-929
-858
-779
-662
-496
-308
-150
-3
138
243
284
316
391
503
592
659
746
824
888
954
1057
1184
1317
1459
1590
1693
1715
1607
1401
1183
967
761
575
422
282
71
-212
-474
-627
-689
-751
-818
-851
-866
-899
-946
-937
-816
-641
-489
-342
-148
84
299
464
599
724
841
919
975
1035
1081
1095
1052
987
914
806
621
343
11
-344
-675
-946
-1141
-1274
-1348
-1361
-1327
-1278
-1240
-1165
-1062
-972
-912
-847
-730
-586
-453
-352
-258
-149
-45
27
59
86
123
142
121
111
152
205
220
193
176
170
139
77
-11
-89
-171
-255
-349
-441
-492
-536
-572
-597
-581
-523
-447
-368
-280
-171
-55
56
162
259
327
364
374
361
343
342
361
383
399
401
411
429
463
515
590
684
778
862
915
910
838
717
584
466
386
336
298
243
161
76
9
-30
-41
-19
17
48
58
57
67
76
77
52
24
23
35
47
39
15
-35
-123
-209
-254
-239
-181
-106
-30
36
85
99
63
-21
-108
-172
-205
-214
-206
-201
-229
-281
-329
-360
-387
-415
-423
-421
-428
-438
-436
-419
-427
-468
-510
-509
-450
-373
-314
-270
-225
-194
-186
-183
-135
-38
57
97
107
145
211
258
266
279
307
314
265
195
140
110
96
78
78
79
59
24
-22
-44
-51
-78
-131
-192
-226
-232
-209
-162
-119
-92
-85
-84
-75
-55
-14
24
46
45
30
23
30
68
124
179
221
265
315
348
353
338
306
256
208
184
187
203
215
217
203
172
142
112
74
33
-1
-16
-14
8
43
78
107
120
129
128
116
93
74
53
16
-19
-41
-44
-39
-34
-33
-35
-29
-17
6
34
68
95
99
91
81
72
44
1
-28
-43
-62
-92
-113
-121
-127
-138
-147
-142
-116
-65
-4
62
119
168
205
211
199
176
140
79
-2
-72
-134
-194
-255
-306
-348
-383
-412
-432
-442
-447
-443
-436
-436
-432
-407
-373
-344
-302
-243
-179
-131
-94
-52
0
51
91
129
165
191
216
225
227
237
249
248
223
200
178
141
87
25
-23
-62
-104
-137
-148
-131
-100
-60
-13
48
126
196
240
266
293
321
338
342
334
331
327
316
298
276
249
210
160
101
48
9
-24
-60
-92
-99
-92
-87
-90
-93
-92
-108
-145
-175
-179
-163
-140
-111
-77
-35
16
68
111
151
187
202
205
201
197
186
154
114
78
44
-1
-51
-94
-129
-162
-204
-243
-281
-319
-354
-384
-397
-386
-357
-326
-290
-249
-204
-169
-147
-127
-103
-78
-58
-38
-9
31
69
99
131
167
201
228
249
263
266
248
211
166
130
104
77
43
16
2
-4
-13
-23
-20
-17
-21
-22
-18
-13
-5
4
13
23
40
64
94
120
146
173
200
253
322
386
389
304
155
-17
-165
-250
-247
-197
-133
-92
-90
-117
-174
-240
-295
-319
-316
-285
-241
-194
-162
-163
-193
-232
-248
-203
-105
22
154
259
309
298
250
200
172
170
198
250
291
292
246
172
103
51
25
13
-13
-67
-135
-189
-199
-176
-168
-203
-263
-307
-311
-291
-247
-169
-94
-47
-24
8
55
96
110
110
121
147
186
217
228
233
219
173
105
60
52
48
7
-38
-49
-32
-14
-17
-50
-95
-123
-128
-99
-51
1
31
29
11
10
33
52
56
51
54
62
61
61
66
79
85
78
58
26
-16
-62
-106
-133
-134
-113
-95
-89
-102
-128
-160
-196
-207
-192
-167
-146
-122
-88
-50
-20
-12
-18
-29
-21
11
49
78
99
119
124
121
127
144
151
143
137
134
129
122
109
94
84
79
76
61
41
32
25
3
-23
-33
-25
-9
6
19
24
20
10
-4
-18
-28
-32
-33
-30
-20
1
23
40
52
63
60
42
11
-21
-43
-52
-60
-71
-82
-88
-86
-82
-84
-96
-108
-116
-121
-123
-113
-90
-62
-28
4
36
63
78
86
98
106
114
117
105
95
90
82
62
38
22
12
-1
-16
-26
-38
-45
-48
-49
-57
-69
-83
-95
-100
-99
-90
-87
-84
-69
-46
-29
-21
-15
-10
-4
9
26
40
48
56
59
52
40
23
8
-3
-12
-12
-12
-12
-10
-5
8
24
38
47
51
53
55
55
52
48
49
53
61
64
59
45
26
4
-14
-26
-32
-36
-40
-40
-44
-47
-50
-48
-50
-55
-59
-63
-62
-56
-46
-35
-26
-21
-18
-20
-23
-17
-11
-3
7
24
42
55
61
61
59
54
41
24
9
2
-5
-14
-22
-19
-9
-1
2
6
11
15
20
22
23
18
8
-3
-8
-2
8
17
22
25
26
28
25
24
26
28
34
43
51
56
57
54
47
39
28
17
3
-11
-27
-39
-47
-54
-58
-60
-55
-49
-43
-36
-30
-27
-30
-36
-38
-33
-21
-9
1
7
9
9
11
20
36
50
55
53
49
43
32
19
6
