-17
-18
-17
-19
-17
-11
-5
6
10
10
35
95
148
169
173
168
167
182
216
292
376
410
384
301
252
266
266
251
268
286
266
189
81
30
-25
-126
-204
-248
-184
-115
-146
-216
-315
-406
-427
-389
-282
-77
37
-9
-60
-164
-260
-198
-111
25
188
186
62
-103
-246
-349
-401
-411
-373
-303
-390
-566
-738
-940
-1105
-1211
-1167
-1039
-967
-992
-1092
-1208
-1327
-1344
-1219
-1032
-851
-731
-672
-629
-619
-600
-492
-383
-203
49
309
555
668
656
808
1345
1955
2534
2863
2891
2771
2514
2469
2861
3441
3887
3867
3332
2664
2085
1743
1637
1765
1895
1676
1041
157
-532
-952
-1334
-1638
-1823
-1951
-2060
-2033
-2066
-2161
-2018
-2068
-2314
-2181
-1563
-587
241
544
583
467
58
-141
574
1638
2280
2227
1540
856
312
-207
-280
79
233
-125
-826
-1527
-1890
-2191
-2687
-2962
-3114
-3263
-3259
-3163
-3055
-3126
-3462
-3793
-3753
-3306
-2476
-1622
-1102
-836
-909
-1075
-971
-564
99
681
1062
1179
1007
928
928
946
1156
1406
1553
1838
2023
2180
2855
3335
3511
3637
3427
3369
3392
3427
3889
4452
4815
4496
3565
2789
2248
2039
2024
2132
2420
2161
1231
173
-732
-1299
-1593
-1795
-1905
-1864
-1969
-2365
-2816
-3312
-3662
-3670
-3366
-2533
-1460
-840
-622
-736
-958
-841
-571
91
1127
1830
1943
1521
973
464
-31
-286
-115
288
362
-2
-573
-1345
-2256
-3108
-3513
-3437
-3218
-3076
-3327
-3736
-4292
-5119
-5532
-5225
-4476
-3546
-2627
-2097
-1833
-1821
-2002
-1775
-1031
-23
992
1710
1956
1884
1478
1079
974
1435
1952
2394
3014
3091
3093
2862
2960
3794
4479
5252
5807
5900
5895
5564
5123
5309
5651
5920
5831
5237
4749
4173
3469
2906
2438
2164
1813
1091
280
-690
-1577
-2338
-3257
-3909
-4192
-4205
-4420
-4774
-4943
-5291
-5456
-5470
-5098
-3825
-2625
-1932
-1404
-1248
-1142
-914
-490
434
1547
2259
2230
1957
1487
788
485
457
656
1058
806
-17
-866
-1866
-2724
-3391
-3725
-3598
-3700
-4094
-4686
-5279
-5671
-6126
-6067
-5435
-4715
-3803
-3109
-2678
-2439
-2352
-2022
-1301
-87
1003
1771
2307
2311
2241
2100
2104
2619
3124
3522
3842
4011
3827
3790
3814
4046
4979
5676
6254
6679
6544
6208
5721
5307
5388
5801
6171
6200
5612
4647
3564
2587
2007
1762
1848
1739
912
-420
-1857
-3049
-3767
-4219
-4387
-4270
-4429
-4951
-5617
-6122
-6437
-6235
-5700
-4972
-3784
-2774
-2059
-1554
-1470
-1530
-1413
-737
603
2016
3094
3279
2435
1244
60
-329
457
1532
2204
1848
484
-1180
-2939
-3941
-3809
-3408
-2990
-3113
-3978
-5166
-6369
-7157
-7312
-6588
-5595
-4680
-3740
-3367
-3242
-3145
-3019
-2253
-1123
325
1879
3007
3499
3326
2989
2726
2925
3853
4983
5999
6291
5863
5050
4315
4349
4806
6110
7567
8036
7812
6784
5450
4628
4426
4848
5599
6115
5669
4360
2673
1076
284
33
105
585
678
-225
-1714
-3410
-4797
-5454
-5419
-5006
-4349
-4052
-4642
-5621
-6668
-7239
-6793
-5730
-4372
-2813
-1729
-1358
-1423
-1820
-2020
-1480
-157
1564
3250
4204
3880
2573
788
-253
38
1204
2640
3326
2542
672
-1664
-3592
-4007
-3253
-2250
-1744
-2193
-3501
-5217
-6418
-6851
-6392
-5003
-3910
-3267
-2766
-2810
-2997
-2904
-2298
-1148
346
1786
2725
3259
3286
2932
2781
3110
3781
4562
5199
5402
5098
4422
3665
3232
3386
3756
4297
4906
5177
5021
4207
3331
2734
2378
2447
2893
3473
3527
2854
1525
170
-552
-737
-315
320
617
269
-898
-2275
-3256
-3548
-3196
-2701
-2342
-2360
-2926
-3751
-4473
-4731
-4395
-3734
-3001
-2471
-2110
-1849
-1681
-1556
-1402
-995
-357
400
1105
1595
1819
1702
1201
699
562
818
1351
1630
1443
893
-18
-887
-1336
-1316
-1012
-941
-1206
-1793
-2626
-3173
-3441
-3377
-2967
-2606
-2431
-2393
-2302
-2102
-1792
-1231
-611
-55
513
927
1296
1740
2083
2353
2534
2658
2809
2904
3018
3131
3163
2974
2638
2304
2039
2020
2091
2145
2373
2533
2387
2157
1724
1179
915
874
1062
1482
1603
1388
811
-148
-748
-873
-595
-77
264
361
-127
-1095
-1968
-2354
-2042
-1535
-1193
-1069
-1375
-2004
-2822
-3316
-3105
-2569
-1958
-1448
-1159
-1194
-1492
-1700
-1669
-1185
-293
412
895
1191
1045
656
360
379
703
1115
1416
1433
1124
719
252
-59
-77
6
61
-119
-440
-804
-1168
-1448
-1630
-1682
-1677
-1663
-1609
-1550
-1468
-1295
-1084
-852
-602
-340
-125
101
397
606
841
1180
1380
1487
1536
1484
1485
1499
1579
1627
1627
1589
1350
1149
1002
861
824
777
899
1032
902
715
324
10
-159
-322
-172
134
333
246
-160
-587
-767
-696
-410
114
585
662
415
-28
-397
-410
-142
227
484
491
239
-267
-703
-862
-756
-447
-212
-122
-209
-497
-749
-894
-898
-599
-186
135
246
77
-250
-550
-628
-462
-151
151
242
22
-339
-551
-616
-514
-194
61
81
-97
-469
-799
-880
-819
-648
-408
-313
-434
-631
-788
-805
-560
-220
39
292
388
338
364
493
718
971
1137
1207
1176
1073
971
890
903
964
945
856
703
495
254
67
-63
-177
-249
-344
-532
-743
-896
-1087
-1239
-1337
-1352
-1240
-1142
-1029
-873
-741
-602
-463
-336
-45
365
739
1019
1241
1323
1281
1257
1241
1352
1571
1675
1586
1361
1086
838
643
576
569
548
459
146
-206
-456
-644
-690
-759
-869
-938
-1108
-1269
-1344
-1331
-1221
-1157
-1092
-1002
-874
-685
-519
-354
-226
-154
-121
-94
21
233
401
506
568
495
425
439
494
631
775
805
751
692
629
617
667
688
717
693
571
466
363
259
167
96
-6
-98
-171
-309
-434
-564
-720
-845
-931
-998
-1020
-1067
-1150
-1244
-1368
-1483
-1519
-1428
-1343
-1202
-1066
-1025
-937
-824
-677
-449
-194
13
193
377
525
663
837
972
1068
1177
1239
1328
1434
1478
1496
1464
1385
1260
1163
1113
1074
1060
971
828
633
367
165
-8
-137
-172
-260
-390
-518
-660
-773
-792
-743
-675
-542
-392
-310
-246
-196
-236
-233
-187
-91
128
322
423
434
377
276
232
281
414
588
704
723
611
433
264
169
155
199
251
230
109
-91
-290
-471
-548
-543
-570
-576
-623
-764
-920
-1049
-1151
-1184
-1143
-1113
-1073
-1055
-1128
-1206
-1238
-1259
-1194
-1026
-866
-717
-589
-516
-443
-343
-214
-42
155
324
450
542
578
618
699
760
877
986
1010
1070
1075
1031
1016
969
954
972
945
909
884
821
709
616
543
458
426
380
306
280
215
122
47
0
-22
-39
-28
-36
-83
-125
-173
-188
-166
-143
-96
-61
-72
-111
-135
-112
-61
4
72
119
117
85
60
47
67
92
95
97
64
-5
-71
-120
-158
-198
-225
-257
-313
-392
-482
-550
-595
-614
-637
-678
-690
-726
-762
-766
-758
-733
-733
-718
-684
-660
-599
-547
-498
-427
-373
-283
-184
-77
18
82
153
192
254
341
426
516
563
597
615
628
655
661
684
690
656
640
626
580
552
523
477
456
421
379
347
292
222
160
120
97
62
20
-7
-40
-83
-124
-138
-127
-125
-114
-98
-84
-73
-75
-82
-74
-61
-47
-20
4
18
34
31
28
34
21
12
12
-8
-31
-43
-70
-103
-129
-163
-184
-199
-220
-234
-253
-287
-316
-338
-350
-348
-348
-336
-323
-319
-302
-282
-261
-245
-223
-188
-156
-117
-87
-60
-21
5
38
74
109
158
192
209
235
260
259
255
258
255
261
261
251
237
205
177
156
140
144
141
129
109
75
37
16
28
54
64
58
63
47
22
34
54
81
106
115
119
118
109
95
102
117
118
123
127
116
88
53
23
8
-1
-15
-21
-33
-75
-129
-165
-201
-243
-255
-266
-283
-305
-346
-384
-414
-430
-430
-421
-398
-378
-376
-371
-365
-351
-315
-270
-211
-167
-132
-87
-58
-28
9
47
90
125
164
209
240
251
264
268
274
288
297
305
314
310
277
257
253
252
253
252
254
235
198
170
171
184
188
195
188
167
143
114
97
103
105
105
102
86
53
21
4
-6
2
10
8
15
-8
-23
-22
-37
-31
-19
-10
3
4
-3
-20
-30
-38
-45
-40
-37
-40
-52
-75
-98
-124
-150
-161
-173
-183
-190
-210
-235
-265
-285
-300
-305
-299
-298
-292
-285
-280
-271
-255
-241
-217
-182
-146
-113
-84
-64
-44
-26
-13
16
53
71
89
95
95
101
105
111
117
119
120
111
105
102
99
93
95
100
99
101
107
106
107
107
111
123
125
134
148
153
165
170
165
167
163
157
152
151
151
138
122
99
79
62
40
36
33
26
12
-3
-18
-36
-37
-32
-25
-10
-14
-22
-30
-39
-43
-42
-30
-21
-24
-27
-37
-59
-71
-82
-92
-90
-96
-109
-120
-144
-165
-175
-183
-184
-179
-175
-171
-161
-158
-153
-134
-117
-90
-60
-29
0
18
34
47
58
79
95
116
125
122
122
110
98
90
81
74
66
53
32
12
-10
-31
-39
-44
-45
-44
-59
-72
-78
-83
-77
-61
-38
-20
-8
2
12
27
39
61
86
99
107
113
109
104
101
96
95
94
75
65
60
44
33
26
17
19
16
4
5
2
-11
-18
-17
-13
-8
-10
-10
-10
-18
-26
-23
-19
-18
-20
-26
-31
-39
-47
-51
-52
-55
-61
-62
-65
-68
-69
-73
-65
-58
-54
-42
-29
-22
-17
-6
11
23
36
49
59
65
63
62
69
74
77
81
80
73
61
49
41
33
27
20
9
-5
-29
-49
-62
-77
-80
-81
-85
-88
-100
-113
-118
-116
-103
-82
-60
-49
-40
-38
-39
-27
-8
18
44
60
66
61
61
60
61
71
86
96
95
88
77
65
58
51
53
60
56
45
30
14
2
-2
-3
3
7
1
-5
-15
-22
-22
-22
-18
-13
-16
-24
-28
-35
-38
-36
-37
-36
-33
-41
-46
-46
-50
-43
-38
-33
-23
-19
-17
-17
-10
-1
8
17
24
32
34
33
34
40
45
45
43
43
42
37
28
19
13
4
-7
-16
-21
-25
-35
-43
-51
-61
-64
-64
-64
-58
-54
-54
-52
-44
-39
-37
-26
-17
-9
-1
6
11
18
22
20
23
29
33
39
44
48
46
38
32
31
32
34
36
38
30
24
15
10
12
14
18
22
22
19
18
16
14
18
24
28
29
29
25
21
13
10
13
15
11
9
2
-8
-12
-20
-22
-17
-18
-19
-20
-24
-27
-29
-30
-27
-24
-20
-19
-18
-19
-20
-19
-19
-16
-9
-5
-3
-3
-5
-8
-10
-11
-5
2
1
-4
-6
-12
-16
-17
-16
-15
-10
-9
-13
-14
-16
-19
-18
-15
-11
-3
1
0
-2
-6
-8
-10
-9
-4
-2
-3
-4
-5
-11
-14
-15
-14
-10
-10
-8
-6
-7
-12
-14
-11
-9
-4
3
9
14
