-2
-5
-9
-10
-13
-13
-15
-20
-15
-17
-26
-28
-32
-43
-41
-36
-38
-42
-43
-57
-68
-76
-91
-93
-92
-94
-81
-72
-84
-94
-113
-145
-155
-135
-115
-74
-52
-96
-156
-208
-226
-194
-128
-54
-34
-52
-82
-124
-136
-103
-46
3
45
54
49
106
130
132
196
274
306
334
453
626
831
940
895
835
763
722
800
1067
1316
1335
1165
851
574
434
403
529
710
740
474
48
-303
-511
-578
-486
-287
-268
-504
-769
-928
-1008
-927
-682
-584
-536
-475
-526
-435
-305
-295
-234
-191
-268
-229
-26
113
125
-78
-405
-597
-753
-780
-573
-401
-512
-920
-1364
-1723
-1885
-1767
-1530
-1261
-1137
-1412
-1807
-1992
-2025
-1806
-1376
-907
-606
-671
-849
-943
-876
-656
-313
181
444
468
397
279
327
462
657
1017
1236
1235
1315
1377
1442
1677
2161
2679
2966
2913
2572
2575
2765
2818
3219
3729
3759
3217
2437
1961
1930
2012
1923
1947
1982
1368
305
-524
-739
-730
-836
-944
-1050
-1276
-1990
-2597
-2572
-2331
-2012
-1791
-1502
-1205
-1322
-1556
-1521
-1157
-687
-239
269
620
543
118
-157
-87
87
267
541
710
407
-197
-766
-1056
-1176
-1282
-1222
-1241
-1488
-1910
-2385
-2589
-2617
-2686
-2614
-2288
-2042
-2040
-1878
-1639
-1624
-1549
-1263
-863
-385
-11
167
375
395
272
350
575
908
1058
1113
1222
1142
974
835
859
1012
1043
1042
1104
1178
1190
1195
1399
1749
1997
1965
1802
1837
1963
2027
2255
2666
2812
2462
1940
1545
1450
1598
1683
1788
1781
1316
511
-252
-533
-489
-447
-485
-685
-1009
-1595
-2224
-2440
-2270
-1965
-1762
-1623
-1602
-1685
-1740
-1776
-1553
-1091
-704
-428
-169
-10
-41
-26
74
159
380
594
616
622
571
321
107
-28
-200
-236
-272
-471
-659
-882
-1172
-1419
-1515
-1553
-1570
-1442
-1404
-1440
-1411
-1426
-1375
-1128
-795
-512
-299
-204
-176
-103
31
334
674
911
1119
1164
1077
1055
1119
1253
1395
1500
1415
1221
1072
892
821
857
826
754
676
528
411
428
539
707
826
731
570
525
483
530
768
1043
1143
980
651
452
497
558
636
804
896
643
131
-212
-362
-356
-289
-309
-320
-551
-989
-1371
-1535
-1391
-1219
-1093
-978
-1027
-1172
-1338
-1390
-1167
-871
-579
-362
-358
-424
-511
-557
-415
-160
99
223
170
78
-86
-197
-137
-19
137
186
52
-131
-316
-453
-494
-404
-270
-232
-265
-337
-416
-466
-420
-242
-55
91
200
231
249
256
297
428
583
708
776
801
741
664
603
573
634
684
713
660
504
356
221
128
93
55
63
13
-152
-279
-372
-423
-404
-332
-255
-199
-178
-192
-210
-133
-18
67
183
260
345
395
349
335
404
489
537
570
618
571
480
404
299
278
267
170
66
11
-121
-312
-395
-437
-487
-520
-549
-583
-651
-698
-721
-716
-647
-579
-507
-432
-395
-390
-383
-338
-245
-109
25
134
192
209
187
178
241
316
428
515
513
473
395
341
305
329
416
412
361
288
173
88
41
43
64
64
13
-87
-178
-254
-322
-336
-322
-320
-330
-387
-459
-482
-483
-460
-421
-381
-350
-376
-376
-345
-319
-228
-150
-127
-118
-105
-65
-51
-18
62
116
143
166
166
173
211
224
236
281
297
264
226
230
244
264
288
283
280
239
173
168
176
188
202
197
175
120
72
43
43
65
60
71
77
40
12
-9
-6
16
23
29
17
10
10
14
62
117
157
183
187
189
198
203
227
257
262
247
204
162
134
101
84
73
57
15
-45
-86
-138
-167
-170
-207
-236
-275
-342
-402
-435
-433
-436
-434
-442
-458
-458
-485
-493
-467
-433
-401
-382
-350
-335
-325
-292
-274
-219
-161
-138
-78
-43
-18
37
70
115
164
197
232
261
291
311
322
327
315
324
324
291
297
297
277
261
222
180
155
131
110
102
113
84
27
6
-12
-16
-12
-7
25
28
27
45
56
77
96
114
141
163
171
179
199
212
214
205
208
205
184
176
164
151
145
118
93
57
9
-9
-34
-58
-58
-77
-112
-158
-189
-210
-249
-246
-231
-248
-248
-272
-301
-321
-337
-313
-307
-298
-285
-289
-270
-275
-272
-240
-214
-181
-151
-124
-96
-76
-53
-25
13
44
54
68
85
85
96
108
118
128
122
131
126
112
115
118
129
134
132
131
138
143
135
135
152
159
154
157
156
146
142
122
117
131
113
96
80
57
52
40
12
0
-14
-43
-74
-93
-98
-101
-110
-128
-138
-140
-160
-152
-126
-120
-111
-106
-108
-104
-89
-74
-64
-48
-40
-38
-31
-29
-21
-15
-8
-5
-6
0
-12
-19
-13
-25
-30
-26
-24
-17
-6
-5
-13
-13
-3
3
17
40
57
63
61
72
82
88
109
117
133
153
151
149
153
157
148
158
164
142
135
119
93
75
56
46
41
33
7
-6
-10
-33
-37
-30
-35
-33
-27
-31
-26
-16
-19
-14
-8
5
12
18
32
27
31
38
34
31
20
11
2
-15
-34
-49
-59
-74
-93
-102
-124
-144
-154
-170
-172
-176
-180
-182
-191
-195
-199
-193
-188
-189
-178
-175
-169
-167
-170
-155
-145
-142
-133
-122
-109
-103
-93
-85
-75
-50
-30
-19
-8
8
20
30
44
70
91
104
118
122
135
151
158
174
197
210
200
202
209
199
205
213
211
206
197
185
171
162
152
143
138
126
110
101
88
75
68
69
65
60
58
42
32
36
32
38
49
48
34
27
19
14
28
30
31
35
23
8
-5
-8
-4
-4
-12
-29
-45
-70
-91
-101
-102
-107
-120
-134
-157
-179
-188
-191
-188
-174
-175
-184
-193
-200
-200
-195
-176
-161
-155
-149
-146
-143
-136
-123
-108
-91
-83
-84
-78
-63
-52
-45
-28
-19
-20
-18
-16
0
17
29
43
49
53
55
57
65
79
95
105
113
119
118
116
121
124
130
138
144
144
137
137
135
130
131
126
124
117
111
112
104
100
96
86
83
74
61
60
57
42
40
36
24
19
12
1
-5
-12
-21
-27
-26
-30
-35
-37
-47
-61
-63
-64
-67
-64
-63
-68
-77
-79
-82
-85
-78
-79
-77
-69
-75
-74
-67
-67
-64
