-29
-31
-37
-44
-48
-48
-44
-45
-46
-44
-46
-46
-48
-41
-20
-8
-11
-2
7
4
-3
-4
22
54
73
80
80
63
38
-4
28
167
337
541
640
612
518
399
375
441
653
986
1165
1103
871
573
346
268
349
523
730
774
568
273
-3
-208
-366
-382
-336
-337
-324
-469
-734
-968
-1163
-1201
-1123
-970
-714
-528
-581
-774
-874
-864
-759
-452
-60
198
215
27
-170
-357
-528
-553
-346
-78
-42
-128
-224
-416
-800
-1211
-1308
-1180
-1032
-964
-894
-840
-1139
-1595
-1801
-1758
-1617
-1423
-1044
-667
-599
-674
-627
-558
-557
-386
40
414
564
557
625
793
740
692
1002
1378
1358
1084
1083
1189
999
710
649
974
1231
1120
936
759
520
85
46
712
2089
3707
4322
3790
2477
1333
1158
1720
2973
4701
5913
5575
3519
1060
-84
264
972
1481
1895
1962
1300
-391
-2187
-2739
-2454
-2322
-2596
-2561
-1866
-1671
-2437
-3389
-3776
-3498
-3120
-2692
-1955
-1034
-475
-827
-1531
-1519
-862
-203
343
871
1153
1045
601
-79
-529
-463
-40
245
225
233
72
-626
-1692
-2419
-2437
-2208
-1950
-1649
-1352
-1263
-1730
-2373
-2582
-2400
-2097
-1598
-834
-145
173
54
-260
-363
-244
60
698
1409
1738
1679
1483
1244
975
881
1090
1332
1376
1332
1297
1078
685
284
-63
-156
-107
-56
14
48
-6
-158
-382
-610
-669
-611
-463
-231
208
1251
2433
2989
2622
1630
973
863
1171
2161
3562
4602
4523
3102
1198
109
120
639
1227
1605
1754
1413
262
-1078
-1882
-1881
-1562
-1701
-1868
-1647
-1395
-1530
-2121
-2541
-2457
-2136
-1860
-1562
-1029
-481
-279
-451
-585
-388
76
536
723
814
932
858
586
300
169
292
445
406
241
129
75
-290
-816
-1079
-1128
-1056
-955
-844
-739
-701
-844
-1175
-1496
-1454
-1049
-754
-436
-89
-13
49
-1
-484
-543
-30
297
554
612
557
653
606
241
-27
12
239
549
414
143
240
422
255
-274
-502
-273
88
132
-165
-106
177
85
-295
-522
-330
38
93
-68
-69
-28
38
191
258
368
683
948
965
745
539
674
908
969
960
1133
1286
984
552
386
372
353
299
348
458
338
92
-50
-156
-248
-344
-340
-253
-293
-370
-303
-134
-89
-133
-57
-8
-93
-94
111
315
369
330
320
437
374
213
232
272
362
286
129
194
281
251
181
105
-59
-197
-293
-405
-434
-414
-439
-507
-617
-781
-891
-908
-906
-898
-833
-768
-760
-826
-934
-896
-767
-681
-638
-569
-411
-341
-418
-448
-329
-137
8
73
145
270
313
235
221
335
419
410
397
361
286
268
280
248
197
148
128
62
-64
-114
-85
-95
-215
-376
-420
-382
-413
-458
-408
-337
-368
-443
-408
-294
-209
-133
-50
32
83
119
206
299
332
341
386
446
470
528
678
781
738
736
811
797
748
734
777
871
852
723
686
681
581
445
394
442
447
400
326
245
218
208
197
132
85
89
38
-73
-219
-239
-133
-86
-167
-276
-234
-233
-336
-403
-440
-407
-354
-302
-305
-346
-357
-364
-393
-488
-523
-478
-408
-328
-353
-368
-264
-217
-262
-280
-201
-83
-31
-18
-8
44
64
46
54
80
124
82
22
-36
-110
-58
-33
-100
-161
-200
-233
-310
-350
-363
-307
-258
-354
-411
-385
-338
-310
-282
-303
-345
-273
-256
-220
-137
-80
34
4
-90
-78
2
61
55
107
134
120
141
86
44
31
53
143
153
103
93
196
225
107
15
58
268
314
223
260
362
392
351
361
412
419
399
397
436
437
378
428
485
398
259
208
260
250
192
180
222
205
121
139
149
85
31
67
134
67
-10
-64
-103
-28
-57
-26
150
14
-144
-32
4
-93
-83
-47
37
164
-25
-160
-98
-94
-119
-216
-251
-254
-117
-135
-382
-414
-459
-329
-184
-395
-494
-348
-276
-416
-583
-638
-323
25
-314
-589
-387
-151
13
-325
-590
-285
128
196
-256
-376
17
390
167
-471
-542
29
540
265
-370
-450
48
471
112
-575
-415
279
509
-28
-608
-334
375
657
11
-515
-134
389
471
-65
-268
189
566
533
77
-46
322
603
429
41
159
535
629
358
172
410
647
544
235
219
464
496
300
132
275
550
490
199
58
195
336
229
59
39
214
310
141
-86
-117
47
148
42
-131
-101
-24
-69
-144
-161
-80
-81
-76
-78
-141
-213
-203
-131
-120
-51
-123
-218
-120
2
-97
-314
-361
-402
-334
-263
-370
-478
-381
-311
-546
-713
-746
-570
-400
-440
-500
-496
-270
-257
-405
-449
-388
-207
-165
-142
-180
-68
154
65
-19
-49
-87
114
231
127
120
233
318
242
89
29
146
185
133
142
108
249
249
55
63
147
201
144
105
184
261
241
42
-24
166
238
60
-95
-18
154
202
46
-33
139
328
313
119
115
375
544
460
280
278
484
577
398
301
470
603
482
239
216
391
423
273
134
174
238
89
-118
-159
-81
-90
-218
-309
-335
-297
-256
-332
-420
-443
-394
-295
-308
-318
-221
-188
-251
-290
-312
-263
-164
-145
-100
-56
-123
-217
-202
-121
-154
-195
-125
-26
-47
-202
-249
-183
-196
-293
-328
-241
-137
-147
-314
-374
-207
-133
-215
-263
-173
-3
50
-49
-123
-36
184
208
-21
-25
170
287
251
135
139
275
331
153
35
162
331
319
141
147
245
201
64
-61
15
120
91
-12
-58
33
-4
-183
-274
-189
-43
-42
-119
-98
1
57
53
55
82
153
192
184
222
288
368
414
379
327
292
279
277
288
339
346
249
175
134
76
-6
-96
-89
-51
-91
-179
-270
-295
-291
-340
-383
-369
-310
-259
-250
-232
-210
-177
-106
-63
-46
17
114
167
152
127
141
179
189
191
210
230
228
144
33
-11
6
23
-3
-64
-150
-212
-218
-267
-330
-305
-252
-242
-302
-367
-380
-293
-192
-204
-201
-135
-109
-120
-76
-37
8
121
132
45
51
131
141
101
95
126
177
183
53
-33
35
46
-72
-153
-103
-19
-27
-154
-275
-253
-157
-142
-214
-225
-162
-131
-149
-163
-29
194
316
297
182
134
203
297
414
547
672
706
545
332
267
325
420
497
504
440
359
226
49
-62
-67
-19
-26
-88
-137
-181
-262
-385
-481
-473
-395
-324
-270
-217
-181
-218
-294
-309
-238
-100
46
114
109
108
128
112
76
101
216
326
305
218
175
163
118
30
-13
14
13
-47
-93
-131
-200
-299
-349
-302
-276
-306
-311
-302
-323
-351
-368
-354
-272
-214
-174
-128
-148
-170
-122
-33
-1
19
88
138
158
111
47
96
161
167
161
158
107
31
11
-38
-59
-33
-23
-20
-110
-183
-198
-199
-214
-243
-209
-135
-57
-6
143
381
505
450
310
338
546
755
965
1167
1347
1342
986
594
565
825
1065
1158
1141
1007
686
206
-179
-248
-130
-52
-157
-339
-542
-873
-1229
-1455
-1465
-1311
-1096
-875
-845
-995
-1085
-1074
-977
-735
-286
230
487
466
304
176
250
524
857
1124
1254
1185
1033
776
371
133
240
398
307
29
-240
-547
-1020
-1497
-1724
-1695
-1611
-1601
-1613
-1681
-1987
-2353
-2348
-1942
-1499
-1226
-1078
-991
-947
-883
-702
-391
79
544
909
1020
794
760
1005
1277
1420
1333
1285
1351
1242
849
511
323
258
302
88
-228
-536
-761
-821
-934
-970
-938
-915
-877
-835
-594
246
1198
1609
1491
1009
849
1238
2054
3115
3998
4402
3985
2736
1623
1756
2745
3465
3567
3262
2693
1677
379
-434
-254
415
422
-347
-967
-1313
-1981
-2828
-3212
-2903
-2358
-2053
-1956
-1930
-1965
-2297
-2678
-2385
-1336
-227
350
472
299
-74
-232
-37
568
1442
1940
1909
1461
938
621
509
642
815
818
429
-270
-874
-1299
-1632
-1857
-1914
-1913
-2111
-2476
-2833
-3130
-3259
-3191
-2850
-2421
-2328
-2205
-1949
-1953
-2032
-1889
-1181
-310
40
115
321
721
828
782
1136
1597
1848
1821
1900
2007
1639
1284
1144
1103
912
448
443
509
125
-461
-800
-668
-822
-1203
-1324
-1033
-755
-457
623
1654
1704
799
243
892
1801
2686
3803
4915
5341
4212
2315
1851
3034
4423
5074
4877
4270
3371
2154
887
200
717
1535
1246
174
-714
-1397
-2392
-3474
-3795
-3083
-2196
-1924
-2119
-2456
-2842
-3463
-3789
-2766
-930
348
625
241
-210
-595
-632
44
1187
2286
2583
2039
1324
751
336
227
558
1025
934
222
-600
-1429
-2239
-2962
-3382
-3091
-2563
-2663
-3274
-3834
-4240
-4621
-4667
-4127
-3336
-2785
-2772
-3032
-3127
-3028
-2692
-1661
-436
-53
-59
104
407
697
940
1453
2156
2669
2684
2421
2055
1500
1199
1325
1508
1463
1041
599
27
-794
-1310
-1110
-594
-590
-970
-1546
-1622
-1318
-471
1190
2102
1809
670
295
1275
2606
3879
5075
6137
6027
4275
2573
3179
5205
6339
6177
5422
4827
4157
2665
1221
1300
2336
2364
1026
62
-1
-712
-2387
-3656
-3499
-2132
-1278
-1606
-2026
-2339
-3139
-4200
-4026
-2037
2
719
321
-519
-1181
-1429
-837
639
2106
2482
1755
845
192
-131
-179
196
671
561
-115
-1092
-1912
-2425
-3018
-3478
-3401
-3079
-3112
-3654
-4315
-4918
-5327
-5286
-4664
-3742
-3110
-3132
-3639
-3965
-3725
-3020
-1990
-809
57
199
-174
-362
-47
625
1656
2502
2850
2669
2017
1610
1562
1535
1403
1385
1487
1380
735
-104
-706
-946
-729
-455
-290
-536
-1108
-1631
-1631
-1357
-191
2040
3274
2548
722
218
1318
3003
4797
6395
7401
6726
4465
2531
3189
5449
6689
6670
6232
5530
4174
2418
1342
1456
2478
2887
1798
651
205
-732
-2610
-3961
-3481
-1666
-471
-933
-2177
-2977
-3661
-4547
-4065
-1666
665
942
-364
-1412
-1674
-1525
-855
606
2161
2201
978
144
-49
-267
-499
51
881
689
-408
-1442
-2040
-2583
-3136
-3149
-2514
-2046
-2620
-3685
-4394
-4876
-4991
-4471
-3532
-2814
-2875
-3460
-3997
-3944
-3253
-2414
-1494
-821
-756
-1019
-1079
-639
-68
544
1224
1654
1667
1327
1122
1196
1334
1404
1304
1345
1363
920
293
-136
-340
-420
-331
-165
-225
-596
-1134
-1323
-1021
-474
726
1979
2206
1139
-35
264
1648
2901
3657
4514
5120
4269
2275
1692
3283
4893
5167
4521
4091
3875
3024
1692
1206
2116
2893
2310
1191
688
430
-516
-1711
-1976
-950
221
200
-754
-1587
-1874
-2234
-2518
-1587
8
708
126
-891
-1363
-1196
-827
-247
613
1122
701
-50
-249
-54
-25
-61
241
594
296
-578
-1235
-1371
-1462
-1722
-1829
-1615
-1501
-1955
-2685
-3134
-3121
-2793
-2471
-2315
-2311
-2506
-2868
-3078
-2828
-2196
-1529
-1138
-1059
-1166
-1272
-1186
-820
-152
560
878
769
623
641
644
636
810
1054
1085
840
540
167
-161
-472
-523
-280
-244
-410
-864
-1235
-1443
-1269
-962
-311
883
1260
629
-396
-530
361
1603
2607
3057
3366
3206
2235
1268
1907
3596
4488
4252
3708
3490
3085
2064
1253
1726
2884
2956
1936
1182
942
228
-1048
-1593
-738
447
528
-216
-957
-1331
-1663
-2078
-1711
-406
599
265
-650
-1095
-842
-477
-282
328
1192
1375
552
-174
-15
429
519
505
829
995
369
-607
-975
-719
-680
-966
-981
-860
-1198
-1924
-2380
-2300
-2084
-2016
-1961
-1841
-1967
-2380
-2582
-2358
-2014
-1728
-1370
-1088
-1117
-1315
-1282
-932
-532
-174
175
312
101
-133
-36
304
459
399
469
454
67
-390
-527
-375
-356
-404
-316
-289
-616
-1111
-1276
-1085
-769
-565
-49
604
586
-130
-711
-301
668
1507
1902
2180
2468
2195
1287
953
2013
3162
3383
2986
2695
2605
2115
1231
846
1525
2235
1896
1126
848
723
37
-797
-837
-57
578
301
-438
-792
-794
-975
-1181
-696
205
556
171
-456
-560
-92
230
261
492
1007
1015
416
66
323
711
704
523
523
547
149
-509
-687
-384
-296
-588
-812
-948
-1243
-1637
-1844
-1688
-1441
-1413
-1563
-1732
-1854
-1917
-1893
-1711
-1405
-1109
-918
-941
-1072
-1037
-753
-491
-306
-35
253
308
55
-113
-32
204
335
349
400
272
-61
-362
-386
-235
-204
-275
-302
-362
-608
-985
-1104
-857
-565
-446
-291
67
185
-77
-384
-191
437
1037
1331
1371
1558
1634
1253
851
1241
2103
2455
2152
1722
1680
1677
1228
731
949
1628
1668
1000
456
367
226
-256
-522
-185
384
426
-145
-638
-637
-517
-639
-560
-117
247
165
-205
-375
-207
35
95
179
449
594
382
85
47
245
365
298
288
385
281
-124
-420
-352
-209
-308
-537
-606
-613
-785
-1049
-1116
-912
-821
-1009
-1199
-1191
-1134
-1182
-1159
-1004
-781
-660
-771
-906
-779
-472
-353
-333
-188
-20
16
-114
-161
53
291
238
83
150
203
-39
-304
-246
-43
-41
-260
-413
-407
-475
-664
-767
-619
-439
-425
-431
-416
-317
-58
204
191
4
134
597
959
941
907
1207
1455
1198
789
1073
1741
1840
1403
1156
1367
1455
1098
745
879
1160
971
524
308
322
182
-146
-299
-151
62
-7
-325
-540
-495
-404
-478
-493
-294
-90
-75
-220
-301
-194
-83
-66
-6
183
372
396
259
135
182
290
299
237
223
211
64
-140
-225
-171
-193
-380
-555
-574
-517
-597
-779
-842
-793
-834
-937
-941
-850
-786
-820
-851
-758
-641
-609
-568
-437
-272
-158
-65
-9
-52
-82
20
177
252
245
208
136
58
44
131
183
92
-40
-124
-190
-330
-397
-306
-241
-311
-464
-481
-427
-416
-483
-492
-205
83
172
25
-42
108
361
617
679
826
1044
1100
858
693
984
1326
1341
1096
1048
1237
1225
841
539
698
883
670
343
327
391
154
-241
-379
-163
-45
-278
-562
-537
-378
-395
-462
-386
-237
-235
-323
-353
-199
11
36
-9
57
172
177
177
248
305
299
225
203
240
220
51
-67
-8
-5
-149
-312
-355
-402
-526
-621
-634
-597
-623
-704
-757
-731
-737
-769
-700
-601
-548
-550
-513
-424
-364
-321
-225
-68
10
-4
-13
47
124
172
221
226
182
103
74
99
61
-12
-59
-84
-147
-246
-287
-266
-276
-344
-423
-424
-396
-386
-394
-387
-315
-250
-140
2
148
193
132
203
406
645
736
749
845
945
865
677
777
1115
1240
999
789
863
916
688
416
507
740
637
284
124
204
96
-230
-351
-144
-10
-180
-377
-403
-374
-467
-529
-381
-173
-121
-227
-281
-249
-195
-119
-4
96
132
131
93
51
50
142
217
198
127
75
46
-50
-134
-118
-82
-152
-281
-343
-371
-421
-487
-493
-448
-435
-476
-535
-534
-502
-479
-453
-403
-326
-287
-276
-256
-210
-148
-68
9
46
50
32
52
98
135
169
174
160
95
-8
-55
-18
38
35
-28
-77
-110
-178
-253
-270
-223
-201
-218
-231
-221
-212
-229
-216
-163
-80
-5
130
258
279
227
222
317
418
535
648
720
711
661
607
576
650
747
792
731
610
548
534
468
337
293
338
292
128
-13
-32
-58
-159
-228
-191
-138
-198
-310
-342
-295
-304
-325
-231
-131
-131
-193
-209
-162
-105
-59
0
69
70
-1
-58
-42
6
39
59
59
9
-81
-156
-188
-171
-138
-134
-163
-211
-275
-334
-348
-317
-265
-240
-267
-292
-286
-281
-291
-269
-184
-126
-149
-176
-160
-124
-119
-104
-33
37
34
-19
-35
-22
-35
-38
20
74
53
-20
-82
-103
-108
-113
-78
-23
-35
-96
-154
-163
-151
-137
-108
-62
-39
-64
-70
-54
-35
-15
22
89
140
172
211
256
268
258
297
376
445
467
468
468
463
444
443
478
519
509
442
386
364
361
314
240
209
226
200
86
10
24
26
-61
-137
-88
-30
-86
-200
-211
-148
-143
-181
-157
-82
-89
-176
-201
-124
-67
-68
-54
-24
-41
-103
-116
-68
-46
-60
-48
-26
-67
-142
-155
-111
-91
-111
-106
-86
-139
-231
-235
-165
-132
-152
-147
-129
-167
-238
-254
-188
-146
-151
-145
-133
-165
-226
-228
-179
-143
-121
-94
-73
-103
-160
-165
-113
-60
-33
-13
-1
-23
-60
-72
-35
23
55
50
29
20
18
9
9
30
50
45
27
11
-3
-2
23
38
50
59
68
76
72
72
86
145
197
204
184
194
232
241
261
306
352
351
313
286
302
341
348
345
344
333
296
260
231
200
197
203
175
106
59
49
17
-43
-80
-58
-53
-109
-170
-175
-165
-201
-222
-197
-162
-177
-213
-210
-183
-167
-158
-122
-84
-85
-97
-86
-61
-61
-61
-29
1
-13
-32
-23
-20
-47
-78
-69
-52
-78
-119
-133
-131
-144
-171
-187
-184
-179
-200
-222
-214
-201
-204
-224
-233
-214
-178
-151
-147
-141
-123
-109
-109
-91
-35
13
21
18
30
48
42
35
54
86
98
92
95
98
73
43
43
55
58
51
51
42
9
-24
-22
9
17
8
5
15
20
18
34
61
88
109
124
150
174
181
193
217
243
256
269
289
296
290
289
292
290
284
270
249
221
192
168
145
117
92
75
49
8
-29
-47
-65
-87
-100
-108
-122
-143
-151
-148
-141
-134
-123
-113
-115
-108
-82
-63
-68
-68
-42
-24
-34
-38
-5
18
-9
-43
-32
-4
-24
-64
-74
-61
-77
-116
-122
-109
-129
-177
-190
-164
-165
-188
-192
-178
-196
-221
-200
-152
-142
-162
-152
-119
-114
-122
-92
-39
-26
-44
-35
7
22
9
21
58
67
44
48
74
77
55
54
66
55
31
31
46
42
19
10
23
24
14
7
11
7
-5
-4
13
28
23
19
28
46
57
65
79
92
96
99
121
154
170
159
157
165
172
177
185
200
201
184
161
153
159
160
149
144
139
117
90
73
66
57
53
49
40
23
1
-15
-31
-46
-48
-29
-19
-48
-76
-71
-67
-83
-90
-57
-39
-67
-98
-96
-81
-86
-91
-76
-63
-81
-115
-120
-101
-95
-103
-97
-89
-107
-133
-135
-123
-119
-121
-113
-104
-112
-124
-124
-118
-111
-102
-86
-75
-81
-89
-83
-74
-66
-53
-32
-18
-23
-33
-30
-17
-6
1
12
21
20
12
9
14
20
32
43
44
40
35
31
26
27
37
43
37
26
27
27
22
14
22
36
28
17
11
16
17
11
16
32
41
38
40
48
55
58
66
82
96
107
108
110
125
140
151
159
166
169
170
166
160
160
162
162
152
138
130
121
106
90
77
63
51
36
23
4
-16
-31
-38
-42
-55
-68
-77
-91
-109
-116
-106
-101
-107
-111
-113
-119
-122
-115
-105
-103
-108
-102
-94
-95
-95
-84
-77
-86
-92
-80
-67
-72
-83
-75
-64
-72
-79
-64
-50
-64
-82
-71
-51
-54
-68
-60
-40
-44
-62
-56
-31
-28
-45
-42
-17
-9
-18
-14
1
1
-12
-7
15
22
14
18
31
25
11
17
34
34
17
18
33
27
8
9
26
26
11
14
26
22
6
6
21
27
22
28
44
48
39
40
54
65
67
71
79
87
87
88
97
104
104
101
103
106
103
97
102
107
103
91
85
83
73
61
57
61
58
46
29
23
18
9
-1
-7
-9
-18
-31
-39
-40
-43
-48
-49
-51
-58
-68
-70
-70
-76
-79
-72
-67
-76
-85
-81
-74
-83
-89
-81
-73
-79
-87
-81
-73
-74
-75
-66
-53
-54
-61
-55
-43
-39
-38
-28
-14
-14
-20
-16
-4
-4
-8
-2
6
5
-1
0
2
-2
-5
-2
3
-1
-9
-8
-7
-13
-16
-8
-5
-8
-14
-15
-9
-7
-6
-1
6
6
4
8
16
20
20
24
29
31
32
38
43
42
45
51
56
55
57
59
58
51
50
57
58
56
52
51
48
42
40
41
40
32
