-32
0
32
80
148
260
396
556
652
716
716
684
620
556
460
308
104
-132
-356
-492
-556
-556
-524
-460
-340
-212
-56
72
180
260
244
164
96
24
-40
-120
-196
-276
-276
-260
-212
-132
-96
-88
-96
-120
-120
-96
-104
-148
-180
-276
-372
-460
-524
-652
-812
-988
-1116
-1244
-1244
-1244
-1116
-924
-652
-372
-104
80
292
372
324
276
112
-104
-292
-524
-780
-924
-988
-988
-780
-556
-292
0
196
340
372
396
428
324
212
16
-212
-324
-428
-524
-228
372
1500
3132
4604
5628
6140
6396
6396
6396
5628
4860
3388
1308
-924
-2748
-4092
-4860
-5116
-5116
-4604
-3516
-2364
-1244
-112
748
1180
1180
812
460
244
-32
-356
-428
-180
356
1052
1820
2364
2620
2620
2236
1692
988
212
-620
-1500
-2236
-2748
-3132
-3132
-3132
-3132
-2876
-2492
-2108
-1820
-1564
-1244
-876
-620
-396
-164
16
132
56
-104
-212
-372
-716
-1116
-1436
-1692
-1756
-1564
-1180
-556
80
588
988
1180
1244
924
460
-180
-924
-1628
-2108
-2364
-2236
-1980
-1372
-524
340
1180
1884
2364
2620
2620
2108
1372
428
-428
-1180
-1820
-2236
-2108
-396
2748
5628
7676
8828
9340
8828
8316
7164
6140
4604
1500
-2236
-5372
-6652
-6908
-6908
-6652
-5372
-3644
-2236
-1052
324
1372
1756
924
-524
-1436
-1628
-1628
-1500
-812
340
1628
3004
4092
5116
5628
5116
3644
1692
-132
-1500
-2492
-3004
-3516
-3900
-3772
-3004
-2236
-1884
-1564
-1372
-1500
-1980
-2492
-2748
-2364
-1884
-1500
-1180
-588
112
716
1180
1308
1052
684
196
-324
-684
-748
-588
-260
196
620
924
1180
1052
428
-428
-1308
-2108
-2620
-2876
-2748
-2364
-1692
-620
812
1980
3004
3644
3516
2748
1692
428
-812
-1884
-2748
-3132
-3004
-2620
-2236
-1628
-1372
-1308
-1756
-1180
2108
6396
8828
9852
9852
8828
8828
7932
7420
7164
5116
492
-4604
-7676
-8316
-8316
-8828
-8316
-6652
-4860
-3388
-1756
180
1692
1756
276
-1052
-988
-292
212
988
2364
3644
4860
6140
6908
7164
6396
4348
1436
-1564
-3900
-5116
-5628
-5628
-5372
-4860
-3388
-1564
-260
556
988
844
164
-924
-1980
-2236
-1980
-1756
-1564
-924
96
1244
2236
3004
3132
2748
2108
1372
588
40
-212
-524
-812
-924
-1052
-1180
-1372
-1980
-3004
-3644
-3900
-4092
-3516
-3004
-2364
-1564
-428
988
2492
3388
3516
3132
2108
356
-988
-1980
-2876
-3260
-3516
-3644
-3132
-2108
-1180
-492
-372
-1244
-1980
-88
4604
8828
11388
12412
11388
9852
8316
7420
6908
6140
2236
-3772
-8316
-10364
-9852
-8828
-8316
-6140
-3772
-2364
-1244
244
1756
2236
684
-1692
-2492
-1308
212
1692
3388
5116
6140
6908
7676
7932
7164
5116
1500
-2236
-4860
-5884
-5628
-4604
-3260
-2236
-1180
212
1692
2364
2364
1980
684
-924
-2108
-2876
-2492
-1500
-1180
-1052
-292
684
1564
2108
1820
1180
492
-276
-1116
-1500
-1628
-1820
-2364
-3132
-3900
-4348
-4860
-5372
-5884
-6140
-5884
-4604
-3132
-1308
324
1692
2620
3260
3644
3644
3388
2620
1436
-48
-1500
-2236
-2620
-2876
-2748
-2236
-1692
-1116
-684
-428
-652
-1564
-3004
-2236
3004
10364
14972
16764
15996
13436
10364
7676
5884
4860
1564
-4860
-11388
-13948
-12924
-10364
-7932
-5372
-1884
324
988
1564
2492
2876
1372
-1308
-2620
-988
1980
4348
5884
7164
7420
7164
6652
6140
4348
1308
-2620
-6652
-9340
-9340
-7164
-4348
-1372
924
2108
3260
4092
3132
1500
8
-2108
-4092
-5372
-6140
-5628
-3644
-1980
-812
428
1628
2620
3004
2620
1820
524
-716
-1372
-1980
-2364
-2364
-2748
-3516
-4348
-5116
-5628
-5628
-5628
-5372
-4348
-2492
-80
2236
4092
5372
5372
5116
4860
3644
2108
716
-844
-2364
-3388
-3772
-3260
-2492
-1756
-988
0
780
1244
1308
748
-428
-2748
-3516
1692
10876
17788
19836
17788
13436
9852
6652
4348
3900
1980
-4604
-12924
-16764
-14972
-10876
-7932
-5628
-2364
148
684
812
1756
2876
1980
-1116
-3260
-1500
2236
5116
6652
7164
6652
5372
4092
3132
1820
-620
-4348
-7932
-10364
-9852
-6652
-2620
1052
3260
3772
3516
3388
2236
-104
-2108
-3644
-5372
-6396
-6396
-5628
-3260
-524
1052
2108
3132
3772
4092
3900
2876
1628
524
-652
-1564
-2108
-2620
-3004
-3772
-5116
-5884
-5884
-5372
-4604
-3516
-1980
-16
2364
4604
5884
5884
5116
3900
2492
1372
64
-780
-1244
-1884
-2492
-2364
-1756
-1308
-812
-492
-324
-96
-32
-620
-1372
-2492
-3900
-1436
7164
16764
20860
19836
14972
8828
4860
1692
924
716
-3260
-10876
-16764
-17788
-13436
-8316
-5628
-2620
588
1628
1500
2236
3516
3900
1692
-1564
-1980
1180
4348
5372
5628
4860
3132
1436
924
924
-8
-2492
-5884
-8316
-8316
-5884
-2108
1628
4092
4348
3516
2876
1756
-24
-1692
-2748
-3388
-4092
-4604
-3644
-1820
-24
1692
2876
3516
4092
4348
3772
3132
1980
716
-148
-1244
-2236
-3260
-4348
-5372
-5628
-6396
-6652
-5628
-4604
-3388
-1436
588
2620
5116
6396
5884
4348
2364
812
-308
-988
-1436
-1756
-1980
-1820
-1884
-1756
-1180
-924
-1116
-1180
-924
-396
32
-32
-652
-1756
148
7676
15996
20860
19836
14460
7420
2748
-120
-684
460
-1820
-8828
-14972
-16764
-12924
-8316
-5884
-3772
-988
396
428
1372
3260
4092
2620
-340
-1180
1244
3772
4092
3388
2748
1436
-244
-460
260
120
-1564
-4348
-6908
-6908
-4604
-1052
2236
4604
4860
4092
3772
3132
1116
-1116
-2876
-4348
-5372
-5372
-4604
-2236
460
2108
3004
4092
5116
5372
5116
4092
2620
1052
-148
-1372
-2492
-3772
-5628
-7420
-8316
-8316
-7420
-5628
-3644
-1500
924
3260
5116
6652
7164
6396
4092
1500
-812
-2108
-2492
-2364
-2492
-2620
-2620
-2364
-2748
-2876
-2236
-2108
-1756
-780
260
1180
1884
844
48
4860
13436
19836
20860
16764
8828
2492
-1564
-3004
-1500
-292
-4092
-11388
-16764
-15484
-10876
-7676
-5884
-3772
-1436
-212
1052
3516
6396
6908
4348
1692
2108
4604
5372
3516
1052
-812
-1884
-2108
-1308
-556
-716
-2492
-5116
-7164
-6396
-3132
652
3772
4860
4604
4604
4604
3516
1372
-556
-2236
-3644
-4860
-5116
-3900
-1372
684
1756
2236
2492
3132
3516
3900
4092
3516
2492
1628
588
-988
-3132
-5884
-8316
-10364
-10876
-9852
-6908
-3388
0
2748
4860
6652
7164
6908
5372
3132
748
-988
-2236
-2620
-2364
-2620
-3516
-4092
-4860
-5116
-4604
-3516
-2748
-1628
212
2364
3772
3516
2364
3900
10364
17788
20860
17788
11388
4348
-396
-2236
-1052
1308
164
-5628
-11900
-14460
-12412
-9852
-8316
-6908
-4604
-2492
-924
1980
5884
8316
6652
3132
1692
3132
4860
4348
2108
48
-1052
-1244
-276
988
1052
-620
-3388
-5884
-6652
-4860
-1884
1180
2492
2236
1980
2236
2108
748
-924
-2236
-3260
-3900
-4092
-3516
-1820
-64
492
524
780
1244
1820
2748
3772
4348
4604
4348
3004
924
-1756
-5116
-8316
-10364
-11388
-10876
-8828
-5116
-1244
1884
3900
5372
6140
6140
5372
4092
2364
1180
132
-748
-1116
-1372
-2236
-3644
-5116
-6140
-5628
-4348
-2620
-1116
180
1436
2364
3260
3516
4092
8316
14972
19836
19836
14972
7932
2492
148
-88
1436
2364
-748
-6908
-11900
-12412
-10876
-9852
-9340
-7676
-5372
-3260
-876
2364
5884
7164
4604
1756
1372
3004
3900
3388
1820
292
-428
-120
924
1564
684
-1980
-4860
-6396
-5884
-3772
-1116
924
1180
228
-260
-308
-988
-1884
-2364
-2748
-2236
-1500
-876
244
1180
1116
324
-260
-80
780
1884
3516
4860
4860
4604
3516
1244
-1116
-3772
-6652
-8316
-8828
-8828
-7932
-6140
-3900
-1756
-88
924
2108
3260
3900
4092
4092
3644
3260
2620
1756
924
-460
-2492
-4348
-5372
-5628
-4860
-3388
-2108
-924
244
1308
2364
3516
4092
6140
11900
17788
19836
16764
10364
3644
-292
-1308
104
2748
3004
-1308
-7420
-10876
-11388
-10364
-9340
-8316
-6396
-4348
-2876
-924
2236
4860
4348
1692
-340
-148
1372
2620
2876
2748
2236
1500
1564
2492
2748
1500
-620
-2620
-3772
-3260
-1628
-524
-260
-1180
-3132
-4348
-5116
-5628
-5116
-2876
-652
620
1244
1436
1436
1564
988
32
-228
260
780
1628
3388
4604
4348
3004
1244
-748
-2492
-4092
-5628
-6140
-6140
-5884
-5884
-5116
-3516
-1564
-64
1116
2236
3388
4092
4092
3644
2876
1980
1180
652
196
-460
-1628
-3004
-4092
-4348
-4348
-3516
-2620
-1500
-196
924
1884
2876
5628
11388
17788
19836
16764
10364
3260
-460
-652
1564
4348
4860
924
-5628
-9852
-10876
-10364
-9852
-7932
-5116
-2492
-1436
-780
372
1500
988
-1372
-3004
-2108
428
2364
3516
4092
3516
2364
1628
1628
1980
2364
1820
428
-620
-556
164
716
56
-2108
-4604
-6140
-6652
-6908
-6396
-4604
-1980
-56
492
492
988
1756
2108
1820
1500
1692
2236
2492
2492
2364
2236
1628
556
-524
-1372
-2108
-3132
-4092
-4860
-5116
-4860
-4860
-4092
-2876
-1500
-460
524
1500
2108
2236
2108
1692
1564
1692
1884
1980
1756
524
-1628
-3772
-4860
-4860
-4604
-3772
-2620
-1052
340
1244
1884
3516
7932
13948
17788
16764
11388
5116
1308
1244
3900
6908
7420
3516
-3516
-9852
-11900
-10876
-9340
-7420
-4860
-2364
-1052
-588
-716
-1308
-2108
-3388
-3900
-2620
260
2876
4092
3772
2492
1244
1052
1884
2620
3004
3516
3388
2876
2492
2492
2108
988
-1308
-3900
-5372
-5884
-6396
-7164
-6908
-5628
-4092
-2492
-1372
-260
1116
2236
2876
2876
3004
3260
3260
3132
3004
2876
2876
2492
1244
-212
-1628
-3260
-4604
-5372
-5628
-5628
-5116
-4092
-3004
-1820
-924
-652
-460
48
492
1052
1884
2364
2364
2364
1980
1564
716
-844
-2492
-3516
-3772
-3516
-3004
-2492
-1436
-292
524
924
1564
4604
9852
14460
15484
11900
6652
2876
2492
4860
8316
9340
6140
-1308
-8828
-12924
-11388
-7932
-4604
-2492
-1308
-1756
-3004
-4092
-4092
-4092
-3900
-3772
-2620
-244
2236
3388
3132
1628
196
-180
1116
3260
5116
5628
5116
3772
2492
2236
3004
3388
2108
-780
-3772
-5884
-7420
-8316
-8316
-7420
-6140
-5372
-4860
-3772
-1692
556
2108
2620
2876
3260
3644
4092
4348
4348
3772
3004
1820
492
-556
-1436
-2492
-3644
-4604
-5116
-4860
-4092
-3516
-3004
-2364
-1980
-1372
-524
308
924
1372
1500
1564
1884
1980
1756
988
-196
-1308
-1884
-1980
-1436
-652
-88
524
1308
1628
1500
1308
2236
5884
10364
13436
11388
6652
2492
1628
4092
7932
10364
8828
2492
-5628
-11388
-11900
-8316
-3260
0
988
-460
-3388
-5884
-6652
-5628
-4092
-2748
-1756
-924
0
556
292
-748
-1628
-1308
620
3388
5116
5372
4348
2620
988
652
2108
4604
5884
4092
588
-3260
-6140
-7676
-7676
-6396
-4860
-4092
-5116
-6396
-6140
-4604
-2108
-164
876
1500
1980
2620
3388
3772
3900
3772
3388
2620
1980
1308
460
-684
-1980
-2876
-3260
-2748
-1980
-1564
-1564
-1884
-2236
-2364
-1820
-924
-32
556
780
780
684
524
-40
-1116
-2108
-2492
-2108
-1052
372
1308
1756
2108
2364
2492
2620
2108
2236
4604
8316
11388
10364
6652
3004
1692
3132
5884
8316
8316
3388
-3900
-9852
-10876
-7420
-2108
1692
2748
924
-2748
-6140
-7932
-6908
-4604
-2364
-1436
-1372
-1500
-1564
-1980
-2620
-2748
-1692
620
3260
4604
4092
2748
1180
428
1372
4092
7164
8316
6140
1628
-2876
-5372
-5884
-4604
-2876
-1884
-2876
-5116
-7420
-7676
-5628
-2876
-780
120
-120
-588
-340
556
1692
2620
3132
3004
2492
1628
556
-428
-988
-988
-556
340
1372
1628
716
-716
-1980
-2364
-1500
40
1052
988
-64
-1564
-2364
-2364
-2108
-2108
-2492
-3516
-4092
-3900
-2364
-48
2108
3516
4092
4092
3772
2876
1820
1628
2620
5116
8316
10364
8828
5884
2748
1244
2108
4604
6652
6140
2236
-3388
-7164
-6908
-3004
1052
3132
2876
396
-3260
-6396
-7420
-5884
-3004
-1628
-1564
-2108
-2492
-3132
-4348
-4860
-3900
-1436
748
2236
2620
1980
988
276
556
2364
5116
7420
7420
5116
1756
-1500
-3132
-2876
-1180
356
556
-1052
-3772
-5884
-6140
-4860
-2876
-1436
-988
-1244
-1500
-1436
-1244
-812
-372
-428
-924
-1500
-1820
-1692
-1052
-460
-8
780
1820
2620
2748
1980
684
0
276
1116
1980
2364
1756
460
-1052
-2364
-3260
-3900
-4348
-4604
-4348
-3644
-2620
-1372
96
1244
1980
2620
2748
2236
1756
1436
1500
1884
2364
3900
6908
9340
8316
5116
1308
-104
1436
4348
6908
7420
4860
340
-3388
-3516
-276
3132
4092
2108
-988
-3900
-5628
-5884
-4604
-2748
-1980
-2620
-3516
-4092
-4604
-4604
-4604
-4348
-3132
-1500
180
988
556
-652
-1308
-620
1436
4092
6140
6140
3900
844
-812
-228
1884
3900
4348
3260
1180
-1244
-2876
-3004
-1820
-372
460
276
-876
-2492
-3900
-4604
-4860
-4604
-4092
-3644
-3260
-2876
-2748
-2364
-1820
-812
492
1628
2108
2236
2108
1980
2236
2876
3260
3516
3132
1980
244
-1244
-2108
-2492
-2108
-1564
-988
-684
-652
-588
-356
244
780
652
180
-292
-492
-228
428
812
748
396
-148
-24
1308
3132
4092
3132
988
-372
148
2236
4604
5884
5116
2620
96
-780
588
2620
3516
2620
924
-556
-1436
-1692
-1436
-1052
-1308
-1756
-1980
-1756
-1980
-3004
-4348
-4860
-4092
-2876
-1980
-1980
-2492
-3388
-3900
-3132
-1244
716
1980
2108
1820
1820
2364
3388
4348
4348
3772
3132
3132
3388
3388
2876
2108
1436
748
-276
-1564
-2748
-3644
-4348
-4348
-3772
-3388
-3516
-3772
-4092
-4092
-3260
-2364
-1756
-1308
-924
-492
196
1052
1500
1564
1372
876
524
492
556
428
428
748
1180
1692
1884
1884
1756
1436
1052
716
684
780
780
428
64
-212
-524
-716
-988
-1180
-1180
-1116
-1116
-1180
-924
-292
556
652
-180
-988
-924
260
1820
2876
3132
2748
1628
652
780
2108
3516
4092
3388
2620
1820
1372
1180
1180
1244
924
0
-1052
-1756
-2492
-3516
-4092
-4092
-3644
-3132
-3004
-3132
-3260
-3388
-3004
-1980
-748
308
812
876
748
844
1308
2108
3132
3772
3900
3388
2876
2236
1436
988
924
988
780
212
-556
-1244
-1564
-1500
-1372
-1308
-1436
-1884
-2364
-2620
-2620
-2236
-1820
-1500
-1372
-1308
-1308
-1436
-1692
-1884
-1756
-1244
-460
260
652
620
396
372
684
1244
1692
1884
1980
1884
1692
1500
1372
1244
1180
1116
924
748
620
492
324
-40
-556
-988
-1244
-1308
-1180
-988
-588
-356
-716
-1308
-1500
-780
492
1436
1692
1500
1116
812
924
1628
2492
3132
2876
2364
2108
1820
1372
748
396
356
196
-340
-1116
-1756
-2236
-2492
-2364
-1756
-1244
-1180
-1500
-1884
-1980
-1564
-1052
-588
-180
132
372
524
716
812
844
988
1180
1308
1180
844
524
324
460
780
988
924
620
148
-212
-428
-524
-556
-620
-812
-1116
-1308
-1436
-1436
-1436
-1500
-1564
-1628
-1628
-1564
-1500
-1308
-1052
-780
-556
-460
-372
-212
-56
40
244
588
924
1052
924
652
620
812
988
1052
1180
1372
1436
1244
876
524
340
292
212
16
-244
-524
-924
-1372
-1372
-924
-212
228
-32
-620
-876
-460
340
1116
1564
1628
1308
924
780
1116
1692
1884
1756
1308
924
556
56
-292
-276
-32
164
164
-56
-396
-780
-924
-812
-492
-164
-196
-556
-924
-1052
-844
-492
-64
164
132
-32
-276
-524
-588
-428
-56
292
524
556
460
428
492
556
556
396
180
-16
-120
-120
-96
-164
-356
-652
-924
-1116
-1116
-988
-1052
-1052
-1052
-844
-620
-524
-588
-684
-684
-556
-396
-244
-88
-48
-56
-80
-104
-64
104
308
372
340
372
492
620
716
812
844
876
748
524
260
132
8
-112
-212
-276
-308
-340
-396
-492
-588
-356
0
260
180
-120
-164
180
748
1116
1180
988
716
396
180
324
684
812
588
340
340
492
492
340
340
588
844
812
524
212
-80
-324
-356
-148
96
164
-72
-460
-716
-780
-716
-620
-492
-396
-340
-276
-212
-112
72
292
428
396
228
64
24
112
180
180
132
8
-180
-428
-620
-684
-588
-460
-396
-324
-260
-212
-276
-356
-396
-372
-324
-308
-356
-396
-396
-396
-396
-396
-396
-396
-340
-292
-244
-212
-212
-196
-132
0
180
396
460
324
64
-88
-64
72
164
132
88
72
16
-40
-56
-8
-16
-88
-196
-244
-120
0
88
228
372
428
196
-132
-324
-260
0
196
228
148
64
48
148
492
812
988
988
924
988
988
876
716
684
780
844
812
620
428
196
-88
-228
-164
-24
-16
-148
-228
-148
-80
-48
0
56
64
-16
-132
-196
-148
-132
-148
-180
-244
-396
-588
-684
-684
-652
-588
-556
-428
-308
-212
-180
-164
-164
-196
-228
-228
-164
-56
8
48
32
-40
-164
-276
-324
-308
-276
-276
-324
-396
-396
-356
-260
-180
-132
-164
-228
-308
-372
-356
-244
-120
0
80
132
132
80
24
0
40
132
228
324
396
396
292
180
132
132
112
24
-120
-292
-340
-292
-212
-164
-180
-148
-80
64
244
356
428
428
428
492
588
748
812
748
684
716
748
716
524
356
308
340
396
372
356
356
324
276
244
244
212
120
48
24
88
132
64
-88
-292
-460
-588
-588
-556
-492
-492
-492
-460
-460
-460
-396
-356
-324
-324
-340
-324
-276
-212
-132
-40
40
88
56
0
-56
-104
-132
-132
-64
0
-8
-80
-180
-244
-292
-324
-356
-340
-356
-396
-428
-460
-396
-308
-196
-112
-104
-132
-164
-148
-56
64
180
260
276
260
244
260
260
228
164
112
48
-24
-112
-212
-244
-228
-196
-132
-104
-96
-112
-132
-56
32
132
180
148
148
180
276
396
460
460
356
228
196
260
428
556
556
524
460
492
524
556
524
524
524
556
556
524
460
356
228
120
16
-56
-132
-196
-212
-196
-196
-212
-260
-308
-356
-356
-356
-324
-308
-292
-292
-276
-244
-212
-196
-180
-148
-96
-72
-56
-56
-56
-40
-32
-16
-8
-40
-104
-164
-228
-244
-260
-260
-260
-276
-292
-324
-308
-244
-180
-148
-164
-180
-196
-196
-164
-112
-40
0
24
16
0
-8
-32
-32
-24
-32
-72
-132
-180
-164
-112
-64
-24
-8
-8
-8
0
32
64
72
72
72
88
96
96
80
48
8
-32
-32
0
64
96
88
72
56
56
120
244
356
396
372
356
372
428
492
492
524
460
396
324
292
324
356
356
340
324
260
164
96
72
80
88
72
48
0
-64
-120
-164
-164
-164
-164
-164
-164
-180
-212
-228
-228
-212
-180
-148
-132
-148
-180
-196
-196
-196
-196
-180
-164
-196
-212
-212
-164
-120
-104
-104
-96
-88
-88
-112
-132
-112
-88
-72
-88
-112
-120
-132
-164
-180
-180
-196
-196
-228
-244
-244
-212
-180
-164
-132
-104
-80
-56
-48
-40
-40
-24
0
48
96
120
112
96
88
96
96
112
112
120
104
88
64
48
56
64
80
88
96
88
56
40
48
64
80
72
56
56
72
96
120
164
212
228
228
212
228
260
276
292
340
372
356
324
292
260
260
260
244
228
196
132
64
32
32
24
0
-24
-56
-80
-104
-132
-164
-180
-196
-180
-196
-196
-212
-228
-212
-164
-112
-88
-72
-88
-132
-148
-148
-112
-72
-72
-104
-148
-180
-180
-164
-148
-132
-132
-164
-180
-196
-196
-180
-164
-132
-96
-80
-88
-104
-120
-132
-132
-132
-112
-112
-104
-104
-96
-80
-64
-48
-24
0
16
32
56
80
80
72
80
96
112
112
104
88
80
64
40
24
0
-8
-16
0
8
16
8
0
0
16
40
64
80
80
72
80
104
164
196
196
196
180
180
180
196
212
228
212
180
132
120
120
132
148
164
180
148
120
80
64
72
80
88
88
88
72
64
48
48
56
56
48
40
8
-16
-56
-80
-96
-88
-80
-96
-120
-148
-164
-180
-196
-196
-180
-180
-180
-180
-180
-180
-148
-132
-104
-96
-112
