2
0
0
1
1
-1
-3
-8
-10
-12
-12
-11
-8
-6
-6
-5
1
7
13
23
36
57
80
92
95
100
119
158
204
239
252
249
244
253
275
285
273
252
234
228
234
236
216
186
157
125
85
36
-19
-74
-123
-143
-139
-136
-152
-173
-181
-161
-99
-50
-62
-118
-183
-213
-197
-137
-88
-102
-132
-137
-112
-68
-32
-37
-99
-140
-138
-172
-226
-263
-303
-340
-346
-347
-409
-470
-475
-489
-507
-516
-586
-723
-808
-817
-819
-799
-776
-797
-813
-769
-685
-642
-611
-557
-528
-487
-413
-340
-300
-241
-131
-50
22
75
53
41
80
133
122
94
77
13
51
177
208
171
178
204
92
42
162
125
6
28
132
222
451
794
795
942
1772
2504
2634
2531
2431
2306
2562
3168
3149
2578
2300
2301
2224
2173
2290
2055
1538
1335
1172
770
335
-30
-572
-1208
-1454
-1572
-1848
-1914
-1763
-1633
-1523
-1253
-979
-967
-989
-963
-947
-751
-389
-141
-128
-10
414
945
1463
1704
1421
836
395
121
-196
-385
-628
-1143
-1532
-1655
-1827
-2121
-2250
-2337
-2593
-2628
-2527
-2644
-2737
-2597
-2431
-2343
-2025
-1675
-1639
-1515
-1141
-805
-609
-387
-210
-239
-114
199
355
381
437
555
560
583
628
399
120
-50
-234
-528
-814
-933
-1066
-1080
-940
-902
-921
-807
-485
-259
-63
176
228
340
634
987
1250
1506
1751
1778
2094
2878
3936
5510
7006
7483
6789
5794
5242
4917
4748
4181
2958
1861
961
-220
-1699
-2537
-2503
-2441
-2458
-2730
-3224
-3267
-2729
-2291
-2539
-2516
-1942
-1670
-1288
-538
291
1072
1857
2336
2105
2114
2517
2463
2311
2483
2455
1779
1237
1123
679
156
-188
-995
-1962
-2065
-1933
-2552
-3013
-2753
-2866
-3299
-3141
-3397
-4175
-4001
-3343
-3354
-3330
-2433
-1966
-1801
-566
555
753
928
1296
1025
549
784
515
-398
-712
-802
-1262
-1646
-1496
-1563
-1979
-1849
-1736
-2044
-2017
-1619
-1429
-1386
-1074
-977
-1149
-807
-391
-342
-133
285
394
343
526
571
485
990
1609
1618
1607
1637
1446
1193
1284
1171
460
50
-75
-271
-99
997
2542
4616
7460
9259
8549
6746
5777
5512
5562
5332
3620
1029
-310
-569
-1423
-2378
-2446
-2237
-1929
-1025
-370
-648
-1072
-1373
-2265
-3003
-2553
-1996
-2147
-1882
-548
800
1588
2023
1715
874
677
1095
1188
1378
2138
2348
1655
1214
1313
1089
467
-320
-1588
-2844
-3235
-3158
-3418
-3730
-3745
-3783
-3845
-3523
-2894
-2394
-1921
-1281
-795
-666
-741
-848
-917
-708
-115
212
132
47
-117
-589
-1248
-1697
-1957
-1962
-1688
-1477
-1315
-1251
-1269
-1292
-1356
-1367
-1481
-1426
-1178
-1006
-633
-382
-310
-350
-365
-115
24
254
327
153
91
97
287
333
349
315
27
-73
-126
-293
-380
-280
-215
-427
-392
-158
217
1542
3398
5376
7968
10629
11647
10679
9495
8557
7813
7579
6266
3131
330
-814
-1767
-3151
-3807
-3828
-3504
-2456
-1575
-1815
-2419
-2422
-2655
-3438
-3286
-2294
-1626
-1208
-219
1068
1923
2739
3054
2407
1990
2374
2488
2160
2597
3196
2634
1681
1261
817
199
-444
-1855
-3957
-5047
-4819
-4992
-5595
-5584
-5380
-5448
-4946
-3957
-3749
-3674
-2753
-1981
-1660
-905
-218
-421
-351
583
919
671
807
684
-19
-382
-468
-987
-1335
-1176
-1305
-1675
-1715
-1759
-2215
-2464
-2192
-1930
-1678
-1342
-1076
-954
-705
-416
-487
-744
-685
-417
-282
-48
-5
-107
90
554
900
1045
1182
1146
1009
801
506
442
674
798
719
589
322
348
1509
4006
7880
11706
12942
11331
9233
8393
8466
8252
6072
2422
184
-280
-1187
-2962
-4311
-4612
-3717
-1922
-978
-1268
-1270
-1000
-1381
-1959
-1650
-1273
-1596
-1721
-1074
263
1850
2891
2743
1839
1596
1923
1637
1032
774
874
1068
1822
2712
2072
300
-1276
-2274
-3163
-3893
-4914
-6921
-7712
-6423
-5599
-6103
-6223
-5435
-4563
-2960
-1104
-691
-532
471
1125
897
987
1032
26
-483
30
308
87
-132
-631
-1414
-1482
-1168
-1455
-2050
-2318
-2495
-2656
-2458
-2387
-2534
-2283
-1793
-1475
-1368
-1329
-1318
-1104
-465
146
413
408
132
-218
-275
1
237
372
699
1168
1490
1465
1024
615
709
1075
1126
643
177
-3
598
2192
5205
10048
14101
14461
11425
8444
7720
8630
8891
5772
963
-1376
-1659
-2930
-5090
-5977
-5001
-2753
-492
-44
-550
-230
197
-855
-2185
-1887
-1220
-1390
-1704
-895
1053
2929
3738
2986
1803
1790
2269
2011
1665
2314
3048
2650
1678
813
-127
-1108
-1315
-1435
-2747
-4697
-6441
-7592
-7018
-4627
-3553
-5096
-6000
-4927
-3865
-3062
-2117
-1865
-1348
548
1591
766
207
244
-413
-966
-414
-218
-680
-916
-1316
-1723
-1548
-1409
-2256
-3293
-3396
-3298
-3364
-3123
-2797
-2650
-2221
-1459
-1301
-1355
-1124
-1091
-1066
-454
330
330
444
877
490
-232
-423
-546
-656
209
1251
1334
1325
1548
1162
551
722
662
-217
-403
17
579
2122
5595
10365
13781
14228
11870
9052
8318
9347
9384
6183
2040
-74
-1236
-3082
-4912
-5275
-4114
-1802
212
258
144
1045
1191
-394
-1926
-1816
-1512
-1709
-1771
-1092
654
2483
3312
2596
1658
1833
1937
1405
1473
2663
3398
3002
2549
1941
1282
640
-714
-2646
-4210
-5094
-6176
-6645
-5752
-4750
-4473
-4894
-5347
-5135
-3882
-2527
-1943
-1235
-238
204
-148
-762
-1435
-2149
-2292
-2192
-2038
-1511
-1070
-1216
-1738
-1842
-1873
-2213
-2544
-3019
-3317
-3132
-2731
-2516
-2506
-2193
-1806
-1634
-1520
-1504
-1432
-1142
-681
-222
106
516
662
58
-700
-1335
-1636
-1411
-666
168
535
1048
1305
928
768
800
547
293
539
880
1019
2355
4639
7492
11615
14762
14619
12045
9988
9042
8724
8728
6719
2793
-150
-1818
-3727
-5304
-5020
-3680
-2265
-538
519
745
802
602
-600
-2207
-2420
-1813
-1565
-1359
-373
1115
2255
3069
3075
2219
1740
1838
1936
2222
3158
4008
4000
3448
2193
311
-1475
-2661
-3163
-3427
-3751
-4432
-4941
-4845
-4839
-5228
-5840
-5921
-5340
-4329
-3132
-2300
-1687
-1164
-846
-889
-1050
-1010
-1101
-1355
-1400
-1193
-989
-1131
-1699
-2420
-2870
-2858
-2732
-2650
-2551
-2491
-2505
-2636
-2887
-3085
-3024
-2813
-2624
-2345
-1854
-1472
-1212
-827
-437
72
494
458
-42
-581
-866
-1118
-932
-414
133
796
1226
1149
755
565
470
284
397
590
767
971
1239
2216
5099
10554
15625
16767
13878
9889
8097
8965
10067
7780
2568
-1166
-2437
-3583
-5448
-6453
-5432
-2831
20
1113
995
1633
2364
1330
-1107
-2235
-1428
-352
-62
-51
869
2460
3789
3613
2142
1491
1774
1957
2172
3215
4095
3635
2988
2187
1240
672
-590
-3040
-4888
-4969
-5236
-5938
-5884
-5959
-6038
-5618
-5671
-6015
-4803
-2457
-899
666
1992
1609
562
-336
-1717
-3027
-2967
-2523
-2150
-904
10
-540
-1625
-2387
-3262
-4011
-4007
-3823
-3516
-2943
-2563
-2830
-3412
-3646
-3887
-4026
-3500
-2521
-1649
-1004
-257
224
497
702
116
-947
-1447
-1247
-1156
-893
-142
473
1084
1505
1299
679
369
297
30
123
542
938
981
625
911
3254
8464
14083
16240
13852
9591
7460
8331
10129
9332
5124
952
-1472
-3314
-5342
-6146
-4906
-2651
-189
1060
1146
1531
1844
569
-1985
-2986
-1882
-487
308
630
1397
2766
3978
3891
2667
2076
2291
2589
3196
4523
5679
5444
4269
2375
-37
-1258
-1055
-1339
-2447
-3271
-4582
-6330
-6091
-4922
-5847
-7533
-7731
-7239
-5937
-3096
-982
-389
891
2074
1106
-335
-770
-1338
-1910
-1487
-832
-346
374
84
-1791
-3435
-3889
-3942
-3903
-3517
-3158
-2964
-2681
-2919
-3867
-4631
-4778
-4724
-4330
-3087
-1811
-1207
-665
-186
-158
-110
-49
-519
-1063
-857
-661
-730
-167
534
963
1253
1259
673
79
196
122
-91
168
456
503
456
621
1520
5303
11678
15728
14836
10864
7275
6803
9433
11023
7904
3157
263
-2100
-4481
-5531
-4660
-2603
-19
1511
886
452
1067
565
-1797
-3371
-2445
-794
422
1134
1451
2017
2995
3226
2005
1226
1772
2407
3118
4535
5962
5817
4271
2322
348
-1097
-1227
-252
-107
-1096
-2489
-4930
-7135
-6501
-5113
-6728
-8857
-8191
-6589
-4685
-1813
-318
-514
436
1420
-14
-1097
-349
-219
-651
-167
432
381
98
-1332
-3532
-4214
-3422
-2679
-2356
-2031
-2085
-2690
-3306
-4183
-5101
-5418
-5044
-4371
-3453
-2062
-1279
-1462
-1649
-1349
-1087
-1071
-808
-734
-1064
-1038
-620
-392
80
986
1246
572
258
378
341
532
963
932
492
402
159
-169
750
4581
10499
14803
14916
11128
6793
5672
8623
11405
9962
6208
2668
-848
-3853
-5124
-4757
-2914
231
1941
903
146
644
88
-2016
-3368
-2853
-1337
520
1570
1558
1797
2626
2646
1289
691
1642
2735
3816
5253
6341
6047
4336
1825
-247
-799
-322
455
909
206
-1444
-3598
-6083
-7251
-6327
-6126
-7621
-7752
-6125
-4621
-2841
-1271
-1543
-1879
-927
-946
-1693
-782
572
565
329
389
-49
-670
-1522
-3061
-3968
-3223
-2068
-1603
-1538
-1844
-2736
-3702
-4375
-4878
-4992
-4514
-3847
-3096
-1906
-936
-1109
-1779
-1869
-1594
-1262
-691
-372
-630
-1045
-1285
-1340
-839
289
952
808
413
58
-85
137
420
287
239
730
954
613
354
1022
4163
9612
14069
13956
10003
6312
5631
8251
11009
10530
7117
3126
-283
-3207
-4535
-3468
-931
1477
1973
376
-1353
-1873
-2082
-3047
-3573
-2466
-505
1078
1594
1362
1247
1504
1400
927
1510
3346
5097
6001
6117
5665
4751
3372
1772
657
465
885
1258
847
-651
-2756
-5024
-6930
-7344
-6679
-6484
-6512
-5850
-4851
-4039
-3144
-2669
-2792
-2385
-1572
-1095
-543
470
984
563
156
-130
-715
-1459
-2115
-2598
-2542
-1776
-1233
-1527
-2132
-2802
-3729
-4656
-5073
-4968
-4601
-3873
-3061
-2489
-2086
-1994
-2191
-2294
-1848
-1197
-770
-344
-94
-222
-510
-601
-286
397
1131
1309
1064
729
204
-180
-88
71
197
517
627
111
-626
-978
-211
3749
10134
14389
13527
8947
4640
3840
7516
11921
12339
8907
4243
-154
-3366
-4075
-2245
504
2868
3165
549
-2552
-3770
-3608
-3637
-3438
-2251
-879
279
738
147
-630
-654
-7
745
2340
4783
6332
6373
5600
4620
3397
2282
1649
1261
1660
2845
3411
2498
282
-2862
-6073
-7322
-6039
-4057
-2813
-3058
-4934
-7051
-7731
-6837
-5155
-3108
-1366
-749
-838
-1036
-1332
-1498
-1204
-560
-29
272
169
-591
-1661
-2359
-2443
-2134
-1704
-1533
-1857
-2585
-3444
-4291
-4754
-4490
-3705
-2690
-1832
-1441
-1607
-2035
-2483
-2971
-3036
-2195
-927
-82
-39
-498
-960
-957
-352
11
46
361
869
1100
938
759
243
-437
-558
-230
296
697
1083
1710
3922
8217
11885
12232
9400
6229
5301
7701
11467
12602
9926
5609
1427
-1884
-3092
-1738
889
2953
3043
314
-3401
-5189
-4715
-3684
-3049
-2144
-1159
-697
-717
-1145
-1573
-1284
44
1652
3311
5481
6837
6035
4190
2875
2395
2812
4060
4729
3719
2126
864
-290
-942
-1144
-2027
-3875
-4916
-4582
-4435
-4728
-5427
-6825
-7945
-7441
-5846
-4524
-3132
-1947
-2012
-2428
-2270
-1728
-906
215
687
-110
-797
-925
-1039
-973
-698
-673
-1134
-1569
-2002
-2651
-3169
-3577
-3861
-3701
-2853
-1803
-1523
-2063
-2925
-3639
-3940
-3556
-2507
-1540
-1025
-1064
-1426
-1703
-1505
-910
-249
409
940
1268
1202
891
566
569
840
1015
1106
1024
812
509
363
943
2510
5880
9891
11773
10035
6307
4144
5214
9226
12599
12016
8235
3991
569
-1836
-2041
184
2918
4073
2510
-1351
-4604
-5028
-3740
-2920
-2393
-1286
-629
-952
-1739
-2500
-2374
-913
1231
3108
4804
5961
5323
3397
2026
2102
3364
4891
5689
5111
3231
887
-1368
-2506
-2058
-1155
-1040
-2021
-3434
-5198
-6981
-7885
-7738
-6580
-4954
-3943
-3926
-4329
-4439
-4300
-3859
-2744
-1343
-100
402
-134
-1036
-1586
-1442
-764
138
866
832
-146
-1731
-3108
-3495
-2988
-2229
-1760
-1773
-2087
-2632
-3206
-3506
-3541
-3333
-3057
-2756
-2550
-2338
-2221
-2256
-2103
-1712
-1184
-691
-76
148
156
333
606
822
943
949
517
515
923
1269
1206
1087
967
743
1471
3195
6188
9258
10483
8682
5303
4135
6265
10256
12744
11649
7687
3171
283
-629
334
2809
4888
4468
1480
-2292
-4660
-4691
-3147
-1924
-1655
-1369
-1309
-2082
-3129
-3544
-2851
-1009
1606
3714
4479
4241
3113
1566
1171
2436
4353
5369
4952
3324
1276
638
825
706
84
-725
-1340
-1724
-1827
-3322
-6054
-7729
-7643
-6546
-5160
-4061
-4117
-4966
-5511
-5747
-5366
-3661
-1582
-871
-1434
-1920
-1810
-1136
-299
206
16
-244
-402
-844
-1141
-1311
-1232
-1326
-1387
-1365
-1459
-1599
-2244
-2961
-3397
-3208
-2917
-2845
-2886
-2945
-2806
-2533
-2174
-2087
-1894
-1503
-1221
-1158
-856
-269
94
500
702
538
199
319
874
1223
1540
1761
1834
1903
1880
1966
2423
4040
7291
9759
9758
7400
5076
5178
7872
11582
12024
8593
4294
1501
667
1402
3222
4534
4124
2150
-1076
-4156
-4510
-2594
-1164
-1286
-1755
-1888
-2546
-3354
-3663
-3319
-1426
1433
3294
3488
2953
2079
824
471
2080
4222
5686
6041
4465
1769
-497
-992
-12
1733
3206
2003
-1685
-5236
-6771
-6389
-5089
-3853
-3824
-4791
-5615
-6338
-6821
-6219
-4879
-4014
-3726
-3470
-3288
-3120
-2657
-2118
-1635
-897
-471
-778
-1229
-1423
-1359
-951
16
856
819
-82
-1481
-2567
-2741
-2075
-1413
-1255
-1694
-2703
-3692
-3984
-3206
-2139
-1424
-1381
-1873
-2166
-2071
-1516
-1087
-709
-476
-467
-555
-723
-487
39
765
1179
1387
1620
1794
1873
1777
1984
2289
2914
3855
5059
7300
9341
9594
7359
5135
5543
8107
11214
11452
8255
4247
2197
2220
2864
3786
4260
3443
1521
-865
-2874
-3113
-1721
-627
-1144
-2451
-3140
-3403
-3534
-3150
-2227
-718
966
1798
1251
293
-72
135
1040
2833
4221
3793
2587
1218
550
1199
2088
2267
1527
1246
449
-1358
-2818
-3866
-4337
-4088
-3558
-3861
-4859
-5521
-6148
-6782
-6427
-5438
-4742
-4245
-3885
-3991
-3983
-3291
-2683
-2705
-2748
-2541
-2384
-1827
-733
-6
194
201
-147
-708
-855
-588
-769
-1174
-1099
-1042
-1254
-1456
-1951
-2481
-2362
-1820
-1501
-1471
-1270
-1461
-1837
-1790
-1863
-1927
-1801
-1531
-1289
-1002
-595
-525
-404
163
585
829
998
1186
1714
2380
3004
2937
2677
3321
4616
6954
8915
9107
7691
6303
7044
8897
11074
11465
9067
5850
3982
3897
4205
4679
4739
3643
1780
-45
-1711
-2615
-2074
-1310
-1671
-2503
-2800
-3053
-3595
-3663
-3181
-2491
-1344
-284
-347
-768
-416
273
847
1612
2551
2636
2342
2403
1984
1471
1587
2236
2467
1968
881
-1292
-3028
-2762
-1787
-1802
-2879
-4480
-6190
-6934
-6260
-5443
-5156
-4852
-4886
-5632
-5840
-5139
-4489
-4197
-3889
-3526
-3229
-2466
-1550
-1330
-1156
-652
-488
-493
-316
-312
-702
-886
-573
-433
-355
-346
-1058
-1793
-1807
-1473
-1044
-577
-286
-754
-1710
-2273
-2555
-2177
-1529
-1343
-1588
-1873
-1605
-1522
-1302
-804
-276
188
299
578
836
1641
2305
2137
1768
1775
2442
2895
3762
4754
6249
7872
8294
7540
6651
7724
9460
10514
9936
7943
6292
5874
6245
5970
5055
4050
2952
1719
674
-97
-417
-399
-648
-1561
-2545
-2932
-3210
-3708
-3971
-3633
-2903
-1982
-1426
-1483
-1571
-1276
-847
-576
274
1262
1894
2068
1374
518
118
1007
2128
2637
2299
632
-978
-1560
-1160
-1087
-1811
-2806
-3878
-4437
-4396
-4488
-4923
-5275
-5412
-5590
-5596
-5173
-4949
-4921
-4645
-4281
-3890
-3260
-2731
-2799
-2982
-2691
-2231
-1732
-1089
-838
-1078
-1160
-833
-582
-361
-58
-169
-379
-292
-22
101
175
291
-205
-857
-1159
-1228
-1049
-840
-794
-1195
-1470
-1611
-1955
-2074
-1437
-461
-94
69
102
35
121
470
854
1155
1863
2324
2106
1853
2570
3771
5430
7494
8213
7800
6978
7374
8704
10143
11113
9781
7792
6696
6593
6202
5196
4487
3831
3382
3007
2015
279
-892
-1164
-1621
-2273
-2474
-2680
-3525
-4419
-4557
-4177
-3495
-2624
-2410
-2598
-2463
-1945
-1628
-1346
-248
735
959
702
392
390
841
1767
2090
1480
710
19
-453
-453
-236
-708
-1968
-2953
-3517
-4089
-4473
-4654
-4761
-4807
-4662
-4731
-5133
-5138
-4915
-4703
-4365
-3835
-3493
-3689
-4019
-4157
-3815
-3007
-2115
-1648
-1578
-1447
-1257
-992
-521
120
479
496
528
381
217
289
474
571
617
646
210
-156
-225
-296
-598
-1042
-1167
-1088
-719
-327
-196
-460
-643
-670
-623
-220
195
607
827
1006
1115
1014
1069
1375
1726
2717
3945
5067
6551
7161
7058
6704
7362
8926
9850
10171
8855
7083
6368
6772
7064
6401
5718
4708
3580
2686
1735
568
-224
-256
-536
-1424
-2055
-2590
-3599
-4431
-4589
-4251
-3739
-3205
-3228
-3802
-3978
-3393
-2671
-2053
-821
98
60
-591
-1269
-1132
-234
1318
2067
1395
380
-464
-878
-896
-790
-1108
-1814
-2292
-2733
-3283
-3646
-3753
-3826
-4044
-4034
-4083
-4384
-4517
-4625
-4569
-4343
-4163
-4274
-4603
-4524
-4191
-3818
-3265
-2617
-2250
-2094
-1810
-1506
-1102
-659
-265
56
430
900
1026
832
824
991
1117
1251
1229
1127
778
408
198
231
649
788
471
-124
-520
-780
-701
-310
103
387
273
129
-242
-296
227
833
1339
1546
1627
1663
1973
2884
3872
4906
6284
7294
7661
7457
7462
7922
8646
9566
9295
8300
7446
6966
6407
5330
4701
4138
3558
3088
2270
1081
-14
-551
-1110
-1916
-2427
-2753
-3570
-4519
-4815
-4888
-4840
-4444
-4256
-4225
-4145
-3579
-2994
-2753
-1890
-1270
-1091
-945
-643
-222
-185
-36
-92
-444
-583
-423
-411
-640
-748
-1162
-1868
-2244
-2309
-2451
-2740
-2943
-3196
-3691
-3916
-4090
-4439
-4628
-4635
-4515
-4390
-4123
-4008
-4231
-4431
-4311
-3922
-3492
-2895
-2439
-2225
-1990
-1621
-1018
-258
518
889
816
700
765
1044
1391
1728
1881
1747
1535
1209
1198
1481
1625
1577
997
505
320
379
608
558
361
-32
-457
-635
-483
-174
196
355
329
577
862
1147
1318
1318
1676
2417
3561
4708
5376
6158
6640
6944
7258
7697
8444
8816
8876
8040
6958
6475
6614
6641
5674
4636
3594
2787
2355
1719
914
94
-406
-1054
-2190
-3091
-3625
-4233
-4865
-5243
-5311
-5090
-4777
-4693
-4763
-4553
-3667
-2593
-1952
-1596
-1779
-2073
-2000
-1425
-542
-222
-312
-646
-839
-709
-629
-653
-679
-496
-426
-825
-1543
-2201
-2650
-2888
-3043
-3159
-3309
-3595
-3978
-4475
-4677
-4593
-4468
-4353
-4299
-4197
-4217
-4284
-4189
-3874
-3340
-2710
-2228
-1852
-1407
-919
-405
98
554
884
1126
1344
1520
1605
1749
1937
1990
2003
2025
2073
2120
2131
1986
1735
1454
1224
1005
630
431
317
81
6
-135
-255
-340
-356
19
263
605
910
943
1028
1183
1642
1996
2480
3128
3655
4219
5127
6316
6932
7075
6873
6773
7111
7773
8102
7284
6296
5763
5559
5180
4528
3947
3304
2806
2189
1061
-191
-939
-1455
-2244
-2959
-3325
-3796
-4550
-5143
-5495
-5539
-5200
-4624
-4306
-3989
-3377
-3058
-3046
-2977
-2340
-1664
-1297
-1101
-1374
-1737
-1632
-778
-48
49
-165
-665
-1105
-1070
-704
-715
-1097
-1452
-1854
-2405
-2834
-3077
-3487
-3889
-3986
-4002
-4099
-4127
-4148
-4321
-4495
-4313
-3951
-3711
-3340
-3004
-2871
-2635
-2179
-1577
-965
-277
356
629
812
1068
1359
1664
1928
2262
2416
2348
2233
2090
2137
2193
2172
1989
1686
1581
1385
1124
744
381
156
-6
57
145
244
135
-5
-19
205
541
762
953
1002
1318
1658
1895
2064
2132
2542
3034
3548
3938
4205
4893
5674
6217
6289
5955
6024
6493
6986
6878
5997
5206
4720
4352
3766
2962
2303
1741
1238
583
-279
-982
-1529
-2186
-2965
-3509
-3683
-3942
-4368
-4782
-4939
-4822
-4523
-4176
-3910
-3332
-2595
-2202
-2462
-2787
-2554
-1985
-1286
-952
-1165
-1640
-1755
-1329
-998
-835
-846
-1120
-1374
-1394
-1232
-1347
-1701
-2021
-2363
-2519
-2552
-2744
-3133
-3445
-3426
-3241
-2950
-2599
-2459
-2594
-2786
-2756
-2439
-1923
-1419
-1216
-1300
-1230
-853
-400
73
537
891
1055
1205
1419
1569
1719
1903
1972
1872
1844
1808
1710
1579
1444
1418
1319
1296
1262
1058
863
729
622
475
458
381
222
147
238
476
595
736
752
727
823
902
1033
1096
1162
1180
1261
1559
1876
2139
2368
2611
3148
3883
4306
4346
4003
3761
3919
4213
4365
4015
3404
2865
2482
2214
1881
1551
1220
782
242
-276
-631
-905
-1219
-1726
-2190
-2403
-2523
-2701
-2992
-3142
-3160
-3038
-2809
-2585
-2196
-1849
-1790
-1966
-2066
-1919
-1635
-1390
-1315
-1429
-1588
-1547
-1368
-1231
-1188
-1185
-1272
-1367
-1307
-1212
-1194
-1320
-1464
-1607
-1683
-1582
-1565
-1684
-1786
-1728
-1600
-1496
-1413
-1401
-1415
-1442
-1401
-1301
-1221
-1118
-1012
-952
-794
-439
-57
199
370
518
648
797
989
1189
1329
1449
1482
1379
1350
1410
1525
1564
1426
1289
1169
1110
1113
1132
1123
990
786
587
407
328
380
327
291
239
114
102
86
198
305
304
389
491
566
583
562
656
879
1127
1371
1510
1661
2058
2516
2848
2888
2687
2545
2604
2824
2885
2722
2460
2172
1870
1507
1257
1163
1031
764
391
-1
-269
-441
-743
-1154
-1435
-1567
-1705
-1921
-2129
-2260
-2313
-2213
-2003
-1780
-1623
-1663
-1856
-1994
-1877
-1593
-1366
-1408
-1618
-1764
-1766
-1522
-1172
-890
-743
-745
-819
-825
-678
-455
-303
-280
-342
-467
-549
-592
-621
-624
-660
-706
-750
-753
-755
-822
-868
-878
-833
-762
-788
-871
-900
-821
-577
-215
141
410
483
429
419
529
758
957
1066
1073
973
879
881
949
1068
1162
1153
1063
889
748
671
625
577
425
204
-26
-173
-244
-279
-265
-222
-164
-170
-182
-233
-294
-283
-253
-143
-1
81
46
-93
-112
70
387
688
820
910
1048
1359
1756
2010
2114
2034
1923
1930
2087
2305
2398
2329
2082
1747
1446
1275
1272
1308
1222
894
412
-26
-331
-478
-552
-665
-861
-1149
-1495
-1770
-1863
-1760
-1571
-1434
-1445
-1607
-1803
-1920
-1824
-1585
-1379
-1282
-1329
-1428
-1454
-1321
-1034
-694
-427
-314
-333
-382
-346
-245
-118
3
43
32
-34
-144
-216
-268
-311
-349
-379
-381
-389
-437
-496
-500
-474
-449
-433
-429
-394
-345
-264
-151
-67
54
182
281
364
441
569
691
746
734
709
743
802
828
754
616
500
417
373
355
326
252
105
-63
-173
-221
-252
-305
-370
-417
-446
-452
-442
-445
-468
-487
-503
-485
-415
-364
-358
-356
-317
-261
-198
-125
-13
157
320
468
592
716
906
1131
1333
1481
1539
1536
1527
1575
1677
1739
1732
1659
1496
1315
1213
1192
1203
1138
939
677
418
230
122
24
-96
-258
-486
-718
-866
-895
-860
-860
-923
-1045
-1165
-1204
-1177
-1115
-1068
-1054
-1056
-1054
-1018
-939
-832
-714
-622
-565
-501
-434
-382
-344
-316
-261
-213
-163
-109
-115
-142
-142
-134
-114
-104
-126
-170
-214
-226
-220
-213
-199
-200
-207
-175
-130
-67
0
17
14
12
35
94
140
141
110
82
74
73
80
101
106
73
17
-37
-63
-70
-78
-88
-123
-168
-206
-219
-220
-236
-242
-259
-268
-260
-262
-274
-294
-304
-308
-311
-298
-254
-202
-165
-129
-89
-19
75
187
304
427
564
673
761
849
986
1133
1253
1345
1356
1328
1289
1280
1303
1315
1298
1203
1047
886
769
694
634
552
412
245
79
-50
-125
-188
-265
-383
-504
-575
-595
-571
-531
-522
-558
-617
-643
-612
-537
-457
-423
-453
-510
-541
-531
-481
-416
-355
-307
-287
-279
-279
-269
-251
-240
-211
-192
-194
-205
-217
-214
-211
-199
-185
-185
-198
-207
-212
-202
-172
-151
-152
-166
-165
-132
-81
-31
-3
0
-9
-1
21
45
74
76
54
18
-2
4
1
0
-10
-44
-89
-127
-149
-180
-227
-278
-328
-374
-407
-423
-453
-477
-492
-499
-506
-509
-480
-445
-409
-390
-380
-353
-300
-221
-150
-75
4
87
164
223
313
424
545
652
724
778
811
858
941
1047
1151
1190
1145
1058
990
976
1012
1038
1009
902
749
608
518
488
469
416
305
166
49
-20
-35
-49
-82
-143
-207
-235
-233
-204
-192
-216
-250
-274
-265
-233
-205
-197
-222
-250
-260
-265
-260
-245
-225
-206
-197
-185
-181
-195
-203
-206
-201
-198
-205
-222
-254
-275
-285
-289
-287
-295
-309
-330
-347
-350
-348
-327
-300
-282
-279
-273
-244
-208
-173
-137
-109
-84
-63
-45
-20
-7
-6
-16
-38
-50
-55
-62
-78
-114
-152
-183
-213
-248
-300
-337
-367
-406
-439
-472
-488
-503
-514
-498
-481
-459
-434
-400
-359
-315
-262
-213
-162
-105
-32
41
106
170
223
276
328
390
461
539
614
658
684
706
747
808
878
932
939
908
851
809
804
816
824
788
722
639
566
523
497
482
451
399
322
249
196
162
140
121
96
47
-15
-64
-81
-74
-57
-55
-86
-121
-145
-151
-145
-140
-146
-179
-224
-258
-270
-258
-240
-232
-234
-249
-268
-287
-299
-296
-298
-311
-331
-356
-371
-382
-375
-356
-346
-348
-364
-376
-371
-352
-322
-294
-268
-257
-258
-255
-237
-205
-166
-131
-114
-114
-114
-110
-103
-99
-93
-102
-125
-147
-162
-171
-193
-219
-246
-263
-270
-271
-272
-284
-296
-307
-314
-306
-297
-278
-259
-233
-201
-167
-131
-105
-74
-37
5
50
90
123
147
168
196
232
276
316
334
354
386
425
471
501
525
532
538
555
579
612
634
636
615
584
565
565
566
566
553
517
471
427
401
378
361
337
301
266
232
214
204
193
181
161
140
118
99
79
53
31
10
-17
-45
-78
-113
-146
-173
-194
-222
-253
-279
-300
-305
-306
-319
-338
-365
-386
-398
-400
-395
-397
-396
-397
-388
-370
-354
-336
-321
-311
-303
-287
-267
-243
-223
-210
-207
-212
-206
-190
-168
-149
-136
-128
-132
-135
-138
-141
-149
-166
-177
-195
-209
-226
-242
-254
-264
-270
-275
-278
-277
-277
-276
-269
-259
-252
-242
-228
-203
-173
-138
-101
-74
-45
-20
11
46
85
124
152
174
192
217
249
283
312
328
339
348
365
393
428
451
456
440
422
416
429
455
477
479
455
423
404
405
421
439
443
429
400
379
364
361
363
357
338
313
292
277
262
250
238
218
194
162
132
105
77
52
23
-7
-47
-92
-134
-170
-197
-222
-250
-282
-315
-340
-359
-369
-376
-380
-383
-391
-397
-394
-382
-369
-355
-343
-331
-324
-315
-300
-282
-267
-254
-243
-234
-225
-209
-191
-175
-162
-152
-138
-125
-112
-105
-102
-104
-114
-123
-128
-137
-147
-159
-168
-178
-188
-194
-197
-199
-202
-206
-209
-212
-213
-210
-201
-190
-175
-161
-145
-127
-105
-78
-53
-24
7
38
68
94
122
149
174
197
218
235
250
260
274
283
291
294
292
290
293
302
309
315
313
309
306
309
320
334
347
351
347
340
336
342
348
356
358
349
334
320
316
314
306
293
277
259
239
223
205
184
161
133
104
73
43
16
-10
-35
-66
-95
-125
-152
-176
-194
-211
-229
-246
-267
-282
-291
-296
-300
-304
-306
-309
-308
-303
-293
-278
-269
-261
-253
-245
-232
-219
-205
-194
-183
-175
-170
-166
-159
-151
-143
-132
-129
-129
-130
-130
-130
-130
-131
-137
-145
-154
-164
-169
-172
-174
-173
-175
-179
-180
-178
-176
-172
-165
-156
-143
-128
-112
-94
-77
-59
-43
-23
-1
19
39
59
77
93
110
123
136
146
156
169
182
191
195
199
203
207
213
218
222
224
225
230
237
245
248
249
248
250
258
270
284
290
292
287
283
281
286
295
300
295
284
268
255
244
237
229
216
198
175
154
135
119
104
87
69
44
17
-7
-30
-50
-70
-92
-115
-139
-161
-182
-196
-205
-211
-220
-230
-240
-246
-245
-242
-236
-233
-231
-229
-228
-221
-211
-200
-192
-187
-183
-180
-175
-167
-158
-152
-149
-150
-152
-149
-145
-141
-138
-137
-137
-139
-140
-140
-138
-137
-139
-141
-141
-139
-137
-132
-126
-119
-112
-105
-96
-88
-79
-71
-62
-51
-39
-30
-21
-12
-1
8
19
31
39
47
56
66
76
87
96
102
108
114
122
128
135
138
142
145
151
156
161
165
168
171
177
184
194
198
203
203
203
206
209
215
220
224
223
219
214
211
210
211
211
211
204
193
182
173
165
158
150
136
120
103
87
73
59
42
23
0
-19
-36
-53
-67
-83
-101
-116
-129
-140
-150
-157
-163
-169
-174
-177
-181
-182
-180
-177
-176
-176
-173
-171
-167
-164
-160
-157
-155
-152
-150
-147
-144
-141
-139
-137
-138
-137
-137
-135
-132
-131
-128
-126
-123
-121
-117
-112
-110
-108
-105
-102
-98
-94
-87
-81
-79
-74
-68
-63
-56
-49
-41
-36
-27
-18
-12
-5
3
8
14
22
27
34
43
49
54
61
69
75
81
87
92
96
102
107
113
120
124
126
128
130
134
138
143
146
146
147
146
146
148
150
151
151
151
151
152
155
157
157
155
151
148
147
146
145
141
134
125
117
109
103
95
86
75
63
52
42
33
23
12
2
-9
-21
-28
-37
-45
-52
-61
-69
-77
-84
-91
-97
-103
-111
-117
-121
-128
-134
-139
-143
-146
-147
-151
-155
-158
-160
-161
-159
-156
-153
-149
-146
-143
-138
-133
-127
-121
-116
-110
-103
-96
-91
-88
-86
-83
-77
-74
-73
-71
-67
-64
-62
-59
-56
-54
-49
-45
-40
-35
-32
-27
-23
-18
-14
-9
-3
4
10
17
23
28
33
39
45
50
56
61
66
72
77
81
85
88
90
94
98
101
103
104
104
104
105
105
107
107
106
105
104
105
106
107
107
107
106
106
107
108
109
107
103
99
97
95
95
94
93
90
85
81
76
73
70
66
63
58
52
47
39
34
27
20
14
7
0
-9
-15
-22
-32
-40
-50
-60
-68
-77
-84
-93
-101
-107
-114
-120
-124
-127
-129
-130
-130
-129
-129
-126
-125
-122
-119
-115
-113
-108
-104
-100
-97
-93
-90
-88
-85
-82
-78
-74
-72
-69
-68
-66
-65
-62
-60
-57
-55
-54
-52
-49
-44
-40
-35
-33
-30
-26
-22
-18
-13
-7
-4
1
6
9
14
20
26
31
36
41
44
47
51
56
61
64
67
68
71
73
76
78
80
83
85
85
86
86
86
85
84
84
82
81
80
80
80
81
81
80
80
80
80
82
83
83
83
81
80
80
80
79
78
76
72
68
66
63
62
59
54
48
43
37
33
26
18
12
2
-4
-12
-18
-25
-34
-42
-50
-56
-61
-68
-72
-78
-82
-87
-91
-94
-95
-96
-99
-100
-100
-101
-100
-100
-99
-99
-97
-95
-94
-91
-90
-88
-86
-84
-83
-81
-77
-74
-72
-70
-66
-63
-61
-58
-55
-53
-49
-46
-41
-38
-35
-31
-27
-24
-20
-17
-13
-9
-6
-2
0
3
6
9
12
14
15
18
20
24
28
31
33
35
37
40
42
44
46
47
48
51
51
52
54
55
57
58
60
62
63
64
65
67
68
70
72
71
72
72
72
73
74
76
74
74
74
74
74
74
72
71
69
67
66
64
61
58
55
51
47
43
40
36
31
27
22
16
11
7
2
-3
-8
-13
-18
-23
-27
-33
-39
-45
-48
-54
-59
-64
-68
-71
-75
-77
-80
-84
-85
-86
-87
-88
-88
-89
-89
-88
-86
-86
-84
-83
-82
-80
-78
-76
-73
-70
-68
-65
-61
-59
-55
-51
-47
-45
-42
-39
-36
-32
-29
-26
-22
-21
-18
-15
-13
-8
-6
-4
-2
0
3
5
7
10
12
14
16
19
21
22
24
26
28
29
31
33
35
36
37
39
41
42
44
46
48
49
51
52
54
56
57
58
59
60
60
63
62
63
62
63
63
62
62
62
61
61
59
58
56
55
52
51
49
46
45
43
41
38
37
35
33
30
27
25
22
18
15
11
8
3
1
-3
-7
-12
-16
-19
-24
-28
-32
-37
-40
-44
-47
-51
-55
-57
-62
-65
-66
-69
-70
-71
-72
-73
-74
-74
-73
-73
-72
-72
-69
-67
-65
-65
-62
-60
-57
-55
-53
-50
-48
-46
-43
-41
-38
-37
-34
-32
-29
-25
-22
-20
-17
-15
-13
-11
-7
-5
-3
0
1
2
4
5
8
9
10
11
13
15
16
18
19
20
23
24
28
30
31
34
34
36
38
40
42
44
46
47
47
50
