0
-10
-23
-11
22
9
30
79
32
-19
-36
-90
-126
-56
27
33
99
105
-35
-117
-200
-318
-244
-38
-9
23
117
-56
-247
-310
-398
-370
-132
62
85
179
62
-290
-393
-367
-344
-129
222
344
249
28
-318
-480
-418
-266
-19
325
513
266
38
-130
-444
-498
-261
59
331
389
176
-34
-111
-265
-347
-91
239
309
386
460
229
17
126
165
184
384
256
372
794
915
1012
1002
1184
1088
905
1243
1337
1421
1650
1671
1364
1140
1032
691
629
990
1008
765
726
428
-52
-232
-378
-661
-767
-667
-540
-637
-882
-1271
-1818
-1981
-1893
-1653
-1274
-874
-660
-1006
-1410
-1668
-1816
-1399
-728
-337
-162
-362
-780
-1148
-1272
-1052
-664
-211
-63
-191
-603
-1147
-1280
-1179
-1242
-832
-405
-850
-924
-903
-1487
-1496
-1042
-986
-892
-662
-704
-754
-468
-280
-701
-682
-323
-568
-433
177
470
545
658
555
124
-7
185
518
1007
1362
1289
1017
787
445
253
456
867
1013
817
993
2071
3283
4700
6104
6250
5582
4797
4229
4262
5345
6848
7510
7172
5687
3374
1564
580
91
389
1092
1039
280
-595
-1942
-3330
-4175
-4715
-4670
-4215
-3929
-3637
-3514
-4223
-5186
-5446
-5240
-5018
-4402
-3101
-1891
-1162
-759
-525
-346
-586
-726
-67
846
1360
1348
1145
728
-222
-1130
-1415
-1391
-1618
-2203
-2403
-2555
-3367
-3896
-3988
-4087
-4135
-4107
-3773
-3200
-3085
-3306
-3207
-2951
-2762
-2586
-1637
-399
351
968
1265
1056
595
674
1097
1936
2882
3365
3709
3164
2390
1504
754
1348
1780
2033
2630
2571
2130
1318
317
195
1446
4415
8057
10543
11046
9154
5988
3492
2736
4688
8803
12590
14149
12215
7277
2098
-1269
-2117
-178
3309
5849
5849
3371
-685
-5049
-8137
-9220
-8289
-6075
-4363
-3959
-4737
-6600
-8848
-10479
-10614
-9262
-7276
-5296
-3185
-1349
-1137
-1707
-2113
-2685
-2480
-1477
-132
1678
3026
2951
1799
795
-549
-1948
-1633
-685
-232
-318
-969
-2230
-3401
-4274
-5181
-4901
-4225
-3664
-3168
-3312
-3740
-4047
-3501
-2964
-2513
-1687
-980
-147
727
1326
1673
2020
2410
2402
2245
2832
3513
3916
4400
4461
4216
4083
3695
2790
2037
1913
2042
2473
2669
2364
2402
2294
1892
1414
822
858
2158
4296
5884
6590
5921
3323
849
-298
-61
2347
5307
6619
5753
3109
77
-2016
-1951
-511
770
1649
1124
-604
-2193
-3283
-3699
-3710
-3812
-3991
-4325
-4409
-4131
-4260
-3890
-2914
-2459
-2542
-2896
-2703
-2399
-1722
-435
-6
-34
163
-95
-617
-630
-632
-585
-443
-181
-297
-975
-484
40
-209
-338
-721
-1284
-1630
-962
39
374
675
411
-480
-807
-517
-113
402
992
1049
796
936
1149
1227
1461
1776
1698
1271
1137
1152
1027
1213
1524
1468
1099
809
715
417
249
277
315
569
580
331
292
288
-82
-398
-288
-212
-390
-496
-446
-564
-904
-1255
-1255
-1134
-1259
-1267
-1090
-868
-900
-1113
-994
-1056
-1421
-1498
-1195
-842
-954
-1209
-1182
-1137
-1081
-980
-722
-408
-455
-416
-70
80
207
475
724
970
994
937
881
727
691
657
835
1123
1054
1104
1218
1212
1230
1107
1162
1141
978
1100
1121
1068
1145
1126
1000
872
751
651
615
744
878
936
1083
989
879
992
1013
1108
1205
1100
966
987
919
615
512
522
308
170
102
-91
-235
-434
-707
-944
-1100
-1209
-1407
-1428
-1328
-1539
-1817
-1801
-1776
-1970
-2152
-2068
-1850
-1759
-1615
-1420
-1318
-1311
-1398
-1306
-992
-741
-693
-634
-467
-463
-518
-316
-119
-88
-7
6
-19
14
-26
41
252
340
305
293
268
179
61
316
1065
1574
1315
244
-1025
-1596
-1194
73
1102
1185
915
235
-681
-1202
-1317
-993
-49
1131
1704
1476
852
-17
-770
-870
-459
301
1209
1862
2331
2210
1562
1222
992
1293
1801
1913
1996
1806
2352
2643
2032
1716
832
211
203
175
193
-204
-263
-24
-222
-453
-790
-1275
-1942
-2501
-2583
-2440
-1174
85
153
-431
-1776
-2832
-2962
-2162
-1174
-642
-403
-144
122
-345
-1266
-1920
-1594
-817
157
751
301
48
181
84
-732
-1114
-674
123
1205
924
-30
-420
-82
782
685
-162
-302
359
1033
1381
709
-317
-130
522
635
326
-109
-193
290
357
-220
-427
-161
361
460
22
-667
-1085
-201
330
249
220
-257
-353
-283
-255
-240
96
596
444
545
842
894
933
827
904
1075
1281
1480
1335
1188
1169
1132
1148
1030
679
407
566
669
299
78
-6
-269
-547
-679
-489
-378
-600
-761
-881
-1108
-1435
-1493
-1141
-715
-178
-199
-842
-995
-650
-273
47
52
-330
-237
479
602
120
-72
25
243
510
205
-378
-415
75
480
117
-429
-945
-880
-134
-106
-365
-742
-861
-489
-442
-483
-527
-169
283
412
175
-470
-425
-48
123
255
171
294
412
218
-314
-807
-565
-17
125
-54
-208
-295
-177
-361
-1011
-1093
-638
-362
-278
-220
-381
-409
-147
-301
-689
-731
-268
380
1099
1730
1734
1601
1418
712
168
564
1679
2784
3277
3036
2058
612
-370
-375
369
1437
2272
2257
1224
-221
-1600
-2443
-2107
-934
135
577
408
-362
-1377
-1960
-2184
-2141
-1415
-183
905
1410
1048
140
-681
-1017
-699
231
1433
2581
3321
2952
1603
72
-836
-628
581
2029
2734
2428
1183
-501
-2023
-2919
-2598
-1426
-171
506
-61
-1667
-3251
-3948
-3980
-3239
-1756
-709
-278
-379
-1567
-3079
-3255
-2527
-1864
-617
418
272
29
-529
-1830
-2212
-1182
-219
187
684
678
-85
-766
-1222
-1707
-1713
-731
-65
-187
-289
-513
-1009
-1223
-1202
-1239
-145
2287
4368
4616
3180
968
-888
-657
1511
4493
7092
7941
6516
3154
-242
-1694
-297
3428
7141
8373
6514
2983
-642
-2960
-2902
-663
2285
3964
3607
1335
-1589
-3462
-3738
-2693
-1216
54
464
-67
-920
-1612
-1796
-1393
-756
-411
54
736
1161
1237
938
304
-447
-759
-407
517
1415
1721
1104
-497
-2205
-3058
-2674
-1801
-1097
-847
-1279
-2329
-4017
-5283
-5191
-4020
-2776
-2156
-2102
-2732
-3728
-4454
-4207
-3446
-2661
-1286
-274
-370
-1157
-1752
-1747
-1372
-644
-45
666
1200
920
247
-365
-415
-364
-381
66
566
862
984
539
-360
-985
-771
250
836
732
1358
2823
4546
5114
3573
1273
290
1450
3603
6100
8195
9150
7856
4086
639
-167
2560
7125
10192
9734
6368
1978
-1881
-3503
-2241
1389
4848
5365
2399
-2486
-6075
-6802
-5274
-2751
-411
818
139
-2325
-5359
-6856
-5752
-2641
499
1614
897
-465
-1443
-1922
-2159
-1459
457
2614
3374
2371
660
-840
-1618
-1599
-799
240
652
157
-1077
-2801
-4514
-5440
-5099
-3625
-2166
-1954
-3129
-4788
-6106
-6724
-5935
-4198
-2725
-1741
-1573
-2451
-3830
-4476
-3652
-1900
-57
952
991
448
-158
-371
-158
616
1450
2113
2452
2283
1918
1334
878
829
1050
1282
1370
1440
1379
972
265
-77
1286
4249
6825
6745
4037
1015
-20
1596
4454
7863
10765
11659
8568
2228
-2476
-1964
3677
9869
12203
9595
4378
-883
-4905
-5765
-2551
2823
6094
4989
-213
-6488
-9814
-9193
-6031
-2438
164
485
-1824
-5252
-7975
-8365
-5605
-1327
1459
1624
605
-558
-1848
-2593
-2039
-195
2158
3992
4199
2680
559
-868
-1189
-431
914
1616
1243
264
-1086
-2818
-3846
-3636
-2599
-1660
-1631
-2605
-4550
-5966
-5888
-4720
-3281
-2464
-2368
-2762
-3473
-4184
-4058
-2997
-1541
-43
871
432
-1024
-1999
-1389
261
1549
2085
1922
1269
768
565
553
928
1658
2254
2383
1898
854
385
713
988
535
702
3420
6685
7625
5016
1182
-855
131
3446
7131
10242
11320
9583
4197
-2034
-3971
546
8043
11889
10028
4797
-367
-4662
-6839
-4974
215
5084
5388
1189
-4609
-8741
-9650
-7875
-4195
-327
1398
114
-3410
-7169
-9023
-7567
-3472
756
2986
2969
1288
-1681
-3943
-3842
-1146
2686
5659
6216
3789
248
-2317
-2579
-1186
1099
3076
3169
1393
-1624
-4298
-5111
-3523
-1017
518
323
-1451
-3746
-5281
-5121
-3700
-2011
-763
-753
-1784
-2990
-3901
-3899
-2657
-929
177
455
-89
-1093
-1765
-1460
-231
1071
1848
1721
1182
761
447
103
432
1561
2381
2048
851
86
-69
281
532
761
972
2430
4836
6049
5041
1582
-645
12
3209
6018
7627
8719
7757
3809
-1656
-2916
712
6348
9367
7990
4340
459
-2488
-4510
-3479
505
4222
3992
178
-4298
-7214
-7801
-7024
-5295
-2451
81
-512
-4024
-7513
-8722
-7509
-4264
-409
2305
2537
285
-3043
-5099
-3951
-736
2827
5240
5544
3049
-333
-2089
-1496
924
3226
4389
3841
2143
-92
-1935
-1953
-237
1654
2094
1120
-453
-2132
-3389
-3539
-2643
-1407
-630
-1041
-2268
-3360
-4140
-4241
-3437
-1912
-557
-338
-937
-2087
-3001
-2664
-1210
354
1107
884
256
-266
-436
49
1000
2026
2191
1655
1202
936
967
1080
1679
1929
1728
1286
2274
4587
5467
4345
1354
358
1388
3518
5288
6044
6965
5803
2843
-926
-1235
2466
6691
7816
4948
1672
-460
-1435
-2525
-2185
322
2393
1399
-1965
-4801
-5977
-5990
-5470
-4177
-2297
-1106
-2232
-4487
-5982
-6078
-5178
-3089
-221
1686
1517
-787
-3226
-3988
-2054
843
2929
4013
3690
1784
-818
-1751
-381
2001
3355
3283
2416
1246
-487
-2392
-2080
98
1576
1034
-450
-1609
-2684
-3728
-3922
-2995
-1873
-1254
-1404
-1957
-2733
-3717
-3972
-3034
-1598
-637
-401
-615
-1367
-1988
-1683
-802
147
712
886
603
194
242
733
1427
1929
1915
1509
1438
1473
1490
1814
1827
1570
1393
1373
1818
1869
3053
4495
4239
2792
634
630
1927
3848
4658
4319
4019
2740
1136
-159
1025
2949
4084
3555
2062
970
-135
-882
-1569
-741
708
1099
-70
-1826
-3140
-3876
-3754
-3253
-2265
-1236
-906
-2239
-4084
-4760
-4037
-2459
-888
43
-243
-1067
-2139
-2599
-1836
-233
935
1029
919
636
-79
-600
-112
849
1577
1389
845
442
180
-138
-561
10
916
979
46
-931
-1467
-1636
-1381
-932
-448
-278
-693
-1775
-2558
-2337
-1565
-991
-852
-837
-1026
-1442
-2063
-2308
-1675
-552
117
-92
-290
-396
-514
-454
-108
578
1136
1523
1548
1366
1278
1159
1116
1404
2004
2267
2146
1866
1429
1156
1121
1602
2796
3578
3078
1209
-282
1
1080
2201
2460
2420
2083
1013
-395
-1033
158
1641
2190
1666
950
400
-160
-811
-1253
-587
476
839
65
-1079
-1886
-2334
-2465
-2240
-1447
-577
-470
-1571
-2487
-2479
-2171
-1735
-1076
-114
103
-610
-1537
-1725
-908
-63
138
184
677
681
-6
-393
-60
624
1125
1388
1416
1155
680
-15
-225
437
1068
1097
693
155
-382
-768
-882
-736
-291
55
-310
-1116
-1515
-1411
-1318
-1319
-1273
-1185
-1170
-1377
-1607
-1571
-1185
-824
-758
-678
-721
-827
-560
54
619
797
949
1133
1033
891
1060
1494
1731
1706
1594
1449
1310
896
611
714
701
600
326
388
673
458
67
-570
-705
-259
370
652
138
-115
-61
-68
-476
-480
362
1187
1228
437
37
253
470
262
318
913
1120
701
152
-52
-156
-261
-273
-87
216
176
-329
-938
-1096
-866
-584
-155
293
300
-150
-704
-858
-487
49
446
639
866
807
203
-291
3
635
912
880
766
737
452
-187
-643
-374
361
551
102
-313
-529
-759
-987
-1012
-724
-492
-731
-1354
-1799
-1694
-1543
-1569
-1389
-980
-889
-1263
-1656
-1648
-1289
-761
-245
13
70
-240
-534
-244
425
831
901
961
948
775
556
736
1016
1130
1030
726
539
336
133
46
104
58
-263
-660
-963
-1031
-937
-678
-340
-228
-347
-703
-884
-698
-251
279
481
679
798
778
588
525
907
1351
1687
1693
1633
1525
1376
1145
1003
1321
1579
1473
1043
680
488
325
259
254
350
436
246
-223
-530
-515
-350
-86
255
306
-42
-436
-631
-538
-229
120
243
347
291
-157
-562
-462
11
319
426
358
94
-286
-549
-604
-405
-136
-190
-399
-592
-806
-1134
-1220
-948
-746
-744
-908
-1150
-1356
-1366
-1269
-1066
-762
-617
-713
-864
-885
-853
-687
-349
-69
61
159
203
94
-20
35
246
427
444
433
443
339
178
9
-48
-31
-44
4
-50
-211
-481
-712
-722
-676
-660
-597
-474
-543
-678
-707
-596
-373
-60
206
160
-15
-41
238
629
842
875
1034
1245
1133
885
919
1318
1686
1819
1722
1498
1352
1314
1278
1231
1321
1482
1473
1195
855
684
693
651
450
420
578
477
68
-140
-25
45
-92
-197
-141
-141
-264
-412
-413
-360
-388
-388
-292
-317
-569
-699
-603
-487
-523
-541
-460
-485
-649
-833
-836
-695
-582
-603
-624
-625
-694
-759
-778
-693
-600
-529
-518
-552
-468
-370
-363
-394
-378
-289
-177
-179
-260
-257
-168
-103
-133
-148
-195
-277
-287
-253
-161
-115
-209
-319
-352
-370
-406
-416
-293
-157
-175
-303
-441
-409
-363
-357
-295
-219
-174
-213
-231
-218
-149
-105
-103
51
196
199
165
241
442
558
607
649
708
835
875
970
1142
1239
1249
1265
1341
1385
1425
1419
1457
1462
1384
1294
1218
1162
1032
951
868
746
629
503
378
254
147
-14
-144
-246
-333
-381
-457
-552
-693
-771
-794
-785
-757
-806
-853
-848
-825
-779
-693
-636
-577
-538
-533
-520
-474
-376
-302
-250
-219
-212
-210
-174
-130
-103
-91
-140
-179
-185
-159
-129
-126
-166
-252
-353
-450
-506
-487
-395
-330
-353
-490
-649
-707
-717
-661
-507
-332
-290
-425
-564
-586
-528
-404
-224
-41
27
-85
-191
-168
-72
17
120
220
272
251
140
136
197
223
268
373
457
369
298
314
327
368
421
447
509
549
518
473
411
388
473
700
800
711
603
522
471
473
588
724
778
722
622
524
395
310
389
506
506
415
306
223
91
-31
-45
46
74
-39
-94
-130
-244
-306
-265
-246
-286
-300
-280
-303
-377
-407
-351
-272
-310
-369
-272
-202
-285
-326
-219
-146
-217
-264
-213
-185
-255
-329
-300
-244
-282
-346
-294
-256
-350
-427
-377
-311
-338
-387
-344
-290
-311
-334
-313
-291
-321
-343
-291
-230
-216
-210
-171
-142
-178
-206
-154
-88
-54
-23
14
13
-31
-62
-30
65
151
151
140
165
161
164
222
278
324
373
363
301
277
277
299
385
438
389
305
250
172
122
175
233
254
234
159
55
-25
-73
-52
54
151
119
4
-51
-74
-77
-42
65
179
187
136
100
116
119
150
241
351
396
322
238
206
221
241
308
398
388
286
202
159
114
114
159
215
219
122
-11
-98
-131
-165
-148
-80
-59
-96
-194
-316
-398
-375
-297
-234
-205
-239
-291
-349
-385
-392
-350
-270
-227
-223
-265
-307
-323
-320
-280
-212
-158
-154
-181
-226
-241
-199
-138
-98
-79
-78
-125
-162
-147
-91
-39
-3
28
16
-32
-71
-50
12
70
111
105
102
117
77
39
78
121
118
134
180
140
71
74
72
64
77
81
64
49
37
32
39
21
-52
-81
-16
12
-31
-57
-15
-2
-47
-72
-68
-39
-19
29
56
51
30
0
34
77
109
127
180
209
146
118
146
186
214
267
294
240
192
185
213
217
216
245
284
273
181
132
142
155
160
186
186
109
36
11
15
-17
-44
-9
9
-44
-133
-156
-138
-156
-159
-132
-131
-186
-229
-196
-159
-171
-195
-168
-147
-189
-217
-167
-112
-134
-130
-73
-54
-110
-148
-87
-20
-25
-49
-14
17
-15
-53
-37
2
-11
-23
7
19
-24
-51
-14
-3
-55
-82
-46
-30
-57
-81
-72
-55
-87
-134
-123
-69
-64
-89
-85
-88
-100
-96
-64
-31
-8
1
-14
-25
-27
-18
12
35
41
55
71
50
19
-3
-4
43
74
62
77
67
11
-28
-15
6
18
56
61
32
9
-20
-44
3
55
48
64
85
62
16
26
65
94
103
97
120
131
103
58
69
130
158
152
148
155
133
103
122
178
202
168
148
147
128
115
120
153
171
142
99
82
90
80
75
80
74
50
18
-2
-24
-33
-36
-48
-62
-85
-105
-115
-119
-132
-152
-167
-171
-162
-154
-154
-162
-180
-195
-192
-171
-146
-137
-141
-149
-147
-139
-129
-118
-103
-82
-65
-63
-69
-77
-64
-40
-28
-31
-35
-18
-6
-19
-37
-33
-16
-17
-30
-32
-28
-27
-38
-58
-60
-56
-58
-51
-36
-45
-79
-74
-50
-48
-45
-17
-2
-13
-22
-25
-13
0
0
14
51
71
33
10
33
47
59
85
99
83
70
69
77
99
105
95
102
105
86
80
111
122
106
113
116
108
109
131
133
122
120
117
129
127
114
118
126
115
90
88
103
99
90
95
85
51
31
42
56
43
25
24
9
-24
-45
-28
-17
-38
-58
-57
-68
-102
-107
-73
-60
-87
-113
-98
-86
-111
-120
-84
-65
-89
-99
-75
-72
-96
-104
-67
-41
-63
-71
-42
-30
-58
-79
-54
-20
-20
-18
-5
-9
-35
-54
-28
-3
-8
-4
4
-6
-41
-56
-40
-24
-21
-30
-42
-54
-71
-85
-88
-77
-72
-85
-95
-99
-107
-116
-107
-101
-103
-86
-83
-93
-89
-67
-51
-44
-25
-18
-10
13
28
38
62
90
86
85
104
123
126
124
135
143
145
140
126
124
129
122
106
106
109
85
64
67
65
45
35
52
48
30
17
20
31
25
13
22
51
55
31
23
41
53
50
66
86
75
52
54
65
66
71
80
81
66
47
35
37
50
46
36
28
11
-7
-6
3
-3
-19
-30
-39
-50
-57
-54
-56
-59
-68
-77
-84
-89
-88
-83
-81
-83
-83
-85
-84
-85
-91
-90
-80
-73
-80
-86
-86
-84
-84
