3
-15
-24
-18
-10
4
2
-17
-49
-95
-129
-139
-148
-163
-162
-166
-193
-213
-247
-282
-292
-296
-277
-227
-175
-155
-157
-167
-188
-192
-165
-86
-6
18
32
28
-2
-6
13
61
151
185
176
200
211
202
242
345
495
695
851
913
890
758
678
766
951
1254
1545
1651
1447
1002
684
579
657
883
1091
1147
901
338
-256
-576
-682
-690
-614
-636
-768
-977
-1288
-1589
-1694
-1594
-1558
-1459
-1173
-980
-720
-422
-415
-425
-296
-125
72
411
839
1044
1001
727
432
321
290
372
528
514
219
-253
-738
-1044
-1196
-1305
-1336
-1413
-1654
-1985
-2265
-2431
-2524
-2529
-2373
-2125
-1940
-1621
-1274
-1221
-1112
-858
-748
-487
140
718
1084
1304
1238
1016
870
909
1147
1448
1671
1680
1431
1051
834
749
738
869
913
947
900
759
941
1375
1857
2201
2068
1627
1385
1399
1588
2224
3096
3497
3242
2353
1321
951
1133
1498
2005
2359
2089
1091
-248
-1248
-1582
-1459
-1180
-1138
-1407
-1780
-2419
-3185
-3526
-3406
-3118
-2808
-2542
-2224
-1953
-1729
-1504
-1500
-1397
-969
-314
429
1030
1408
1364
812
225
49
471
1302
1897
1833
1223
313
-754
-1328
-1033
-396
-38
-126
-539
-1431
-2359
-2594
-2425
-2044
-1533
-1310
-1341
-1467
-1613
-1782
-1693
-1156
-703
-340
200
579
646
633
648
687
930
1356
1826
2114
2020
1822
1477
963
750
938
1262
1497
1393
959
358
-262
-604
-398
383
1280
1755
1616
957
12
-649
-514
367
1568
2568
2752
1961
777
-276
-569
133
1330
2302
2547
2027
815
-532
-1270
-1197
-566
108
400
109
-665
-1607
-2389
-2721
-2509
-1988
-1467
-1142
-1152
-1428
-1831
-2141
-2058
-1459
-642
53
552
576
83
-419
-545
-249
393
1122
1581
1540
999
216
-281
-205
142
604
1027
1004
432
-310
-821
-1054
-971
-586
-209
-82
-321
-757
-1113
-1281
-1165
-818
-401
-65
-6
-175
-328
-386
-286
-62
277
631
732
647
467
243
44
52
275
514
736
672
344
-29
-423
-573
-418
-170
-6
-76
-126
-116
-47
346
672
678
541
292
220
528
1113
1850
2124
1818
1178
433
223
617
1365
2136
2374
1867
834
-276
-756
-479
22
554
758
206
-755
-1656
-2149
-2089
-1675
-1163
-945
-1159
-1526
-1861
-2038
-1820
-1245
-619
-180
32
80
-82
-227
-139
103
521
954
1162
1167
1057
773
453
439
659
853
987
1053
870
419
-3
-257
-344
-219
-53
-39
-204
-542
-939
-1232
-1245
-991
-791
-664
-606
-799
-1066
-1160
-1030
-796
-544
-294
-236
-372
-505
-522
-436
-243
7
117
142
144
29
-17
76
159
234
333
402
307
182
117
85
248
570
918
1142
1098
797
408
234
434
875
1430
1820
1742
1242
571
142
176
638
1280
1673
1610
1064
208
-490
-691
-383
190
628
641
150
-648
-1362
-1696
-1535
-965
-372
-129
-309
-796
-1295
-1519
-1313
-689
9
433
469
147
-270
-539
-493
-42
547
959
1030
756
309
-114
-305
-136
246
584
678
469
70
-379
-711
-754
-566
-317
-166
-251
-526
-898
-1250
-1369
-1215
-920
-644
-497
-536
-762
-976
-999
-851
-552
-187
44
77
-22
-188
-274
-168
72
362
548
625
600
427
311
344
456
601
730
799
732
564
442
342
294
369
460
573
649
624
557
465
362
290
303
418
536
632
639
502
346
182
88
129
274
456
517
430
247
31
-130
-161
-71
83
181
131
-29
-249
-452
-537
-495
-339
-200
-165
-205
-363
-554
-633
-576
-392
-162
11
86
-22
-225
-364
-393
-247
-7
200
291
206
-24
-270
-365
-297
-143
42
167
131
-58
-258
-389
-419
-358
-241
-135
-125
-197
-335
-460
-476
-429
-342
-211
-105
-97
-149
-212
-237
-212
-140
9
134
189
174
120
67
38
90
204
307
355
375
340
282
284
319
382
443
442
419
377
323
295
278
280
271
231
164
100
42
-5
-32
-56
-75
-106
-144
-193
-237
-268
-278
-263
-253
-229
-200
-185
-176
-189
-201
-169
-104
-8
69
116
140
110
54
29
64
134
191
223
206
151
81
1
-3
38
66
94
85
43
-25
-79
-76
-47
-14
12
30
15
-34
-51
-41
1
68
99
124
128
94
53
23
47
80
94
122
127
90
33
-21
-47
-41
-17
0
2
-10
-70
-134
-161
-173
-168
-136
-103
-100
-114
-137
-182
-218
-210
-172
-111
-44
2
10
4
-16
-26
10
75
144
198
215
192
151
112
97
110
135
149
130
76
-1
-67
-107
-127
-115
-95
-110
-161
-208
-258
-305
-304
-289
-263
-229
-233
-263
-285
-294
-282
-239
-177
-118
-85
-81
-80
-71
-47
-4
46
94
129
142
140
146
156
175
208
228
240
247
243
226
226
240
233
231
237
247
247
240
251
248
237
229
210
208
205
197
206
199
158
123
104
87
78
85
81
53
10
-37
-67
-74
-76
-59
-47
-68
-113
-157
-176
-176
-146
-101
-77
-84
-107
-122
-129
-119
-90
-55
-33
-35
-43
-59
-70
-67
-52
-27
-20
-22
-35
-53
-75
-101
-100
-95
-107
-113
-116
-134
-166
-195
-205
-202
-201
-186
-168
-170
-180
-193
-208
-206
-188
-159
-123
-100
-89
-88
-87
-71
-60
-38
-3
12
11
11
13
4
-1
9
20
38
46
52
61
57
56
55
60
80
89
101
129
144
142
144
167
184
195
216
229
225
222
225
236
238
236
237
226
211
204
195
185
175
158
134
114
102
90
84
79
62
45
26
7
-5
-9
-3
-3
-17
-31
-45
-60
-68
-69
-60
-63
-74
-78
-84
-88
-87
-84
-90
-100
-102
-104
-102
-99
-100
-95
-102
-117
-115
-104
-104
-109
-97
-96
-102
-89
-84
-80
-72
-76
-88
-88
-87
-92
-85
-78
-87
-89
-88
-100
-99
-96
-95
-87
-84
-80
-78
-77
-84
-85
-78
-65
-52
-39
-19
-10
-11
-7
0
9
21
42
65
79
83
89
97
105
113
123
133
137
133
128
121
115
118
122
116
114
109
94
83
77
80
80
76
74
70
61
57
59
54
45
45
45
38
30
27
21
6
0
-9
-22
-17
-20
-30
-35
-36
-41
-45
-40
-37
-37
-38
-40
-40
-36
-23
-12
-6
4
5
0
1
9
15
28
39
38
38
31
28
26
22
24
24
14
-1
-15
-33
-51
-58
-63
-76
-84
-94
-112
-123
-129
-125
-120
-116
-115
-116
-116
-113
-105
-90
-72
-54
-44
-38
-33
-25
-13
0
21
38
47
60
61
63
72
82
92
100
112
118
116
110
98
91
87
88
97
94
87
74
48
23
12
13
19
29
30
15
-7
-32
-52
-55
-48
-33
-24
-29
-42
-61
-74
-74
-61
-47
-36
-25
-26
-35
-35
-34
-25
-13
4
19
24
24
21
18
23
34
43
52
62
64
53
42
34
29
31
41
50
45
32
15
-10
-23
-21
-16
-10
-10
-23
-50
-71
-84
-89
-78
-62
-56
-61
-73
-85
-89
-85
-73
-57
-43
-36
-33
-32
-31
-28
-24
-12
0
13
17
22
26
25
19
20
36
49
54
61
61
51
39
40
49
58
65
67
61
50
37
33
38
44
49
49
45
39
32
29
34
33
30
27
22
13
6
5
0
-9
-14
-18
-27
-32
-35
-38
-39
-42
-45
-45
-42
-41
-41
-38
-42
-46
-43
-37
-27
-22
-21
-22
-25
-29
-26
-14
-3
3
9
8
-1
-4
-2
6
16
20
20
12
4
-1
-2
2
3
-1
-9
-19
-25
-26
-26
-24
-21
-22
-24
-30
-36
-35
-30
-26
-20
-13
-7
-7
-8
-6
-3
6
18
30
39
41
38
33
32
37
41
53
63
61
54
44
39
38
40
52
56
53
45
31
20
17
21
32
39
37
24
10
-2
-7
0
10
16
15
5
-12
-23
-29
