-29
-31
-36
-39
-41
-46
-46
-44
-44
-50
-60
-53
-58
-68
-50
-39
-36
-25
-2
1
-23
-13
-29
-54
-13
9
40
56
49
49
6
7
92
174
248
256
267
364
547
896
1212
1314
1233
1064
1022
1112
1241
1293
1114
782
380
107
-47
-313
-664
-922
-1021
-933
-623
-388
-450
-705
-984
-1086
-875
-469
-220
-190
-164
-202
-229
-229
-350
-502
-678
-599
-294
0
263
190
-129
-426
-588
-595
-544
-560
-676
-867
-1077
-1199
-1359
-1722
-2083
-2232
-2125
-1848
-1538
-1272
-1248
-1296
-1229
-1020
-651
-401
-241
-116
-51
87
261
343
186
90
267
499
733
812
791
770
626
599
792
811
603
431
258
148
227
333
286
598
1513
2815
4457
5902
6521
5855
4682
4296
4644
5332
5694
5299
4080
2403
1166
33
-987
-1764
-2681
-2977
-2330
-1401
-1209
-1836
-2601
-3700
-4342
-3774
-2517
-1153
-318
43
33
15
174
-58
-211
-137
34
547
1119
1536
1248
340
-606
-1468
-1899
-1976
-1937
-1927
-2046
-2133
-2316
-2574
-2860
-3209
-3418
-3239
-2769
-2424
-2130
-2029
-2258
-2508
-2601
-2342
-1911
-1437
-987
-560
91
571
677
732
729
745
917
1223
1510
1402
977
362
-137
-349
-714
-1001
-1032
-990
-678
-276
-82
-2
-68
-60
215
636
1163
1487
1727
2058
2172
2242
2134
2011
2183
2942
6158
10731
13253
11692
7528
4644
3738
4921
7079
7663
6080
2194
-1619
-3019
-2905
-3832
-7079
-8822
-7093
-4192
-2500
-2296
-2831
-5145
-7965
-8701
-6565
-2757
10
760
542
1237
2510
2614
2472
2400
1895
2014
3162
4634
5205
4471
2445
-623
-3008
-3947
-3968
-3880
-4254
-4798
-4856
-4397
-4297
-4818
-5443
-5681
-5254
-4232
-2581
-1176
-838
-1315
-2133
-2169
-1354
-655
-183
402
1141
1867
2687
3230
2922
2200
1530
1282
1674
2208
2347
1692
466
-718
-1509
-1888
-2259
-2570
-2630
-2314
-1474
-606
-150
-184
-403
-458
-79
841
1794
2474
2610
2436
2616
2868
2699
2268
1848
1401
1516
2614
5407
9235
11380
10159
6012
2639
1783
2859
4882
5491
4226
1038
-2208
-3440
-3722
-4298
-6408
-7842
-6757
-4478
-2369
-1955
-2769
-4846
-7491
-8115
-6062
-2066
1223
2210
2513
3077
4074
4606
4310
4017
3518
3612
4435
5586
6191
4623
1650
-1791
-4198
-4952
-5018
-4476
-4390
-4694
-4772
-4665
-4201
-4399
-4697
-4406
-3730
-2358
-861
341
523
-202
-893
-979
-88
766
1404
2142
2725
3381
3651
3489
2911
1888
1026
674
1029
1320
922
-53
-1558
-3082
-4262
-5064
-5483
-5353
-4568
-3574
-2740
-2072
-1543
-1507
-2001
-2286
-1634
-556
778
2033
2486
2282
1867
1713
1265
746
634
679
689
745
1591
4856
10255
13737
12247
7068
2551
1408
3149
6574
8797
7385
2761
-1943
-3394
-2816
-3184
-5814
-8067
-6898
-3821
-1496
-907
-1764
-4497
-8383
-10106
-7877
-3432
387
1854
1903
2313
3574
5172
5929
6111
5923
5816
6413
7496
8631
8395
6227
2426
-1686
-3918
-4186
-3938
-4344
-5232
-5385
-4737
-3872
-3619
-4028
-4361
-4467
-3915
-2253
-56
1163
699
-452
-1228
-1244
-669
-260
-288
-240
85
605
1112
844
-127
-1130
-1939
-2240
-2090
-1948
-2489
-3727
-5177
-6392
-7033
-7189
-6918
-6090
-4623
-3025
-1530
-334
185
421
422
781
1940
3274
4283
4307
3775
3304
2948
2656
1812
950
944
813
489
365
1783
6649
12485
15437
12788
7277
3781
3020
5382
8498
9559
7457
2409
-1630
-2884
-2338
-3217
-6819
-8501
-6719
-3657
-1862
-1585
-2186
-5169
-8692
-9708
-7305
-2512
1231
2277
1915
2634
4754
6029
6720
7445
7407
7016
7220
8271
8928
8115
5291
785
-3254
-5425
-6034
-6164
-6578
-7446
-8249
-7954
-7085
-6550
-6421
-6450
-6038
-5090
-3339
-1294
-105
-203
-1289
-2058
-2101
-1905
-1675
-1505
-1101
-502
182
930
1334
1072
86
-706
-1002
-1227
-1456
-1912
-2659
-3779
-4985
-5755
-5364
-4387
-3740
-3005
-1882
-344
724
1538
2528
3093
3644
3912
4416
5171
5099
4638
3815
3440
3014
2116
1573
1232
1143
758
397
2368
7820
13849
15565
11681
6071
2204
1680
4261
7539
8768
6009
807
-3093
-3651
-2558
-4044
-7191
-7705
-5175
-2250
-1091
-1097
-2650
-6394
-10224
-11336
-8410
-3432
316
1312
1111
1934
3120
4007
5382
6634
7059
6855
6856
7255
7379
6748
3982
-250
-3832
-5941
-6711
-6944
-7396
-8430
-9112
-8526
-7318
-6075
-5160
-4790
-4779
-4426
-2925
-1181
-2
366
-19
-307
-268
68
499
708
984
1252
1590
2232
2594
2480
2008
1147
265
-247
-591
-1105
-2320
-4103
-5569
-5956
-5168
-3995
-2635
-1437
-561
320
1337
2373
3259
3933
3926
3708
3936
4264
4332
4074
3092
1542
268
-240
37
-30
-771
-1963
-2525
503
7124
13668
15033
10265
3941
-16
668
4391
7658
8121
4723
-242
-3598
-3376
-2143
-4064
-7361
-8324
-6246
-3624
-2212
-1676
-3187
-6808
-10373
-11294
-8215
-3543
-341
665
893
1913
3098
4454
6258
7454
7247
6433
6998
8657
9825
8786
5334
1080
-2921
-5142
-5260
-4403
-4251
-5847
-7378
-7486
-6307
-4783
-4012
-3547
-3115
-2262
-890
654
1863
1492
22
-1254
-1409
-475
521
1248
1541
1480
1317
1088
1188
1269
864
175
-440
-660
-703
-1085
-2541
-4779
-6764
-7601
-6795
-4842
-2859
-1470
-630
-126
118
514
1651
2712
3396
3537
3690
4192
4095
3483
2118
623
-359
-709
-685
-879
-1316
-2301
-3336
-1703
4153
10941
13760
10753
5086
1112
885
3932
7408
8796
6305
941
-3065
-3458
-1779
-2567
-5952
-7572
-6257
-4054
-2981
-2348
-2534
-5144
-8976
-11280
-9645
-4958
-1151
5
65
1144
2882
4344
6329
8470
9448
8977
8276
8440
9131
9318
8270
6030
2910
-392
-3061
-4202
-4364
-4824
-5640
-6171
-5647
-4626
-3814
-3392
-3732
-4364
-4682
-4018
-2149
-311
383
-68
-1009
-1653
-1672
-1227
-660
-110
649
1420
2179
2970
3101
2248
817
-661
-1509
-1827
-2299
-3242
-4566
-5424
-5553
-5087
-4502
-4099
-3343
-2513
-1517
-202
1240
2474
2727
2507
2475
2743
2958
2500
1780
1108
788
579
-125
-833
-1541
-2644
-3880
-3362
1249
8221
13205
12517
7553
3103
1201
2488
5514
7913
7452
3599
-138
-1247
-136
-374
-3858
-6675
-6591
-4911
-3636
-2613
-1536
-2853
-6668
-10305
-10906
-7804
-3982
-1754
-732
936
3249
4846
6441
8341
9357
8838
8115
8626
9998
11376
11275
8750
4751
1108
-1248
-2428
-2988
-4120
-5966
-7276
-6773
-5059
-3934
-4181
-5537
-6745
-6851
-5763
-3830
-1863
-844
-1215
-1937
-1759
-819
-64
10
-253
-185
751
2226
3458
3827
2829
972
-677
-1341
-1349
-1907
-3504
-5602
-6835
-6856
-6293
-5503
-4679
-3865
-3265
-2560
-1420
239
1715
2152
2051
2186
2650
3072
3404
3311
2838
2170
1287
346
-528
-893
-1738
-2932
-3416
-1850
3142
9376
13411
12060
7007
2779
1338
3060
6175
8772
8647
5281
1771
188
366
-440
-3516
-5795
-5419
-3657
-2750
-2211
-1515
-3089
-7261
-11333
-12195
-9280
-5534
-3085
-1513
696
3318
4713
5569
6934
8487
9078
8467
8285
8959
10460
11514
10468
7458
3176
-781
-3781
-5315
-5464
-5398
-5152
-5284
-5624
-5757
-5971
-6529
-7969
-8804
-8041
-5736
-2890
-1092
-263
-616
-1568
-2267
-2399
-1566
-369
963
2096
3025
4051
4375
3618
1895
133
-983
-2021
-3116
-3921
-4047
-3958
-4452
-5255
-5557
-4736
-3462
-2455
-1390
-144
1241
2171
2558
3101
3741
3954
3256
2731
3076
3284
2563
851
-476
-1090
-1571
-2219
-3131
-3548
-3136
-423
4985
10305
12038
8961
4385
1631
2170
5159
8149
9493
8028
4680
1510
116
-290
-2041
-4457
-5306
-4342
-3219
-2884
-2976
-4156
-7181
-11093
-13551
-12560
-9024
-5474
-3031
-881
1631
3577
4890
6579
8842
10787
11231
10725
10659
11690
12840
12108
9445
5803
1989
-1344
-3938
-5421
-6130
-6457
-6663
-7114
-7353
-7388
-7566
-7966
-8473
-8335
-7306
-5520
-3786
-2856
-2359
-2108
-2060
-2020
-1359
139
1665
2700
3435
4139
4730
4982
4631
3813
2552
777
-867
-1857
-2138
-2350
-3070
-3885
-4256
-3967
-3383
-2855
-2036
-986
-99
366
736
1497
2262
2493
1981
1309
1094
1102
864
388
-136
-746
-1701
-2974
-3621
-3291
-2719
-2576
-1920
1084
5578
8615
8211
5697
3887
3734
5256
7740
9860
10038
7490
3672
933
254
191
-850
-2033
-2302
-2602
-4125
-6121
-7277
-8121
-9685
-11499
-11816
-9497
-5910
-3080
-1322
462
2574
4042
5099
6891
9510
11514
11958
11372
10918
11156
10957
9331
6827
4484
2292
-133
-2252
-3686
-4914
-6462
-8146
-9096
-8876
-8089
-7645
-7666
-7482
-6971
-6547
-6181
-5466
-4354
-3186
-2191
-1074
310
1471
1977
1971
2225
2924
3704
4282
4446
4257
3514
2144
535
-831
-1824
-2755
-3544
-4028
-3919
-3182
-2231
-1430
-1173
-1485
-1950
-1666
-398
1067
1986
2125
1803
1206
755
428
-178
-1201
-2388
-2997
-2815
-2166
-1843
-2222
-3074
-4108
-4826
-4069
-698
4124
7924
9211
8423
7162
6513
7083
8345
9224
8877
7127
5213
4234
4012
3402
1923
48
-2028
-4238
-6127
-6873
-6580
-6424
-7284
-8738
-9370
-8365
-6370
-4311
-2292
-298
1356
2635
4231
6548
9006
10363
10020
8953
8405
8841
9631
9875
9204
7468
4928
1865
-1266
-3987
-5941
-6911
-7373
-7633
-7709
-7533
-7274
-7501
-8333
-9296
-9470
-8654
-7233
-5324
-3252
-1550
-739
-567
-438
-27
818
1719
2433
3199
4163
4827
4516
3322
1997
934
-13
-941
-1684
-1814
-1364
-882
-771
-952
-1264
-1751
-2080
-1706
-840
-67
298
378
424
301
-167
-1110
-2043
-2345
-2130
-1663
-1213
-957
-1093
-1791
-2792
-3757
-4219
-4048
-3694
-3075
-1604
981
4045
6516
7632
7412
6753
6615
7242
8288
9138
9261
8417
6857
5121
3536
2220
927
-365
-1501
-2457
-3145
-3436
-3312
-3326
-3842
-4458
-4640
-4211
-3559
-2805
-1643
-159
1006
1284
1094
1241
1914
2822
3626
4337
5060
5597
5648
5126
4291
3373
2348
1235
116
-957
-2022
-3032
-3938
-4866
-5776
-6460
-6618
-6118
-5237
-4343
-3546
-2806
-2180
-1765
-1613
-1532
-1262
-854
-463
-53
486
1002
1190
924
412
31
-128
-141
-56
281
844
1196
1012
404
-83
-291
-483
-694
-668
-347
-31
64
129
262
123
-468
-1017
-978
-571
-270
-316
-566
-875
-1400
-2072
-2557
-2596
-2365
-2247
-2150
-1891
-1638
-1608
-1717
-1673
-1352
-648
540
2088
3696
4903
5303
5038
4614
4386
4428
4642
4810
4641
4037
3269
2650
2255
1976
1582
1048
554
310
371
507
487
94
-672
-1601
-2457
-2963
-3008
-2600
-1911
-1231
-761
-493
-266
-103
-75
-61
116
513
1006
1610
2312
2878
2940
2236
1168
242
-409
-811
-1018
-1058
-1133
-1303
-1299
-1034
-653
-515
-712
-1013
-1209
-1272
-1529
-1921
-2153
-2234
-2251
-2372
-2433
-2297
-2046
-1724
-1474
-1142
-735
-577
-444
-12
622
1220
1532
1579
1434
1244
1127
841
425
171
133
154
184
225
86
-255
-705
-1345
-2121
-2762
-3036
-2942
-2574
-2041
-1647
-1478
-1348
-1221
-1142
-970
-627
-222
127
398
709
938
861
530
189
20
77
338
763
1331
1946
2472
2857
3122
3281
3338
3264
3128
3087
3160
3174
3034
2853
2643
2310
1830
1238
694
364
245
178
4
-317
-701
-1093
-1504
-1797
-1864
-1785
-1699
-1651
-1510
-1214
-883
-693
-547
-230
200
601
836
1027
1289
1516
1642
1576
1390
1105
628
193
-46
-169
-403
-823
-1155
-1312
-1409
-1531
-1718
-1864
-1871
-1837
-1881
-1968
-1950
-1824
-1755
-1683
-1498
-1166
-836
-614
-236
186
464
482
331
320
324
416
530
480
415
260
-120
-684
-1222
-1539
-1744
-1837
-1664
-1388
-1211
-1163
-1154
-993
-785
-609
-377
-41
479
900
1085
1124
1051
939
690
461
353
274
156
-67
-201
-146
-47
-19
-47
30
274
609
934
1208
1562
1922
2116
2155
2113
2072
2019
2009
2035
2014
1943
1802
1663
1547
1411
1245
1021
791
575
303
-65
-487
-833
-1154
-1515
-1755
-1734
-1534
-1257
-903
-536
-230
-45
16
32
154
424
711
934
1101
1179
1106
891
510
30
-349
-612
-764
-771
-608
-350
-175
-83
-109
-258
-507
-792
-1012
-1232
-1339
-1321
-1237
-1104
-1144
-1149
-1104
-1176
-1161
-1109
-936
-715
-593
-402
-398
-500
-423
-406
-487
-605
-640
-611
-699
-683
-514
-317
-135
79
328
450
549
636
615
542
419
357
296
180
102
-80
-264
-315
-303
-278
-335
-355
-296
-260
-172
-26
142
288
314
207
2
-175
-324
-360
-112
303
699
949
1146
1396
1572
1596
1512
1455
1522
1598
1637
1698
1729
1621
1325
925
547
279
87
-2
91
264
368
309
135
-46
-251
-467
-626
-663
-538
-379
-280
-177
-26
137
222
161
46
-25
-75
-75
-10
110
270
261
80
-87
-147
-111
-153
-285
-364
-402
-450
-505
-565
-578
-609
-762
-931
-1003
-988
-1029
-1199
-1341
-1356
-1361
-1335
-1176
-941
-675
-538
-584
-568
-420
-197
-45
24
182
333
396
408
454
525
496
314
95
8
-17
-35
-35
4
-2
-140
-285
-433
-542
-561
-483
-329
-174
57
256
317
334
294
255
234
244
361
501
548
489
343
211
79
-90
-206
-243
-164
9
191
353
543
784
954
965
867
821
880
983
1111
1217
1283
1280
1156
997
854
710
565
422
323
214
68
-70
-197
-326
-467
-617
-707
-690
-603
-543
-510
-440
-302
-139
-37
-6
-33
-62
-32
50
154
204
134
-20
-160
-219
-204
-183
-197
-259
-377
-481
-540
-602
-679
-745
-762
-762
-805
-786
-693
-684
-740
-783
-712
-567
-454
-297
-174
-55
50
80
161
188
147
66
-7
64
86
45
17
-51
-109
-181
-163
-75
-70
-75
-37
45
135
131
50
4
2
50
117
174
286
373
370
328
285
267
217
142
83
-4
-123
-208
-245
-275
-313
-371
-433
-461
-410
-244
-36
168
385
613
863
1109
1276
1342
1333
1292
1250
1204
1151
1070
928
750
583
437
308
186
100
19
-116
-290
-474
-606
-669
-712
-767
-814
-796
-719
-644
-560
-435
-259
-72
62
136
168
192
218
238
263
289
285
214
92
-11
-50
-68
-110
-161
-170
-142
-119
-128
-165
-189
-224
-305
-394
-440
-441
-479
-583
-668
-691
-676
-644
-613
-538
-432
-361
-308
-241
-136
-17
47
72
88
100
121
115
70
24
-6
-8
7
28
65
93
102
91
46
30
43
20
-54
-146
-203
-238
-229
-193
-175
-197
-253
-279
-275
-245
-203
-182
-167
-141
-89
-8
72
105
101
149
310
541
816
1161
1538
1800
1836
1708
1566
1532
1578
1606
1567
1399
1116
787
495
302
129
-89
-340
-550
-692
-844
-1005
-1110
-1150
-1195
-1277
-1316
-1230
-1039
-889
-815
-654
-354
24
328
537
738
937
1159
1313
1384
1422
1410
1295
1038
777
576
356
62
-279
-502
-610
-698
-837
-1028
-1158
-1290
-1497
-1750
-1963
-2082
-2198
-2308
-2318
-2161
-1868
-1580
-1364
-1188
-943
-614
-299
7
304
592
840
945
979
974
901
740
514
316
162
52
-20
-102
-219
-328
-424
-521
-615
-699
-793
-915
-980
-921
-825
-767
-687
-590
-503
-402
-227
27
219
286
226
128
190
423
666
751
619
393
297
523
1181
2149
3144
3911
4216
4126
3904
3738
3710
3666
3513
3196
2643
1926
1170
576
208
-167
-694
-1266
-1687
-1945
-2245
-2610
-2874
-3020
-3152
-3321
-3292
-2880
-2281
-1730
-1268
-762
-183
403
982
1627
2379
3181
3842
4164
4126
3813
3313
2756
2225
1631
922
101
-772
-1549
-2128
-2434
-2568
-2718
-2880
-2984
-2917
-2777
-2781
-2955
-3188
-3291
-3241
-3059
-2709
-2185
-1620
-1287
-1124
-858
-386
161
610
956
1273
1590
1825
1871
1737
1470
1040
438
-203
-659
-899
-1011
-1135
-1266
-1298
-1301
-1341
-1464
-1546
-1536
-1504
-1397
-1251
-1009
-725
-571
-494
-391
-135
37
23
122
322
585
767
902
1082
1199
1155
768
410
643
1525
2779
4052
5198
5825
5676
5182
4746
4645
4766
4729
4277
3426
2466
1387
279
-553
-1126
-1694
-2417
-3019
-3322
-3485
-3558
-3650
-3724
-3700
-3637
-3364
-2690
-1603
-495
288
900
1518
2189
2801
3405
4143
4957
5538
5429
4785
3990
3207
2461
1673
804
-342
-1713
-2990
-3865
-4175
-4177
-4142
-4176
-4167
-3971
-3759
-3571
-3468
-3507
-3582
-3559
-3255
-2684
-1997
-1355
-933
-683
-435
-135
192
547
931
1298
1619
1773
1721
1529
1142
512
-316
-1046
-1452
-1658
-1819
-1980
-2080
-2138
-2263
-2339
-2266
-2120
-1966
-1792
-1479
-1134
-917
-797
-738
-639
-462
-164
220
624
1002
1212
1235
1183
1122
992
936
1166
1482
1571
1364
1195
1446
2186
3409
4914
6365
7084
6624
5599
4972
5088
5399
5322
4725
3577
2017
456
-655
-1133
-1327
-1625
-1998
-2204
-2197
-2187
-2207
-2207
-2275
-2521
-2703
-2387
-1507
-348
621
1189
1511
1665
1684
1784
2186
2749
3204
3706
4504
5129
4889
3544
1506
-471
-1862
-2569
-2970
-3565
-4540
-5599
-6128
-5935
-5355
-4793
-4382
-4026
-3710
-3317
-2806
-2304
-2082
-2264
-2464
-2269
-1590
-786
-277
-149
-261
-389
-359
-90
369
808
1063
1078
906
626
239
-314
-1095
-1931
-2583
-2891
-2773
-2442
-2158
-2059
-2049
-2047
-2091
-2030
-1794
-1406
-1040
-758
-433
-79
299
548
612
685
790
1011
1208
1451
1805
1999
2119
2127
2238
2336
2177
1806
1322
1398
2213
3704
5588
7094
7672
6943
5596
4620
4455
4995
5396
5162
4144
2587
1016
-170
-655
-769
-984
-1340
-1582
-1517
-1365
-1299
-1360
-1669
-2213
-2784
-2851
-2051
-835
163
681
1065
1558
2077
2579
3061
3483
3423
2769
1966
1530
1431
1132
331
-885
-2305
-3693
-4706
-5104
-4979
-4626
-4275
-3846
-3216
-2557
-2232
-2322
-2560
-2806
-2975
-2917
-2531
-2021
-1662
-1486
-1395
-1213
-942
-619
-293
-19
277
601
957
1219
1195
878
273
-496
-1193
-1715
-2028
-2220
-2329
-2375
-2376
-2240
-2034
-1867
-1737
-1591
-1386
-1148
-808
-440
-224
-163
-191
-193
-127
40
348
698
1091
1363
1447
1427
1286
1077
935
1051
1309
1397
1235
902
473
14
-266
0
922
2364
3966
5269
5822
5510
4771
4198
4098
4325
4517
4395
3810
2855
1855
1072
584
153
-388
-887
-1078
-948
-848
-924
-1091
-1312
-1596
-1845
-1807
-1381
-788
-393
-234
-65
295
780
1205
1548
1864
2260
2647
2752
2407
1649
754
-118
-802
-1180
-1439
-1893
-2672
-3391
-3649
-3433
-3071
-2876
-2722
-2479
-2247
-2153
-2152
-2138
-2249
-2503
-2614
-2296
-1602
-969
-712
-753
-808
-726
-576
-330
76
508
778
824
753
568
138
-504
-1235
-1864
-2206
-2240
-2019
-1744
-1588
-1588
-1713
-1767
-1676
-1438
-1093
-787
-545
-284
76
331
253
-23
-246
-211
80
487
846
1046
1141
1103
1075
1216
1397
1447
1278
1054
870
690
685
774
1016
1536
2428
3796
5244
6252
6262
5506
4811
4565
4769
5100
5278
4866
3678
2268
1083
345
-183
-778
-1275
-1504
-1416
-1356
-1411
-1455
-1694
-2210
-2698
-2678
-2041
-1176
-402
165
708
1370
1861
2130
2176
2010
1666
1218
1035
1029
1008
681
-257
-1442
-2452
-2983
-3259
-3486
-3445
-3180
-2785
-2565
-2628
-2825
-3145
-3519
-3909
-3955
-3518
-2957
-2568
-2379
-2200
-2032
-1921
-1784
-1505
-1047
-543
-70
412
840
1063
956
545
16
-466
-800
-1069
-1338
-1603
-1876
-2007
-1945
-1778
-1672
-1677
-1622
-1465
-1183
-757
-288
-7
-54
-215
-265
-154
-10
124
296
511
793
1100
1417
1634
1644
1456
1239
1243
1503
1828
1963
1874
1623
1274
950
812
974
1298
1726
2369
3394
4832
6341
7367
7439
6633
5553
4860
4870
5269
5430
4913
3682
2112
620
-447
-1007
-1324
-1604
-1745
-1514
-1111
-977
-1158
-1486
-1899
-2404
-2673
-2363
-1573
-694
-134
196
601
1151
1513
1396
1096
805
538
394
498
744
618
-88
-1155
-2237
-3067
-3586
-3811
-3788
-3575
-3283
-3043
-2908
-2963
-3310
-3864
-4372
-4553
-4252
-3584
-2902
-2521
-2452
-2492
-2489
-2416
-2210
-1795
-1199
-561
-6
485
865
950
609
-34
-636
-1025
-1211
-1324
-1471
-1567
-1581
-1608
-1720
-1786
-1660
-1447
-1207
-861
-333
206
491
481
356
287
254
285
416
675
946
1122
1283
1502
1789
1918
1863
1745
1681
1778
1937
2125
2202
2142
1986
1671
1383
1210
1230
1354
1653
2431
3694
5278
6669
7470
7413
6569
5633
5171
5342
5650
5517
4817
3712
2553
1374
263
-529
-1043
-1393
-1599
-1400
-914
-751
-1154
-1920
-2579
-2987
-3159
-2929
-2429
-1884
-1576
-1248
-233
1271
2276
1965
854
-33
-294
149
987
1660
1344
-87
-1681
-2639
-3006
-3494
-4187
-4449
-3967
-3144
-2647
-2584
-2986
-3945
-5041
-5563
-5075
-3979
-3065
-2683
-2722
-2825
-2818
-2726
-2574
-2422
-2136
-1498
-490
573
1226
1303
805
-32
-714
-921
-778
-650
-635
-657
-670
-603
-500
-464
-536
-663
-673
-408
91
575
817
821
675
463
266
128
61
-18
34
370
835
1200
1360
1409
1354
1252
1252
1368
1584
1712
1701
1592
1443
1371
1317
1300
1356
1527
1744
1859
2056
2579
3480
4469
5171
5410
5157
4591
3979
3660
3714
3813
3585
2966
2236
1500
693
-70
-594
-818
-882
-880
-824
-820
-1049
-1583
-2205
-2625
-2708
-2480
-2091
-1551
-854
-180
204
190
21
-82
-74
-16
100
311
429
251
-181
-647
-1096
-1656
-2207
-2478
-2389
-2174
-2000
-1813
-1706
-1876
-2344
-2845
-3085
-3075
-2929
-2690
-2385
-2071
-1854
-1769
-1779
-1832
-1840
-1744
-1500
-1120
-635
-117
235
325
239
128
18
-118
-197
-133
74
303
431
474
447
322
138
10
-16
14
116
244
334
386
363
253
48
-170
-256
-222
-71
189
488
734
815
788
726
678
642
615
713
960
1201
1309
1323
1340
1315
1200
1091
1085
1195
1340
1420
1443
1579
1974
2511
2928
3092
3033
2819
2530
2347
2428
2662
2721
2453
1981
1443
857
253
-235
-498
-610
-724
-843
-874
-887
-1063
-1413
-1728
-1842
-1785
-1632
-1377
-939
-405
-2
82
-142
-418
-551
-508
-389
-310
-319
-480
-714
-881
-931
-955
-1090
-1238
-1286
-1232
-1139
-1132
-1214
-1372
-1564
-1711
-1767
-1699
-1576
-1490
-1464
-1440
-1379
-1310
-1269
-1244
-1180
-1044
-838
-611
-425
-290
-214
-181
-136
-58
25
85
139
225
365
553
724
793
717
554
435
402
428
490
568
616
567
478
423
392
311
138
-40
-128
-119
-56
-8
21
59
123
224
309
302
195
90
90
185
317
459
598
734
846
901
873
775
671
628
628
614
609
657
780
941
1097
1242
1359
1425
1413
1327
1239
1212
1260
1308
1272
1156
986
797
599
417
295
217
149
76
45
84
119
106
42
-27
-105
-213
-317
-418
-510
-586
-655
-683
-687
-685
-696
-715
-724
-730
-764
-854
-951
-985
-951
-912
-899
-897
-913
-993
-1109
-1205
-1252
-1244
-1210
-1137
-1018
-895
-810
-786
-799
-846
-913
-953
-947
-885
-794
-680
-551
-429
-313
-226
-177
-143
-75
70
237
369
475
550
554
475
373
309
256
202
180
218
274
258
178
81
0
-66
-102
-61
5
33
31
57
110
143
155
160
164
185
249
359
458
507
515
514
506
482
454
427
415
401
379
370
370
353
316
284
292
367
498
646
784
893
947
956
974
1036
1116
1149
1116
1065
1027
962
853
770
749
729
663
599
578
561
484
369
270
183
77
-29
-93
-136
-217
-329
-426
-477
-537
-650
-787
-888
-943
-989
-1042
-1099
-1157
-1224
-1309
-1382
-1394
-1338
-1279
-1249
-1191
-1057
-875
-718
-610
-516
-438
-397
-375
-325
-246
-200
-208
-220
-196
-153
-134
-145
-164
-162
-144
-111
-68
-22
27
48
37
11
-11
-26
-48
-69
-75
-61
-43
-39
-29
3
28
38
44
78
133
179
205
207
201
199
211
232
250
269
297
330
338
314
286
274
274
279
297
327
354
351
290
186
64
-47
-127
-162
-159
-124
-72
-33
-12
16
54
106
181
283
405
522
617
696
767
827
877
908
902
869
833
815
822
830
822
790
737
658
556
456
370
281
183
82
-16
-103
-180
-255
-315
-363
-416
-486
-568
-639
-694
-729
-743
-732
-698
-655
-619
-585
-543
-507
-490
-474
-454
-411
-352
-290
-233
-194
-178
-178
-188
-211
-246
-288
-323
-333
-305
-248
-195
-167
-176
-199
-215
-217
-207
-187
-158
-132
-118
-107
-97
-98
-115
-130
-133
-120
-91
-50
0
48
77
88
108
142
173
176
168
177
194
191
163
132
112
77
20
-32
-59
-76
-104
-136
-159
-176
-217
-269
-309
-319
-318
-330
-343
-341
-324
-296
-259
-190
-94
6
83
137
200
294
411
524
621
704
762
789
792
801
828
861
880
877
853
804
733
656
595
549
503
453
413
382
341
277
202
129
58
-3
-47
-74
-94
-119
-146
-170
-195
-223
-256
-289
-310
-311
-293
-276
-267
-266
-277
-295
-315
-324
-313
-291
-276
-279
-295
-319
-348
-375
-385
-378
-370
-362
-348
-322
-294
-283
-289
-300
-307
-310
-304
-278
-232
-183
-145
-122
-93
-55
-21
2
21
54
91
128
166
207
237
233
200
167
153
153
143
114
78
42
5
-34
-68
-97
-126
-162
-200
-235
-264
-289
-298
-294
-281
-259
-241
-234
-241
-252
-256
-246
-220
-188
-155
-116
-72
-23
27
79
130
170
199
219
245
283
322
359
396
440
481
499
501
502
512
523
530
533
532
524
506
480
456
438
409
364
314
274
243
213
184
157
131
101
61
23
-6
-24
-41
-56
-58
-55
-60
-77
-100
-122
-139
-156
-174
-189
-199
-202
-201
-205
-229
-261
-292
-320
-337
-337
-320
-296
-279
-268
-260
-252
-246
-239
-223
-196
-162
-132
-101
-69
-46
-39
-43
-46
-43
-37
-25
-5
11
18
14
6
-7
-18
-24
-31
-47
-68
-81
-87
-86
-86
-87
-89
-105
-131
-154
-159
-151
-148
-156
-166
-173
-177
-182
-189
-196
-207
-218
-220
-212
-197
-184
-173
-156
-126
-89
-59
-35
-11
13
43
77
114
150
177
192
201
209
217
219
224
240
265
295
323
345
354
351
346
347
355
365
373
374
368
366
371
374
365
349
334
323
309
294
283
274
258
235
209
187
162
130
91
56
31
9
-17
-42
-67
-91
-117
-136
-146
-157
-175
-203
-229
-246
-254
-259
-260
-261
-262
-263
-261
-252
-239
-227
-215
-203
-195
-188
-176
-160
-153
-151
-146
-135
-126
-121
-116
-105
-97
-97
-97
-93
-81
-65
-60
-59
-57
-59
-71
-88
-103
-112
-121
-131
-138
-133
-122
-118
-127
-141
-148
-151
-159
-169
-174
-174
-175
-179
-178
-171
-159
-151
-149
-141
-125
-104
-81
-51
-13
24
46
55
65
80
90
94
98
110
124
132
137
147
158
164
166
171
184
196
203
209
223
236
244
251
263
276
290
301
308
318
330
340
351
361
366
360
345
331
319
308
294
277
254
230
205
180
155
126
98
68
39
11
-17
-45
-78
-114
-148
-176
-194
-205
-214
-220
-220
-220
-223
-224
-220
-212
-206
-195
-177
-158
-142
-135
-130
-124
-121
-117
-111
-100
-88
-77
-68
-60
-54
-55
-63
-75
-91
-109
-121
-132
-143
-152
-158
-159
-163
-168
-174
-177
-175
-169
-159
-144
-136
-134
-138
-144
-147
-146
-148
-153
-156
-155
-153
-150
-142
-127
-112
-104
-98
-85
-66
-45
-28
-14
1
13
19
23
28
34
33
28
25
31
38
43
42
42
45
54
65
85
106
126
142
161
187
215
238
257
275
294
316
336
356
371
377
375
370
366
359
351
335
316
300
289
277
261
240
214
186
155
127
107
86
59
31
8
-11
-28
-46
-64
-80
-92
-99
-102
-101
-101
-103
-109
-112
-111
-110
-114
-124
-134
-138
-139
-139
-139
-138
-133
-128
-124
-121
-120
-121
-128
-136
-139
-139
-140
-144
-151
-156
-166
-174
-180
-182
-181
-178
-175
-172
-167
-156
-147
-145
-144
-141
-137
-133
-127
-120
-116
-119
-120
-116
-108
-100
-94
-89
-83
-74
-67
-60
-55
-50
-46
-41
-36
-32
-29
-31
-36
-36
-31
-24
-14
-3
8
19
28
37
46
56
64
75
90
107
126
144
163
179
195
207
220
234
247
259
269
276
279
283
281
274
271
268
265
260
256
254
250
241
232
223
213
198
183
168
156
139
118
96
75
55
38
22
10
-3
-15
-26
-38
-51
-67
-84
-98
-108
-117
-123
-130
-140
-148
-153
-158
-160
-160
-156
-150
-144
-137
-132
-133
-138
-143
-145
-146
-146
-145
-146
-147
-150
-150
-147
-143
-140
-137
-135
-132
-124
-119
-112
-110
-109
-110
-111
-110
-106
-101
-97
-94
-87
-83
-80
-77
-77
-78
-77
-75
-74
-73
-69
-67
-66
-65
-62
-56
-49
-43
-38
-32
-26
-17
-5
8
20
27
33
36
41
48
59
73
85
97
106
115
123
130
136
139
141
150
161
172
182
188
191
191
191
192
194
198
200
204
206
209
207
203
196
190
182
172
164
156
148
141
132
123
114
101
86
72
58
47
40
29
18
5
-7
-21
-33
-44
-55
-65
-77
-87
-95
-103
-109
-118
-127
-132
-136
-139
-143
-144
-146
-149
-152
-151
-148
-145
-141
-138
-134
-132
-131
-131
-129
-126
-123
-120
-116
-113
-110
-107
-105
-105
-104
-102
-100
-97
-93
-88
-84
-80
-76
-73
-71
-71
-70
-69
-68
-67
-63
-58
-54
-52
-52
-55
-54
-52
-49
-45
-37
-29
-19
-9
-1
5
11
17
25
35
46
56
65
72
79
86
93
98
102
105
108
113
119
127
135
139
138
137
137
137
141
142
143
148
147
146
145
143
139
133
128
126
126
128
130
130
127
123
117
111
104
99
95
91
86
81
72
61
48
34
22
14
6
-4
-10
-16
-24
-33
-44
-54
-64
-73
-82
-86
-90
-92
-96
-100
-105
-111
-117
-121
-122
-120
-119
-115
-112
-110
-112
-113
-115
-115
-112
-111
-109
-106
-102
-100
-98
-96
-96
-95
-92
-91
-89
-87
-85
-86
-84
-83
-81
-80
-77
-74
-70
-66
-63
-60
-55
-51
-47
-45
-40
-34
-31
-29
-25
-21
-16
-12
-8
-5
-2
2
8
15
23
29
35
39
45
49
54
59
65
72
80
90
98
104
107
107
108
109
114
119
121
123
122
121
122
119
116
112
110
109
108
112
114
113
109
105
102
98
95
91
88
86
81
77
73
67
62
54
49
43
38
32
23
15
7
0
-7
-16
-21
-28
-34
-37
-41
-45
-49
-54
-57
-61
-64
-65
-65
-67
-66
-67
-69
-73
-76
-78
-80
-82
-82
-81
-82
-85
-87
-87
-87
-86
-87
-86
-87
-86
-82
-80
-78
-74
-72
-69
-66
-64
-61
-59
-56
-53
-50
-48
-47
-46
-42
-41
-39
-37
-38
-37
-37
-37
-37
-36
-32
-32
-29
-27
-24
-20
-16
-13
-8
-3
3
9
16
24
30
37
42
47
49
50
53
55
59
61
66
69
71
73
75
75
76
76
76
76
77
79
80
81
81
81
80
79
78
77
76
77
78
78
78
76
73
68
64
59
53
50
47
46
44
41
37
32
27
24
21
18
15
12
8
6
2
1
-3
-6
-10
-14
-17
-22
-27
-32
-36
-41
-44
-47
-49
-52
-55
-60
-64
-66
-66
-68
-68
-69
-69
-68
-68
-67
-66
-66
-66
-66
-64
-64
-63
-62
-61
-59
-57
-56
-54
-51
