21
25
28
32
35
40
43
47
49
54
56
56
55
54
49
42
33
22
9
-5
-18
-34
-48
-60
-70
-78
-83
-85
-82
-78
-73
-63
-50
-34
-16
3
27
48
69
90
114
136
152
166
171
162
146
124
89
45
-7
-65
-138
-213
-277
-335
-391
-443
-486
-514
-539
-553
-560
-562
-554
-540
-529
-523
-511
-486
-446
-400
-345
-262
-165
-64
61
188
309
414
490
571
627
638
614
542
446
314
149
-2
-129
-230
-298
-346
-351
-293
-169
28
274
567
921
1267
1571
1852
2103
2301
2412
2457
2438
2313
2084
1778
1419
1038
634
213
-168
-496
-792
-1050
-1262
-1399
-1472
-1558
-1647
-1684
-1687
-1670
-1683
-1699
-1651
-1572
-1474
-1390
-1256
-972
-657
-361
-21
363
780
1138
1401
1634
1833
1923
1830
1592
1309
978
550
54
-456
-946
-1408
-1843
-2209
-2442
-2540
-2589
-2598
-2486
-2275
-2098
-1969
-1829
-1655
-1448
-1283
-1171
-1007
-815
-627
-444
-235
85
455
801
1155
1513
1851
2108
2218
2261
2267
2176
1985
1682
1317
947
525
90
-274
-536
-666
-729
-682
-451
-146
263
774
1312
1914
2468
2943
3357
3618
3776
3795
3604
3290
2870
2347
1733
1063
417
-238
-900
-1460
-1876
-2182
-2414
-2539
-2581
-2608
-2593
-2534
-2459
-2375
-2302
-2262
-2224
-2161
-2105
-2060
-1936
-1695
-1363
-965
-520
76
787
1466
2118
2654
3109
3467
3559
3483
3214
2767
2178
1278
269
-688
-1630
-2509
-3319
-3898
-4224
-4430
-4479
-4284
-3841
-3280
-2746
-2265
-1793
-1318
-910
-641
-446
-239
-63
33
146
363
647
961
1328
1803
2347
2787
3100
3318
3468
3555
3381
2932
2372
1725
973
104
-750
-1397
-1881
-2305
-2551
-2500
-2226
-1752
-1108
-302
666
1636
2506
3246
3923
4506
4854
4970
4828
4475
3973
3246
2408
1625
857
53
-719
-1339
-1797
-2163
-2438
-2601
-2664
-2741
-2840
-2898
-2962
-2996
-3073
-3241
-3334
-3347
-3271
-3118
-2913
-2494
-1917
-1304
-548
340
1347
2334
3152
3892
4464
4825
4931
4748
4374
3733
2822
1716
552
-566
-1690
-2714
-3540
-4138
-4487
-4629
-4512
-4139
-3632
-3057
-2460
-1905
-1377
-930
-619
-415
-279
-143
-83
-87
4
227
570
880
1169
1595
2064
2450
2743
2925
3000
2919
2632
2156
1488
677
-222
-1177
-2039
-2778
-3368
-3812
-4069
-3978
-3648
-3130
-2407
-1457
-283
917
2087
3216
4206
5071
5734
6165
6395
6336
6004
5422
4692
3935
3052
2054
1042
173
-517
-1214
-1818
-2267
-2594
-2780
-2991
-3236
-3369
-3356
-3342
-3485
-3681
-3759
-3711
-3599
-3426
-3072
-2506
-1877
-1134
-212
863
2048
3095
3979
4768
5409
5834
5854
5536
5027
4204
3079
1764
437
-782
-1973
-3032
-3879
-4508
-4772
-4770
-4611
-4284
-3821
-3289
-2849
-2413
-1907
-1555
-1468
-1458
-1351
-1295
-1313
-1250
-1081
-739
-312
104
591
1120
1696
2188
2463
2629
2630
2386
1865
1094
258
-577
-1434
-2313
-3087
-3676
-4047
-4160
-4043
-3626
-2976
-2154
-1112
64
1362
2635
3831
4984
6012
6917
7506
7798
7865
7597
7085
6324
5419
4457
3409
2390
1296
277
-556
-1399
-2068
-2519
-2840
-3105
-3493
-3793
-3893
-3939
-3979
-4115
-4206
-4142
-4065
-3928
-3688
-3241
-2543
-1755
-844
189
1334
2522
3539
4468
5283
5843
6097
5967
5612
4977
3985
2759
1338
-55
-1398
-2728
-3832
-4634
-5081
-5311
-5461
-5359
-4972
-4419
-3838
-3321
-2805
-2387
-2153
-2015
-1948
-1840
-1707
-1662
-1565
-1366
-1035
-596
-144
386
953
1443
1810
2069
2243
2280
2057
1518
800
32
-764
-1573
-2362
-2992
-3409
-3671
-3729
-3479
-2882
-2049
-1031
154
1437
2890
4336
5601
6716
7664
8500
8953
9081
9058
8659
7990
7028
5929
4933
3854
2761
1605
457
-457
-1296
-1955
-2461
-2877
-3163
-3588
-4019
-4327
-4592
-4802
-5120
-5323
-5354
-5300
-5006
-4606
-3968
-3108
-2255
-1185
93
1496
2871
4007
5028
5837
6360
6538
6177
5492
4534
3263
1857
308
-1141
-2446
-3737
-4726
-5418
-5828
-5922
-5847
-5483
-4908
-4303
-3694
-3222
-2830
-2470
-2244
-2148
-2194
-2250
-2230
-2204
-2111
-1896
-1517
-1012
-442
245
956
1578
2069
2361
2516
2564
2380
1956
1382
742
100
-590
-1310
-1909
-2344
-2589
-2590
-2332
-1816
-1127
-317
718
1948
3234
4431
5539
6617
7529
8280
8801
8945
8830
8424
7752
6848
5807
4757
3546
2305
1081
-78
-998
-1904
-2712
-3270
-3630
-3884
-4307
-4670
-4860
-5039
-5132
-5270
-5364
-5382
-5358
-5120
-4771
-4172
-3337
-2465
-1373
-115
1300
2737
3935
5003
5905
6567
6786
6475
5887
4977
3765
2293
610
-952
-2420
-3794
-4870
-5640
-6000
-6086
-6022
-5738
-5255
-4615
-4118
-3705
-3203
-2799
-2521
-2534
-2669
-2619
-2566
-2503
-2404
-2117
-1537
-922
-230
520
1324
2229
2908
3356
3665
3823
3794
3318
2651
1971
1108
173
-822
-1636
-2143
-2527
-2749
-2755
-2412
-1763
-994
-21
1083
2379
3755
4857
5852
6756
7550
8147
8339
8438
8333
7896
7222
6295
5448
4463
3287
2196
1078
138
-692
-1512
-2217
-2813
-3269
-3837
-4410
-4766
-5085
-5381
-5751
-6093
-6203
-6198
-6082
-5887
-5449
-4635
-3680
-2659
-1524
-185
1313
2805
4181
5254
6081
6608
6698
6460
5800
4860
3640
2071
478
-1031
-2401
-3668
-4760
-5514
-6035
-6262
-6196
-5935
-5444
-4825
-4238
-3716
-3234
-2761
-2454
-2382
-2367
-2290
-2167
-2065
-1881
-1563
-1132
-477
304
1139
2025
2883
3620
4072
4340
4484
4387
4026
3337
2522
1677
618
-454
-1435
-2239
-2724
-3028
-3070
-2922
-2473
-1675
-872
119
1293
2561
3861
4930
6003
7018
7806
8332
8525
8603
8440
7898
7050
6068
5188
4199
2985
1766
601
-350
-1230
-2278
-3168
-3803
-4273
-4835
-5545
-5932
-6186
-6506
-6819
-7009
-6806
-6485
-6209
-5866
-5209
-4078
-2997
-2033
-856
587
2240
3606
4648
5666
6480
6981
6976
6590
6124
5307
4088
2546
963
-357
-1716
-3118
-4270
-4971
-5356
-5721
-5915
-5845
-5420
-4854
-4586
-4366
-4019
-3612
-3300
-3229
-3082
-2749
-2349
-1963
-1576
-936
-73
758
1514
2337
3230
3931
4306
4475
4549
4467
4108
3424
2527
1566
596
-346
-1319
-2122
-2644
-3081
-3358
-3496
-3324
-2791
-2211
-1499
-630
441
1635
2772
3903
4934
5857
6667
7358
7868
8144
8240
7999
7521
6872
6096
5245
4103
2839
1543
240
-1019
-2325
-3496
-4456
-5201
-5851
-6498
-6991
-7224
-7241
-7257
-7268
-7118
-6720
-6206
-5764
-5211
-4359
-3245
-2146
-1069
240
1737
3308
4632
5790
6986
7920
8492
8540
8222
7755
6804
5402
3706
1987
402
-1349
-3099
-4582
-5659
-6339
-6875
-7155
-7080
-6688
-6145
-5703
-5102
-4352
-3654
-3096
-2793
-2325
-1737
-1367
-1047
-718
-202
435
1003
1603
2252
2977
3571
3924
4129
4210
4181
3820
3244
2613
1798
883
-154
-1151
-1893
-2558
-3153
-3565
-3807
-3666
-3299
-2795
-1998
-1188
-110
1184
2481
3962
5261
6397
7380
8155
8763
9037
9193
8988
8422
7651
6490
5242
3767
2135
553
-1046
-2337
-3547
-4699
-5554
-6224
-6619
-6993
-7293
-7323
-7192
-6902
-6754
-6608
-6241
-5785
-5235
-4716
-3917
-2795
-1691
-480
753
2298
4117
5636
7031
8263
9276
9919
9905
9476
8586
7353
5792
3779
1617
-556
-2534
-4479
-6297
-7505
-8366
-8850
-9011
-8847
-8097
-7272
-6462
-5620
-4769
-3776
-2986
-2404
-1863
-1381
-976
-659
-305
127
699
1305
1870
2563
3261
3839
4258
4465
4644
4683
4288
3633
2827
1939
1016
-131
-1246
-2175
-2947
-3514
-3990
-4146
-4002
-3681
-3166
-2508
-1580
-600
484
1665
2831
4249
5418
6319
7218
7932
8600
8882
8821
8625
8020
7200
6077
4700
3371
1899
335
-1249
-2582
-3621
-4666
-5509
-6132
-6414
-6443
-6571
-6462
-6214
-5859
-5468
-5330
-5003
-4565
-4096
-3622
-3219
-2459
-1482
-379
794
2118
3711
5166
6483
7555
8433
9125
9193
8713
7818
6617
5098
3118
966
-1117
-3163
-5118
-6827
-8129
-8848
-9074
-9000
-8621
-7851
-6726
-5585
-4585
-3662
-2693
-1869
-1433
-1073
-786
-562
-385
-351
-167
190
743
1362
1904
2620
3437
4075
4419
4633
4708
4495
3936
3050
2142
1158
-34
-1311
-2470
-3326
-3879
-4186
-4316
-4069
-3542
-2875
-2020
-1087
124
1296
2318
3389
4408
5489
6204
6702
7106
7268
7410
7205
6986
6693
6018
5176
4040
3088
2148
966
-166
-1417
-2407
-3212
-4105
-4826
-5403
-5769
-6137
-6571
-6671
-6561
-6319
-6094
-5906
-5378
-4760
-4155
-3453
-2645
-1513
-473
428
1376
2385
3648
4585
5298
5947
6411
6897
6762
6376
5992
5356
4436
2881
1539
233
-1377
-2879
-4429
-5415
-6203
-6891
-7254
-7586
-7171
-6543
-5938
-5065
-4149
-2924
-2124
-1531
-696
-84
510
766
983
1391
1578
1791
1867
2128
2647
2912
3155
3227
3304
3486
3240
2777
2185
1631
1041
143
-638
-1344
-1875
-2380
-2911
-2991
-2878
-2511
-2099
-1713
-941
-133
592
1190
1804
2612
3283
3865
4214
4474
4859
5083
5127
5140
5305
5357
5032
4538
3971
3415
2762
1858
859
-121
-1034
-2036
-3199
-4233
-4928
-5482
-6084
-6591
-6758
-6567
-6199
-5863
-5518
-4852
-3967
-3218
-2478
-1572
-639
188
819
1370
2098
2904
3547
3916
4197
4715
5170
5347
5377
5351
5244
4696
3786
2752
1809
919
-344
-1759
-3103
-4117
-4862
-5713
-6280
-6571
-6565
-6251
-5983
-5359
-4359
-3355
-2565
-1926
-988
30
845
1428
1792
2162
2375
2350
2269
2282
2380
2269
1975
1772
1731
1724
1528
1175
891
735
616
372
102
-11
-243
-601
-963
-1226
-1319
-1533
-1738
-1948
-2010
-1800
-1769
-1663
-1418
-961
-256
402
1339
2271
3090
3878
4545
5299
5822
6210
6406
6175
5740
4904
3924
2940
1814
663
-598
-1703
-2646
-3456
-4004
-4416
-4556
-4543
-4636
-4622
-4355
-3929
-3709
-3814
-3851
-3690
-3474
-3293
-3117
-2691
-2144
-1573
-888
-110
1040
2223
3155
4057
4902
5889
6595
6845
6951
6811
6552
5693
4516
3638
2668
1533
16
-1393
-2268
-3115
-3879
-4689
-5224
-5267
-5342
-5289
-5096
-4585
-3957
-3780
-3454
-2814
-2020
-1247
-903
-536
-9
489
853
998
1415
1850
1902
1833
1745
1937
2116
1933
1662
1475
1445
1185
683
386
203
-104
-688
-1301
-1589
-1753
-2053
-2472
-2796
-2900
-2916
-3051
-3094
-2819
-2353
-1915
-1509
-760
346
1411
2213
2931
3978
4927
5470
5881
6168
6446
6405
5868
5071
4304
3674
2707
1456
350
-570
-1432
-2473
-3329
-3854
-4328
-4809
-5374
-5576
-5369
-5274
-5285
-5229
-4838
-4294
-3935
-3496
-2862
-1907
-879
-100
784
1904
3181
4338
5221
6172
7065
7726
8053
8102
8263
8141
7532
6590
5434
4387
3122
1560
-90
-1710
-3006
-4329
-5594
-6566
-7285
-7670
-8073
-8152
-7706
-6961
-6075
-5368
-4482
-3356
-2290
-1319
-454
475
1279
1793
2097
2316
2615
2798
2710
2554
2470
2428
2373
2178
1930
1777
1689
1484
1147
884
704
455
-54
-696
-1210
-1750
-2319
-2855
-3419
-3853
-4103
-4281
-4400
-4274
-3807
-3193
-2558
-1746
-578
892
2292
3434
4560
5614
6538
7127
7318
7473
7367
6793
5716
4414
3396
2287
1037
-235
-1351
-2019
-2825
-3604
-4027
-4121
-4006
-4217
-4468
-4523
-4371
-4145
-4336
-4472
-4328
-4092
-3898
-3736
-3040
-1986
-926
129
1287
2789
4390
5809
7032
8150
9152
9746
9848
9568
9090
8340
7144
5562
3807
2122
369
-1395
-3076
-4617
-5902
-7098
-8068
-8724
-8967
-8831
-8778
-8421
-7742
-6958
-5907
-4921
-3861
-2726
-1663
-554
402
1283
2113
2732
3206
3500
3813
4129
4232
4280
4199
4061
3875
3470
3128
2664
2086
1554
870
167
-686
-1438
-2172
-3105
-3832
-4574
-5034
-5218
-5378
-5275
-5206
-4850
-4313
-3849
-3158
-2453
-1662
-965
-277
653
1570
2445
3117
3734
4447
5193
5780
6102
6517
6844
6777
6369
5779
5227
4552
3591
2339
1143
88
-1068
-2230
-3206
-3721
-4100
-4672
-5135
-5206
-4776
-4342
-4119
-3740
-3039
-2122
-1439
-760
326
1459
2361
2967
3567
4481
5419
6122
6498
6780
7114
6980
6508
6090
5622
5032
3908
2572
1407
211
-886
-2263
-3638
-4759
-5909
-6830
-7735
-8183
-8218
-8394
-8315
-8101
-7467
-6567
-5652
-4376
-3166
-1818
-554
470
1640
2566
3383
3911
4122
4338
4364
4360
3992
3390
2947
2408
1904
1329
916
721
283
-151
-581
-967
-1306
-1883
-2431
-2940
-3439
-3894
-4437
-4835
-5041
-5161
-5232
-5344
-5193
-4720
-4138
-3566
-3029
-2166
-1261
-568
207
1102
2260
3338
4085
4896
5751
6634
7322
7843
8283
8461
8368
7738
6883
6084
5208
4179
2791
1445
298
-859
-1979
-2933
-3330
-3551
-4012
-4442
-4477
-4041
-3625
-3480
-3313
-2820
-2125
-1696
-1340
-612
424
1259
1641
2112
2946
3999
4757
5068
5459
5833
5846
5368
4708
4416
3963
2932
1532
229
-636
-1673
-2915
-4029
-4873
-5429
-6250
-6992
-7120
-6884
-6509
-6507
-6439
-5811
-5021
-4252
-3603
-2663
-1488
-655
82
908
2042
3154
3731
4114
4412
4785
4943
4651
4349
4033
3603
2799
1711
942
341
-388
-1448
-2489
-3100
-3662
-4277
-4790
-5105
-5221
-5402
-5566
-5418
-5053
-4623
-4265
-4023
-3586
-2981
-2400
-1816
-1388
-823
-261
165
713
1299
2202
3137
3991
5016
5904
6934
7892
8609
9229
9500
9595
9250
8446
7394
6003
4631
3135
1439
-210
-1717
-2779
-3658
-4380
-4664
-4607
-4318
-4087
-3744
-3132
-2542
-1986
-1704
-1530
-1212
-1037
-948
-920
-740
-239
243
687
1144
1808
2718
3408
3876
4334
4666
4759
4483
3976
3371
2522
1468
160
-1091
-2018
-2900
-3725
-4523
-5013
-5133
-5295
-5292
-5275
-4957
-4365
-4068
-3673
-3148
-2350
-1541
-1089
-455
234
1099
1910
2435
3124
3684
4080
3997
3562
3241
2608
1894
1065
103
-660
-1585
-2432
-3124
-3615
-3787
-4068
-4269
-4288
-4088
-3670
-3526
-3456
-3260
-3011
-2726
-2666
-2496
-2193
-2016
-1744
-1499
-1198
-829
-568
-164
233
747
1347
1659
2090
2577
3211
4037
4666
5407
6016
6573
7158
7407
7684
7662
7446
7021
6046
5077
3890
2743
1615
222
-849
-1777
-2382
-2822
-3299
-3291
-3129
-2869
-2797
-2942
-2712
-2477
-2457
-2655
-2884
-2758
-2715
-2852
-2836
-2406
-1551
-899
-316
529
1586
2778
3509
4120
4862
5274
5411
4990
4522
4162
3435
2325
871
-60
-815
-1826
-2693
-3498
-3772
-4156
-4689
-4934
-4933
-4517
-4469
-4443
-4215
-3731
-3043
-2804
-2303
-1732
-1216
-663
-408
197
713
1105
1332
1357
1712
1831
1847
1701
1398
1310
941
519
108
-188
-407
-991
-1456
-1871
-2210
-2483
-2878
-3015
-3108
-3130
-3137
-3201
-2865
-2533
-2101
-1693
-1384
-784
-353
147
541
786
1082
1146
1352
1624
1966
2414
2702
3246
3887
4825
5787
6421
7121
7626
8023
7990
7661
7272
6392
5294
3837
2379
1130
-202
-1290
-2320
-2966
-3335
-3724
-3866
-3925
-3623
-3284
-3379
-3498
-3539
-3376
-3349
-3455
-3242
-2905
-2355
-1851
-1181
32
1241
2358
3203
3979
4988
5540
5761
5567
5225
4857
3835
2804
1726
968
375
-721
-1572
-2285
-2633
-3034
-3706
-3881
-4167
-4415
-4957
-5495
-5397
-5396
-5215
-5239
-4999
-4213
-3560
-2665
-1889
-781
375
993
1658
2143
2767
3144
3061
2908
2565
2321
1839
1208
728
247
-181
-862
-1444
-1670
-1854
-2081
-2469
-2651
-2566
-2496
-2526
-2592
-2448
-2159
-1950
-1778
-1556
-1153
-680
-393
-101
302
746
1127
1286
1500
1794
1989
2019
1873
1894
2035
2079
2017
1950
2222
2722
3077
3252
3375
3608
3738
3624
3346
3016
2629
2003
1248
505
-110
-584
-1090
-1527
-1632
-1479
-1354
-1311
-1124
-696
-325
-223
-236
-199
-76
-109
-339
-444
-367
-190
-122
-75
252
701
1078
1203
1287
1532
1655
1595
1354
1233
1251
1032
711
400
346
438
275
-2
-289
-465
-838
-1479
-1915
-2232
-2489
-2916
-3413
-3544
-3417
-3119
-2965
-2676
-2005
-1393
-866
-513
-79
499
806
910
822
861
989
920
815
630
626
572
224
-64
-186
-147
-384
-815
-991
-1019
-965
-1062
-1167
-1041
-894
-831
-959
-1050
-919
-892
-1071
-1362
-1508
-1431
-1439
-1511
-1430
-1141
-777
-551
-311
109
546
831
928
1029
1182
1288
1292
1183
1236
1467
1756
2070
2360
2758
3101
3337
3514
3596
3622
3404
3055
2683
2170
1645
1103
659
324
55
-124
-333
-521
-730
-908
-1006
-1145
-1375
-1670
-1891
-2016
-2019
-1957
-1831
-1551
-1237
-864
-463
25
581
995
1290
1461
1586
1718
1773
1742
1680
1666
1488
1184
891
685
555
196
-298
-812
-1301
-1782
-2310
-2628
-2764
-2822
-2935
-3042
-2857
-2491
-2026
-1655
-1320
-883
-514
-215
-2
298
624
755
797
751
865
1034
1044
979
868
855
676
323
39
-192
-342
-625
-981
-1217
-1341
-1324
-1394
-1443
-1343
-1254
-1228
-1310
-1263
-1110
-1062
-1042
-1023
-853
-634
-427
-151
159
639
1053
1244
1384
1533
1708
1687
1497
1342
1195
1009
735
574
583
667
732
768
964
1269
1562
1723
1820
1966
1995
1885
1709
1565
1443
1238
999
756
607
491
306
108
-71
-198
-421
-722
-914
-1061
-1214
-1439
-1618
-1598
-1495
-1318
-1122
-878
-570
-327
-152
-5
177
360
413
427
453
536
620
630
719
838
953
1022
1007
948
773
573
312
-30
-309
-598
-847
-1128
-1333
-1349
-1391
-1387
-1404
-1406
-1383
-1418
-1361
-1354
-1320
-1227
-1172
-1026
-865
-627
-354
-112
163
359
540
635
626
616
577
539
413
270
165
56
-10
-95
-124
-130
-164
-219
-325
-407
-479
-567
-653
-682
-658
-644
-638
-620
-516
-405
-358
-298
-231
-115
-34
23
102
206
340
417
526
640
764
913
963
1046
1127
1197
1281
1320
1459
1622
1730
1755
1707
1707
1618
1458
1251
977
717
378
21
-285
-475
-558
-650
-687
-680
-644
-634
-689
-721
-711
-685
-746
-830
-799
-656
-458
-337
-162
120
371
539
641
774
867
905
849
762
795
792
737
632
577
616
530
300
-51
-310
-520
-874
-1213
-1503
-1654
-1785
-1944
-1935
-1805
-1555
-1403
-1289
-1055
-832
-627
-589
-528
-331
-180
-102
-104
53
329
540
655
653
728
756
647
470
302
236
87
-146
-326
-365
-312
-369
-439
-453
-437
-462
-595
-693
-694
-619
-609
-690
-674
-527
-330
-196
-75
119
268
337
351
412
516
523
470
375
377
460
478
479
476
500
472
357
268
205
232
241
207
250
320
497
671
814
987
1108
1174
1120
1076
1079
1039
992
846
695
577
486
424
320
295
278
190
35
-153
-234
-299
-405
-502
-576
-599
-593
-560
-520
-434
-319
-240
-235
-228
-137
-45
18
64
169
291
323
338
364
425
456
373
192
-23
-132
-262
-431
-548
-626
-635
-685
-730
-710
-657
-603
-644
-699
-737
-736
-738
-787
-725
-595
-459
-359
-254
-33
176
322
388
402
442
449
415
338
274
261
207
103
2
-29
-52
-136
-219
-301
-397
-503
-606
-695
-756
-769
-772
-767
-724
-644
-549
-499
-451
-374
-325
-312
-301
-237
-141
-17
124
246
359
456
542
603
623
645
634
591
529
462
433
439
504
578
657
766
890
993
1046
1083
1070
973
863
716
562
441
348
258
145
71
51
16
-24
-28
-28
-70
-167
-272
-335
-378
-429
-481
-505
-467
-410
-365
-317
-249
-171
-108
-93
-82
-26
45
129
202
275
341
365
340
273
236
198
95
-56
-215
-292
-363
-442
-495
-521
-474
-464
-468
-470
-446
-357
-334
-331
-327
-304
-256
-241
-163
-84
7
93
128
192
245
310
327
281
259
234
218
160
100
73
24
-44
-149
-228
-302
-398
-479
-544
-544
-529
-529
-521
-486
-405
-330
-268
-216
-175
-126
-82
-49
-25
25
75
99
133
181
248
302
331
368
411
442
448
454
466
468
460
431
417
418
400
375
367
379
400
413
412
393
375
352
307
261
222
200
158
92
44
20
18
1
-36
-59
-98
-155
-217
-266
-289
-313
-348
-374
-365
-330
-281
-229
-189
-125
-62
-26
3
38
77
101
109
108
115
160
209
230
198
145
77
-20
-122
-211
-268
-314
-359
-385
-387
-353
-315
-281
-251
-232
-212
-212
-209
-204
-202
-187
-175
-146
-103
-40
33
82
121
159
180
161
126
105
83
49
-2
-59
-91
-109
-120
-139
-177
-207
-237
-272
-294
-297
-284
-266
-241
-210
-166
-121
-86
-48
-14
23
50
57
72
96
143
172
173
186
202
218
215
217
224
210
208
186
167
157
137
135
122
126
150
171
204
237
292
348
382
413
424
427
412
395
381
346
313
265
206
154
98
58
21
-14
-42
-87
-139
-194
-229
-243
-261
-275
-292
-310
-303
-296
-274
-237
-212
-179
-165
-145
-106
-60
8
57
103
140
155
182
205
252
262
209
129
17
-56
-109
-139
-138
-166
-179
-198
-198
-176
-173
-156
-177
-212
-233
-254
-241
-230
-211
-184
-167
-142
-117
-56
1
29
50
45
50
66
86
112
124
127
118
100
80
50
27
2
-38
-95
-147
-176
-199
-208
-212
-219
-217
-216
-211
-194
-182
-166
-158
-158
-148
-138
-117
-83
-59
-37
2
50
93
125
157
197
231
256
279
301
320
327
330
334
328
322
316
302
291
283
273
248
219
200
176
147
118
97
67
28
-1
-26
-51
-77
-103
-124
-142
-143
-141
-141
-134
-124
-117
-118
-112
-81
-47
-18
4
23
45
73
91
99
116
134
148
151
134
123
116
106
78
43
23
-7
-41
-74
-107
-131
-158
-184
-191
-180
-170
-174
-180
-179
-171
-165
-163
-160
-148
-120
-88
-69
-51
-19
12
37
62
84
94
93
78
66
60
41
13
-18
-42
-52
-77
-112
-140
-157
-166
-195
-214
-223
-229
-228
-232
-230
-222
-208
-195
-188
-165
-135
-108
-85
-64
-27
9
37
65
92
127
157
179
198
215
225
223
221
214
205
196
172
161
159
149
138
121
109
101
103
99
87
85
82
81
76
65
59
49
39
27
21
23
22
27
29
36
49
59
72
79
84
91
98
104
102
102
100
95
85
66
57
39
14
-8
-26
-34
-42
-50
-54
-55
-53
-58
-63
-72
-80
-82
-89
-93
-93
-89
-82
-73
-60
-47
-27
-12
6
26
40
48
49
46
49
47
41
36
32
33
33
35
33
25
9
-12
-29
-47
-67
-84
-101
-120
-138
-152
-166
-179
-188
-196
-199
-198
-202
-203
-195
-183
-175
-168
-155
-139
-124
-106
-87
-63
-43
-24
-2
19
41
62
78
91
104
113
115
112
110
109
110
108
101
92
80
62
40
26
19
7
-8
-20
-31
-40
-51
-63
-70
-78
-85
-87
-82
-74
-61
-49
-30
-6
19
45
66
87
109
127
144
153
159
166
164
157
152
156
157
156
155
149
141
128
112
101
93
83
63
45
33
22
16
1
-9
-19
-29
-28
-30
-30
-27
-18
0
8
16
28
45
63
71
80
90
91
88
77
64
50
37
23
7
-5
-16
-26
-38
-46
-57
-71
-87
-100
-110
-117
-122
-132
-142
-147
-157
-171
-180
-189
-192
-190
-190
-185
-175
-162
-147
-137
-120
-103
-90
-77
-62
-49
-41
-30
-19
-8
3
8
10
10
14
19
19
17
15
12
10
9
14
18
24
23
15
14
14
13
11
11
14
10
8
5
7
15
23
29
33
37
42
48
56
65
83
99
108
115
124
135
140
138
132
129
132
133
131
121
113
107
93
83
77
69
57
43
32
24
17
11
8
13
15
15
12
7
8
7
6
5
3
6
4
1
1
5
8
8
8
6
-1
-7
-12
-17
-22
-25
-23
-26
-32
-40
-48
-58
-69
-77
-89
-98
-105
-109
-110
-116
-118
-117
-118
-116
-113
-111
-112
-111
-108
-105
-96
-88
-81
-74
-70
-63
-56
-48
-43
-39
-34
-34
-32
-33
-34
-30
-22
-12
-6
-4
3
7
8
11
14
18
19
19
17
14
13
11
11
10
14
18
19
26
31
36
43
46
51
57
63
70
72
72
71
69
62
61
65
66
66
63
65
64
61
60
56
54
53
57
64
63
63
63
59
58
59
61
55
45
45
46
42
42
45
45
43
43
41
35
33
33
30
26
20
21
16
8
6
7
3
-3
-10
-14
-16
-17
-22
-25
-31
-34
-38
-41
-41
-39
-38
-42
-46
-49
-55
-62
-69
-71
-73
-78
-83
-89
-91
-95
-98
-102
-101
-96
-92
-88
-85
-79
-70
-65
-62
-56
