10
2
-1
-9
-23
-31
-31
-27
-27
-27
-28
-31
-30
-29
-27
-23
-18
-20
-23
-15
-8
-9
-12
-16
-16
-16
-12
3
16
18
14
10
9
15
13
7
6
3
-14
-35
-49
-75
-118
-152
-162
-146
-128
-123
-109
-102
-113
-117
-82
-32
-2
21
31
8
-17
-15
-14
-23
9
70
68
8
-26
-52
-150
-239
-104
159
467
938
1279
1210
875
612
520
572
940
1305
1303
879
233
-232
-539
-565
-441
-441
-414
-411
-475
-698
-901
-1090
-1497
-1718
-1500
-893
-234
302
649
618
507
502
826
1426
1937
2201
2136
1993
1914
1909
1779
1379
732
-155
-897
-1291
-1368
-1368
-1521
-1849
-2204
-2197
-1979
-1616
-1175
-917
-708
-554
-347
-20
148
43
-187
-369
-325
-28
282
500
426
95
-131
-160
24
192
171
37
-235
-581
-924
-1163
-1405
-1745
-1919
-1958
-1927
-1740
-1509
-1347
-1290
-1076
-610
-184
162
436
541
414
237
194
209
209
112
31
-63
-219
-194
-172
-361
-628
-833
-773
-752
-776
-159
961
2579
4385
5406
5199
4034
3158
2763
3011
4197
5082
4732
2937
965
-443
-1440
-1620
-1606
-1598
-1670
-1768
-1974
-2599
-2791
-3118
-3818
-3857
-2804
-920
695
2018
2818
2712
2273
1942
2237
2929
3870
4657
4748
4605
4270
3503
2217
1046
234
-765
-1683
-2372
-2776
-3113
-3656
-4134
-4405
-4348
-4133
-3754
-3032
-2174
-1485
-1109
-925
-880
-925
-1064
-1058
-717
-294
129
355
317
254
41
-319
-504
-541
-483
-216
-25
-66
-267
-714
-1324
-1954
-2307
-2337
-2191
-1700
-1190
-933
-761
-643
-548
-346
129
731
1165
1175
831
413
-90
-316
-182
-121
-137
-228
-430
-882
-1284
-1545
-1825
-1684
-1572
-1286
-820
-457
457
1689
4119
7025
8467
8255
6698
5491
4960
5476
7105
7965
7221
4315
863
-1503
-2406
-2214
-2623
-2896
-2879
-3110
-3665
-4586
-4750
-5175
-6022
-6017
-4462
-1397
1249
2904
3414
3185
2979
2600
3289
5110
6785
7640
7432
6623
5323
3875
2415
658
-962
-2369
-3671
-4992
-5994
-6143
-6487
-7331
-7520
-6834
-5809
-4570
-2842
-1359
-847
-626
-232
68
182
533
969
878
676
873
1072
736
234
-87
-355
-465
-316
278
833
823
381
-330
-1052
-1640
-1988
-2161
-2084
-1838
-1669
-1509
-1404
-1223
-1085
-1081
-949
-444
314
827
1016
842
464
-53
-624
-809
-850
-868
-911
-978
-1143
-1577
-1865
-2225
-2461
-2419
-2116
-1487
-1080
-253
938
3359
7176
9667
10023
8442
6592
5366
5108
6905
8673
8605
5752
1413
-1869
-3568
-3417
-3250
-3619
-3805
-4276
-5015
-5990
-6079
-5936
-6661
-6841
-5414
-2236
1214
3830
5314
5425
5140
4989
5667
7324
9150
10488
10244
8572
6749
5079
2828
140
-1882
-3099
-4419
-5957
-6739
-7024
-7681
-8492
-8561
-7505
-5756
-3594
-1778
-713
191
777
597
306
818
1496
1452
1322
1514
1566
1049
19
-902
-1364
-1293
-916
-511
12
437
157
-861
-1614
-1985
-2664
-3140
-3048
-2879
-2875
-2915
-2922
-2978
-2986
-2674
-1966
-1118
-176
697
959
806
530
2
-568
-803
-704
-630
-515
-407
-706
-1360
-2000
-2563
-3118
-3187
-2598
-1899
-1465
-979
-765
-810
142
2536
6253
9883
11816
11242
8771
6868
6375
7264
8992
9997
8694
4739
605
-2073
-3085
-3035
-3107
-3441
-4092
-4455
-4894
-5579
-5538
-5557
-5935
-5784
-3770
-182
2952
5226
6197
6173
6083
6208
6808
7758
9287
9737
8143
6270
4921
3214
629
-1350
-2667
-4259
-5888
-7217
-7739
-7971
-7997
-7953
-7978
-6938
-5183
-3568
-2386
-1066
354
558
226
161
299
391
150
131
374
539
248
-404
-931
-1273
-1409
-1374
-1017
-458
-82
-206
-893
-1708
-2467
-3257
-3770
-3731
-3573
-3547
-3542
-3404
-3086
-2688
-2003
-1305
-632
191
697
807
871
1047
747
80
21
306
159
-213
-319
-691
-1763
-2706
-2975
-2927
-2431
-1467
-729
-332
-13
712
1952
4618
9274
13081
13694
11795
9768
8306
7346
8460
10517
10962
8372
3747
-90
-2317
-2776
-2844
-3583
-4024
-4260
-4953
-6355
-7000
-6766
-7268
-7949
-7187
-4236
-488
2711
4794
5461
5661
5809
6202
7608
9889
11161
9987
7736
5992
4621
3008
1154
-883
-3541
-6562
-8798
-9717
-9497
-8742
-8490
-8831
-8546
-7175
-5528
-4040
-2506
-1021
-167
-16
45
252
384
-169
-1041
-1161
-683
-76
307
306
-125
-828
-1182
-1219
-890
-100
540
384
-457
-1313
-2339
-3496
-4327
-4600
-4371
-3945
-3036
-2110
-1632
-1386
-1255
-842
-287
436
1360
1968
2011
1523
1121
908
678
454
89
-255
-760
-1068
-1003
-1114
-1196
-1165
-871
-707
-446
300
772
1485
2792
5791
10163
12828
12752
10445
8071
6767
6696
8600
10707
11080
8121
3144
-760
-2854
-2881
-2690
-3058
-3439
-4159
-5316
-7370
-8520
-8422
-8645
-8904
-7875
-4516
-664
2241
4001
4569
4777
4888
5459
6994
9524
11467
10726
8424
6400
4465
2002
-242
-1661
-3342
-5639
-7519
-8715
-9437
-9499
-9270
-9244
-8742
-6825
-4478
-3122
-2047
-692
34
-277
-566
-42
471
459
366
509
669
556
298
-74
-496
-813
-965
-836
-470
24
385
144
-952
-2254
-3064
-3629
-3900
-3577
-2989
-2693
-2669
-2488
-2147
-1694
-1048
-443
-52
345
912
1254
1010
536
285
-60
-466
-250
316
490
197
-317
-839
-1212
-1173
-766
-289
229
581
705
477
396
1280
3079
5993
9280
11415
11423
9523
7685
6752
6786
8071
9581
9508
6858
3126
28
-1865
-2465
-2745
-3164
-3789
-4569
-5662
-7243
-8110
-7978
-7709
-7518
-6419
-3733
-721
1820
3825
5068
5911
6692
7293
7957
9359
10732
10427
8778
6854
4548
1819
-541
-2031
-3408
-5281
-7237
-8909
-9811
-9548
-8589
-7611
-6740
-5649
-4770
-4268
-3253
-1839
-994
-1064
-1341
-1384
-1290
-873
-313
4
-134
-402
-717
-1097
-972
-492
-119
-101
-184
0
164
126
-333
-1183
-2185
-3058
-3400
-3488
-3356
-2925
-2639
-2600
-2499
-2059
-1485
-966
-618
-555
-541
-321
-25
-78
-94
278
548
432
323
616
782
674
656
586
438
567
967
910
531
458
342
123
729
2906
5995
8675
9996
9419
7727
6440
6253
7267
9096
10532
9895
6920
3468
1090
155
112
76
-469
-1571
-2993
-5030
-7057
-7858
-7796
-7669
-7354
-6041
-3846
-1555
578
2240
3314
3952
4383
4906
5674
6825
7919
8324
7880
6573
4790
2834
824
-1052
-2802
-4316
-5630
-6799
-7496
-7631
-7520
-7183
-6611
-6130
-5565
-4587
-3534
-2867
-2563
-2519
-2860
-3325
-3477
-3133
-2289
-1312
-578
-226
-273
-469
-473
-208
255
838
1490
2057
2215
1913
1334
466
-574
-1511
-2113
-2385
-2593
-2609
-2574
-2716
-2788
-2814
-2855
-2852
-2729
-2583
-2283
-1618
-968
-336
466
1144
1241
1165
1603
2019
2199
2501
2709
2353
1650
1290
1019
731
606
364
-258
-1096
-1041
-158
858
2767
5261
6887
7169
7007
7112
7232
7806
8802
9270
8713
7331
5580
3583
2300
2195
1972
878
-635
-2014
-3668
-5481
-6387
-6366
-6139
-5992
-5468
-4573
-3458
-2035
-938
-121
827
1854
2664
3155
4016
4970
5290
5038
4494
3812
2901
2043
1154
-20
-1167
-2191
-3242
-4143
-4266
-3882
-3640
-3503
-3474
-3637
-4002
-4293
-4560
-4887
-4960
-4895
-4891
-4855
-4430
-3700
-3138
-2651
-2115
-1661
-1181
-516
217
944
1752
2512
2947
3086
3111
2803
2152
1421
526
-405
-1110
-1718
-2397
-2800
-2763
-2813
-3120
-3359
-3452
-3494
-3320
-2830
-2108
-1201
-367
130
194
301
808
1282
1680
2122
2426
2338
2004
1736
1341
945
691
312
-279
-815
-1090
-1380
-1790
-1775
-879
437
1633
2972
4678
6128
6650
6647
6708
6875
7080
7279
7316
6947
6244
5209
3789
2528
1955
1657
887
-142
-927
-1658
-2558
-3307
-3512
-3418
-3282
-2935
-2466
-2085
-1647
-1238
-1126
-898
-253
471
999
1375
1690
1799
1677
1530
1595
1756
1649
1215
626
191
-112
-477
-811
-1031
-1165
-1498
-2037
-2533
-2908
-3085
-3310
-3750
-4057
-4099
-4146
-4171
-3946
-3572
-3208
-2857
-2513
-2187
-1811
-1277
-654
-133
279
752
1109
1176
1144
1031
749
360
-69
-525
-936
-1235
-1539
-1866
-2069
-2118
-2040
-1889
-1707
-1442
-1102
-746
-497
-352
-104
341
810
1126
1301
1418
1509
1431
1175
942
837
737
436
80
-127
-209
-345
-491
-382
-88
227
447
523
546
528
569
758
1142
1724
2280
2728
3110
3399
3670
3899
3962
3857
3671
3480
3286
3100
3007
2961
2681
2137
1652
1380
1205
978
702
398
-60
-672
-1272
-1673
-1749
-1659
-1599
-1593
-1536
-1298
-1004
-756
-466
-129
49
-35
-72
72
249
440
719
927
793
346
-211
-668
-1001
-1172
-1183
-1299
-1613
-2006
-2310
-2495
-2491
-2310
-2165
-2089
-2019
-1907
-1764
-1621
-1452
-1337
-1259
-1130
-940
-730
-590
-558
-662
-820
-842
-774
-770
-784
-807
-808
-720
-676
-678
-622
-552
-536
-563
-517
-360
-194
-34
128
253
322
358
366
345
339
354
293
175
120
165
282
382
444
486
543
639
713
715
607
483
386
290
353
544
681
681
608
476
260
78
-22
-23
2
50
263
501
674
872
1072
1251
1422
1674
1986
2184
2268
2253
2127
2017
2026
2056
1961
1849
1703
1378
995
739
619
501
380
275
53
-296
-601
-697
-678
-642
-532
-406
-300
-223
-217
-278
-331
-373
-518
-724
-834
-824
-831
-934
-1016
-1024
-1017
-982
-876
-720
-576
-499
-521
-612
-669
-659
-660
-674
-642
-623
-734
-945
-1117
-1269
-1408
-1498
-1614
-1747
-1809
-1706
-1481
-1230
-956
-693
-494
-353
-156
70
222
340
439
467
390
380
488
555
554
502
460
339
116
-78
-185
-170
-145
-165
-203
-171
-57
-28
-57
-86
-146
-240
-305
-213
-57
74
205
284
290
258
254
267
285
324
365
417
445
438
418
403
430
491
558
587
611
647
675
748
854
940
1021
1156
1392
1645
1758
1690
1483
1200
940
816
840
916
965
927
777
595
448
326
254
185
73
-79
-259
-387
-473
-534
-566
-630
-669
-631
-550
-493
-459
-408
-387
-387
-400
-398
-354
-321
-297
-294
-302
-317
-361
-423
-474
-487
-523
-597
-684
-789
-907
-1048
-1159
-1187
-1144
-1086
-1026
-936
-858
-818
-787
-724
-665
-608
-490
-329
-151
-4
132
265
351
395
411
462
492
466
412
361
364
318
259
224
186
150
1
-177
-276
-335
-395
-484
-496
-435
-377
-356
-338
-305
-293
-298
-276
-164
2
172
329
443
511
498
412
324
274
255
258
275
266
243
223
230
247
245
282
329
312
262
262
335
440
596
746
805
867
1018
1186
1270
1273
1220
1050
849
809
921
1034
1059
973
742
411
150
-7
-145
-251
-308
-433
-643
-764
-754
-707
-654
-571
-458
-364
-285
-206
-171
-159
-142
-163
-213
-201
-127
-107
-177
-288
-395
-462
-503
-509
-482
-446
-431
-462
-518
-567
-604
-650
-689
-666
-609
-564
-549
-553
-545
-527
-481
-395
-261
-126
-54
-3
57
120
186
244
294
343
350
300
209
107
19
-62
-143
-204
-232
-236
-209
-167
-158
-193
-234
-239
-198
-126
-23
81
140
150
145
155
174
182
162
126
92
54
-3
-77
-126
-160
-203
-232
-213
-140
-65
-17
5
9
9
-1
1
10
48
106
160
259
380
500
594
671
804
995
1198
1344
1405
1378
1257
1107
980
917
912
859
714
511
347
241
128
27
-48
-122
-280
-526
-699
-761
-762
-733
-717
-676
-579
-465
-407
-369
-247
-108
-74
-139
-173
-137
-102
-34
87
181
174
83
-35
-143
-189
-174
-201
-312
-426
-487
-511
-498
-434
-371
-369
-397
-431
-476
-508
-506
-486
-468
-424
-351
-273
-187
-127
-95
-86
-81
-55
-2
76
175
250
254
208
151
114
129
174
209
233
243
219
168
131
112
72
-14
-112
-186
-243
-299
-338
-328
-297
-290
-309
-326
-335
-342
-332
-316
-302
-273
-236
-194
-164
-134
-104
-90
-63
-11
38
56
60
53
32
71
222
427
589
746
961
1172
1305
1340
1302
1228
1139
1078
1059
1044
995
844
578
293
101
17
-63
-155
-231
-335
-504
-696
-829
-870
-850
-806
-763
-693
-551
-363
-198
-67
87
272
401
474
550
630
659
625
577
545
549
552
457
266
57
-138
-335
-509
-580
-570
-593
-682
-780
-840
-865
-879
-910
-953
-946
-888
-833
-770
-647
-473
-321
-214
-103
37
185
300
396
514
667
794
822
772
672
534
378
214
58
-71
-168
-288
-432
-522
-552
-590
-648
-696
-736
-758
-733
-680
-636
-594
-557
-580
-628
-600
-522
-475
-476
-481
-488
-507
-495
-445
-367
-267
-208
-246
-316
-307
-254
-209
-171
-79
162
530
948
1476
2242
3055
3481
3434
3195
3008
2896
2828
2854
2850
2629
2091
1273
497
71
-112
-474
-1081
-1532
-1788
-2159
-2570
-2690
-2549
-2395
-2273
-2094
-1812
-1338
-649
45
599
1135
1692
2030
2146
2398
2824
3084
3012
2736
2435
2158
1925
1615
1033
276
-493
-1203
-1817
-2176
-2203
-2214
-2431
-2765
-3001
-3072
-3089
-3052
-2950
-2770
-2487
-2149
-1787
-1372
-860
-400
-102
156
478
890
1300
1675
2025
2314
2505
2465
2149
1719
1313
849
272
-209
-485
-751
-1138
-1460
-1613
-1721
-1858
-1925
-1887
-1861
-1818
-1720
-1624
-1463
-1208
-982
-943
-991
-898
-755
-694
-669
-570
-528
-665
-782
-821
-814
-731
-538
-375
-452
-498
-393
-336
-331
-181
316
933
1494
2227
3270
4416
5099
5131
4774
4331
4088
3982
3975
3957
3636
2825
1533
286
-406
-643
-986
-1706
-2356
-2725
-3082
-3434
-3469
-3110
-2691
-2395
-2102
-1625
-868
62
959
1754
2572
3364
3783
3766
3738
3998
4305
4292
3946
3467
2906
2136
1230
469
-199
-1020
-1994
-2827
-3271
-3379
-3269
-3191
-3363
-3605
-3711
-3718
-3681
-3380
-2764
-2231
-1885
-1454
-878
-342
148
558
719
834
1123
1495
1829
2176
2549
2636
2343
1903
1418
861
284
-269
-875
-1401
-1750
-2135
-2588
-2914
-3075
-3219
-3323
-3195
-2873
-2530
-2216
-1927
-1688
-1447
-1175
-955
-821
-758
-691
-570
-481
-510
-603
-663
-821
-1125
-1314
-1277
-1178
-1063
-852
-649
-521
-324
-139
-181
-109
651
1808
2913
4258
5877
6886
6737
6063
5449
4978
4868
5070
5081
4507
3490
2144
473
-715
-977
-1186
-1994
-2804
-3009
-3229
-3735
-3816
-3378
-2956
-2634
-2077
-1336
-538
524
1517
2054
2754
4052
5114
5319
5501
6048
5935
4966
4149
3809
3331
2586
1910
934
-594
-2154
-3522
-4723
-5264
-4806
-4206
-4251
-4338
-4023
-3827
-3983
-3906
-3218
-2411
-1796
-1118
-311
343
656
764
724
641
690
856
1109
1386
1664
1855
1782
1469
1068
715
290
-335
-963
-1457
-1861
-2294
-2690
-2923
-3113
-3295
-3392
-3399
-3328
-3144
-2752
-2384
-2187
-1870
-1421
-1114
-1030
-903
-718
-687
-657
-510
-352
-359
-513
-707
-1092
-1421
-1440
-1389
-1332
-1213
-963
-717
-540
-339
-314
-183
441
1436
2467
3615
5337
6947
7580
7399
6883
6304
5603
5148
5033
4788
4230
3083
1411
-129
-835
-1007
-1697
-2629
-3016
-3067
-3458
-3995
-3814
-3183
-2680
-2244
-1632
-676
470
1667
2484
3032
4095
5300
5760
5707
6182
6819
6312
5057
4135
3568
2744
1737
901
-207
-1705
-3293
-4772
-5690
-5546
-4578
-3968
-4015
-3856
-3384
-3194
-3301
-2973
-2067
-1313
-952
-597
1
513
603
403
165
117
287
539
731
878
1154
1338
1027
481
234
80
-463
-1234
-1738
-2044
-2479
-2938
-3309
-3598
-3721
-3691
-3642
-3578
-3259
-2796
-2477
-2186
-1736
-1255
-973
-844
-896
-1054
-954
-725
-691
-803
-785
-749
-1104
-1464
-1549
-1626
-1717
-1687
-1424
-1187
-957
-636
-518
-488
-420
-183
335
1164
2349
3646
5245
6938
7841
7734
7103
6518
5882
5475
5665
5753
5264
4088
2384
631
-481
-721
-1200
-2180
-2777
-2917
-3311
-3923
-3641
-2688
-2120
-1844
-1347
-446
657
1875
2862
3340
4072
5230
6010
6145
6203
6297
5601
4387
3745
3758
3658
2741
1126
-731
-2311
-3372
-4138
-4503
-4371
-4043
-4008
-4223
-4058
-3571
-3322
-3367
-3177
-2462
-1573
-833
-411
-268
-273
-378
-454
-403
-94
320
374
106
17
267
479
417
281
152
-228
-824
-1376
-1948
-2516
-3000
-3496
-3995
-4216
-3941
-3658
-3689
-3654
-3315
-2936
-2653
-2186
-1606
-1185
-980
-932
-858
-660
-372
-263
-479
-660
-595
-599
-907
-1202
-1297
-1444
-1674
-1696
-1200
-481
-106
-90
-270
-493
-717
-882
-676
194
1620
2918
3755
4747
6291
7579
7793
7410
7082
6613
5931
5649
5825
5745
4862
3158
1142
-263
-645
-893
-1666
-2289
-2345
-2439
-2801
-2623
-1677
-863
-574
-442
-66
633
1498
2169
2496
3187
4286
4916
4946
4951
4984
4290
3131
2449
2247
2061
1493
572
-695
-2068
-3107
-3950
-4454
-4313
-3736
-3393
-3438
-3190
-2754
-2678
-2845
-2708
-2189
-1756
-1333
-897
-645
-638
-877
-1092
-1151
-859
-429
-287
-244
-105
146
261
339
505
423
120
-351
-970
-1643
-2176
-2641
-3323
-3783
-3745
-3658
-3798
-3822
-3514
-3276
-3106
-2702
-2126
-1557
-936
-334
-130
-130
19
143
-30
-293
-303
-390
-674
-961
-1192
-1409
-1632
-1632
-1625
-1542
-1240
-1065
-952
-939
-844
-686
-585
-266
69
827
2136
3397
4328
5005
6214
7572
8332
8579
8304
7764
6794
5910
5601
5380
4984
3686
1661
-308
-1573
-1991
-2439
-2722
-2656
-2419
-2236
-2229
-1700
-1013
-589
-614
-828
-311
616
1669
2388
2798
3285
3498
3994
4702
5201
5026
3922
2694
1480
1066
1526
1774
1248
-274
-1908
-3588
-4949
-5245
-4979
-4491
-4146
-3542
-2798
-2408
-2095
-2201
-2613
-3074
-3016
-2190
-1337
-635
-414
-622
-1015
-1357
-1180
-778
-303
-6
177
548
866
1168
1237
1033
458
-411
-1077
-1704
-2247
-2717
-3147
-3509
-3838
-3757
-3427
-3080
-2810
-2631
-2375
-2128
-1681
-988
-361
-5
81
102
-43
-296
-443
-608
-931
-1274
-1302
-1129
-1010
-799
-490
-426
-670
-761
-539
-312
-163
46
256
355
510
795
1079
1495
2262
3110
3644
4009
4611
5468
6115
6327
6253
5888
5159
4240
3658
3495
3225
2465
1291
128
-673
-953
-907
-926
-963
-939
-1001
-1225
-1322
-1028
-762
-829
-892
-560
81
653
1167
1673
2047
2343
2670
2988
2961
2502
1966
1519
1225
1282
1623
1575
587
-807
-1889
-2661
-3179
-3171
-2707
-2410
-2395
-2246
-2052
-2154
-2461
-2680
-2897
-3090
-2784
-1997
-1351
-1182
-1187
-1144
-1201
-1175
-781
-197
168
310
621
1097
1415
1495
1451
1156
481
-276
-825
-1237
-1675
-2070
-2329
-2532
-2677
-2692
-2672
-2764
-2837
-2674
-2274
-1816
-1394
-947
-625
-578
-655
-620
-483
-484
-537
-499
-423
-343
-225
23
188
177
129
21
-102
-169
-97
15
104
272
423
524
607
755
929
1030
1290
1794
2393
2883
3259
3745
4299
4753
4922
4757
4327
3645
2942
2471
2329
2315
2035
1416
719
253
-21
-291
-517
-656
-776
-971
-1090
-943
-674
-500
-549
-677
-585
-213
181
355
535
932
1280
1410
1511
1698
1650
1162
651
480
518
451
229
-113
-631
-1142
-1453
-1619
-1780
-1891
-1882
-1895
-1976
-1942
-1770
-1761
-1975
-2059
-1839
-1530
-1288
-1008
-729
-644
-681
-589
-315
-6
271
543
747
841
910
979
895
544
70
-315
-617
-905
-1140
-1281
-1416
-1637
-1871
-1972
-1952
-1931
-1913
-1818
-1644
-1397
-1066
-754
-637
-694
-761
-823
-908
-910
-740
-535
-470
-479
-405
-261
-172
-151
-156
-181
-160
-27
206
449
625
725
768
813
879
964
1030
1015
972
994
1182
1531
1906
2171
2242
2186
2182
2332
2556
2679
2593
2331
2017
1756
1664
1717
1681
1366
866
481
292
213
189
166
64
-131
-261
-271
-251
-227
-235
-311
-358
-178
190
475
573
575
524
403
320
345
382
315
148
-2
-70
-107
-211
-375
-535
-706
-881
-994
-1013
-1028
-1110
-1206
-1250
-1212
-1113
-1008
-920
-864
-813
-747
-673
-590
-485
-357
-267
-222
-137
-1
80
26
-88
-173
-238
-324
-413
-483
-539
-563
-581
-622
-674
-708
-735
-789
-831
-833
-810
-767
-749
-759
-757
-739
-803
-963
-1068
-1079
-1060
-1043
-971
-828
-674
-540
-473
-450
-396
-299
-193
-103
48
253
425
537
599
628
627
621
612
597
601
623
640
642
649
650
625
589
530
463
435
463
514
541
545
560
618
709
813
940
1083
1183
1227
1281
1365
1456
1552
1615
1596
1535
1521
1533
1507
1460
1386
1251
1068
932
851
761
664
549
371
145
-38
-135
-209
-293
-412
-571
-718
-818
-870
-883
-861
-865
-924
-963
-931
-866
-790
-700
-628
-585
-517
-409
-314
-253
-186
-130
-112
-112
-86
-47
-59
-130
-220
-288
-338
-390
-445
-508
-573
-634
-690
-743
-807
-863
-910
-960
-1000
-1010
-993
-995
-1015
-1019
-998
-976
-985
-1005
-997
-971
-973
-992
-950
-862
-792
-730
-645
-546
-456
-368
-276
-174
-29
132
266
401
558
679
708
702
729
767
773
740
692
626
553
473
391
343
339
329
285
237
216
189
152
139
169
230
279
308
350
423
518
624
763
927
1067
1146
1172
1196
1241
1300
1347
1370
1367
1314
1216
1124
1075
1049
997
906
782
654
554
485
428
360
267
123
-55
-193
-267
-324
-410
-510
-593
-665
-726
-777
-791
-765
-732
-720
-701
-631
-539
-453
-370
-305
-253
-212
-170
-137
-101
-51
-30
-50
-99
-151
-204
-264
-315
-350
-361
-379
-430
-488
-533
-567
-614
-667
-710
-755
-791
-805
-788
-769
-777
-803
-829
-841
-852
-857
-839
-809
-771
-727
-674
-616
-570
-535
-508
-483
-440
-359
-252
-145
-44
50
139
211
265
310
361
390
393
389
405
401
349
295
262
231
182
155
161
149
127
127
152
176
205
254
286
300
330
390
452
487
526
573
620
678
769
886
980
1028
1048
1047
1039
1041
1063
1079
1070
1041
991
930
879
845
812
769
707
620
524
449
392
326
252
183
92
-19
-112
-172
-210
-239
-267
-323
-400
-447
-454
-449
-446
-428
-410
-410
-414
-399
-377
-364
-368
-391
-406
-395
-381
-381
-387
-386
-391
-412
-430
-431
-414
-413
-433
-459
-475
-483
-496
-510
-520
-532
-546
-566
-595
-618
-622
-620
-626
-626
-604
-577
-555
-541
-526
-507
-491
-482
-479
-462
-431
-407
-384
-341
-282
-237
-201
-168
-145
-117
-77
-33
1
35
72
96
106
107
102
100
91
81
75
92
124
157
207
271
324
347
359
385
424
458
495
524
541
559
592
626
660
692
716
730
740
761
800
842
867
876
883
875
848
827
818
805
780
742
693
639
589
540
495
459
421
379
336
295
250
195
140
76
13
-47
-97
-149
-211
-269
-313
-347
-373
-385
-381
-373
-370
-384
-397
-398
-400
-404
-407
-398
-387
-386
-394
-415
-438
-450
-452
-453
-454
-446
-436
-436
-441
-443
-439
-444
-468
-496
-503
-499
-504
-513
-518
-520
-519
-506
-490
-477
-458
-435
-413
-387
-351
-307
-283
-282
-283
-268
-238
-213
-192
-168
-141
-124
-120
-103
-75
-55
-46
-38
-28
-24
-21
-17
-18
-19
-18
-11
6
39
82
123
156
180
199
225
265
308
346
380
404
416
426
434
441
453
470
485
495
506
521
538
557
576
600
624
641
653
670
681
679
673
676
678
669
659
643
619
597
587
580
568
558
551
533
509
491
462
412
356
299
226
149
74
-2
-69
-118
-159
-207
-253
-296
-341
-382
-416
-440
-455
-468
-486
-510
-530
-555
-586
-620
-659
-687
-698
-693
-689
-686
-691
-719
-764
-813
-854
-886
-909
-915
-924
-943
-953
-965
-995
-1029
-1047
-1070
-1092
-1080
-1046
-1006
-949
-873
-816
-790
-769
-758
-750
-720
-673
-608
-525
-453
-430
-434
-430
-440
-465
-478
-456
-420
-397
-372
-344
-328
-317
-282
-223
-160
-90
-11
75
167
276
416
568
708
829
944
1051
1137
1227
1336
1427
1497
1563
1597
1593
1620
1681
1736
1807
1904
1981
2014
2034
2042
2027
2029
2057
2083
2098
2120
2139
2126
2101
2073
2041
2012
1970
1908
1835
1762
1677
1593
1551
1510
1422
1302
1158
967
734
532
368
173
-42
-218
-364
-525
-684
-848
-1038
-1226
-1401
-1559
-1692
-1794
-1871
-1938
-1980
-2015
-2050
-2070
-2103
-2148
-2173
-2167
-2137
-2086
-2036
-1990
-1938
-1893
-1867
-1851
-1844
-1862
-1883
-1846
-1763
-1680
-1601
-1511
-1437
-1416
-1394
-1343
-1306
-1301
-1282
-1247
-1251
-1253
-1206
-1165
-1153
-1115
-1048
-1016
-1011
-985
-955
-938
-918
-870
-794
-703
-604
-512
-435
-385
-354
-309
-265
-226
-173
-110
-36
59
172
289
417
578
748
913
1081
1239
1379
1507
1651
1791
1888
1957
2008
2047
2094
2189
2326
2437
2514
2562
2566
2554
2550
2548
2537
2538
2552
2527
2461
2387
2298
2195
2113
2064
2035
2032
2038
2033
2037
2062
2104
2142
2138
2093
2019
1934
1842
1754
1685
1610
1493
1317
1103
886
658
417
165
-89
-330
-538
-753
-998
-1226
-1454
-1704
-1952
-2175
-2359
-2505
-2629
-2759
-2890
-2980
-3032
-3086
-3133
-3132
-3086
-3021
-2950
-2878
-2810
-2736
-2661
-2606
-2542
-2437
-2324
-2245
-2191
-2135
-2071
-1996
-1928
-1889
-1850
-1777
-1707
-1680
-1641
-1552
-1468
-1433
-1395
-1320
-1238
-1171
-1118
-1070
-1014
-938
-859
-800
-748
-678
-616
-574
-540
-490
-419
-366
-342
-322
-269
-193
-114
-25
66
188
344
491
612
742
895
1036
1170
1339
1535
1730
1917
2109
2281
2431
2566
2666
2732
2793
2875
2947
2969
2952
2913
2876
2835
2781
2685
2554
2439
2319
2177
2050
1966
1901
1818
1743
1705
1694
1680
1637
1586
1551
1534
1525
1531
1564
1605
1625
1597
1523
1442
1361
1254
1120
985
865
741
591
410
220
26
-199
-441
-676
-906
-1131
-1350
-1550
-1727
-1882
-2020
-2154
-2286
-2400
-2481
-2543
-2590
-2600
-2584
-2573
-2570
-2561
-2538
-2511
-2481
-2435
-2374
-2311
-2248
-2188
-2123
-2051
-1974
-1876
-1779
-1695
-1613
-1537
-1457
-1393
-1329
-1256
-1199
-1159
-1114
-1038
-949
-864
-773
-683
-600
-515
-427
-354
-300
-252
-230
-229
-227
-213
-200
-197
-188
-167
-134
-87
-36
24
88
155
243
336
432
532
649
775
899
1013
1113
1210
1304
1407
1515
1624
1747
1869
1969
2041
2097
2125
2113
2097
2087
2064
2018
1959
1892
1812
1744
1698
1640
1566
1485
1415
1352
1304
1278
1249
1206
1153
1108
1073
1037
1000
960
923
875
824
793
772
736
676
610
563
522
469
410
345
251
140
39
-54
-146
-238
-344
-465
-590
-696
-777
-857
-940
-1011
-1072
-1151
-1241
-1330
-1417
-1492
-1556
-1621
-1684
-1732
-1776
-1823
-1867
-1889
-1879
-1847
-1808
-1762
-1711
-1666
-1622
-1564
-1496
-1422
-1346
-1283
-1251
-1222
-1173
-1105
-1025
-944
-862
-794
-737
-683
-640
-602
-563
-521
-485
-453
-402
-347
-308
-292
-276
-249
-234
-220
-192
-159
-128
-92
-47
-5
43
112
180
235
283
336
387
437
503
589
673
747
816
875
925
991
1067
1120
1168
1223
1269
1297
1315
1342
1368
1377
1382
1398
1413
1417
1410
1392
1374
1362
1351
1336
1317
1298
1261
1198
1132
1068
998
931
868
799
715
634
562
486
413
360
313
259
214
187
162
133
96
56
19
-14
-41
-73
-113
-150
-174
-197
-220
-237
-264
-313
-372
-428
-480
-528
-577
-633
-690
-734
-782
-847
-916
-973
-1025
-1077
-1115
-1135
-1160
-1192
-1214
-1224
-1228
-1222
-1204
-1190
-1181
-1158
-1130
-1109
-1085
-1040
-986
-938
-883
-826
-774
-731
-692
-647
-599
-556
-513
-464
-415
-371
-327
-297
-279
-262
-245
-220
-193
-166
-142
-121
-88
-51
-17
12
37
61
88
125
170
218
265
303
338
369
397
425
457
486
513
548
580
604
630
655
677
700
729
759
786
822
862
893
913
930
943
953
970
991
1006
1017
1021
1017
1004
980
946
906
857
806
761
712
658
602
547
490
428
371
310
247
189
132
79
33
-7
-45
-84
-117
-145
-172
-195
-209
-216
-221
-228
-233
-235
-238
-240
-237
-240
-243
-253
-269
-289
-308
-328
-352
-374
-396
-419
-439
-461
-483
-505
-517
-531
-546
-557
-569
-587
-615
-638
-658
-676
-692
-707
-716
-716
-711
-700
-689
-675
-659
-640
-624
-605
-571
-534
-506
-481
-450
-416
-391
-368
-345
-325
-304
-281
-260
-240
-216
-189
-164
-137
-102
-59
-20
12
40
67
93
115
139
170
198
222
240
265
297
324
343
358
373
388
403
423
447
466
476
482
491
502
514
526
538
552
566
584
605
622
631
634
636
632
624
616
611
606
595
586
576
556
533
506
474
445
414
382
353
330
302
276
250
216
180
137
95
57
18
-19
-52
-80
-102
-118
-130
-143
-160
-179
-196
-208
-223
-237
-242
-241
-243
-246
-245
-249
-259
-270
-284
-295
-299
-301
-306
-320
-339
-355
-373
-395
-413
-429
-446
-461
-474
-481
-478
-474
-476
-478
-476
-472
-466
-457
-443
-422
-402
-384
-366
-343
-320
-302
-285
-267
-246
-226
-210
-196
-174
-150
-136
-122
-105
-87
-73
-59
-43
-29
-19
-5
8
23
45
70
94
113
135
161
184
201
220
240
253
267
278
287
296
305
311
314
318
322
325
330
333
332
334
337
337
334
337
343
345
342
341
345
349
348
350
355
359
359
355
352
355
358
360
359
358
352
333
308
280
248
211
174
138
105
78
51
22
-15
-52
-85
-117
-145
-168
-180
-190
-202
-207
-207
-212
-218
-226
-230
-232
-231
-228
-224
-222
-222
-224
-225
-231
-233
-236
-243
-250
-253
-254
-252
-255
-260
-268
-275
-283
-292
-301
-306
-307
-306
-302
-294
-285
-276
-266
-258
-250
-240
-226
-209
-194
-175
-152
-133
-118
-104
-90
-77
-69
-59
-46
-32
-20
-8
4
14
22
30
40
47
53
62
70
75
81
85
90
95
100
108
119
127
134
144
159
175
193
208
220
229
236
244
254
259
258
256
249
243
237
232
225
215
204
196
189
183
176
171
167
165
165
167
168
165
165
166
169
171
170
168
166
163
158
155
150
145
139
128
115
101
86
68
48
29
11
-12
-36
-59
-81
-104
-129
-151
-169
-185
-201
-213
-222
-230
-236
-238
-243
-249
-252
-248
-243
-238
-228
-222
-217
-217
-215
-211
-209
-212
-217
-217
-212
-210
-206
-202
-198
-198
-199
-198
-192
-182
-174
-167
-160
-149
-136
-124
-112
-98
-81
-65
-49
-31
-10
10
25
37
47
59
71
77
84
91
96
98
97
94
92
89
83
77
72
71
68
68
68
71
78
83
88
97
106
116
124
133
146
158
166
172
177
180
181
181
182
186
186
183
179
173
168
162
153
145
135
120
107
95
84
75
68
63
58
52
46
41
40
40
42
44
45
48
52
54
53
52
49
42
34
26
20
12
3
-8
-19
-29
-41
-54
-67
-81
-95
-112
-128
-142
-151
-162
-174
-182
-187
-190
-191
-192
-191
-186
-182
-178
-172
-160
-152
-146
-142
-137
-133
-130
-130
-130
-128
-128
-126
-122
-121
-120
-118
-118
-116
-113
-108
-103
-97
-89
-79
-70
-60
-51
-38
-25
-12
1
16
34
50
64
78
93
104
113
122
131
138
141
143
142
140
136
130
121
112
105
98
89
82
77
73
69
66
68
70
67
67
68
73
78
83
90
96
103
110
115
120
120
119
119
118
116
113
108
101
92
83
73
60
46
33
23
12
0
-10
-17
-23
-29
-32
-31
-32
-32
-32
-28
-23
-18
-13
-7
-2
0
2
4
4
2
-2
-6
-11
-18
-27
-36
-47
-56
-66
-75
-86
-96
-104
-109
-117
-123
-124
-125
-126
-124
-121
-118
-114
-110
-105
-99
-93
-87
-83
-77
-73
-68
-63
-62
-61
-59
-58
-58
-59
-60
-61
-62
-61
-59
-58
-57
-57
-53
-47
-42
-35
-24
-15
-6
4
17
29
40
50
63
76
86
95
103
110
113
116
117
115
113
111
107
103
98
90
82
72
63
56
50
44
37
33
33
31
29
28
28
29
30
34
41
47
54
57
63
68
72
73
73
72
71
68
66
61
56
48
39
30
23
14
5
-5
-11
-16
-21
-27
-32
-35
-38
-41
-43
-42
-42
-42
-41
-39
-37
-37
-35
-35
-36
-35
-33
-32
-32
-33
-34
-37
-41
-46
-47
-49
-51
-54
-58
-60
-62
-64
-65
-64
-63
-64
-62
-60
-59
-55
-53
-50
-45
-41
-35
-29
-26
-23
-21
-17
-15
-12
-9
-8
-9
-9
-8
-10
-11
-11
-13
-15
-17
-16
-15
-15
-14
-10
-8
-7
-3
1
5
10
17
23
27
33
41
46
52
57
61
64
66
67
69
69
68
65
63
61
56
51
48
44
41
36
32
31
26
24
24
24
23
21
23
24
24
26
26
27
27
29
30
31
30
28
28
25
24
23
20
16
12
8
5
2
-1
-6
-10
-14
