-4
-11
-18
-23
-30
-38
-43
-48
-54
-62
-68
-72
-77
-85
-90
-90
-90
-93
-93
-85
-73
-68
-60
-43
-24
-14
-5
15
33
40
43
57
68
63
52
50
43
21
-2
-14
-25
-50
-76
-92
-106
-127
-150
-162
-165
-180
-204
-221
-229
-243
-260
-255
-229
-200
-178
-150
-100
-47
3
64
143
216
259
290
329
368
406
463
562
675
778
877
984
1105
1231
1373
1516
1616
1664
1663
1599
1486
1352
1226
1073
859
628
397
158
-91
-306
-415
-498
-627
-744
-819
-868
-960
-1064
-1086
-1088
-1151
-1253
-1317
-1312
-1316
-1307
-1199
-1017
-810
-600
-346
-17
301
578
837
1073
1238
1269
1234
1177
1037
790
483
183
-124
-477
-807
-1061
-1247
-1427
-1610
-1722
-1754
-1761
-1787
-1788
-1708
-1632
-1628
-1636
-1544
-1383
-1301
-1224
-1035
-806
-627
-481
-229
89
307
449
612
786
850
801
790
769
636
441
280
150
-39
-251
-383
-476
-621
-781
-850
-854
-921
-1016
-1042
-1022
-1077
-1170
-1138
-1025
-940
-856
-701
-453
-246
-82
193
516
809
1039
1259
1527
1688
1789
1975
2220
2496
2717
2995
3357
3577
3755
4006
4313
4556
4563
4513
4408
4094
3630
3076
2607
2132
1459
770
125
-456
-1009
-1573
-1921
-2138
-2382
-2621
-2823
-2850
-2849
-2919
-2901
-2816
-2712
-2693
-2711
-2568
-2357
-2123
-1832
-1428
-865
-331
238
967
1733
2459
3028
3519
3947
4082
3990
3727
3319
2718
1804
842
-97
-1098
-2068
-2963
-3578
-4033
-4506
-4777
-4829
-4709
-4553
-4406
-4056
-3687
-3443
-3253
-3027
-2643
-2324
-2053
-1582
-1030
-495
-32
508
1219
1807
2251
2649
2971
3132
3001
2736
2450
2024
1434
763
164
-388
-1050
-1725
-2246
-2653
-3082
-3505
-3723
-3795
-3933
-4075
-4089
-3978
-3846
-3666
-3260
-2738
-2266
-1803
-1274
-628
12
675
1471
2251
2963
3538
4048
4663
5302
6015
6764
7456
8041
8330
8502
8703
8859
8932
8712
8274
7596
6540
5335
4068
2863
1665
350
-848
-2035
-3244
-4253
-4976
-5321
-5520
-5633
-5519
-5340
-5082
-4734
-4313
-3784
-3312
-2867
-2443
-2112
-1735
-1245
-637
35
752
1638
2623
3579
4488
5347
6100
6534
6555
6321
5850
4998
3739
2254
698
-1004
-2812
-4434
-5738
-6780
-7629
-8215
-8446
-8441
-8253
-7842
-7195
-6410
-5694
-5014
-4283
-3557
-2870
-2201
-1402
-531
241
999
1790
2590
3328
3965
4573
5068
5319
5277
4974
4526
3895
3011
1953
842
-251
-1427
-2654
-3675
-4435
-5063
-5638
-6018
-6097
-6087
-6060
-5906
-5568
-5190
-4968
-4677
-4223
-3709
-3210
-2744
-2048
-1312
-635
193
1059
2061
2952
3745
4649
5275
5912
6596
7384
8454
9211
9900
10411
10557
10784
10836
10951
10750
9859
8764
7144
5321
3378
1303
-299
-1925
-3419
-4714
-6007
-6791
-7377
-7428
-6923
-6510
-5945
-5433
-4719
-3818
-3217
-2378
-1454
-594
149
606
1387
2269
3103
4070
5022
6159
7124
7855
8601
9085
9229
8726
7669
6351
4565
2347
-243
-2908
-5424
-7901
-10096
-11766
-12725
-13020
-12810
-12021
-10830
-9429
-7953
-6429
-4799
-3369
-2313
-1492
-810
-277
29
293
754
1339
1948
2594
3351
4142
4707
5053
5261
5176
4660
3724
2633
1488
53
-1603
-3209
-4513
-5579
-6530
-7095
-7201
-7032
-6831
-6533
-5931
-5246
-4600
-3997
-3305
-2660
-2374
-2106
-1724
-1259
-874
-728
-408
33
577
1211
1835
2669
3256
3571
3926
4325
4900
5502
6499
7844
8857
9384
9562
9919
10421
10830
11087
10811
9838
8001
5753
3520
1254
-803
-2684
-4130
-5320
-6609
-7453
-7680
-7157
-6180
-5195
-4027
-3031
-2263
-1578
-989
-266
329
730
1156
1594
2195
2945
3862
5015
6119
7076
8007
8820
9349
9346
8722
7545
5613
3031
172
-2746
-5530
-8076
-10168
-11678
-12627
-12876
-12354
-11109
-9339
-7264
-5146
-3314
-1878
-826
-31
441
524
393
117
-163
-367
-344
108
760
1452
2194
2990
3671
3939
3854
3552
2934
1861
530
-823
-2205
-3577
-4877
-5875
-6528
-6917
-6899
-6592
-5950
-5122
-4368
-3506
-2767
-2164
-1708
-1475
-1145
-1102
-1301
-1554
-1963
-2171
-2478
-2562
-2316
-2167
-1687
-1277
-647
195
656
1490
2400
4114
6594
8478
10257
11099
11536
11989
11904
12559
12332
10983
9104
6098
3516
452
-2293
-3736
-5143
-5516
-6051
-6390
-5859
-5571
-4204
-2818
-1636
-547
-499
-72
-76
-351
-181
-138
564
1038
1696
3190
4730
6699
8493
10203
11683
12100
11963
11037
9376
6943
3571
-47
-3927
-7705
-10894
-13194
-14235
-14405
-13711
-12075
-9834
-7307
-4806
-2212
107
1525
2167
2269
1985
1210
102
-707
-1223
-1544
-1635
-1413
-647
257
1074
1902
2629
3194
3103
2449
1712
741
-460
-1841
-3095
-3996
-4813
-5562
-6055
-6120
-5845
-5346
-4677
-3823
-2804
-1933
-1005
-53
805
1582
1901
2100
2009
1452
815
14
-728
-1703
-2937
-3969
-4651
-4953
-5130
-5094
-5046
-4527
-3258
-862
3198
7047
10210
12177
13130
14490
15008
15710
15667
13509
10415
5338
593
-3680
-7782
-9648
-10927
-10581
-9751
-9283
-7370
-5634
-2968
-476
984
2352
1929
1293
293
-844
-1051
-1436
-650
548
2138
4608
7105
10523
13472
15576
16797
16532
15539
13009
9515
5349
261
-4927
-10216
-14440
-17293
-18849
-18702
-17367
-14803
-11606
-8018
-4006
-207
3244
5761
7110
7363
6608
5397
3916
2516
1305
131
-753
-1134
-938
-378
388
1308
2216
2795
2932
2828
2382
1507
233
-1249
-2759
-4467
-6102
-7432
-8470
-9217
-9614
-9337
-8544
-7325
-5682
-3676
-1374
838
2932
4482
5416
5820
5480
4876
3630
2000
262
-1782
-3410
-5026
-5947
-6020
-5993
-5360
-4675
-3106
-709
2219
6352
9778
12167
12909
12425
12319
11573
10867
9028
5657
1868
-3018
-7018
-10181
-12089
-11984
-11356
-9263
-7201
-5505
-3302
-1411
973
2292
2516
2257
902
-80
-1002
-1280
-413
899
3193
5612
8388
11564
14181
16426
17603
17493
15979
12961
9303
5024
321
-4400
-9015
-12954
-16137
-18265
-18751
-17682
-15381
-12520
-9322
-5722
-2316
645
3150
5206
6587
6836
6233
5135
3839
2532
1284
319
-507
-1153
-1410
-1228
-748
-199
568
1498
2358
2920
3145
3176
2732
1750
351
-1415
-3231
-5039
-6598
-7676
-8382
-8411
-7590
-6005
-3903
-1799
438
2804
4655
5754
6008
5498
4317
2387
350
-1354
-3027
-4491
-5471
-5798
-5409
-4876
-3816
-2103
-705
686
2042
4336
8656
13102
16423
17092
15557
14036
12386
11760
10744
7324
2203
-4589
-10578
-15256
-18642
-19249
-18269
-15528
-12404
-10145
-7811
-5597
-2679
-282
831
1084
-7
-1037
-1661
-1331
179
2317
5438
8374
11038
13343
14968
16305
16312
14818
11718
7587
3400
-1091
-4942
-7908
-10217
-12097
-13808
-14370
-13691
-11877
-9377
-6799
-4041
-1735
73
1619
3128
4698
5711
6195
6058
5234
4054
2833
1887
931
-285
-1685
-2734
-3155
-3142
-2679
-1813
-342
1121
2152
3095
3588
3534
2515
769
-932
-2909
-4752
-6098
-6814
-6722
-6125
-4635
-2266
197
2379
4280
5829
6719
6517
5378
3709
1369
-1156
-3478
-5126
-5870
-6293
-6058
-5453
-4345
-2836
-1422
109
884
1657
2751
5234
9813
13937
16995
17507
16554
15720
14576
14641
13108
9395
3799
-3743
-10110
-15951
-19275
-19736
-18651
-15473
-13125
-10753
-8306
-5798
-2278
78
1942
2259
1491
1222
712
1398
2744
5052
7795
9362
10749
11294
11247
10569
8804
6467
2916
-1245
-5451
-9055
-11202
-12392
-12967
-13110
-12892
-12224
-10798
-8546
-5923
-3540
-1633
98
1469
2675
3922
5113
6131
6398
5960
4968
3811
2731
1487
319
-870
-2067
-3125
-3785
-3805
-3405
-2579
-1498
-398
444
879
841
248
-523
-1670
-3008
-3984
-4425
-4104
-3507
-2372
-516
1467
3550
5384
6937
8005
8048
7162
5582
3671
1528
-720
-2580
-3850
-4907
-5274
-4699
-3919
-2768
-1771
-586
276
-18
383
1368
4747
10201
14826
18240
17985
16347
14879
13807
14374
12200
7874
1662
-5983
-12102
-17713
-19727
-18868
-16552
-12446
-9678
-6934
-4619
-2159
953
2286
2801
1835
720
511
412
1610
3572
6495
8904
9721
10087
9778
8899
6715
3665
143
-3837
-7246
-9989
-11228
-11235
-10449
-9231
-8443
-7538
-6960
-6535
-5830
-5141
-4379
-3846
-2966
-1621
-31
1983
4190
6208
7230
6987
5675
3953
2372
631
-1216
-2886
-3927
-4290
-4170
-3191
-1617
-15
1242
1727
1526
803
-453
-1969
-3711
-5525
-6845
-7284
-6459
-4926
-3301
-1308
943
3055
4463
5142
5354
4927
3900
2240
578
-665
-1557
-2115
-2489
-2289
-2174
-1838
-1026
-623
-98
-152
133
567
-76
353
1285
4705
11209
17320
22294
22963
21220
19224
16560
15606
12528
6797
-294
-8307
-13858
-18365
-20094
-18463
-15476
-10642
-6777
-3694
-1076
1118
3527
4064
3588
2285
1223
1737
2923
5218
7542
10203
12412
12227
10635
7824
4814
1396
-2869
-6854
-10310
-11985
-11878
-10312
-7642
-4936
-2712
-2053
-2801
-4470
-6512
-8241
-9857
-11075
-11721
-11026
-8673
-5358
-1478
2205
5313
6987
6644
5066
2657
28
-2218
-3995
-5026
-5231
-4295
-2319
-312
1451
2799
3368
2883
1247
-917
-2974
-4391
-5329
-5940
-5438
-3645
-1107
1364
3399
4969
5434
4990
3917
2215
500
-1089
-2162
-2942
-3580
-3527
-3148
-1978
-624
55
497
464
341
-109
-668
-505
-73
554
1402
1748
1725
2432
4435
9135
15335
20302
22277
19984
16530
13548
11813
11524
9413
5362
-827
-7622
-12585
-15763
-15543
-13219
-9896
-6266
-4485
-3601
-2787
-1098
722
1258
1402
1160
1427
2546
4447
7170
9450
11038
10770
8562
5775
2941
807
-1137
-3004
-4573
-5412
-4938
-3641
-1508
814
2264
1738
-953
-4403
-7786
-10346
-11926
-12474
-11828
-10317
-7831
-4928
-1920
831
2658
3439
2665
509
-2104
-4197
-5242
-5389
-5013
-4078
-2416
-831
428
1311
1565
1201
-221
-1849
-2969
-3774
-4039
-3959
-3251
-2082
-937
214
1042
1439
967
-225
-1331
-2265
-2773
-3028
-2856
-2203
-1701
-1105
-612
3
680
587
-281
-1528
-2384
-3128
-3339
-2731
-1964
-1079
-521
390
789
889
2217
4649
9893
16242
21126
22812
20783
18253
15594
14296
14024
11296
6294
-401
-6481
-10876
-13556
-12789
-10030
-6348
-2717
-928
-459
-201
647
955
387
12
-205
250
1738
4082
6317
7996
9334
9042
6979
4287
1735
-469
-2234
-2973
-2630
-1165
988
2901
4296
5291
5227
2945
-1127
-5690
-9678
-12619
-14415
-14589
-13008
-10280
-7187
-4198
-1490
903
2479
2659
1335
-1389
-4201
-5912
-6447
-5971
-4893
-3357
-1745
-487
-2
-401
-1065
-2109
-3457
-4442
-4646
-3812
-2566
-1219
172
1176
1960
2377
2117
1058
-728
-2849
-4554
-5187
-4906
-3912
-2433
-885
205
866
1167
896
344
-509
-1349
-2079
-2572
-2648
-2591
-2223
-2019
-1902
-1895
-1840
-1986
-2636
-1901
311
5453
13200
20159
24151
23191
20242
17087
14590
13721
11242
6844
733
-5795
-10593
-13334
-12481
-9622
-6158
-2526
-732
-831
-1476
-749
236
202
179
167
922
2553
4637
6663
7994
8912
8256
5751
3019
969
-310
-691
153
1341
2438
3791
4815
5287
5500
5125
2857
-1422
-6174
-10286
-12749
-13302
-12233
-10034
-7314
-4074
-1647
-349
826
1474
1168
-384
-2324
-3515
-3950
-3532
-2624
-1519
-372
52
-189
-913
-2077
-3394
-4833
-5653
-5679
-5071
-3662
-2123
-947
-459
-601
-1004
-1825
-2732
-3644
-4449
-4794
-4975
-4344
-2775
-925
756
1507
1690
1398
681
-67
-995
-1704
-2407
-2813
-2774
-2688
-2441
-2420
-2468
-3020
-3836
-4234
-3888
-3140
-2260
-92
3603
10145
17481
22677
24605
22146
18084
13712
11026
9923
7033
2661
-2637
-6986
-9742
-10983
-9649
-7035
-3847
-1318
-763
-1359
-1576
-424
732
1361
2078
2936
4253
5702
7195
7861
7678
7432
5979
3791
1663
362
166
378
1728
3186
4352
5168
4763
3801
2521
1133
-1238
-4918
-8191
-10507
-11789
-11689
-10088
-7352
-4643
-2529
-1202
-594
-104
37
-333
-883
-1360
-1480
-1196
-191
1243
1869
1522
610
-769
-2506
-4367
-5831
-6678
-6687
-5768
-4269
-2810
-1935
-1619
-1920
-2680
-3523
-4276
-4559
-4217
-3725
-3287
-2468
-1039
715
1716
1769
1416
637
-234
-1067
-1683
-2269
-2648
-2836
-2790
-2352
-2259
-2279
-2638
-2976
-3465
-3945
-3371
-2232
-1235
-395
1496
4641
9852
16122
20554
21143
17720
13372
9338
7245
6886
5285
2101
-1911
-5261
-7932
-9278
-7871
-5301
-2646
-254
920
637
230
1093
1808
1481
1394
1838
2503
3288
4160
4778
5022
5356
4950
3352
1808
1158
1180
1426
2291
3522
4496
5127
4894
3973
2788
1552
-256
-3368
-6668
-8959
-10019
-10064
-9250
-7365
-5026
-3181
-1975
-1180
-581
-83
168
395
584
847
1620
2269
2760
2644
1556
346
-1050
-2400
-3837
-4964
-5014
-4538
-3540
-2530
-1950
-1943
-2754
-3941
-5440
-6410
-6236
-5352
-4056
-2800
-1487
-292
717
1447
1261
483
-512
-1061
-1322
-1739
-1937
-2005
-1692
-1519
-1397
-1254
-1458
-2038
-2718
-2944
-3483
-3558
-3236
-2459
-1264
-272
1762
4029
8171
13576
16962
17345
14130
10202
6498
4697
5208
4362
2257
-571
-2964
-5249
-6851
-5435
-3359
-1255
690
1440
1030
-143
120
336
-375
-217
241
1040
1938
2930
3588
3625
4557
4450
2654
1306
924
1215
1346
2803
5144
6160
6500
6000
4793
3321
1632
-433
-3655
-6786
-8910
-10230
-10226
-8921
-7119
-5348
-3489
-1958
-1304
-1081
-330
509
817
1151
1662
2450
2949
2848
2184
1054
149
-978
-2275
-3310
-3902
-3842
-3373
-2513
-1826
-1690
-1975
-2643
-3558
-4388
-4402
-3479
-2198
-1342
-1255
-1393
-1369
-1406
-1753
-2269
-2618
-2734
-2642
-2043
-1118
-88
671
755
785
716
289
-484
-1437
-2128
-2662
-2713
-2223
-1748
-1353
-668
150
578
1138
2200
4486
8032
11126
12406
11073
8772
6834
5389
5236
5405
4907
3366
1570
347
-981
-1914
-2155
-1846
-1108
-475
-134
-625
-1512
-2416
-3551
-3812
-3004
-1578
-204
456
884
1013
1249
1983
2568
3213
3959
4641
5380
6265
7355
8078
8030
6853
4713
2391
0
-2576
-5300
-7455
-8587
-9184
-9244
-8652
-7570
-6184
-4795
-3413
-2230
-1141
-84
581
963
1189
1471
1826
2034
1884
1247
327
-688
-1844
-2861
-3284
-3232
-2943
-2381
-1470
-675
-283
-224
-550
-974
-1297
-1398
-1254
-1330
-1923
-2780
-3396
-3471
-3574
-3688
-3275
-2658
-2052
-1493
-705
181
663
816
468
-99
-374
-499
-435
-169
119
158
73
228
386
394
438
582
409
122
485
1587
3526
5819
7516
7872
6903
5642
4570
4074
4203
4123
3563
2731
1935
1207
414
12
74
295
685
850
443
-365
-1346
-2318
-3071
-3410
-3366
-2977
-2176
-1108
-384
44
804
1598
2176
2544
2837
3131
3179
3217
3151
2905
2618
2216
1768
1111
191
-993
-2280
-3425
-4340
-4737
-4430
-3560
-2577
-1792
-1123
-541
-175
133
444
607
536
66
-360
-572
-902
-1308
-1867
-2395
-2809
-3107
-2788
-2144
-1659
-1107
-401
436
956
969
867
662
336
-266
-1157
-1785
-2062
-2275
-2391
-2266
-1856
-1485
-1270
-1043
-940
-873
-800
-751
-718
-794
-852
-859
-634
-247
-170
-336
-686
-1100
-1461
-1778
-1737
-1576
-1484
-1399
-1223
-843
-372
325
1034
1633
2121
2590
3269
3761
3821
3358
2691
2621
3017
3638
4313
4710
4791
4369
3974
3993
4136
4170
3682
2951
2316
1691
1144
675
381
242
166
192
224
216
72
-155
-454
-875
-1362
-1830
-2057
-2213
-2307
-2110
-1643
-1168
-1061
-1177
-1300
-1353
-1356
-1447
-1358
-1099
-834
-503
-41
701
1344
1627
1608
1285
802
96
-570
-1092
-1670
-2089
-2340
-2405
-2408
-2402
-2172
-1940
-1740
-1630
-1567
-1337
-1112
-927
-876
-805
-669
-783
-998
-1260
-1464
-1494
-1447
-1285
-1129
-977
-844
-722
-522
-368
-220
-58
45
89
69
266
601
851
1012
881
529
44
-372
-496
-492
-400
-285
-226
-172
-134
55
369
650
832
822
708
444
171
141
543
1151
1542
1770
1861
1872
2000
2480
3286
3954
4076
3765
3297
2925
2767
2758
2870
2801
2409
1870
1451
1358
1375
1251
933
417
-126
-621
-995
-1250
-1582
-1924
-2078
-2059
-1951
-1749
-1508
-1202
-1015
-1057
-1200
-1415
-1562
-1572
-1406
-958
-335
226
587
683
661
524
251
39
-83
-321
-825
-1331
-1592
-1680
-1742
-1777
-1681
-1568
-1459
-1244
-995
-771
-749
-846
-875
-914
-944
-1047
-1067
-974
-989
-953
-800
-654
-663
-818
-875
-846
-848
-745
-513
-249
-47
95
315
563
686
734
752
817
837
671
455
226
31
-84
-104
-61
-153
-342
-441
-439
-427
-425
-260
-30
5
-100
-218
-256
-288
-366
-359
-206
39
431
1018
1731
2342
2547
2444
2311
2328
2481
2668
2841
2892
2702
2320
2065
2073
2152
2120
1918
1572
1155
677
261
0
-198
-373
-557
-693
-756
-836
-904
-882
-785
-711
-719
-749
-849
-1063
-1245
-1144
-829
-548
-333
-111
198
406
519
539
429
233
-113
-373
-444
-376
-314
-383
-435
-534
-702
-811
-793
-763
-909
-1127
-1240
-1293
-1380
-1508
-1623
-1729
-1850
-1960
-1946
-1783
-1586
-1440
-1307
-1083
-873
-801
-743
-572
-359
-241
-193
-79
59
106
142
267
427
528
533
490
433
336
285
359
467
506
400
310
343
325
256
205
210
153
-42
-225
-337
-447
-614
-695
-662
-569
-449
-265
75
379
593
713
842
1113
1323
1469
1519
1484
1486
1615
1990
2412
2616
2579
2313
1888
1527
1338
1297
1264
1157
1070
1036
1032
1020
945
757
549
356
213
107
-91
-325
-557
-708
-707
-643
-492
-368
-420
-546
-607
-592
-659
-841
-992
-1058
-1034
-907
-778
-737
-792
-926
-991
-912
-708
-470
-343
-328
-415
-542
-602
-628
-690
-827
-957
-989
-960
-963
-1000
-1004
-1010
-1008
-984
-949
-879
-818
-758
-641
-458
-267
-188
-218
-220
-225
-251
-235
-164
-66
-87
-190
-214
-185
-151
-124
-65
25
64
116
239
401
546
655
772
836
781
612
443
335
207
72
16
74
156
207
270
299
250
144
23
-46
-142
-222
-141
38
251
476
745
1035
1191
1163
1064
978
966
1042
1204
1410
1519
1466
1394
1411
1431
1398
1311
1180
962
712
588
576
533
370
197
111
106
103
59
21
-44
-160
-318
-447
-485
-517
-587
-650
-638
-620
-697
-800
-892
-946
-958
-921
-799
-692
-664
-670
-677
-632
-551
-499
-464
-493
-587
-669
-686
-631
-563
-535
-518
-483
-494
-563
-640
-696
-732
-791
-829
-784
-715
-657
-616
-573
-499
-441
-420
-394
-380
-389
-390
-336
-214
-117
-50
34
116
174
187
214
282
328
347
365
394
412
390
361
360
346
310
298
315
348
336
282
250
212
131
10
-64
-54
-15
29
90
152
135
59
15
1
25
92
219
453
704
946
1159
1283
1369
1388
1385
1401
1371
1275
1112
952
851
783
770
786
759
672
580
495
394
271
138
28
-68
-123
-133
-137
-161
-233
-285
-325
-389
-462
-560
-632
-672
-670
-591
-515
-492
-497
-505
-491
-510
-560
-576
-587
-597
-566
-472
-350
-286
-282
-287
-306
-384
-496
-561
-586
-620
-647
-606
-531
-521
-587
-658
-702
-752
-798
-815
-771
-700
-637
-545
-422
-291
-182
-88
-7
20
-5
-17
24
79
120
175
247
291
279
243
218
212
210
213
232
264
316
345
356
350
291
196
106
67
60
55
80
121
131
81
14
-16
-18
7
66
156
239
256
261
286
325
368
404
453
511
553
614
679
701
686
668
713
783
811
813
777
699
590
491
468
472
457
439
428
434
394
298
199
89
-32
-147
-210
-217
-229
-250
-234
-187
-162
-199
-252
-318
-416
-510
-538
-480
-422
-401
-395
-381
-371
-407
-461
-502
-544
-606
-658
-628
-521
-426
-378
-361
-358
-356
-367
-369
-343
-331
-348
-374
-378
-361
-362
-370
-364
-354
-365
-388
-394
-365
-318
-255
-159
-58
24
67
83
95
90
94
111
143
178
194
216
245
259
245
198
156
123
83
57
66
100
119
104
96
104
120
143
186
240
264
251
237
245
264
275
278
277
256
210
167
145
130
90
48
33
31
27
31
76
172
282
380
462
513
513
483
495
566
626
621
566
488
392
304
259
249
246
230
205
194
190
176
150
111
63
6
-46
-71
-89
-132
-186
-238
-281
-329
-379
-438
-517
-599
-639
-622
-572
-508
-459
-423
-401
-393
-367
-346
-350
-368
-368
-322
-267
-227
-190
-167
-161
-165
-159
-149
-164
-186
-178
-147
-126
-122
-117
-110
-132
-168
-163
-130
-107
-109
-87
-21
29
51
73
90
71
9
-34
-27
-11
-4
11
47
85
107
126
151
164
166
176
195
216
214
200
191
184
168
143
121
100
73
51
37
23
9
-9
-14
-15
-21
-18
-16
-6
19
45
84
115
123
109
82
82
102
113
138
187
258
320
348
365
374
376
390
425
473
494
470
434
399
367
351
345
330
281
202
130
78
19
-43
-102
-144
-178
-216
-238
-257
-278
-299
-309
-288
-268
-272
-291
-309
-323
-338
-342
-328
-333
-354
-358
-327
-294
-288
-291
-280
-263
-237
-198
-149
-112
-106
-108
-99
-92
-99
-115
-112
-99
-107
-119
-112
-101
-101
-119
-128
-118
-113
-111
-94
-51
2
41
61
84
109
121
121
122
127
121
103
93
92
86
77
76
84
87
91
106
124
130
118
104
94
79
59
43
43
46
35
23
20
15
-10
-44
-68
-80
-99
-113
-102
-72
-51
-51
-53
-52
-52
-57
-46
-12
24
53
92
147
194
220
242
283
328
347
333
305
268
233
221
248
289
295
259
216
198
194
190
190
190
171
135
108
103
85
34
-23
-64
-103
-147
-188
-217
-241
-269
-285
-275
-260
-242
-230
-214
-190
-179
-172
-160
-150
-146
-146
-131
-115
-112
-118
-126
-134
-142
-138
-125
-114
-111
-111
-106
-93
-70
-38
-5
9
5
-7
-16
-24
-37
-46
-53
-58
-59
-49
-28
-20
-21
-15
2
20
37
60
79
75
56
51
63
68
58
53
63
67
57
50
45
26
-6
-26
-27
-35
-56
-76
-84
-89
-92
-93
-89
-95
-107
-113
-110
-101
-88
-69
-43
-18
4
21
37
45
44
41
43
47
55
68
84
106
125
143
158
172
184
191
200
216
234
239
227
224
228
233
228
212
186
147
101
71
63
63
57
48
46
43
28
7
-11
-33
-57
-72
-75
-80
-96
-114
-123
-121
-113
-102
-89
-87
-92
-96
-86
-66
-52
-45
-37
-32
-35
-41
-42
-47
-65
-85
-89
-88
-94
-105
-105
-100
-97
-90
-69
-49
-38
-29
-7
20
33
37
42
45
38
27
27
30
22
5
-6
-7
-15
-33
-47
-53
-59
-73
-85
-84
-75
-75
-78
-79
-78
-84
-92
-93
-91
-96
-101
-96
-85
-79
-83
-80
-77
-78
-85
-86
-78
-74
-72
-62
-41
-21
-7
7
27
46
57
67
84
102
110
110
121
137
144
140
141
148
144
131
126
132
139
142
151
173
189
187
177
167
157
141
128
125
124
110
85
68
56
43
29
24
32
35
29
25
28
31
27
27
33
32
12
-6
-12
-11
-19
-34
-47
-62
-85
-102
-107
-104
-104
-110
-110
-106
-96
-89
-80
-73
-68
-67
-61
-48
-38
-32
-23
-8
-1
-5
-10
-15
-20
-22
-22
-22
-27
-35
-34
-32
-31
-33
-35
-40
-49
-57
-57
-55
-54
-57
-55
-55
-59
-61
-64
-71
-84
-95
-103
-115
-137
-148
-150
-151
-151
-144
-127
-116
-115
-111
-98
-83
-75
-64
-41
-22
-12
-3
18
39
54
65
77
84
82
82
92
104
113
118
129
137
140
139
138
139
133
124
117
106
93
82
80
88
96
99
101
101
105
112
121
138
148
147
141
138
143
140
128
118
114
107
97
87
85
77
60
49
47
44
29
11
1
-8
-18
-27
-30
-36
-53
-69
-77
-82
-93
-102
-108
-114
-121
-126
-119
-109
-104
-102
-97
-88
-80
-73
-65
-59
-59
-61
-55
-48
-43
-39
-35
-30
-31
-34
-34
-30
-36
-45
-51
-55
-64
-77
-86
-94
-103
-111
-112
-107
-106
-109
-107
-101
-99
-104
-106
-102
-98
-101
-103
-94
-81
-70
-64
-53
-39
-28
-22
-11
4
16
25
37
53
66
71
76
82
83
77
74
78
77
68
61
61
64
61
62
69
74
75
75
84
95
96
96
101
110
109
102
102
110
117
117
118
125
125
117
112
117
123
120
114
113
113
105
96
94
94
86
73
64
60
51
34
20
13
5
-10
-23
-29
-33
-42
-51
-51
-51
-58
-67
-67
-65
-70
-81
-85
-82
-81
-83
-79
-72
-72
-77
-78
-74
-75
-80
-83
-81
-77
-76
-74
-71
-68
-69
-72
-69
-65
-66
-68
-68
-67
-73
-77
-81
-85
-92
-98
-99
-100
-99
-100
-95
-91
-90
-86
-81
-75
-71
-64
-52
-42
-39
-35
-30
-26
-24
-20
-15
-13
-13
-10
-4
1
5
14
25
35
42
52
64
70
75
85
98
103
102
107
112
110
105
102
102
98
93
90
88
83
79
77
80
81
81
82
86
91
93
95
99
99
98
99
100
99
95
92
91
87
82
75
70
65
58
50
48
48
46
39
33
29
22
6
-4
-9
-14
-23
-33
-35
-40
-52
-64
-69
-73
-84
-95
-100
-101
-104
-107
-104
-97
-96
-99
-96
-89
-87
-84
-79
-73
-71
-71
-68
-62
-60
-61
-60
-59
-59
-63
-66
-64
-65
-67
-66
-63
-62
-63
-61
-57
-56
-58
-58
-57
-57
-60
-60
-58
-59
-63
-64
-59
-53
-49
-41
-29
-22
-18
-14
-3
5
10
15
25
35
40
43
50
57
60
60
60
62
63
62
63
69
73
75
76
79
81
80
78
81
83
82
79
82
86
83
81
83
84
84
85
86
89
89
86
87
90
90
86
83
83
80
70
62
58
55
48
41
38
36
27
19
16
14
8
-1
-6
-9
-14
-22
-26
-25
-27
-32
-38
-41
-43
-51
-56
-58
-60
-67
-74
-77
-77
-81
-85
-85
-80
-81
-82
-81
-75
-73
-74
-71
-66
-62
-62
-62
-59
-57
-61
-61
-62
-62
-64
-66
-65
-63
-62
-62
-59
-54
-51
-49
-43
-37
-33
-30
-28
-23
-20
-19
-16
-12
-11
-13
-13
-13
-14
-14
-13
-12
-11
-12
-7
-1
4
8
15
21
25
28
33
37
41
45
49
53
57
61
66
68
69
71
74
75
74
75
79
81
80
81
85
85
83
83
84
82
76
72
72
70
65
61
60
57
51
46
43
39
34
29
27
26
24
23
25
27
26
24
23
22
17
11
9
6
2
-4
-8
-10
-15
-22
-27
-31
-34
-41
-45
-47
-49
-54
-59
-61
-60
-62
-66
-66
-64
-66
-71
-73
-72
-72
-75
-74
-70
-67
-68
-65
-60
-57
-57
-56
-52
-50
-51
-50
-47
-41
-40
-39
-34
-31
-30
-31
-29
-28
-28
-29
-26
-23
-21
-20
-17
-13
-13
-13
-12
-10
-12
-12
-10
-5
-2
1
7
12
14
16
20
24
25
26
31
36
37
39
44
50
51
51
52
54
54
51
