-11
-35
-45
-38
-33
-40
-45
-26
-2
-2
-30
-52
-34
5
29
41
59
74
63
23
22
93
183
244
218
144
65
8
29
129
252
244
33
-254
-375
-276
-114
-53
-138
-266
-394
-495
-533
-457
-284
-148
-168
-301
-382
-376
-312
-221
-77
109
182
100
-69
-160
-46
151
361
444
392
258
2
-142
-132
58
266
251
65
-215
-397
-460
-368
-190
-1
145
80
-124
-298
-335
-51
309
660
1171
1398
1296
590
-74
240
1480
2920
3022
1657
-144
-676
251
1395
1757
1122
516
107
-491
-1379
-1853
-1209
-103
24
-1106
-2124
-2173
-1788
-1788
-1966
-1362
-152
353
-311
-1292
-1331
-340
617
1112
1562
1876
1604
739
225
997
2494
3428
3203
2081
844
108
4
892
2043
2130
434
-2194
-3528
-2884
-1498
-973
-1567
-2564
-3251
-3743
-4027
-3618
-2658
-1680
-1536
-2190
-2665
-2482
-1918
-1262
-672
19
631
532
-5
-444
-197
732
1721
2278
2182
1527
607
224
389
1155
1812
1689
1083
79
-441
-569
-156
529
861
746
93
-326
-400
-23
453
817
1063
1591
2507
2780
2216
780
328
1649
4020
5687
4521
1597
-865
-535
1583
3210
2968
1361
369
-321
-1147
-2291
-2463
-940
311
-434
-2604
-3770
-3297
-2520
-2594
-2740
-1609
-282
-288
-1715
-2754
-1815
-66
943
1178
1488
1785
1320
288
185
1879
3821
4244
2861
1052
329
518
1043
1591
1648
809
-1036
-2882
-3458
-2862
-2090
-2032
-2676
-3547
-4274
-4700
-4642
-4031
-3188
-2569
-2537
-2914
-3075
-2760
-2073
-1261
-576
160
628
584
195
-51
656
1985
3143
3367
2704
1929
1480
1532
1902
2409
2594
2112
1157
319
108
329
704
840
727
626
300
-8
-194
-26
598
945
1228
2257
3260
3479
2012
-66
166
2800
6467
7279
4133
-185
-2032
185
3205
4299
2531
622
-10
-759
-2292
-3883
-3039
-583
188
-2060
-4875
-5446
-4193
-3480
-4048
-3703
-1732
-355
-1380
-3644
-4003
-1702
650
1366
1331
1598
1861
1031
-196
694
3394
5528
5273
2931
1213
668
891
1710
2811
3435
1900
-1403
-4065
-4007
-2165
-926
-1322
-2859
-4117
-4945
-5413
-5097
-4063
-2690
-2213
-2997
-3905
-3932
-2977
-1861
-977
-339
226
402
17
-261
-86
1102
2452
3279
3327
2563
1882
1346
1710
2310
3005
3198
2360
1403
315
273
680
1260
1357
951
626
-11
-180
-439
-18
699
885
1679
2645
3280
2610
203
-971
769
4725
7568
5956
1390
-2357
-1871
1328
4064
4005
1859
479
-531
-1769
-3375
-3647
-1529
530
-204
-3309
-5707
-5544
-4035
-3465
-3595
-2641
-985
-877
-2788
-4539
-3626
-680
1286
1539
1293
1241
1162
193
-80
2042
5121
6633
4983
2119
521
862
2410
4040
4809
3459
252
-3016
-3785
-1978
-145
-115
-1964
-3902
-4908
-5312
-5123
-4508
-3551
-2883
-3411
-4543
-5124
-4521
-3250
-2112
-1525
-1212
-1066
-1208
-1249
-1098
-75
1320
2419
2757
2329
1869
1546
1955
2580
3200
3500
3151
2548
1737
1353
1411
1833
2309
2030
1664
993
381
278
-46
652
1121
1728
2892
2925
2337
56
-1397
-109
3614
7200
6055
1535
-3214
-3196
765
3905
4171
1345
-93
-117
-914
-2806
-4049
-2053
765
869
-2379
-5327
-5212
-3613
-2888
-3431
-2728
-760
-360
-2430
-4683
-4039
-854
1579
1569
817
671
825
415
-77
1487
4513
6290
5320
2592
808
976
2329
4086
5265
4736
1938
-1774
-3583
-2116
593
1446
-223
-2945
-4806
-5310
-4893
-3936
-3018
-2660
-3383
-4815
-5771
-5361
-4082
-2850
-2140
-2137
-2314
-2518
-2555
-2078
-1143
216
1295
1603
1457
1067
1004
1456
2249
3011
3333
3159
2439
1820
1405
1498
2310
2976
3141
2286
947
147
156
843
1652
2075
2104
2912
3102
2194
229
-1467
238
4154
7590
6198
863
-3773
-3496
1164
4620
4562
1203
-794
-512
-785
-2374
-3739
-2065
778
965
-2348
-5598
-5590
-3678
-2636
-3099
-2604
-653
-411
-2729
-4943
-4016
-522
1980
1848
771
492
591
326
335
2074
5018
5937
4259
2527
1775
2524
3064
3217
3812
4192
3302
23
-2706
-2836
-534
1029
-94
-2449
-4921
-5650
-5167
-4438
-3514
-3079
-3845
-5537
-6650
-6059
-4504
-3173
-2690
-2912
-3322
-3524
-3296
-2823
-1482
55
822
1017
688
494
824
1677
2767
3440
3506
3038
2638
2392
2590
3067
3176
3652
3471
2814
2186
1399
1759
2068
2496
2597
2920
4382
4385
2918
-207
-1205
1468
5845
8480
4972
-610
-4387
-2695
2291
4840
3609
-170
-1714
-1156
-1116
-2846
-4105
-2223
233
151
-3280
-6317
-5738
-3757
-2984
-3512
-2788
-871
-1040
-3655
-5541
-3618
162
2147
1305
-69
124
579
497
767
2993
5786
5751
3232
974
1163
2999
4310
4324
3391
2381
630
-1273
-1867
-774
736
351
-1516
-3630
-4974
-5187
-4560
-3636
-2994
-3134
-4681
-6511
-7064
-5871
-3971
-2743
-2470
-3080
-3940
-4399
-4013
-2676
-672
1114
1343
502
-488
-416
1021
2576
3876
4002
3247
2430
2037
2764
3815
4607
4534
3996
3593
3237
3150
2982
2960
3126
3352
4008
5497
5838
3890
385
-1527
1252
6345
9389
5957
-862
-5216
-3664
1682
4564
3423
-640
-2669
-2312
-2421
-3590
-4665
-2859
-528
-898
-4014
-7005
-6566
-4304
-3277
-3697
-3289
-1554
-1365
-3396
-5220
-3983
-285
2162
1808
379
-10
451
657
1107
3249
5760
6099
4048
1672
1601
3269
4403
4436
4179
3790
2116
-851
-2689
-1422
1331
2237
-179
-3854
-5499
-5037
-4099
-3426
-3115
-3044
-3959
-5822
-7152
-6745
-4796
-2997
-2533
-3046
-3727
-4481
-4935
-4111
-1927
458
1594
749
-970
-1433
-240
1833
3431
4017
3842
2702
1853
1831
2794
4310
5163
4819
3674
3038
2645
2851
2807
2974
3600
4425
6289
6160
4022
363
-1491
1339
6630
10505
7228
-188
-5674
-4605
1543
5426
4531
131
-2482
-2387
-2748
-4263
-5026
-2437
404
-318
-4488
-8143
-7237
-4499
-3212
-3745
-3692
-1851
-1883
-4294
-6186
-4398
-189
2206
1451
-293
-204
393
309
397
2740
6571
7451
4634
1004
406
2946
5711
6691
5536
3821
1372
-1093
-1673
143
2761
2600
-254
-3486
-5149
-4734
-3767
-3040
-2592
-2497
-3738
-6149
-7663
-6935
-4686
-2932
-2611
-3354
-4411
-5191
-5285
-4558
-2553
-176
692
95
-1251
-1724
-965
560
2492
3776
3936
2917
1729
1258
2209
3924
5232
5433
4534
3265
2228
2300
3041
4298
4907
5745
6869
5982
3686
118
-268
3848
9164
11045
5516
-1845
-5352
-2272
3252
5390
3457
-478
-1851
-2329
-3895
-5684
-5126
-1134
1065
-1408
-6782
-9873
-7775
-4305
-3147
-4031
-3990
-2925
-3775
-6049
-6436
-3306
739
1926
275
-1169
-665
313
555
1624
4878
7543
6080
2052
-259
1809
5983
7873
6553
3850
2117
1022
-110
18
1947
3698
2747
-782
-4429
-5456
-3996
-2194
-1644
-2288
-3361
-5105
-7001
-7394
-5890
-3746
-2572
-3157
-4422
-5204
-5417
-5030
-3759
-1629
83
-181
-1753
-2580
-1744
55
1317
1973
2466
2758
2299
1356
1448
2495
4245
5163
4923
4283
3000
2471
2619
3712
5239
5420
5552
5999
5754
4171
1330
950
4272
9065
10428
5185
-1596
-4514
-935
4264
5614
2805
-1267
-2025
-1639
-2748
-5016
-5111
-1590
583
-1644
-6969
-9816
-7459
-4001
-3033
-4398
-4537
-3476
-4251
-6257
-6418
-2960
1018
1636
-730
-2200
-1029
628
1092
1898
4414
6500
5249
1620
204
2399
6051
7233
5407
3524
2557
1751
147
-212
1610
3761
3324
-371
-3955
-5038
-3416
-1512
-1228
-1886
-3150
-5042
-6909
-7208
-5494
-3221
-2379
-3522
-5112
-5861
-5567
-4782
-3667
-1955
-889
-1516
-2666
-3051
-1865
-191
651
877
1187
2001
1977
1511
1202
2053
3817
4638
4713
3804
3206
3142
3365
3985
4822
5478
6041
7087
6611
4785
1828
1097
4682
9676
11718
6375
-1109
-4227
-529
5496
6834
3345
-1277
-1784
-440
-1546
-4459
-5317
-1665
1226
-914
-6750
-10303
-7688
-3630
-2864
-5159
-5938
-4191
-4221
-6417
-7431
-4473
-40
1019
-1553
-3547
-2158
-80
403
498
2946
6178
5167
1291
-1099
1271
5984
7721
6018
3124
2295
2061
1001
735
2414
4642
3639
235
-2967
-3661
-1947
-753
-725
-1428
-2186
-3793
-6218
-6730
-4890
-2564
-2120
-3643
-5240
-5847
-5378
-4865
-4049
-2482
-1314
-1905
-3439
-3899
-2483
-479
336
420
348
824
1105
1127
1592
2322
3467
3784
3807
3604
3703
3840
3699
4429
4575
4936
4995
6015
7640
6801
4441
1360
2016
6359
10575
9852
3129
-2215
-2633
2286
6538
5347
1017
-2482
-1374
150
-1513
-4372
-4555
-1327
79
-2731
-7702
-9151
-5663
-3133
-4306
-6895
-6274
-3874
-4342
-6483
-7041
-4214
-727
-620
-2886
-3754
-1825
-103
-9
1211
3498
4584
2231
-752
78
4117
8213
7046
2885
820
1727
3525
3495
3286
3342
3590
2658
-7
-1815
-1490
354
922
-77
-1456
-3188
-4492
-5075
-4473
-3053
-2269
-2914
-4778
-6111
-5891
-4903
-4052
-3299
-2904
-3255
-3741
-4001
-3414
-2042
-858
-187
-436
-695
-245
533
1546
2234
2812
2984
3252
3634
3378
3550
4029
5033
5561
4660
3846
3341
4936
7843
8208
5757
1758
660
3705
8329
10210
5644
-276
-2753
355
4734
5008
2057
-1548
-1139
797
-189
-3378
-4935
-2263
301
-594
-4552
-7380
-5858
-3881
-4003
-5481
-5039
-2500
-2808
-5956
-7985
-5622
-1218
263
-1879
-4056
-3066
-1058
-217
-443
691
3323
3241
870
-610
1047
4234
5610
4736
2568
1804
2091
2304
2635
3540
4571
3169
793
-727
-873
366
1293
895
-895
-2308
-3141
-3973
-3961
-3218
-2390
-2708
-3931
-5403
-6341
-5469
-4121
-3543
-3769
-3940
-4002
-4272
-4053
-3475
-2142
-887
-516
-838
-1219
-301
918
1721
2379
2896
3496
3433
3031
3257
4410
5625
5624
4782
3666
3866
4578
5895
7565
7072
5197
1587
671
3811
8044
9309
4236
-1146
-2880
575
4506
4157
1167
-1586
-365
934
-966
-4211
-4791
-996
1848
201
-4995
-8141
-5828
-2695
-2387
-4070
-3922
-2497
-3638
-6557
-7610
-4256
211
670
-2757
-4997
-3366
-929
-539
-670
816
2578
1939
-548
-1191
1479
4704
4593
2216
1342
2747
3793
2648
1543
2520
4610
4472
1416
-1137
-517
1798
2259
321
-1514
-1791
-1850
-2893
-3805
-3112
-1648
-1717
-4093
-6166
-5703
-3911
-3075
-3715
-4323
-4177
-3794
-3961
-4054
-3176
-1751
-859
-1332
-1665
-951
338
1399
1752
2220
2727
3172
3258
3405
4299
5177
5519
4637
3905
4058
4538
4790
4601
6014
6882
5716
2465
-430
1277
5590
8969
6199
-309
-3725
-2306
2035
3827
2440
-183
-1232
-610
-1748
-3472
-3389
-377
1992
26
-3825
-6620
-5240
-2013
-1144
-2301
-3527
-2914
-3206
-5008
-5889
-4202
-784
227
-1791
-4324
-4480
-2282
-713
-336
-21
842
1266
-99
-1119
-83
2191
3621
3172
2576
2138
1897
1400
1242
2840
4720
4698
1838
-799
-600
1084
2227
1668
338
-895
-1661
-2242
-2826
-2220
-1294
-1314
-2838
-4551
-4733
-4108
-3216
-3058
-3488
-3788
-3643
-3500
-3692
-3153
-2214
-1356
-1189
-1369
-986
-279
647
1212
1410
2064
2813
2903
2793
3017
3661
4228
4203
3729
3454
3402
3331
3131
3462
5075
5436
3559
535
-797
1313
4616
6080
3082
-1191
-3131
-1692
1328
2444
1587
-531
-1428
-889
-1039
-1774
-1889
-330
1064
354
-2031
-3965
-3101
-1054
-308
-1270
-2205
-1685
-1820
-2998
-3578
-2495
-452
48
-1286
-2674
-2485
-1346
-750
-524
293
1430
865
-918
-1411
241
2584
3177
1891
576
709
1631
1795
1511
1973
2846
2447
759
-423
-103
1129
1592
521
-691
-935
-868
-1459
-2192
-1897
-1102
-1171
-2483
-3690
-3626
-2612
-2148
-2949
-3393
-3011
-2376
-2373
-2893
-2753
-1969
-1011
-836
-980
-740
-94
685
941
1369
1867
2304
2561
2397
2648
3038
3297
3277
3115
3040
2830
2501
2141
2253
3129
3888
3177
1212
-645
-571
1284
3568
3753
739
-2285
-3171
-1250
1193
1882
751
-1099
-1521
-1145
-1169
-1467
-768
749
1137
12
-2001
-2871
-1482
188
378
-723
-1294
-1002
-1305
-2229
-2417
-1136
337
527
-1012
-2331
-1868
-676
184
282
489
679
199
-483
-392
864
1943
1997
1179
581
879
1120
1041
940
1256
1789
1367
173
-670
-468
278
623
260
-494
-1045
-1528
-1827
-1736
-1300
-980
-1405
-2217
-2697
-2581
-2268
-2020
-1900
-1825
-1762
-1912
-2059
-1950
-1420
-730
-398
-340
-381
-198
356
1065
1597
1514
1276
1209
1424
2005
2494
2630
2080
1535
1456
1751
2171
1874
1298
940
1623
2600
2286
777
-1149
-1313
446
2582
2754
361
-1889
-2391
-862
886
1318
668
-275
-393
-425
-881
-971
-61
1393
1573
170
-1660
-1993
-455
726
403
-672
-773
-256
-665
-1653
-1805
-478
792
460
-1077
-1840
-928
84
136
-213
80
737
506
-314
-584
282
1475
1698
931
213
208
371
431
607
1061
1267
500
-626
-1152
-627
308
468
-213
-983
-1347
-1447
-1518
-1383
-938
-651
-1094
-1945
-2383
-2008
-1295
-1119
-1456
-1602
-1353
-1206
-1388
-1477
-952
-128
167
-160
-533
-247
526
959
955
984
1255
1452
1323
1170
1360
1864
2070
1706
1293
1182
1314
1232
953
1012
1202
1313
997
255
-159
-165
184
499
737
664
-162
-1009
-1304
-540
560
938
468
-480
-687
-279
36
172
376
756
686
164
-496
-611
51
632
605
50
-260
-292
-460
-583
-391
138
450
169
-584
-1013
-524
188
484
248
-16
-9
1
100
119
248
488
551
374
66
58
142
234
273
205
125
-97
-333
-569
-596
-369
-276
-495
-889
-1108
-1128
-1055
-972
-961
-895
-922
-1142
-1382
-1403
-1109
-819
-715
-729
-852
-979
-916
-595
-200
34
-13
-182
-127
111
405
587
724
918
880
734
701
847
1022
1099
1065
916
805
634
427
308
282
337
240
175
432
452
7
-761
-1189
-547
655
1421
708
-802
-1644
-1111
337
1225
1155
434
-66
47
194
267
470
1055
1551
1261
344
-404
-138
737
1200
885
303
217
221
-107
-423
-192
528
864
334
-527
-772
-385
40
158
221
432
301
-283
-745
-497
197
664
528
6
-359
-556
-603
-370
92
421
97
-686
-1197
-1073
-558
-130
-86
-403
-815
-1147
-1234
-917
-447
-188
-353
-788
-1062
-1045
-781
-434
-218
-212
-396
-593
-625
-426
-136
83
176
123
5
-110
-57
220
507
613
508
381
371
413
432
458
530
581
504
268
91
126
203
153
-61
-242
-257
-172
27
119
-18
-380
-738
-669
-160
552
744
215
-500
-779
-261
543
1082
972
487
200
226
434
552
801
1145
1252
950
315
30
400
978
1090
665
316
325
407
226
35
172
467
541
196
-136
-95
71
40
-68
41
223
84
-391
-666
-421
-34
9
-307
-583
-580
-570
-688
-713
-504
-294
-436
-848
-1101
-943
-629
-465
-494
-572
-607
-699
-782
-657
-333
-77
-143
-436
-569
-393
-121
-12
-41
-46
4
-13
-99
-70
105
319
325
133
40
102
229
249
209
237
273
251
137
79
159
265
213
26
-44
24
68
-43
-228
-250
-138
-81
-185
-358
-366
-211
-74
-67
-143
-224
-232
-99
132
352
360
125
-79
46
457
779
724
458
390
555
709
677
611
765
965
892
543
351
558
877
879
514
263
334
496
447
221
169
303
322
98
-135
-124
38
37
-177
-333
-278
-194
-285
-485
-573
-480
-408
-465
-559
-571
-534
-588
-681
-649
-462
-361
-457
-628
-672
-507
-331
-273
-287
-295
-308
-376
-401
-264
-34
50
-72
-243
-270
-123
-2
-1
-29
1
35
-40
-122
-82
60
158
96
-22
-70
-1
83
99
84
70
57
20
6
31
49
39
0
-59
-109
-113
-105
-118
-161
-174
-149
-157
-190
-252
-267
-197
-47
111
139
51
-153
-267
-115
272
670
693
380
-7
-115
194
673
1017
1004
760
465
292
356
603
942
1118
983
610
233
154
352
610
725
641
427
139
-79
-121
44
266
315
148
-123
-308
-358
-324
-243
-158
-117
-191
-348
-509
-562
-470
-340
-250
-233
-269
-371
-494
-543
-473
-303
-161
-144
-274
-444
-513
-445
-268
-102
-35
-86
-202
-299
-314
-208
-45
85
82
-49
-173
-205
-136
-61
-15
25
59
42
-73
-182
-201
-95
33
48
-14
-120
-184
-195
-167
-120
-91
-61
-70
-103
-156
-183
-153
-96
-34
-34
-75
-108
-121
-106
-67
-1
45
35
-14
-49
-18
64
152
198
194
170
149
162
221
285
333
343
333
325
314
327
349
367
381
393
417
436
424
367
297
275
315
381
390
318
216
145
140
160
160
134
113
95
51
-2
-46
-38
-7
-8
-37
-68
-83
-122
-164
-154
-89
-39
-82
-166
-204
-155
-97
-101
-127
-128
-100
-97
-140
-180
-187
-147
-120
-128
-165
-205
-220
-220
-187
-165
-177
-203
-212
-193
-180
-173
-181
-185
-181
-189
-206
-208
-176
-157
-177
-209
-213
-177
-154
-158
-167
-159
-133
-128
-140
-135
-93
-50
-47
-56
-59
-29
16
35
41
46
66
87
90
87
94
133
164
162
129
111
134
154
156
135
118
124
130
116
95
104
116
108
86
68
81
97
105
94
78
72
65
73
93
117
114
84
74
97
140
157
141
128
148
179
178
155
147
178
202
187
157
137
144
143
124
108
107
107
83
49
39
46
51
33
8
-5
-5
-7
-18
-33
-45
-52
-57
-72
-102
-125
-117
-101
-103
-136
-176
-186
-181
-187
-210
-221
-215
-224
-257
-280
-268
-240
-227
-245
-277
-275
-242
-210
-194
-197
-196
-190
-175
-150
-129
-107
-87
-72
-59
-39
-26
-16
-4
23
54
73
74
66
67
84
109
127
134
126
106
93
94
105
114
113
104
89
71
51
52
69
84
80
58
48
48
47
47
51
63
73
70
58
47
42
53
79
103
110
88
52
37
55
92
117
109
80
56
50
60
79
94
97
85
67
55
53
65
76
77
77
77
66
48
38
48
65
72
56
25
7
8
18
14
1
-10
-10
-7
-25
-58
-82
-77
-54
-47
-69
-99
-122
-130
-124
-115
-106
-105
-125
-153
-162
-147
-126
-117
-120
-118
-114
-116
-117
-109
-87
-59
-43
-45
-50
-54
-50
-37
-21
-10
-6
-7
-12
-19
-24
-20
-8
0
3
-1
-5
-7
-12
-12
0
11
8
1
2
17
28
19
8
16
39
53
45
32
29
36
37
34
38
52
59
38
15
14
36
53
44
21
14
25
29
20
13
28
45
39
18
8
24
48
50
36
30
44
55
49
34
32
50
63
61
49
38
36
38
42
47
51
46
33
20
16
24
32
31
23
7
-5
-9
-3
3
5
-5
-13
-15
-10
-6
-8
-11
-6
2
2
-6
-9
-6
-2
-1
-3
-3
0
-7
-19
-26
-16
-6
-7
-21
-37
-43
-40
-39
-40
-44
-49
-53
-58
-58
-55
-57
-62
-61
-55
-53
-54
-54
-51
-46
-47
-45
-35
-24
-24
-35
-38
-23
-5
-1
-12
-16
-6
3
3
3
12
19
15
4
2
15
25
18
