-14
-14
-14
-13
-11
-8
-7
-5
-4
-2
0
0
0
-2
-3
-8
-13
-18
-24
-31
-38
-43
-49
-54
-58
-60
-60
-60
-58
-57
-57
-56
-57
-61
-65
-71
-75
-79
-79
-79
-76
-70
-60
-47
-29
-9
14
37
63
86
115
151
187
232
282
339
397
457
517
579
639
686
710
713
697
658
589
488
373
248
112
-32
-164
-279
-385
-474
-547
-600
-626
-627
-625
-624
-609
-585
-557
-514
-462
-386
-278
-156
-17
144
330
528
710
871
1004
1121
1181
1159
1061
887
658
351
-11
-379
-748
-1111
-1437
-1683
-1856
-1954
-1967
-1922
-1812
-1657
-1488
-1327
-1194
-1057
-920
-818
-765
-764
-764
-720
-642
-515
-339
-129
111
376
659
932
1168
1333
1407
1393
1287
1105
834
504
157
-192
-506
-769
-933
-992
-927
-708
-356
142
732
1361
1986
2555
3050
3434
3677
3786
3748
3558
3230
2774
2240
1671
1107
564
74
-321
-616
-839
-1012
-1108
-1149
-1188
-1257
-1344
-1432
-1538
-1675
-1873
-2067
-2205
-2297
-2304
-2209
-1999
-1645
-1209
-735
-186
424
1053
1616
2080
2415
2606
2656
2556
2317
1897
1354
763
114
-561
-1230
-1821
-2300
-2662
-2888
-3011
-3011
-2892
-2735
-2547
-2310
-2048
-1839
-1665
-1506
-1403
-1300
-1190
-1060
-907
-737
-502
-205
167
605
1050
1449
1775
2012
2146
2199
2131
1949
1681
1306
878
434
-9
-426
-812
-1054
-1169
-1158
-943
-598
-70
607
1331
2058
2730
3385
3959
4400
4697
4791
4664
4335
3839
3166
2338
1483
653
-120
-800
-1404
-1902
-2298
-2556
-2688
-2754
-2775
-2800
-2796
-2786
-2800
-2822
-2861
-2892
-2886
-2769
-2549
-2250
-1777
-1129
-388
419
1248
2120
2999
3771
4363
4726
4845
4661
4193
3465
2501
1428
235
-1007
-2160
-3186
-3994
-4568
-4883
-4931
-4800
-4513
-4131
-3633
-3071
-2562
-2107
-1786
-1513
-1273
-1119
-1006
-953
-844
-649
-334
152
695
1287
1888
2439
2932
3321
3575
3615
3450
3089
2520
1868
1103
309
-416
-1094
-1635
-2015
-2140
-2002
-1637
-996
-195
787
1856
2888
3863
4645
5287
5668
5717
5536
5085
4448
3558
2491
1459
476
-409
-1205
-1819
-2233
-2485
-2602
-2723
-2734
-2673
-2670
-2710
-2812
-2902
-3030
-3222
-3424
-3575
-3547
-3402
-3162
-2710
-1962
-952
72
1102
2192
3234
4173
4850
5236
5326
5090
4541
3605
2472
1266
-33
-1351
-2647
-3712
-4493
-5046
-5300
-5250
-4918
-4450
-3918
-3303
-2677
-2081
-1634
-1374
-1241
-1152
-1009
-923
-844
-684
-428
-7
516
1135
1877
2658
3323
3823
4161
4282
4201
3845
3242
2495
1590
517
-624
-1673
-2541
-3222
-3661
-3747
-3508
-2964
-2161
-1123
170
1564
2919
4072
5055
5889
6366
6478
6215
5710
5001
3979
2874
1770
735
-188
-1057
-1720
-2128
-2318
-2445
-2528
-2463
-2321
-2226
-2363
-2586
-2755
-2954
-3228
-3574
-3719
-3618
-3447
-3122
-2550
-1678
-517
741
1958
3193
4439
5448
5994
6236
6248
5893
5071
3805
2308
671
-996
-2635
-4139
-5265
-6008
-6345
-6365
-6051
-5372
-4608
-3787
-2911
-2011
-1181
-658
-402
-321
-336
-483
-766
-958
-988
-848
-603
-224
459
1308
2140
2881
3525
4104
4404
4281
3797
3009
2025
830
-545
-1872
-2983
-3869
-4609
-5008
-4879
-4251
-3241
-1979
-407
1400
3206
4760
6024
7126
7811
7976
7719
7048
6091
4841
3384
1892
557
-550
-1606
-2423
-2819
-2864
-2715
-2552
-2240
-1790
-1446
-1310
-1389
-1588
-1838
-2241
-2841
-3376
-3564
-3513
-3354
-2932
-2077
-795
602
1905
3215
4562
5790
6642
7033
6991
6515
5520
3987
2187
346
-1504
-3376
-5100
-6408
-7219
-7597
-7652
-7314
-6498
-5421
-4282
-3160
-2101
-1149
-500
-243
-213
-333
-629
-1058
-1509
-1788
-1742
-1438
-983
-265
750
1853
2901
3774
4503
5010
5031
4633
3813
2692
1370
-248
-1884
-3334
-4440
-5190
-5623
-5490
-4753
-3539
-1982
-179
1817
3812
5582
7073
8215
8827
8900
8492
7613
6366
4793
3030
1345
-105
-1266
-2240
-2958
-3233
-3137
-2812
-2360
-1814
-1225
-815
-702
-761
-929
-1249
-1787
-2409
-2885
-3145
-3163
-2982
-2505
-1584
-301
1114
2613
4219
5771
7023
7695
7857
7686
6989
5645
3766
1603
-598
-2797
-4937
-6790
-8159
-8954
-9301
-9244
-8626
-7543
-6247
-4940
-3672
-2427
-1337
-648
-408
-388
-514
-845
-1326
-1766
-1926
-1787
-1419
-867
-76
1050
2301
3459
4455
5241
5795
5873
5377
4443
3177
1677
-50
-1809
-3360
-4646
-5559
-6006
-5890
-5156
-3859
-2084
-14
2203
4368
6258
7843
9015
9686
9796
9284
8270
6815
5063
3221
1469
-105
-1543
-2651
-3305
-3478
-3258
-2880
-2334
-1701
-1102
-648
-462
-470
-695
-1143
-1808
-2568
-3137
-3511
-3702
-3593
-3046
-1999
-680
763
2312
3969
5620
6932
7769
8102
7942
7261
5849
3884
1655
-743
-3213
-5614
-7589
-8989
-9888
-10333
-10243
-9461
-8150
-6604
-5024
-3502
-2052
-828
-48
273
315
153
-282
-897
-1410
-1682
-1749
-1578
-1095
-263
929
2261
3462
4504
5326
5869
5982
5460
4445
3111
1430
-425
-2217
-3892
-5277
-6219
-6629
-6375
-5504
-4023
-2014
229
2642
5045
7154
8883
10085
10692
10627
9864
8516
6619
4457
2355
328
-1539
-3053
-4035
-4481
-4477
-4064
-3337
-2373
-1310
-406
191
507
592
384
-211
-1074
-1961
-2724
-3355
-3784
-3732
-3176
-2138
-700
928
2763
4657
6415
7773
8606
9011
8738
7717
6014
3787
1331
-1359
-4089
-6590
-8597
-9940
-10722
-10869
-10404
-9339
-7811
-6140
-4375
-2648
-1081
148
802
945
742
320
-363
-1176
-1815
-2236
-2395
-2234
-1649
-617
643
2000
3292
4434
5391
5888
5848
5285
4256
2850
1043
-944
-2835
-4435
-5693
-6539
-6735
-6319
-5274
-3575
-1457
935
3381
5718
7781
9350
10355
10667
10271
9257
7660
5639
3417
1307
-608
-2409
-3800
-4538
-4646
-4363
-3874
-3047
-1917
-762
134
702
1081
1188
878
133
-811
-1654
-2422
-3123
-3532
-3284
-2440
-1415
-139
1507
3452
5415
7012
8154
8887
9147
8592
7207
5333
3094
569
-2192
-4879
-7153
-8950
-10258
-11040
-11076
-10401
-9193
-7631
-5991
-4268
-2579
-1168
-92
535
772
701
267
-366
-1008
-1511
-1799
-1860
-1628
-1077
-152
1041
2299
3535
4618
5411
5758
5639
5063
4011
2597
873
-996
-2792
-4423
-5693
-6478
-6638
-6098
-4977
-3366
-1376
927
3273
5445
7437
8946
9812
10012
9590
8679
7205
5296
3203
1175
-594
-2208
-3544
-4308
-4460
-4221
-3764
-2992
-1910
-843
-97
322
604
728
452
-288
-1178
-1849
-2411
-2979
-3284
-3104
-2370
-1361
-152
1442
3309
5134
6511
7545
8288
8509
8027
6731
4989
2946
527
-2085
-4650
-6797
-8488
-9738
-10425
-10460
-9763
-8616
-7187
-5478
-3698
-2067
-749
243
878
1104
946
473
-119
-714
-1224
-1551
-1603
-1309
-735
90
1163
2404
3628
4572
5159
5447
5357
4797
3770
2425
839
-930
-2609
-4164
-5459
-6226
-6461
-6071
-5052
-3506
-1562
582
2802
4927
6902
8496
9458
9776
9445
8640
7341
5521
3438
1394
-373
-1990
-3345
-4156
-4439
-4208
-3749
-3083
-2111
-1099
-307
67
202
259
26
-617
-1523
-2295
-2882
-3389
-3679
-3552
-2873
-1848
-647
834
2613
4463
6093
7376
8308
8723
8505
7670
6307
4531
2273
-286
-2862
-5230
-7192
-8807
-9848
-10205
-9902
-9040
-7916
-6405
-4645
-2932
-1492
-430
378
790
798
473
-43
-550
-1089
-1574
-1810
-1583
-970
-194
742
1850
3089
4231
5004
5369
5403
5094
4365
3146
1616
-21
-1674
-3277
-4772
-5863
-6331
-6215
-5621
-4551
-2861
-704
1550
3632
5530
7407
8931
9674
9708
9333
8555
7139
5138
2948
1036
-591
-2198
-3560
-4215
-4126
-3772
-3445
-2943
-2072
-1106
-531
-344
-247
-206
-504
-1341
-2313
-2861
-3181
-3581
-3786
-3486
-2592
-1326
21
1549
3411
5343
6855
7884
8573
8810
8453
7368
5696
3699
1439
-997
-3518
-5837
-7660
-9003
-9813
-10064
-9718
-8740
-7318
-5709
-4155
-2644
-1243
-228
387
623
540
172
-394
-934
-1395
-1645
-1595
-1310
-748
190
1337
2403
3448
4457
5168
5450
5239
4601
3628
2366
757
-999
-2590
-4009
-5252
-6232
-6727
-6583
-5918
-4773
-3179
-1220
900
2958
4886
6588
8005
8920
9251
9104
8502
7465
5985
4282
2664
1186
-148
-1297
-2126
-2537
-2519
-2272
-1965
-1553
-1134
-876
-865
-1084
-1417
-1859
-2501
-3249
-3881
-4248
-4345
-4184
-3727
-2915
-1722
-307
1151
2692
4322
5896
7125
7874
8244
8235
7668
6501
4938
3155
1222
-912
-3138
-5114
-6621
-7698
-8395
-8576
-8235
-7481
-6417
-5220
-3923
-2626
-1534
-803
-324
12
70
-117
-434
-695
-745
-682
-532
-180
429
1192
1966
2723
3378
3807
3949
3821
3467
2877
1943
688
-712
-2097
-3347
-4516
-5549
-6190
-6435
-6263
-5626
-4610
-3198
-1482
461
2462
4306
5961
7333
8370
9035
9211
8962
8279
7192
5830
4382
3083
1901
748
-331
-1157
-1584
-1829
-2032
-2166
-2203
-2156
-2257
-2598
-2954
-3118
-3301
-3780
-4218
-4302
-4150
-3820
-3368
-2651
-1510
-148
1185
2542
4039
5539
6765
7496
7848
8003
7696
6785
5482
3887
2025
-56
-2200
-4132
-5641
-6734
-7561
-8028
-7936
-7388
-6612
-5734
-4747
-3666
-2652
-1879
-1329
-882
-564
-438
-493
-592
-528
-252
72
392
845
1455
2085
2581
2914
3134
3213
3048
2577
1849
937
-161
-1414
-2679
-3821
-4712
-5415
-6000
-6270
-6138
-5668
-4907
-3850
-2471
-811
1006
2775
4420
6001
7399
8470
9170
9565
9660
9310
8535
7466
6278
5087
3802
2461
1147
-13
-935
-1721
-2376
-2892
-3295
-3629
-3929
-4201
-4386
-4478
-4615
-4745
-4731
-4600
-4331
-3933
-3362
-2541
-1487
-286
920
2194
3638
5038
6289
7259
7854
8130
7983
7396
6316
4896
3323
1439
-588
-2499
-4157
-5498
-6578
-7315
-7687
-7609
-7182
-6593
-5836
-4986
-3967
-2988
-2257
-1587
-1004
-563
-298
-167
5
230
513
748
999
1382
1782
2148
2366
2418
2376
2212
1925
1473
854
82
-820
-1771
-2746
-3664
-4514
-5260
-5788
-6065
-6003
-5555
-4763
-3659
-2256
-572
1301
3188
4969
6630
8119
9346
10237
10774
10954
10650
9846
8638
7212
5748
4171
2501
877
-515
-1590
-2510
-3287
-3866
-4203
-4374
-4582
-4838
-4989
-4951
-4996
-5168
-5184
-4988
-4697
-4353
-3797
-2943
-1795
-431
909
2295
3902
5538
6913
7872
8533
8838
8566
7758
6486
4995
3298
1274
-834
-2814
-4457
-5747
-6784
-7468
-7734
-7564
-7164
-6647
-5923
-5041
-4184
-3468
-2850
-2317
-1898
-1561
-1296
-948
-462
32
433
797
1310
1907
2405
2755
2934
2956
2804
2402
1789
1068
277
-654
-1719
-2730
-3567
-4258
-4862
-5346
-5547
-5450
-5131
-4608
-3901
-2949
-1750
-382
1040
2505
4072
5596
6964
8222
9330
10226
10817
11011
10842
10316
9418
8166
6691
5153
3576
1888
118
-1557
-2956
-4042
-4885
-5502
-5915
-6115
-6184
-6230
-6130
-5895
-5538
-5140
-4805
-4337
-3689
-2924
-2090
-1122
-11
1121
2274
3415
4550
5691
6727
7415
7650
7582
7228
6528
5448
4136
2758
1266
-380
-2117
-3683
-4901
-5866
-6712
-7379
-7639
-7548
-7280
-6872
-6306
-5439
-4502
-3744
-2955
-2078
-1162
-349
268
906
1574
2088
2334
2373
2375
2318
2039
1538
1044
638
165
-454
-1044
-1414
-1670
-1996
-2383
-2621
-2703
-2801
-3011
-3249
-3256
-3077
-2950
-2848
-2551
-1993
-1345
-604
393
1728
3343
4982
6573
8111
9605
10842
11473
11725
11726
11179
10005
8292
6394
4455
2397
205
-1971
-3634
-4830
-5847
-6578
-6812
-6487
-6029
-5674
-5269
-4703
-4025
-3613
-3496
-3395
-3234
-3118
-3148
-2988
-2414
-1585
-682
212
1387
2899
4412
5647
6623
7599
8257
8340
7888
7033
5971
4514
2676
676
-1227
-2885
-4525
-5985
-7003
-7560
-7741
-7678
-7283
-6543
-5526
-4567
-3740
-2816
-1904
-1124
-564
-106
363
561
571
499
425
427
393
284
133
139
226
245
276
285
321
236
40
-65
-193
-370
-733
-1177
-1504
-1851
-2238
-2710
-3028
-3045
-2941
-2682
-2367
-1795
-856
197
1342
2630
4197
5796
7125
8188
8948
9494
9703
9541
9074
8270
7240
5808
4073
2506
1263
204
-898
-1879
-2531
-2963
-3252
-3423
-3443
-3426
-3612
-4144
-4822
-5245
-5503
-5875
-6342
-6509
-6225
-5783
-5060
-3865
-2214
-310
1395
2913
4480
6016
7190
7801
8080
8088
7611
6548
5152
3910
2869
1770
434
-866
-1593
-2011
-2464
-2852
-3107
-3300
-3674
-4225
-4631
-4758
-4792
-5106
-5634
-5912
-5774
-5411
-4953
-4291
-3380
-2396
-1446
-526
468
1548
2472
2999
3199
3287
3168
2824
2333
1767
1237
531
-306
-906
-1226
-1375
-1558
-1727
-1801
-1770
-1587
-1376
-1184
-1009
-958
-1052
-1222
-1217
-1046
-903
-730
-454
45
882
2026
3339
4690
6028
7210
8190
9018
9558
9836
9753
9132
7850
6154
4447
2700
955
-731
-2300
-3555
-4644
-5559
-6193
-6345
-6036
-5904
-6052
-6192
-6062
-5680
-5480
-5408
-5162
-4710
-4161
-3617
-2736
-1347
220
1591
2758
4031
5470
6783
7647
8176
8543
8451
7789
6814
5865
5064
4000
2486
863
-529
-1800
-3088
-4225
-5107
-5887
-6842
-7804
-8314
-8325
-8043
-7764
-7473
-6844
-5863
-4701
-3507
-2151
-649
594
1406
2008
2714
3448
3847
3778
3443
3092
2703
2280
1895
1620
1455
1095
581
100
-196
-273
-513
-1010
-1533
-2055
-2551
-2958
-3186
-3213
-3096
-2989
-2847
-2356
-1502
-475
476
1314
2159
2987
3736
4389
5103
5908
6405
6525
6393
6246
6166
5986
5748
5375
4781
3879
2667
1600
873
273
-571
-1725
-2751
-3527
-4202
-4874
-5320
-5400
-5518
-5972
-6489
-6506
-5956
-5356
-4867
-4266
-3291
-2079
-877
401
1892
3452
4623
5280
5714
6224
6609
6508
6086
5497
4653
3491
2230
1279
621
-56
-817
-1539
-2079
-2273
-2372
-2600
-2826
-3133
-3638
-4308
-4894
-5222
-5431
-5679
-5916
-5820
-5315
-4510
-3409
-2110
-687
696
1885
2906
3710
4323
4650
4529
4060
3374
2622
1816
958
184
-497
-1030
-1287
-1159
-794
-480
-193
155
553
914
1211
1386
1362
1212
885
485
140
-236
-673
-1183
-1598
-1851
-2004
-2008
-1920
-1601
-1207
-913
-479
180
1200
2226
2945
3543
4076
4574
4839
4916
4977
4814
4281
3241
2163
1411
818
176
-607
-1164
-1508
-1880
-2191
-2308
-2006
-1818
-2279
-3043
-3662
-3908
-4218
-4695
-4964
-4882
-4557
-4350
-3888
-2673
-957
745
1922
2979
4210
5358
6225
6619
6877
6954
6418
5415
4377
3651
3087
2290
1138
-42
-904
-1727
-2582
-3313
-3898
-4426
-5145
-5936
-6445
-6473
-6153
-5861
-5573
-5088
-4350
-3480
-2641
-1678
-497
645
1485
2040
2527
3105
3705
4054
4174
4298
4409
4330
3978
3577
3211
2795
2169
1262
466
-136
-789
-1545
-2249
-2693
-3075
-3499
-3944
-4187
-4086
-4027
-4004
-3909
-3678
-3395
-3301
-3144
-2884
-2403
-1826
-1440
-971
-416
347
1186
2148
3563
4901
5984
6707
7238
7790
7933
7967
7708
7045
5909
4105
2498
1095
-105
-1224
-2477
-3241
-3887
-4344
-4639
-4722
-4162
-3831
-3951
-4423
-4735
-4509
-4394
-4133
-3674
-2854
-1819
-1059
92
1568
3385
5040
5977
6806
7293
7530
7401
6896
6448
5567
4397
2840
1377
577
-213
-891
-1730
-2474
-2932
-3533
-3865
-4216
-4401
-4405
-4731
-4947
-5055
-4758
-4221
-3730
-3046
-2425
-1614
-913
-263
609
1322
2126
2634
2884
3179
3382
3679
3625
3392
3093
2544
1996
1250
564
-57
-762
-1429
-2172
-2620
-2827
-2983
-3031
-3106
-3034
-2903
-2787
-2613
-2365
-2033
-1890
-1870
-1754
-1513
-1145
-792
-508
-247
-25
179
266
333
552
726
768
736
759
1180
1845
2545
3214
3723
4171
4357
4337
4292
4121
3728
2790
1554
473
-357
-881
-1403
-1687
-1659
-1636
-1667
-1767
-1505
-1035
-808
-905
-1309
-1512
-1508
-1497
-1401
-1051
-266
393
825
1386
2218
3225
3823
3962
3855
3596
3252
2663
2162
1867
1601
1131
387
-71
-176
-168
-325
-753
-1117
-1510
-2039
-2621
-2999
-3017
-3124
-3404
-3672
-3622
-3198
-2771
-2380
-2013
-1567
-1144
-919
-662
-249
329
807
1056
1297
1664
2158
2515
2689
2739
2644
2323
1683
1013
405
-165
-752
-1437
-1961
-2254
-2366
-2399
-2395
-2307
-2212
-2165
-2259
-2299
-2225
-2148
-2066
-2088
-2019
-1862
-1656
-1365
-1042
-626
-349
-179
-62
4
178
284
432
607
787
1185
1645
2327
3091
3716
4179
4293
4260
4095
3816
3458
2936
2371
1583
818
314
10
-17
20
178
337
337
332
237
209
81
-335
-799
-1263
-1516
-1671
-1686
-1397
-1009
-538
-238
19
463
899
1229
1257
1161
1070
907
772
672
746
857
836
675
456
328
100
-252
-654
-1069
-1403
-1728
-1908
-1881
-1724
-1494
-1310
-1092
-873
-650
-483
-470
-498
-579
-643
-707
-681
-437
-138
216
531
839
1166
1398
1534
1465
1265
913
433
-50
-580
-1009
-1398
-1760
-2032
-2248
-2299
-2319
-2309
-2280
-2245
-2106
-1987
-1780
-1515
-1274
-1027
-825
-578
-380
-200
-115
-155
-173
-260
-299
-294
-233
-39
178
477
799
1171
1552
1866
2242
2517
2748
2951
3041
3108
3039
2935
2770
2496
2256
1952
1719
1484
1125
767
422
245
150
39
-35
-162
-271
-463
-735
-955
-1178
-1380
-1679
-1976
-2088
-2094
-1986
-1743
-1309
-776
-281
165
559
1016
1435
1680
1794
1796
1791
1733
1602
1519
1426
1301
1047
679
391
135
-115
-408
-691
-868
-1052
-1178
-1266
-1281
-1207
-1229
-1294
-1447
-1595
-1641
-1737
-1769
-1762
-1713
-1564
-1417
-1137
-785
-393
0
277
523
654
741
798
718
614
442
269
66
-150
-276
-436
-557
-743
-964
-1085
-1212
-1236
-1212
-1148
-1007
-869
-651
-459
-224
18
172
342
397
439
455
382
348
303
362
431
465
565
600
689
797
867
924
912
946
963
975
1056
1181
1395
1514
1508
1432
1340
1263
1052
841
683
533
353
88
-63
-41
69
151
146
179
180
71
-107
-260
-314
-415
-601
-801
-879
-773
-656
-542
-361
-97
131
191
206
299
444
537
512
494
561
603
588
594
637
658
538
324
124
-52
-242
-498
-741
-916
-1054
-1172
-1307
-1381
-1393
-1419
-1452
-1515
-1522
-1459
-1369
-1237
-1047
-796
-548
-277
3
248
496
676
795
849
820
774
673
579
484
350
233
89
-44
-163
-284
-393
-514
-584
-641
-696
-716
-711
-655
-602
-544
-472
-402
-328
-287
-231
-183
-166
-129
-107
-23
103
214
334
435
556
651
663
658
659
657
590
490
447
457
500
506
539
679
833
893
851
841
860
804
719
659
687
702
594
469
439
503
496
377
285
229
141
-79
-312
-402
-435
-510
-662
-733
-656
-602
-600
-589
-464
-312
-288
-316
-299
-182
-58
13
118
267
442
534
559
635
687
643
457
236
76
-83
-250
-430
-548
-607
-680
-720
-739
-718
-707
-730
-731
-749
-754
-765
-759
-672
-586
-479
-369
-270
-138
-22
78
131
166
215
230
235
236
247
267
256
256
240
213
189
129
55
-53
-147
-202
-284
-370
-445
-482
-486
-508
-508
-483
-475
-501
-519
-473
-405
-353
-309
-257
-161
-62
0
49
123
219
280
307
334
405
493
530
597
722
827
879
902
1002
1170
1292
1277
1176
1113
1020
883
729
576
483
338
128
-49
-140
-160
-218
-278
-321
-366
-422
-553
-612
-563
-517
-496
-501
-449
-349
-235
-124
-37
97
190
215
233
247
301
336
345
352
358
377
354
351
346
313
288
187
58
-76
-209
-316
-404
-445
-506
-564
-592
-606
-555
-512
-481
-463
-464
-451
-451
-414
-354
-305
-266
-245
-183
-110
-49
19
76
115
119
111
91
83
99
77
18
-70
-166
-223
-256
-287
-310
-325
-349
-376
-392
-407
-402
-382
-359
-342
-318
-274
-215
-145
-98
-66
-28
-5
17
49
84
105
111
116
130
172
225
266
300
302
288
289
308
353
386
398
399
410
447
497
571
637
644
625
600
589
589
605
603
537
448
344
250
196
142
83
-1
-87
-153
-206
-240
-260
-261
-261
-288
-308
-299
-237
-162
-130
-130
-146
-153
-149
-108
-20
61
138
184
213
290
365
414
436
432
396
295
152
-1
-100
-173
-258
-326
-404
-467
-514
-552
-557
-565
-581
-622
-647
-607
-539
-458
-392
-335
-276
-230
-166
-95
-20
40
66
85
98
123
149
170
208
231
232
225
219
220
201
160
92
8
-70
-148
-209
-256
-285
-312
-338
-346
-321
-265
-218
-171
-124
-95
-66
-44
-18
17
50
86
128
180
218
248
263
256
254
235
208
188
153
127
110
89
77
80
92
118
154
172
182
181
183
184
167
163
153
138
140
134
139
157
177
195
207
225
245
256
253
240
230
212
184
144
103
73
33
-19
-68
-111
-152
-193
-225
-239
-234
-233
-238
-242
-236
-222
-215
-210
-195
-171
-150
-144
-135
-117
-100
-95
-107
-113
-105
-94
-84
-69
-47
-15
2
10
27
34
40
40
36
35
28
19
5
1
6
-4
-16
-26
-21
-14
-27
-43
-59
-63
-57
-58
-61
-55
-46
-42
-42
-52
-65
-73
-84
-102
-119
-127
-131
-140
-143
-139
-122
-101
-91
-84
-78
-78
-74
-66
-48
-23
-6
-1
-6
-3
12
30
50
67
93
120
144
167
187
209
220
224
227
224
219
206
189
174
157
141
122
104
82
57
34
6
-15
-34
-52
-62
-68
-67
-72
-76
-72
-66
-54
-44
-34
-20
-9
7
25
46
71
90
105
109
106
107
110
110
106
100
95
91
79
66
49
27
14
0
-23
-49
-80
-101
-116
-129
-140
-145
-133
-112
-86
-51
-17
8
32
59
84
101
118
128
128
124
117
110
100
95
86
65
38
12
-18
-48
-74
-109
-133
-157
-188
-205
-210
-215
-223
-231
-238
-245
-249
-246
-235
-220
-199
-176
-149
-112
-74
-37
-4
22
51
73
84
96
107
102
90
77
67
64
63
65
65
62
50
34
14
-2
-15
-30
-40
-42
-43
-43
-36
-18
3
16
30
41
50
62
66
69
78
84
88
91
95
101
104
104
94
79
58
38
25
15
6
-1
-9
-12
-7
-3
-12
-23
-31
-32
-25
-25
-16
2
16
32
53
67
76
82
88
92
91
87
81
71
63
60
57
52
49
43
37
29
18
4
-10
-22
-35
-44
-48
-55
-58
-58
-57
-51
-46
-41
-30
-17
-16
-22
-21
-23
-24
-19
-12
4
19
24
25
27
33
30
13
-7
-19
-29
-40
-57
-69
-80
-93
-104
-114
-117
-113
-115
-119
-120
-116
-111
-109
-108
-106
-97
-91
-85
-74
-63
-42
-18
2
22
43
58
73
91
111
123
126
122
118
114
105
91
78
71
62
51
42
38
39
37
33
29
16
-5
-34
-63
-86
-101
-112
-119
-125
-121
-103
-79
-56
-35
-10
13
33
49
62
71
75
79
81
79
78
77
80
88
95
95
89
83
74
63
53
38
29
28
18
6
-6
-12
-14
-13
-12
-16
-17
-10
-5
-5
-6
-5
-2
5
5
9
18
22
22
21
20
24
26
28
29
34
41
38
31
30
33
35
26
12
2
-11
-27
-39
-49
-62
-72
-79
-86
-93
-100
-102
-98
-91
-87
-83
-83
-89
-91
-94
-96
-95
-90
-83
-75
-66
-57
-47
-34
-21
-1
16
25
34
41
52
66
69
64
64
64
61
52
40
31
18
10
4
-5
-12
-27
-35
-32
-32
-32
-41
-53
-56
-57
-54
-46
-48
-46
-39
-26
-6
9
19
32
