-12
-14
17
39
28
51
58
58
132
200
228
268
297
280
307
337
373
450
472
469
411
345
333
337
338
312
305
334
271
103
-17
-99
-171
-194
-210
-246
-203
-215
-478
-622
-580
-636
-625
-464
-339
-239
-229
-353
-351
-316
-361
-264
-93
-57
-24
-39
-190
-338
-453
-567
-610
-479
-402
-474
-535
-709
-1048
-1166
-1195
-1247
-1049
-915
-910
-881
-1001
-1314
-1378
-1310
-1359
-1080
-771
-612
-500
-463
-422
-531
-459
-163
161
580
1051
1584
1952
2216
2408
2561
2795
2876
2901
3339
3907
4090
4260
4067
3677
3419
2635
2156
2305
2323
2218
1874
1324
698
-88
-892
-1547
-1835
-1847
-1867
-2017
-2105
-2323
-2684
-2849
-3228
-3352
-2629
-1768
-833
208
511
222
-89
-595
-674
476
1765
2375
2732
2291
962
63
-406
-546
-42
295
281
150
-556
-1686
-2764
-3660
-4178
-4304
-3843
-3185
-2898
-3142
-3912
-4719
-5114
-4883
-4160
-2816
-1355
-839
-812
-857
-1251
-1224
-575
257
1159
1661
1794
1702
1392
1135
1055
1276
1437
1569
2199
2657
3078
3519
3578
3895
3997
3633
3597
3736
4068
4578
4736
4956
4821
4083
3251
2409
2070
2242
2420
2662
2674
2015
1198
-79
-1481
-2108
-2468
-2422
-2104
-2174
-2241
-2545
-3357
-4186
-4683
-4438
-3786
-2953
-1458
-48
682
778
114
-524
-636
-154
939
2279
3353
3394
2269
749
-653
-1348
-1258
-734
183
638
131
-1109
-2734
-4287
-5468
-5980
-5596
-4615
-3951
-3984
-4547
-5815
-7054
-7452
-7003
-5342
-2870
-1136
-467
-386
-1133
-1841
-1632
-585
1231
2931
3778
3802
3032
1955
1095
793
1329
2235
3126
3583
3701
3480
2972
3103
3686
4670
5788
6339
6118
5691
5380
5365
5731
6194
6682
6531
5971
4682
3357
3306
3599
3560
3510
3005
1940
765
-1021
-2594
-3297
-3744
-4029
-4388
-4607
-4697
-5185
-6137
-7316
-7566
-6991
-6090
-4638
-3213
-2049
-1133
-823
-1073
-862
-71
686
1779
2825
3581
4289
3746
2303
1183
396
151
427
891
1311
1090
-584
-2881
-4308
-5381
-6062
-5814
-5317
-4970
-5322
-6363
-7328
-7840
-8205
-7771
-6027
-4136
-2336
-1442
-1513
-1395
-1649
-1710
-298
1948
3791
4680
4703
4045
3102
2426
2308
3296
4584
5150
4994
4455
4019
3568
3903
4748
5907
6992
7156
7041
6372
5309
4867
5227
5805
6511
6646
6149
5177
3239
1603
1315
1687
2102
2256
1636
675
-933
-3194
-4655
-5111
-5091
-4835
-4858
-4961
-5243
-6273
-7541
-8179
-7725
-6838
-5423
-3754
-2801
-1996
-1503
-1398
-625
692
1594
2143
2930
3618
3703
3491
3448
3088
2210
1131
205
208
378
-335
-1295
-1976
-3075
-4725
-5883
-6191
-5931
-6002
-6838
-7081
-6793
-7275
-7737
-7354
-6489
-5400
-4420
-3239
-1405
-116
-145
14
1082
2191
3137
4649
6489
7108
6322
5443
4939
4720
5062
5477
6104
6589
5521
3989
3521
3700
4138
4772
5554
6458
6080
4634
3449
2753
2878
3053
3379
4257
4196
3104
1712
-25
-1049
-822
-174
528
1057
784
-342
-2208
-4225
-5314
-5152
-4369
-3713
-3608
-4072
-4670
-5870
-7312
-7449
-6113
-4540
-3342
-2170
-1447
-1276
-1327
-1553
-666
1356
3032
3557
3381
3472
3046
1864
1430
2056
2507
2141
1031
196
-164
-1096
-2367
-3002
-2810
-2838
-3733
-4476
-4171
-4284
-5576
-6207
-5532
-4699
-4247
-3785
-2957
-2146
-1980
-1904
-754
1007
1912
2257
2808
3481
3943
3959
4648
5881
5646
4511
4047
3651
3338
3105
2905
3209
2696
1383
598
358
620
791
714
1527
2058
1446
706
244
-64
-176
258
1334
2428
2456
2078
1092
-289
-684
-229
1022
2412
2783
2234
1090
-708
-2233
-2764
-2227
-1065
-723
-1372
-1794
-2523
-4026
-4986
-4702
-3773
-2876
-2120
-1561
-1289
-1435
-1924
-2221
-1537
22
1601
2661
2975
2379
995
-186
-343
605
2082
3172
3266
2046
192
-1322
-1869
-1548
-694
310
387
-541
-1790
-2906
-3647
-3843
-3243
-2167
-1274
-885
-971
-1314
-1776
-2075
-1787
-657
967
2142
2426
2089
1499
811
574
1377
2608
3352
3253
2418
1264
250
-408
-352
331
634
396
-72
-641
-1029
-1205
-1135
-480
93
294
342
65
-85
-41
160
684
1626
2165
2345
2177
1452
1115
1327
1989
2785
3283
3212
2370
947
-381
-1056
-807
-168
6
-305
-846
-1856
-3129
-3897
-3859
-2958
-2028
-1653
-1378
-1315
-1702
-2180
-2242
-1646
-274
1364
2322
2412
1790
898
221
154
1058
2927
4413
4260
2917
1121
-192
-647
-567
329
1583
1810
431
-1578
-2697
-3239
-3610
-3112
-1905
-1024
-1179
-2061
-2772
-2983
-3152
-3030
-1796
-72
586
222
-286
-728
-1177
-1407
-540
1238
2250
1853
892
-107
-1007
-1712
-1487
-157
657
308
-779
-2055
-2800
-3270
-3110
-1586
-160
504
559
325
140
-584
-623
938
2815
4199
5255
5530
5081
3768
2268
2634
4674
6435
7067
6929
5896
3597
826
-243
562
1972
2941
2325
822
-875
-3307
-5085
-4904
-3839
-2690
-2075
-2359
-3126
-4303
-5256
-5216
-4422
-3045
-1255
259
987
966
311
-535
-797
-174
1288
3361
4856
4844
3388
1354
-296
-859
112
1805
3081
3014
1505
-740
-2668
-3432
-2895
-1444
-209
-5
-876
-2384
-3666
-4355
-4199
-3081
-1850
-1181
-1162
-1693
-2465
-3125
-3320
-2791
-1818
-817
-227
-390
-1139
-2097
-2840
-2927
-2282
-1344
-607
-480
-1110
-2084
-2880
-2829
-1840
-538
810
1867
2211
2089
2080
2186
2605
3457
4382
5508
6474
6966
7084
6524
5849
5296
4830
5482
6709
7113
6722
5431
3566
1809
421
262
1007
1467
995
-682
-2755
-4327
-5425
-5673
-4867
-3927
-3508
-4049
-4993
-5378
-5419
-4875
-3682
-2457
-1340
-626
-458
-164
405
756
1184
1775
2314
2767
3175
3466
3404
3085
2554
2031
1833
1871
1960
1992
1543
633
-344
-1215
-1726
-1824
-1786
-1959
-2382
-3105
-3962
-4422
-4596
-4697
-4622
-4725
-5037
-5112
-5034
-4837
-4490
-4211
-4065
-3889
-3434
-2929
-2328
-1656
-1221
-1161
-1090
-716
-334
294
958
1396
1635
1660
1736
1839
2139
2671
3128
3731
4295
4439
4657
4959
4839
4728
4650
4601
5097
5573
5610
5517
5253
4545
3591
2916
3122
3647
3923
3812
3006
1989
858
-221
-618
-280
264
310
-555
-1744
-2868
-3873
-4281
-3922
-2995
-2222
-2112
-2624
-3314
-3706
-3661
-3129
-2202
-1128
-477
-475
-761
-1075
-1176
-905
-337
362
785
960
995
567
188
51
-99
42
298
399
413
22
-713
-1339
-1866
-2168
-2236
-2121
-2025
-2320
-2905
-3457
-3778
-3835
-3675
-3346
-2919
-2799
-2901
-2872
-2709
-2261
-1721
-1312
-843
-371
-169
45
447
905
1334
1537
1866
2267
2454
2698
2889
3001
3172
3170
3201
3190
3108
3099
2895
2707
2574
2514
2356
2324
2127
1808
1816
1589
1421
1279
1183
1317
1262
1147
1168
1091
931
656
313
297
440
387
323
315
155
-137
-502
-698
-702
-686
-661
-797
-1007
-1141
-1339
-1495
-1531
-1519
-1493
-1577
-1694
-1705
-1680
-1618
-1546
-1506
-1381
-1202
-1116
-1041
-786
-545
-460
-398
-325
-228
-165
-183
-122
109
201
47
-92
-209
-369
-564
-643
-521
-389
-397
-570
-694
-783
-939
-944
-790
-599
-445
-450
-470
-427
-398
-329
-166
64
206
259
286
409
613
735
870
1110
1245
1248
1248
1257
1309
1317
1311
1307
1313
1263
1090
989
926
821
711
687
748
729
642
622
597
455
369
338
331
347
292
123
17
-51
-259
-403
-413
-402
-462
-537
-582
-655
-756
-848
-863
-855
-849
-815
-815
-859
-914
-995
-1037
-1006
-972
-956
-876
-809
-775
-701
-609
-477
-313
-163
-24
166
296
372
461
514
608
705
782
844
837
787
741
714
681
642
694
753
655
529
436
343
247
139
125
126
29
-83
-196
-286
-324
-374
-406
-378
-330
-341
-352
-311
-287
-258
-210
-180
-148
-110
-85
-85
-89
-110
-145
-109
-57
-57
-10
77
79
95
197
299
403
492
531
558
583
609
656
758
815
770
705
568
421
349
262
177
105
-74
-321
-529
-690
-888
-1037
-1069
-1176
-1296
-1373
-1511
-1622
-1678
-1691
-1620
-1495
-1343
-1213
-1085
-932
-809
-665
-424
-132
127
411
686
859
940
1003
1121
1272
1431
1534
1554
1522
1420
1232
1070
1037
987
922
842
681
469
201
15
-93
-148
-100
-85
-120
-204
-325
-433
-480
-382
-223
-69
37
60
31
3
30
108
254
373
404
368
275
204
159
107
132
187
151
77
-32
-171
-252
-323
-316
-208
-140
-136
-193
-291
-387
-403
-335
-209
-5
123
80
5
-74
-147
-149
-41
127
206
184
82
-100
-277
-366
-345
-261
-193
-170
-261
-428
-575
-677
-677
-565
-409
-280
-214
-177
-231
-332
-303
-211
-90
79
253
344
313
235
153
123
183
269
314
330
276
119
-15
-89
-106
-70
-58
-99
-184
-300
-396
-438
-431
-380
-302
-233
-202
-204
-190
-168
-138
-29
117
278
404
451
456
429
408
425
498
624
693
646
570
481
387
359
378
436
475
412
331
260
174
112
86
98
118
114
90
67
22
-50
-92
-74
-19
18
55
70
27
-22
-94
-118
-78
-60
-25
-8
-48
-127
-211
-248
-243
-229
-195
-127
-113
-166
-196
-200
-168
-95
-40
13
70
64
15
18
61
70
75
89
67
36
-21
-76
-104
-136
-182
-230
-270
-314
-386
-469
-514
-552
-605
-623
-619
-618
-624
-628
-622
-619
-579
-505
-428
-343
-266
-186
-113
-50
31
132
225
305
366
390
408
435
438
459
480
467
457
439
406
401
397
383
372
329
279
258
246
216
191
177
168
151
118
113
109
83
67
87
120
142
169
165
151
151
116
97
134
162
155
129
93
42
3
-20
-30
-9
9
8
-6
-8
-1
-1
19
49
77
87
94
103
79
79
91
72
62
53
26
-3
-22
-45
-77
-101
-131
-171
-202
-236
-277
-315
-353
-384
-417
-452
-477
-498
-520
-539
-542
-530
-504
-466
-428
-392
-344
-290
-243
-187
-120
-57
1
61
95
108
132
145
159
198
230
244
254
256
253
251
268
273
277
293
283
285
291
282
271
252
228
211
205
201
200
210
214
207
189
172
170
162
149
141
133
119
99
68
30
-15
-61
-103
-129
-149
-154
-152
-182
-201
-213
-230
-214
-174
-147
-115
-86
-74
-52
-20
-3
23
36
25
34
53
58
62
65
61
51
33
26
31
17
2
-7
-28
-46
-64
-93
-121
-148
-175
-205
-220
-221
-220
-232
-239
-233
-251
-251
-216
-173
-141
-113
-90
-81
-70
-60
-54
-23
5
2
11
28
32
41
54
64
72
77
91
121
159
182
200
214
215
222
231
248
278
293
288
285
290
284
271
267
269
249
228
230
222
208
189
158
118
73
43
19
-11
-38
-89
-149
-188
-225
-250
-270
-282
-286
-313
-328
-307
-290
-282
-255
-228
-214
-200
-174
-144
-112
-89
-77
-65
-50
-34
-23
-4
16
22
32
50
74
84
87
91
88
79
72
82
91
82
59
32
1
-30
-51
-64
-60
-55
-70
-84
-89
-104
-122
-115
-98
-91
-82
-76
-81
-96
-110
-106
-92
-84
-71
-54
-45
-30
-12
7
47
84
106
132
162
182
193
211
232
245
240
240
244
245
242
230
214
206
196
175
168
168
152
121
87
74
59
27
7
-17
-51
-86
-126
-152
-163
-173
-179
-180
-185
-188
-193
-187
-165
-143
-121
-95
-75
-61
-53
-49
-40
-24
-17
-3
17
21
24
26
28
35
37
38
55
71
71
72
71
62
51
37
27
24
13
-6
-18
-31
-55
-73
-85
-96
-106
-110
-115
-125
-130
-144
-150
-149
-157
-155
-146
-141
-140
-141
-131
-114
-101
-83
-56
-31
-5
19
44
76
99
114
137
158
176
184
193
205
209
205
204
204
199
190
176
166
154
139
121
104
95
77
47
27
12
-18
-41
-55
-70
-85
-97
-107
-117
-120
-125
-127
-115
-104
-91
-73
-59
-43
-25
-12
-2
14
27
36
48
55
59
60
61
56
51
57
59
54
55
50
41
34
28
28
27
23
16
8
-1
-14
-22
-30
-36
-43
-52
-59
-65
-75
-86
-90
-97
-101
-108
-116
-117
-121
-126
-126
-126
-128
-129
-128
-124
-114
-100
-87
-71
-56
-44
-28
-11
2
17
35
56
75
85
100
110
107
102
105
117
123
124
123
115
100
84
69
63
60
50
37
25
14
-2
-17
-25
-33
-38
-43
-45
-41
-41
-43
-38
-35
-27
-13
0
17
33
38
43
55
59
65
76
79
78
70
61
55
45
37
31
24
21
8
-7
-11
-16
-27
-33
-35
-32
-34
-41
-41
-40
-43
-42
-36
-31
-22
-23
-25
-21
-12
-9
-1
8
8
4
-3
-6
-8
-6
-3
-10
-12
-15
-19
-25
-26
-25
-24
-19
-17
-8
1
0
-2
-3
-7
2
12
16
31
35
31
30
26
25
29
27
27
28
24
17
9
2
-11
-15
-22
-32
-36
-40
-48
-54
-58
-63
-55
-42
-40
-36
-28
-23
-22
