-48
-41
-31
-9
-3
-9
10
22
51
93
93
80
62
14
-35
-66
-107
-137
-151
-212
-286
-353
-427
-445
-446
-431
-397
-364
-310
-239
-156
-67
15
71
163
271
332
431
476
441
421
344
231
179
149
116
123
63
-72
-109
-85
42
295
542
760
895
941
969
1039
1164
1346
1468
1448
1365
1211
1092
1015
795
541
331
93
-107
-291
-568
-796
-947
-1105
-1130
-1123
-1160
-1144
-1175
-1219
-1161
-1041
-845
-678
-676
-649
-561
-528
-468
-496
-658
-704
-762
-868
-909
-1036
-1211
-1267
-1344
-1509
-1498
-1407
-1242
-1024
-1002
-1044
-1113
-1181
-1142
-1006
-900
-888
-957
-1169
-1279
-1249
-1183
-949
-857
-955
-988
-1027
-997
-755
-423
-127
275
677
1192
2095
2883
3527
4162
4580
4920
5107
5074
5114
5416
5714
5824
5443
4740
4338
4076
3753
3388
2875
2384
1806
740
-386
-1003
-1208
-1243
-1366
-1890
-2346
-2425
-2543
-2641
-2630
-2474
-2033
-1778
-2029
-2264
-2110
-1566
-953
-624
-478
-319
-259
-413
-665
-857
-662
-373
-471
-794
-1188
-1392
-1353
-1342
-1430
-1446
-1447
-1698
-2187
-2853
-3368
-3480
-3443
-3459
-3646
-3824
-3945
-3965
-3749
-3477
-3105
-2799
-2651
-2560
-2450
-2057
-1595
-1100
-592
-300
-91
177
590
1059
1514
1797
1938
2240
2464
2674
3169
3918
4975
5997
6494
6526
6584
6716
6890
7113
7238
7513
7678
7284
6563
5944
5733
5772
5563
5102
4593
3800
2541
896
-871
-2006
-2579
-3321
-4156
-4946
-5551
-5735
-5902
-6150
-5824
-5092
-4560
-4282
-4173
-3872
-3089
-2362
-2039
-1602
-838
-15
580
677
687
1002
1273
1278
944
474
163
-252
-1042
-1861
-2519
-3099
-3705
-4626
-5545
-6039
-6307
-6592
-6865
-7031
-6906
-6545
-6355
-6173
-5634
-5033
-4417
-3710
-3173
-2431
-1502
-802
-216
319
712
1071
1489
1841
2211
2507
2681
2981
3181
3186
3129
3032
3300
3796
4293
5237
6744
8320
9426
9739
9580
9881
10319
10056
9571
9276
9406
9477
8267
6510
5644
5620
5538
4644
3425
2983
2691
1155
-1300
-3273
-3842
-3775
-4992
-7261
-8614
-8657
-8432
-8811
-9129
-7970
-5716
-4582
-5080
-5499
-4740
-3073
-2123
-2355
-2170
-1063
-198
-444
-1016
-353
1406
2469
2080
1512
1755
2392
2267
1055
185
119
-257
-1727
-3640
-4873
-5315
-5773
-6947
-7992
-8121
-8036
-8282
-8653
-8432
-7266
-6040
-5481
-5097
-4266
-3046
-1931
-1140
-178
1100
2084
2413
2328
2602
3355
3781
3748
3714
4024
4350
4264
3989
4080
4705
5110
4960
5302
6868
9052
10675
10944
10757
10993
11232
10863
10124
10046
10662
10514
8539
5884
4443
4592
4770
3848
2803
2633
2514
951
-2014
-4397
-4953
-5079
-6781
-9661
-11478
-11591
-11269
-11621
-11901
-10514
-7884
-6258
-6351
-6487
-5262
-3150
-1898
-1806
-1421
-254
689
506
18
725
2439
3748
3824
3525
3635
3674
3095
1836
806
263
-990
-3180
-5406
-7139
-8225
-9151
-10195
-10541
-10210
-10061
-10171
-10046
-9052
-7422
-6072
-5262
-4459
-3262
-2260
-1651
-878
423
2115
3201
3579
4214
5285
6428
7074
7050
7194
7590
7460
6982
6624
6663
7079
6942
6306
6290
7326
8881
10129
10949
11419
11620
11240
9846
8506
8041
7737
6904
4923
2492
1080
451
58
-176
-76
833
1560
794
-796
-2244
-3090
-3840
-5629
-7956
-9483
-10280
-11241
-12622
-13462
-12672
-10634
-8879
-8069
-6925
-4899
-2861
-1504
-1017
-298
1010
1627
1216
368
157
1055
1693
1672
1965
2571
3272
3460
2700
2126
1753
586
-1390
-3622
-5202
-6138
-7087
-8186
-9154
-9500
-9622
-9782
-9301
-7971
-6093
-4470
-3549
-2502
-1070
218
1187
1914
3014
4401
5059
5113
5302
6126
7383
7969
7861
7966
8501
8774
8170
7207
6618
6205
5270
3502
2220
2975
4523
5477
5642
5572
6382
7040
6575
6037
6209
7035
7073
4891
1973
200
-439
-792
-1533
-1878
-976
-215
-962
-2590
-3534
-3152
-2764
-3831
-6135
-8071
-9170
-10468
-11900
-12415
-11312
-9011
-7316
-6652
-5569
-3521
-1041
759
1673
2697
3512
3295
2079
671
363
846
737
130
-148
102
818
1380
1721
2544
3307
3060
1757
41
-1338
-2416
-3679
-5317
-6915
-8073
-9271
-10469
-10797
-9842
-7978
-6135
-4633
-2969
-1094
572
1768
2649
3718
4573
4543
4103
3966
4532
5310
5521
5711
6389
7148
7260
6582
6126
6254
6036
4531
2447
1549
2103
2614
2248
1869
2514
3888
4281
3715
4218
6166
7880
7456
5249
3786
3582
2893
921
-1042
-1166
-126
-435
-2473
-4035
-3627
-2469
-2948
-4965
-6170
-5928
-6032
-7796
-9800
-9800
-8062
-6649
-6527
-6266
-4335
-1739
-92
769
2273
4901
6913
6914
5744
4902
4763
4080
2286
843
441
232
-418
-1241
-1183
-134
520
242
-313
-568
-794
-1864
-3589
-5142
-6454
-7949
-9861
-11359
-11542
-10877
-10100
-9234
-7819
-5594
-3231
-1444
262
2311
4088
4746
4310
3891
4040
4132
3762
3246
3315
3958
4242
4084
4177
4857
5737
6225
6168
6099
6389
6514
5980
5208
4590
4277
4215
3788
3406
3465
3461
3368
3122
2630
2325
2173
1981
1742
1119
522
428
311
-76
-704
-1510
-2093
-2721
-3855
-5195
-6030
-6276
-6375
-6669
-7183
-7020
-5960
-4889
-4089
-3092
-1413
812
2548
3406
4325
5520
6386
6418
5511
4702
4218
3154
1801
577
-255
-509
-1011
-1955
-2606
-2816
-2998
-3656
-4763
-5727
-6392
-7172
-8281
-9390
-10074
-10580
-11195
-11416
-10695
-9195
-7615
-5969
-3991
-1879
210
1838
3098
4447
5306
5487
5331
4782
4277
3903
3270
2933
3148
3357
3508
3594
3999
5048
5729
5870
6349
7254
8031
7862
6748
6153
6107
5426
4249
3269
3054
3270
2543
911
136
613
1240
1226
646
795
2033
2280
951
-115
-92
275
-521
-2711
-4173
-4078
-4174
-5302
-6664
-6895
-5726
-4764
-4846
-4646
-3092
-959
462
863
1511
3224
4712
4878
4341
4100
4270
3865
2450
1189
845
685
3
-991
-1603
-1656
-1902
-2711
-3506
-3958
-4450
-5304
-6565
-7786
-8585
-9466
-10447
-10880
-10578
-9743
-8965
-8345
-6953
-4751
-2691
-967
841
2917
4779
5619
5673
5825
6093
5939
5229
4365
3915
3858
3508
2787
2277
2409
3123
3533
3534
4068
5150
6019
6188
5738
5524
5732
5343
4357
3583
3113
2895
2383
1190
465
611
818
755
510
593
1381
1820
1234
432
23
1
-436
-1735
-2978
-3567
-4052
-4958
-5891
-6037
-5175
-4114
-3632
-3158
-2009
-384
1174
2019
2533
3473
4328
4382
3751
2970
2559
2204
1265
149
-479
-699
-887
-1238
-1520
-1483
-1351
-1427
-1738
-2188
-2698
-3423
-4594
-5989
-7340
-8556
-9564
-10356
-10784
-10767
-10387
-9528
-8041
-6082
-4036
-2042
-98
1691
3237
4258
4869
5388
5481
5113
4467
3642
3083
2607
1998
1635
1533
1666
1943
2350
3243
4532
5645
6226
6462
6732
6937
6666
6096
5761
5684
5209
3957
2409
1501
1573
1685
1307
1049
1397
1922
1701
871
634
1329
1792
1025
-491
-1640
-2129
-2741
-3911
-4803
-4706
-3999
-3813
-4247
-3954
-2537
-744
533
1079
1828
3120
4034
4114
3913
3986
4031
3281
1750
310
-478
-910
-1487
-2118
-2394
-2336
-2405
-2815
-3148
-3181
-3212
-3583
-4508
-5693
-6829
-8073
-9301
-10257
-10860
-11077
-11044
-10745
-9871
-8410
-6686
-4732
-2548
-440
1397
2854
3986
4937
5520
5619
5305
4691
4042
3395
2730
2228
1998
1954
1932
1917
2332
3522
4982
6183
7166
7975
8544
8720
8331
7917
7845
7601
6851
5520
3949
2874
2179
1480
996
898
1254
1594
1266
697
650
951
967
334
-673
-1477
-2228
-3359
-4604
-5479
-5752
-5724
-5979
-6246
-5845
-4676
-3121
-1648
-377
1005
2425
3369
3747
3953
4204
4233
3570
2255
932
-207
-1274
-2106
-2638
-2888
-2988
-3269
-3516
-3459
-3338
-3230
-3341
-3941
-4851
-6063
-7455
-8613
-9422
-9885
-10161
-10342
-10170
-9388
-8080
-6533
-4686
-2361
46
2002
3425
4570
5590
6221
6213
5793
5231
4557
3728
2810
2224
2073
2082
2119
2272
2893
4128
5582
6861
7979
8902
9424
9358
8799
8170
7749
7275
6382
5154
3902
2745
1791
1124
903
1138
1335
1209
859
542
468
483
321
-36
-653
-1615
-2938
-4428
-5549
-6124
-6444
-6680
-6810
-6740
-6339
-5651
-4640
-3238
-1577
75
1328
2159
2809
3326
3703
3792
3470
2854
2078
1161
166
-695
-1231
-1506
-1798
-2117
-2346
-2481
-2518
-2653
-2965
-3373
-4025
-4931
-5919
-6904
-7773
-8371
-8683
-8792
-8632
-8223
-7507
-6317
-4924
-3423
-1793
-281
1147
2505
3614
4390
4827
4902
4638
4061
3296
2667
2292
2123
1990
1786
1831
2225
2921
4068
5478
6879
8138
8963
9338
9519
9503
9380
9086
8242
6940
5430
3808
2389
1307
499
63
-57
-106
-140
-187
-160
107
392
405
-17
-947
-2093
-3187
-4408
-5683
-6759
-7576
-7990
-8079
-7974
-7323
-6026
-4337
-2395
-618
833
2261
3501
4271
4622
4665
4523
4002
2863
1401
144
-717
-1263
-1765
-2254
-2400
-2291
-2279
-2485
-2769
-2891
-2877
-3186
-4052
-5231
-6416
-7421
-8358
-9328
-9938
-9906
-9434
-8721
-7866
-6612
-4772
-2861
-1043
822
2505
4117
5468
6150
6355
6193
5708
5090
4324
3508
2924
2450
1975
1778
1990
2640
3799
5271
6894
8431
9505
10128
10545
10777
10835
10592
9853
8686
7054
5019
2986
1305
243
-157
-395
-708
-884
-959
-992
-952
-887
-782
-888
-1553
-2662
-3949
-5189
-6224
-7048
-7677
-8031
-8165
-8101
-7646
-6661
-5242
-3497
-1586
101
1493
2615
3345
3735
3844
3732
3331
2492
1452
518
-262
-1013
-1661
-2031
-2225
-2355
-2481
-2608
-2592
-2556
-2726
-3160
-3930
-4825
-5670
-6549
-7497
-8313
-8749
-8814
-8538
-8019
-7108
-5536
-3750
-2045
-293
1368
2958
4460
5594
6339
6685
6518
6058
5442
4580
3766
3177
2540
1881
1347
1176
1697
2674
3977
5638
7253
8520
9379
9835
10171
10512
10500
9988
8982
7459
5754
3888
1922
467
-382
-1030
-1690
-2430
-2868
-2730
-2533
-2454
-2272
-2136
-2321
-3110
-4403
-5535
-6174
-6608
-7148
-7769
-8142
-7942
-7396
-6784
-5688
-3923
-1827
136
1540
2727
4008
4940
5275
5070
4550
3951
3056
1835
674
-266
-1011
-1618
-2117
-2359
-2300
-2145
-2059
-2083
-2298
-2737
-3470
-4429
-5326
-6134
-7001
-7868
-8582
-8906
-8795
-8473
-7736
-6374
-4605
-2754
-1123
421
2055
3598
4927
5963
6600
6894
6913
6553
5926
5297
4639
4123
3684
2966
2255
1736
1602
2349
3528
4482
5376
6317
7269
7941
8053
8192
8884
9337
8669
7134
5374
4101
3136
1583
-110
-1075
-1500
-1983
-3086
-4151
-3937
-2872
-2395
-2936
-3737
-4056
-4157
-5022
-6455
-7051
-6719
-6611
-7243
-8110
-7847
-6257
-4600
-3155
-1496
588
2892
4336
4855
5554
6501
6960
6325
4862
3533
2516
1133
-584
-1788
-2244
-2598
-3166
-3736
-3777
-3295
-3151
-3505
-3849
-4087
-4425
-5144
-6197
-6972
-7356
-7792
-8348
-8585
-8057
-6884
-5769
-4647
-3051
-1247
430
1846
3280
5000
6451
6957
6728
6405
6177
5624
4710
3976
3753
3644
2935
1816
1360
1991
3179
4066
4638
5870
7380
8066
7910
7821
8576
9514
9185
7497
5805
4809
3745
2021
161
-875
-938
-1276
-2545
-3770
-3839
-2818
-2050
-2524
-3312
-3403
-3357
-4128
-5645
-6716
-6653
-6474
-7250
-8282
-8404
-7357
-5811
-4600
-3377
-1423
932
2993
4337
5320
6620
7771
7812
6762
5392
4273
3234
1796
241
-861
-1701
-2695
-3653
-4335
-4566
-4464
-4582
-4839
-4975
-5257
-5682
-6167
-6691
-6927
-7091
-7475
-7710
-7426
-6580
-5432
-4306
-3003
-1255
451
1720
2797
4020
5381
6315
6350
5911
5538
5153
4631
3949
3263
2861
2514
1907
1165
790
1352
2643
3863
4705
5561
6520
7275
7672
7846
8213
8594
8348
7222
5462
3702
2497
1600
643
-277
-945
-1334
-1851
-2514
-2649
-1911
-848
-354
-715
-1428
-2013
-2615
-3570
-4685
-5574
-6151
-6786
-7733
-8445
-8192
-6966
-5368
-3879
-2382
-474
1636
3411
4774
6035
7142
7503
6857
5642
4358
3176
1977
601
-799
-2001
-3097
-4161
-4938
-5273
-5205
-5081
-5251
-5528
-5731
-6034
-6523
-7019
-7221
-7299
-7669
-8157
-8152
-7305
-6099
-4938
-3481
-1602
290
1847
3049
4266
5652
6765
7102
6718
6260
5991
5508
4464
3179
2340
1906
1151
85
-516
67
1587
3003
3989
4988
6217
7431
8138
8296
8670
9372
9561
8589
6618
4731
3638
2736
1393
-45
-900
-1126
-1444
-2276
-2802
-2039
-531
339
-128
-1190
-1762
-2047
-3021
-4674
-5874
-6156
-6332
-7293
-8605
-8792
-7366
-5508
-4193
-3035
-1133
1365
3273
4194
4983
6227
7131
6633
5028
3532
2685
1818
310
-1234
-2083
-2450
-3015
-3824
-4151
-3719
-3267
-3531
-4294
-4883
-5228
-5837
-6783
-7471
-7664
-7956
-8564
-8979
-8569
-7158
-5370
-3745
-1989
140
2091
3382
4249
5253
6630
7644
7564
6915
6263
5628
4776
3605
2695
2416
2129
1345
383
-173
260
1384
2309
2986
3845
4742
5443
5648
5472
5804
6661
7104
6603
5329
4090
3455
2899
1901
846
302
263
149
-649
-1388
-917
213
680
33
-1098
-1588
-1642
-2557
-4071
-5027
-5084
-4944
-5640
-6868
-7059
-5732
-4105
-3099
-2265
-695
1595
3218
3635
3935
4703
5466
5156
3649
2281
1638
930
-355
-1766
-2555
-2708
-2984
-3674
-4076
-3849
-3534
-3595
-4117
-4610
-4858
-5429
-6302
-6965
-7383
-7731
-8154
-8407
-7815
-6488
-5124
-3757
-2082
-131
1684
2925
3887
5128
6328
6879
6750
6170
5532
4932
3986
3047
2531
2059
1468
589
-406
-884
-929
-601
309
1400
2208
2723
3090
3705
4693
5470
6053
6828
7384
7237
6240
4928
4485
4630
4093
2916
1911
1689
1811
1222
385
774
2028
2428
1357
-323
-1121
-1006
-1678
-3390
-4786
-5308
-5623
-6879
-8568
-8694
-7022
-5185
-4198
-3563
-2021
386
2029
2449
2842
3797
4487
3774
1899
500
115
-345
-1435
-2695
-3394
-3360
-3487
-3908
-3713
-2809
-1974
-1962
-2650
-3247
-3564
-4135
-5148
-6120
-6613
-6839
-7225
-7462
-6822
-5372
-3670
-2029
-548
1066
2824
4147
5136
5989
6542
6830
6488
5541
4625
3801
2957
2243
1551
799
173
-365
-794
-907
-1055
-1137
-547
296
947
1469
2047
3131
4368
5012
5448
6209
7224
7867
7425
6439
6081
6166
5700
4558
3531
3460
3824
3245
1986
1550
2189
2756
2053
436
-507
-696
-1613
-3617
-5702
-6749
-6842
-7539
-9104
-9849
-8957
-7362
-6190
-5474
-4078
-1560
627
1539
1979
2755
3723
3859
2709
1393
907
670
-156
-1434
-2289
-2149
-1814
-2014
-2167
-1746
-1107
-976
-1750
-2761
-3281
-3858
-4923
-6094
-6986
-7276
-7296
-7466
-7125
-5875
-4196
-2513
-929
654
2345
3732
4518
5161
5741
5909
5590
4787
3906
3160
2102
843
-133
-714
-991
-1426
-2106
-2467
-2534
-2555
-2348
-1729
-600
700
1556
2192
3172
4401
5584
6647
7644
8697
9262
8711
7722
7219
7204
7101
6415
5580
5262
4955
4114
3194
2885
3265
3369
2259
520
-760
-1662
-2893
-4719
-6401
-7223
-7866
-9120
-10418
-10730
-9812
-8343
-7254
-6245
-4398
-2198
-568
437
1303
2463
3439
3305
2493
2136
2212
2096
1389
473
193
409
387
144
171
543
823
382
-689
-1638
-2370
-3288
-4489
-5702
-6553
-7013
-7445
-7627
-6983
-5721
-4195
-2735
-1519
-163
1264
2296
2946
3428
3656
3477
2815
1864
1099
511
-189
-841
-1284
-1539
-1725
-2041
-2169
-1888
-1655
-1725
-1926
-1944
-1433
-663
-69
686
1944
3418
4704
5679
6786
8515
10248
11106
11156
10986
10981
10819
9906
8569
7710
7146
6123
4510
2746
1825
1753
1254
6
-1343
-2287
-3032
-4305
-5998
-7236
-7765
-8247
-9246
-10365
-10592
-9635
-8347
-7375
-6347
-4707
-2652
-988
55
1102
2564
3916
4351
3947
3458
3393
3539
3354
2791
2283
2079
1857
1269
685
465
395
-47
-1187
-2617
-3858
-4853
-5733
-6694
-7467
-7788
-7879
-7784
-7406
-6556
-5195
-3695
-2443
-1371
-306
612
1323
1806
2029
2047
1744
1107
459
103
-110
-421
-859
-1229
-1307
-1443
-1665
-1753
-1750
-1617
-1664
-1930
-1877
-1106
108
1319
2467
3637
5076
6658
7962
9207
10719
12232
13066
12837
12069
11515
11147
10410
9116
7645
6428
5281
3718
1851
515
21
-389
-1411
-2948
-4344
-5258
-5995
-6941
-7888
-8328
-8459
-8749
-9212
-9362
-8696
-7440
-6128
-5036
-3891
-2361
-768
485
1545
2657
3781
4622
4778
4467
4315
4261
3980
3492
2917
2362
1792
1008
33
-747
-1347
-2104
-3086
-4239
-5219
-5889
-6537
-7071
-7271
-7248
-7115
-6897
-6507
-5747
-4672
-3639
-2755
-1926
-1230
-742
-534
-435
-234
-83
-51
-169
-353
-261
36
264
548
848
929
912
790
518
386
326
118
-123
-439
-770
-682
6
1064
2373
3905
5523
7231
8829
10133
11425
12712
13628
13740
12860
11547
10317
9051
7466
5694
4161
2942
1624
-48
-1405
-1784
-1595
-1628
-2224
-2968
-3371
-3690
-4404
-5441
-6352
-6784
-7217
-8285
-9331
-9416
-8658
-7647
-6694
-5650
-4040
-2028
-435
797
2305
3961
5102
5250
4676
4157
3818
3239
2219
1003
47
-725
-1700
-2657
-3093
-2936
-2640
-2727
-3214
-3618
-3723
-3932
-4334
-4633
-4804
-4994
-5428
-5982
-6158
-5865
-5257
-4509
-3868
-3263
-2598
-2049
-1495
-800
-163
373
796
1002
1035
1014
1015
1120
1345
1498
1447
1352
1334
1302
1184
1112
1220
1515
1877
2211
2730
3697
4930
6021
6822
7626
8671
9620
10065
10146
10277
10359
9888
8696
7303
6347
5631
4668
3525
2501
1874
1484
811
83
-64
157
-38
-1027
-2329
-3289
-4045
-5105
-6410
-7410
-7838
-8203
-8997
-9672
-9361
-8105
-6673
-5551
-4439
-2955
-1402
-361
165
841
1820
2363
1961
1014
380
202
-114
-701
-1080
-893
-513
-607
-985
-936
-353
155
6
-577
-953
-1186
-1791
-2834
-3706
-4038
-4290
-4886
-5521
-5483
-4776
-4049
-3607
-3198
-2439
-1497
-896
-646
-246
377
775
766
586
675
1064
1378
1593
1917
2444
2859
2933
2963
3297
3821
4051
3907
3628
3311
2910
2281
1791
1948
2449
2784
2859
3071
3774
4717
5440
6011
6934
8019
8508
8176
7480
7098
6953
6364
5220
3948
2995
2070
660
-902
-1915
-2160
-2356
-3208
-4343
-5079
-5382
-5821
-6669
-7399
-7571
-7510
-7778
-8376
-8673
-8242
-7407
-6689
-6122
-5207
-3746
-2290
-1303
-542
485
1718
2587
2870
2958
3255
3591
3564
3163
2693
2518
2599
2425
1949
1561
1280
836
9
-1013
-1765
-2210
-2811
-3701
-4600
-5289
-5716
-6051
-6202
-5926
-5358
-4686
-4086
-3575
-2909
-2131
-1342
-547
184
846
1296
1545
1838
2297
2837
3184
3451
3814
4092
4061
3722
3412
3178
2758
2069
1319
749
281
-230
-733
-983
-663
105
919
1759
2818
4117
5297
6040
6628
7479
8356
8629
8209
7564
6996
6407
5529
4364
3387
2860
2278
1238
37
-766
-1003
-1274
-2075
-3070
-3720
-4203
-5083
-6318
-7307
-7657
-7786
-8207
-8706
-8759
-8166
-7270
-6423
-5534
-4277
-2604
-1058
40
960
2061
3205
3870
4052
4167
4389
4500
4199
3594
3085
2730
2298
1665
892
204
-337
-973
-1792
-2575
-3107
-3434
-3823
-4319
-4717
-4958
-5147
-5219
-5078
-4810
-4479
-4117
-3716
-3298
-2916
-2406
-1704
-997
-402
118
640
1161
1557
1828
2134
2380
2522
2646
2627
2496
2471
2445
2235
2016
1996
2122
2094
1870
1764
1844
1812
1601
1519
1824
2418
2880
3047
3249
3745
4450
5031
5345
5734
6295
6603
6286
5533
4960
4697
4120
2959
1649
649
-146
-1183
-2436
-3326
-3530
-3563
-4040
-4776
-5089
-4838
-4601
-4782
-5057
-4865
-4392
-4302
-4645
-4760
-4228
-3514
-3148
-2967
-2444
-1445
-481
112
642
1463
2326
2739
2654
2524
2611
2607
2139
1328
624
140
-419
-1153
-1699
-1807
-1818
-2045
-2340
-2413
-2196
-1962
-1859
-1796
-1693
-1623
-1724
-1910
-1988
-1856
-1680
-1676
-1702
-1528
-1213
-933
-685
-279
289
758
1019
1190
1494
1899
2152
2225
2244
2277
2258
2111
1938
1959
2167
2185
1897
1578
1471
1526
1472
1319
1325
1474
1441
1211
1119
1409
2037
2582
2814
2983
3260
3505
3570
3557
3704
3920
3730
3009
2207
1618
1152
525
-240
-849
-1295
-1844
-2616
-3297
-3526
-3450
-3515
-3854
-4161
-4197
-4085
-4111
-4247
-4125
-3703
-3350
-3237
-3092
-2576
-1759
-1088
-720
-305
368
1076
1510
1701
1923
2226
2319
2026
1663
1524
1517
1367
931
485
235
-10
-382
-707
-785
-730
-862
-1245
-1588
-1688
-1683
-1772
-1921
-1961
-1869
-1876
-2002
-1976
-1684
-1195
-800
-619
-364
54
388
604
833
1144
1486
1639
1574
1510
1555
1544
1402
1288
1269
1294
1220
985
833
899
993
911
721
617
616
557
307
27
-34
25
-45
-258
-372
-245
11
208
349
635
1053
1370
1554
1729
1980
2224
2236
1994
1705
1490
1281
928
496
142
-144
-491
-962
-1357
-1489
-1478
-1554
-1792
-2015
-2120
-2174
-2223
-2260
-2175
-1969
-1861
-1891
-1812
-1464
-948
-458
-45
342
747
1065
1234
1437
1725
1953
1962
1702
1388
1168
969
733
453
209
26
-217
-520
-720
-734
-685
-737
-860
-947
-1016
-1114
-1225
-1283
-1241
-1175
-1180
-1187
-1087
-864
-598
-393
-233
-47
189
375
467
532
601
677
668
597
597
624
581
460
353
319
326
291
249
292
345
295
167
81
55
15
-98
-274
-407
-483
-567
-647
-675
-624
-525
-483
-444
-242
143
564
878
1168
1496
1790
2016
2169
2388
2662
2706
2446
2072
1821
1668
1404
1005
599
278
-71
-565
-1030
-1224
-1208
-1295
-1593
-1901
-2020
-1983
-1981
-2024
-1942
-1724
-1561
-1573
-1588
-1361
-916
-534
-344
-164
131
446
657
789
994
1300
1480
1385
1187
1098
1098
1025
829
599
437
299
68
-192
-341
-408
-501
-682
-872
-974
-1030
-1110
-1195
-1214
-1164
-1116
-1108
-1075
-936
-757
-646
-577
-438
-209
-20
39
82
177
242
211
143
162
244
272
213
114
100
190
270
284
316
426
497
434
338
336
436
458
289
71
-63
-154
-286
-461
-546
-489
-421
-424
-424
-261
88
431
674
903
1178
1465
1688
1839
2016
2184
2201
2024
1752
1523
1317
1025
638
254
-79
-434
-828
-1175
-1384
-1476
-1593
-1755
-1873
-1906
-1868
-1782
-1628
-1403
-1176
-1012
-878
-656
-331
30
354
621
885
1174
1417
1583
1752
1938
2066
2057
1923
1766
1622
1447
1219
924
610
304
-3
-290
-518
-671
-805
-969
-1140
-1246
-1276
-1299
-1341
-1390
-1433
-1489
-1586
-1683
-1704
-1637
-1550
-1509
-1477
-1362
-1167
-931
-672
-388
-72
242
494
703
915
1132
1298
1394
1417
1367
1257
1081
908
799
694
541
315
63
-138
-280
-393
-498
-611
-736
-900
-1091
-1241
-1299
-1296
-1313
-1363
-1400
-1375
-1281
-1112
-846
-502
-123
219
497
757
1038
1341
1620
1825
1944
1982
1922
1769
1582
1417
1287
1153
943
661
388
204
111
63
49
61
78
64
8
-19
36
164
264
273
242
213
176
139
125
147
216
265
234
177
164
220
303
347
374
414
412
318
168
62
29
-28
-170
-378
-600
-808
-1013
-1195
-1311
-1350
-1359
-1393
-1459
-1497
-1456
-1328
-1149
-978
-836
-756
-720
-659
-547
-393
-232
-100
4
77
121
169
252
379
524
613
615
560
481
399
329
278
260
213
56
-168
-355
-451
-473
-487
-496
-502
-526
-585
-643
-624
-514
-369
-284
-296
-333
-316
-250
-160
-35
126
297
443
563
707
908
1134
1337
1491
1607
1688
1710
1680
1647
1640
1609
1499
1319
1109
911
718
518
346
224
109
-38
-199
-321
-361
-357
-353
-352
-345
-320
-311
-333
-324
-269
-223
-244
-308
-339
-329
-338
-392
-439
-425
-368
-331
-337
-341
-296
-241
-222
-203
-148
-105
-118
-193
-292
-358
-383
-405
-452
-514
-575
-643
-708
-731
-694
-629
-594
-583
-553
-498
-440
-372
-281
-176
-78
-18
12
53
110
165
199
232
274
276
194
89
34
12
-37
-122
-195
-246
-287
-344
-401
-397
-323
-247
-241
-265
-233
-170
-116
-86
-46
35
86
64
32
44
108
171
201
241
316
392
428
453
539
681
821
902
920
922
927
933
956
991
1007
973
873
734
615
563
549
510
446
357
233
104
30
35
78
94
39
-52
-134
-191
-215
-202
-169
-151
-175
-246
-319
-348
-315
-262
-217
-190
-190
-218
-258
-271
-235
-186
-169
-195
-257
-331
-391
-414
-409
-389
-372
-378
-393
-400
-389
-336
-237
-149
-114
-116
-129
-137
-134
-130
-135
-157
-190
-244
-306
-355
-378
-371
-353
-355
-365
-364
-370
-386
-390
-370
-333
-316
-320
-323
-324
-308
-272
-206
-115
-25
38
72
102
161
236
302
350
363
341
303
257
224
216
239
257
254
237
206
192
219
272
342
405
433
432
430
438
459
506
562
606
614
584
541
527
548
582
605
590
532
450
367
303
269
249
213
142
51
-32
-92
-132
-161
-172
-180
-213
-271
-314
-321
-306
-278
-254
-254
-255
-258
-263
-247
-227
-205
-171
-147
-142
-154
-171
-178
-171
-157
-158
-188
-235
-280
-312
-325
-334
-346
-359
-384
-433
-477
-485
-479
-470
-471
-464
-445
-435
-431
-407
-349
-274
-200
-142
-111
-77
-34
7
40
83
139
179
182
145
116
134
169
197
211
205
180
160
152
163
199
230
229
200
159
128
123
147
176
203
210
189
165
166
198
248
286
296
279
252
227
209
206
212
223
229
210
179
156
150
167
193
211
200
160
109
72
66
66
61
50
27
-1
-24
-34
-24
0
29
44
33
21
20
24
32
35
38
45
36
5
-29
-56
-82
-89
-89
-100
-126
-172
-227
-262
-262
-244
-224
-219
-239
-266
-276
-258
-214
-157
-113
-99
-105
-115
-114
-89
-51
-23
-15
-37
-84
-114
-117
-106
-97
-106
-126
-141
-149
-152
-142
-112
-72
-45
-34
-29
-27
-22
-7
8
19
19
4
-18
-38
-40
-25
-10
-5
-2
3
6
16
35
46
56
67
75
82
85
80
77
84
90
100
119
133
130
111
82
62
57
56
41
13
-31
-72
-95
-98
-84
-63
-49
-49
-54
-49
-20
31
86
126
148
154
147
151
176
216
247
253
232
207
197
202
217
236
237
220
199
177
156
153
161
156
140
114
77
49
27
15
16
10
-9
-29
-44
-51
-50
-44
-46
-61
-78
-96
-112
-120
-129
-136
-138
-147
-161
-176
-188
-189
-183
-183
-183
-170
-159
-163
-173
-175
-165
-151
-138
-127
-118
-116
-119
-121
-114
-96
-77
-64
-69
-82
-82
-71
-54
-32
-11
2
3
-2
-2
15
41
55
55
43
23
9
4
-2
-3
-3
-11
-29
-46
-56
-57
-54
-53
-55
-61
-71
-77
-64
-39
-15
7
24
44
70
91
112
142
170
187
189
187
183
185
182
166
149
136
120
100
78
70
75
82
80
75
77
74
63
50
37
26
24
17
3
-7
-9
-9
-7
-3
5
18
25
20
20
25
24
24
28
28
24
12
-3
-12
-12
-9
-5
-6
-17
-25
-21
-14
-8
-5
-10
-18
-23
-27
-27
-23
-25
-28
-30
-31
-30
-33
-36
-44
-46
-45
-50
-62
-78
-93
-101
-104
-109
-118
-130
-138
-140
-130
-122
-119
-109
-95
-83
-71
-59
-47
-35
-26
-20
-10
0
2
7
15
24
34
44
44
39
41
49
52
51
44
32
22
13
6
6
8
-1
-10
-12
-9
-3
0
-2
-1
5
11
16
17
21
26
35
46
54
60
65
67
75
83
89
87
77
68
67
68
65
56
44
34
30
31
37
41
34
26
21
20
24
28
27
25
24
24
24
25
28
32
31
32
34
37
33
25
19
20
20
15
5
-1
-1
0
-1
-9
-17
-25
-37
-47
-58
-72
-91
-108
-116
-114
-115
-119
-124
-126
-120
-108
-99
-96
-92
-83
-73
-61
-52
-40
-27
-20
-10
4
15
24
27
31
38
47
50
48
42
37
36
36
35
33
28
24
24
29
34
33
27
22
21
24
26
24
18
12
12
10
10
9
3
-7
-14
-14
-7
-6
-15
-24
-29
-27
-27
-27
-26
-26
-25
-23
-24
-24
-20
-17
-12
-6
-2
-6
-14
-17
-15
-4
3
0
-10
-17
-16
-6
3
8
14
15
13
19
27
33
36
35
37
39
36
30
25
20
18
16
12
5
1
3
10
16
20
22
23
26
33
39
45
45
46
45
47
52
57
60
59
58
57
58
56
51
44
34
21
9
-2
-9
-19
-31
-43
-50
-52
-55
-59
-59
-56
-52
-48
-46
-41
-34
-26
-19
-16
-13
-11
-7
-3
