-24
-24
-32
-40
-48
-48
-40
-24
-8
0
0
0
0
-8
-24
-40
-72
-112
-148
-164
-164
-148
-132
-104
-72
-40
-8
16
24
0
-32
-64
-96
-112
-112
-88
-8
148
460
844
1180
1372
1436
1372
1180
988
780
428
-32
-588
-1116
-1436
-1564
-1436
-1244
-924
-556
-180
164
428
652
780
748
620
460
396
492
620
780
876
924
988
924
812
524
104
-428
-988
-1500
-1756
-1756
-1436
-1052
-524
-16
428
716
812
652
308
-132
-652
-1116
-1436
-1564
-1500
-1308
-988
-620
-276
40
228
260
132
-148
-492
-748
-876
-876
-780
-620
-428
-260
-132
-48
-56
-228
-524
-876
-1116
-1180
-988
-684
-244
196
620
988
1308
1436
1308
988
428
-112
-588
-924
-1116
-1116
-1052
-812
-460
132
1244
2876
4604
5884
6396
5628
4860
4092
3516
3004
2108
356
-1692
-3388
-4348
-4348
-3772
-3260
-2748
-1980
-1180
-396
260
780
1052
988
524
88
32
308
716
988
1116
1180
1436
1564
1564
1372
748
-112
-1052
-1820
-2236
-2236
-1884
-1500
-1244
-988
-780
-588
-492
-556
-812
-1116
-1372
-1372
-1052
-492
72
556
748
684
524
396
228
-72
-652
-1308
-1756
-1756
-1372
-876
-372
148
524
684
620
276
-276
-924
-1500
-1820
-1756
-1372
-812
-196
428
1052
1628
2108
2236
1884
1308
684
120
-308
-716
-1052
-1116
-924
-620
-292
-180
-276
-556
-1052
-1628
-1980
-1308
844
3900
6652
7932
7676
6652
5884
5372
4860
3516
748
-2748
-5628
-7164
-6908
-6140
-5372
-4092
-2748
-1436
-396
340
1052
1436
1116
308
-212
112
1180
2236
2748
2748
2620
2620
2364
1980
1116
-164
-1756
-3260
-4092
-4092
-3132
-1884
-748
-56
292
428
492
324
-120
-620
-988
-1244
-1308
-1052
-556
228
1116
1756
1980
1820
1564
1180
684
48
-428
-588
-460
-196
-80
16
132
8
-396
-988
-1500
-1980
-2492
-2748
-2748
-2236
-1308
-396
396
1052
1500
1756
1820
1500
924
276
-396
-844
-1052
-1244
-1308
-1308
-1372
-1308
-1308
-1308
-1436
-1628
-1980
-2364
-2236
-812
2492
6652
9852
10364
9340
6908
5372
4348
3644
2236
-460
-4092
-6908
-7932
-7164
-5884
-4860
-3644
-2364
-1436
-652
132
988
1628
1500
924
652
1180
2108
2620
2748
2364
1820
1436
1372
1372
1116
324
-844
-1980
-2620
-2492
-1500
-276
684
1180
1308
1244
988
524
48
-88
-88
-164
-260
-460
-492
-32
524
844
812
524
196
16
-148
-308
-524
-716
-748
-812
-988
-1116
-1308
-1884
-2748
-3644
-4348
-4604
-4092
-3516
-2620
-1628
-556
460
1180
1500
1628
1564
1500
1116
492
-64
-324
-324
-228
-228
-460
-924
-1372
-1564
-1436
-1180
-924
-748
-812
-1180
-1692
-988
2236
6908
10876
12412
10876
7676
4348
2876
2876
2876
1244
-2236
-5884
-7420
-7164
-6140
-4860
-3644
-2364
-1436
-924
-428
524
1756
2364
2108
1884
2108
2876
3772
3900
3260
2364
1692
1308
1244
1116
460
-780
-2236
-3388
-3644
-2748
-924
652
1564
1692
1308
780
148
-588
-1500
-2364
-2876
-3132
-2876
-1980
-716
524
1244
988
396
0
-104
-88
-164
-460
-876
-1244
-1564
-1980
-2236
-2620
-3132
-3900
-4348
-4348
-3772
-2748
-1692
-716
228
1116
1820
2108
2108
1820
1372
1052
620
244
24
-72
-180
-396
-716
-1116
-1500
-1436
-924
-324
356
988
1180
988
492
396
2108
5372
8828
9852
8828
5628
2748
1436
1692
2364
1980
-244
-3260
-5372
-5628
-4860
-4092
-3132
-2236
-1564
-1116
-524
492
1756
2492
2364
1692
1244
1116
1308
1372
1180
780
396
164
244
524
492
-196
-1372
-2492
-2876
-2364
-1052
276
1180
1564
1308
588
-228
-1052
-1692
-1980
-2108
-2108
-1884
-1500
-988
-556
-164
-132
-428
-652
-556
-324
8
340
556
588
460
96
-524
-1244
-1980
-2620
-3004
-2876
-2492
-1884
-1116
-428
132
620
988
1116
1052
780
620
684
748
844
876
812
748
684
396
0
-244
-396
-356
-164
148
492
876
988
556
-132
244
2236
5116
7420
7676
5372
2492
652
524
1564
2364
1436
-1116
-3644
-4860
-5116
-4348
-3388
-2364
-1372
-844
-780
-428
428
1244
1308
716
104
-148
48
524
988
1372
1564
1308
876
620
396
-228
-1180
-2108
-2748
-2620
-1628
-460
460
844
524
-212
-1052
-1628
-1820
-1436
-748
-164
228
492
716
924
1116
988
620
212
-40
-80
80
260
292
148
-292
-988
-1692
-2108
-2236
-2108
-1692
-1180
-588
-132
112
276
356
340
324
276
148
72
104
244
460
620
492
148
-276
-524
-556
-396
-56
212
340
524
684
684
588
428
0
-588
-1052
-748
924
3516
5628
6140
4348
1884
-88
-396
876
2364
2492
988
-1436
-3388
-4092
-3900
-3004
-1884
-988
-684
-876
-1052
-844
-244
132
-104
-652
-1052
-924
-276
812
1820
2364
2364
1980
1308
716
196
-460
-1180
-1564
-1564
-1052
-56
844
1116
652
-396
-1628
-2364
-2108
-1180
-104
716
988
844
588
428
372
356
396
396
460
684
844
748
460
-112
-924
-1692
-2108
-2108
-1692
-1116
-588
-228
-48
-64
-196
-292
-324
-276
-120
164
460
684
748
652
492
244
-16
-228
-260
-244
-228
-164
-132
-164
-64
212
524
684
780
684
460
0
-620
-716
460
2492
4092
4348
3004
748
-924
-1052
180
1756
2364
1372
-620
-2364
-3388
-3388
-2492
-1052
148
492
-72
-924
-1308
-1244
-988
-924
-924
-812
-524
24
844
1564
1884
1692
1180
652
396
292
260
260
180
72
112
212
180
-56
-556
-1244
-1692
-1692
-1308
-652
24
396
396
228
112
164
428
748
844
780
748
652
460
196
-148
-588
-988
-1244
-1372
-1308
-1052
-748
-492
-292
-228
-228
-212
-180
-132
-16
112
212
228
132
-8
-48
-8
-16
-104
-196
-260
-276
-196
-72
-40
-48
-24
32
260
588
812
780
396
-356
-1052
-748
716
2620
3900
3772
2236
260
-844
-556
844
2236
2364
924
-988
-2492
-3004
-2620
-1372
40
844
556
-492
-1564
-1884
-1564
-1052
-652
-340
-120
120
492
924
1244
1244
988
716
652
780
924
988
924
556
112
-260
-524
-652
-684
-812
-1052
-1116
-1116
-988
-684
-396
-260
-276
-324
-212
112
652
1052
1180
988
684
308
-32
-276
-428
-492
-492
-620
-876
-988
-988
-812
-556
-292
-132
-112
-120
-132
-164
-180
-104
-16
-8
-112
-276
-396
-356
-276
-212
-132
-24
72
228
396
524
588
556
492
396
292
228
180
64
-148
-244
228
1308
2364
2620
1980
652
-492
-684
228
1628
2492
2236
844
-748
-1884
-2236
-1820
-748
356
844
428
-652
-1628
-1980
-1820
-1308
-780
-292
0
88
164
260
324
396
524
748
1052
1308
1308
1116
748
308
-148
-396
-356
-228
-148
-324
-780
-1308
-1628
-1500
-1116
-524
-80
80
88
72
132
356
652
844
844
684
396
56
-148
-260
-356
-460
-620
-812
-924
-780
-556
-356
-228
-244
-340
-356
-292
-212
-80
40
56
-24
-164
-324
-396
-340
-228
-88
64
244
428
620
748
716
652
556
492
460
460
428
324
72
-308
-428
72
988
1756
1756
1052
64
-524
-180
876
1980
2236
1500
132
-1052
-1564
-1500
-924
0
684
652
-24
-1052
-1756
-1980
-1628
-1180
-588
-132
48
24
-56
-112
-56
148
524
924
1244
1244
924
556
228
64
72
212
356
372
244
-48
-460
-924
-1244
-1308
-1180
-780
-396
-196
-180
-292
-396
-396
-180
148
492
684
652
396
56
-228
-324
-276
-180
-112
-64
-24
-16
-56
-180
-356
-460
-460
-428
-356
-260
-228
-228
-276
-340
-340
-244
-96
24
148
212
276
340
372
396
396
460
460
460
396
340
276
180
0
-104
148
716
1180
1180
684
-32
-396
-56
844
1692
1980
1244
32
-988
-1308
-1052
-460
180
492
308
-340
-1052
-1500
-1372
-988
-620
-324
-120
-132
-292
-460
-524
-428
-164
196
588
924
988
748
356
80
88
356
716
924
876
588
148
-260
-620
-748
-716
-556
-340
-260
-396
-620
-748
-780
-620
-372
-88
164
324
324
196
40
-32
8
148
292
372
340
212
40
-112
-180
-180
-148
-88
-88
-180
-324
-428
-460
-428
-396
-372
-372
-356
-260
-104
16
88
104
80
88
180
324
460
524
492
396
324
276
180
196
460
876
1052
844
292
-244
-292
212
988
1564
1500
652
-460
-1180
-1180
-684
-72
372
460
112
-492
-1052
-1244
-988
-588
-340
-212
-148
-228
-396
-588
-620
-396
-40
324
588
684
556
244
-16
-56
196
620
988
988
716
308
0
-112
-80
-32
-24
-48
-148
-324
-524
-652
-652
-524
-372
-292
-260
-228
-212
-212
-196
-148
-56
32
96
132
132
112
112
120
132
164
180
132
40
-24
-96
-164
-196
-244
-308
-372
-428
-460
-460
-396
-308
-212
-132
-104
-80
-64
0
112
260
428
556
620
588
524
372
196
196
428
812
924
652
180
-180
-104
396
1052
1436
1116
212
-780
-1180
-844
-180
356
556
396
-96
-716
-1116
-1116
-716
-340
-164
-164
-212
-356
-620
-844
-812
-428
80
492
652
524
148
-196
-292
8
684
1436
1884
1628
988
276
-32
104
492
812
748
372
-228
-876
-1244
-1244
-988
-748
-684
-812
-1052
-1180
-1180
-1052
-924
-684
-460
-340
-260
-196
-132
-72
80
244
396
620
748
620
460
324
244
164
64
-148
-460
-780
-1052
-1244
-1116
-844
-620
-460
-556
-844
-988
-844
-460
80
716
1116
1308
1308
1116
812
620
428
308
988
2364
3260
3004
1500
56
-260
1180
3388
4860
4348
1756
-1500
-3132
-2108
292
2108
2492
1692
148
-1692
-3132
-3516
-2492
-988
-460
-748
-1244
-1756
-2492
-3388
-3516
-2748
-1308
-64
372
132
-492
-1308
-1564
-588
1436
3516
4604
4348
2748
1180
460
924
2108
3004
3132
2108
748
-748
-1980
-2236
-1884
-1180
-876
-1180
-1980
-2748
-3004
-2876
-2364
-1692
-1308
-1308
-1564
-1756
-1756
-1372
-684
-64
460
812
924
812
684
620
652
844
988
988
876
652
372
180
132
8
-164
-292
-492
-812
-1052
-1116
-812
-372
24
276
396
396
196
40
64
48
-308
-524
460
2492
3900
3388
1436
-148
212
2364
4860
5884
4604
1628
-1116
-1628
492
3132
4092
3004
1308
-164
-1436
-2364
-2364
-1500
-780
-1052
-2108
-3004
-3644
-4348
-5116
-5116
-4092
-2364
-1052
-844
-1692
-2748
-3004
-1980
396
2620
3772
3772
2876
1980
1884
2492
3516
4348
4348
3772
3132
2364
1500
524
-132
-88
276
292
-460
-1564
-2620
-3388
-3516
-3644
-3516
-3772
-4092
-4092
-4092
-3772
-3132
-2492
-1980
-1500
-988
-524
-96
180
324
588
1052
1628
2108
2364
2364
2108
1884
1692
1564
1308
780
356
196
260
460
524
292
-24
-228
-132
-72
-356
-876
-1372
-1820
-2108
-2108
-1628
104
2364
3644
2620
260
-1372
-876
1628
4348
5884
5116
2492
428
308
2364
4604
4860
3900
2748
1980
1180
-196
-1244
-1308
-844
-924
-1436
-1980
-2620
-3900
-5372
-5628
-4348
-2364
-1436
-2236
-3388
-3772
-3388
-2236
-988
132
1116
1820
1820
1308
1180
1628
2492
3516
3900
3900
3644
3388
2620
1884
1820
2364
2876
2620
1436
-132
-1500
-2364
-3004
-3132
-3132
-3260
-3900
-4348
-4604
-4604
-4092
-3516
-3132
-2748
-2236
-1884
-1692
-1372
-924
-340
228
652
924
1052
1052
1052
1308
1500
1564
1564
1436
1436
1564
1756
1820
1756
1756
1564
1052
524
24
-292
-492
-684
-780
-876
-924
-1372
-1564
-652
652
1308
244
-1372
-1980
-876
1564
3388
3900
2876
1116
164
716
2492
3772
3516
2492
1820
1692
1372
396
-228
24
748
780
80
-748
-1628
-2492
-3132
-3004
-1980
-924
-924
-1756
-2748
-3132
-3004
-2108
-1116
-212
244
276
96
-164
-276
164
988
1820
2236
2236
2108
2108
2108
1980
1980
2236
2364
1756
620
-492
-1116
-1244
-1116
-1116
-1308
-1756
-2364
-2876
-3132
-3132
-2876
-2492
-2236
-1980
-1980
-1820
-1628
-1372
-1180
-924
-524
-40
292
260
80
180
620
1052
1372
1500
1628
1820
1980
1980
1980
1884
1756
1500
1116
812
588
460
308
32
-308
-684
-876
-924
-1052
-988
-620
0
96
-492
-1116
-1116
-104
1308
2236
2236
1372
292
-212
372
1628
2236
1980
1308
1180
1244
924
292
-8
340
844
748
148
-460
-988
-1436
-1628
-1308
-780
-524
-924
-1628
-1980
-1756
-1500
-1180
-780
-460
-260
-308
-428
-524
-276
396
1052
1564
1692
1436
1244
1180
1116
988
988
1116
1052
780
372
-8
-260
-428
-588
-748
-988
-1180
-1500
-1692
-1692
-1564
-1308
-1116
-1180
-1244
-1308
-1308
-1308
-1180
-988
-780
-524
-460
-492
-460
-244
88
460
812
988
988
924
924
924
844
844
812
844
844
716
492
324
244
196
132
-88
-340
-524
-748
-988
-1116
-716
164
988
844
-180
-1052
-924
80
1180
1628
1308
492
-212
-308
396
1436
1980
1756
1436
1436
1436
924
308
228
812
1372
1244
588
-24
-524
-924
-1052
-652
-32
164
-276
-1052
-1564
-1564
-1372
-1052
-524
72
396
228
-196
-492
-324
244
812
988
812
396
104
64
228
428
588
588
356
-16
-308
-428
-396
-396
-460
-620
-748
-844
-988
-1116
-1180
-1116
-1052
-924
-924
-988
-1116
-1244
-1244
-1052
-812
-588
-492
-428
-324
-120
64
212
292
260
260
276
324
396
460
620
780
924
988
716
428
276
292
428
460
428
212
-40
-228
-340
-324
-340
-340
-212
64
212
-132
-652
-844
-356
460
1116
1180
812
292
48
276
876
1372
1500
1244
1116
1180
1052
620
292
428
844
1052
780
244
-132
-340
-460
-492
-340
-96
-96
-372
-684
-812
-748
-556
-308
-96
-24
-104
-396
-652
-620
-356
32
260
244
8
-244
-308
-228
-40
148
260
212
0
-292
-492
-396
-228
-96
-64
-148
-324
-556
-684
-684
-620
-524
-556
-620
-588
-556
-492
-460
-324
-196
-132
-132
-196
-292
-340
-324
-212
16
276
396
324
164
24
32
132
292
396
428
428
324
212
180
228
292
260
132
-56
-244
-324
-356
-396
-428
-460
-308
0
260
180
-260
-652
-524
120
844
1180
988
556
228
212
556
1052
1244
1116
924
988
1052
876
492
356
620
924
876
492
132
-24
-104
-164
-24
260
324
-16
-588
-844
-748
-460
-260
-228
-196
-244
-372
-556
-652
-524
-308
-96
-32
-148
-276
-372
-372
-340
-276
-148
0
32
-64
-196
-260
-244
-228
-228
-228
-212
-180
-180
-180
-180
-212
-292
-340
-324
-292
-292
-372
-460
-428
-340
-244
-228
-228
-196
-196
-212
-228
-212
-148
-48
0
40
96
164
148
88
80
132
244
308
260
164
56
0
-16
-8
24
8
-48
-112
-228
-308
-396
-356
-112
180
396
228
-80
-292
-148
276
652
812
780
684
556
492
556
748
924
988
924
924
812
652
524
524
716
812
780
588
324
72
-80
-88
16
164
180
-16
-292
-460
-524
-524
-460
-356
-244
-228
-340
-492
-620
-588
-492
-324
-196
-180
-244
-308
-372
-396
-372
-260
-132
-72
-72
-104
-112
-96
-104
-120
-132
-132
-112
-96
-112
-212
-340
-356
-292
-196
-164
-228
-324
-372
-396
-396
-340
-260
-212
-212
-244
-244
-196
-164
-148
-132
-72
-24
0
0
0
0
8
32
80
148
180
112
0
-48
-24
40
64
48
-8
-48
-96
-148
-180
-180
-64
120
356
428
292
112
16
180
492
748
812
652
492
396
460
620
748
812
812
748
652
492
372
324
428
556
556
460
292
148
0
-48
0
72
96
-8
-196
-356
-428
-428
-396
-324
-260
-244
-308
-460
-556
-588
-492
-396
-356
-308
-292
-260
-244
-244
-196
-132
-40
-16
-48
-80
-72
-24
0
0
-16
-32
-48
-88
-148
-212
-228
-212
-212
-228
-244
-244
-244
-276
-292
-276
-228
-196
-212
-244
-244
-228
-180
-148
-112
-64
-40
-56
-96
-112
-64
-16
8
24
24
24
16
0
16
48
80
80
72
96
132
132
72
16
0
16
32
48
104
196
324
356
260
132
80
196
396
556
620
556
356
196
180
324
556
684
684
588
428
324
308
340
460
556
556
428
244
132
80
72
72
80
64
-16
-180
-340
-428
-460
-460
-396
-292
-244
-276
-396
-492
-460
-372
-244
-164
-132
-164
-228
-260
-228
-132
-40
0
-16
-80
-148
-180
-196
-164
-112
-72
-72
-112
-164
-196
-180
-148
-132
-148
-148
-164
-180
-164
-180
-164
-148
-148
-164
-196
-228
-228
-212
-180
-148
-120
-112
-132
-164
-164
-132
-64
16
88
132
112
72
56
72
132
196
228
212
164
112
88
88
88
96
88
80
48
0
0
0
56
112
148
164
148
120
80
96
180
308
428
428
396
324
276
292
356
492
588
620
556
460
340
260
260
292
324
324
228
88
-56
-132
-132
-88
-32
-16
-72
-180
-276
-324
-308
-244
-164
-112
-120
-180
-260
-340
-340
-276
-212
-164
-164
-196
-228
-228
-212
-180
-120
-88
-96
-132
-164
-164
-148
-132
-96
-80
-72
-96
-132
-180
-180
-180
-148
-148
-132
-132
-148
-164
-196
-212
-196
-148
-112
-88
-80
-88
-96
-88
-56
-16
24
56
72
64
72
88
96
104
112
112
104
80
56
40
40
40
32
24
8
-8
-24
-40
-32
-16
-16
-16
-8
0
0
8
24
48
88
112
132
148
164
180
180
180
196
228
244
260
276
276
260
244
212
196
228
260
276
276
276
244
228
196
180
196
212
180
120
64
24
0
-16
-16
-8
-16
-48
-96
-132
-132
-132
-132
-148
-164
-148
-164
-164
-164
-164
-164
-180
-196
-212
-196
-180
-180
-212
-212
-196
-196
-196
-196
-196
-196
-196
-196
-164
-132
-112
-112
-120
-120
-96
-64
-40
-24
-16
0
0
0
0
0
0
0
8
16
16
0
-24
-48
-40
-24
0
-8
-24
-40
-56
-72
-80
-72
-48
-16
-8
-8
-8
0
32
64
80
96
104
96
88
80
88
104
104
104
96
96
96
72
40
24
32
56
72
72
72
88
112
132
132
132
132
120
112
112
132
164
180
180
180
180
180
180
164
180
180
196
180
164
148
132
132
104
72
48
32
16
-8
-40
-64
-80
-96
-112
-132
-148
-180
-196
-196
-196
-196
-180
-180
-164
-180
-180
-180
-180
-164
-148
-120
-104
-96
-88
-96
-96
-80
-56
-32
-24
-24
-24
-32
-40
-40
-40
-24
-24
-24
-40
-56
-64
-72
-72
-80
-80
-80
-96
-104
-120
-112
-96
-64
-40
-32
-24
-24
-24
-16
0
24
40
48
56
64
72
72
56
40
48
64
72
72
72
72
64
64
64
72
80
72
56
40
24
24
24
32
32
16
8
0
-8
-8
0
8
24
40
48
56
72
96
104
120
120
132
132
132
132
132
132
148
148
132
132
120
112
96
88
88
80
72
56
40
16
8
0
0
0
0
-8
-40
-64
-72
-80
-72
-72
-80
-80
-80
-80
-88
-96
-96
-88
-72
-64
-64
-64
-72
-80
-88
-80
-64
-64
-72
-80
-96
-96
-96
-88
-88
-88
-88
-88
-96
-104
-104
-88
-80
-64
-56
-48
-48
-40
-40
-40
-32
-16
0
