17
25
17
13
18
22
31
28
17
21
30
26
27
48
55
36
17
6
19
3
32
64
-10
14
39
-88
-95
12
-81
-61
46
-148
-106
33
-222
-173
-21
-225
-229
-83
-49
-134
-260
-201
-90
-366
-431
6
-145
-293
-71
-462
-158
55
-653
-374
-80
-155
-213
-232
-109
-146
-360
-417
-155
-438
251
281
-828
128
44
-603
149
72
-490
30
377
-487
194
262
-325
220
-454
-310
177
362
598
-297
-71
166
-260
156
216
99
420
246
-73
678
252
-349
720
223
-653
820
1119
438
443
-50
352
583
499
61
844
1425
141
450
656
775
734
333
653
871
986
933
893
1387
1194
406
767
994
1337
1388
1158
1667
1323
756
845
1110
1082
947
1120
1115
1064
1018
373
318
611
148
-77
131
73
68
-84
-682
-752
-1089
-1187
-1437
-876
-21
-1902
-1525
-207
-2422
-2624
-600
-1225
-1853
-1861
-1428
-580
-2690
-2055
-334
-2418
-1977
-1837
-2052
162
-1428
-3305
-350
-431
-3746
-1131
627
-2010
-1898
-288
-661
-1648
-20
-619
-2089
-936
-614
535
-37
-596
59
-1212
-619
-335
-37
954
-120
-748
725
650
-1394
461
1117
-1196
-726
1502
2023
-121
-949
68
810
220
-403
1348
2059
231
-354
-162
1467
1365
-611
1116
1669
567
251
1067
1331
1364
957
-305
1269
1566
1452
1275
1172
1368
1282
1146
-398
2193
3245
694
794
2020
1838
1286
1737
1850
2520
1883
1005
2466
3332
1797
1272
2910
2436
1113
1471
2551
2868
1831
1189
1365
1175
538
510
1483
1300
385
96
-609
-983
-538
-733
-1238
-861
-1238
-1859
-1346
-1903
-3173
-2086
-3158
-3303
-539
-2280
-3105
-2146
-2007
-4673
-4096
-843
-2112
-2138
-2938
-2011
-1798
-3851
-3413
-1054
-1612
-4152
-415
-1188
-3758
-719
-2418
-2177
-1318
-3286
-32
-977
-1855
738
-2357
-3055
76
-294
-1569
-397
221
675
-306
-3149
-153
2664
-1218
-928
704
899
457
-707
1298
607
-1272
-454
2303
302
-1074
2150
702
181
318
-406
751
1085
1241
296
310
3021
1040
-309
1407
-174
2025
3046
-888
686
3798
1377
-30
2112
2131
70
581
2463
2079
1870
2830
2237
1212
1609
1242
2056
3668
3351
2561
2886
4156
2216
1872
3829
3360
3779
3580
2974
3857
4187
3157
2520
2785
2367
1808
2006
2689
2561
1728
542
-159
-712
-1058
-88
-1059
-1120
-265
-2816
-2999
-2313
-3825
-3226
-3241
-3229
-2693
-3985
-3301
-3278
-3830
-3516
-4335
-3127
-2326
-3414
-3244
-2285
-2726
-3585
-3054
-2074
-2833
-3247
-1514
-2496
-3786
-2635
-709
-1882
-5040
-1586
12
-3085
-3397
-1098
-1131
-2790
219
-1741
-2514
18
-3497
-2010
488
-618
-382
-195
153
-2416
-1682
1004
-1946
1993
3201
-2112
281
3004
-381
-3487
571
3200
691
842
3508
1777
-2219
-872
1261
994
1633
1606
1483
3960
1119
-2198
286
1732
2173
-54
1501
4446
1688
1332
617
-367
2147
2294
422
2175
5279
2993
483
3283
3885
1433
1485
3817
5218
4384
4305
4836
5263
4858
2267
2418
5532
5537
4062
5273
5937
4243
2694
1880
2718
3086
1956
2316
3303
3185
539
-687
112
-1360
-2396
-1711
-660
-1280
-2553
-2904
-4007
-4989
-4436
-4437
-4865
-3686
-3460
-4375
-4596
-4094
-3969
-4822
-5182
-4188
-2716
-2933
-3737
-2598
-1932
-5013
-5082
-918
-2460
-4746
-1784
-1056
-2272
-2733
-3973
-2200
-2030
-4371
-3070
-706
-147
-2071
-3700
-2362
-1330
-4098
-2320
-536
-2093
2080
-262
-5322
-965
1139
-3347
-3294
1581
2215
-47
-394
120
410
-101
-1519
636
2788
2182
2491
1634
1050
1566
65
-1385
1672
3551
1558
1840
557
1413
2669
-2162
-1846
2139
1923
783
1535
2636
1827
-208
-203
848
1122
1697
2638
4044
3878
4213
5011
3497
2580
3208
4107
4882
7012
8795
7840
6260
5018
4025
3603
4551
6409
7853
8094
6906
5364
3922
2167
1275
2780
3656
3263
3980
2780
471
-692
-2853
-3433
-2565
-2256
-1521
-2056
-2777
-3020
-5323
-6754
-5706
-5402
-4603
-3266
-3795
-4074
-4191
-5999
-6472
-5555
-4542
-2877
-2475
-3109
-3174
-3909
-5099
-4855
-4050
-2843
-1927
-1972
-2658
-4011
-3689
-3693
-4657
-2916
-2183
-2834
-1620
-1355
-3689
-4294
-1517
-2716
-4919
-1410
297
-2238
-2503
-1519
-3025
-3192
-1630
-1933
-249
1757
-379
-791
-1656
-1855
1075
-302
299
3022
2571
542
457
960
-1129
1288
2391
984
3594
3446
969
1135
-48
-1651
1250
3080
962
1838
3201
-694
-1151
791
-201
860
2304
2016
1862
2414
2824
3299
3702
4428
5306
4497
4009
5918
7107
6293
7105
8493
7637
5917
5239
6725
8244
7384
7852
8743
6509
5206
4986
4442
4060
3931
4375
3493
2150
1247
336
-628
-1585
-2361
-2883
-1877
-1761
-3358
-4337
-5026
-5227
-5558
-6183
-5016
-3427
-3968
-5074
-5447
-5445
-5416
-5356
-4505
-3312
-2713
-3143
-3957
-4378
-3843
-3686
-4249
-2840
-1997
-3108
-3719
-3372
-2962
-4193
-4732
-3566
-2747
-2679
-3362
-2974
-2494
-4617
-4826
-2345
-3358
-3411
-1076
-2747
-4166
-2219
-2700
-3501
-758
-905
-2718
-932
-764
-2177
-586
-652
317
1793
-803
-59
921
-435
908
1930
959
1728
1592
738
1966
858
-8
1181
1281
311
1106
1367
-563
1206
1207
-1840
-29
1921
331
441
1639
554
1644
2687
1932
5299
6550
4443
4225
3721
4045
6020
7811
9691
11118
8891
5911
5559
5843
8044
9710
9727
10673
9471
6616
5191
4411
4260
5127
5052
4499
3726
2218
1525
-264
-1671
-1775
-3247
-2947
-1524
-2555
-3522
-3813
-5020
-6371
-6897
-5629
-3770
-3282
-3351
-3982
-5049
-5523
-5346
-3674
-3005
-2708
-1579
-2631
-3297
-3418
-3480
-3287
-3856
-2716
-1939
-2894
-3104
-3239
-3874
-4608
-4646
-4147
-3935
-3571
-3444
-3746
-4478
-4319
-4458
-5362
-4162
-3247
-3456
-3264
-3236
-3299
-3281
-3818
-3370
-1643
-1781
-1726
-978
-1112
-755
-1046
-1117
-193
658
926
557
1263
1256
367
40
787
2184
1362
1485
1996
288
-588
28
570
-313
-142
487
-509
-426
86
-220
-601
-1173
-314
1551
2439
4567
6539
5207
2668
2244
3308
4507
7957
11222
12199
10172
7053
6116
5001
6527
10418
13005
13313
10966
8729
6317
4429
4308
5440
6799
7123
5902
3337
1471
-98
-1611
-1953
-2392
-1754
-495
-1841
-2679
-3208
-5544
-7056
-6864
-5312
-3860
-2362
-1689
-3103
-4769
-5846
-5939
-4731
-2375
-106
169
-1383
-2483
-3256
-3826
-3429
-2006
-612
-1029
-1409
-2121
-3506
-4183
-3937
-3685
-4170
-3390
-2752
-3697
-4735
-5083
-5271
-5552
-5152
-4405
-3976
-3920
-4417
-4835
-4938
-5433
-4586
-3202
-2896
-2105
-1910
-2442
-2542
-2329
-1711
-687
888
1627
1164
429
184
314
174
1137
2533
2429
1814
1171
-24
-698
-461
117
-202
-595
103
-495
-2018
-2161
-1801
-1553
-1716
-1971
-978
-328
2647
5289
3779
2419
963
1173
2585
5535
9171
11623
11866
8093
5693
3173
5047
10126
11510
13560
13075
10831
7845
4658
4065
5647
7743
8113
8217
5712
3130
1903
-544
-1459
-1549
-439
398
-395
-1087
-2636
-4880
-5763
-5984
-6221
-3822
-1278
-1245
-2754
-3729
-4110
-5420
-4754
-1931
353
1177
818
-607
-2128
-2687
-2241
-1269
-102
1194
558
-1376
-2633
-2957
-3102
-3435
-3208
-2662
-2299
-3455
-4605
-4590
-5386
-6003
-5271
-4202
-4258
-4898
-4869
-5592
-6672
-6214
-5403
-4419
-3308
-3205
-3078
-3226
-3270
-3097
-3041
-1525
-94
817
894
416
506
-163
112
535
1174
2398
2044
1353
419
-51
-634
-1166
-533
98
-262
-1046
-1356
-2159
-2509
-2910
-2465
-1059
-664
1675
4010
3187
1079
-870
-537
2045
5203
7760
10008
9853
6372
3559
1389
3465
8816
11623
12557
11083
8819
6396
3659
2787
5053
7755
8599
8207
5423
2503
703
-910
-1076
-193
876
1698
631
-955
-2310
-4577
-4790
-3634
-2853
-1361
-600
-958
-1867
-3245
-3907
-3011
-1517
106
1686
1475
468
-90
-1019
-1493
-625
1284
2020
744
-232
-932
-2292
-2953
-2339
-1764
-2144
-2480
-2888
-3929
-4768
-4926
-4370
-4223
-4148
-3531
-3715
-4760
-5197
-4932
-5253
-4978
-3933
-3716
-3646
-3694
-3538
-3550
-4016
-2586
-809
-623
-437
-123
-512
-973
-279
971
1421
1632
1757
728
13
249
-63
-48
548
342
-661
-1581
-1622
-1205
-1830
-2393
-2197
-2495
-2918
-1529
2026
3884
3929
1819
-1802
-2744
-368
3747
6768
10493
10262
5778
1707
-2145
916
6531
10190
12432
10716
7396
4053
958
-327
2721
6236
7962
7284
3508
1077
-1012
-2861
-2639
-1410
720
2082
1184
-807
-2976
-4373
-4516
-4380
-2337
1189
2433
912
-1296
-2926
-3955
-3295
-744
2431
4260
3773
1873
-635
-1579
-1009
237
2454
4202
3883
1338
-1161
-2358
-2794
-2269
-915
124
107
-1366
-3630
-4743
-5172
-5063
-3607
-2100
-1568
-2464
-3693
-4904
-6290
-5966
-4397
-2870
-1733
-1707
-2604
-3825
-4313
-3511
-2234
-1011
414
1357
669
-530
-626
-302
-245
957
2506
2768
1767
778
-109
-1600
-1499
-665
-198
47
-242
-888
-2351
-3508
-3851
-3895
-2296
-725
1104
4279
4484
2635
-1347
-3795
-1395
2365
6353
9209
10501
7712
3190
-1990
-3169
3370
8752
11078
10585
8145
4555
-223
-3492
-1857
3090
5784
6504
3567
-534
-2831
-5279
-5986
-4389
-1313
1177
750
-1521
-3440
-5207
-6098
-4948
-2852
9
2670
2693
419
-2014
-3343
-2536
-304
2253
5039
6445
4749
1543
-533
-710
761
2669
4645
5844
4192
1040
-1681
-3184
-2807
-1364
52
609
59
-1652
-4261
-6084
-5626
-4048
-3013
-1921
-805
-2133
-4647
-5610
-5704
-4591
-3191
-1826
-520
-902
-1677
-2536
-3120
-2180
-502
761
1707
2565
1892
613
159
263
1132
2084
2684
2706
1743
-5
-1087
-1305
-1403
-704
-157
-662
-1728
-2779
-3670
-3739
-2457
-1515
130
3134
4492
3364
317
-1406
-132
2337
4884
7469
9999
8760
5086
728
-1557
2403
6793
8802
9079
8222
5929
1352
-2956
-3311
575
3224
3769
2106
-1296
-3770
-6420
-8589
-7806
-4937
-2617
-1754
-3306
-5475
-7068
-8049
-7287
-5744
-2984
313
1603
156
-1961
-2819
-2548
-1285
947
3878
6176
6519
4898
2504
1168
1381
2403
4193
6055
6635
4675
1257
-815
-1925
-2239
-1484
-69
869
-72
-2317
-4900
-5751
-5231
-4648
-3448
-1920
-1190
-2289
-4056
-4833
-4786
-4216
-2735
-1159
148
558
-295
-936
-1306
-841
549
1881
3336
4059
3570
2777
1933
1353
1533
2417
3623
3700
2335
1357
837
-269
-1250
-934
-398
-402
-648
-1443
-1865
-2872
-3454
-434
3278
5353
4339
626
-1197
-232
1300
3348
8070
11171
9690
3792
-2241
-688
3288
6340
7827
7850
8470
5437
-476
-4251
-2549
1614
3019
1266
-883
-1793
-3626
-6492
-8700
-7967
-5436
-4745
-5475
-5878
-5539
-5286
-6881
-9043
-7930
-4953
-2389
-1338
-1717
-1304
-1545
-3297
-4105
-2332
1005
3640
3873
3016
2522
1618
553
275
1785
3765
4150
2919
1862
1397
132
-1372
-1724
-1245
-837
-506
-1151
-1758
-1987
-3035
-3761
-3246
-2132
-1702
-1262
-672
-656
-1205
-1692
-1404
-853
227
1432
1817
1874
2165
1733
897
1354
2541
3708
4228
4064
3737
3254
2651
1791
1892
2788
3237
3034
2055
932
254
116
-241
-735
-371
50
-364
-1180
-1690
-1480
-777
-81
940
1947
1433
227
-389
-299
871
2409
3099
2769
2575
2127
929
349
1069
2817
3586
2810
2068
1836
1399
602
173
-125
-186
-190
-821
-1847
-2241
-1727
-1575
-2187
-3167
-3301
-2654
-2620
-2687
-2427
-1789
-1351
-1715
-2171
-2332
-1873
-1360
-1613
-1903
-1577
-1313
-1406
-1559
-1284
-689
-742
-1143
-1405
-1392
-1116
-649
-323
-407
-777
-1176
-1158
-1289
-1353
-789
-306
-144
-143
-281
-222
-143
-90
217
386
759
1164
972
725
709
771
750
695
804
1021
1024
849
786
548
289
408
710
753
789
1010
873
546
163
149
431
476
683
670
433
330
41
-171
-81
131
400
507
459
443
313
56
-12
335
708
813
787
600
473
438
358
262
354
666
752
659
617
622
574
465
584
811
986
1121
1043
901
917
920
865
856
873
954
887
763
801
691
616
678
526
277
210
185
65
-127
-260
-287
-526
-805
-872
-884
-1083
-1283
-1316
-1369
-1315
-1348
-1416
-1355
-1356
-1465
-1561
-1500
-1259
-1035
-1105
-1092
-1067
-1282
-1415
-1299
-966
-725
-610
-548
-519
-591
-796
-861
-595
-227
-54
-107
-286
-202
-36
-256
-385
-100
62
40
-62
-218
-142
-115
-127
-84
-130
-67
-46
-33
-53
-166
-98
-61
-25
22
94
210
219
242
255
315
367
525
725
822
966
982
940
1074
1305
1403
1334
1403
1438
1276
1303
1426
1433
1356
1274
1152
987
1008
1100
1030
862
781
750
682
618
604
515
404
367
181
7
-20
66
157
15
-109
-53
-76
-146
21
82
-81
-182
-350
-470
-413
-203
-123
-284
-442
-637
-955
-1191
-1150
-1039
-957
-904
-975
-1139
-1314
-1380
-1320
-1350
-1305
-1084
-1003
-974
-998
-1103
-1086
-1034
-967
-820
-656
-416
-264
-339
-431
-381
-259
-174
-67
36
72
13
-68
-120
-110
8
62
18
-45
-74
-106
-214
-215
-67
-41
-98
-79
-181
-241
-99
-25
-40
-4
160
224
140
207
305
362
543
794
825
803
950
995
993
1056
1255
1429
1459
1486
1376
1210
1089
1090
1211
1261
1260
1133
936
836
707
539
434
480
488
312
165
48
-42
-136
-274
-328
-314
-367
-454
-432
-416
-474
-532
-541
-571
-505
-330
-309
-321
-311
-329
-392
-394
-256
-192
-181
-143
-184
-317
-350
-279
-278
-301
-273
-298
-410
-444
-442
-490
-535
-506
-410
-325
-312
-393
-458
-475
-482
-350
48
673
973
535
-441
-1317
-1361
-916
-447
11
163
-134
-589
-1031
-1265
-930
-346
82
42
-380
-505
-334
-261
-230
-373
-426
-26
222
188
-209
-375
230
603
640
667
625
605
467
-253
-859
-606
-36
495
582
357
251
109
-332
-593
-354
25
623
1215
1276
1101
1100
773
654
856
740
749
894
1000
1094
1153
846
685
627
223
117
116
115
187
278
292
157
-33
-319
-538
-751
-906
-771
-444
-169
61
96
-257
-451
-359
-411
-249
88
228
340
355
256
278
218
-89
-42
112
28
39
93
215
314
239
15
-154
-127
-156
-291
-363
-336
-199
-141
-158
-118
-123
-187
-346
-498
-533
-394
-251
-92
165
198
31
-244
-451
-525
-527
-362
-246
-164
-40
-42
-185
-288
-369
-477
-557
-671
-616
-383
-268
-249
-305
-381
-334
-314
-443
-543
-414
-330
-393
-310
-177
10
82
-96
-179
-79
-69
-13
237
291
293
353
394
519
554
522
505
497
476
366
304
433
586
652
540
408
487
480
333
203
171
257
294
182
107
191
172
77
81
59
19
18
-68
-191
-99
73
149
142
16
-90
-172
-186
-152
-159
-120
-19
108
170
221
376
667
926
1003
990
856
728
727
806
870
823
873
884
752
501
208
76
-6
-98
-329
-476
-465
-488
-599
-864
-1060
-1181
-1155
-1196
-1286
-1155
-930
-755
-775
-749
-718
-709
-608
-495
-441
-392
-223
-71
82
168
149
111
83
67
73
132
163
186
95
-58
-101
-148
-219
-267
-359
-494
-593
-692
-763
-740
-667
-611
-624
-626
-565
-543
-524
-435
-335
-237
-123
-14
94
181
250
305
356
451
547
559
555
625
674
719
769
826
876
846
776
676
639
603
600
550
437
423
404
361
269
254
197
183
165
69
45
42
317
628
1033
1207
1142
995
763
831
828
1014
1064
1119
1153
964
803
510
594
523
373
21
-280
-334
-578
-758
-1144
-1204
-1217
-1262
-1521
-1903
-2000
-2040
-1839
-1794
-1558
-1313
-1104
-907
-760
-538
-414
-74
186
455
585
684
774
882
1114
1010
844
693
625
475
252
68
-55
-80
-273
-573
-965
-1292
-1590
-1851
-2056
-2212
-2293
-2349
-2326
-2363
-2288
-2094
-1899
-1730
-1567
-1352
-1094
-754
-546
-314
42
386
673
976
1277
1383
1416
1439
1613
1779
1765
1733
1736
1787
1703
1465
1178
1041
896
649
321
111
124
30
-79
-345
-420
-314
-223
-199
-384
-408
-645
-788
-811
-159
1375
3144
4478
4385
3877
3579
3929
4070
4056
4533
4974
5090
3956
2833
2479
3043
3114
2163
1283
751
428
-966
-2478
-3325
-3021
-2812
-3593
-4624
-5312
-5117
-5237
-5357
-5394
-4815
-4002
-3589
-3252
-2924
-2092
-1099
-63
354
608
1034
1744
2397
2524
2565
2586
2807
2662
2286
1698
1429
1565
1309
781
248
-1
-467
-1187
-2035
-2879
-3580
-4065
-4392
-4768
-4914
-4831
-4432
-4118
-3973
-3809
-3577
-3040
-2535
-2106
-1709
-1105
-310
353
923
1405
1925
2292
2309
2154
2146
2388
2676
2763
2627
2591
2641
2573
2201
1668
1414
1149
684
-96
-710
-825
-918
-962
-1188
-1175
-1064
-1153
-1282
-1471
-1374
-1272
-1066
-997
-689
-34
1567
4185
6322
7163
6252
5576
5768
6343
5976
5385
6016
6605
5839
3102
1709
2650
4042
3314
1276
637
1110
692
-2232
-4451
-4340
-3155
-3876
-6333
-7594
-6625
-4843
-4849
-5228
-4720
-3132
-2379
-2873
-2952
-1854
87
1098
1576
1980
3050
3976
4389
4568
4140
3823
3279
2601
1506
390
-235
-334
-556
-1491
-2319
-2681
-2527
-2996
-4216
-5378
-5971
-6585
-7577
-8151
-7954
-6928
-6254
-5860
-5291
-4407
-3258
-2244
-1403
-842
-87
589
1122
1573
2116
2844
3494
3957
4019
4118
4252
4473
4384
3964
3660
3108
2438
1673
966
433
69
-296
-763
-1040
-1292
-1519
-1798
-2119
-2336
-2648
-2964
-3285
-3330
-2970
-2372
-1692
-1303
-819
-274
279
791
1455
2913
5132
7470
8614
8662
8771
9340
9738
9281
8823
8920
8904
7634
5412
3907
3625
3537
2488
1188
526
259
-824
-2824
-4310
-4801
-5051
-6276
-7961
-8942
-8825
-8334
-8186
-7876
-6905
-5426
-4320
-3448
-2306
-823
675
1484
2007
2715
3898
5219
5940
5931
5578
5481
5214
4581
3616
2810
2008
695
-961
-2562
-3432
-3890
-4322
-5076
-5675
-5950
-6212
-6650
-7317
-7612
-7544
-7390
-7357
-7162
-6453
-5254
-4006
-2869
-1572
-237
1092
2263
2992
3455
3897
4203
4273
4166
3981
3927
3909
3636
3179
2690
2298
1868
1146
422
-216
-969
-1775
-2541
-3257
-3704
-3920
-4042
-4096
-3983
-3736
-3410
-2953
-2531
-2079
-1767
-1491
-1248
-882
-587
-145
565
1267
2362
4055
6767
9303
11019
11477
11257
11128
10865
10286
9385
9165
8621
7348
5146
3346
2802
2704
2081
618
-170
-549
-1060
-2779
-4470
-5110
-5424
-6543
-8570
-9428
-8896
-7852
-7468
-6846
-5490
-3624
-1992
-1012
121
1521
3042
3538
3701
4237
5295
6245
6717
7033
6927
6539
5560
4382
3056
1968
807
-573
-2081
-3797
-5046
-5909
-6343
-6932
-7375
-7545
-7624
-7727
-7880
-7523
-7076
-6735
-6556
-6151
-5380
-4461
-3621
-2829
-1619
-188
1087
2032
2985
3913
4623
4817
4532
4317
4018
3399
2397
1440
873
626
208
-517
-1081
-1444
-1697
-2108
-2821
-3551
-3941
-4275
-4694
-4976
-4920
-4499
-3850
-3256
-2830
-2244
-1537
-755
-176
322
710
1107
1559
1897
2207
2585
3350
4659
7028
9549
11424
12184
12316
12282
12030
11679
10791
9875
8430
6502
3876
1744
1084
1076
704
-440
-1129
-1498
-1793
-2847
-3998
-4692
-5287
-6478
-8372
-9311
-9159
-8366
-7765
-6940
-5654
-3891
-2058
-407
1557
3437
4977
5539
5592
5643
5886
6139
6190
6112
5668
5012
4296
3751
3085
1985
737
-374
-1675
-3295
-4943
-6201
-7060
-7884
-8657
-9048
-9002
-8589
-7873
-7231
-6671
-6015
-5409
-5079
-4580
-3843
-3094
-2275
-1418
-543
464
1705
2700
3530
4232
4656
4775
4471
3868
2909
1959
1126
353
-397
-1026
-1430
-1716
-1762
-1878
-1913
-2001
-2213
-2588
-3172
-3639
-3875
-3599
-3308
-3009
-2525
-1775
-1120
-601
71
651
1217
1591
2115
2511
2649
2712
2877
3388
4141
5275
6870
8775
10061
10464
10594
10807
10924
10398
9135
7671
6291
4557
2267
462
-234
-574
-1628
-3173
-3877
-3456
-3017
-3523
-4196
-4351
-4474
-5417
-6702
-7271
-7068
-6683
-6611
-6293
-5096
-3009
-1022
696
2428
4304
6036
6810
6975
7020
7201
7093
6400
5236
4010
3242
2492
1464
137
-885
-1475
-2163
-3445
-4927
-5754
-6213
-6919
-8203
-9041
-8994
-8432
-7995
-7827
-7251
-6053
-4796
-4219
-3615
-2678
-1517
-693
-319
242
1221
2341
2926
3224
3627
4282
4628
4379
3866
3222
2565
1667
492
-579
-1211
-1781
-2554
-3304
-3607
-3299
-2902
-2729
-2887
-2841
-2400
-2061
-1847
-1584
-1091
-719
-606
-516
-197
379
883
1221
1517
1988
2536
2993
3317
3500
3565
3570
3517
3630
3999
4880
6259
7372
7713
7555
7484
7657
7789
7266
6591
5964
4935
3079
895
-458
-1002
-1679
-2938
-3723
-3751
-3356
-3443
-3873
-3885
-3551
-3585
-4421
-5006
-5030
-4681
-4659
-4730
-4269
-3079
-1595
-356
1089
2719
4401
5395
5713
5935
6268
6475
6059
5003
3579
2478
1628
657
-524
-1508
-2088
-2656
-3540
-4471
-4815
-4950
-5421
-6353
-7050
-6983
-6650
-6579
-6674
-6427
-5798
-5073
-4573
-3830
-2484
-1099
-248
216
892
1826
2580
2786
2747
2876
3187
3133
2567
2150
1948
1670
1111
371
-256
-657
-1073
-1749
-2288
-2381
-2255
-2216
-2271
-2218
-2015
-1752
-1532
-1256
-957
-710
-488
-346
-156
-18
144
400
631
920
1197
1437
1689
1931
1958
1904
1848
1742
1649
1526
1511
1739
2163
2986
4288
5497
6282
6741
7125
7654
7961
7588
6921
6215
5304
3790
1974
677
-12
-802
-2047
-2992
-3237
-2877
-2771
-3047
-3189
-2939
-2856
-3558
-4297
-4445
-3999
-3858
-4043
-3976
-3161
-1938
-976
-13
1229
2722
3787
4364
4829
5465
5793
5299
4227
3157
2392
1448
283
-872
-1769
-2559
-3484
-4179
-4408
-4431
-4654
-5059
-5374
-5279
-5024
-4986
-5021
-4764
-4188
-3704
-3379
-3000
-2366
-1627
-1050
-607
18
825
1413
1731
1957
2237
2519
2705
2578
2227
1931
1541
1008
478
46
-378
-929
-1532
-2020
-2197
-2158
-2104
-2069
-2010
-1831
-1586
-1430
-1368
-1255
-975
-573
-326
-214
102
624
1021
1070
1000
1161
1461
1523
1383
1307
1327
1281
1026
787
762
854
939
975
1155
1668
2288
2959
3845
4654
5092
5272
5385
5502
5381
4915
4453
3954
3061
1693
456
-144
-421
-1063
-2006
-2488
-2419
-2258
-2500
-2785
-2615
-2197
-2177
-2640
-2788
-2395
-1975
-2009
-2163
-1923
-1215
-505
-96
348
1079
1939
2680
3363
3839
4097
4101
3724
3104
2395
1727
900
-181
-1410
-2527
-3373
-3904
-4192
-4408
-4307
-3876
-3418
-3130
-2833
-2481
-2254
-2169
-2217
-2173
-2060
-2106
-2294
-2298
-1980
-1395
-692
-81
488
1126
1824
2428
2840
2982
2926
2678
2192
1583
1010
561
33
-610
-1225
-1596
-1681
-1654
-1632
-1601
-1479
-1365
-1328
-1284
-1116
-995
-1006
-985
-864
-724
-689
-601
-316
-15
159
344
623
845
913
872
879
985
1048
992
884
890
991
1126
1276
1311
1248
1152
1142
1273
1506
1852
2139
2308
2350
2391
2655
3072
3321
3203
3007
2812
2348
1570
819
372
-12
-659
-1384
-1638
-1485
-1341
-1380
-1321
-1012
-710
-663
-803
-813
-754
-753
-916
-1059
-1054
-963
-908
-818
-307
428
1136
1674
2089
2355
2363
2253
2032
1660
1069
345
-485
-1270
-1868
-2331
-2614
-2737
-2835
-2816
-2544
-2255
-1999
-1782
-1652
-1542
-1436
-1438
-1610
-1773
-1821
-1785
-1705
-1538
-1196
-672
-159
255
697
1252
1768
1999
1978
1875
1774
1594
1248
855
480
100
-260
-603
-837
-904
-936
-1021
-1094
-1088
-1000
-890
-855
-887
-935
-942
-926
-888
-860
-854
-790
-745
-718
-617
-368
-88
108
327
628
970
1185
1240
1224
1227
1220
1106
871
610
431
324
305
354
451
550
664
847
1103
1483
1979
2382
2529
2484
2394
2404
2465
2389
2190
1984
1751
1377
945
724
618
419
67
-260
-411
-506
-643
-848
-980
-1022
-1054
-1144
-1229
-1250
-1277
-1326
-1398
-1373
-1186
-882
-605
-428
-248
-19
307
636
824
855
823
743
535
280
77
-111
-409
-753
-1015
-1150
-1204
-1283
-1371
-1392
-1303
-1226
-1179
-1110
-1032
-994
-1006
-992
-911
-772
-691
-627
-509
-334
-145
22
243
480
664
817
1009
1146
1174
1105
938
716
471
219
-81
-396
-694
-885
-968
-1020
-1023
-936
-825
-810
-803
-772
-753
-770
-813
-829
-834
-841
-822
-735
-591
-392
-142
112
347
546
708
790
783
754
725
667
583
543
554
605
660
702
745
733
712
724
720
669
587
475
342
311
397
522
664
808
967
1111
1189
1252
1387
1508
1515
1438
1335
1229
1048
799
567
385
186
-43
-251
-363
-374
-426
-510
-528
-478
-466
-541
-652
-689
-603
-557
-608
-693
-716
-679
-626
-571
-488
-349
-206
-129
-120
-74
24
97
86
29
-18
-72
-126
-157
-151
-140
-125
-99
-85
-97
-102
-84
-87
-115
-122
-117
-173
-245
-279
-291
-309
-364
-415
-460
-486
-475
-446
-424
-396
-330
-298
-335
-404
-468
-517
-550
-584
-637
-679
-734
-775
-763
-724
-676
-620
-549
-471
-380
-264
-164
-115
-77
-29
8
17
9
12
42
73
85
129
203
259
285
299
356
439
479
492
504
523
535
498
455
449
460
449
425
410
427
461
455
405
353
343
353
345
334
364
432
493
541
601
714
855
960
1007
1014
1001
987
925
805
684
579
492
387
266
205
176
112
36
4
6
-17
-97
-207
-298
-379
-464
-525
-565
-590
-600
-617
-630
-593
-497
-391
-306
-228
-136
-25
66
107
145
187
204
190
159
119
74
34
-21
-103
-187
-234
-246
-267
-305
-322
-321
-347
-408
-469
-502
-526
-559
-596
-629
-660
-694
-710
-694
-658
-628
-612
-614
-600
-556
-515
-484
-469
-450
-433
-435
-457
-476
-465
-435
-416
-403
-378
-337
-295
-249
-194
-137
-66
28
131
218
283
374
469
509
513
525
572
616
610
613
653
661
616
581
572
561
514
442
375
318
255
179
95
18
-26
-40
-59
-82
-84
-47
-9
-9
7
64
140
210
275
348
426
515
588
637
698
781
847
865
865
870
860
835
808
795
775
700
592
493
407
314
200
94
2
-99
-198
-263
-304
-332
-368
-407
-415
-403
-406
-433
-449
-441
-415
-375
-349
-333
-299
-238
-170
-114
-64
1
56
49
8
-13
-9
-36
-92
-142
-168
-200
-253
-299
-340
-388
-438
-473
-523
-597
-655
-714
-771
-815
-848
-877
-904
-931
-948
-937
-906
-870
-832
-782
-726
-645
-543
-450
-354
-247
-135
-36
60
165
268
343
391
434
464
466
470
483
487
479
466
455
447
425
396
382
371
340
296
246
190
124
57
-9
-77
-126
-162
-173
-163
-136
-79
0
94
190
291
394
487
554
589
607
624
636
622
613
615
619
619
614
611
612
619
619
594
547
501
451
379
306
238
167
86
10
-40
-88
-138
-173
-185
-180
-169
-151
-117
-84
-59
-19
29
76
111
128
139
141
130
110
81
49
22
-5
-31
-56
-76
-92
-117
-147
-173
-195
-225
-275
-343
-407
-464
-521
-581
-642
-689
-723
-743
-749
-745
-727
-701
-670
-632
-586
-530
-482
-442
-406
-368
-321
-276
-238
-199
-161
-130
-98
-64
-32
-10
4
21
38
48
57
58
43
18
-3
-14
-29
-51
-72
-82
-89
-98
-104
-104
-97
-87
-72
-53
-34
-12
15
47
70
99
154
212
258
307
371
435
483
516
543
566
582
578
564
556
550
532
496
446
411
390
357
317
290
269
242
210
184
174
167
145
111
79
55
44
39
37
36
43
55
71
97
128
165
210
245
270
291
304
302
281
254
225
188
140
81
27
-13
-53
-87
-112
-132
-153
-184
-212
-239
-274
-307
-340
-386
-430
-469
-510
-537
-553
-571
-584
-587
-571
-544
-516
-483
-433
-367
-305
-254
-201
-155
-125
-107
-91
-80
-76
-75
-75
-77
-78
-69
-57
-55
-53
-49
-40
-41
-48
-58
-74
-98
-127
-156
-183
-208
-229
-248
-253
-241
-220
-191
-154
-113
-69
-19
29
76
123
163
200
236
266
290
310
327
345
358
369
385
395
403
405
405
402
391
368
336
305
275
239
208
185
167
150
135
127
123
122
122
122
124
123
121
123
126
119
119
130
134
134
130
131
134
127
116
108
98
81
63
39
27
12
-9
-23
-37
-49
-61
-75
-89
-100
-114
-134
-147
-153
-156
-169
-178
-180
-184
-192
-204
-217
-233
-248
-261
-272
-278
-284
-285
-276
-265
-250
-229
-205
-188
-176
-166
-148
-131
-120
-113
-108
-109
-110
-109
-107
-102
-94
-82
-74
-67
-55
-48
-47
-52
-56
-60
-71
-87
-98
-103
-105
-106
-97
-86
-76
-57
-29
-3
19
41
64
86
103
115
129
141
150
160
173
185
194
205
212
212
214
220
226
224
218
209
201
192
182
171
162
152
142
129
114
103
101
101
102
106
113
124
133
140
153
161
162
162
154
146
138
130
121
112
105
96
89
81
69
56
43
25
5
-19
-42
-61
-82
-104
-122
-138
-150
-161
-168
-163
-159
-160
-155
-149
-144
-142
-140
-135
-131
-131
-137
-142
-146
-145
-139
-137
-138
-133
-127
-123
-119
-110
-98
-87
-86
-91
-94
-98
-104
-111
-113
-119
-121
-119
-119
-115
-107
-99
-92
-86
-81
-77
-72
-73
-70
-64
-57
-53
-48
-43
-35
-25
-13
-2
7
17
28
40
51
58
66
75
84
89
94
103
112
119
121
122
122
125
130
129
131
135
138
140
138
137
139
141
138
133
130
128
122
112
107
103
100
97
96
95
94
98
99
99
100
102
103
99
94
91
90
79
66
56
48
41
35
33
28
23
19
16
10
-1
-10
-20
-31
-45
-57
-67
-76
-87
-94
-97
-95
-95
-95
-94
-92
-90
-90
-94
-96
-99
-106
-111
-115
-114
-110
-108
-105
-102
-97
-95
-96
-97
-96
-96
-100
-105
-108
-107
-108
-104
-98
-92
-86
-78
-71
-65
-56
-45
-36
-32
-26
-19
-11
-8
-11
-9
-5
-2
0
2
1
1
0
1
-1
-2
0
1
-1
-2
0
2
5
8
14
19
21
23
27
34
41
52
64
76
86
94
101
105
109
114
118
115
113
108
106
99
90
84
83
80
75
69
68
68
64
59
55
52
47
44
40
37
36
38
41
41
41
43
48
48
47
47
47
45
41
39
39
37
34
33
28
21
18
15
9
2
-5
-12
-23
-32
-39
-46
-54
-61
-63
-69
-79
-88
-94
-100
-107
-112
-118
-121
-123
-124
-122
-117
-111
-104
-96
-90
-86
-80
-74
-71
-69
-65
-61
-62
-61
-58
-52
-46
-38
-29
-20
-13
-8
0
6
12
16
18
18
18
17
14
9
5
3
2
-1
-3
-4
-4
-5
-7
-3
2
7
9
12
13
18
24
28
32
36
42
48
49
51
53
58
61
61
60
62
63
61
59
57
55
52
47
42
37
31
27
22
19
19
20
19
19
20
22
21
21
24
28
30
32
33
34
35
36
37
37
39
39
40
38
36
34
32
31
28
26
21
14
9
4
-1
-7
-11
-14
-20
-27
-34
-41
-47
-51
-56
-59
-60
-61
-62
-63
-63
-62
