33
17
25
43
42
29
23
57
55
25
49
67
53
36
47
56
52
65
53
36
67
98
97
78
90
126
107
129
189
180
177
207
244
228
205
219
232
206
184
197
200
156
93
78
60
58
-7
-17
26
-29
-108
-177
-185
-248
-288
-244
-243
-261
-294
-297
-303
-338
-347
-369
-359
-279
-333
-381
-330
-359
-422
-453
-427
-455
-516
-537
-568
-565
-604
-683
-721
-731
-705
-631
-561
-556
-549
-501
-422
-381
-358
-313
-280
-233
-248
-346
-322
-243
-324
-311
-222
-177
-80
31
126
209
282
220
203
300
391
457
541
565
433
330
319
436
458
553
716
706
874
1211
2195
3704
4607
4300
3364
2954
3152
3550
3778
3369
2388
1440
974
849
438
-408
-1234
-1650
-1766
-1682
-1317
-1132
-1619
-2566
-3082
-2821
-2176
-1584
-1361
-995
-317
247
942
1749
1975
1181
362
509
1010
1279
1106
698
79
-836
-1351
-1423
-1686
-2443
-3100
-2888
-2236
-1757
-1500
-1546
-2039
-2785
-3095
-2851
-2639
-2649
-2606
-2269
-1870
-1526
-1279
-1296
-1533
-1784
-1479
-522
467
1230
1581
1522
1379
1257
1104
777
334
-146
-442
-259
-18
-113
-624
-1349
-1555
-1407
-1270
-845
-583
-525
-422
-176
431
819
1026
1025
907
1112
1472
1992
2400
2515
2605
2755
3422
5483
8203
9696
8565
6278
4941
5021
6291
6755
5562
3275
1187
156
-483
-991
-2300
-4026
-4625
-4414
-3792
-2936
-2401
-3239
-5435
-6906
-6776
-5478
-3672
-2123
-764
438
1383
1952
2527
3220
3031
2638
3008
4178
6254
7854
7348
4612
1545
-721
-2303
-2669
-2810
-4047
-5720
-6103
-5116
-4517
-5326
-6860
-7589
-7117
-5986
-4176
-1988
-906
-1502
-2133
-1718
-1124
-1104
-1430
-1280
-484
558
1832
3039
3443
2414
1022
691
1012
1253
1234
883
275
-230
-396
-684
-1360
-2336
-3508
-3853
-3135
-2174
-1475
-1365
-1558
-1636
-1193
-507
-93
262
674
1078
1755
2600
2940
2635
2018
1537
902
622
785
941
1018
970
910
1417
4516
8556
10083
8068
4900
3636
4731
7084
7998
6433
3628
1328
300
-122
-980
-2789
-4411
-4893
-4551
-3415
-1648
-905
-2695
-5926
-7877
-7737
-6150
-3810
-1688
144
1649
2535
2956
3751
4523
3815
2901
3627
5632
7391
7698
6734
4470
1604
-455
-1395
-1779
-2787
-3675
-3970
-3689
-2697
-2641
-4124
-6101
-6937
-6559
-5814
-4622
-3211
-1951
-1261
-922
-256
263
-248
-1224
-1239
-104
1241
2659
3749
3711
2743
1346
332
-385
-1192
-2024
-2731
-2777
-2450
-2128
-2263
-3100
-4052
-4760
-4674
-3812
-2831
-1952
-1288
-558
199
637
641
4
-447
-456
-73
661
1258
1756
1667
1032
208
-636
-1412
-2142
-2345
-2158
-2134
-1702
-1311
-1196
-1042
-195
3222
8213
12074
12140
10005
8950
9449
11260
11688
9935
6973
4068
2387
1125
-146
-2470
-5210
-6292
-6120
-5559
-4861
-4082
-4613
-7088
-8937
-8894
-7262
-4746
-2083
742
3152
4890
5584
5979
6914
7153
6927
7364
8780
10070
10017
8625
6029
3010
90
-1957
-2498
-2626
-3585
-4894
-5257
-4669
-4203
-4757
-6325
-7931
-8257
-7375
-5800
-4017
-3007
-2739
-2812
-2605
-2015
-1601
-1666
-1927
-1242
227
1671
2955
3516
2695
863
-437
-892
-1157
-1391
-1876
-2248
-2235
-2174
-2277
-2715
-3501
-4421
-4509
-3489
-2343
-1176
-260
16
-77
-47
160
-130
-333
-339
-282
124
621
991
599
-273
-1403
-2304
-2590
-2819
-2904
-2832
-2427
-2081
-1853
-1671
-1398
-513
1631
6399
12346
15869
14939
12227
11172
12163
13698
13428
10912
7287
4309
2409
1001
-739
-3783
-6757
-7739
-7255
-6222
-4812
-4156
-5753
-8810
-10668
-10298
-7741
-4254
-1378
1290
3836
5679
6538
7485
8586
8522
7834
7946
9413
10806
10351
7887
4349
796
-2786
-5400
-5780
-5329
-6090
-7764
-8192
-7305
-6425
-6411
-7415
-8491
-8662
-7422
-5159
-2740
-1374
-1362
-1383
-731
81
575
561
240
356
1461
3222
4490
4574
3468
1663
189
-606
-710
-635
-1156
-2029
-2588
-2620
-2623
-2897
-3619
-4492
-4630
-3537
-1776
-399
340
167
-572
-1123
-985
-350
-122
-211
-551
-473
3
6
-426
-1298
-2128
-2830
-2830
-2128
-1563
-1525
-1998
-2238
-1917
-1300
-624
525
2341
5867
11015
15429
16098
13354
10807
10061
11189
11718
10008
6909
3840
1560
-662
-2845
-5381
-7940
-9088
-8924
-8115
-6732
-5268
-5147
-7060
-9035
-9180
-7396
-4109
-471
2923
5692
7681
8690
8972
9500
9730
9297
8819
9079
9726
9477
7765
4484
707
-2375
-4657
-5998
-6576
-6857
-7419
-7950
-7506
-6670
-6324
-6577
-6530
-5931
-5045
-3813
-2566
-881
615
1005
880
1045
1436
1084
478
587
1409
2449
3109
3526
3203
1988
492
-829
-1508
-2050
-2498
-2710
-2818
-2924
-3455
-4369
-5527
-6243
-6135
-5415
-4107
-2839
-1922
-1341
-1175
-1137
-904
-442
-307
-395
-36
608
1027
690
-234
-1165
-1976
-2373
-2380
-2256
-2211
-2428
-2644
-2786
-2700
-2426
-2287
-1706
-370
1848
5901
11471
15800
15704
12739
10580
10488
12005
12568
10872
7751
4910
2737
404
-1832
-4478
-6887
-7657
-7230
-6219
-4786
-3541
-4308
-6975
-8883
-8737
-6520
-3012
666
4123
7101
8887
9068
9075
9719
9614
8579
8182
9027
9683
8835
6523
3428
89
-3387
-6040
-6977
-6983
-7240
-7624
-7261
-6240
-5430
-5194
-5446
-5598
-5200
-4599
-3772
-2630
-1471
-965
-1081
-884
-366
-38
-209
-394
66
976
1846
2324
2369
1838
647
-729
-1707
-2079
-2382
-3016
-3618
-4084
-4489
-5096
-5780
-6139
-6101
-5564
-4617
-3218
-1803
-965
-724
-864
-776
-201
442
927
1271
1697
1863
1196
79
-1033
-1872
-2636
-2953
-2430
-1806
-1539
-1884
-2241
-2173
-2007
-1560
-1086
-255
1124
3339
7802
13917
18640
18515
15010
12215
11726
13221
13816
12071
8605
5001
2168
-555
-2932
-5675
-8526
-9863
-9731
-8611
-6873
-5154
-5426
-8008
-9965
-9807
-7517
-3788
332
4200
7262
9418
10224
10399
10780
10330
8991
8147
8624
9385
8878
6794
3418
-265
-3888
-7266
-9234
-9787
-9684
-9381
-8629
-7408
-6483
-6149
-6407
-6625
-6303
-5899
-5157
-3528
-1410
18
359
500
666
565
4
-473
64
1301
2442
3147
3416
2797
1027
-983
-2402
-2982
-3177
-3420
-3627
-3716
-3805
-4360
-5110
-5546
-5530
-4923
-3838
-2303
-815
86
306
124
144
433
902
1561
2325
2662
2402
1865
1086
237
-609
-1238
-1584
-1525
-1307
-1366
-1447
-1673
-1932
-2169
-1765
-1005
-244
1022
2569
5731
10733
15727
17537
15574
12880
11266
11848
13036
12314
9440
5681
2541
-296
-2707
-4782
-7290
-9149
-9838
-9421
-8013
-6230
-5551
-7285
-9398
-10032
-8628
-5185
-1057
2850
6024
8220
9074
9362
10151
10331
9228
7893
7297
7432
7381
6207
3467
-182
-3817
-7215
-9249
-9502
-8805
-7779
-6878
-6176
-5624
-4979
-4790
-5069
-5050
-4936
-4812
-4012
-2201
-455
290
97
-548
-732
-194
423
962
1729
2558
2842
2490
1750
691
-546
-1846
-2753
-3071
-3147
-3350
-3779
-4330
-4935
-5294
-5273
-4745
-3784
-2999
-2545
-1995
-1117
-514
-385
-35
731
1714
2550
3200
3401
2959
1965
765
8
-404
-670
-1014
-1421
-1621
-1690
-2031
-2834
-3589
-3561
-2991
-1989
-784
292
1241
2566
6149
11757
16772
17816
15234
12464
11639
12822
13375
11609
7934
4190
1366
-917
-2676
-4628
-7089
-9038
-9745
-9107
-7524
-5717
-5229
-6816
-8589
-8872
-6799
-2864
1264
4672
7239
9047
9727
9902
10384
10442
9435
7928
6970
6970
6752
4974
1705
-1798
-4818
-7269
-8425
-8341
-7921
-8027
-8307
-7657
-5989
-4516
-4316
-4650
-4666
-4663
-4576
-3479
-1506
-196
-416
-1099
-807
364
924
345
-8
445
724
455
393
551
165
-1138
-2704
-3328
-2898
-2635
-3247
-3981
-4246
-4356
-4457
-4205
-3590
-3077
-2999
-2986
-2315
-1022
64
504
792
1260
1934
2652
3139
3227
2655
1611
570
-211
-859
-1590
-2127
-2549
-2808
-3082
-3566
-3615
-3324
-2879
-2616
-2009
-939
33
1111
2437
5625
10998
16297
18208
16399
14126
13291
14005
14527
13084
9976
6485
3535
1010
-1132
-3304
-6194
-8559
-9576
-9521
-8447
-6766
-5965
-7223
-8812
-8822
-6956
-3805
-456
2570
5275
7184
7854
8238
9374
10156
9265
7799
6990
6665
5891
4169
1949
-364
-2681
-5179
-7067
-7231
-6805
-7126
-7798
-7683
-6689
-5664
-4574
-3949
-3954
-4214
-4360
-3838
-3028
-2355
-2231
-2094
-1195
5
882
1078
728
19
-799
-1208
-1013
-293
368
265
-345
-718
-753
-1331
-2793
-4189
-4709
-4586
-4292
-3579
-2540
-2106
-2693
-3572
-3636
-2791
-1834
-1025
93
1571
2849
3607
3849
3737
3266
2154
799
-40
-238
-564
-1203
-1713
-2249
-2860
-3594
-4113
-4082
-3477
-2645
-1970
-1083
-35
865
1981
3543
5899
9560
13976
17087
17215
15574
13925
13477
13761
12703
9849
6682
4090
1422
-1288
-3683
-6066
-8256
-9402
-9410
-8574
-7141
-6023
-6195
-7199
-7786
-7300
-5307
-2110
1037
3436
5434
6843
7384
7766
8319
8373
7654
6594
5747
5525
5387
4292
2246
126
-1953
-4001
-5450
-6234
-7019
-7947
-8530
-8327
-7156
-5724
-4987
-5108
-5271
-5189
-5050
-4539
-3645
-2545
-1495
-581
285
922
1114
508
-701
-1517
-1254
-185
827
1505
1827
1648
949
-16
-955
-1992
-3109
-4074
-4396
-3956
-3445
-3404
-3937
-4559
-4721
-4376
-3613
-2539
-1273
-160
666
1555
2437
2959
2838
2122
1361
830
491
109
-168
-403
-956
-1756
-2427
-2503
-2216
-2056
-2124
-2008
-1393
-591
309
1205
1754
2086
2848
5361
9749
14243
16383
15457
13460
12266
12417
12690
11481
8716
5625
3166
1037
-1009
-2854
-4608
-6012
-6799
-6856
-5964
-4662
-4305
-5539
-7145
-7560
-6368
-4114
-1739
284
2077
3473
4234
4910
5999
6958
7092
6766
6564
6665
6838
6343
4896
3056
1307
-446
-2136
-3546
-4859
-6306
-7579
-8205
-8013
-7328
-6874
-6886
-6869
-6394
-5931
-5781
-5464
-4646
-3562
-2697
-2039
-1374
-837
-798
-1217
-1267
-507
433
893
1026
1214
1234
914
454
-73
-729
-1583
-2497
-3180
-3545
-3824
-4188
-4381
-4174
-3673
-3034
-2427
-1848
-1368
-1087
-750
-103
710
1259
1440
1458
1450
1489
1460
1103
443
-335
-1022
-1408
-1366
-1221
-1182
-1062
-811
-611
-529
-325
34
549
1078
1624
2381
3474
4879
6860
9583
12101
13074
12557
11796
11472
11597
11361
9836
7338
5055
3181
1223
-436
-1565
-2546
-3366
-3822
-4143
-4374
-4324
-4449
-5180
-5959
-6278
-5881
-4739
-3240
-1785
-393
1130
2334
3070
3811
4786
5787
6277
6088
5634
5435
5334
4744
3585
2286
992
-370
-1568
-2839
-4636
-6630
-8051
-8643
-8525
-8036
-7711
-7501
-6983
-6319
-5857
-5378
-4843
-4568
-4365
-3649
-2402
-971
185
710
758
859
1140
1226
1236
1304
1226
862
329
-133
-389
-825
-1850
-3099
-3845
-3926
-3741
-3428
-3002
-2605
-2416
-2342
-2138
-1714
-1225
-1005
-1022
-693
251
1361
2124
2520
2662
2390
1747
1128
849
776
536
116
-82
181
498
460
245
27
-282
-614
-626
-186
545
1147
1243
1119
1426
2442
4068
6190
8181
9187
9249
9181
9442
9856
9822
8828
7202
5760
4701
3653
2636
1711
749
-259
-1010
-1357
-1475
-1692
-2591
-4202
-5805
-6717
-6761
-6048
-4906
-3686
-2370
-999
83
906
1606
1936
1972
2172
2789
3621
4375
4781
4535
3810
2872
1657
204
-1237
-2510
-3654
-4594
-5168
-5411
-5388
-5299
-5409
-5626
-5766
-5695
-5336
-4886
-4599
-4309
-3743
-3049
-2476
-2119
-2003
-2086
-2108
-1855
-1268
-524
-39
-18
-194
-288
-351
-389
-426
-404
-285
-122
58
324
636
647
270
-114
-360
-562
-672
-670
-590
-440
-168
-38
-181
-317
-386
-458
-519
-418
-159
77
193
75
-114
-179
-180
-118
15
392
960
1345
1393
1249
1177
1156
1130
1306
1731
2108
2199
2145
2274
2703
3266
3771
4315
5093
5886
6336
6479
6590
6647
6355
5576
4528
3532
2658
1873
1184
644
234
-131
-503
-978
-1570
-2152
-2638
-3079
-3418
-3489
-3324
-3074
-2751
-2303
-1717
-1037
-464
-199
-44
238
528
705
780
837
895
959
1010
996
861
533
24
-502
-967
-1503
-2088
-2540
-2867
-3088
-3090
-2971
-2882
-2836
-2842
-2952
-3074
-3125
-3222
-3283
-3112
-2711
-2279
-2003
-1872
-1787
-1679
-1517
-1296
-1010
-588
-80
346
682
1007
1271
1354
1258
1131
1093
1092
1040
914
760
501
58
-441
-763
-812
-817
-883
-988
-1053
-999
-908
-853
-787
-671
-518
-280
55
425
687
841
927
998
1090
1181
1346
1552
1725
1821
1904
2034
2025
1761
1316
859
482
138
-95
-131
25
295
533
803
1215
1706
2108
2405
2813
3315
3629
3608
3463
3369
3204
2797
2236
1766
1461
1207
912
636
483
399
204
-87
-357
-625
-1061
-1600
-1962
-2121
-2181
-2206
-2181
-2066
-1795
-1351
-875
-457
-170
-136
-252
-323
-237
-71
26
-64
-317
-464
-479
-638
-1062
-1554
-1910
-2067
-1966
-1693
-1362
-1047
-930
-1058
-1256
-1437
-1589
-1720
-1880
-2033
-1968
-1682
-1388
-1146
-953
-859
-793
-555
-146
219
401
500
662
865
1025
1111
1090
931
681
457
334
271
188
18
-214
-390
-476
-552
-636
-650
-622
-633
-646
-516
-300
-131
-10
90
244
468
763
1025
1234
1430
1467
1389
1285
1191
1043
794
575
419
334
252
93
-54
-183
-298
-345
-259
-83
9
-6
-72
-72
57
215
406
665
967
1279
1611
1947
2169
2185
2028
1853
1782
1818
1806
1630
1443
1314
1159
987
821
623
328
-37
-387
-580
-605
-736
-1046
-1379
-1628
-1761
-1818
-1817
-1763
-1674
-1536
-1289
-906
-554
-450
-582
-769
-861
-782
-586
-376
-198
-61
-1
10
57
80
-24
-199
-345
-421
-406
-328
-287
-382
-575
-711
-759
-753
-784
-875
-916
-887
-802
-691
-503
-284
-164
-82
-20
109
327
501
562
517
465
431
440
502
505
418
312
259
253
192
96
3
-91
-152
-136
-19
93
38
-206
-429
-464
-383
-337
-312
-257
-184
-80
-11
1
-18
-91
-248
-340
-226
0
154
187
166
184
259
291
245
185
196
239
240
228
238
244
203
162
138
156
231
308
425
681
1066
1438
1676
1754
1677
1531
1392
1263
1121
957
824
723
639
536
375
211
55
-160
-416
-605
-698
-803
-973
-1164
-1273
-1259
-1195
-1091
-909
-668
-430
-242
-82
74
175
198
156
139
192
283
367
364
271
149
50
-51
-130
-155
-166
-204
-269
-346
-398
-399
-450
-568
-650
-650
-625
-597
-525
-453
-440
-467
-480
-437
-288
-95
27
86
166
258
327
423
503
477
385
319
326
359
321
177
22
-53
-142
-283
-432
-593
-735
-796
-779
-752
-755
-789
-848
-871
-824
-768
-768
-766
-662
-492
-316
-133
26
88
86
92
133
243
341
353
335
363
426
465
455
431
454
479
468
424
361
305
257
229
258
345
436
537
731
1015
1258
1334
1249
1118
1002
899
786
660
556
455
335
254
242
237
184
90
-42
-167
-243
-303
-396
-505
-584
-606
-555
-432
-269
-95
85
236
325
377
413
434
417
357
291
273
296
291
222
91
-76
-203
-279
-350
-394
-363
-293
-270
-302
-350
-400
-445
-500
-566
-587
-548
-503
-466
-399
-288
-188
-138
-113
-64
13
76
110
180
270
298
286
272
237
123
-34
-177
-277
-304
-361
-480
-604
-721
-844
-966
-1039
-1063
-1081
-1091
-1085
-1036
-960
-882
-788
-680
-557
-425
-294
-136
6
80
122
176
270
363
401
377
350
350
323
276
273
288
272
220
193
212
211
149
46
-20
-24
25
86
165
285
430
613
830
1058
1209
1255
1233
1210
1207
1194
1141
1048
950
849
748
663
606
549
473
359
237
152
95
9
-145
-310
-436
-503
-491
-391
-253
-113
1
67
113
186
264
273
229
190
208
258
285
254
164
58
-34
-106
-147
-164
-187
-224
-265
-291
-313
-330
-345
-378
-417
-453
-473
-488
-497
-511
-537
-541
-501
-433
-373
-315
-245
-192
-167
-154
-130
-116
-137
-182
-229
-266
-317
-396
-481
-565
-638
-702
-749
-775
-788
-795
-825
-851
-834
-796
-763
-709
-602
-482
-354
-206
-55
72
146
174
193
227
260
270
258
253
260
261
234
206
210
198
145
82
44
27
-7
-43
-82
-130
-136
-70
68
252
451
654
889
1184
1455
1594
1612
1592
1590
1596
1566
1462
1306
1156
1004
826
647
499
402
331
226
85
-37
-130
-275
-471
-613
-676
-683
-663
-599
-404
-80
226
343
338
411
573
779
926
953
888
819
808
770
659
433
117
-149
-325
-462
-595
-694
-788
-927
-1037
-1064
-1025
-981
-1000
-1064
-1110
-1084
-1048
-1024
-1004
-988
-951
-893
-794
-663
-543
-480
-462
-423
-364
-346
-371
-410
-480
-605
-766
-919
-1081
-1236
-1379
-1533
-1660
-1715
-1706
-1698
-1692
-1654
-1576
-1448
-1262
-1035
-812
-623
-414
-166
53
197
261
285
271
269
299
300
234
130
56
38
55
41
-70
-195
-239
-212
-121
6
154
219
196
270
597
1244
1980
2717
3571
4514
5338
5717
5644
5328
5047
4911
4679
4205
3533
2835
2180
1500
807
203
-130
-257
-447
-707
-898
-1007
-1256
-1698
-2063
-2102
-1764
-1289
-802
-188
567
1231
1588
1780
1982
2199
2326
2395
2498
2546
2342
1831
1243
703
143
-550
-1265
-1807
-2138
-2348
-2556
-2703
-2762
-2838
-2961
-3046
-3001
-2879
-2797
-2733
-2615
-2401
-2182
-2055
-1965
-1875
-1771
-1666
-1472
-1172
-873
-627
-481
-441
-521
-683
-829
-918
-995
-1156
-1392
-1532
-1585
-1708
-1909
-2104
-2207
-2257
-2339
-2407
-2314
-2047
-1830
-1725
-1562
-1340
-1195
-1102
-883
-572
-341
-239
-233
-198
-63
53
34
-14
-21
-1
55
162
282
372
400
402
544
847
1151
1321
1447
1529
1648
1998
2696
3604
4592
5735
6767
7535
7793
7497
6894
6427
6265
5930
5233
4265
3264
2379
1575
694
-152
-670
-842
-975
-1176
-1401
-1688
-2013
-2468
-2810
-2747
-2129
-1247
-418
412
1285
2277
3227
3837
3925
3689
3409
3271
3382
3527
3277
2580
1750
858
-196
-1372
-2484
-3383
-3949
-4219
-4307
-4183
-3959
-4012
-4433
-4842
-4940
-4757
-4446
-4049
-3612
-3149
-2799
-2675
-2618
-2628
-2739
-2798
-2493
-1790
-1018
-397
-61
74
110
-44
-378
-709
-884
-978
-1096
-1185
-1308
-1550
-1958
-2541
-3132
-3543
-3730
-3774
-3605
-3216
-2817
-2507
-2247
-2056
-1938
-1816
-1633
-1336
-881
-342
127
458
597
509
277
143
171
293
485
767
1155
1534
1854
1996
1999
1881
1681
1522
1535
1773
2041
2389
2966
3847
4809
5799
6857
7827
8489
8528
8021
7417
7222
7159
6509
5219
3768
2483
1434
572
-138
-593
-674
-598
-679
-693
-673
-891
-1397
-1874
-1950
-1558
-702
187
932
1648
2271
2611
2889
3344
3557
3263
2763
2445
2341
2392
2110
1165
-88
-1275
-2446
-3584
-4271
-4621
-4786
-4691
-4354
-3970
-3744
-3814
-4285
-4780
-4900
-4714
-4371
-3887
-3467
-3220
-3051
-2953
-2938
-2890
-2703
-2432
-1887
-1009
-151
422
638
500
26
-515
-923
-1321
-1724
-2067
-2364
-2631
-2876
-3171
-3617
-4088
-4386
-4528
-4454
-4143
-3656
-3116
-2675
-2335
-2070
-1776
-1453
-1178
-927
-570
-95
357
699
906
923
836
863
974
1188
1487
1736
1830
1966
2139
2103
1943
1877
1874
1899
2149
2402
2442
2380
2563
3104
4019
5145
6154
7175
8297
9199
9321
8833
8216
7748
7371
6758
5719
4424
3222
2067
981
134
-410
-699
-744
-680
-733
-949
-1287
-1708
-2091
-2190
-1900
-1329
-693
-75
522
1210
1926
2611
3086
3100
2742
2347
2229
2296
2368
1955
945
-214
-1272
-2355
-3458
-4229
-4690
-4879
-4713
-4293
-3912
-3809
-4129
-4808
-5362
-5421
-5170
-4829
-4341
-3821
-3406
-3163
-3075
-3067
-2991
-2817
-2511
-1775
-695
193
581
634
459
74
-406
-926
-1461
-1887
-2208
-2545
-2820
-3034
-3426
-4040
-4571
-4810
-4757
-4479
-4075
-3625
-3070
-2532
-2197
-1980
-1781
-1644
-1485
-1057
-411
223
689
879
898
978
1093
1163
1290
1589
1892
2137
2441
2640
2657
2445
2241
2187
2324
2523
2650
2860
3053
3065
2883
3018
3620
4524
5465
6385
7460
8583
9432
9490
8953
8215
7577
7037
6347
5305
3980
2715
1616
643
-113
-473
-563
-567
-688
-847
-971
-1162
-1552
-2060
-2206
-1918
-1379
-695
210
1299
2023
2084
1784
1588
1707
1809
1773
1691
1656
1506
905
-63
-1212
-2275
-3173
-3779
-3979
-3911
-3792
-3805
-3910
-4133
-4531
-5029
-5370
-5412
-5255
-5054
-4776
-4400
-4080
-3977
-4095
-4151
-3882
-3295
-2573
-1822
-1040
-350
70
238
245
142
-100
-438
-723
-956
-1176
-1539
-2047
-2593
-3168
-3728
-4249
-4549
-4503
-4256
-3995
-3784
-3506
-3165
-2932
-2828
-2758
-2508
-2027
-1421
-784
-213
261
533
740
1056
1406
1690
1920
2265
2671
3050
3302
3354
3283
3168
3009
2875
2945
3145
3261
3293
3318
3149
2806
2517
2529
2933
3717
4682
5502
6464
7606
8481
8633
8189
7481
6763
6391
6177
5669
4791
3871
2890
1827
966
378
-198
-665
-783
-818
-882
-1000
-1321
-1934
-2467
-2580
-2393
-1775
-601
547
1083
1073
925
861
1023
1359
1500
1525
1553
1423
957
169
-768
-1745
-2450
-2774
-2916
-2930
-2993
-3328
-3895
-4481
-4927
-5300
-5412
-5311
-5196
-5012
-4860
-4792
-4778
-4688
-4572
-4368
-3770
-2921
-2108
-1370
-716
-288
-82
72
153
70
-69
-292
-610
-874
-1155
-1617
-2214
-2728
-3154
-3546
-3785
-3856
-3808
-3692
-3626
-3590
-3474
-3246
-3052
-2962
-2756
-2387
-1912
-1394
-848
-305
86
373
651
954
1313
1716
2114
2450
2798
3157
3325
3319
3262
3151
3008
3035
3201
3192
3057
2958
2854
2700
2544
2368
2202
2339
2915
3688
4510
5325
6079
6770
7366
7562
7226
6804
6555
6404
6135
5602
4783
3766
2701
1605
649
28
-250
-297
-241
-230
-393
-718
-1166
-1739
-2252
-2344
-1918
-1038
24
861
1215
1230
1095
884
911
1198
1365
1249
1146
1013
562
-203
-1116
-2022
-2673
-2937
-3131
-3324
-3490
-3777
-4272
-4712
-4860
-4919
-4921
-4823
-4730
-4655
-4530
-4355
-4218
-4080
-3844
-3522
-3032
-2410
-1893
-1520
-1199
-871
-627
-420
-280
-348
-488
-630
-837
-1147
-1525
-1968
-2421
-2708
-2896
-3098
-3260
-3369
-3508
-3668
-3721
-3635
-3501
-3331
-3102
-2864
-2569
-2230
-1883
-1534
-1140
-680
-236
212
607
924
1246
1653
2074
2398
2656
2935
3281
3561
3641
3563
3510
3536
3568
3488
3311
3190
3128
3024
2779
2543
2475
2588
2923
3430
3971
4481
5023
5569
6064
6443
6576
6424
6177
5992
5811
5474
4885
4039
3093
2296
1730
1378
1254
1283
1257
1076
785
354
-166
-756
-1393
-1823
-1641
-851
-38
367
329
26
-299
-394
-326
-313
-356
-371
-409
-563
-827
-1300
-1919
-2420
-2691
-2799
-2769
-2704
-2817
-3111
-3393
-3559
-3616
-3546
-3461
-3433
-3403
-3415
-3550
-3734
-3887
-4015
-3997
-3718
-3241
-2712
-2249
-1989
-1947
-1934
-1842
-1676
-1429
-1150
-939
-834
-854
-1073
-1429
-1790
-2128
-2420
-2592
-2643
-2707
-2818
-3019
-3367
-3742
-3956
-3947
-3775
-3447
-3065
-2734
-2427
-2135
-1836
-1498
-1069
-593
-130
373
902
1369
1796
2239
2646
2984
3276
3482
3597
3696
3741
3657
3525
3401
3267
3099
2927
2784
2695
2660
2608
2504
2399
2321
2295
2386
2667
3113
3674
4331
5028
5712
6293
6633
6691
6585
6384
6133
5847
5500
5055
4511
3955
3466
3071
2707
2304
1805
1241
699
180
-307
-728
-1073
-1259
-1240
-1143
-1139
-1302
-1508
-1559
-1447
-1273
-1127
-1042
-1049
-1170
-1373
-1595
-1761
-1879
-1975
-2064
-2122
-2101
-2068
-2137
-2346
-2596
-2786
-2835
-2775
-2716
-2714
-2793
-3035
-3439
-3848
-4164
-4319
-4245
-3969
-3630
-3353
-3172
-3138
-3220
-3281
-3217
-2994
-2628
-2216
-1901
-1774
-1819
-2009
-2257
-2462
-2604
-2660
-2663
-2627
-2542
-2469
-2484
-2578
-2658
-2699
-2714
-2646
-2396
-1969
-1501
-1146
-910
-695
-374
40
467
935
1395
1780
2078
2316
2479
2537
2521
2455
2401
2394
2323
2126
1911
1740
1617
1528
1508
1564
1734
2009
2203
2285
2334
2359
2318
2277
2342
2527
2797
3057
3207
3270
3344
3514
3832
4300
4824
5263
5538
5626
5630
5644
5663
5601
5412
5143
4801
4485
4249
4028
3761
3486
3210
2885
2553
2254
1956
1645
1287
760
130
-414
-835
-1228
-1606
-1951
-2336
-2783
-3244
-3610
-3752
-3639
-3486
-3480
-3552
-3618
-3659
-3636
-3554
-3481
-3398
-3245
-3064
-2881
-2708
-2600
-2580
-2554
-2508
-2492
-2479
-2472
-2530
-2662
-2785
-2949
-3193
-3455
-3671
-3815
-3892
-3979
-4149
-4305
-4381
-4418
-4432
-4368
-4276
-4236
-4194
-4103
-4015
-3910
-3729
-3504
-3249
-2926
-2546
-2179
-1841
-1551
-1331
-1088
-736
-327
50
388
755
1142
1515
1809
1969
2051
2130
2195
2257
2419
2587
2599
2476
2328
2249
2273
2350
2410
2487
2645
2843
2976
3037
3065
3072
3101
3135
3158
3218
3287
3284
3234
3235
3340
3503
3666
3829
4037
4379
4859
5336
5669
5792
5698
5479
5311
5293
5376
5407
5252
4934
4591
4312
4069
3796
3465
3084
2649
2245
1932
1670
1350
843
138
-609
-1243
-1747
-2152
-2456
-2712
-2983
-3248
-3506
-3759
-3940
-4030
-4094
-4162
-4212
-4260
-4283
-4245
-4171
-4065
-3947
-3877
-3867
-3826
-3676
-3444
-3168
-2915
-2792
-2814
-2921
-3067
-3220
-3318
-3404
-3523
-3604
-3673
-3782
-3917
-4021
-4065
-4087
-4137
-4218
-4252
-4166
-3984
-3802
-3670
-3566
-3452
-3303
-3094
-2804
-2470
-2166
-1939
-1730
-1476
-1210
-961
-718
-436
-103
244
553
791
971
1118
1204
1278
1443
1665
1841
1894
1930
2047
2190
2277
2289
2323
2429
2607
2826
3029
3159
3203
3211
3238
3322
3450
3535
3550
3564
3611
3709
3809
3832
3807
3803
3871
3988
4136
4291
4409
4488
4549
4628
4745
4881
4961
4931
4856
4802
4768
4740
4662
4512
4295
4062
3871
3731
3625
3474
3200
2838
2440
2044
1665
1273
797
201
-405
-953
-1438
-1824
-2154
-2535
-3006
-3463
-3816
-4046
-4204
-4417
-4680
-4870
-4963
-5023
-5093
-5215
-5357
-5409
-5316
-5133
-4915
-4704
-4541
-4390
-4194
-3961
-3776
-3711
-3754
-3804
-3765
-3683
-3671
-3763
-3896
-3999
-4028
-3984
-3913
-3839
-3785
-3756
-3708
-3587
-3395
-3202
-3028
-2843
-2639
-2412
-2217
-2055
-1915
-1772
-1587
-1387
-1170
-924
-686
-501
-356
-197
-27
144
306
442
580
755
944
1115
1295
1480
1654
1856
2076
2276
2465
2637
2790
2974
3203
3415
3597
3763
3914
4014
4054
4076
4144
4281
4418
4519
4617
4749
4870
4897
4798
4663
4569
4490
4399
4346
4364
4368
4293
4182
4100
4060
4040
4021
4009
4058
4154
4207
4182
4143
4085
3978
3828
3620
3347
3048
2742
2421
2130
1864
1545
1150
720
262
-231
-716
-1189
-1673
-2124
-2479
-2768
-3077
-3475
-3938
-4366
-4703
-4925
-5061
-5155
-5210
-5248
-5318
-5420
-5516
-5606
-5659
-5618
-5482
-5310
-5136
-4993
-4873
-4745
-4652
-4591
-4570
-4580
-4561
-4489
-4375
-4281
-4241
-4216
-4159
-4060
-3912
-3726
-3539
-3377
-3220
-3002
-2692
-2334
-1981
-1665
-1387
-1159
-983
-842
-736
-630
-497
-321
-107
79
183
220
226
204
209
284
415
579
753
905
1044
1196
1338
1440
1550
1723
1946
2189
2452
2733
3013
3245
3418
3587
3779
3973
4173
4350
4499
4680
4854
4957
5004
5028
4985
4894
4795
4669
4528
4389
4235
4037
3837
3677
3525
3363
3188
3041
2956
2974
3097
3268
3436
3522
3514
3501
3541
3597
3589
3506
3415
3342
3237
3042
2757
2420
2076
1693
1311
1011
760
465
73
-407
-917
-1382
-1826
-2305
-2769
-3154
-3474
-3756
-3997
-4194
-4406
-4674
-4943
-5144
-5272
-5376
-5455
-5511
-5533
-5514
-5478
-5460
-5451
-5445
-5442
-5425
-5373
-5271
-5138
-5017
-4932
-4844
-4720
-4562
-4400
-4265
-4133
-3951
-3712
-3440
-3147
-2843
-2537
-2217
-1903
-1636
-1390
-1142
-938
-782
-629
-484
-364
-292
-260
-236
-209
-180
-155
-127
-80
-30
22
79
128
179
269
430
623
794
963
1155
1367
1595
1838
2106
2373
2647
2945
3259
3575
3838
4043
4227
4441
4669
4837
4937
5008
5064
5098
5105
5083
5018
4927
4809
4648
4467
4292
4116
3903
3652
3401
3205
3099
3019
2933
2839
2750
2680
2613
2577
2599
2653
2698
2745
2761
2708
2599
2455
2307
2167
2012
1818
1608
1364
1068
786
531
244
-103
-506
-913
-1286
-1627
-1951
-2254
-2512
-2754
-3022
-3309
-3578
-3818
-4042
-4259
-4457
-4637
-4790
-4860
-4859
-4879
-4962
-5109
-5277
-5398
-5454
-5451
-5423
-5392
-5363
-5309
-5189
-5020
-4859
-4718
-4537
-4287
-3986
-3660
-3337
-3041
-2753
-2441
-2128
-1813
-1493
-1254
-1084
-912
-731
-553
-426
-375
-372
-321
-226
-162
-136
-162
-210
-240
-249
-239
-217
-186
-168
-120
-15
129
291
458
645
871
1118
1362
1623
1887
2155
2453
2752
3039
3305
3528
3724
3914
4098
4241
4330
4399
4450
4494
4495
4443
4353
4229
4094
3975
3888
3797
3692
3558
3429
3364
3308
3245
3198
3164
3112
3032
2939
2831
2736
2632
2499
2378
2250
2108
1959
1814
1682
1585
1521
1411
1251
1096
985
909
801
638
437
248
53
-139
-293
-453
-623
-790
-945
-1091
-1240
-1425
-1657
-1891
-2109
-2338
-2607
-2896
-3166
-3393
-3588
-3776
-3952
-4133
-4343
-4560
-4747
-4874
-4970
-5073
-5170
-5230
-5236
-5194
-5106
-5012
-4939
-4821
-4640
-4424
-4167
-3856
-3531
-3225
-2892
-2542
-2205
-1903
-1656
-1428
-1194
-965
-782
-610
-433
-276
-149
-58
14
23
-45
-121
-178
-205
-239
-292
-321
-303
-247
-190
-120
-22
117
288
474
686
929
1182
1399
1609
1827
2037
2253
2445
2601
2758
2936
3135
3317
3433
3470
3505
3571
3628
3669
3669
3653
3626
3590
3577
3556
3498
3434
3419
3437
3453
3466
3464
3449
3412
3362
3288
3153
2991
2820
2658
2521
2390
2232
2033
1831
1647
1496
1370
1218
1037
853
704
595
517
427
271
89
-65
-192
-297
-369
-435
-520
-596
-656
-722
-829
-979
-1137
-1287
-1443
-1620
-1787
-1931
-2082
-2238
-2407
-2594
-2789
-2991
-3180
-3354
-3518
-3661
-3768
-3867
-3970
-4034
-4072
-4111
-4158
-4186
-4152
-4066
-3955
-3843
-3715
-3564
-3378
-3149
-2904
-2691
-2531
-2353
-2123
-1889
-1665
-1445
-1240
-1068
-916
-755
-598
-477
-417
-385
-330
-241
-158
-117
-92
-69
-18
83
192
289
376
470
585
725
867
1000
1120
1207
1293
1417
1541
1641
1712
1776
1848
1921
1986
2029
2064
2110
2177
2259
2326
2384
2438
2477
2492
2520
2564
2581
2570
2561
2580
2611
2632
2631
2605
2560
2498
2444
2397
2326
2226
2128
2043
1936
1797
1647
1509
1388
1246
1097
957
812
666
521
386
259
136
11
-103
-207
-295
-352
-408
-456
-484
-509
-534
-565
-601
-626
-635
-647
-669
-689
-709
-738
-797
-878
-947
-1018
-1095
-1197
-1310
-1404
-1486
-1572
-1678
-1785
-1895
-2006
-2108
-2200
-2284
-2373
-2455
-2511
-2540
-2557
-2572
-2582
-2586
-2558
-2494
-2418
-2338
-2268
-2173
-2041
-1903
-1769
-1643
-1523
-1418
-1311
-1172
-1028
-908
-811
-717
-624
-511
-397
-301
-204
-118
-27
86
201
295
360
412
461
534
623
696
754
804
853
907
966
1004
1031
1077
1114
1143
1168
1192
1228
1274
1317
1335
1351
1370
1396
1444
1497
1544
1577
1622
1662
1677
1692
1710
1738
1764
1766
1768
1777
1768
1742
1730
1711
1677
1625
1561
1515
1473
1435
1386
1311
1226
1119
1002
883
776
693
601
490
361
232
112
1
-103
-210
-324
-431
-522
-600
-666
-713
-763
-816
-857
-873
-877
-881
-886
-887
-884
-884
-870
-844
-827
-821
-823
-838
-855
-867
-871
-881
-907
-942
-983
-1022
-1065
-1112
-1161
-1213
-1262
-1287
-1294
-1310
-1339
-1361
-1363
-1353
-1343
-1344
-1339
-1318
-1295
-1260
-1214
-1172
-1142
-1120
-1085
-1019
-928
-835
-755
-690
-617
-512
-389
-277
-175
-78
16
104
190
287
374
431
482
534
575
600
610
622
648
670
689
694
685
679
689
702
707
701
702
714
725
737
760
770
763
753
754
780
810
832
861
899
940
980
1003
1014
1030
1051
1073
1095
1099
1095
1101
1103
1103
1092
1067
1025
969
913
864
821
767
697
627
560
490
418
352
272
185
108
54
10
-40
-101
-172
-234
-300
-360
-403
-452
-496
-531
-565
-588
-611
-634
-659
-677
-684
-687
-699
-722
-741
-755
-764
-760
-755
-759
-770
-778
-775
-754
-722
-695
-668
-649
-630
-600
-572
-551
-546
-543
-538
-530
-519
-520
-534
-555
-575
-586
-585
-585
-586
-571
-549
-525
-491
-461
-434
-404
-366
-320
-270
-225
-185
-140
-91
-42
9
45
74
104
141
179
210
239
270
307
342
372
394
408
415
416
423
435
444
444
441
448
448
438
420
411
404
400
410
428
442
438
427
434
452
471
486
497
508
524
542
557
566
555
539
531
534
531
517
506
491
479
476
471
460
437
414
398
389
378
360
348
332
309
279
241
198
146
94
47
2
-49
-103
-154
-212
-270
-332
-389
-438
-484
-520
-547
-568
-591
-618
-643
-663
-664
-658
-649
-639
-625
-609
-591
-568
-549
-535
-516
-493
-467
-441
-411
-379
-350
-325
-307
-284
-261
-245
-231
-221
-211
-203
-192
-177
-162
-152
-143
-132
-121
-113
-105
-93
-74
-50
-34
-20
-11
-3
2
4
9
21
29
39
53
69
86
100
115
131
141
147
153
161
166
170
177
191
201
203
207
211
213
216
222
236
250
257
268
285
294
294
291
292
292
298
306
309
303
296
286
274
269
259
242
229
213
200
185
172
156
143
134
127
128
126
125
128
134
137
140
145
145
139
134
130
127
118
107
90
74
54
29
4
-26
-58
-90
-118
-140
-165
-194
-231
-262
-286
-311
-327
-341
-356
-370
-379
-383
-390
-397
-399
-391
-379
-368
-357
-343
-327
-309
-288
-260
-237
-223
-213
-201
-182
-165
-153
-137
-126
-118
-108
-88
-64
-47
-31
-16
-1
17
37
60
78
91
101
110
123
135
141
144
145
144
134
127
122
114
110
109
103
89
75
63
53
54
55
58
59
56
58
63
66
69
78
86
93
105
117
125
129
132
134
140
148
156
163
168
168
169
169
161
150
139
128
118
107
93
78
64
48
36
30
22
10
0
-4
-8
-4
2
3
3
2
1
4
7
9
12
18
23
29
34
28
19
10
1
-10
-17
-23
-34
-43
-55
-69
-82
-95
-110
-122
-127
-134
-136
-142
-151
-159
-168
-176
-179
-179
-180
-183
-188
-191
-192
-194
-195
-195
-194
-189
-186
-181
-173
-168
-164
-156
-145
-135
-125
-111
-95
-77
-55
-28
-3
20
43
65
87
108
126
140
151
160
168
173
178
181
179
178
180
177
172
165
157
150
141
131
121
108
95
84
72
61
53
44
39
39
40
42
43
47
51
50
51
53
56
58
62
70
76
78
81
80
82
81
79
78
74
69
66
63
59
50
42
32
22
15
12
9
5
1
-3
-10
-16
-19
-23
-29
-36
-43
-49
-56
-65
-74
-82
-89
-98
-104
-108
-112
-114
-115
-115
-115
-119
-120
-118
-115
-107
-98
-93
-88
-81
-76
-68
-63
-60
-56
-57
-55
-50
-48
-46
-45
-47
-50
-56
-63
-65
-65
-67
-73
-76
-80
-87
-93
-92
-89
-89
-87
-82
-76
-71
-62
-47
-33
-22
-12
4
18
34
50
64
77
89
97
107
118
127
135
140
143
145
148
145
144
141
137
130
124
117
108
101
94
88
80
73
67
62
57
53
51
47
43
40
38
37
39
42
45
46
45
44
45
44
42
41
40
39
37
37
33
27
23
20
16
11
10
5
0
-4
-8
-14
-18
-22
-23
-23
-25
-29
-31
-37
-44
-52
-57
-61
-67
-73
-79
-86
-91
-97
-103
-105
-108
-110
-110
-109
-106
-106
-103
-100
-96
-90
-85
-79
-70
-64
-54
-47
-41
-35
-30
-25
-21
-16
-13
-11
-9
-6
-6
-6
-7
-11
-12
-12
-12
-13
-15
-14
-16
-20
-20
-20
-21
-21
-16
-13
-12
-8
-5
0
2
6
12
17
22
27
33
40
47
52
56
59
62
64
69
73
75
75
75
75
75
74
76
75
76
76
76
77
75
73
71
67
64
58
53
47
44
41
38
36
30
26
24
21
18
16
12
7
2
-2
-5
-7
-10
-11
-11
-12
-12
-11
-11
-9
-11
-9
-7
-7
-8
-9
-9
-8
-9
-13
-16
-21
-24
-25
-25
-27
-32
-37
-44
-50
-54
-56
-61
-65
-66
-69
-67
-67
-68
-69
-70
-71
-69
-63
-60
-58
-54
-52
-51
-48
-45
-41
-37
-32
-26
-21
-18
-15
-14
-11
-5
2
8
11
15
19
23
