-18
-22
-22
-25
-22
-7
-9
-34
-27
-17
-54
-41
-26
-29
-9
-42
-49
-60
-45
-72
-103
25
-28
-155
-105
-63
-136
-122
-135
-216
-31
-147
-336
-120
-98
-277
-286
-104
-116
-179
-211
-312
-127
-59
-388
-287
197
-25
-355
-62
-53
-143
3
-157
-62
284
139
-99
54
196
27
-12
8
117
316
217
182
315
325
101
-19
270
448
333
442
728
684
566
640
699
555
472
848
1167
1212
1389
1413
1232
1032
662
865
1425
1522
1685
1776
1543
1170
791
590
704
1020
1223
1181
959
661
146
-283
-518
-407
-154
-117
-200
-547
-643
-1038
-1728
-1668
-1144
-902
-965
-864
-923
-1291
-1721
-1698
-1443
-1097
-731
-953
-851
-633
-1180
-1426
-1200
-1097
-908
-675
-251
-421
-940
-888
-1063
-1240
-925
-640
-524
-215
-1120
-1223
-200
-1267
-1770
-549
-579
-1821
-623
-399
-1725
-1321
-1202
-1190
-1789
-1489
-1060
-1156
-1040
-1057
-1147
-1073
-842
-1630
-489
39
-755
-102
373
-239
-443
505
-163
-82
903
742
408
627
1070
705
533
366
946
1409
845
776
1230
1506
989
559
1359
1599
645
1070
1872
1777
1409
1503
2146
2528
2436
2006
2083
2419
2726
2561
2737
3898
3981
3304
2570
1893
2569
3124
3009
3568
4129
3479
2150
1297
917
1514
1915
1888
2002
1196
335
-332
-1212
-1458
-1185
-1012
-707
-1040
-1692
-1947
-2534
-3056
-3226
-2795
-1853
-1586
-1949
-2039
-2458
-3090
-3164
-2583
-1741
-1277
-1125
-1394
-1577
-2222
-2654
-1876
-1520
-1395
-690
-770
-1663
-1777
-2019
-2312
-1895
-1484
-913
-919
-1710
-1881
-1919
-2609
-1975
-1277
-1818
-1061
-990
-2551
-2562
-1678
-2340
-2523
-1031
-971
-1516
-1291
-2441
-2362
-1047
-1687
-1024
398
-383
-1259
-524
-48
-630
-485
160
923
1335
269
364
1431
320
-234
904
1634
1371
1582
1355
370
765
513
533
1334
1923
2256
1772
1097
903
1893
1359
1394
3545
4064
3641
3647
4406
3594
2274
3125
4970
5700
5492
6766
6757
5066
2995
2468
4635
5629
5874
6040
5885
4496
2238
1165
1254
2357
2931
2754
1907
981
-199
-1758
-2267
-2037
-1575
-1646
-1988
-2113
-2401
-3331
-4204
-4046
-3685
-3817
-3487
-2410
-2078
-2931
-3642
-3440
-3307
-3262
-2587
-1440
-1112
-1663
-2261
-2602
-2401
-2468
-2216
-1663
-1250
-1536
-2611
-2533
-2272
-3017
-3060
-2094
-2112
-2483
-2320
-2833
-3479
-3128
-2588
-2626
-1994
-1872
-2988
-3208
-3045
-3279
-2218
-1399
-1954
-1479
-1596
-2284
-2510
-1976
-1050
-1085
-356
57
281
-5
-1103
-660
151
93
301
1428
1561
998
348
300
448
4
1045
1311
557
889
1105
8
-292
702
1046
1067
1164
1525
1625
1630
1356
2409
3209
3389
5109
5778
5316
3607
3766
5470
6247
7202
8524
9348
7789
5864
4086
5050
7342
8307
8719
7530
6728
4888
2500
1591
2837
4654
4480
2863
1179
481
-1240
-2837
-2442
-1200
-1075
-2038
-2692
-3276
-3805
-4571
-4686
-3983
-3452
-3218
-3241
-3373
-3308
-3423
-3780
-3810
-2976
-1797
-1790
-2048
-2129
-2265
-2753
-3291
-2681
-1791
-1512
-2148
-2697
-2911
-3657
-4264
-3535
-2648
-3095
-3487
-3462
-3849
-4381
-4337
-3633
-2794
-3006
-3484
-3584
-3644
-3391
-3548
-2873
-2271
-2443
-2062
-2290
-2389
-1904
-2183
-1910
-759
-518
-340
54
-295
-568
-211
-364
-256
892
1114
464
-90
567
829
-251
-145
322
354
-78
-536
99
122
-628
-105
425
-124
-39
933
-66
-189
1916
2050
1873
3828
6259
5989
4821
3324
3616
6050
7212
8920
10938
11136
8739
6326
4224
5083
8996
11034
11149
9948
8447
5611
2723
2037
3738
5814
5781
4794
2713
-50
-2360
-2985
-2574
-2001
-1213
-1487
-2295
-3758
-5265
-5511
-5090
-4900
-4089
-2890
-2693
-2953
-3253
-3542
-4040
-3563
-2391
-1923
-720
56
-944
-2099
-2253
-1918
-2796
-1982
295
-203
-1878
-2946
-3527
-3782
-3927
-3975
-3014
-2416
-3582
-4759
-5183
-5047
-4578
-4229
-4546
-4202
-3496
-4013
-4653
-4274
-3421
-3607
-3751
-2857
-2239
-2506
-2610
-2151
-1682
-1203
-1122
-572
235
184
-156
72
372
459
629
676
888
457
122
72
-273
-68
-1
-466
-528
-602
-1491
-1962
-1398
-696
-794
-715
-698
-956
-955
-1291
-82
1648
2915
4872
5941
5706
4112
2738
4059
6541
8723
10972
12368
11327
8953
5707
4471
7899
11129
12480
12311
11366
9193
4758
2060
2930
5532
6753
6378
4866
2325
-454
-3247
-4121
-3030
-1430
-1013
-2002
-3000
-4169
-5769
-6913
-6282
-4443
-3399
-2899
-2274
-2268
-3082
-4086
-3732
-2449
-1199
-193
319
739
55
-1403
-1843
-1412
-890
-104
98
-424
-1350
-2705
-3598
-3987
-3543
-3023
-3213
-3766
-4366
-5050
-5877
-5912
-5361
-4881
-4810
-4963
-5257
-5573
-5371
-5092
-4485
-3792
-3505
-3460
-3631
-3502
-2996
-2204
-1333
-850
-426
-95
-320
-256
207
491
613
1055
1507
1311
1046
635
51
-204
-213
-433
-213
-73
-677
-1301
-1999
-2517
-2546
-1833
-1510
-1243
-1117
-1651
-1565
-942
-34
1951
5174
6466
5567
3205
2049
4231
6571
8968
11802
13426
11621
7421
4048
5252
9385
11903
13285
12980
11424
8242
4215
2335
3840
6831
7638
6342
4243
1976
-849
-3071
-3300
-2120
-1225
-1310
-1985
-3051
-3987
-5517
-6326
-5636
-4647
-3424
-2180
-2096
-2403
-2710
-3534
-3495
-2542
-765
559
983
1189
460
-566
-1153
-935
78
857
751
125
-932
-1986
-2550
-3037
-3101
-2758
-2793
-3705
-4837
-4941
-4944
-5431
-5462
-5168
-4905
-5048
-5467
-5435
-5250
-5071
-4501
-4014
-3973
-3729
-3434
-3317
-2953
-2200
-1294
-799
-504
-208
-214
-179
-44
237
888
1270
1436
1083
411
-143
-715
-738
-701
-758
-854
-1335
-2160
-2751
-3252
-3713
-3360
-2590
-2240
-2329
-2623
-2945
-2601
-1604
465
3814
6148
5571
2985
1196
2039
4959
7914
11212
13832
12897
9248
4459
3423
7382
11347
13545
14060
13088
10196
5553
2076
2681
5585
7731
7348
5132
3079
195
-2723
-3904
-3130
-1520
-1136
-1810
-2896
-4018
-4851
-5911
-6233
-4946
-3356
-2336
-1974
-2058
-2177
-2604
-2863
-2065
-556
965
1590
1499
1413
936
550
695
1025
1518
1524
603
-416
-891
-1139
-1554
-1886
-2014
-2664
-3621
-4317
-4703
-4632
-4434
-4372
-4552
-4936
-5322
-5732
-5843
-5469
-5033
-4302
-3679
-3864
-4112
-4023
-3751
-3211
-2150
-949
-451
-271
-103
-223
-355
142
869
1343
1785
1701
1173
461
142
-1
-210
-355
-719
-1059
-1791
-2452
-2874
-3242
-3727
-3832
-3739
-3821
-3393
-3515
-3768
-3467
-2620
-695
2500
4631
4028
2131
571
1210
3322
6044
10030
12929
12131
8605
4136
3128
6527
9932
12403
13474
12923
10128
5193
1610
2159
5120
6978
6711
5020
3064
124
-3010
-4218
-3363
-1849
-1458
-1828
-2391
-3207
-4554
-6011
-6112
-4731
-3046
-1846
-1192
-901
-1338
-2369
-2422
-1198
516
2027
2606
2655
2520
1940
1338
1314
1989
2554
2093
1104
302
-403
-1046
-1521
-1717
-1840
-2406
-3263
-3961
-4324
-4736
-4902
-4373
-4225
-4495
-4711
-5135
-5492
-5423
-5059
-4453
-3670
-3049
-2810
-3093
-3147
-2443
-1737
-1049
-153
590
1039
867
530
613
962
1289
1476
1712
1481
1231
615
-400
-462
-717
-1433
-1956
-2489
-2823
-2912
-3247
-3810
-4327
-4676
-4338
-4588
-5039
-3773
-2296
261
3278
3655
2246
105
-772
525
2923
6511
11197
12899
10155
5687
1595
2099
5527
8846
11769
13063
12213
8163
2662
-485
854
3858
5410
5169
4162
2548
-1049
-4697
-5855
-4358
-2707
-2171
-2189
-2187
-2325
-3803
-5485
-5409
-3883
-2186
-803
7
726
614
-579
-1283
-614
1329
3014
3785
4401
4517
3495
2179
1605
2166
2686
2445
1989
1452
649
-790
-1860
-2116
-2294
-2818
-3531
-3634
-3540
-4115
-4849
-5009
-4740
-4331
-4469
-4950
-4611
-4116
-4081
-4040
-3753
-2934
-2230
-2077
-1596
-760
-27
327
249
415
991
1543
1917
2117
2388
2374
1867
1213
841
814
236
-242
-367
-682
-1377
-2370
-3113
-3713
-3899
-4085
-4116
-3958
-3972
-4287
-5006
-4528
-3530
-1879
1316
3710
3879
1588
-613
-250
1858
4093
7154
10798
11510
8260
2869
725
3181
6149
7706
8431
9716
9105
4737
-233
-1241
1190
2494
1516
652
1158
533
-2577
-5667
-5888
-4414
-4209
-4658
-3843
-2040
-1488
-3130
-4534
-4124
-2840
-1860
-1132
798
2673
2441
1033
160
777
2093
2858
3448
4419
4980
4377
2945
2314
2612
2203
1268
435
244
552
-12
-1069
-1961
-2738
-3473
-4495
-4863
-4196
-3545
-3281
-3440
-3669
-3572
-4160
-4463
-3783
-3109
-1840
-585
-559
-1493
-915
-320
-459
391
1123
2843
3953
3231
1859
1607
2300
2310
2272
2458
3323
3103
2035
483
-1009
381
840
-1084
-1220
-1019
-1628
-1570
-2203
-2927
-2222
-1817
-2511
-2870
-3024
-2777
-1730
-1430
-1577
-974
217
911
757
23
-763
-581
327
1213
1765
2574
3436
3222
1820
316
101
1137
2084
2436
2648
2771
2648
1614
184
-483
-443
-48
91
-188
-503
-375
46
-43
-554
-842
-941
-888
-564
-231
337
1077
1277
954
358
39
282
390
578
1179
1643
1611
1025
473
200
-100
-110
190
225
-57
-478
-935
-1168
-1225
-1242
-1093
-918
-826
-863
-1057
-836
-507
-714
-653
-180
203
365
265
263
271
90
55
202
398
676
695
509
409
319
415
532
575
678
673
424
161
39
4
132
212
206
98
-229
-474
-615
-725
-700
-656
-639
-619
-684
-712
-724
-929
-1060
-1107
-1243
-1248
-1027
-824
-879
-1013
-1063
-1175
-1291
-1144
-900
-743
-684
-819
-869
-837
-885
-833
-738
-710
-612
-574
-553
-389
-309
-386
-420
-197
-20
180
455
618
796
782
805
859
902
1099
1437
1777
1937
1991
1800
1664
1668
1544
1586
1821
2009
2002
1853
1643
1411
1309
1193
1158
1352
1410
1179
915
536
233
204
131
158
125
-61
-238
-473
-674
-693
-517
-374
-447
-619
-468
-328
-599
-820
-807
-627
-421
-443
-551
-565
-566
-677
-847
-707
-326
-87
-122
-225
-138
-133
-277
-264
-45
175
234
144
-81
-215
-87
47
16
-23
-73
-232
-439
-516
-414
-322
-298
-299
-372
-383
-302
-313
-307
-303
-327
-347
-454
-511
-472
-392
-356
-360
-357
-424
-471
-494
-442
-304
-256
-265
-262
-333
-501
-579
-620
-693
-662
-587
-613
-697
-697
-700
-728
-685
-583
-448
-372
-356
-340
-323
-333
-339
-232
-59
113
301
301
134
174
380
459
537
817
1059
1129
1111
1007
988
1054
1103
1231
1335
1363
1330
1195
984
802
863
1018
977
849
778
704
578
484
436
494
620
593
420
226
83
2
-28
-31
-1
8
-36
-128
-274
-340
-224
-118
-228
-278
-151
106
476
511
165
-429
-921
-926
-667
-123
507
849
820
408
-72
-225
-88
182
599
903
979
967
781
375
-120
-320
-253
-90
195
291
256
193
-135
-381
-521
-927
-1001
-920
-952
-682
-574
-854
-933
-972
-1365
-1398
-1503
-1663
-1173
-914
-1062
-883
-780
-1223
-1291
-1222
-1454
-1016
-722
-932
-614
-507
-835
-824
-617
-710
-613
-516
-653
-354
-199
-265
-88
154
90
0
8
-60
164
333
286
384
659
725
617
725
783
839
931
975
1102
1178
1089
1033
1142
1009
792
810
770
784
879
734
781
995
809
694
557
448
874
1329
1326
1248
978
368
173
-76
-148
376
589
344
-1
-302
-519
-309
-91
-239
-66
447
451
443
636
189
188
473
141
326
615
311
254
449
459
635
654
170
153
463
284
93
35
25
237
-15
-273
-344
-312
-407
-1092
-1032
-1060
-999
-778
-931
-546
-696
-821
-1092
-1160
-885
-1059
-880
-1087
-1184
-1366
-1404
-1106
-1287
-1235
-1566
-1574
-1334
-1460
-1178
-983
-761
-627
-620
-778
-824
-704
-946
-766
-518
-277
-27
-31
28
22
40
-55
131
224
274
586
647
721
716
804
838
934
1219
1251
1251
1064
831
887
1098
1260
1408
1547
1406
1159
859
620
666
784
823
746
691
622
414
183
3
-30
-46
-102
-154
-174
-128
-54
56
118
140
69
-28
-80
-69
75
269
439
578
687
656
554
525
494
500
576
546
559
581
426
386
414
331
188
-39
-255
-335
-319
-359
-347
-280
-347
-476
-606
-707
-772
-672
-575
-639
-566
-594
-711
-524
-438
-504
-447
-581
-742
-632
-581
-549
-361
-388
-562
-656
-837
-846
-676
-696
-731
-684
-701
-679
-708
-905
-985
-936
-928
-935
-941
-995
-943
-805
-827
-837
-864
-933
-883
-825
-719
-573
-433
-395
-461
-460
-109
768
1728
2343
2400
2034
1688
1539
1628
2008
2507
2919
2989
2519
1975
1779
1907
1995
1772
1434
1057
645
192
-135
-141
-49
-238
-685
-1164
-1550
-1727
-1715
-1622
-1452
-1251
-1149
-853
-348
142
468
489
557
801
1124
1485
1876
2195
2412
2446
2309
2205
2116
2080
2014
1944
1773
1553
1308
878
488
67
-353
-844
-1375
-1780
-2153
-2353
-2507
-2720
-2914
-2994
-2976
-2921
-2761
-2589
-2293
-1914
-1540
-1145
-870
-598
-260
-14
181
241
174
230
374
589
778
793
731
611
387
116
-290
-800
-1238
-1553
-1726
-1839
-1972
-2181
-2517
-2870
-3208
-3582
-3755
-3799
-3732
-3577
-3345
-2991
-2796
-2606
-2371
-2134
-1886
-1752
-1619
-1326
-504
1004
3067
5077
6057
6016
5597
5366
5360
5594
5895
6221
6427
5735
4682
3882
3772
4002
3729
3055
2206
1439
493
-673
-1593
-2037
-2300
-2569
-3087
-3652
-3787
-3545
-3078
-2687
-2361
-2280
-2204
-1865
-1148
-20
1040
1897
2612
3279
3879
4375
4877
5377
5559
5332
4690
3922
3421
3147
2991
2848
2523
1942
1225
410
-406
-1326
-2404
-3443
-4272
-4925
-5391
-5532
-5416
-5052
-4726
-4517
-4293
-4051
-3693
-3289
-2645
-2001
-1421
-787
-180
508
1044
1532
1907
1958
1800
1551
1355
1239
1125
1038
813
387
18
-359
-747
-1201
-1754
-2248
-2744
-3212
-3786
-4308
-4526
-4614
-4673
-4741
-4715
-4544
-4463
-4407
-4123
-3652
-3168
-2880
-2483
-2080
-1654
-1201
-826
-244
609
2086
4248
6653
8222
8508
8013
7634
7519
7310
7191
7227
7436
6763
4922
3274
2687
2903
2943
2295
1444
864
63
-1447
-3045
-3906
-4097
-4352
-5211
-5993
-6062
-5497
-4652
-3750
-2705
-1752
-909
-386
70
744
1564
2632
3788
4918
5777
6437
7071
7842
8314
8043
7282
6184
5105
4057
2860
1765
921
210
-483
-1164
-1858
-2393
-2821
-3580
-4613
-5676
-6416
-6772
-6879
-6699
-6286
-5451
-4527
-3776
-2988
-2071
-1015
-146
386
686
1060
1477
1770
1971
2090
2303
2547
2648
2493
2221
1856
1374
800
10
-817
-1655
-2436
-3126
-3802
-4327
-4627
-4688
-4589
-4525
-4677
-4854
-5013
-5203
-5337
-5499
-5445
-5082
-4459
-3787
-3250
-2759
-2070
-1322
-707
-123
191
569
934
1404
2410
4133
6322
8086
9038
9209
9266
9335
9140
8710
8345
7847
6487
4259
2042
985
937
730
58
-470
-643
-857
-1704
-2874
-3484
-3648
-4214
-5556
-6941
-7432
-6948
-6008
-4864
-3388
-1645
-49
1183
2300
3362
4307
5100
5689
6099
6325
6596
6909
7284
7621
7779
7730
7065
6007
4757
3303
1926
566
-960
-2431
-3615
-4294
-4586
-4766
-4911
-5110
-5261
-5429
-5621
-5702
-5616
-5370
-5195
-5019
-4590
-3796
-2561
-1215
58
1234
2228
3029
3503
3742
3812
3624
3194
2546
1670
745
119
-205
-448
-712
-1133
-1583
-1974
-2509
-3164
-3878
-4578
-5149
-5626
-5911
-6136
-6180
-5865
-5518
-5099
-4749
-4437
-3944
-3541
-3235
-2907
-2566
-2265
-1933
-1412
-931
-416
108
646
1245
1698
2278
3347
5263
7322
8637
8986
8939
8975
8996
8761
8553
8588
7932
6347
4039
2334
1721
1309
599
-391
-1068
-1489
-2038
-2798
-3166
-3070
-3075
-3924
-5227
-6003
-5961
-5323
-4673
-3839
-2752
-1300
157
1418
2752
4113
5335
6007
6291
6530
6810
6936
6987
6817
6452
5987
5295
4483
3486
2438
1211
-152
-1584
-2874
-3879
-4544
-4958
-5371
-5589
-5742
-5767
-5677
-5486
-5239
-4950
-4624
-4362
-3939
-3350
-2683
-2086
-1371
-429
689
1811
2631
3112
3365
3555
3588
3339
2848
2237
1512
679
-240
-896
-1222
-1502
-1724
-2020
-2295
-2625
-3056
-3451
-3763
-3942
-4192
-4452
-4598
-4634
-4537
-4387
-4245
-4037
-3611
-3108
-2675
-2366
-2147
-1892
-1631
-1364
-1032
-647
-205
243
541
757
971
1262
1870
3089
4853
6499
7383
7566
7724
8030
8388
8424
8319
8208
7287
5442
3123
1438
704
153
-668
-1416
-1582
-1472
-1468
-1771
-1939
-1722
-1841
-2764
-3965
-4642
-4586
-4251
-3929
-3331
-2265
-867
422
1624
3007
4456
5478
5869
6022
6243
6534
6300
5459
4526
3832
3348
2645
1861
1250
606
-365
-1703
-2795
-3267
-3495
-4018
-4773
-5245
-5299
-5137
-4963
-4723
-4299
-3839
-3625
-3569
-3314
-2775
-2214
-1844
-1469
-792
116
915
1444
1894
2354
2700
2831
2720
2478
2110
1537
701
-202
-834
-1207
-1428
-1729
-2157
-2439
-2562
-2497
-2492
-2586
-2598
-2673
-2747
-2876
-2986
-3031
-3066
-2946
-2703
-2350
-1958
-1669
-1434
-1210
-1002
-774
-498
-243
-81
70
314
572
811
966
1218
1457
1552
1707
2084
3079
4355
5239
5553
5662
5789
5871
5798
5726
5707
5185
4020
2418
1104
538
235
-310
-922
-1231
-1260
-1220
-1299
-1254
-1025
-1024
-1546
-2289
-2634
-2499
-2303
-2316
-2249
-1764
-957
-168
511
1299
2217
2963
3302
3446
3673
3973
4019
3576
2839
2090
1514
947
366
-78
-501
-1000
-1557
-1991
-2175
-2202
-2337
-2617
-2815
-2808
-2668
-2641
-2782
-2823
-2697
-2595
-2563
-2399
-1996
-1479
-1008
-637
-232
276
743
1003
1130
1308
1547
1704
1687
1582
1413
1103
635
87
-387
-757
-1120
-1475
-1713
-1773
-1747
-1753
-1842
-1956
-2037
-2105
-2103
-1996
-1848
-1771
-1826
-1917
-1929
-1817
-1651
-1503
-1377
-1271
-1129
-923
-632
-339
-6
304
508
686
838
901
889
884
792
705
831
1173
1803
2689
3450
3840
4032
4201
4450
4654
4706
4629
4279
3512
2369
1325
697
383
56
-422
-761
-845
-788
-731
-599
-366
-223
-416
-891
-1227
-1352
-1390
-1460
-1485
-1323
-1000
-567
-149
338
932
1566
2096
2549
2956
3067
2904
2543
2066
1623
1206
713
120
-493
-1054
-1489
-1746
-1817
-1798
-1806
-1849
-1858
-1840
-1812
-1864
-1991
-2109
-2236
-2347
-2378
-2244
-1999
-1782
-1573
-1247
-747
-154
349
676
944
1207
1358
1378
1322
1225
1091
852
504
231
85
-50
-243
-504
-719
-832
-920
-1039
-1189
-1301
-1378
-1455
-1558
-1644
-1645
-1627
-1584
-1523
-1448
-1343
-1288
-1259
-1184
-1055
-870
-661
-416
-158
69
268
418
534
659
787
833
800
742
660
591
508
433
487
703
1066
1619
2248
2754
3069
3248
3398
3570
3625
3534
3288
2859
2261
1576
1007
627
369
50
-226
-315
-298
-276
-323
-351
-320
-325
-484
-724
-918
-1071
-1269
-1505
-1579
-1451
-1203
-956
-700
-286
217
707
1084
1325
1469
1529
1457
1241
1029
785
364
-215
-769
-1100
-1225
-1311
-1351
-1275
-1124
-990
-944
-919
-867
-871
-1027
-1293
-1514
-1589
-1588
-1569
-1446
-1209
-908
-599
-288
67
439
786
1022
1150
1195
1190
1173
1089
914
691
446
219
10
-184
-296
-359
-411
-472
-574
-678
-753
-848
-966
-1054
-1143
-1245
-1329
-1397
-1421
-1386
-1312
-1183
-1046
-917
-754
-588
-422
-293
-182
-44
88
171
214
217
212
237
262
281
327
433
564
682
761
815
845
875
987
1162
1377
1620
1809
1922
2006
2051
2066
2058
2010
1944
1819
1570
1212
839
532
302
78
-152
-308
-386
-416
-435
-459
-424
-379
-388
-480
-585
-671
-796
-925
-1012
-954
-765
-516
-241
32
310
559
756
918
1003
972
858
689
491
252
-28
-299
-528
-702
-796
-786
-719
-665
-664
-697
-703
-653
-619
-633
-646
-678
-756
-854
-875
-782
-640
-518
-397
-239
-29
192
373
531
655
713
690
605
506
394
239
58
-127
-287
-410
-521
-591
-633
-689
-744
-782
-819
-869
-908
-937
-987
-1046
-1102
-1119
-1059
-965
-887
-811
-716
-596
-460
-326
-203
-74
52
137
196
255
305
328
357
414
478
550
617
676
735
779
819
864
897
895
868
839
829
836
849
875
940
1017
1070
1095
1115
1149
1145
1095
1010
900
757
541
308
122
2
-87
-176
-242
-259
-241
-209
-176
-146
-97
-73
-118
-198
-255
-253
-241
-243
-211
-158
-111
-75
-52
-13
56
115
137
141
125
91
35
-28
-85
-149
-201
-229
-238
-237
-250
-267
-274
-278
-276
-255
-213
-193
-206
-220
-206
-172
-166
-194
-215
-201
-187
-183
-169
-134
-87
-74
-73
-52
-41
-57
-115
-189
-243
-314
-409
-500
-590
-660
-712
-762
-803
-821
-797
-741
-684
-657
-644
-643
-676
-715
-727
-708
-663
-621
-581
-524
-413
-252
-69
117
277
414
495
514
530
544
535
497
469
484
522
554
572
591
631
659
659
646
610
552
477
377
290
263
257
226
194
210
283
363
426
470
498
534
571
596
606
599
576
530
486
475
498
506
467
418
399
396
384
359
344
341
315
260
184
105
24
-67
-156
-239
-291
-311
-330
-346
-342
-304
-241
-189
-158
-140
-121
-101
-79
-66
-66
-82
-107
-121
-116
-81
-33
-3
5
7
7
-7
-39
-84
-141
-210
-269
-319
-354
-382
-415
-439
-448
-448
-457
-477
-509
-551
-604
-659
-699
-722
-756
-792
-808
-811
-799
-786
-759
-719
-686
-651
-621
-585
-536
-484
-435
-372
-292
-198
-100
-4
106
221
299
351
395
435
478
510
532
548
551
537
519
502
498
502
490
443
388
351
321
279
221
158
102
44
-10
-47
-66
-63
-52
-41
-12
55
142
227
309
397
516
627
704
781
861
909
911
891
863
841
828
795
754
720
677
636
589
519
436
331
200
63
-62
-179
-274
-354
-426
-477
-511
-526
-528
-519
-492
-449
-405
-369
-335
-281
-217
-155
-86
-15
49
100
133
152
169
162
133
105
84
54
16
-21
-53
-81
-107
-137
-179
-232
-293
-362
-440
-520
-598
-670
-727
-761
-780
-792
-797
-797
-788
-774
-750
-720
-681
-647
-616
-575
-526
-468
-396
-314
-238
-170
-106
-43
28
92
147
200
234
252
266
277
288
288
288
291
287
269
240
219
197
176
161
143
115
82
55
35
27
30
28
24
22
29
39
55
81
122
173
228
288
358
429
489
537
570
593
605
606
605
603
598
582
556
534
523
510
497
485
469
442
403
357
302
235
159
87
27
-14
-42
-74
-100
-125
-140
-141
-143
-149
-146
-134
-121
-112
-101
-78
-50
-29
-20
-15
-11
-19
-31
-48
-54
-56
-67
-83
-96
-99
-95
-107
-131
-157
-189
-229
-275
-324
-369
-407
-451
-500
-539
-556
-565
-574
-574
-572
-567
-556
-547
-529
-498
-471
-447
-417
-382
-345
-315
-298
-282
-257
-234
-212
-182
-142
-100
-64
-27
6
32
53
70
80
90
95
84
71
62
48
43
44
48
67
91
114
134
148
160
171
182
197
212
225
232
236
240
255
281
311
336
353
374
398
419
434
437
435
428
417
403
386
369
354
332
310
289
271
260
253
245
233
218
207
199
190
184
177
174
167
151
131
112
94
80
66
46
30
18
13
15
22
23
16
2
-13
-30
-49
-70
-94
-117
-142
-169
-190
-205
-214
-221
-223
-221
-222
-233
-243
-249
-259
-272
-291
-309
-326
-344
-361
-374
-381
-386
-383
-379
-368
-347
-326
-305
-285
-263
-244
-223
-208
-197
-189
-186
-190
-194
-201
-203
-197
-189
-183
-173
-159
-141
-126
-116
-110
-108
-112
-116
-119
-118
-109
-102
-99
-94
-82
-64
-41
-12
22
59
93
124
154
185
211
233
254
274
293
311
327
341
349
352
356
364
372
377
374
368
361
356
349
338
323
303
287
266
245
223
202
193
191
191
190
189
190
188
190
195
200
201
196
186
175
164
152
138
124
112
103
94
81
67
54
48
41
29
13
-4
-25
-50
-72
-92
-112
-137
-157
-174
-186
-196
-205
-209
-211
-214
-222
-234
-250
-263
-277
-290
-298
-305
-311
-316
-318
-314
-306
-295
-283
-267
-256
-246
-236
-227
-219
-211
-202
-193
-186
-181
-175
-169
-168
-167
-161
-151
-142
-134
-128
-123
-117
-111
-102
-92
-83
-83
-83
-84
-81
-72
-63
-50
-35
-24
-12
1
15
39
66
93
113
130
141
154
169
185
201
216
226
235
244
252
266
278
288
298
305
307
305
299
292
284
269
246
227
210
195
183
175
170
166
162
161
162
163
159
152
143
136
130
126
123
117
110
103
93
88
82
76
73
69
61
54
45
34
18
2
-14
-30
-46
-64
-80
-94
-103
-106
-108
-108
-111
-113
-117
-123
-128
-134
-144
-156
-168
-183
-198
-212
-223
-222
-220
-220
-214
-210
-208
-207
-206
-202
-197
-194
-191
-189
-186
-182
-176
-168
-161
-155
-145
-132
-122
-115
-108
-103
-98
-92
-84
-74
-66
-61
-53
-45
-40
-33
-26
-20
-14
-12
-9
-6
-1
3
10
15
20
24
30
38
50
64
76
85
92
98
106
116
128
137
147
154
162
174
182
189
196
200
198
199
197
191
185
177
168
161
149
137
127
121
114
111
108
109
110
106
100
96
87
79
74
73
71
72
70
63
57
55
55
58
60
61
58
53
45
37
29
19
5
-7
-21
-31
-44
-54
-60
-67
-75
-82
-88
-95
-100
-106
-113
-117
-124
-131
-137
-145
-151
-155
-155
-151
-147
-144
-142
-140
-137
-137
-134
-132
-129
-127
-126
-122
-120
-119
-120
-118
-113
-109
-105
-98
-92
-85
-80
-71
-64
-56
-48
-44
-41
-40
-37
-34
-30
-24
-21
-19
-15
-10
-4
7
15
21
24
25
26
29
31
37
41
44
47
55
66
77
86
95
101
106
109
111
113
115
116
115
115
112
112
112
108
102
99
95
92
89
87
85
80
75
70
68
66
68
71
76
77
76
75
73
73
74
75
74
72
70
64
61
55
53
50
45
40
35
31
27
18
8
-2
-15
-30
-42
-51
-56
-59
-63
-67
-70
-74
-75
-78
-81
-84
-88
-93
-98
-101
-105
-111
-114
-114
-113
-108
-101
-91
-84
-81
-80
-79
-78
-76
-75
-75
-77
-81
-83
-84
-84
-84
-80
-73
-68
-61
-52
-42
-33
-27
-23
-19
-17
-19
-20
-19
-20
-19
-18
-16
-14
-11
-5
-1
5
8
13
17
23
26
27
27
28
31
38
41
45
48
48
49
54
57
62
65
68
69
70
71
73
75
76
73
70
67
65
63
61
60
59
60
59
59
60
61
61
62
62
61
59
57
55
53
51
48
45
43
41
39
39
39
37
34
30
24
19
14
8
4
-2
-8
-15
-21
-25
-28
-32
-35
-38
-41
-40
-39
-37
-37
-39
-41
-43
-44
-46
-47
-48
-52
-56
-59
-61
-60
-59
-59
-59
-60
-58
-58
-57
-57
-55
-54
-54
-55
-53
-52
-51
-49
-47
-42
-39
-35
-32
-27
-25
-24
-23
-21
-19
-19
-19
-19
-17
-16
-14
-11
-6
-4
-3
-3
-1
1
3
4
5
4
4
4
4
5
6
8
11
14
18
22
25
27
30
32
35
38
40
42
43
47
46
47
48
48
46
46
