-16
-6
10
3
-8
-5
-3
-5
-12
-17
-1
7
-6
-14
-7
0
-8
-20
-14
11
11
4
20
51
52
21
27
47
79
101
128
182
202
163
125
170
192
215
280
335
367
313
271
272
265
236
244
302
314
301
240
199
127
8
-51
-71
-19
24
30
-37
-150
-241
-370
-429
-348
-209
-179
-208
-197
-271
-391
-446
-405
-308
-302
-206
-89
-105
-244
-377
-167
-372
-542
-132
-63
-95
-143
-108
-239
-495
-405
-352
-265
-207
-68
-54
-256
-485
-387
-408
-793
-326
-36
-255
-329
-475
-484
-617
-998
-810
-42
-169
-790
-561
-217
-644
-853
-603
-475
-318
-364
-473
-263
-159
-215
-611
-1003
-285
126
-350
-483
63
230
-677
-1071
-376
295
-202
-783
-125
354
-173
-404
-36
268
324
0
51
682
1324
1324
1350
1558
1627
1641
1252
1776
2692
3186
2922
2782
3149
2642
2322
2273
3076
3561
2990
2989
3052
2845
1964
1629
1837
1771
1527
1243
1443
1061
335
-193
-556
-720
-866
-734
-606
-714
-1153
-1777
-1967
-1916
-1810
-1558
-1371
-1229
-1547
-1894
-1833
-1576
-1409
-1512
-1236
-920
-1000
-1185
-1085
-994
-1123
-1275
-1233
-791
-573
-570
-856
-1139
-1141
-1249
-1295
-1138
-686
-373
-699
-1218
-1287
-1019
-1216
-1539
-923
-438
-584
-875
-927
-1075
-1625
-1346
-1059
-1032
-493
-163
-494
-1099
-1594
-1276
-690
-834
-525
38
-60
-468
-1020
-1348
-775
-582
-806
-3
50
-506
-339
-956
-1658
-971
-226
-151
-449
-474
-296
-406
-1015
-1278
202
861
-34
-39
770
870
871
1169
1528
2976
3299
2708
2546
2885
3625
3764
4004
4529
5592
5075
4296
4491
4357
4287
3595
4374
5302
5233
4345
3553
3457
1978
970
1002
2381
2984
1645
323
-574
-795
-1852
-2692
-1914
-429
-377
-1799
-2576
-2411
-2409
-3248
-3172
-1746
-701
-903
-1644
-1882
-1784
-2229
-2360
-1431
-269
205
-307
-817
-1344
-1772
-2018
-1764
-884
-369
-402
-1225
-2117
-2413
-2729
-3083
-2309
-1307
-1165
-1334
-2157
-2675
-2456
-2736
-2776
-1693
-1098
-1038
-1360
-2038
-2082
-2544
-2729
-1865
-856
-454
-661
-932
-1306
-1460
-1819
-1403
79
469
118
-221
-674
-586
-873
-1555
-964
92
282
-369
-853
-895
-1036
-1535
-2043
-1071
114
-402
-1148
-1025
-774
-1162
-1303
-707
121
358
-43
582
1385
2160
2957
3244
3624
2928
2700
3601
4923
6403
6968
7333
6557
5276
4156
4137
6060
7416
7849
7098
6294
5604
3810
2580
2894
4079
4257
3405
2533
2043
1088
-1148
-2295
-1838
-1358
-1014
-935
-680
-1225
-3285
-4583
-4696
-3738
-2267
-947
-391
-1139
-2351
-3720
-3734
-2825
-1437
9
297
220
-640
-1689
-2088
-1765
-1182
-800
-195
123
-464
-1697
-2478
-2841
-3002
-2614
-1899
-1250
-1339
-2262
-3301
-3648
-3534
-3313
-2545
-1662
-1603
-2229
-2962
-3363
-3440
-3322
-2567
-1957
-2048
-1920
-1639
-2049
-2458
-2078
-1442
-932
-759
-300
-75
-481
-1013
-1295
-719
-258
-61
-276
-619
-384
-678
-1408
-1367
-854
-802
-1202
-1497
-949
-582
-1118
-1616
-1400
-706
-609
-955
-876
13
998
1983
3569
4375
3745
2087
1511
3224
5298
7560
9404
10008
8170
4869
3186
4199
7525
9482
10126
10068
8717
6443
3144
2196
3937
5820
5984
4914
4141
3197
1043
-1947
-3116
-2245
-994
-537
-393
-198
-1021
-3484
-6183
-6760
-4836
-1626
102
193
-692
-2412
-4439
-5761
-4220
-863
1769
1760
443
-684
-1932
-2947
-2814
-966
649
1132
442
-646
-1749
-2916
-3674
-3700
-2569
-1346
-943
-1696
-2647
-3864
-5132
-5411
-4359
-2346
-1364
-1711
-2769
-3807
-4950
-5339
-4261
-2618
-1234
-1320
-2027
-2767
-3171
-3331
-2945
-1304
102
566
48
-645
-1234
-1527
-995
-291
683
1323
738
-492
-1234
-1568
-1441
-1154
-1135
-567
-450
-1328
-2369
-2880
-2782
-2113
-1426
-1036
-585
-1338
-1991
-1659
-458
2586
4463
4462
2891
950
1603
3620
6218
8780
10892
10249
7075
4375
3709
7092
9903
11373
11954
10255
8516
5660
3686
4068
5943
7313
6679
4993
3048
2120
188
-1896
-2255
-1694
-408
-386
-1163
-1711
-3007
-4688
-6330
-6049
-3591
-1124
-14
-1028
-2505
-3948
-4700
-4152
-2331
713
2307
1870
-58
-1659
-1857
-1521
-552
741
2023
1836
415
-1137
-2177
-2203
-2250
-2136
-1438
-1059
-1628
-2783
-3994
-4786
-5057
-4965
-4106
-2968
-2925
-3515
-4375
-5437
-5634
-5128
-4064
-2786
-2066
-2223
-2711
-3258
-3594
-2928
-1876
-672
168
403
198
-766
-1317
-935
-48
832
1325
1397
598
-451
-1259
-1502
-1247
-1121
-492
-787
-1661
-2236
-3112
-3498
-3381
-2544
-2033
-1836
-2512
-2619
-2044
-1234
2209
3823
3125
861
-574
1153
3558
6355
9098
11713
9631
5340
2293
2669
7995
11344
12805
12409
10892
8492
4328
2196
4167
8204
9095
7406
4704
3034
1793
-1219
-2507
-1815
-219
597
-288
-1120
-1689
-3394
-5817
-6795
-5604
-2379
272
711
-488
-2801
-4862
-5427
-3862
-710
2495
3896
2881
339
-1905
-2496
-1244
870
2540
3282
2366
479
-1279
-2231
-2158
-1716
-1005
-423
-678
-1766
-3056
-4282
-4947
-4935
-4344
-3196
-2597
-3120
-4268
-5285
-5928
-5916
-4971
-3728
-2579
-2131
-2761
-3529
-4023
-3858
-2775
-1453
-154
681
640
-224
-1272
-1475
-623
554
1324
2051
1915
590
-794
-1949
-1796
-886
-106
-30
-909
-1693
-2848
-3892
-4125
-3200
-2523
-2231
-2643
-3896
-3210
-2392
102
2728
2549
1383
-805
-1227
669
4201
7386
10374
10449
6365
2894
575
4095
9407
11932
13250
11836
9626
6144
2813
2661
6312
9252
8896
7014
4064
2474
350
-2134
-2336
-1007
880
789
-1142
-2254
-3108
-4370
-5973
-6284
-3809
-1108
-143
-1305
-2385
-3095
-3493
-3545
-2606
690
2813
3114
1312
-173
8
-14
426
1312
3104
3456
1791
-231
-931
-585
-887
-1150
-991
-574
-1195
-2763
-3969
-4193
-3997
-4155
-4379
-3988
-3392
-3871
-5015
-5592
-5112
-4639
-4615
-4386
-3506
-2559
-2638
-3089
-2868
-2165
-1668
-1219
-272
699
1043
888
261
180
727
1126
1788
1958
1757
1279
4
-939
-603
-303
-587
-700
-1436
-2132
-2898
-3632
-3226
-3250
-3713
-4077
-4293
-3492
-1947
917
3112
2360
-454
-2908
-2224
337
4226
7952
10913
10261
4711
64
-1731
2643
8889
12237
13518
11983
8976
3720
-463
144
5591
9734
9210
7032
3837
1290
-2062
-4489
-3274
-483
1591
1113
-683
-1890
-3064
-5556
-7266
-6383
-3048
508
1115
56
-1484
-3211
-4751
-4693
-1934
2126
5076
4708
2451
127
-1215
-1061
240
2570
4815
5106
2901
215
-1336
-1655
-1515
-989
-16
686
-51
-2018
-3774
-4614
-4440
-4469
-4112
-3182
-2324
-2462
-4038
-5181
-5645
-5310
-4679
-3782
-2248
-1096
-1179
-2374
-2976
-2848
-2227
-1157
213
1667
1994
1353
282
-397
-229
323
1222
2133
2619
1955
587
-921
-1884
-1522
-976
-303
-406
-1293
-2457
-3812
-4022
-4124
-3517
-3294
-3462
-3165
-2747
431
3018
3052
496
-2077
-1847
-386
2958
6085
10033
10881
6455
882
-3070
315
6002
9561
11113
10882
9645
4769
-885
-2372
1829
6730
7797
5553
2962
2231
39
-3699
-5127
-3321
-471
251
-1258
-1527
-520
-1340
-4725
-7432
-5926
-2041
1152
1776
1273
972
-750
-3208
-4466
-2222
2413
5550
5365
3241
1558
397
-417
-691
605
3042
3968
2925
1085
-269
-1065
-2136
-2982
-2951
-1963
-866
-899
-1815
-2904
-3884
-4740
-5340
-4905
-3219
-1441
-984
-1956
-3083
-3845
-4275
-3751
-2397
-781
837
1329
311
-563
-1007
-797
406
1084
1673
2533
2366
1606
1049
503
328
435
426
654
580
335
-29
-768
-1548
-2157
-2124
-1960
-1925
-2005
-1963
-1816
-2239
-3298
-4013
-3435
-2183
-717
573
1772
2208
947
-1136
-2219
-1050
1618
4403
5843
5953
4767
2464
305
-403
1435
4286
6376
6720
5603
4054
2358
935
303
1071
2153
2694
2613
1901
1318
387
-1021
-2149
-2775
-2396
-1330
-509
2
202
-262
-1338
-2372
-2755
-2058
-707
494
1239
1302
704
-258
-863
-773
-627
-365
232
504
859
1010
274
-375
-1108
-1643
-1136
-494
238
887
289
-893
-1654
-1740
-1018
-366
-140
127
222
-62
-425
-222
327
337
13
70
670
1362
1336
802
542
269
-30
-57
245
904
1289
855
99
-415
-589
-611
-456
-146
11
49
-425
-919
-1060
-1272
-1232
-1058
-818
-808
-1038
-1225
-1372
-1331
-1273
-1199
-1158
-1227
-1413
-1457
-1363
-1479
-1511
-1494
-1515
-1453
-1575
-1671
-1666
-1710
-1645
-1568
-1367
-1226
-1274
-1191
-1068
-874
-606
-389
-207
-86
67
373
746
1001
1180
1298
1344
1512
1791
2216
2702
3018
2988
2646
2535
2663
2769
2933
3095
3104
2878
2552
2212
2040
1951
1839
1796
1547
1347
1290
1115
884
683
577
374
185
180
247
255
105
-63
-151
-163
-165
-233
-240
-188
-301
-522
-704
-722
-524
-420
-475
-621
-734
-765
-814
-890
-915
-838
-811
-765
-770
-700
-411
-213
-275
-644
-954
-873
-632
-514
-421
-335
-321
-510
-1018
-1190
-917
-688
-632
-778
-730
-528
-658
-976
-1050
-838
-681
-629
-699
-679
-466
-537
-753
-901
-814
-516
-402
-345
-353
-376
-431
-651
-713
-607
-422
-275
-270
-330
-365
-404
-593
-694
-651
-548
-337
-233
-256
-185
-140
-225
-227
-109
41
64
76
216
338
362
280
289
431
678
857
963
1123
1127
1114
1042
995
1200
1389
1439
1419
1422
1410
1303
1072
853
811
952
1115
1057
946
822
602
431
304
328
466
477
362
195
59
68
181
209
204
299
331
229
45
-46
50
37
-105
-193
-38
180
180
72
-77
-84
-19
37
187
495
762
637
333
46
263
631
322
-175
-747
-1103
-1170
-890
-113
662
996
434
-410
-1004
-1068
-655
47
873
1345
1181
153
-1060
-1892
-2017
-1493
-664
25
280
148
-577
-1502
-2285
-2086
-1207
-360
320
123
-504
-1549
-2369
-2531
-2038
-1029
-374
-294
-970
-1354
-1655
-1593
-914
-854
-398
27
-268
-323
-241
-455
-276
-152
-538
-172
-97
-287
60
192
335
585
605
443
462
443
517
636
630
803
924
853
673
501
361
427
631
802
980
1149
854
511
576
499
743
1116
1134
1073
845
515
489
583
539
787
1106
1432
1556
1408
1048
626
374
128
370
425
758
1137
870
438
-28
-148
-336
27
128
405
1171
762
374
237
-16
-42
312
540
634
1038
566
-137
74
32
100
595
324
73
102
-333
-927
-1046
-957
-977
-819
-1014
-1100
-1010
-1202
-1404
-1474
-1181
-886
-752
-856
-1020
-969
-840
-704
-752
-867
-857
-991
-1266
-1248
-1287
-1083
-791
-934
-924
-925
-943
-1120
-1328
-1309
-1220
-888
-804
-900
-745
-550
-656
-985
-873
-693
-540
-237
-68
378
870
945
702
468
330
312
477
644
981
1398
1473
1183
770
557
509
582
868
1136
1362
1483
1417
1265
991
744
733
883
929
1031
1183
1297
1373
1164
872
606
468
492
566
670
704
707
518
172
-70
-124
-69
28
109
28
-51
-111
-180
-92
86
233
261
138
-103
-172
-20
169
357
355
285
256
215
92
-9
68
32
-79
-175
-235
-119
-42
-136
-291
-426
-585
-644
-514
-472
-474
-409
-475
-637
-804
-881
-742
-614
-671
-788
-820
-827
-804
-722
-713
-732
-803
-904
-944
-900
-749
-688
-729
-725
-791
-909
-891
-847
-833
-852
-857
-770
-633
-385
-316
-452
-616
-800
-782
-715
-553
-261
-61
-88
-268
-277
-227
-142
-73
-38
88
181
217
232
429
760
1179
1749
2238
2452
2192
1598
1253
1380
1782
2232
2535
2810
2738
2068
1273
901
1056
1225
1154
1020
1034
918
536
92
-158
-189
-393
-759
-1219
-1393
-1176
-889
-744
-583
-253
-42
-31
-237
-54
520
1016
1269
1355
1758
2137
2231
2156
2127
2171
1969
1588
1184
1010
1080
1121
1039
895
608
43
-633
-1263
-1829
-2264
-2543
-2689
-2720
-2718
-2758
-2886
-3045
-3246
-3426
-3354
-3085
-2690
-2179
-1682
-1383
-1113
-829
-722
-598
-527
-467
-412
-489
-617
-663
-481
-325
-337
-463
-584
-781
-1193
-1666
-2025
-2059
-2021
-2087
-2144
-2106
-2094
-2275
-2454
-2626
-2690
-2546
-2369
-2311
-2173
-1723
-1363
-1178
-1027
-621
-70
121
83
99
706
1764
3327
5378
7008
7470
6693
5413
4622
4622
4824
5322
6186
6959
6503
4947
3594
3086
3163
2694
1886
1448
1288
385
-1092
-1933
-1533
-753
-1059
-2225
-3264
-3465
-3617
-3731
-3288
-2115
-829
-532
-700
-623
248
1225
1905
2625
3612
4507
4503
4129
3986
4284
4552
4459
4077
3764
3575
3090
2308
1343
597
-13
-744
-1776
-2763
-3457
-3965
-4520
-5395
-5968
-6200
-6259
-6179
-5967
-5517
-5100
-4814
-4468
-3810
-2998
-2290
-1698
-1157
-664
-185
205
571
1014
1370
1558
1629
1651
1529
1343
978
649
352
-106
-465
-1037
-1722
-2298
-2766
-3068
-3371
-3778
-4086
-4278
-4618
-4974
-5186
-5226
-5049
-4797
-4582
-4002
-3250
-2662
-2252
-1800
-1040
-433
-92
253
1280
2767
3942
4789
5939
7713
8936
8829
8040
7730
7979
7727
6595
5865
6430
6742
5636
4027
3453
3804
3428
1836
292
-110
-444
-1722
-3194
-3604
-2954
-2700
-3445
-4193
-3935
-3304
-3000
-2881
-2306
-1264
-565
-218
139
1142
2534
3661
4588
5616
6313
6371
6281
6291
6742
7013
6672
5852
4935
4265
3541
2659
1680
840
-208
-1643
-3233
-4482
-5240
-5859
-6487
-7008
-7151
-7060
-6877
-6799
-6531
-5950
-5464
-5132
-4773
-4024
-2948
-1955
-1189
-538
147
719
1004
1219
1471
1788
2121
2125
1902
1697
1469
1016
393
-255
-909
-1460
-2179
-3004
-3739
-4416
-4965
-5409
-5754
-6023
-6130
-6125
-6084
-6003
-5897
-5616
-5157
-4548
-3813
-3134
-2390
-1601
-936
-247
491
1284
1998
2571
2741
2609
2425
2750
4409
6919
9203
10113
9954
9266
8521
7746
6978
6904
7035
6664
4939
2859
2010
2326
2568
2240
1905
1767
1126
-910
-3231
-4368
-4036
-3827
-4459
-5120
-4900
-3895
-3188
-2509
-1745
-727
-117
-321
-484
154
1689
3363
4731
5725
6749
7496
7917
8263
8525
8390
7590
6475
5109
4037
3361
2855
2277
1230
-4
-1250
-2319
-3207
-4119
-5068
-6065
-6976
-7747
-8124
-8099
-7903
-7341
-6606
-5943
-5309
-4589
-3621
-2670
-1888
-1276
-776
-259
232
726
1240
1820
2260
2415
2309
1966
1504
984
319
-596
-1551
-2456
-3163
-3681
-4137
-4382
-4609
-4993
-5656
-6437
-6999
-7215
-7023
-6674
-6350
-5970
-5618
-5201
-4653
-3911
-3004
-2228
-1468
-771
-116
475
1142
2043
2986
4013
4862
5096
4638
4186
4916
6945
8997
9931
10061
9889
9307
8049
6654
6608
7411
7214
5121
2583
1599
1866
1736
826
673
1246
1033
-1004
-3341
-3874
-3190
-3038
-3841
-4259
-3771
-2915
-2526
-2094
-838
710
1517
1366
1202
1734
2851
3679
4273
4753
5230
5900
6443
6729
6701
6640
6271
5290
3765
2265
1357
795
-181
-1747
-3062
-3691
-3846
-4354
-5020
-5424
-5690
-6100
-6866
-7104
-6683
-6055
-5649
-5433
-4998
-4211
-3168
-2245
-1274
-271
573
1147
1322
1312
1399
1605
1756
1713
1524
1430
1285
868
169
-413
-885
-1717
-2779
-3856
-4578
-5036
-5463
-5867
-6079
-5929
-5806
-5781
-5734
-5485
-5157
-4880
-4645
-4453
-4170
-3653
-2886
-2296
-1750
-1152
-338
581
1265
1897
2341
2690
2692
2601
2444
2345
2767
3382
4834
6676
8253
9096
9503
9791
9577
8767
7605
7166
6583
5247
3076
1513
1349
1431
1019
406
947
1624
1218
-417
-1714
-1988
-2251
-3389
-4758
-4853
-4140
-3338
-2987
-2109
-399
1165
1831
1983
2471
3200
3833
3811
3872
4176
4521
4886
5065
5395
5762
5948
5756
5097
3881
2505
1219
-149
-1527
-2967
-4113
-4866
-5424
-5946
-6155
-5800
-5357
-5333
-5779
-5874
-5563
-5445
-5572
-5446
-4636
-3487
-2434
-1552
-443
874
1959
2562
2719
2691
2604
2335
1857
1369
909
663
403
-184
-781
-1099
-1259
-1598
-2139
-2848
-3585
-4299
-5107
-5820
-6250
-6380
-6209
-6036
-5724
-4973
-4194
-3614
-3266
-3031
-2840
-2742
-2774
-2637
-2213
-1756
-1214
-589
237
1088
1784
2340
2796
2986
2948
2697
2386
2549
3414
5025
6677
7716
8039
8311
8618
8648
8435
8243
8017
6938
5048
3070
2098
1992
1820
1256
863
918
819
286
-477
-616
-537
-1154
-2545
-3817
-4163
-4091
-3960
-3777
-3060
-1810
-731
76
1083
2552
3681
4018
3773
3489
3562
3571
3389
3229
3600
4229
4479
4108
3503
3141
2521
1291
-444
-1633
-2269
-3181
-4480
-5565
-5778
-5526
-5478
-5810
-5612
-5044
-4676
-4637
-4793
-4495
-3953
-3585
-3440
-2863
-1735
-577
230
867
1697
2474
2980
2943
2651
2314
1865
1265
578
73
-279
-604
-1099
-1599
-1913
-2050
-2210
-2635
-3110
-3528
-3966
-4508
-5105
-5476
-5528
-5456
-5240
-4801
-4202
-3543
-2961
-2483
-2013
-1617
-1433
-1287
-1034
-562
-17
319
559
908
1254
1479
1638
1863
2216
2369
2405
2788
4017
5784
7047
7523
7651
7923
8125
8061
7781
7780
7667
6682
4983
3420
2889
2710
2084
967
386
286
-108
-884
-1486
-1311
-1325
-2038
-3127
-3680
-3693
-3741
-3935
-4045
-3586
-2867
-2091
-1175
141
1607
2848
3605
3967
4557
5160
5444
5235
4624
3978
3511
3186
2774
2313
1622
684
-309
-1286
-2017
-2538
-3119
-3756
-4341
-4726
-4895
-5047
-5208
-5416
-5526
-5407
-5003
-4287
-3445
-2609
-2050
-1604
-1087
-523
197
929
1583
2082
2408
2620
2736
2765
2545
2036
1329
541
-146
-799
-1485
-2161
-2758
-3189
-3485
-3741
-4009
-4205
-4323
-4358
-4365
-4432
-4501
-4569
-4518
-4378
-4109
-3695
-3211
-2700
-2308
-1977
-1647
-1135
-494
199
788
1181
1514
1594
1524
1497
1617
1763
1806
1698
1699
1952
2347
2954
3835
5082
6107
6535
6474
6630
6999
7223
7156
6931
6826
6096
4807
3381
2610
2302
1781
850
38
-59
-97
-363
-872
-982
-1049
-1555
-2450
-3151
-3174
-3154
-3385
-3718
-3514
-2890
-2111
-1416
-722
307
1502
2613
3436
4075
4448
4571
4320
3726
3135
2746
2445
1876
1132
388
-155
-447
-797
-1297
-1789
-2128
-2518
-2969
-3345
-3591
-3687
-3839
-4098
-4270
-4085
-3673
-3283
-2903
-2385
-1597
-686
46
464
842
1205
1373
1358
1381
1615
1849
1801
1380
948
721
429
-102
-699
-1193
-1662
-2211
-2818
-3297
-3509
-3623
-3746
-3847
-3951
-4029
-4074
-3997
-3824
-3670
-3522
-3268
-2928
-2577
-2178
-1714
-1129
-579
-201
135
486
836
1126
1269
1355
1512
1749
1989
2173
2380
2551
2531
2300
2059
1903
1895
2165
2561
3139
3794
4269
4492
4585
4670
4674
4598
4271
3951
3618
3050
2228
1388
888
579
277
-183
-444
-475
-500
-702
-1001
-1070
-1108
-1234
-1543
-1769
-1863
-1954
-2144
-2307
-2041
-1518
-929
-323
397
1242
2022
2573
2908
3173
3243
2985
2514
2079
1789
1405
857
284
-170
-443
-662
-886
-1021
-1045
-1059
-1148
-1388
-1663
-1852
-2075
-2427
-2728
-2842
-2760
-2536
-2248
-1803
-1245
-729
-332
12
293
507
654
693
730
735
705
621
432
207
8
-229
-582
-947
-1242
-1516
-1812
-2133
-2469
-2695
-2807
-2966
-3130
-3214
-3183
-3114
-3122
-3119
-2926
-2519
-2147
-1877
-1637
-1237
-748
-412
-179
30
344
634
867
1112
1409
1695
1877
2046
2139
2197
2225
2224
2144
1953
1762
1571
1423
1272
1135
1071
1013
955
945
1125
1456
1784
1948
1960
2058
2241
2363
2258
2090
1952
1689
1207
664
448
498
508
297
192
364
592
655
554
548
602
538
213
-146
-389
-568
-757
-919
-868
-637
-361
-192
37
429
871
1171
1323
1407
1372
1183
835
542
318
72
-234
-446
-516
-523
-481
-452
-335
-265
-304
-421
-552
-690
-831
-1004
-1289
-1463
-1537
-1549
-1498
-1376
-1135
-882
-673
-523
-370
-252
-199
-227
-316
-399
-536
-726
-978
-1233
-1396
-1462
-1564
-1734
-1875
-1963
-2002
-2103
-2267
-2373
-2388
-2392
-2410
-2389
-2365
-2266
-2101
-1960
-1809
-1545
-1149
-711
-336
-25
388
831
1141
1321
1530
1757
1860
1820
1665
1583
1577
1599
1625
1618
1642
1670
1655
1486
1330
1239
1048
702
181
-318
-749
-1102
-1298
-1272
-1034
-647
-119
500
1165
1820
2438
2957
3331
3536
3619
3670
3642
3531
3344
3114
2967
2918
2872
2795
2776
2843
2858
2688
2310
1837
1317
663
-82
-783
-1347
-1807
-2215
-2450
-2483
-2359
-2159
-1854
-1423
-1003
-659
-426
-195
-77
-55
17
168
377
503
567
622
758
856
881
878
821
689
454
201
-11
-125
-334
-702
-1070
-1349
-1616
-2013
-2429
-2766
-3028
-3270
-3480
-3521
-3398
-3307
-3318
-3347
-3356
-3319
-3294
-3387
-3572
-3726
-3730
-3621
-3511
-3370
-3132
-2827
-2489
-2192
-1888
-1561
-1361
-1210
-993
-729
-418
-126
98
376
716
1033
1398
1804
2178
2426
2416
2297
2223
2118
1910
1615
1357
1185
1005
782
663
641
617
570
459
332
137
-107
-300
-436
-489
-493
-491
-461
-336
-72
317
788
1257
1705
2224
2807
3400
4043
4752
5427
5927
6191
6308
6490
6634
6480
6074
5555
5016
4420
3688
2960
2463
2085
1554
956
460
101
-218
-643
-1130
-1546
-1940
-2420
-2859
-3107
-3164
-3131
-3053
-2856
-2451
-1871
-1314
-803
-289
208
601
804
884
971
1149
1200
1091
1003
966
948
774
428
67
-257
-695
-1293
-1891
-2387
-2838
-3310
-3793
-4263
-4661
-5006
-5362
-5638
-5798
-5931
-6005
-6035
-6041
-5914
-5678
-5368
-4947
-4431
-3866
-3278
-2702
-2177
-1693
-1277
-965
-758
-572
-317
3
303
516
717
976
1231
1348
1356
1353
1400
1423
1310
1153
1030
968
904
829
842
906
883
727
512
366
298
201
88
53
87
160
322
550
896
1238
1517
1852
2214
2567
2829
2986
3045
3157
3301
3366
3397
3456
3581
3669
3789
3903
4011
4118
4117
4041
3976
3933
3855
3811
3688
3543
3465
3386
3323
3234
3144
3014
2798
2472
2119
1748
1388
1017
614
323
73
-75
-144
-279
-424
-486
-577
-743
-902
-1167
-1405
-1662
-1960
-2092
-2113
-2123
-2191
-2266
-2273
-2171
-2048
-1977
-1964
-2043
-2226
-2461
-2656
-2823
-2973
-3147
-3362
-3526
-3653
-3807
-3961
-4078
-4154
-4229
-4360
-4462
-4431
-4313
-4218
-4155
-4042
-3803
-3533
-3358
-3262
-3216
-3166
-3137
-3141
-3026
-2749
-2389
-1998
-1609
-1214
-734
-292
-27
130
156
107
87
-17
-122
-73
-4
95
300
528
842
1211
1508
1765
1991
2125
2126
2022
1917
1959
2099
2191
2267
2394
2574
2756
2951
3143
3333
3485
3495
3516
3639
3744
3770
3681
3556
3469
3353
3196
3061
2909
2688
2444
2222
2097
2069
2080
2070
2101
2185
2263
2360
2442
2499
2478
2398
2242
2091
1964
1807
1726
1710
1740
1800
1918
2050
2180
2304
2370
2374
2249
2020
1693
1295
826
308
-180
-642
-1071
-1445
-1713
-1906
-2100
-2309
-2506
-2689
-2928
-3245
-3586
-3923
-4264
-4544
-4715
-4795
-4842
-4853
-4796
-4663
-4448
-4267
-4091
-3946
-3886
-3838
-3737
-3552
-3336
-3109
-2890
-2639
-2382
-2155
-1971
-1854
-1784
-1780
-1836
-1959
-2084
-2184
-2259
-2304
-2300
-2191
-2031
-1885
-1816
-1780
-1755
-1732
-1669
-1620
-1572
-1501
-1344
-1080
-801
-528
-209
153
459
728
993
1286
1583
1813
2058
2349
2672
3010
3321
3577
3810
4012
4122
4166
4157
4111
4036
3897
3718
3554
3376
3181
2998
2855
2813
2801
2725
2586
2399
2217
2071
1918
1741
1607
1522
1465
1436
1449
1550
1705
1813
1841
1836
1831
1781
1647
1495
1383
1294
1162
1020
942
873
790
725
674
614
507
384
291
207
65
-120
-308
-485
-641
-786
-882
-977
-1084
-1196
-1318
-1421
-1502
-1597
-1730
-1864
-2019
-2179
-2311
-2443
-2512
-2555
-2656
-2741
-2798
-2858
-2904
-2916
-2913
-2905
-2859
-2808
-2722
-2585
-2402
-2179
-1987
-1851
-1753
-1678
-1604
-1548
-1499
-1434
-1336
-1215
-1119
-1028
-922
-788
-679
-612
-544
-516
-555
-625
-679
-720
-735
-740
-734
-723
-717
-668
-569
-482
-371
-188
-27
88
204
335
484
620
750
917
1088
1217
1360
1539
1727
1910
2071
2176
2231
2300
2378
2407
2416
2432
2405
2356
2272
2180
2147
2101
2006
1918
1864
1821
1808
1790
1732
1680
1635
1578
1497
1412
1339
1283
1240
1179
1167
1177
1139
1078
1012
937
878
828
729
608
486
354
226
109
15
-84
-199
-321
-416
-451
-467
-511
-585
-643
-692
-730
-746
-778
-782
-800
-884
-978
-1052
-1092
-1130
-1182
-1216
-1243
-1307
-1362
-1387
-1407
-1414
-1436
-1474
-1523
-1594
-1636
-1646
-1661
-1648
-1608
-1586
-1548
-1493
-1432
-1359
-1295
-1223
-1148
-1092
-1016
-901
-793
-684
-549
-416
-287
-210
-157
-114
-121
-159
-194
-202
-222
-242
-240
-236
-231
-224
-197
-159
-128
-111
-79
-25
-1
20
64
105
157
205
258
355
439
496
587
696
789
883
967
1059
1138
1153
1147
1132
1101
1077
1057
1037
1031
1016
1015
1028
1027
1060
1117
1135
1117
1109
1106
1101
1101
1098
1090
1052
996
976
972
950
928
920
904
876
857
823
788
739
655
566
459
336
225
100
-44
-169
-263
-358
-460
-569
-668
-741
-806
-852
-882
-916
-945
-974
-1002
-1005
-993
-962
-930
-927
-914
-870
-817
-779
-749
-723
-692
-677
-707
-716
-695
-682
-672
-667
-670
-659
-631
-615
-599
-581
-567
-550
-555
-575
-566
-527
-512
-505
-486
-445
-403
-375
-338
-291
-245
-211
-174
-149
-130
-97
-64
-27
-22
-45
-46
-39
-37
-24
9
45
82
117
161
229
285
331
375
412
445
477
496
512
520
521
536
545
548
559
562
571
582
583
583
580
553
525
511
485
473
460
435
427
423
429
450
478
490
504
510
504
520
538
549
558
555
549
544
526
498
483
457
412
366
325
282
235
185
139
98
38
-27
-91
-157
-220
-286
-346
-392
-436
-469
-480
-499
-516
-536
-570
-595
-614
-639
-651
-654
-666
-681
-685
-671
-638
-605
-572
-534
-506
-489
-485
-482
-472
-467
-464
-459
-454
-440
-425
-407
-389
-352
-307
-265
-226
-194
-143
-95
-71
-62
-48
-30
-23
-18
-13
-13
-25
-47
-66
-75
-74
-81
-90
-99
-113
-115
-109
-97
-81
-60
-41
-20
4
29
65
106
143
167
208
267
314
362
410
452
494
525
531
553
576
575
574
568
557
548
532
515
510
509
486
452
425
400
381
380
376
373
374
350
315
296
278
264
263
252
239
240
237
232
234
228
222
213
193
170
156
143
116
88
60
22
-11
-43
-83
-107
-117
-129
-138
-156
-194
-221
-241
-281
-315
-338
-371
-403
-435
-470
-486
-491
-506
-516
-506
-506
-511
-510
-515
-510
-495
-493
-486
-464
-457
-457
-441
-430
-419
-400
-390
-378
-355
-327
-300
-257
-212
-183
-144
-98
-62
-42
-23
-7
12
38
45
45
54
53
46
43
28
10
5
-9
-27
-20
-6
13
34
43
43
49
46
33
29
25
29
63
98
129
164
198
222
245
271
309
343
365
375
385
397
405
409
416
416
410
409
407
407
408
405
395
386
376
360
346
330
307
284
254
225
201
178
166
163
162
150
139
129
116
100
83
74
69
58
40
22
5
-5
-7
-8
-4
-4
-7
-9
-12
-14
-16
-29
-52
-77
-103
-136
-165
-184
-198
-213
-229
-238
-233
-225
-229
-244
-257
-278
-302
-323
-340
-344
-345
-355
-355
-345
-337
-323
-303
-299
-295
-289
-296
-300
-294
-283
-265
-249
-245
-235
-218
-209
-197
-177
-162
-152
-146
-140
-130
-118
-107
-97
-85
-81
-78
-68
-59
-47
-32
-17
-8
-1
11
25
45
63
71
79
91
94
104
127
141
157
181
191
209
231
238
249
263
263
265
270
265
264
269
264
261
263
261
263
266
265
272
278
273
265
254
233
217
205
192
176
161
151
145
145
147
149
151
143
124
110
101
85
69
61
54
48
45
39
34
29
16
4
-3
-14
-18
-24
-34
-47
-57
-67
-71
-79
-88
-90
-96
-104
-109
-110
-111
-114
-121
-130
-134
-137
-138
-138
-142
-144
-146
-151
-153
-157
-161
-167
-177
-191
-203
-217
-227
-237
-245
-250
-255
-262
-264
-268
-273
-274
-268
-262
-255
-253
-244
-225
-210
-192
-169
-146
-127
-106
-85
-65
-41
-16
10
34
52
70
86
101
106
112
118
126
131
132
134
136
133
128
129
131
131
130
129
132
136
142
145
147
146
142
147
152
161
170
179
183
186
189
190
192
194
192
184
175
167
159
154
147
142
138
130
121
114
104
95
84
72
63
56
42
32
27
21
13
5
-1
-3
-7
-18
-25
-31
-38
-46
-52
-59
-63
-67
-71
-72
-67
-63
-66
-74
-79
-85
-91
-100
-106
-104
-102
-106
-109
-103
-101
-95
-91
-88
-81
-79
-84
-85
-84
-88
-97
-103
-109
-112
-114
-120
-125
-125
-131
-135
-132
-134
-139
-139
-141
-144
-147
-149
-148
-142
-135
-129
-115
-102
-90
-75
-61
-44
-25
-6
12
32
50
61
66
72
80
87
93
92
91
93
90
87
89
91
94
92
89
87
87
88
85
81
78
77
76
75
79
87
93
97
103
110
116
118
123
130
133
136
134
134
131
127
124
120
117
113
105
95
89
81
75
69
62
58
52
45
36
30
21
14
10
2
-4
-7
-11
-15
-21
-27
-28
-26
-29
-32
-30
-31
-37
-45
-53
-60
-64
-72
-82
-91
-100
-107
-113
-118
-121
-120
-123
-130
-135
-135
-133
-132
-132
-130
-126
-121
-119
-115
-104
-97
-92
-90
-87
-82
-75
-71
-66
-60
-57
-56
-52
-47
-40
-34
-30
-27
-24
-24
-26
-28
-27
-25
-22
-19
-17
-12
-6
1
8
18
29
39
46
52
57
60
64
71
77
81
86
91
94
93
93
96
98
96
92
93
92
90
88
89
90
90
85
82
80
79
76
75
76
77
79
79
77
76
76
76
72
68
65
60
55
52
47
45
42
38
29
21
13
6
-1
-6
-9
-12
-15
-20
-22
-26
-31
-33
-35
-35
-34
-34
-33
-34
-36
-37
-36
-38
-40
-42
-44
-46
-49
-52
-55
-57
-61
-67
-73
-76
-80
-86
-91
-95
-99
-101
-100
-97
-96
-94
-90
-88
-87
-85
-79
-73
-67
-63
-56
-49
-43
-38
-31
-23
-17
-13
-7
-1
3
5
7
9
9
8
7
6
6
7
8
11
14
13
12
10
13
16
20
23
24
26
29
32
37
43
50
55
59
63
68
73
76
77
80
84
84
86
85
86
84
80
76
74
73
70
65
61
57
52
50
49
48
44
40
35
29
23
21
20
19
20
18
16
13
9
6
4
4
2
0
-2
-5
-8
-10
-11
-15
-17
-18
-19
-20
-22
-25
-29
-31
-32
-33
-35
-39
-42
-46
-50
-53
-55
-56
-58
-61
-62
-64
-66
-65
-65
-66
-67
-66
-66
-64
-62
-61
-61
-61
-58
-55
-55
-53
-51
-49
-46
-44
-40
-36
-31
-29
-28
-25
-21
-19
-20
-17
-15
-14
-11
-7
-1
3
6
7
9
13
17
19
24
29
32
35
38
39
42
43
44
46
49
51
52
54
54
54
56
56
57
60
59
56
53
52
50
48
45
45
44
42
40
37
37
36
