14
2
-10
-23
-33
-42
-49
-56
-58
-60
-56
-51
-50
-43
-40
-49
-53
-55
-57
-62
-64
-65
-74
-80
-79
-78
-69
-56
-42
-40
-43
-43
-48
-65
-80
-98
-128
-165
-210
-256
-307
-351
-384
-408
-412
-409
-400
-383
-374
-372
-345
-299
-262
-224
-174
-113
-53
16
75
123
185
265
360
422
493
611
755
919
1067
1192
1347
1526
1685
1797
1875
1944
1942
1839
1699
1516
1268
1036
765
398
39
-250
-502
-793
-1050
-1185
-1236
-1254
-1256
-1228
-1198
-1074
-899
-807
-697
-504
-310
-252
-220
-143
-78
-51
-48
-23
-5
47
93
44
11
37
68
-10
-205
-346
-480
-684
-921
-1188
-1460
-1739
-1987
-2174
-2321
-2392
-2373
-2325
-2268
-2141
-1937
-1656
-1390
-1156
-880
-594
-280
-50
121
321
481
580
606
626
677
725
670
579
568
591
632
670
711
803
971
1180
1369
1600
1996
2460
2779
2993
3314
3655
3902
4010
4028
4029
3856
3505
2983
2427
1932
1335
622
-71
-603
-1051
-1524
-1914
-2131
-2225
-2309
-2343
-2269
-2077
-1851
-1678
-1552
-1381
-1093
-842
-702
-588
-431
-275
-187
-104
55
231
351
388
399
366
290
208
3
-284
-613
-931
-1241
-1633
-1970
-2225
-2477
-2722
-2893
-2983
-3060
-3041
-2942
-2872
-2773
-2566
-2301
-2079
-1865
-1579
-1268
-979
-654
-311
56
460
838
1181
1415
1633
1863
1942
1917
1841
1683
1470
1235
1022
849
661
524
509
590
812
1287
1957
2633
3301
4112
4982
5709
6336
6771
6946
6890
6611
6014
5069
4068
3002
1770
456
-747
-1743
-2691
-3496
-3997
-4328
-4511
-4469
-4383
-4289
-4001
-3572
-3229
-3009
-2649
-2247
-2006
-1807
-1552
-1271
-1037
-725
-322
43
448
880
1177
1394
1649
1819
1735
1515
1247
778
153
-550
-1303
-2112
-2909
-3535
-4095
-4505
-4711
-4781
-4710
-4557
-4264
-3926
-3553
-3117
-2699
-2322
-1994
-1640
-1252
-804
-318
160
638
1117
1609
2059
2472
2805
2945
3010
3002
2823
2576
2287
1888
1444
1091
806
590
479
625
965
1406
2148
3077
4018
4963
5952
6829
7455
7983
8255
8071
7576
6851
5761
4343
2869
1398
-154
-1671
-2971
-4039
-4973
-5633
-5939
-6009
-5872
-5610
-5317
-4984
-4494
-3974
-3624
-3211
-2716
-2254
-1894
-1621
-1237
-785
-315
164
630
1151
1740
2176
2408
2588
2671
2550
2199
1680
1044
274
-644
-1642
-2651
-3546
-4322
-5028
-5510
-5693
-5716
-5633
-5349
-4969
-4493
-3953
-3444
-2922
-2453
-1991
-1595
-1222
-758
-307
211
806
1470
2123
2764
3458
4010
4381
4594
4676
4597
4289
3871
3292
2605
1968
1357
774
349
256
443
860
1563
2512
3641
4859
6039
7113
8036
8788
9181
9074
8517
7574
6234
4469
2517
521
-1460
-3283
-4917
-6322
-7314
-7883
-8159
-8116
-7702
-7042
-6330
-5594
-4786
-3990
-3337
-2810
-2364
-2007
-1704
-1389
-1062
-704
-208
369
940
1609
2369
3078
3611
4048
4352
4297
3945
3393
2606
1537
253
-1167
-2573
-3889
-5079
-6115
-6966
-7387
-7449
-7299
-6887
-6230
-5430
-4611
-3802
-3026
-2317
-1659
-1021
-495
-52
438
951
1480
2058
2726
3421
4087
4660
5106
5465
5626
5543
5227
4656
3910
3077
2165
1258
388
-380
-888
-1108
-959
-385
494
1555
2808
4158
5489
6746
7801
8538
8785
8513
7743
6525
4923
3117
1161
-935
-2932
-4707
-6137
-7218
-7892
-8140
-8025
-7570
-6876
-6032
-5128
-4167
-3335
-2730
-2235
-1828
-1494
-1278
-1102
-920
-699
-250
324
944
1661
2490
3403
4105
4681
5213
5426
5248
4703
3829
2570
1120
-398
-2121
-3905
-5457
-6677
-7726
-8414
-8615
-8464
-8022
-7297
-6293
-5247
-4152
-2983
-2019
-1299
-596
84
524
872
1316
1765
2181
2744
3392
3952
4580
5269
5726
5904
6050
5970
5508
4807
3952
2868
1623
549
-464
-1456
-2132
-2351
-2216
-1706
-602
797
2214
3795
5438
6837
7954
8873
9201
8744
7773
6412
4611
2458
289
-1900
-4102
-5972
-7360
-8319
-8825
-8768
-8318
-7684
-6766
-5693
-4659
-3665
-2783
-2156
-1782
-1547
-1375
-1260
-1208
-1084
-897
-543
109
1015
2105
3298
4501
5497
6326
7003
7323
7171
6562
5415
3714
1786
-233
-2343
-4441
-6351
-7916
-9057
-9664
-9748
-9365
-8574
-7434
-6131
-4845
-3506
-2185
-1103
-352
159
512
702
851
1048
1298
1673
2167
2748
3439
4227
4970
5532
5886
5973
5734
5222
4475
3405
2047
640
-739
-2106
-3209
-3800
-3987
-3790
-3034
-1736
-134
1701
3792
5748
7415
8865
9899
10187
9714
8734
7139
4902
2437
-47
-2610
-4982
-6873
-8294
-9244
-9502
-9063
-8326
-7286
-5833
-4338
-3011
-1787
-721
-60
232
385
331
64
-138
-151
-149
14
568
1376
2360
3559
4858
5977
6910
7661
7926
7670
6990
5803
4062
1922
-321
-2655
-5010
-7122
-8934
-10391
-11215
-11308
-10882
-10024
-8746
-7176
-5525
-3888
-2332
-959
115
837
1285
1506
1666
1798
1920
2102
2322
2657
3119
3668
4203
4755
5202
5340
5198
4809
4180
3227
2082
871
-462
-1799
-2886
-3600
-3969
-3842
-3200
-2160
-764
894
2736
4484
6121
7605
8583
8970
8765
7973
6541
4573
2371
48
-2333
-4537
-6360
-7731
-8563
-8819
-8531
-7772
-6632
-5239
-3816
-2446
-1175
-150
551
867
928
836
570
227
-2
56
321
739
1418
2420
3703
5043
6201
7134
7836
8175
7971
7162
5868
4193
2065
-529
-3214
-5591
-7679
-9527
-10992
-11798
-11813
-11276
-10289
-8881
-7183
-5319
-3492
-1894
-515
676
1549
2009
2109
2086
2051
2019
2080
2213
2421
2797
3344
3969
4595
5134
5517
5512
5070
4356
3394
2287
1089
-339
-1958
-3359
-4328
-4892
-4945
-4421
-3355
-1964
-397
1509
3467
5290
7030
8292
8777
8590
8001
6830
4949
2747
521
-1828
-4115
-5857
-7094
-7923
-8132
-7724
-6960
-5889
-4407
-2824
-1510
-381
627
1196
1265
1255
1107
639
151
-74
-115
15
578
1543
2616
3800
5173
6407
7328
8046
8311
7882
6857
5314
3301
896
-1655
-4166
-6621
-8767
-10338
-11330
-11715
-11439
-10597
-9285
-7590
-5743
-3852
-2013
-488
636
1359
1752
1868
1716
1475
1246
1037
1022
1260
1611
2116
2866
3693
4450
5112
5517
5576
5209
4482
3395
1903
330
-1243
-2881
-4342
-5500
-6236
-6251
-5618
-4441
-2744
-776
1453
3747
5816
7702
9154
9906
9921
9115
7614
5725
3497
962
-1600
-3919
-5766
-7121
-7940
-8038
-7545
-6579
-5244
-3824
-2370
-863
440
1303
1772
1875
1742
1402
923
526
225
165
360
751
1534
2714
4018
5279
6445
7343
7861
7957
7595
6594
4905
2813
396
-2209
-4724
-7002
-9017
-10680
-11657
-11931
-11671
-10822
-9390
-7688
-5998
-4246
-2494
-1080
-27
757
1080
989
780
574
377
260
396
775
1249
1904
2798
3723
4609
5382
5793
5780
5412
4597
3388
1931
255
-1501
-3197
-4667
-5776
-6391
-6305
-5511
-4236
-2426
-216
2072
4440
6726
8621
9931
10644
10675
9861
8251
6191
3846
1262
-1246
-3539
-5474
-6771
-7398
-7460
-6997
-6003
-4599
-3089
-1639
-218
996
1814
2246
2221
1858
1372
769
178
-248
-354
-81
427
1272
2481
3866
5296
6608
7588
8085
8128
7612
6377
4514
2247
-362
-3246
-6033
-8417
-10402
-11963
-12843
-12955
-12397
-11217
-9550
-7620
-5681
-3783
-1939
-453
561
1211
1449
1277
892
558
333
216
370
748
1288
2080
3039
4041
4979
5773
6249
6182
5668
4698
3288
1701
-92
-2079
-3964
-5518
-6683
-7349
-7235
-6275
-4782
-2816
-379
2208
4785
7337
9467
10835
11565
11638
10778
9024
6846
4421
1696
-1067
-3423
-5267
-6595
-7198
-7187
-6683
-5574
-4007
-2407
-1013
327
1528
2123
2193
1974
1432
710
-80
-915
-1560
-1633
-1187
-610
196
1618
3366
4958
6353
7531
8275
8455
7973
6550
4519
2323
-260
-3322
-6356
-8745
-10596
-12171
-13044
-12985
-12229
-10868
-9032
-7019
-4984
-2834
-870
398
1156
1718
1837
1417
822
308
-138
-407
-288
74
646
1651
2840
3854
4803
5749
6386
6438
5931
4899
3378
1631
-221
-2282
-4278
-5866
-7101
-7897
-7826
-6782
-5152
-3014
-393
2347
5017
7692
10089
11700
12539
12663
11800
10053
7854
5295
2462
-307
-2694
-4719
-6304
-6978
-6848
-6359
-5455
-4075
-2552
-1203
-28
919
1388
1372
1010
263
-719
-1586
-2273
-2859
-3184
-2822
-1808
-464
1153
2961
4829
6586
8015
8965
9322
9029
7949
5926
3271
447
-2433
-5423
-8290
-10588
-12163
-13025
-13121
-12430
-11045
-9139
-7001
-4855
-2758
-793
792
1668
1972
1922
1477
764
32
-534
-942
-1060
-702
4
1004
2330
3732
4945
5946
6721
7008
6686
5849
4493
2661
531
-1653
-3716
-5579
-7084
-8036
-8330
-7697
-6190
-4086
-1497
1285
4152
6932
9296
11242
12581
13042
12507
10992
8926
6511
3785
1000
-1620
-3836
-5496
-6529
-6829
-6457
-5498
-4192
-2923
-1748
-592
405
924
853
418
-307
-1359
-2465
-3348
-3943
-4175
-3940
-3196
-1943
-157
2022
4206
6152
7880
9215
9849
9784
9035
7494
5140
2238
-847
-3986
-6999
-9568
-11521
-12791
-13258
-12849
-11660
-9884
-7712
-5381
-3154
-1158
525
1704
2284
2335
1938
1218
349
-495
-1092
-1310
-1196
-706
198
1414
2829
4279
5603
6589
7080
7099
6542
5387
3764
1760
-426
-2679
-4776
-6489
-7796
-8451
-8368
-7591
-5901
-3538
-721
2263
5049
7742
10030
11726
12778
12891
12246
10807
8585
6032
3283
692
-1615
-3686
-5102
-5886
-6004
-5431
-4587
-3455
-2194
-1055
-157
213
280
79
-591
-1595
-2807
-3919
-4755
-5224
-5139
-4655
-3672
-1995
137
2500
4879
7158
9134
10342
10799
10625
9719
8058
5537
2327
-1171
-4518
-7420
-9994
-12059
-13244
-13441
-12808
-11524
-9558
-7124
-4639
-2336
-423
1038
2046
2492
2300
1524
539
-397
-1306
-2024
-2371
-2188
-1424
-289
1144
2788
4426
5923
7007
7570
7639
7071
5914
4217
2030
-370
-2758
-4914
-6705
-8043
-8728
-8713
-8018
-6536
-4292
-1507
1525
4436
7015
9176
10885
12043
12397
11873
10582
8664
6363
3898
1461
-620
-2289
-3622
-4449
-4583
-4063
-3214
-2304
-1333
-486
54
324
186
-425
-1385
-2518
-3782
-5110
-6057
-6400
-6294
-5742
-4642
-3050
-998
1617
4549
7135
9037
10440
11270
11261
10480
9060
6919
3982
543
-2983
-6200
-8648
-10381
-11718
-12524
-12317
-10963
-9042
-6943
-4688
-2492
-586
825
1668
2042
2004
1506
479
-816
-1864
-2449
-2647
-2558
-2128
-1153
363
2158
3915
5437
6768
7658
7808
7363
6406
5039
3213
822
-1796
-4266
-6237
-7733
-8843
-9273
-9010
-8157
-6674
-4555
-1846
1082
3825
6188
8056
9655
10787
11086
10720
9854
8518
6643
4554
2798
1299
15
-1021
-1804
-2019
-1760
-1304
-917
-674
-295
-186
-688
-1467
-2315
-3239
-4362
-5537
-6442
-6999
-6999
-6395
-5462
-4139
-2244
112
2604
4987
7259
9148
10316
10789
10509
9565
8121
6117
3480
355
-2636
-5150
-7295
-8950
-9980
-10300
-9925
-9018
-7650
-5930
-4038
-2303
-1087
-279
303
530
286
-378
-1212
-2035
-2702
-3011
-3018
-2636
-1757
-604
747
2318
4023
5486
6394
6858
6812
6191
5140
3716
1879
-312
-2522
-4541
-6348
-7675
-8356
-8543
-8274
-7478
-6190
-4596
-2719
-422
1903
3898
5660
7103
8154
8786
9100
9113
8657
7978
7103
5984
4898
3977
3237
2490
1795
1325
870
502
210
-308
-1009
-1728
-2473
-3463
-4604
-5441
-6038
-6584
-6914
-6854
-6246
-5188
-3797
-2191
-523
1408
3458
5245
6740
8016
8957
9140
8558
7658
6508
4981
3109
986
-1165
-3154
-4829
-6138
-7081
-7485
-7416
-7136
-6637
-5818
-4777
-3776
-2994
-2407
-2022
-1898
-1940
-2082
-2307
-2479
-2453
-2212
-1844
-1236
-303
802
1951
3033
4130
5052
5520
5591
5158
4371
3347
2060
601
-1078
-2647
-4051
-5427
-6492
-7073
-7100
-6919
-6601
-5813
-4762
-3430
-1976
-472
1272
2963
4605
5892
6913
8082
8936
9442
9608
9520
9427
8814
7889
6875
5828
4976
3762
2340
1123
95
-849
-2089
-3298
-4180
-4963
-5649
-6397
-6951
-6987
-6761
-6454
-6197
-5538
-4201
-2863
-1633
-366
991
2573
3883
4901
5706
6270
6828
6751
6011
5259
4591
3787
2344
652
-772
-2067
-3180
-4267
-5204
-5693
-5820
-5773
-5847
-5660
-4976
-4405
-4077
-3857
-3481
-2910
-2464
-2106
-1869
-1511
-781
-123
426
1100
1876
2570
2935
3202
3436
3507
3401
2854
1932
1018
276
-501
-1523
-2487
-3240
-4001
-4738
-5281
-5532
-5533
-5401
-5176
-4871
-4297
-3369
-2356
-1300
81
1790
3615
5336
6839
8276
9568
10687
11448
11712
11701
11264
10302
8871
7150
5474
3788
2032
211
-1556
-2883
-3888
-4788
-5532
-5963
-6001
-6024
-6089
-6001
-5753
-5213
-4697
-4376
-4070
-3552
-2669
-1881
-1158
-197
915
2048
2950
3849
4922
6139
7196
7493
7307
6982
6456
5425
3838
2154
388
-1460
-3454
-5484
-6923
-7697
-8156
-8555
-8559
-7671
-6423
-5267
-4109
-2931
-1710
-710
-24
429
757
1187
1281
989
783
769
838
751
712
813
906
1096
1151
939
704
446
69
-615
-1403
-2050
-2861
-3739
-4604
-5427
-5877
-5979
-5843
-5538
-4971
-3902
-2647
-1188
603
2622
4816
6887
8731
10107
11157
12085
12522
12418
11860
11009
9873
8271
6412
4549
2908
1499
26
-1481
-2604
-3281
-3876
-4548
-5167
-5497
-5710
-6050
-6471
-6790
-6734
-6490
-6390
-6282
-5814
-4916
-3882
-2801
-1539
-59
1569
3182
4587
5849
7136
8185
8650
8460
8005
7324
6186
4690
2781
779
-1110
-2956
-4608
-6048
-6924
-7331
-7633
-7544
-7055
-6145
-5043
-4123
-3226
-2457
-1742
-1033
-573
-264
-145
-102
-52
-66
64
238
410
540
532
652
918
1208
1374
1291
1072
709
265
-233
-836
-1428
-2097
-2854
-3596
-4194
-4497
-4640
-4552
-4177
-3503
-2535
-1456
-131
1202
2570
4069
5480
6998
8368
9544
10371
10640
10705
10529
10196
9657
8684
7510
6020
4249
2466
800
-479
-1698
-2963
-4018
-4867
-5328
-5571
-5741
-5824
-5920
-5984
-6237
-6443
-6260
-5986
-5845
-5745
-5380
-4695
-3704
-2352
-903
573
2149
3615
4963
6189
7463
8394
8664
8640
8015
7154
6074
4763
3206
1121
-627
-2398
-4144
-5399
-6473
-7072
-7552
-7709
-7389
-6893
-5755
-4629
-3835
-3035
-2409
-1729
-1342
-1137
-949
-1133
-1224
-1337
-1426
-1163
-786
-319
-5
352
989
1645
2328
2755
2685
2384
1950
1308
473
-340
-1066
-1959
-2983
-3762
-4146
-4180
-3803
-3378
-2857
-1951
-702
703
1872
3087
4124
4761
5277
5680
6204
6780
7115
6940
6373
6071
6103
6034
5905
5729
5427
4867
3985
3101
2309
1733
966
-400
-1837
-2898
-3686
-4692
-5751
-6475
-7056
-7609
-8069
-8191
-7769
-6932
-6095
-5377
-4302
-2612
-794
751
2240
3778
5090
6005
6611
7065
7400
7463
7047
6181
5447
4924
4152
3074
1933
969
-38
-1117
-2175
-3189
-4020
-4893
-5921
-6841
-7278
-7258
-7289
-7395
-7226
-6718
-6056
-5355
-4508
-3539
-2512
-1546
-770
-33
879
1864
2528
2833
2997
3107
3111
2939
2672
2336
1999
1577
994
390
-97
-370
-706
-1138
-1484
-1688
-1743
-1906
-2062
-2117
-2066
-1925
-1816
-1472
-980
-410
128
511
941
1502
2251
3131
4166
5439
6682
7521
8153
8708
9173
9377
9166
8657
7609
6031
4084
1924
-9
-1624
-3077
-4520
-5699
-6256
-6495
-6617
-6505
-6133
-5719
-5553
-5603
-5623
-5359
-4818
-4452
-4334
-3880
-2833
-1569
-329
1149
2950
4640
5868
6790
7576
8353
8891
8604
7648
6603
5658
4353
2540
902
-491
-2023
-3725
-5363
-6533
-7308
-7803
-8251
-8623
-8354
-7648
-6939
-6274
-5347
-4156
-3183
-2420
-1644
-830
34
757
1173
1471
1987
2733
3326
3725
4107
4400
4474
4289
3999
3628
3094
2260
995
-437
-1682
-2681
-3644
-4609
-5337
-5630
-5530
-5199
-4558
-3608
-2377
-1044
247
1471
2611
3824
4758
5111
5061
4958
4724
4086
3283
2797
2781
3108
3485
3614
3845
4348
4886
5033
4952
5034
4742
3659
2003
308
-1100
-2295
-3505
-4823
-5848
-6160
-6200
-6374
-6296
-5657
-4869
-4451
-4312
-4020
-3282
-2278
-1469
-968
-250
946
2043
2772
3443
4364
5179
5324
5039
4717
4646
4490
3725
2620
1779
1377
943
240
-299
-538
-918
-1690
-2725
-3355
-3614
-4006
-4683
-5387
-5504
-5237
-4856
-4382
-3635
-2542
-1524
-744
-66
754
1616
2027
1885
1551
1339
1269
1116
821
538
350
178
-125
-345
-286
-123
-93
-284
-463
-437
-245
-33
60
211
540
909
1174
1302
1437
1517
1383
1077
698
393
162
-137
-490
-783
-820
-733
-713
-706
-618
-398
-145
187
692
1288
1782
2008
2023
2062
2161
2207
2117
1952
1722
1237
602
121
-66
-131
-236
-401
-567
-674
-824
-1120
-1472
-1754
-2114
-2684
-3230
-3488
-3428
-3188
-2801
-2225
-1480
-538
444
1324
2135
2846
3419
3713
3861
4014
4080
4211
4228
3989
3585
3174
2842
2217
1315
345
-621
-1621
-2734
-3718
-4310
-4524
-4579
-4704
-4689
-4249
-3637
-3131
-2819
-2498
-2074
-1771
-1631
-1483
-1063
-376
296
875
1501
2311
3161
3643
3726
3635
3486
3106
2439
1782
1313
940
497
40
-269
-324
-275
-389
-731
-1091
-1380
-1880
-2503
-3030
-3359
-3535
-3614
-3473
-3161
-2573
-1849
-1296
-855
-379
136
414
455
495
637
914
1358
1941
2686
3555
4254
4534
4512
4497
4353
3817
3022
2111
1114
71
-888
-1571
-1904
-1896
-1813
-1856
-1867
-1836
-1873
-2049
-2261
-2452
-2679
-2841
-2839
-2564
-1925
-1012
-21
941
1844
2675
3318
3785
4101
4208
4160
3849
3376
2847
2437
2199
1932
1685
1339
865
145
-768
-1609
-2336
-2906
-3456
-3937
-4147
-4046
-3711
-3256
-2679
-1990
-1345
-860
-534
-270
14
185
200
196
338
670
1060
1434
1791
2147
2415
2445
2211
1796
1266
594
-201
-951
-1479
-1755
-1947
-2085
-2092
-1939
-1704
-1567
-1509
-1481
-1457
-1493
-1593
-1598
-1450
-1167
-824
-448
-25
431
852
1146
1258
1274
1203
987
654
323
137
56
86
271
647
1173
1727
2132
2331
2348
2168
1817
1357
959
562
118
-284
-584
-750
-778
-631
-394
-227
-179
-249
-417
-606
-818
-1015
-1138
-1134
-998
-822
-487
45
643
1159
1520
1823
2039
2121
2065
1923
1808
1736
1636
1517
1461
1486
1452
1225
893
503
45
-523
-1154
-1723
-2185
-2482
-2610
-2533
-2258
-1885
-1515
-1180
-882
-643
-522
-545
-650
-780
-912
-1018
-1021
-894
-668
-396
-111
200
530
790
893
866
768
615
405
215
102
51
41
50
57
58
37
-52
-230
-490
-757
-996
-1187
-1309
-1379
-1320
-1162
-938
-702
-462
-191
-49
-54
-167
-286
-379
-522
-656
-723
-657
-533
-393
-165
238
719
1129
1456
1753
2034
2117
1997
1761
1568
1430
1201
926
705
618
495
262
85
103
240
271
189
138
190
220
122
-4
18
145
187
116
99
226
356
355
311
365
481
514
447
434
526
641
661
636
673
761
780
622
385
116
-231
-665
-1091
-1395
-1602
-1742
-1843
-1863
-1751
-1550
-1331
-1128
-899
-648
-459
-363
-303
-220
-119
-44
27
117
256
419
532
619
716
809
817
720
595
462
339
223
93
-30
-155
-291
-483
-709
-909
-1091
-1280
-1499
-1681
-1812
-1858
-1820
-1682
-1455
-1172
-838
-544
-266
-19
221
389
462
495
453
391
314
310
324
341
366
416
547
722
948
1167
1428
1668
1812
1852
1824
1784
1685
1530
1338
1171
1000
765
474
222
81
-19
-140
-268
-318
-318
-340
-391
-421
-382
-318
-275
-264
-239
-177
-150
-179
-207
-212
-214
-257
-287
-234
-121
45
190
343
507
652
747
748
704
582
374
129
-116
-321
-499
-661
-786
-866
-883
-866
-830
-755
-683
-614
-545
-449
-334
-247
-171
-109
-44
6
27
13
-48
-120
-224
-345
-436
-479
-490
-510
-489
-413
-309
-194
-112
-72
-60
-86
-169
-318
-447
-542
-659
-772
-844
-824
-757
-663
-534
-383
-197
-26
109
245
389
506
554
545
570
616
635
617
573
549
531
512
516
553
633
710
787
920
1072
1189
1204
1142
1061
969
872
751
608
445
237
12
-164
-278
-321
-348
-375
-406
-442
-454
-463
-444
-392
-330
-270
-226
-154
-60
21
90
130
168
208
261
315
346
375
395
430
469
494
488
407
253
56
-113
-252
-363
-447
-542
-637
-688
-695
-690
-675
-636
-592
-580
-566
-529
-482
-431
-399
-379
-354
-313
-270
-252
-239
-223
-224
-250
-268
-250
-216
-183
-153
-130
-87
-28
29
71
86
90
62
28
9
-20
-68
-125
-172
-202
-214
-203
-192
-179
-151
-126
-78
-6
63
108
126
153
182
211
248
276
299
313
320
317
306
317
331
338
357
402
462
527
599
664
673
643
594
536
486
451
416
355
280
199
116
46
-13
-75
-145
-198
-229
-248
-267
-288
-301
-304
-290
-251
-185
-100
-19
37
68
82
97
108
117
137
169
202
225
228
215
172
96
2
-79
-143
-195
-249
-320
-396
-480
-542
-565
-555
-531
-511
-502
-499
-487
-473
-443
-397
-349
-290
-224
-150
-65
9
57
77
93
118
142
170
198
216
223
216
209
203
196
184
163
144
138
134
111
86
50
-3
-59
-107
-131
-135
-121
-99
-79
-44
-6
34
71
95
119
126
128
138
151
157
147
137
133
133
141
137
119
90
47
0
-52
-89
-117
-149
-183
-210
-213
-199
-185
-174
-161
-150
-119
-78
-32
31
101
165
218
272
319
348
368
375
364
343
309
265
206
147
90
26
-35
-93
-145
-191
-222
-242
-256
-256
-248
-228
-200
-166
-134
-103
-70
-35
-6
21
45
63
80
103
133
152
165
177
180
169
147
114
71
28
-13
-53
-80
-99
-120
-141
-141
-127
-119
-112
-102
-91
-76
-58
-44
-34
-15
4
15
25
35
42
38
34
26
17
2
-22
-45
-63
-77
-93
-106
-109
-103
-98
-99
-91
-90
-98
-113
-130
-140
-149
-157
-165
-162
-141
-121
-99
-66
-22
19
44
72
97
115
126
129
135
146
161
173
171
178
192
194
183
164
154
132
106
90
77
67
55
41
25
11
1
-16
-35
-47
-53
-63
-71
-68
-59
-45
-23
-1
26
64
98
116
128
132
125
103
80
61
34
13
-1
-15
-23
-23
-22
-26
-30
-24
-24
-32
-39
-48
-54
-68
-82
-82
-83
-76
-68
-60
-46
-40
-39
-38
-45
-49
-45
-29
-11
4
23
38
35
22
2
-25
-44
-58
-85
-122
-147
-165
-172
-158
-145
-117
-76
-45
1
43
65
67
44
56
74
72
60
53
82
65
53
56
41
66
73
73
123
141
118
69
32
47
55
7
-48
-40
-33
-51
-85
-110
-90
-75
-92
-85
-26
20
30
44
68
104
112
83
97
137
170
162
98
34
8
-16
-68
-81
-65
-73
-75
-80
-59
-21
-49
-82
-87
-73
-58
-82
-104
-112
-105
-91
-74
-39
-8
17
45
52
62
84
81
69
61
54
61
76
110
148
157
165
153
102
29
-32
-58
-72
-89
-97
-71
-27
-4
-4
-38
-64
-72
-93
-89
-84
-84
-94
-134
-174
-185
-158
-117
-87
-40
32
105
155
140
103
70
46
62
93
116
157
178
157
128
94
77
64
27
10
5
-11
-40
-71
-84
-86
-80
-83
-83
-60
-33
-10
-12
-42
-70
-81
-66
-39
-11
9
15
22
27
31
35
29
36
48
46
34
7
-28
-61
-77
-67
-48
-41
-38
-36
-33
-38
-48
-50
-51
-42
-25
-10
11
32
47
58
70
86
99
107
117
130
141
136
123
109
93
80
68
59
56
42
17
-6
-23
-41
-68
-95
-119
-136
-142
-139
-129
-117
-99
-76
-54
-31
-18
-26
-33
-30
-14
-3
-3
0
12
17
16
23
28
32
31
20
14
8
0
-11
-18
