-26
-31
-37
-45
-53
-58
-63
-72
-79
-87
-93
-92
-87
-77
-66
-67
-72
-74
-72
-69
-65
-70
-84
-99
-115
-139
-149
-135
-124
-129
-139
-144
-134
-108
-72
-57
-68
-80
-80
-54
7
73
103
116
154
228
314
401
501
673
981
1352
1622
1711
1680
1580
1442
1310
1101
698
124
-526
-1086
-1388
-1483
-1523
-1552
-1449
-1135
-739
-329
91
415
621
737
776
798
878
1051
1201
1338
1508
1566
1443
1260
1035
607
-47
-822
-1634
-2329
-2690
-2750
-2654
-2384
-1922
-1363
-729
-45
476
682
625
371
-63
-539
-964
-1346
-1643
-1780
-1752
-1577
-1201
-729
-364
-139
-26
-13
-23
-32
-115
-271
-381
-442
-544
-586
-545
-582
-732
-906
-1105
-1282
-1306
-1178
-994
-692
-171
358
775
1159
1403
1411
1278
1001
544
-48
-487
-610
-534
-37
1027
2601
4581
6525
7736
8021
7711
6976
5811
4292
2411
58
-2594
-4921
-6279
-6542
-5973
-5100
-4189
-2963
-1380
152
1234
1864
2083
1816
1267
788
629
767
1024
1240
1470
1865
2308
2480
2276
1633
518
-903
-2213
-2990
-3279
-3215
-2886
-2315
-1529
-646
198
795
939
613
22
-683
-1393
-1987
-2500
-2898
-2865
-2369
-1708
-1069
-479
89
476
594
570
439
209
-40
-275
-404
-365
-254
-194
-349
-648
-965
-1368
-1800
-2175
-2378
-2280
-1834
-1049
-134
816
1806
2649
3154
3226
2832
1982
773
-538
-1688
-2509
-2833
-2683
-2301
-1726
-787
302
1196
1628
1374
717
537
1876
4422
6618
7629
7680
7298
7120
7393
7436
6262
3391
-697
-4791
-7458
-8215
-8287
-8718
-8730
-7439
-5193
-2685
-336
1556
2506
2395
1627
917
1047
1790
2261
2373
2783
3704
4649
5258
5335
4340
2053
-966
-3926
-6040
-6933
-7010
-6748
-5947
-4330
-2147
255
2538
3844
3813
3228
2381
1098
-127
-894
-1677
-2476
-2436
-1768
-1160
-307
743
1106
877
928
1078
755
479
453
136
-162
67
309
20
-413
-743
-1338
-2186
-2875
-3141
-2944
-2427
-1682
-628
615
1778
2687
3204
3236
2804
2079
1040
-338
-1674
-2704
-3282
-3287
-3039
-2643
-1958
-1159
-443
-23
25
-421
-1438
-2806
-3880
-2614
1958
6943
9630
10455
10429
9962
9667
9563
8313
4810
-441
-6234
-10586
-11398
-9952
-9411
-9540
-8037
-5005
-2084
303
2263
3245
3141
2247
1180
1371
3018
4361
4399
4255
4779
5136
4708
3751
2158
-489
-3859
-6817
-8269
-7803
-6024
-3893
-1572
1011
3543
5776
7179
7174
5732
3116
-59
-2575
-3801
-4412
-4773
-4381
-3244
-1867
-267
1560
3082
3809
3863
3431
2646
2112
1800
691
-1062
-2440
-3359
-4215
-5180
-6026
-6421
-6340
-5796
-4757
-3185
-1204
798
2464
3556
4078
4221
3805
2523
752
-820
-2169
-3484
-4237
-4307
-4029
-3180
-1707
-280
780
1785
2373
1891
762
-244
-1499
-3067
-4117
-2586
2661
8628
11856
12147
10852
9327
8631
8395
7317
4010
-1294
-7093
-11161
-10941
-7968
-6713
-7170
-5968
-3100
-859
376
1523
2267
2044
1159
246
974
3794
6157
6273
5728
5855
5480
3917
2072
127
-2582
-5704
-8258
-8663
-6370
-2894
377
3229
5483
6628
6643
5728
3994
1447
-1641
-4717
-6682
-6912
-6152
-4964
-3140
-929
777
1719
2450
3199
3254
2351
1137
132
-540
-1101
-2025
-3237
-4169
-4822
-5594
-6451
-6769
-6114
-4891
-3621
-2168
-306
1743
3450
4405
4447
3613
2434
1236
-316
-2015
-2954
-2985
-2705
-2257
-1518
-491
585
1327
1659
1706
1597
1499
1022
228
-310
-769
-2124
-3093
773
8560
13854
14562
12462
8661
5639
5195
5677
4386
566
-4763
-10493
-12807
-9215
-4889
-4468
-4932
-3290
-871
884
2440
3889
4120
3139
1403
117
1673
4954
5656
3562
1931
1104
-219
-1323
-1767
-3008
-5037
-6888
-7732
-5864
-1575
2289
4380
5551
6235
6092
4987
3266
784
-2400
-5508
-7552
-7792
-6927
-5944
-4687
-2820
-766
775
1646
2368
3007
3135
2651
1858
1400
1153
139
-1731
-3573
-5053
-6395
-7339
-7598
-7156
-5618
-3220
-756
1777
4160
5821
6517
6204
4879
2739
497
-1524
-3286
-4014
-3950
-3702
-2930
-1960
-959
372
1839
2659
2555
2195
2096
2321
3020
3078
2189
384
-871
3565
11445
15204
14207
10166
3698
-837
-579
1796
1816
-1586
-6847
-12449
-13081
-6991
-1951
-1976
-2404
-1026
242
1293
3342
5117
4732
2792
-132
-1918
129
3296
3223
788
-844
-1783
-2881
-2932
-1921
-2068
-3639
-5530
-6254
-3811
776
4251
5324
5153
4466
3225
1813
741
-884
-3560
-6160
-7345
-6362
-4114
-1834
-97
755
1125
1767
2410
3019
3410
2802
1607
780
817
1212
519
-1474
-3598
-5311
-6524
-7059
-6771
-5556
-3523
-1149
974
3051
5288
6494
6046
4715
2852
757
-986
-2478
-3482
-3603
-3284
-2731
-1976
-1529
-1278
-423
388
537
1058
2007
2484
2735
2936
2931
2412
1298
-710
-3494
-1750
6432
13154
14268
12270
7976
3443
2159
3735
4069
320
-6227
-13435
-16867
-12721
-6688
-5383
-5596
-3275
-287
1666
3660
5570
5895
4462
1757
-183
1487
4664
4660
1887
-185
-1363
-2996
-4105
-3881
-3901
-5176
-6860
-7258
-4531
737
5329
7151
7475
7345
5761
3318
1682
46
-2919
-5952
-7340
-7055
-5414
-2891
-1041
47
1702
3222
3523
3839
4932
5192
4003
2806
2134
1289
-266
-2939
-6146
-8640
-9790
-9641
-8509
-6225
-2720
899
3743
5978
7562
7946
6733
4461
1742
-1066
-3135
-4138
-4479
-4037
-3039
-2247
-1868
-1783
-1422
-909
-450
358
1018
1889
3454
4405
4989
5285
3711
669
-2811
-3071
3028
10096
12562
10707
6159
1761
444
2333
4876
3943
-1695
-9572
-14722
-12673
-7139
-5111
-5944
-5404
-3530
-1832
310
3283
5612
5787
3338
540
1352
4753
5963
4033
1653
-147
-2035
-3389
-3364
-2920
-3571
-5604
-7406
-6333
-2398
1803
4556
5737
5890
5372
4487
3604
2424
398
-2468
-5182
-5969
-4735
-2948
-1231
-4
296
274
521
1151
2305
3540
4111
3725
2955
2479
1537
-1044
-4387
-7067
-8950
-9798
-9135
-7041
-3801
74
3413
5612
7066
7567
6422
4254
1776
-1052
-3385
-4284
-3851
-2929
-2376
-2686
-3314
-3583
-3389
-2792
-1868
-244
1753
3279
4322
5483
6317
5685
3642
837
-2801
-3451
2846
10556
13399
11622
6548
745
-1197
1524
4672
4317
25
-7295
-13292
-11608
-5744
-3907
-5012
-4483
-3156
-2284
-613
1649
3716
5045
3678
258
-7
3598
5841
4845
3327
2014
-189
-1854
-1888
-1819
-2795
-4699
-7124
-7627
-4278
828
4671
6562
6800
5408
2978
684
-1009
-2767
-4430
-5441
-5549
-4410
-2280
-104
1033
643
-346
-574
162
1646
3577
5017
5296
4671
3584
1719
-1522
-5323
-8248
-10213
-11143
-10224
-7633
-4046
-71
3174
5168
6302
6548
5529
3618
2010
1121
26
-1439
-2568
-3293
-3797
-4257
-4710
-5272
-5579
-4434
-2414
-245
3019
5725
6311
6302
6009
5036
3674
1572
-2054
-3881
1703
11290
16053
14709
9447
2143
-1947
-539
3002
5237
4075
-2246
-10625
-12671
-8050
-5068
-5399
-4946
-3715
-2710
-1334
328
2608
5208
5001
897
-1588
1108
4755
5838
5489
4081
1679
-414
-1894
-3021
-3594
-4625
-7137
-8598
-6544
-2289
2102
5167
5468
3776
1906
156
-1413
-2344
-2455
-2081
-1736
-2004
-2626
-2559
-1800
-1444
-1926
-2254
-1253
967
3425
5466
6582
6296
4549
1840
-1240
-4406
-6863
-7918
-8253
-8086
-6666
-4504
-2384
-374
936
1418
1914
2615
2882
2861
3434
3935
3171
1742
92
-2042
-3748
-4494
-5248
-5925
-5210
-3480
-1426
1284
3945
5285
5592
5588
5392
4942
3971
1980
-1951
-4933
-1532
7454
14856
16183
11604
3492
-2511
-2328
2467
7159
8287
3944
-4359
-9883
-9061
-6666
-6496
-5831
-4430
-4611
-5404
-5494
-4276
-1006
2317
2070
235
1255
4169
6115
7526
8778
7643
4281
730
-2132
-3677
-4165
-5265
-7372
-8021
-6214
-3692
-1443
579
1485
763
43
306
1401
2741
3966
4679
3829
1663
-700
-2743
-4123
-4345
-4216
-4271
-3282
-705
2110
3823
4516
4010
2179
-222
-2557
-4368
-4977
-4336
-3717
-3650
-3241
-2133
-1156
-741
-777
-1067
-1106
-602
395
1489
2540
3313
3176
2222
1153
-57
-1699
-3051
-4042
-4694
-4087
-2006
413
2207
3794
4982
5396
4955
3573
1169
-1346
-3232
-6058
-7652
-2940
7150
15256
16663
11841
3917
-1150
-2
5056
9615
11662
9046
1417
-5667
-8411
-9063
-9808
-9055
-7496
-7524
-8666
-9894
-9968
-6939
-1818
1355
2584
4471
6539
8270
10441
11942
11031
8709
5686
1634
-2140
-4637
-6289
-7091
-6921
-6408
-5371
-3619
-2434
-2353
-2401
-1706
-181
1453
2680
4058
5983
6456
4078
860
-1229
-2452
-2973
-2457
-1566
-99
1850
2059
159
-1284
-1503
-1845
-2339
-2468
-2239
-1475
-313
250
-28
-244
-310
-774
-1925
-3448
-4192
-3332
-1859
-1060
-609
-133
492
1239
1224
192
-503
-464
-947
-1746
-1475
173
1961
2704
2638
2582
2431
1416
-241
-1445
-1388
-1094
-2211
-4994
-7883
-7130
-1201
7641
14916
16361
11723
4730
356
909
6073
12990
16395
12508
3237
-6259
-12132
-13588
-12671
-9982
-6522
-5370
-7618
-10622
-10897
-8237
-4652
-1773
899
4425
7695
9314
10084
11224
11737
10179
6987
3579
755
-1172
-2144
-2544
-2630
-2698
-3190
-3694
-4055
-4604
-5041
-4503
-2911
-1020
840
2176
2756
2433
1250
342
827
2246
3265
3232
2241
1057
-151
-1478
-2365
-2641
-2207
-1700
-2023
-2645
-2584
-1872
-1135
-605
-332
-253
-539
-1443
-2574
-3206
-3316
-3349
-3280
-3091
-2568
-1728
-1058
-711
-448
-117
117
534
1429
2601
3520
3930
4223
4056
3246
2284
1047
-542
-1774
-2627
-3392
-3871
-4362
-5542
-7510
-7169
-1833
6639
13565
15116
10661
3723
-71
1599
7382
13651
16014
11764
2855
-5468
-9972
-10342
-7749
-3943
-1592
-2583
-6532
-11107
-13261
-11825
-7877
-3469
417
3395
5122
6126
6677
6278
4909
3630
3540
4547
5716
6417
6366
5425
3829
1951
139
-1173
-2380
-3992
-5432
-5666
-4721
-3914
-3585
-3265
-2942
-2622
-1850
-578
966
2807
3827
2904
892
-495
-609
199
1191
1428
1022
352
-881
-2395
-3056
-2488
-1594
-1246
-1750
-2535
-2935
-3320
-4099
-4668
-4367
-3708
-3317
-2916
-1966
-697
-120
-559
-564
982
3217
4920
5534
5298
4534
3384
2024
1218
1781
2781
2589
943
-1223
-3377
-5092
-6131
-6429
-6245
-5756
-3207
2208
8369
11687
10066
4811
-199
-997
3226
9853
14844
15201
9930
1623
-4671
-6568
-4989
-1734
1128
933
-3120
-8776
-12969
-13635
-10928
-6813
-3526
-1713
-915
-1030
-1642
-1852
-1185
191
2535
5797
8634
10180
10488
9540
7315
4809
3051
2371
2784
3006
1845
-508
-3189
-5856
-7837
-7993
-6462
-4376
-2990
-2673
-3205
-3921
-4261
-3984
-2333
491
3187
4717
4885
3760
1938
736
454
913
1754
1951
973
-568
-2029
-3560
-4683
-4753
-4009
-2919
-2111
-2143
-2856
-3452
-3719
-3721
-3004
-1454
499
2367
3413
3152
2214
1650
1643
2210
3388
4602
5390
4951
2906
341
-1280
-1731
-2025
-2453
-3241
-3786
-4056
-4832
-4336
-503
5127
7468
4860
-229
-3654
-1873
4518
11940
16325
16082
10255
1339
-4297
-4261
-765
2857
4680
2804
-2716
-9065
-13428
-13544
-10001
-5725
-3764
-4012
-4976
-6301
-6909
-5983
-3335
181
3773
6852
8594
9262
8657
6936
5120
4467
5316
6949
8778
8603
5354
688
-3140
-4970
-4697
-2481
-320
-385
-2679
-5805
-8437
-9008
-6745
-3921
-1962
-197
957
316
-1214
-1646
-1271
-447
1210
2609
2488
1499
381
-1305
-2404
-1635
-348
317
928
1143
-14
-1611
-2952
-3940
-3803
-2545
-1286
-919
-992
-1196
-1476
-1422
-614
848
2491
3455
2899
1782
952
440
202
313
621
800
681
-121
-1154
-2072
-3128
-3315
-615
4172
6793
4791
236
-3092
-2272
3435
11060
15451
14033
7552
-612
-4878
-2881
1759
5093
6167
4329
-1102
-7653
-11433
-11159
-8152
-4881
-3505
-3999
-4873
-6101
-7561
-7497
-5281
-2271
745
3903
6353
6904
5582
3617
2933
4588
7722
10349
11116
9643
6042
1871
-568
-453
1129
2480
2379
304
-3130
-6331
-7985
-7763
-6137
-4201
-3132
-3090
-3648
-4500
-5189
-5178
-4134
-2320
-347
935
881
-172
-1313
-1664
-880
693
2305
3236
3000
1904
548
-600
-1133
-1222
-1096
-1003
-896
-758
-831
-1091
-1395
-1289
-819
-173
254
98
-548
-1495
-1665
-745
1139
2905
3591
3046
1612
605
-130
-304
-328
-844
-2014
-2658
-506
3043
5062
3614
571
-941
213
3666
7005
8550
7248
3557
-42
-850
2056
5268
5805
3616
601
-2221
-5169
-6523
-5719
-3999
-3012
-3689
-4872
-5312
-5018
-5425
-6083
-5145
-2842
-201
1854
3155
3221
2491
2016
1855
3366
6332
8298
7874
6003
4173
2844
3086
4087
3980
2521
783
-620
-1913
-2031
-1568
-2317
-3832
-4915
-5096
-4866
-4319
-3910
-4514
-5072
-4655
-3800
-3018
-2232
-1881
-2550
-2722
-1558
31
1357
2003
1773
758
-93
-335
-135
405
1066
1700
1881
1761
2096
2770
3164
2635
1094
-833
-2235
-2440
-1888
-1257
-597
-76
-441
-1131
-994
-597
-665
-1254
-2104
-2649
-2547
-2223
-2548
-2564
-521
2915
4926
3871
885
-1581
-983
2664
7043
10010
9841
6667
2684
1175
3640
7143
8001
6033
3237
837
-1147
-2795
-3555
-3349
-3143
-3802
-4950
-5558
-6027
-7365
-8830
-8621
-6342
-3382
-1151
-434
-976
-2140
-2952
-1886
1275
4947
7229
7698
6777
5349
4558
4475
4826
5504
5864
5475
4708
3870
2458
343
-1228
-1856
-1910
-1847
-2503
-4047
-5554
-6149
-6116
-5558
-4397
-3343
-3354
-4527
-5672
-5619
-4163
-2372
-1509
-1693
-2055
-2256
-2545
-2531
-1443
774
3072
4424
4583
4216
3723
3421
3294
3156
3134
2918
2175
1030
372
402
937
1256
588
-671
-1746
-1984
-2016
-2321
-2553
-2470
-2255
-2341
-2909
-3693
-3812
-3155
-1744
310
1407
453
-1641
-2806
-1617
1741
5657
7936
7516
5183
3177
3143
5105
7194
7073
5685
5046
4905
3939
1919
-93
-1429
-2004
-2040
-1939
-2176
-3444
-5589
-7241
-7051
-5205
-3332
-2448
-2495
-3077
-3684
-3590
-2316
92
2565
3736
3956
3524
2341
1191
1292
2812
4602
5854
5970
4686
2092
-336
-1114
-486
1330
2542
1496
-509
-1836
-2021
-1759
-1358
-980
-1429
-2453
-3605
-4747
-5459
-5389
-4817
-4343
-3818
-3381
-3267
-3334
-3450
-2934
-1495
298
1571
1841
1190
332
130
687
1633
2730
3611
3548
2788
1985
1595
1660
1836
1967
1923
1894
1584
622
-542
-1328
-1530
-1402
-1581
-2207
-2998
-3703
-4050
-3916
-2823
-1208
-383
-990
-2245
-2224
-393
2255
4120
4384
3643
2745
2286
2465
3411
4612
4839
4417
4282
4080
3123
1469
190
-96
607
1560
1516
453
-1062
-2661
-3512
-2909
-1501
-714
-888
-1486
-2218
-2661
-2633
-2136
-1031
18
381
59
-366
-611
-594
98
1119
2033
2359
1769
702
-122
-95
556
1353
1985
1952
1512
1042
555
213
-94
-444
-757
-1017
-1335
-1765
-2129
-2512
-2713
-2456
-2238
-2386
-2598
-2545
-2484
-2613
-2581
-2449
-2137
-1594
-1364
-1335
-982
-159
624
1074
1477
1647
1632
1665
1768
2069
2416
2639
2570
2328
2004
1390
702
59
-379
-599
-801
-1031
-1486
-1975
-2406
-2518
-1958
-1194
-433
1
-180
-674
-841
-59
1129
2072
2413
1954
1158
591
720
1413
2218
2623
2344
2127
2199
1905
1090
348
501
1272
1797
1732
1031
200
-391
-696
-472
-22
97
-419
-1321
-1870
-1922
-1632
-1346
-1160
-768
-498
-269
-141
-384
-639
-562
65
585
732
733
388
-123
-323
55
594
1004
1184
578
-275
-550
-460
-245
-27
226
270
-68
-393
-874
-1353
-1243
-808
-514
-633
-1074
-1749
-2461
-2794
-2613
-1954
-1193
-791
-767
-929
-988
-719
-247
277
778
1230
1526
1618
1674
1717
1663
1541
1367
1113
721
280
-116
-475
-648
-644
-555
-558
-888
-1146
-1289
-1486
-1364
-878
8
822
937
355
-317
-181
536
1122
1362
1237
851
462
444
808
1343
1742
1672
1532
1551
1395
978
701
1025
1670
2036
1860
1204
487
-58
-438
-475
-322
-293
-489
-721
-767
-872
-1214
-1574
-1518
-996
-430
-139
-147
-311
-566
-668
-575
-353
-2
131
31
10
150
224
136
56
17
42
81
141
233
369
522
409
178
41
-104
-321
-578
-711
-749
-874
-1127
-1377
-1457
-1383
-1260
-1196
-1157
-1193
-1321
-1398
-1303
-995
-571
-59
426
743
870
815
757
766
784
718
645
630
539
386
136
-76
-165
-176
-206
-244
-259
-457
-716
-764
-555
-258
28
172
116
134
104
-192
-472
-365
95
566
946
1022
728
466
413
603
1007
1440
1594
1527
1580
1568
1349
1101
1047
1264
1445
1262
682
103
-160
-220
-145
152
420
353
-43
-561
-782
-667
-517
-461
-342
-160
-263
-634
-988
-1071
-837
-516
-299
-171
-104
-270
-658
-863
-629
-214
121
256
228
214
151
21
-34
55
206
183
-26
-228
-239
-153
-232
-355
-378
-381
-473
-743
-1064
-1251
-1226
-1161
-1121
-907
-604
-433
-422
-372
-209
-13
115
73
53
161
267
248
204
196
166
172
180
135
-19
-155
-162
-146
-131
-166
-189
-137
-75
-89
-219
-352
-356
-221
-53
130
332
373
243
199
328
551
740
780
649
537
620
812
985
1101
1098
905
746
738
745
705
640
638
777
987
1099
1028
846
633
408
253
193
188
184
132
48
-89
-318
-532
-591
-523
-437
-401
-474
-678
-851
-870
-749
-547
-410
-463
-623
-651
-547
-421
-276
-154
-84
-91
-115
-59
58
184
216
171
127
31
-120
-264
-371
-394
-374
-418
-528
-596
-576
-534
-513
-492
-412
-308
-250
-239
-275
-260
-167
-80
-17
-3
-21
-108
-253
-299
-174
-11
18
-82
-203
-245
-217
-191
-155
-95
-50
-73
-130
-123
-9
143
213
187
169
199
187
136
162
249
306
301
256
191
226
384
465
423
317
222
168
171
298
505
735
898
948
937
909
934
967
947
945
980
970
860
730
635
489
331
224
155
99
-1
-176
-407
-563
-607
-609
-550
-485
-488
-567
-706
-788
-750
-620
-490
-442
-403
-374
-317
-181
-61
10
44
48
8
-81
-149
-166
-184
-201
-216
-234
-250
-292
-362
-440
-454
-377
-314
-279
-273
-260
-257
-270
-246
-216
-164
-111
-120
-185
-243
-246
-216
-177
-149
-149
-183
-242
-335
-402
-362
-250
-154
-117
-96
-74
-17
76
138
151
150
155
170
198
234
252
249
219
141
48
-30
-45
-30
-11
-25
-77
-126
-144
-80
72
277
392
379
356
413
527
613
664
729
840
945
928
834
812
854
842
767
738
740
679
520
331
203
163
160
119
77
52
-57
-256
-427
-474
-429
-358
-312
-301
-311
-339
-344
-303
-220
-187
-267
-373
-415
-402
-347
-272
-227
-222
-260
-323
-357
-323
-268
-260
-258
-192
-107
-111
-192
-274
-260
-140
-49
-45
-102
-161
-207
-266
-294
-258
-182
-161
-243
-331
-373
-403
-427
-420
-373
-308
-251
-259
-314
-312
-215
-89
14
82
97
82
100
176
287
356
324
227
131
80
86
105
91
33
-47
-112
-138
-118
-82
-86
-89
-52
-1
31
42
74
133
208
280
320
360
398
418
452
514
578
591
564
576
630
670
646
586
583
616
602
530
458
415
348
236
141
131
176
191
146
75
19
-67
-171
-237
-240
-203
-203
-263
-316
-315
-288
-278
-292
-305
-320
-353
-377
-365
-315
-249
-203
-191
-189
-180
-171
-160
-143
-113
-93
-99
-124
-153
-177
-186
-163
-140
-153
-195
-248
-282
-285
-271
-257
-269
-285
-287
-300
-319
-312
-270
-215
-155
-107
-89
-97
-97
-69
-26
33
70
60
13
-27
-16
11
40
54
36
12
-15
-13
17
60
88
64
12
-29
-44
-37
-7
47
83
75
31
-15
-23
6
63
111
161
228
271
287
286
291
315
344
386
439
471
470
427
389
422
511
583
591
549
469
364
262
205
225
285
302
252
178
119
77
34
2
-17
-41
-75
-120
-149
-162
-191
-233
-250
-236
-221
-227
-248
-271
-276
-263
-237
-210
-193
-200
-232
-243
-223
-204
-188
-174
-162
-165
-193
-237
-273
-267
-239
-230
-241
-261
-278
-273
-250
-217
-164
-114
-110
-136
-141
-101
-53
-20
-11
-24
-33
-38
-50
-55
-44
-30
-38
-56
-45
-15
2
-2
-15
-20
-18
-10
2
25
51
61
42
5
-16
-22
-15
21
65
97
106
91
78
70
69
71
80
108
130
148
168
189
207
204
188
175
183
202
193
159
129
108
98
103
131
184
221
222
199
188
205
228
253
278
303
313
281
236
208
198
193
175
151
122
96
66
30
7
-2
-10
-35
-77
-118
-151
-165
-165
-167
-167
-177
-202
-232
-261
-281
-289
-285
-277
-281
-287
-291
-297
-287
-270
-254
-228
-203
-184
-172
-145
-110
-83
-67
-50
-29
1
24
30
19
3
-23
-45
-42
-12
14
8
-29
-65
-86
-94
-86
-77
-67
-62
-77
-103
-119
-109
-79
-48
-20
-2
-4
-26
-51
-57
-32
22
77
119
150
161
155
143
143
156
164
154
133
111
91
67
42
26
17
2
-15
-31
-30
-15
2
16
28
41
43
34
34
46
74
100
110
104
95
96
105
127
165
200
221
223
219
216
214
223
235
246
261
263
238
201
168
143
114
89
63
27
-17
-63
-101
-126
-142
-157
-182
-207
-230
-241
-234
-214
-196
-183
-175
-166
-152
-127
-102
-87
-80
-85
-91
-85
-69
-52
-47
-40
-28
-25
-37
-67
-96
-105
-97
-78
-62
-50
-54
-82
-117
-131
-124
-113
-111
-119
-135
-144
-143
-138
-126
-95
-52
-17
0
6
2
0
9
28
50
76
90
88
73
55
44
42
50
55
63
67
62
53
50
54
60
56
41
24
13
11
3
-6
-7
0
9
7
-4
-8
1
12
23
33
45
52
54
55
67
90
115
129
126
118
115
114
115
118
128
140
147
141
121
97
85
82
77
72
69
60
41
29
28
33
39
40
32
20
6
-9
-20
-16
2
10
10
8
2
-16
-36
-46
-46
-42
-43
-56
-68
-71
-69
-66
-69
-75
-87
-102
-108
-106
-102
-103
-110
-115
-114
-112
-111
-110
-105
-101
-99
-100
-103
-100
-92
-82
-72
-60
-43
-29
-26
-25
-20
-11
-1
12
28
40
46
46
33
18
10
8
5
5
7
0
-11
-20
-28
-31
-23
-9
2
2
-4
-13
-17
-10
7
22
31
29
21
13
6
4
11
16
16
16
17
16
15
18
23
29
29
22
16
16
22
22
21
24
28
31
31
28
27
33
42
52
64
75
84
90
97
111
125
140
144
142
139
133
126
124
124
122
