8
9
12
12
11
12
12
11
9
6
4
-1
-9
-16
-22
-30
-40
-48
-55
-62
-69
-75
-76
-77
-77
-75
-69
-64
-59
-52
-44
-34
-24
-11
0
14
26
38
49
63
80
95
108
125
139
141
143
153
175
197
225
276
340
396
441
499
567
614
634
650
660
623
522
398
283
149
-24
-183
-288
-375
-488
-586
-617
-604
-603
-591
-514
-401
-326
-282
-211
-118
-54
-12
58
157
235
286
358
460
559
652
760
872
939
942
889
785
627
406
130
-166
-478
-824
-1189
-1516
-1761
-1924
-2012
-1992
-1845
-1641
-1432
-1206
-945
-681
-451
-249
-38
155
277
342
398
453
488
529
610
713
794
829
831
789
669
477
251
5
-289
-614
-919
-1198
-1468
-1706
-1861
-1923
-1937
-1909
-1793
-1609
-1432
-1262
-1037
-778
-583
-412
-179
58
206
314
462
620
692
702
779
895
905
834
824
878
859
766
766
870
900
808
760
843
926
971
1165
1586
2042
2386
2717
3099
3382
3463
3454
3452
3312
2889
2288
1641
899
35
-773
-1342
-1734
-2067
-2277
-2272
-2148
-2057
-1943
-1656
-1274
-988
-803
-562
-277
-125
-90
46
340
584
710
944
1341
1678
1860
2081
2406
2582
2469
2217
1935
1471
720
-131
-901
-1685
-2573
-3411
-4006
-4397
-4684
-4748
-4448
-3868
-3220
-2564
-1829
-1087
-498
-77
289
628
824
854
828
803
755
661
617
681
774
803
762
696
569
304
-87
-522
-975
-1495
-2057
-2538
-2870
-3114
-3314
-3363
-3190
-2924
-2682
-2379
-1914
-1422
-1065
-745
-336
49
238
323
494
685
737
720
830
1016
1079
1035
1021
1029
949
825
818
893
928
902
846
832
912
1197
1824
2737
3804
4885
5777
6421
6818
7046
7133
6920
6395
5519
4187
2460
543
-1250
-2754
-3894
-4495
-4615
-4472
-4225
-3854
-3305
-2709
-2129
-1483
-808
-286
-54
10
93
169
225
404
874
1520
2092
2639
3309
4000
4454
4609
4647
4500
3877
2769
1463
120
-1384
-3014
-4435
-5482
-6304
-6962
-7286
-7152
-6708
-6068
-5160
-4008
-2853
-1888
-1085
-405
90
381
593
860
1133
1302
1381
1481
1624
1699
1719
1785
1893
1863
1545
1083
577
-75
-900
-1698
-2270
-2700
-3118
-3440
-3567
-3569
-3585
-3542
-3291
-2936
-2637
-2383
-2076
-1738
-1502
-1296
-973
-591
-261
-10
259
529
655
674
692
723
662
434
227
99
-59
-182
-157
50
241
326
537
971
1591
2466
3743
5321
6767
7828
8566
9007
9038
8693
8157
7338
5962
3990
1743
-478
-2593
-4349
-5374
-5557
-5224
-4723
-4039
-3199
-2432
-1870
-1379
-773
-278
-87
-2
111
230
296
537
1214
2121
3074
4069
5097
5996
6451
6587
6554
6128
5248
3942
2398
685
-1297
-3200
-4759
-6004
-6991
-7797
-8178
-8154
-7983
-7535
-6743
-5626
-4415
-3368
-2295
-1275
-515
-2
376
892
1391
1687
1968
2212
2375
2371
2210
2128
2012
1711
1241
675
77
-677
-1557
-2348
-2943
-3415
-3876
-4212
-4287
-4209
-4169
-4112
-3845
-3457
-3152
-2911
-2545
-2069
-1713
-1488
-1189
-749
-420
-286
-135
30
110
-34
-200
-227
-470
-821
-1148
-1312
-1287
-1489
-1526
-1371
-1282
-976
-345
1365
3875
6384
8934
10927
12354
13047
13047
13156
12688
11370
9260
6285
3054
-612
-4038
-6329
-7553
-7522
-6772
-5626
-4289
-3329
-2542
-1951
-1507
-1116
-1005
-947
-1010
-1177
-1210
-1022
-263
1050
2764
4687
6530
8239
9464
9990
9892
9147
7846
5890
3433
907
-1630
-4026
-6013
-7326
-7896
-8054
-7800
-7037
-6083
-5232
-4597
-4001
-3345
-2968
-2877
-2738
-2437
-2121
-1926
-1536
-680
346
1226
1946
2607
3075
3049
2673
2293
1856
1196
424
-151
-530
-1031
-1612
-2011
-2176
-2256
-2395
-2480
-2523
-2742
-3130
-3548
-3847
-3986
-4025
-3830
-3350
-2709
-2063
-1508
-940
-413
-156
-172
-355
-601
-1014
-1683
-2326
-2796
-3112
-3347
-3452
-3253
-2933
-2535
-2035
-1391
-648
-205
254
1044
2380
4404
6590
8854
10628
11549
11969
11848
11618
10963
9575
7751
5190
2254
-819
-3587
-5400
-6419
-6384
-5477
-4189
-2861
-1939
-1190
-700
-577
-608
-710
-744
-981
-1252
-1127
-604
416
1870
3820
6041
7829
9143
9993
10177
9576
8216
6587
4725
2372
-146
-2423
-4225
-5648
-6675
-6870
-6359
-5697
-5080
-4494
-3862
-3449
-3405
-3263
-2921
-2627
-2470
-2288
-1765
-1174
-673
86
1033
1852
2231
2253
2210
1839
1112
367
-190
-521
-952
-1332
-1341
-1293
-1396
-1620
-1681
-1584
-1823
-2300
-2673
-2931
-3326
-3905
-4103
-3769
-3322
-2931
-2323
-1345
-526
-165
132
518
650
199
-541
-1170
-1987
-3039
-3881
-4262
-4276
-4384
-4509
-4213
-3844
-3502
-3186
-2964
-2451
-2040
-1087
1285
4333
7719
10314
11889
12932
12852
12694
12361
11254
9547
6456
2841
-916
-4579
-6977
-8201
-7770
-6027
-3977
-1985
-676
125
389
159
-81
-397
-752
-1196
-1528
-1370
-707
616
2563
5044
7689
9759
11101
11657
11259
9889
7639
5018
2309
-569
-3176
-5048
-6120
-6441
-6238
-5459
-4263
-3138
-2104
-1389
-1091
-1154
-1638
-2180
-2751
-3187
-3176
-2827
-2054
-1003
286
1664
2629
3161
3245
2824
1958
819
-189
-1036
-1812
-2228
-2174
-1852
-1497
-1199
-910
-820
-1185
-1861
-2581
-3279
-3997
-4645
-4864
-4557
-4026
-3211
-1916
-401
854
1678
2352
2816
2604
1727
605
-552
-1906
-3304
-4238
-4558
-4549
-4538
-4231
-3457
-2867
-2624
-2530
-2471
-2409
-2965
-3607
-3830
-3756
-2191
674
4516
8502
10913
12460
12954
12772
12603
11327
9548
6752
2606
-1763
-6111
-8921
-10082
-9892
-7707
-4711
-1782
268
1281
1979
2067
1695
1102
485
12
-693
-1249
-1112
-14
1946
4317
6959
9223
10407
10427
9481
7933
5777
3265
924
-1138
-2984
-4511
-5361
-5286
-4552
-3624
-2548
-1493
-846
-858
-1428
-2124
-2912
-3628
-3810
-3395
-2650
-1812
-694
723
2094
3251
4101
4581
4426
3468
2127
743
-563
-1625
-2290
-2337
-1966
-1543
-1023
-548
-400
-683
-1258
-1819
-2501
-3394
-4133
-4551
-4617
-4350
-3674
-2516
-1126
210
1277
2107
2608
2615
2293
1700
951
-100
-1323
-2180
-2888
-3417
-3680
-3701
-3373
-3220
-3128
-3072
-3397
-3854
-4396
-4704
-4823
-4736
-3929
-1775
1994
6337
10274
12918
14001
13855
12651
11300
9690
7187
3784
-640
-5124
-8964
-11572
-12060
-10723
-7802
-4290
-1473
341
912
627
-91
-886
-1205
-1239
-1168
-800
100
1708
3863
6436
9234
11545
12556
12018
10331
7923
4946
1690
-1070
-2994
-4386
-5261
-5474
-4813
-3688
-2584
-1362
-334
69
-379
-1468
-2636
-3839
-4958
-5374
-4758
-3443
-1980
-433
1428
3180
4229
4785
5115
5001
4189
2898
1687
668
-223
-712
-602
-75
416
656
684
339
-605
-2052
-3496
-4674
-5647
-6331
-6524
-6051
-5084
-3824
-2230
-472
1139
2423
3225
3564
3412
2685
1665
676
-45
-608
-1197
-1564
-1613
-1620
-1865
-2158
-2307
-2566
-2972
-3531
-4088
-4637
-5401
-5718
-5421
-4808
-3721
-2285
491
4639
8803
12382
14336
14715
13716
11438
9396
7449
4848
1505
-2645
-6471
-9524
-11486
-11492
-9746
-6739
-3602
-1371
-225
-211
-966
-1880
-2324
-2155
-1666
-970
7
1415
3139
5161
7453
9495
10727
10731
9473
7367
4894
2493
473
-972
-1875
-2360
-2635
-2618
-2114
-1558
-1104
-931
-1235
-1991
-3403
-4994
-6335
-7248
-7342
-6549
-4910
-2834
-910
758
2176
3233
4034
4635
4993
5046
4581
3778
2925
2167
1709
1543
1574
1607
1344
812
-11
-1235
-2706
-4138
-5153
-5728
-6043
-5997
-5480
-4581
-3462
-2141
-559
1014
2178
3015
3633
3787
3376
2623
1935
1427
754
-4
-525
-1077
-1746
-2499
-3054
-3126
-3386
-3659
-3464
-3271
-3262
-3620
-3856
-3360
-3146
-3092
-2394
-955
1984
5644
9504
13013
14262
13646
11857
9863
8455
6424
3889
780
-3279
-7289
-10500
-11684
-10845
-8977
-6153
-3298
-1508
-1370
-2347
-3164
-3572
-3608
-3263
-2332
-899
464
1907
3927
6488
8767
9955
10182
9392
7285
4505
2127
783
23
-626
-785
-497
-360
-545
-706
-662
-882
-1897
-3344
-4771
-6183
-7473
-8222
-7931
-6794
-5285
-3516
-1547
201
1308
1946
2482
2983
3225
3264
3377
3520
3549
3478
3484
3600
3531
3057
2368
1555
532
-737
-2141
-3341
-4236
-4868
-5188
-5123
-4632
-3879
-3005
-1976
-791
345
1206
1903
2613
3121
3177
2988
2831
2519
1899
1149
481
-157
-968
-1752
-2251
-2577
-2895
-3180
-3117
-2683
-2386
-2269
-2112
-1884
-1569
-1732
-2045
-1985
-1138
1698
5711
9795
12631
13037
11837
9409
7202
6130
5005
3378
635
-3017
-6599
-9492
-10392
-9100
-6453
-3265
-787
216
-268
-1751
-3249
-4040
-4138
-3831
-3308
-2558
-1499
-307
1260
3519
5842
7248
7317
6330
4781
3078
1780
1438
1713
1852
1586
1174
844
407
-259
-855
-1503
-2779
-4614
-6441
-7603
-8108
-8117
-7389
-6036
-4383
-2887
-1636
-482
421
1118
1687
2241
2748
2992
3093
3142
3093
2909
2609
2451
2296
1843
1273
780
531
182
-523
-1231
-1846
-2368
-2904
-3308
-3141
-2680
-2291
-1774
-947
108
1009
1756
2593
3201
3295
2936
2517
2129
1561
945
322
-220
-780
-1440
-1850
-2131
-2433
-2696
-2675
-2364
-2423
-2758
-2917
-2591
-2183
-1974
-1214
128
2795
6534
10259
13191
13695
12301
9949
7650
6296
4897
3209
896
-2295
-5645
-8141
-8688
-7542
-5432
-2872
-799
-224
-1350
-3047
-4437
-5172
-5115
-4492
-3359
-2229
-1229
-57
1348
3062
4490
5298
5412
4608
3230
1882
1283
1573
2238
3005
3506
3382
2507
1153
-211
-1568
-2945
-4461
-5868
-7065
-8117
-8603
-8386
-7458
-6182
-4680
-2954
-1543
-646
-190
299
978
1623
2282
2820
3147
3126
2575
1901
1374
977
697
283
85
64
-113
-221
-376
-579
-931
-1448
-1715
-1780
-1772
-1584
-1123
-345
500
1085
1575
2212
2779
2997
2808
2437
2007
1323
708
532
561
401
-183
-594
-801
-1292
-1796
-2239
-2203
-1970
-2071
-1977
-2039
-2158
-2107
-1833
-824
-157
238
973
2348
5074
8054
10899
12703
12449
10601
7820
5820
4484
2969
1134
-1137
-3353
-5606
-6927
-6549
-5020
-2883
-1042
138
-34
-1659
-3523
-5022
-5640
-5468
-4836
-3701
-2405
-933
489
1914
3620
4980
5527
5164
4239
3205
2322
2057
2381
2927
3228
2913
2039
763
-609
-2060
-3481
-4682
-5932
-7248
-8324
-8629
-8296
-7692
-6582
-4990
-3247
-1969
-1129
-278
502
1154
1562
1964
2487
2634
2266
1701
1325
989
409
-89
-232
-259
-436
-550
-396
-322
-665
-1261
-1672
-1860
-2010
-1939
-1422
-535
318
922
1481
1996
2292
2254
1988
1674
1273
872
675
742
923
943
808
732
571
233
-193
-509
-509
-497
-465
-352
-359
-373
-549
-723
-713
-702
-555
-375
-126
225
568
1612
3846
6784
9323
10315
9641
7572
4914
2950
2053
1849
1458
567
-633
-1971
-2827
-2929
-2361
-1412
-661
-511
-1301
-2733
-4255
-5433
-5651
-5003
-3827
-2509
-1240
-14
815
1520
2392
3181
3567
3466
3273
2978
2500
2220
2290
2390
2077
1370
575
-370
-1630
-3045
-4193
-4993
-5625
-6004
-5968
-5575
-5224
-4935
-4449
-3682
-2769
-2019
-1262
-475
103
375
484
775
1035
1117
1218
1334
1238
796
419
346
346
334
415
562
466
-34
-596
-885
-954
-1016
-1028
-765
-361
-126
-38
214
578
653
493
462
635
694
554
582
725
724
614
586
782
805
576
431
445
551
483
361
314
96
-426
-1069
-1479
-1629
-1564
-1339
-808
-85
513
1185
2137
3631
5420
6929
7751
7433
6132
4393
3009
2466
2448
2442
1936
992
-133
-1279
-2086
-2463
-2449
-2461
-2765
-3113
-3516
-3939
-4283
-4310
-3831
-3110
-2221
-1178
-71
923
1548
2031
2526
2819
2757
2469
2392
2426
2279
2125
2050
1911
1335
434
-386
-1162
-1924
-2630
-3187
-3578
-3877
-4067
-4138
-4157
-4129
-4020
-3805
-3329
-2658
-1993
-1417
-1035
-805
-684
-532
-172
303
744
1021
1064
1003
982
1005
1085
1223
1388
1465
1338
1067
674
163
-368
-732
-852
-819
-685
-400
-21
194
156
37
3
-22
-162
-336
-375
-276
-155
30
383
784
1076
1227
1405
1590
1506
1129
679
308
-70
-449
-663
-689
-641
-507
-143
357
806
1058
1108
1074
936
748
470
116
-169
-229
249
1283
2505
3363
3620
3496
3218
2898
2545
2197
1705
895
-91
-959
-1422
-1489
-1323
-992
-616
-404
-529
-875
-1135
-1301
-1457
-1513
-1394
-1124
-854
-515
-31
417
675
742
725
611
324
-13
-206
-219
-193
-201
-174
-134
-260
-554
-767
-860
-991
-1213
-1381
-1454
-1606
-1784
-1830
-1773
-1781
-1880
-1852
-1668
-1448
-1165
-714
-144
310
563
724
785
645
330
52
-31
-86
-158
-127
19
199
294
423
613
662
504
239
44
-143
-403
-547
-528
-443
-396
-271
-16
205
336
414
520
605
591
585
583
545
424
185
-27
-177
-302
-363
-338
-233
-173
-158
-33
174
256
180
96
12
-136
-342
-373
-116
207
472
723
998
1208
1283
1350
1520
1624
1536
1310
1009
679
393
342
632
1031
1243
1212
1058
881
706
574
574
678
706
639
529
456
444
420
432
411
294
113
-82
-219
-361
-529
-722
-926
-1131
-1347
-1456
-1454
-1322
-1130
-952
-740
-585
-546
-639
-799
-900
-989
-1115
-1203
-1190
-1095
-975
-814
-585
-340
-187
-113
-46
-38
-124
-272
-402
-466
-529
-554
-502
-401
-254
-82
85
189
184
107
9
-109
-198
-212
-198
-228
-297
-333
-315
-277
-186
-3
166
214
200
207
223
206
212
278
323
275
221
220
231
256
337
483
571
481
329
219
153
109
82
131
134
-15
-162
-161
-14
80
100
174
280
310
239
236
300
290
222
249
448
619
679
731
807
902
1027
1250
1509
1547
1307
963
685
560
567
700
891
961
843
642
536
521
438
218
-59
-326
-626
-940
-1123
-1125
-1058
-1023
-963
-834
-740
-730
-756
-691
-568
-522
-534
-571
-631
-768
-877
-799
-615
-445
-353
-273
-153
-104
-105
-98
-74
-100
-236
-376
-451
-475
-475
-433
-320
-205
-116
-12
119
186
143
42
-69
-180
-305
-377
-357
-308
-256
-182
-73
34
96
139
171
152
97
50
35
28
3
17
74
110
84
50
51
44
2
-32
-10
35
34
14
19
40
33
-20
-48
-52
-62
-64
-38
10
35
48
82
84
0
-115
-178
-186
-198
-203
-147
-41
82
215
390
576
716
802
867
918
901
779
647
601
646
753
880
1006
1049
946
794
702
681
633
473
263
52
-156
-332
-402
-345
-255
-230
-241
-219
-218
-282
-348
-348
-320
-364
-431
-430
-395
-393
-366
-197
29
151
146
116
85
-37
-213
-326
-363
-416
-521
-564
-519
-477
-462
-388
-240
-131
-140
-174
-158
-186
-300
-380
-352
-303
-333
-364
-303
-227
-209
-183
-68
59
82
38
13
-6
-69
-118
-93
-30
-1
-19
-23
-6
-28
-73
-76
-44
-43
-101
-156
-174
-195
-231
-232
-180
-116
-83
-70
-29
6
0
-12
1
34
17
-52
-97
-115
-167
-263
-314
-282
-238
-204
-123
30
187
291
375
465
543
553
510
515
580
680
797
923
1027
1017
909
819
782
754
667
545
418
258
92
0
27
118
178
179
130
48
-49
-126
-172
-203
-231
-267
-307
-324
-292
-212
-111
-27
17
10
-41
-89
-113
-125
-147
-183
-228
-297
-364
-397
-382
-333
-276
-222
-182
-148
-115
-92
-80
-90
-114
-138
-171
-210
-226
-206
-160
-116
-86
-53
-38
-52
-80
-97
-100
-119
-147
-151
-140
-132
-119
-85
-38
-26
-57
-87
-90
-106
-145
-158
-134
-132
-187
-233
-211
-180
-172
-138
-54
25
25
2
16
20
-28
-100
-137
-187
-306
-437
-484
-458
-443
-428
-346
-218
-135
-100
-18
113
194
217
260
337
388
399
450
553
620
637
662
694
667
566
494
491
476
402
323
279
235
176
184
292
397
387
302
220
153
81
38
64
88
32
-49
-53
19
87
145
235
309
290
195
105
47
-21
-101
-143
-142
-155
-195
-209
-173
-113
-69
-38
-14
-34
-109
-198
-244
-257
-259
-250
-222
-188
-166
-150
-122
-83
-57
-64
-90
-115
-131
-143
-149
-133
-110
-98
-103
-98
-72
-63
-87
-118
-142
-177
-228
-244
-221
-208
-226
-241
-221
-212
-232
-227
-175
-118
-104
-90
-48
-14
-16
-46
-66
-93
-161
-243
-309
-349
-381
-396
-368
-312
-252
-213
-199
-198
-195
-183
-151
-98
-28
50
119
183
262
349
411
434
438
434
401
335
266
217
188
169
173
201
221
225
237
280
347
412
462
472
415
307
216
200
240
291
332
358
344
297
271
307
369
386
356
312
255
167
86
59
70
65
35
17
9
-23
-71
-106
-127
-158
-202
-234
-249
-258
-256
-233
-192
-152
-128
-115
-105
-97
-98
-109
-122
-140
-168
-193
-190
-161
-136
-123
-98
-63
-47
-61
-75
-80
-98
-136
-169
-178
-186
-206
-216
-202
-183
-182
-183
-160
-130
-118
-109
-83
-56
-59
-79
-89
-100
-138
-190
-223
-242
-283
-330
-345
-326
-311
-305
-276
-236
-217
-212
-188
-144
-111
-82
-27
45
99
128
160
194
200
176
152
128
81
26
0
15
47
80
132
187
207
191
181
195
203
192
192
208
209
183
166
196
245
291
343
396
409
367
318
300
316
346
386
419
412
355
297
274
271
264
257
249
218
154
86
43
16
-15
-45
-62
-82
-124
-167
-177
-157
-134
-117
-97
-75
-74
-91
-100
-86
-70
-76
-95
-106
-110
-119
-123
-107
-82
-77
-100
-118
-124
-142
-173
-193
-189
-181
-188
-190
-176
-165
-169
-167
-141
-111
-108
-121
-121
-118
-131
-151
-161
-167
-192
-226
-239
-237
-245
-263
-264
-255
-262
-276
-269
-244
-231
-230
-206
-161
-129
-114
-86
-41
-13
-8
1
22
29
8
-10
-6
-2
-3
8
41
78
99
116
137
155
161
158
158
159
152
147
151
165
181
188
190
193
195
195
195
200
204
202
197
203
225
246
261
286
317
329
321
311
306
291
268
257
264
261
228
178
140
111
78
54
53
61
45
17
8
19
17
-1
-12
-6
-11
-34
-50
-46
-47
-66
-82
-79
-73
-84
-104
-113
-120
-137
-156
-162
-159
-157
-158
-153
-142
-136
-136
-135
-127
-120
-123
-130
-128
-126
-136
-149
-154
-154
-158
-166
-168
-166
-171
-184
-193
-199
-211
-232
-247
-250
-244
-234
-214
-186
-161
-150
-146
-145
-144
-142
-135
-123
-109
-101
-98
-89
-78
-64
-44
-21
-3
6
10
17
28
39
54
74
88
91
98
113
123
127
136
150
157
155
155
162
164
158
167
188
200
193
186
189
194
195
203
228
243
235
219
219
224
215
203
201
199
185
169
173
180
173
158
153
156
152
144
145
141
120
91
79
77
66
49
41
37
16
-15
-35
-46
-67
-95
-109
-108
-113
-129
-135
-124
-112
-112
-107
-91
-85
-98
-109
-104
-94
-93
-98
-100
-104
-117
-131
-130
-119
-114
-120
-126
-129
-131
-139
-143
-143
-143
-151
-159
-158
-151
-148
-150
-145
-136
-138
-150
-163
-168
-171
-175
-171
-160
-154
-157
-160
-153
-139
-129
-118
-102
-86
-79
-74
-55
-34
-24
-19
-6
14
24
29
49
76
90
88
96
114
121
116
120
135
144
139
138
151
160
158
161
176
189
188
181
183
182
170
155
148
144
137
127
125
130
134
136
140
145
146
142
140
145
152
151
147
141
131
116
106
111
118
112
98
85
72
54
38
34
37
30
13
0
0
-2
-12
-19
-20
-25
-42
-61
-70
-73
-84
-98
-101
-97
-101
-114
-123
-123
-124
-131
-136
-133
-131
-137
-139
-133
-124
-116
-117
-116
-116
-118
-120
-120
-117
-118
-122
-127
-128
-129
-132
-136
-136
-137
-144
-149
-146
-140
-135
-129
-118
-106
-102
-102
-97
-88
-82
-82
-75
-66
-63
-64
-57
-41
-26
-16
-4
13
23
29
38
55
69
74
81
93
107
114
122
138
150
150
145
147
147
139
131
130
128
118
111
111
114
111
108
114
121
121
122
128
132
126
123
125
123
112
102
101
98
89
81
79
77
68
62
64
70
68
58
57
60
55
51
55
62
55
42
36
34
25
12
5
2
-11
-28
-39
-43
-53
-63
-67
-68
-75
-88
-92
-89
-92
-96
-96
-91
-90
-97
-98
-94
-93
-98
-100
-98
-100
-106
-110
-108
-104
-106
-109
-108
-109
-112
-116
-115
-111
-110
-109
-106
-100
-95
-93
-89
-85
-79
-78
-78
-77
-76
-74
-74
-71
-66
-59
-53
-50
-44
-37
-34
-31
-23
-13
-4
4
14
25
33
39
49
60
67
70
74
79
79
78
83
90
92
93
99
108
109
108
112
119
119
117
120
122
118
110
105
102
97
87
80
76
71
64
60
58
58
55
57
59
61
60
58
56
54
51
49
48
47
45
43
37
33
30
25
19
14
10
7
2
1
2
0
-4
-6
-5
-9
-16
-19
-18
-20
-27
-29
-26
-27
-35
-42
-43
-43
-51
-61
-64
-63
-68
-77
-78
-76
-79
-90
-94
-92
-95
-105
-109
-106
-104
-105
-105
-99
-96
-97
-96
-90
-84
-83
-81
-78
-74
-70
-66
-61
-55
-53
-54
-54
-49
-47
-45
-43
-36
-31
-29
-26
-19
-11
-9
-6
1
9
13
13
16
23
27
32
38
47
53
55
58
66
72
74
75
80
81
79
78
81
84
83
80
82
82
79
78
82
84
81
79
80
80
76
73
73
72
65
62
64
63
57
55
54
48
37
30
30
26
18
15
15
14
7
2
5
7
2
0
4
6
3
0
4
8
5
2
1
0
-6
-13
-15
-15
-19
-23
-25
-25
-29
-33
-34
-35
-40
-44
-47
-49
-54
