-19
-21
-23
-25
-27
-28
-27
-24
-21
-18
-15
-14
-13
-11
-9
-2
6
14
23
36
49
66
84
104
126
144
154
159
157
145
120
88
48
-6
-70
-135
-197
-265
-329
-377
-402
-420
-429
-413
-377
-347
-324
-283
-220
-167
-124
-70
-3
47
75
113
174
235
280
326
378
405
391
357
315
253
164
64
-35
-142
-266
-390
-498
-594
-677
-731
-754
-764
-761
-748
-728
-703
-669
-625
-568
-504
-442
-390
-349
-299
-227
-145
-58
47
158
235
263
290
348
405
441
493
575
639
639
642
764
1007
1297
1618
1990
2321
2478
2482
2474
2509
2493
2352
2120
1784
1252
549
-137
-647
-1003
-1264
-1404
-1433
-1444
-1483
-1487
-1375
-1177
-964
-753
-546
-389
-330
-314
-250
-121
37
206
414
661
889
1079
1291
1553
1773
1868
1865
1779
1581
1240
803
354
-120
-670
-1261
-1804
-2267
-2688
-3032
-3212
-3238
-3175
-3038
-2784
-2429
-2066
-1729
-1366
-966
-604
-309
-10
307
557
707
843
1025
1178
1235
1271
1334
1311
1132
904
709
459
114
-216
-471
-739
-1065
-1345
-1511
-1657
-1831
-1925
-1883
-1826
-1818
-1744
-1565
-1396
-1299
-1155
-899
-671
-570
-480
-288
-113
-72
-23
157
347
406
420
533
655
628
539
574
690
708
672
735
839
869
961
1341
1996
2719
3421
4092
4595
4784
4760
4748
4747
4520
3995
3255
2281
1040
-277
-1299
-1904
-2268
-2467
-2426
-2221
-2086
-2029
-1812
-1402
-1026
-776
-541
-325
-291
-408
-440
-260
35
342
735
1238
1710
2094
2488
2925
3282
3429
3349
3047
2511
1768
907
8
-899
-1802
-2685
-3521
-4250
-4808
-5146
-5274
-5206
-4926
-4484
-3980
-3452
-2880
-2267
-1666
-1103
-536
22
486
827
1128
1414
1621
1767
1929
2059
2032
1853
1630
1334
863
288
-229
-677
-1191
-1742
-2131
-2384
-2681
-2997
-3152
-3130
-3091
-3056
-2894
-2591
-2313
-2122
-1855
-1479
-1130
-850
-560
-249
-43
38
103
176
216
246
312
391
387
316
237
152
107
158
331
557
734
911
1111
1416
2008
2975
4249
5544
6648
7426
7731
7641
7392
7119
6708
5916
4732
3207
1360
-598
-2251
-3222
-3600
-3670
-3480
-3072
-2645
-2393
-2191
-1742
-1153
-748
-572
-447
-340
-433
-600
-444
120
820
1467
2187
3020
3702
4139
4488
4790
4828
4411
3664
2715
1546
190
-1197
-2410
-3478
-4486
-5333
-5920
-6245
-6410
-6426
-6154
-5628
-4992
-4332
-3613
-2786
-2018
-1375
-717
22
744
1300
1734
2140
2445
2561
2534
2496
2410
2120
1658
1151
632
4
-712
-1334
-1834
-2302
-2727
-3014
-3134
-3250
-3426
-3533
-3510
-3430
-3365
-3195
-2847
-2509
-2274
-1986
-1532
-1047
-689
-342
39
260
248
154
110
-32
-314
-522
-613
-733
-960
-1109
-1083
-1057
-984
-668
-112
451
865
1411
2295
3404
4770
6445
8256
9695
10372
10498
10326
9850
9004
7840
6465
4633
2205
-404
-2660
-4266
-5245
-5549
-5111
-4309
-3572
-3001
-2440
-1819
-1350
-987
-591
-303
-313
-553
-618
-341
155
949
2123
3483
4632
5432
6111
6607
6667
6263
5544
4564
3126
1295
-533
-2174
-3689
-5046
-6012
-6534
-6854
-7041
-7012
-6732
-6311
-5855
-5260
-4491
-3684
-2931
-2224
-1491
-733
22
781
1532
2257
2846
3173
3260
3192
2998
2616
2055
1432
771
33
-770
-1499
-2051
-2535
-2977
-3293
-3442
-3485
-3549
-3597
-3559
-3539
-3558
-3504
-3264
-2893
-2525
-2107
-1570
-1014
-608
-269
163
496
527
347
127
-152
-678
-1289
-1648
-1828
-2043
-2277
-2326
-2182
-2055
-1847
-1332
-558
167
687
1281
2121
3280
4953
7100
9368
11150
12076
12261
11836
11038
10043
8812
7178
4881
2047
-962
-3775
-5860
-6928
-6939
-6136
-4989
-3819
-2912
-2317
-1854
-1449
-1065
-748
-506
-390
-481
-534
-209
651
1963
3519
5216
6777
7805
8196
8119
7752
6963
5621
3931
2099
97
-2071
-4028
-5334
-6076
-6536
-6715
-6489
-6067
-5837
-5739
-5453
-4963
-4536
-4203
-3714
-3050
-2443
-1876
-1071
34
1176
2162
3012
3673
3950
3777
3357
2847
2216
1417
559
-220
-930
-1621
-2215
-2614
-2832
-3016
-3241
-3382
-3423
-3528
-3739
-3905
-3892
-3755
-3541
-3154
-2539
-1809
-1133
-508
116
632
895
897
718
336
-298
-1085
-1842
-2491
-3080
-3508
-3648
-3557
-3399
-3243
-2943
-2474
-1963
-1382
-705
-8
567
1133
2180
4006
6453
9109
11508
13188
13754
13313
12400
11356
10036
8156
5705
2685
-843
-4287
-6826
-8001
-7959
-6982
-5280
-3448
-2167
-1542
-1137
-732
-577
-655
-653
-551
-612
-769
-436
707
2330
4086
5954
7815
9081
9355
8970
8238
6991
5092
2893
827
-1166
-3147
-4727
-5573
-5857
-5899
-5631
-4993
-4381
-4164
-4226
-4272
-4366
-4655
-4828
-4527
-3869
-3183
-2351
-1098
387
1720
2820
3862
4607
4589
3929
3040
2093
954
-242
-1044
-1474
-1777
-2045
-2155
-2051
-2042
-2185
-2334
-2473
-2694
-3134
-3608
-3941
-4110
-4019
-3641
-2881
-1864
-808
168
916
1483
1748
1604
1132
350
-630
-1836
-3110
-4134
-4821
-5093
-5075
-4767
-4196
-3692
-3282
-2954
-2584
-2148
-1847
-1415
-914
-477
123
1183
3365
6439
9726
12810
14912
15670
14935
13314
11704
9852
7512
4548
1115
-2418
-5945
-8494
-9294
-8489
-6535
-4218
-1892
-149
481
398
-2
-390
-819
-1323
-1525
-1508
-1198
-342
1189
3439
5897
8148
9879
10696
10522
9413
7653
5476
2988
508
-1758
-3608
-4826
-5415
-5352
-4787
-3954
-3015
-2324
-2001
-2051
-2581
-3453
-4462
-5237
-5583
-5541
-4926
-3726
-2120
-384
1233
2820
4162
4880
4857
4193
3182
1782
108
-1318
-2188
-2507
-2549
-2310
-1685
-1071
-852
-990
-1199
-1454
-2027
-2795
-3404
-3796
-4085
-4197
-3828
-2897
-1705
-475
761
1841
2476
2513
2049
1273
231
-1044
-2353
-3516
-4446
-5167
-5633
-5617
-5185
-4571
-3940
-3426
-3015
-2940
-3182
-3277
-3127
-2692
-2161
-1573
-571
837
3145
6529
10426
14088
16235
16605
15481
13230
10747
8210
5708
3000
-375
-3889
-7004
-9004
-9382
-8212
-5569
-2429
112
1528
1711
1131
2
-1242
-2016
-2368
-2409
-2162
-1302
375
2579
5199
8010
10363
11622
11528
10348
8316
5550
2604
-6
-2143
-3835
-4999
-5231
-4698
-3850
-2742
-1481
-371
-23
-552
-1495
-2741
-4249
-5703
-6467
-6239
-5411
-4115
-2286
-86
1958
3423
4531
5297
5315
4429
2983
1447
-196
-1827
-2933
-3229
-2935
-2444
-1717
-849
-312
-360
-829
-1401
-2155
-3133
-3920
-4187
-4028
-3726
-3149
-2044
-711
472
1471
2376
2958
2747
1895
862
-297
-1615
-2959
-3844
-4270
-4586
-4652
-4420
-3947
-3561
-3463
-3308
-3301
-3568
-4008
-4537
-4700
-4651
-4296
-3435
-2353
-743
1387
4340
8226
12050
15165
16608
16123
14245
11415
8633
6040
3467
828
-2242
-5303
-7818
-9147
-8734
-6872
-3987
-978
1159
1968
1432
206
-1183
-2362
-2881
-2745
-2119
-1100
438
2654
5232
7810
10104
11591
11776
10448
8045
5248
2334
-351
-2417
-3602
-3987
-3966
-3446
-2448
-1356
-507
-116
-67
-560
-1738
-3260
-4793
-5955
-6554
-6348
-5137
-3221
-925
1376
3351
4755
5358
5292
4642
3522
2164
682
-690
-1843
-2554
-2644
-2263
-1513
-653
35
260
-98
-799
-1714
-2746
-3670
-4219
-4263
-3909
-3203
-2121
-885
182
934
1492
1928
1925
1437
778
91
-719
-1712
-2527
-2897
-3067
-3253
-3328
-3090
-2891
-3209
-3813
-4331
-4722
-5174
-5612
-5594
-5253
-4836
-4192
-3173
-1775
-534
532
1973
4059
6988
10249
13160
14975
14848
13001
10210
7449
5266
3319
1331
-1024
-3843
-6656
-8759
-9187
-7772
-5212
-2249
203
1525
1456
324
-966
-1861
-2139
-1872
-1135
122
1662
3431
5527
7812
9847
10878
10624
9224
6850
3981
1177
-969
-2302
-3091
-3328
-3041
-2346
-1531
-850
-275
-49
-458
-1451
-2695
-3907
-5038
-5816
-5793
-4933
-3486
-1642
492
2537
3984
4730
4902
4578
3727
2548
1421
338
-766
-1711
-2171
-2160
-1999
-1683
-1148
-649
-633
-1107
-1661
-2200
-2827
-3390
-3462
-2983
-2358
-1754
-1019
-182
391
621
830
1105
1143
762
249
-181
-647
-1144
-1484
-1585
-1798
-2330
-2853
-3205
-3448
-3739
-3983
-3998
-4137
-4471
-4771
-4838
-4646
-4412
-3793
-2663
-1405
-303
528
1462
2665
4261
6740
9912
12769
14135
13524
11404
8417
5387
3021
1389
30
-1763
-4044
-6171
-7471
-7483
-6150
-3824
-1284
550
1123
439
-901
-2144
-2789
-2582
-1552
43
1812
3455
5026
6627
8099
9071
9126
8171
6289
3742
1205
-690
-1601
-1699
-1386
-859
-396
-201
-306
-645
-1128
-1902
-2952
-3972
-4844
-5506
-5814
-5502
-4359
-2704
-871
1054
2811
4006
4372
4170
3777
3111
2207
1352
751
288
-327
-913
-1217
-1369
-1552
-1718
-1638
-1463
-1505
-1663
-1761
-1795
-1866
-1906
-1767
-1507
-1280
-1152
-1035
-907
-797
-640
-355
22
336
509
532
389
99
-299
-745
-1163
-1565
-1995
-2454
-2879
-3237
-3618
-4027
-4291
-4331
-4342
-4431
-4385
-4072
-3581
-3056
-2385
-1370
-219
791
1577
2491
3808
5499
7714
10194
12137
12497
10876
8149
5394
3189
1613
469
-544
-2003
-4009
-5762
-6429
-5820
-4389
-2570
-821
169
-16
-1067
-2107
-2534
-2208
-1123
533
2303
3734
4782
5652
6472
7069
7102
6503
5295
3627
1874
537
16
152
484
632
432
-77
-975
-2085
-3002
-3661
-4164
-4617
-4946
-5030
-4900
-4443
-3476
-1992
-358
1001
2014
2678
2895
2713
2431
2294
2211
1981
1625
1246
734
-6
-770
-1269
-1494
-1642
-1661
-1423
-1078
-872
-811
-754
-809
-1186
-1679
-2011
-2227
-2368
-2321
-1915
-1367
-953
-509
45
543
749
726
676
418
-116
-635
-867
-951
-1246
-1677
-2071
-2538
-3171
-3782
-3935
-3699
-3546
-3554
-3468
-3109
-2691
-2230
-1412
-350
488
882
1126
1412
1687
2286
3767
6180
8624
10106
10279
9154
7026
4603
2800
1850
1118
46
-1364
-2838
-4167
-5039
-4935
-3819
-2328
-1179
-627
-600
-1070
-1723
-1929
-1375
-330
713
1608
2405
3036
3468
3865
4341
4654
4442
3634
2552
1557
874
637
759
983
954
503
-273
-1155
-1897
-2436
-2787
-2958
-3041
-3162
-3354
-3406
-3079
-2399
-1524
-603
242
847
1122
1204
1288
1437
1554
1579
1546
1393
1030
533
137
-93
-258
-341
-252
-65
13
-48
-75
-102
-387
-924
-1436
-1838
-2244
-2564
-2490
-1997
-1427
-977
-548
-96
180
156
47
1
-111
-351
-533
-529
-495
-588
-755
-940
-1239
-1684
-2131
-2421
-2524
-2540
-2450
-2247
-2018
-1769
-1493
-1181
-910
-744
-559
-307
44
421
722
1126
1830
3051
4762
6494
7675
7760
6678
4883
3066
1817
1165
827
468
-183
-1165
-2250
-2998
-3068
-2513
-1667
-861
-349
-361
-903
-1575
-1833
-1473
-753
62
844
1488
1899
2142
2502
3013
3338
3179
2586
1860
1190
718
652
1020
1505
1662
1319
630
-229
-1105
-1777
-2125
-2273
-2463
-2765
-3026
-3080
-2879
-2453
-1844
-1172
-605
-251
-42
144
330
513
713
957
1187
1254
1154
1020
910
802
690
597
519
349
84
-155
-344
-579
-919
-1275
-1553
-1752
-1838
-1744
-1477
-1172
-961
-801
-633
-543
-583
-624
-537
-408
-380
-359
-235
-78
8
29
18
-150
-544
-973
-1265
-1430
-1516
-1436
-1170
-946
-906
-946
-948
-963
-1040
-1003
-764
-474
-247
-10
341
738
1218
2017
3237
4517
5297
5386
4902
4013
2923
2043
1688
1612
1350
757
47
-630
-1272
-1700
-1696
-1391
-1125
-1065
-1109
-1222
-1454
-1643
-1585
-1294
-952
-590
-94
491
995
1345
1634
1879
1904
1694
1508
1526
1620
1645
1675
1681
1464
989
523
231
-69
-514
-1003
-1406
-1795
-2214
-2469
-2483
-2387
-2316
-2229
-1994
-1676
-1341
-950
-477
48
494
857
1148
1319
1357
1273
1139
1000
862
761
680
617
562
501
431
302
92
-204
-559
-911
-1193
-1342
-1356
-1296
-1191
-1081
-1030
-1058
-1126
-1166
-1135
-1032
-874
-674
-484
-326
-170
-32
12
-46
-103
-131
-198
-332
-436
-451
-460
-515
-589
-669
-820
-1065
-1262
-1278
-1163
-994
-755
-445
-108
189
466
757
1039
1341
1734
2277
2864
3280
3396
3167
2704
2214
1854
1656
1529
1343
995
472
-76
-470
-661
-704
-669
-582
-492
-488
-560
-668
-820
-998
-1113
-1052
-815
-484
-79
360
705
834
759
652
595
569
633
840
1108
1229
1141
1015
919
746
458
145
-147
-528
-986
-1276
-1270
-1108
-959
-810
-612
-470
-438
-394
-249
-101
-71
-103
-108
-113
-148
-148
-53
92
171
151
71
-65
-227
-340
-326
-195
-77
-69
-153
-258
-363
-481
-528
-456
-344
-298
-335
-368
-379
-425
-483
-504
-487
-505
-565
-553
-447
-329
-265
-216
-161
-180
-298
-448
-569
-691
-860
-990
-1021
-1040
-1127
-1216
-1201
-1115
-1033
-912
-688
-424
-204
10
296
585
773
913
1063
1170
1188
1192
1282
1438
1577
1679
1721
1627
1385
1140
1045
1052
1047
997
893
713
484
356
459
695
860
875
771
574
303
80
26
88
106
13
-110
-184
-232
-232
-102
122
299
351
330
282
184
58
-32
-84
-169
-349
-556
-706
-805
-829
-725
-510
-296
-172
-99
-45
-35
-78
-117
-98
-85
-112
-93
28
208
362
468
520
438
205
-93
-366
-570
-729
-828
-846
-811
-759
-701
-613
-494
-388
-328
-322
-360
-434
-544
-662
-727
-723
-672
-595
-492
-351
-207
-93
7
116
207
223
161
49
-103
-280
-454
-569
-608
-619
-613
-568
-487
-421
-401
-376
-345
-338
-340
-293
-169
-40
82
242
428
560
605
639
685
680
605
521
475
423
366
388
495
582
572
514
488
516
602
752
937
1060
1052
953
833
738
675
642
624
564
463
360
310
326
382
460
513
512
452
334
191
50
-69
-172
-270
-343
-402
-473
-539
-555
-503
-439
-399
-364
-332
-330
-359
-369
-304
-207
-133
-57
63
197
276
313
387
477
502
456
403
343
202
-14
-190
-284
-352
-425
-450
-406
-374
-408
-448
-460
-469
-505
-545
-564
-596
-657
-709
-696
-622
-538
-456
-368
-295
-268
-287
-305
-295
-296
-329
-367
-385
-405
-445
-474
-472
-463
-471
-479
-441
-362
-284
-227
-169
-117
-100
-99
-68
6
94
186
293
409
489
502
470
412
321
206
117
75
47
8
-23
-31
-30
-32
-8
72
182
287
404
531
618
638
635
653
692
735
789
839
829
757
704
728
798
880
986
1081
1083
969
808
655
484
281
111
23
-31
-109
-171
-167
-158
-207
-282
-325
-361
-440
-517
-510
-443
-389
-350
-259
-133
-43
12
72
120
100
30
-11
-16
-39
-90
-114
-106
-117
-150
-141
-97
-93
-154
-217
-254
-316
-417
-486
-493
-502
-546
-562
-513
-452
-425
-392
-327
-280
-292
-326
-342
-358
-405
-453
-468
-475
-505
-552
-587
-612
-642
-668
-666
-628
-571
-509
-439
-360
-282
-212
-148
-72
20
111
196
267
326
370
390
400
408
405
380
330
288
263
239
217
210
209
188
157
142
145
142
125
126
143
138
115
122
168
217
269
360
487
578
611
627
658
686
703
750
836
895
882
820
745
653
548
470
430
392
329
245
158
69
-15
-76
-122
-171
-218
-251
-259
-242
-195
-126
-73
-43
-29
-18
-10
-10
-7
-15
-53
-108
-151
-164
-151
-118
-63
-25
-30
-65
-101
-135
-183
-233
-262
-284
-329
-386
-406
-388
-372
-368
-341
-292
-273
-297
-307
-284
-279
-317
-353
-357
-370
-413
-442
-432
-422
-450
-497
-524
-554
-602
-632
-611
-552
-487
-420
-343
-272
-221
-188
-143
-91
-56
-42
-26
12
56
93
133
180
207
193
167
168
187
199
201
214
225
210
180
167
168
160
138
132
145
150
152
167
196
213
216
229
259
280
286
301
344
388
423
474
548
614
643
650
653
630
578
528
515
518
509
493
475
432
361
296
266
245
211
179
156
121
70
39
46
59
50
45
51
32
-27
-85
-106
-119
-145
-166
-160
-158
-186
-212
-199
-171
-170
-188
-196
-206
-242
-283
-292
-281
-289
-308
-297
-267
-249
-244
-225
-205
-219
-251
-267
-270
-287
-314
-324
-319
-339
-386
-431
-467
-512
-557
-567
-542
-515
-501
-473
-425
-377
-343
-308
-268
-238
-229
-218
-192
-154
-124
-102
-80
-51
-26
-8
8
33
57
66
71
93
127
147
157
174
198
203
184
173
179
179
166
171
200
229
239
248
277
295
287
282
296
308
300
300
331
364
370
374
393
398
360
312
289
274
257
261
314
377
397
385
377
366
331
293
286
296
288
262
253
264
268
263
271
289
280
237
184
130
67
-1
-49
-74
-94
-119
-145
-167
-190
-212
-218
-215
-214
-229
-258
-285
-303
-310
-306
-289
-265
-244
-231
-214
-187
-163
-155
-154
-152
-158
-180
-215
-237
-252
-280
-313
-332
-338
-347
-362
-363
-346
-334
-340
-347
-340
-333
-343
-349
-335
-311
-295
-280
-248
-205
-177
-169
-161
-146
-140
-142
-135
-115
-98
-91
-83
-66
-40
-14
11
40
70
86
89
91
101
113
123
137
161
184
198
214
241
273
292
302
308
307
293
276
271
273
271
261
251
246
239
234
234
238
236
229
223
216
210
202
194
186
170
156
151
158
171
190
216
242
254
255
258
266
267
265
268
266
242
208
187
174
155
137
131
124
93
55
25
-1
-44
-93
-120
-131
-152
-178
-182
-169
-173
-191
-195
-185
-191
-215
-227
-216
-216
-241
-257
-252
-252
-272
-283
-271
-265
-279
-292
-283
-269
-273
-273
-254
-238
-249
-261
-255
-248
-255
-257
-236
-211
-206
-205
-188
-172
-177
-188
-184
-177
-191
-213
-215
-203
-196
-187
-157
-115
-88
-80
-66
-45
-37
-36
-28
-7
10
21
41
76
112
143
173
202
222
229
232
236
237
238
237
242
250
258
265
272
276
278
275
267
257
250
242
228
211
195
178
158
143
139
141
139
137
144
150
148
147
154
155
144
133
137
145
144
147
161
173
169
161
165
166
152
130
115
104
80
50
34
27
16
2
0
4
1
-14
-30
-42
-62
-88
-111
-128
-146
-166
-184
-197
-207
-219
-230
-237
-242
-244
-246
-248
-249
-249
-251
-253
-252
-248
-244
-239
-231
-218
-206
-197
-183
-166
-156
-149
-140
-134
-132
-136
-141
-137
-136
-144
-148
-138
-129
-128
-126
-114
-101
-103
-111
-106
-95
-93
-96
-86
-62
-45
-33
-12
20
40
49
60
76
83
80
80
90
102
114
131
155
176
192
201
212
222
223
218
215
217
213
205
202
206
205
199
196
200
199
190
177
168
156
139
125
117
114
107
100
101
106
106
105
108
111
105
92
82
76
63
48
44
49
49
47
53
67
77
76
83
90
87
71
59
53
40
19
4
-5
-19
-38
-48
-48
-57
-74
-88
-99
-116
-137
-148
-151
-158
-170
-176
-174
-178
-189
-195
-192
-193
-201
-203
-195
-189
-191
-189
-176
-165
-167
-167
-158
-150
-148
-145
-135
-125
-126
-126
-120
-114
-115
-115
-112
-108
-107
-103
-89
-71
-61
-52
-37
-24
-19
-16
-9
-5
-8
-16
-14
-9
-9
-8
4
23
37
48
63
74
79
78
83
89
95
101
110
122
136
148
162
174
183
189
191
189
186
182
173
165
160
162
164
166
168
169
167
159
150
142
134
119
102
90
79
65
53
47
47
43
42
45
49
48
48
53
56
52
46
46
42
31
21
18
17
9
2
1
1
-7
-16
-18
-22
-32
-45
-53
-57
-68
-79
-84
-84
-89
-97
-100
-103
-110
-119
-126
-131
-139
-147
-151
-155
-155
-154
-151
-144
-140
-139
-137
-135
-133
-131
-129
-127
-124
-123
-123
-121
-113
-107
-100
-92
-78
-62
-51
-42
-29
-20
-20
-25
-23
-17
-19
-25
-23
-13
-8
-8
-5
6
12
5
-1
2
6
0
-4
4
16
22
27
41
58
65
67
76
86
88
83
83
88
93
96
104
119
130
137
144
154
157
154
147
141
134
124
114
110
107
101
96
94
96
92
86
81
78
75
68
62
59
55
47
40
37
35
30
23
19
18
13
8
6
6
1
-4
-6
-5
-7
-12
-14
-13
-16
-20
-21
-18
-22
-30
-33
-34
-39
-45
-51
-55
-65
-73
