14
-24
-20
27
36
17
43
106
137
93
39
66
139
150
135
191
285
285
199
175
209
239
237
250
287
284
242
174
103
52
74
119
56
-32
-9
25
-94
-228
-236
-239
-296
-349
-361
-283
-216
-336
-461
-402
-418
-589
-585
-280
-57
-231
-427
-302
-196
-395
-524
-388
-173
-36
-234
-455
-378
-302
-438
-657
-590
-349
-324
-533
-644
-549
-498
-437
-669
-863
-466
-405
-531
-353
-476
-440
-117
-273
-608
-212
317
152
115
152
-13
250
463
249
415
815
625
515
678
507
594
712
490
713
920
585
599
900
966
1557
2707
3145
2498
1699
1246
1175
1733
2439
3211
4105
3905
2321
736
290
708
1304
1831
2179
2371
1863
568
-518
-1137
-1294
-928
-749
-1022
-1272
-1322
-1690
-2602
-3260
-3292
-2946
-2590
-2382
-2117
-1925
-1875
-1966
-2202
-2128
-1843
-1520
-940
-480
-458
-832
-1016
-750
-603
-762
-1007
-314
512
26
-624
-957
-971
-854
-1182
-1612
-1187
-210
-313
-1120
-1785
-1419
-607
-1108
-1425
-1095
-201
685
166
-550
-482
479
783
388
305
771
1811
1518
988
943
1257
1775
1484
1517
1413
1551
1666
1167
1103
1110
1328
1380
1456
1362
876
1062
1088
779
648
691
809
931
1250
1206
1062
909
451
138
-59
42
397
702
854
746
319
-272
-451
-519
-604
-303
-13
20
-132
-348
-576
-811
-907
-807
-650
-537
-464
-531
-585
-547
-709
-735
-468
-455
-602
-610
-512
-395
-389
-395
-302
-152
-123
-273
-238
-56
-203
-461
-300
-48
-192
-367
-276
-169
-251
-473
-522
-352
-301
-372
-255
-31
-34
-201
-214
-55
8
-77
-43
164
188
19
91
347
376
206
178
346
336
149
215
431
443
279
267
392
260
25
38
145
96
-66
-42
100
60
-109
-137
-18
-85
-273
-286
-161
-167
-331
-358
-223
-201
-354
-420
-318
-280
-363
-362
-265
-255
-371
-444
-347
-259
-316
-388
-295
-135
-165
-297
-296
-119
20
-28
15
265
338
218
183
277
391
362
354
495
555
474
492
602
641
592
479
503
667
702
584
568
722
627
353
378
685
1042
1136
701
31
-273
-34
485
651
335
155
306
257
-134
-248
44
475
470
134
127
231
173
-120
-304
-206
-36
-10
-105
-83
-38
73
13
-358
-727
-930
-622
-135
-248
-665
-861
-807
-820
-966
-1063
-1032
-792
-582
-597
-747
-775
-673
-635
-577
-583
-560
-325
-189
-145
-241
-386
-192
-66
-241
-178
100
239
318
166
-236
-244
225
204
-20
-10
-42
199
190
-96
-328
-100
216
-53
-65
9
185
226
117
70
34
381
239
146
416
327
225
252
413
371
341
510
545
685
531
262
506
784
646
487
668
691
708
585
208
396
711
664
344
257
316
491
496
16
324
193
-9
350
42
-209
-322
-186
-244
49
54
-799
-703
-430
-133
-389
-877
-484
-537
-392
-386
-866
-337
52
-637
-896
-333
-162
-303
-260
-546
-259
242
-438
-827
-231
290
-68
-474
-131
106
20
-134
-132
59
393
69
-478
-62
294
210
-134
14
211
-39
139
-74
-338
5
270
85
-80
48
-97
3
294
75
50
-23
-7
250
97
-75
-43
328
320
73
-29
-319
177
703
125
-197
339
326
-117
-7
124
269
182
-147
37
301
191
-48
-45
82
231
138
-235
-66
299
278
51
-62
140
18
-185
11
81
166
182
-173
-181
186
9
-238
13
43
-58
61
-74
-99
192
-58
-331
-132
117
245
48
-158
-145
67
143
68
-81
-114
250
197
39
33
-128
110
360
39
-64
190
4
-105
149
188
-151
51
180
-430
-285
31
-116
-124
12
-172
-183
-16
-386
-357
-185
-123
-129
-290
24
-63
-341
-380
-379
19
-92
-467
-305
104
115
-205
-314
-400
61
144
-242
-36
58
146
79
-94
-201
-186
27
-72
-96
56
42
-112
-174
-47
-56
-51
96
127
199
179
63
186
371
418
374
309
325
552
616
387
400
623
634
437
369
408
441
469
432
357
279
248
159
18
-50
38
98
-45
-143
-202
-200
-157
-262
-348
-333
-149
-87
-269
-288
-222
-128
-159
-298
-238
-13
107
-50
-120
-120
-130
12
-43
-303
-155
240
14
-377
-378
-319
-81
-21
-416
-582
-293
-106
-346
-519
-340
-191
-188
-334
-603
-473
13
17
-298
-287
-242
-178
-48
-199
-280
28
242
29
-162
-131
30
184
23
-155
-18
177
105
-65
-90
68
270
171
42
260
608
707
546
462
427
441
559
651
766
908
985
844
513
264
319
646
834
715
586
540
416
152
-84
-95
78
157
11
-160
-305
-433
-461
-434
-469
-521
-425
-324
-317
-377
-426
-382
-334
-295
-229
-93
-5
-126
-251
-157
-79
-164
-114
61
120
62
-180
-336
-328
-358
-279
-260
-386
-465
-520
-716
-928
-870
-699
-632
-813
-991
-838
-563
-475
-736
-912
-697
-303
-223
-585
-398
130
2
-437
-497
-86
411
526
201
85
299
118
-232
-81
398
721
578
104
-187
2
30
-104
315
1052
1699
2059
1931
1192
637
756
1265
2029
2958
3742
3756
2825
1343
594
964
1968
2973
3394
3209
2357
1256
102
-677
-688
-145
501
588
-74
-1105
-1938
-2528
-3032
-3041
-2324
-1501
-1193
-1446
-1896
-2313
-2637
-2633
-1926
-563
430
377
-157
-433
-557
-706
-497
261
1240
1648
1242
363
-357
-478
-587
-841
-657
-232
-223
-774
-1758
-2699
-3092
-3154
-2897
-2405
-2050
-1903
-2437
-3355
-3617
-3156
-2428
-1729
-1221
-917
-719
-733
-1010
-1053
-273
615
1043
1398
1354
1124
1355
1411
940
1019
1560
1887
1780
1273
1077
941
586
266
270
782
1347
919
1039
2741
3945
3856
1930
425
749
1940
3508
4993
6085
5801
4163
1329
-46
1123
3519
5467
5447
4534
3080
1309
-690
-1949
-1215
410
1193
445
-780
-1766
-2932
-4391
-5471
-4806
-2879
-1332
-1062
-2045
-3237
-4111
-4575
-4151
-2372
-131
980
683
-232
-1223
-1871
-1413
-28
1220
2075
2423
1876
772
-250
-943
-1083
-466
336
541
223
-591
-2108
-3758
-4147
-3136
-2232
-1862
-1634
-1763
-2740
-4059
-4388
-3412
-1976
-866
-420
-542
-1061
-1682
-1833
-1409
-544
634
1682
2091
1457
529
225
287
500
1036
1977
2413
1963
716
-371
-503
-384
26
794
1323
847
382
1722
4005
4860
3201
827
689
2071
3753
5592
7272
7627
5650
2528
116
1063
4140
6394
6432
5390
4597
2785
224
-1862
-2084
-710
575
545
-520
-1639
-3248
-5605
-7569
-7224
-4575
-2201
-1714
-2859
-4505
-5473
-5761
-5158
-2521
747
1616
237
-867
-934
-820
-643
497
2341
3652
3701
2458
1407
1073
679
307
933
2127
2357
1096
-725
-2029
-2968
-3287
-2503
-1174
-830
-1670
-2830
-4020
-4555
-3986
-2689
-1617
-1272
-1355
-1730
-2144
-2493
-2347
-1242
-10
610
726
539
-128
-622
-485
-81
582
1191
1478
1070
137
-623
-884
-552
-106
94
245
186
150
-416
217
3264
5232
4184
666
-209
1925
4277
5839
6241
6793
6306
4569
1275
1122
4404
6945
6843
4429
4012
4060
2781
-176
-2582
-1973
30
983
-460
-1963
-3203
-5214
-7565
-8298
-5911
-2889
-2037
-3737
-5800
-6579
-6075
-5181
-3708
-1187
348
166
-568
-668
-350
-151
800
2464
3828
4508
4417
3209
1855
1399
1395
2194
3414
3775
2556
394
-1457
-2447
-2278
-1323
-615
-886
-1499
-2462
-3908
-4711
-4199
-3152
-2602
-2478
-2144
-2129
-2709
-3250
-3402
-2492
-1024
-33
348
193
-384
-1035
-933
48
975
1652
1942
1783
827
-175
-322
35
825
925
934
1062
550
246
-233
1366
4993
6472
4354
511
367
2591
4934
6326
6521
6976
6229
4385
1225
1622
4922
6828
6201
4128
4073
4047
2642
-949
-3748
-2844
135
1599
-921
-3311
-4461
-6195
-8086
-8303
-5488
-2896
-3133
-5352
-7005
-6730
-5883
-5545
-4355
-1709
-249
-618
-1123
-914
-516
-405
486
2364
3821
4389
3770
2308
1308
1368
1829
2167
2564
2474
1289
-500
-1811
-2217
-1878
-1456
-1574
-1970
-2057
-2643
-4045
-4802
-4362
-3517
-2934
-2593
-2223
-2217
-2751
-3508
-3726
-2131
-234
459
359
-26
-172
-482
-78
1307
2355
2461
2177
1829
1079
873
1030
1404
1922
1565
1410
1487
1829
1863
1013
3099
6311
6916
3835
701
1761
4052
6330
6447
6482
7048
6757
4584
1523
2994
5784
7192
5759
4270
4722
4273
1789
-2532
-3908
-1543
1619
1217
-2198
-4108
-5454
-7263
-8906
-7841
-4635
-3256
-4649
-7130
-8125
-7342
-6430
-6382
-4850
-1851
-826
-1776
-2761
-2317
-1459
-719
866
2579
3793
3711
2233
672
639
1775
2298
2439
2395
1838
350
-1226
-1897
-1921
-1540
-1191
-1249
-1661
-2228
-3488
-4783
-4669
-3578
-2514
-2055
-2207
-2732
-3269
-3567
-3714
-2868
-1048
417
606
-14
-699
-966
-389
1101
2154
2077
2190
2245
1731
753
741
1423
1683
1922
2021
2281
1945
1489
754
1681
5712
7726
6185
2362
925
3056
5340
6982
6960
7111
7047
6296
3760
2309
4631
6732
6885
5280
5406
5943
3890
-567
-4104
-2484
1556
2970
-38
-3531
-5298
-6685
-7718
-7919
-6518
-4742
-4426
-5876
-7732
-8315
-7670
-7229
-6405
-3890
-1797
-1458
-2340
-3311
-3433
-2383
-349
1594
2900
3314
2421
763
108
906
1999
2623
2846
2640
1578
-149
-1775
-2387
-1535
-338
59
-515
-1327
-2289
-4001
-5029
-4059
-1955
-754
-1447
-2745
-3217
-3066
-3298
-3099
-1337
265
251
-670
-1125
-847
-575
90
1311
2080
2146
1696
1324
780
254
973
1958
2340
1832
1521
1663
1215
887
524
2457
6217
7588
5652
1576
547
2338
5129
7216
7051
7373
7250
6318
2982
1225
3716
6896
8008
6025
5364
5100
2790
-1546
-4399
-1917
2367
3365
-592
-4630
-5643
-6108
-7315
-8202
-6746
-4577
-4408
-6106
-7784
-7858
-7325
-7345
-6424
-3444
-1122
-1271
-2702
-3513
-2947
-1637
173
1774
2752
3250
2589
1144
567
1492
2577
3062
3215
2977
1918
30
-1398
-1580
-490
847
962
-143
-1197
-2318
-3859
-4148
-2600
-938
-689
-1622
-2497
-2835
-3098
-3436
-2987
-1080
678
418
-952
-1650
-1575
-1137
-269
933
1564
1740
1600
949
112
-141
589
1173
1741
1817
1460
1198
285
-149
134
2041
5139
5839
3956
822
99
1905
3880
5273
5260
5635
5489
4486
2010
820
3062
5276
5840
4689
4322
3776
1764
-1130
-2857
-844
2050
2440
-377
-3225
-4023
-4586
-5390
-5794
-4790
-3273
-3057
-4269
-5671
-5933
-5525
-5261
-4360
-2295
-591
-718
-1851
-2332
-2130
-1303
-65
1225
2495
3135
2368
896
434
976
1581
2176
2851
3016
1802
-176
-1061
-546
382
697
365
33
-350
-1232
-2196
-2333
-1547
-870
-863
-1188
-1496
-1671
-2058
-2373
-2061
-953
118
65
-716
-1283
-1260
-883
-368
345
1010
1341
697
-123
-287
29
695
783
974
1077
767
270
-211
-280
37
913
2000
3267
3208
1754
-145
-294
1637
3341
4121
3662
3749
3683
2788
1323
1048
3050
4402
4277
3463
3185
2370
546
-1014
-1091
597
1765
1199
-820
-2469
-3090
-3788
-4210
-4071
-3336
-2539
-2549
-3564
-4906
-5232
-4648
-3995
-3030
-1550
-679
-1377
-2447
-2475
-1522
-513
207
944
1578
1734
1017
361
629
1371
1691
1773
2073
1735
727
-19
131
619
888
981
693
168
-395
-896
-976
-679
-415
-374
-444
-651
-1036
-1507
-1685
-1320
-682
-52
127
-279
-936
-1208
-830
-92
486
654
624
480
77
-389
-251
252
684
627
585
785
408
-215
-609
-278
438
856
974
1649
2279
1746
333
-417
836
2291
3002
2676
2417
2700
2527
1734
771
1467
2868
3529
2935
2031
1644
1032
305
-480
-272
814
1179
-19
-1738
-2218
-2346
-2990
-3462
-2937
-1888
-1811
-2657
-3658
-4001
-3707
-3409
-2842
-1765
-917
-1222
-1951
-1972
-1473
-960
-487
232
877
1108
899
449
362
736
1182
1325
1373
1294
936
634
533
602
673
796
820
563
274
-40
-234
-278
-213
-60
-20
-136
-497
-958
-1102
-729
-288
-175
-424
-704
-780
-721
-512
-229
154
475
335
-137
-321
-160
41
157
410
612
565
446
22
-140
-31
132
327
145
365
416
673
1477
1572
1055
38
244
1123
1856
2286
2044
2099
1923
1801
999
776
1817
2489
2389
1515
1386
1241
584
-245
-830
-139
709
588
-816
-1981
-2127
-2400
-2573
-2298
-1668
-1388
-1871
-2618
-3228
-3021
-2380
-1993
-1637
-992
-527
-1034
-1508
-1412
-937
-270
313
794
902
896
556
144
370
998
1363
1406
1487
1249
694
332
415
649
834
1009
771
269
-128
-346
-397
-359
-179
-59
-111
-352
-712
-877
-803
-809
-870
-581
-226
-326
-656
-668
-394
-271
-273
-130
4
14
-41
-73
-7
11
7
86
316
318
61
5
23
-106
-176
86
350
357
175
664
1329
1148
330
-154
617
1331
1671
1511
1266
1422
1326
910
509
1081
1760
1808
1328
910
859
634
305
-220
-211
392
504
-235
-1226
-1481
-1332
-1404
-1552
-1541
-1285
-1180
-1564
-2128
-2210
-1733
-1349
-1188
-805
-426
-652
-1100
-983
-449
87
319
407
559
641
584
367
490
976
1175
1010
940
1015
835
528
460
609
691
631
475
185
-46
-227
-319
-245
-135
-62
-194
-466
-787
-972
-831
-617
-532
-496
-465
-533
-797
-965
-742
-419
-264
-192
-190
-204
-296
-415
-282
-19
178
156
100
152
57
-73
-29
96
110
107
176
142
97
141
374
864
1074
786
226
158
600
883
1072
1093
1176
1105
864
456
251
763
1181
1218
912
692
555
244
-64
-341
-131
304
308
-286
-879
-954
-1012
-1133
-1112
-927
-723
-747
-968
-1293
-1339
-1093
-845
-598
-280
-80
-330
-534
-422
-205
160
505
625
496
486
570
504
510
698
860
816
767
691
539
383
283
319
386
412
217
-70
-193
-214
-211
-321
-367
-344
-375
-471
-633
-687
-594
-447
-502
-665
-718
-616
-534
-604
-571
-444
-295
-255
-343
-374
-310
-178
-93
8
148
147
11
-75
27
204
299
262
193
291
283
147
63
155
394
356
531
828
810
322
-238
60
547
869
765
600
723
564
198
-193
193
781
799
488
190
228
143
-18
-271
-366
30
247
-32
-604
-761
-592
-653
-714
-624
-301
-248
-587
-900
-818
-433
-386
-431
-151
255
149
-299
-253
112
396
442
484
573
561
541
452
481
621
703
646
559
510
411
321
261
251
240
218
142
-43
-202
-270
-257
-233
-238
-251
-321
-442
-610
-677
-582
-492
-507
-576
-575
-583
-629
-635
-558
-448
-386
-315
-286
-283
-305
-302
-149
43
121
53
66
183
257
220
222
305
316
284
257
299
231
89
-2
55
137
63
1
127
275
114
-166
-242
-5
150
136
114
135
186
136
16
-81
115
373
438
312
217
251
219
132
18
124
391
415
110
-167
-124
-68
-157
-164
20
150
11
-218
-292
-178
-78
-22
77
216
255
115
-2
70
174
221
310
431
455
343
238
227
296
381
396
341
292
224
118
49
67
82
40
-31
-145
-264
-336
-365
-400
-427
-429
-463
-569
-668
-652
-623
-669
-679
-610
-553
-584
-641
-626
-524
-386
-294
-238
-149
-111
-135
-84
80
250
283
290
301
276
267
322
393
387
352
304
259
191
95
30
-13
-29
-85
-201
-260
-321
-322
-302
-260
-154
-159
-193
-319
-311
-120
63
164
112
149
204
254
207
203
400
582
657
555
496
505
494
449
386
484
609
555
307
113
140
157
120
118
190
179
0
-143
-151
-41
-20
-37
19
81
28
-128
-115
-31
7
42
99
143
74
3
-2
36
77
106
136
102
-25
-144
-143
-109
-158
-196
-182
-248
-418
-496
-432
-412
-486
-514
-450
-439
-540
-589
-522
-417
-383
-377
-320
-270
-259
-221
-97
-22
-30
16
144
230
169
119
192
289
318
289
281
248
167
100
101
131
86
6
-63
-98
-148
-227
-246
-236
-244
-297
-339
-322
-362
-426
-411
-266
-131
-143
-122
-24
64
44
-20
114
339
469
432
376
450
521
512
466
559
715
730
629
549
565
560
519
478
465
504
489
373
197
113
148
159
115
60
34
2
-102
-184
-175
-112
-99
-162
-160
-133
-204
-312
-284
-144
-107
-188
-232
-186
-170
-220
-251
-209
-141
-160
-212
-230
-232
-257
-266
-198
-156
-197
-244
-246
-230
-228
-204
-147
-112
-112
-119
-117
-102
-97
-87
-43
15
19
-33
-77
-66
-40
-31
-4
31
36
-12
-83
-110
-90
-37
-3
-32
-73
-95
-96
-111
-131
-115
-83
-64
-76
-98
-103
-105
-120
-117
-73
-44
-40
-62
-68
-72
-73
-51
-26
8
10
22
76
138
140
144
218
282
268
238
309
386
404
400
425
469
482
462
439
474
528
515
456
432
435
409
353
298
285
273
237
142
48
25
2
-59
-116
-124
-155
-240
-310
-319
-301
-306
-326
-333
-309
-288
-316
-339
-292
-215
-178
-188
-179
-148
-123
-115
-111
-52
15
6
-53
-58
10
35
-7
-17
23
15
-57
-100
-81
-72
-113
-140
-120
-122
-186
-243
-228
-205
-228
-248
-217
-200
-240
-272
-239
-201
-194
-165
-120
-110
-130
-122
-72
-35
-36
-22
18
37
26
24
51
56
38
60
105
103
49
45
82
84
60
63
106
118
90
66
81
103
95
89
107
134
126
121
138
157
175
179
203
224
235
232
223
227
223
227
242
272
264
228
208
203
200
177
178
198
187
147
103
102
106
71
36
34
58
28
-35
-53
-45
-50
-80
-84
-66
-64
-87
-113
-105
-105
-108
-91
-66
-63
-103
-121
-119
-121
-131
-126
-107
-125
-147
-153
-140
-142
-175
-164
-143
-134
-150
-160
-156
-178
-184
-158
-126
-141
-179
-178
-156
-144
-164
-161
-137
-136
-139
-136
-118
-123
-136
-111
-71
-55
-77
-83
-56
-28
-20
-12
28
56
53
43
56
79
87
88
103
128
144
137
125
126
133
132
134
136
127
122
116
98
82
76
74
59
39
31
19
5
-14
-12
3
1
-19
-35
-21
-3
-1
0
21
40
45
55
89
110
106
116
145
183
199
209
223
226
222
221
240
252
239
217
207
200
182
160
134
97
66
46
33
8
-28
-58
-84
-108
-123
-133
-148
-173
-190
-189
-182
-196
-212
-207
-187
-175
-174
-169
-157
-145
-133
-107
-90
-84
-77
-83
-82
-73
-63
-67
-76
-69
-57
-69
-94
-101
-95
-99
-110
-103
-85
-93
-117
-113
-86
-73
-80
-67
-31
-22
-42
-34
7
23
12
25
66
80
55
50
72
76
57
59
87
87
50
28
38
32
6
1
16
11
-15
-14
5
-1
-24
-26
-4
5
-10
-8
11
17
7
19
44
49
37
46
70
82
82
88
107
112
110
105
108
108
98
97
110
119
101
85
87
99
97
88
101
106
97
78
79
97
93
74
59
66
68
46
32
35
33
13
-5
0
-3
-29
-48
-41
-34
-54
-73
-70
-67
-84
-102
-96
-86
-95
-111
-103
-87
-92
-101
-95
-77
-80
-88
-75
-61
-66
-71
-53
-41
-53
-65
-50
-29
-32
-48
-44
-38
-50
-62
-48
-34
-45
-58
-48
-37
-51
-65
-59
-44
-39
-43
-37
-30
-38
-47
-36
-16
-11
-14
-3
12
10
1
9
26
30
26
30
36
34
21
14
22
32
31
20
11
8
7
6
