5
7
5
-1
-15
8
30
16
6
11
22
22
6
15
22
-30
-67
-34
-7
2
-16
-24
26
13
-97
-126
-58
-47
-79
-30
32
1
-65
-101
-76
-74
-138
-103
42
94
11
-28
21
35
-59
-33
104
10
-89
-73
-84
-76
-165
-192
-39
-1
-62
-53
-51
-129
-231
-206
-103
-12
119
155
82
75
-7
-160
-87
145
393
402
309
304
196
279
210
152
435
449
297
288
449
585
391
288
642
669
421
331
446
660
563
440
562
782
735
429
302
269
79
-56
73
280
103
-238
-116
-145
-562
-647
-228
57
-159
-551
-794
-890
-1118
-1000
-518
-291
-391
-753
-1074
-1168
-1383
-1301
-605
-246
-341
-588
-698
-634
-864
-1029
-896
-745
-709
-656
-417
-177
-298
-731
-987
-855
-744
-738
-500
-237
-100
-411
-1030
-1066
-966
-979
-472
206
472
124
-427
-505
-405
-488
-446
-23
517
648
440
455
653
523
95
191
526
712
1037
1169
1673
1445
508
356
919
2299
3502
4486
5436
5512
4840
4208
4099
4523
4953
5186
5187
4583
3560
2460
1669
788
-235
-746
-953
-927
-999
-1159
-1471
-2327
-3173
-3779
-3955
-3793
-3732
-3469
-3214
-3408
-3712
-3800
-3517
-3388
-3105
-2292
-1763
-1185
-524
-132
164
183
82
21
-36
-6
-186
-319
-338
-902
-1580
-2103
-2570
-2935
-3000
-2774
-2899
-3161
-3251
-3278
-3328
-3275
-3142
-3060
-2818
-2540
-2342
-2185
-1803
-1430
-1078
-477
-178
-32
658
1502
1628
1515
1471
1519
1466
1310
1591
2125
2629
2428
1943
2002
2046
1448
1291
1681
1877
2013
2424
3899
5872
7435
8170
8752
9067
8450
7757
8074
9175
9719
9531
9203
8715
7142
4669
2530
1490
788
-422
-718
-495
-1212
-2728
-4604
-5897
-6852
-7709
-7558
-6872
-6491
-6615
-7118
-7414
-7864
-8226
-7744
-6429
-4835
-3762
-2455
-1090
-588
-642
-505
-56
345
908
1253
1291
1297
917
-216
-1206
-1724
-2397
-2844
-3374
-3867
-3817
-3770
-4221
-4528
-4185
-4194
-4460
-4656
-4482
-3715
-3309
-3101
-2359
-1627
-1651
-1168
-122
492
1288
1968
2519
3166
3415
3643
4579
5180
3948
2981
3547
3706
3544
3093
3184
3722
2675
1745
1800
2071
1993
1825
2111
2064
1960
2729
5260
8197
9463
8891
7476
5832
3744
2984
4689
7529
9555
9883
8443
5478
1782
-1145
-1986
-1481
-840
-139
510
-10
-2176
-5300
-8045
-9763
-10469
-10067
-8544
-6405
-5661
-6488
-7839
-9292
-9464
-9135
-7598
-4164
-1640
-380
-310
-417
99
-240
-695
58
2058
2984
2099
925
-32
570
550
-576
-800
-989
-1235
-1960
-2159
-1991
-2093
-660
-242
-1428
-2505
-2682
-1138
-484
-1157
-1601
-410
1071
1136
815
1005
2689
3340
3098
3787
4134
4583
4851
4761
4503
4404
4840
5064
5032
4299
3480
3308
3022
2375
2010
2315
2305
1769
1154
739
442
-128
-469
-497
-650
-1011
-1621
-2002
-2576
-3419
-3390
-3339
-3524
-3225
-2982
-2943
-3073
-3287
-3288
-3169
-2842
-2512
-2364
-2128
-2036
-1882
-1624
-1706
-1892
-1585
-967
-693
-586
-302
152
359
580
1026
1209
1274
1201
1241
1551
1582
1268
1032
1004
838
532
573
864
858
425
158
511
668
244
-44
360
779
475
165
219
483
391
134
569
860
647
522
955
1672
1930
1910
2095
2727
3057
2739
2723
3149
3197
2671
2509
2697
2352
1698
1396
1481
1187
375
-226
-302
-535
-1198
-1541
-1565
-1570
-2008
-2339
-2081
-2365
-3012
-3383
-3395
-3288
-3403
-3402
-3121
-2968
-3026
-2950
-2698
-2368
-2198
-2077
-1809
-1472
-1104
-898
-743
-520
-379
-382
-413
-266
91
252
69
24
241
239
-180
-256
184
275
-55
-153
291
606
256
-20
262
600
304
-98
106
373
244
149
663
1123
1000
813
1469
2807
3130
2116
1005
965
1462
1797
2369
2529
2459
2617
2398
1689
970
1213
2242
2748
2037
1324
2047
2774
2048
970
919
1591
1833
1368
754
553
384
-146
-352
-346
-495
-741
-938
-966
-824
-181
207
-866
-3370
-5393
-5078
-3471
-2629
-2868
-2946
-2675
-3321
-5137
-6023
-3615
-299
-94
-1985
-2883
-2170
-1005
-602
-1272
-1158
920
1978
1163
258
-292
66
1252
2135
1323
769
1523
1193
314
-592
-881
873
2052
1755
1027
-265
-633
-959
-1593
-692
275
450
906
1255
209
-978
-1168
-1194
-399
-269
-737
-80
711
617
-449
-635
55
348
491
513
1119
2105
2314
2078
1781
1819
2180
2277
2206
2320
2882
3353
3040
2450
2319
2105
1677
1464
1194
1241
1276
813
224
-484
-1062
-1668
-2122
-2158
-2194
-2182
-2028
-2237
-2781
-2996
-2954
-2493
-2147
-2058
-1781
-1622
-1295
-1399
-1514
-993
-527
-414
-279
-104
-256
150
587
538
229
-14
155
255
425
143
119
590
-14
-714
-683
-491
67
206
60
87
179
544
-61
-606
-362
-149
447
954
763
461
842
577
-14
-265
-288
799
1297
886
698
435
220
-185
-623
-258
244
411
674
637
117
-449
-883
-834
-313
142
918
2145
2852
2638
2036
1299
605
633
1212
2062
3189
3810
3374
2140
714
-376
-836
-468
186
431
630
410
-669
-1792
-2763
-3442
-3594
-3449
-3154
-2823
-2422
-2013
-1911
-2518
-3332
-3378
-3034
-2320
-1122
218
1216
1115
398
-149
35
329
790
2015
2649
2554
2212
1739
1463
1200
1066
1103
1163
1130
678
383
201
-855
-1733
-1429
-998
-1063
-1093
-1070
-959
-1116
-1724
-1907
-1287
-462
-680
-573
259
350
280
225
-26
-242
250
851
823
654
801
1072
815
176
-488
-214
680
239
-373
6
113
104
-223
-961
-748
-247
-494
-736
-673
-511
-236
288
983
1556
1708
1098
283
133
191
494
1697
2794
2865
2141
1157
361
-210
-259
365
982
1219
1009
408
-163
-770
-1501
-1759
-1367
-860
-548
-382
-82
86
-351
-907
-1089
-977
-614
14
907
1576
1401
774
301
157
43
20
631
1319
1536
1418
1080
421
-245
-546
-659
-390
-69
82
194
-179
-1012
-1884
-2065
-1771
-1543
-1077
-479
-201
-607
-1191
-1726
-1593
-788
-602
-342
201
254
147
-156
-866
-1057
-515
-178
101
372
289
389
120
-503
-478
-124
149
83
-86
-152
-313
-567
-625
-653
-743
-666
-784
-780
-750
-969
-1006
-938
-1193
-1343
-705
186
1011
1635
1683
1332
724
115
127
913
1938
2918
3588
3409
2368
1305
974
1327
1906
2378
2948
3333
2934
1920
942
477
302
-14
-81
320
449
251
-11
-398
-950
-1577
-1742
-1408
-1040
-717
-242
431
714
52
-652
-471
-204
-335
-184
487
1069
1002
427
259
664
443
-331
-686
-240
229
-93
-586
-1143
-1422
-1315
-1849
-2297
-2130
-2025
-1666
-2011
-2766
-2575
-2321
-2212
-2377
-2102
-1824
-1778
-1523
-2018
-1673
-1349
-1429
-1169
-1427
-1419
-1177
-1038
-915
-500
-502
-676
-569
-703
-101
366
-414
-621
282
725
137
-484
-96
608
516
-253
-659
-74
365
-120
309
2144
3511
4152
3913
2844
1873
1616
2728
4702
6370
6938
6623
5417
3074
1441
1966
3609
4898
5103
4536
3603
1591
-649
-1440
-1153
-951
-1147
-1028
-732
-1355
-2770
-3772
-4287
-4585
-4225
-3242
-1788
-635
-690
-1352
-1894
-2073
-1693
-427
1649
3122
3258
2602
1830
1229
349
78
1513
3111
3403
2468
1187
344
-957
-2683
-3001
-1976
-1473
-1848
-2317
-2917
-4190
-5792
-6479
-6042
-5066
-4723
-4717
-3694
-3227
-4206
-4729
-4506
-3681
-2483
-1878
-613
153
-526
-1289
-1260
53
419
534
1914
2905
2653
1347
354
915
1669
1226
901
1220
1655
1546
606
-107
-297
-435
-787
-1004
-427
1782
4491
6173
6043
4213
2330
951
1059
3296
7241
10609
10957
8557
4858
1735
732
2383
5344
7584
7780
5909
2993
-493
-3275
-3939
-2889
-1189
-308
-546
-1611
-3634
-5824
-7547
-8051
-6692
-4431
-2113
-606
-739
-1818
-3132
-4084
-3776
-2060
724
3265
4124
3410
2006
839
-108
-406
702
2420
3360
3331
2693
1031
-1528
-3869
-4643
-3819
-2854
-2298
-2052
-2750
-4567
-6516
-7363
-6677
-5274
-4070
-2988
-2412
-2785
-3822
-4527
-3845
-2250
-962
-125
1071
1677
994
543
756
1180
1781
2420
3232
3667
2923
1773
1404
1336
944
803
1234
1377
617
-506
-1169
-1211
-1653
-1901
-1082
862
3617
6195
7099
4924
1365
-554
775
4229
8221
11321
12146
9410
3322
-1576
-1313
3076
7742
9699
8781
6021
1773
-2907
-5720
-4800
-1292
1278
615
-1456
-3267
-5478
-8431
-10668
-10010
-7285
-4678
-3080
-2689
-3520
-5521
-7713
-7541
-4406
-655
1812
2931
2572
667
-1514
-1820
-55
2159
3866
4752
4745
3374
1252
42
29
233
577
1254
1893
1242
-764
-2324
-2969
-3331
-3207
-2073
-921
-1334
-3025
-4314
-4352
-4074
-3720
-2404
-956
-779
-1666
-2093
-1620
-1155
-952
-72
1318
1593
977
839
1205
1248
835
672
1265
1849
1491
404
-9
359
82
-518
-776
-554
20
2052
5812
8783
7996
3582
-33
-114
2593
6331
10788
13773
12189
5988
-923
-2578
1341
6854
10059
9515
6414
1675
-3229
-5924
-5210
-2459
-394
-528
-2830
-5585
-7894
-9854
-10896
-10794
-8615
-4646
-2021
-2722
-5512
-7940
-9050
-8347
-4540
1449
5862
5504
1586
-1968
-2407
-156
3093
6467
8319
7199
4171
1746
1273
2044
2772
3417
3617
2701
1010
-685
-2018
-3071
-3787
-3746
-3097
-2671
-2993
-4106
-5670
-6807
-6379
-4468
-2543
-2038
-3012
-4659
-5752
-5212
-2916
42
1693
1241
-420
-1637
-1361
-128
1478
2586
2688
2165
1330
772
488
509
215
10
-129
-635
-215
602
2738
6064
8661
8479
4403
580
418
4199
9019
13127
15638
14411
8776
869
-2172
2233
9665
13942
12773
8817
3878
-1191
-4899
-5419
-2674
632
1097
-1834
-5645
-9039
-12164
-13869
-13372
-10226
-5938
-3401
-4304
-8039
-10926
-11224
-8873
-4307
935
4414
3413
-852
-3908
-2606
1343
4954
7440
8329
7035
3812
1669
2391
4002
4470
3765
3080
2268
509
-1673
-3068
-3613
-3991
-3888
-3378
-3372
-4767
-6849
-8137
-7894
-6008
-3822
-2577
-2850
-4382
-5800
-5873
-4373
-1883
419
998
108
-801
-838
-204
1111
2975
3609
2846
1775
1546
1909
1592
1027
1035
962
-57
-1362
-1745
-529
-20
1033
5204
8904
8307
3237
-986
70
4866
9806
13888
15596
13172
7075
851
708
6445
12738
15449
12773
6897
2074
-666
-1305
-921
88
2063
1351
-2686
-6926
-9481
-10578
-11457
-11458
-8442
-4719
-4580
-7417
-10731
-11807
-10613
-7934
-2919
1738
2600
-391
-4044
-4522
-1777
1769
5052
6809
6154
3861
1585
1488
3240
4291
3986
3367
2457
985
-1257
-2805
-2901
-2827
-2843
-2893
-3036
-4240
-6515
-7948
-7326
-5459
-3516
-2247
-2218
-3311
-4953
-5312
-3568
-1005
669
947
783
-97
-1504
-1510
606
3316
4280
3435
2283
1454
559
-199
276
1393
1782
719
-1
-832
-2426
-2719
-1775
2579
7095
8169
5696
619
-1675
333
5712
10752
13938
14592
12469
6958
610
1889
8597
14516
14916
11153
8694
6333
2070
-2280
-2672
879
3522
1472
-2326
-5348
-9197
-12689
-14041
-11704
-7169
-4724
-5986
-9826
-13364
-13917
-12160
-8493
-3407
-672
-1281
-3868
-5654
-4557
-1800
1481
4197
5433
5034
3491
2246
2580
3708
4070
4161
4474
4290
2802
353
-1329
-1926
-1805
-1344
-935
-1153
-3099
-5713
-6704
-6007
-4628
-3059
-2087
-2345
-3863
-5173
-4725
-2708
-750
50
258
-71
-1118
-1756
-635
1763
3473
3381
2319
1775
1465
751
477
726
1472
1320
770
419
-730
-1467
-1592
1707
6301
7649
5437
1536
156
1225
4945
9017
11800
12749
10838
6571
2078
3395
8561
12772
12790
9523
7301
5868
3412
-380
-1383
1540
3915
1851
-2319
-5087
-8243
-11999
-13805
-11422
-6701
-4527
-7262
-12116
-14434
-13501
-11709
-9120
-4802
-1799
-2983
-6471
-7649
-4971
-1158
1208
2487
4037
4973
3542
1408
2044
4563
5603
5143
5265
5503
3789
697
-905
-408
455
538
-56
-742
-2359
-4897
-6065
-4887
-3156
-2518
-2699
-3163
-4110
-5095
-4365
-2370
-924
-596
-608
-382
-826
-1413
-741
1162
2795
3000
2370
1861
1422
1311
1906
2187
1426
625
940
770
172
-99
1384
5453
7108
5510
2011
200
1440
3548
6508
9207
11252
10419
7430
3163
1824
5436
9146
11069
9638
7569
5948
3818
1196
-1180
-408
2433
3054
-223
-3475
-5751
-8611
-10984
-11421
-8157
-4426
-4964
-9214
-13022
-13172
-11451
-10104
-7160
-3169
-2199
-4795
-7752
-7069
-3379
-586
749
1835
2867
2710
1094
843
2853
4455
4760
4793
4442
3510
1960
615
537
829
1035
754
-203
-1751
-3595
-4366
-4017
-3420
-2796
-2263
-2586
-4054
-5472
-5204
-3333
-1488
-502
-377
-837
-1625
-2063
-1306
538
2417
3451
3380
2581
1753
1519
2536
3436
3479
2812
1978
1913
1478
969
1328
2091
3680
6024
6801
5323
2511
947
2101
4648
7283
8776
9209
7984
4909
1764
2323
6118
8859
8842
6299
4319
3500
2240
487
-652
608
2263
973
-2332
-4690
-5895
-7253
-8710
-8672
-6163
-4166
-5796
-9566
-11713
-10547
-8623
-7295
-4793
-2872
-3549
-6029
-7447
-5420
-2155
54
959
1208
1041
78
-826
131
2385
3486
3126
2336
1749
1184
504
309
565
671
404
-215
-1247
-2531
-3410
-3518
-3055
-2366
-1837
-1888
-2978
-4538
-4900
-3542
-1620
-413
-227
-508
-1138
-1830
-1492
152
2336
3490
3272
2509
1799
1772
2365
3259
3647
3408
2822
2378
2296
2322
1935
959
829
2110
4557
6419
6106
3444
601
485
2975
6226
7907
7798
6529
5163
3557
2104
3470
6785
8555
6962
4503
3683
3543
2047
-258
-257
1908
2942
691
-2518
-4223
-5876
-7780
-7931
-5243
-2783
-3930
-7536
-10443
-10461
-8507
-6466
-4997
-3966
-3977
-5588
-6847
-6232
-3765
-1207
-167
-126
-342
32
342
248
878
2123
2879
2715
2159
1787
1281
-87
-758
302
1485
1073
-644
-2160
-3086
-3462
-3349
-2498
-1336
-1370
-3045
-4576
-4311
-3151
-2324
-1860
-1278
-843
-1088
-1420
-1141
8
1075
1622
2350
2992
3083
2394
1999
2147
2197
2380
2878
3603
3554
2709
1494
1048
931
630
1193
2399
4360
4942
3730
1921
689
1269
3061
5608
7091
7072
5699
4027
2764
2007
3556
6219
7656
6527
4077
2521
1804
1142
463
927
2319
2229
-578
-3762
-5023
-5273
-5612
-5624
-4871
-4262
-5463
-7973
-9638
-9083
-6753
-4937
-4255
-4029
-4372
-5316
-6142
-5456
-2903
-245
882
676
-66
-367
-228
293
1721
3412
4130
3201
1710
880
684
954
1432
1907
1778
514
-1307
-2493
-2603
-2042
-1402
-1179
-1409
-2174
-3005
-3386
-3181
-2370
-1503
-791
-806
-1487
-2013
-2099
-1339
-197
884
1538
1579
1335
845
654
827
1619
2867
3724
3578
2321
1485
1268
1411
1645
2093
2599
1979
1229
880
1726
3146
3577
3207
2263
2153
2350
2731
3636
4269
4504
4314
4246
3416
2385
2282
3112
3948
3572
2960
2425
1841
511
-1005
-1050
-96
283
-1153
-2965
-3918
-4538
-5042
-4996
-4406
-4108
-4536
-5616
-6121
-5640
-4972
-4753
-4502
-3586
-2750
-2501
-2595
-2258
-1640
-1019
-308
495
1285
1478
1152
865
1241
1788
1983
2209
2208
1642
599
14
381
884
880
454
-98
-712
-1307
-1646
-1403
-1093
-1307
-1722
-1961
-2070
-2322
-2518
-2152
-1431
-938
-711
-674
-695
-754
-809
-478
279
1062
1503
1582
1339
1171
1488
1964
2243
2280
2331
2254
1968
1888
1955
2097
1853
1311
1049
1030
1149
1251
1747
2255
2047
1214
653
1113
1775
2226
2433
2423
2313
1990
1615
1324
1607
2341
2508
1981
1285
868
653
312
-198
-625
-473
-87
-499
-1870
-2995
-3260
-3306
-3220
-3004
-2749
-2797
-3510
-4279
-4217
-3291
-2613
-2467
-2251
-1594
-1189
-1473
-1487
-1025
-598
-546
-408
231
905
939
359
45
319
633
614
804
1167
894
171
-148
124
288
13
-401
-607
-579
-661
-870
-999
-1003
-1100
-1252
-1059
-792
-634
-659
-784
-695
-616
-374
-137
-69
137
401
607
609
683
834
945
1125
1298
1592
1777
1813
1712
1614
1614
1570
1707
1739
1634
1267
739
547
489
522
566
643
723
790
820
574
268
161
556
1083
1233
1043
722
671
658
535
536
978
1508
1336
737
283
251
451
440
308
163
37
-336
-991
-1361
-1296
-1107
-1110
-1409
-1822
-1876
-1802
-1940
-2071
-2002
-1794
-1856
-2075
-2023
-1810
-1660
-1607
-1512
-1203
-886
-918
-1048
-798
-305
52
156
343
522
303
29
162
623
1002
1060
850
562
315
184
310
588
736
602
386
196
-120
-308
-197
21
55
-97
-222
-382
-561
-687
-602
-287
29
122
64
68
115
252
401
656
995
1146
1082
890
785
842
1024
1078
1090
1037
727
438
278
480
584
521
487
222
7
-250
-224
64
396
328
-71
-268
-343
-130
79
419
613
568
561
487
439
404
512
674
780
746
680
650
425
1
-273
-143
38
-69
-406
-744
-1053
-1304
-1305
-1263
-1344
-1559
-1740
-1784
-1835
-1797
-1574
-1255
-1074
-1108
-1129
-959
-741
-593
-350
59
390
527
572
604
551
583
863
1239
1535
1512
1231
976
893
848
864
995
1018
753
275
-36
-66
-28
-76
-178
-258
-401
-685
-894
-856
-750
-774
-855
-835
-711
-644
-704
-714
-607
-466
-272
-18
152
122
-47
-75
129
422
674
747
711
535
321
319
522
673
615
453
276
109
-83
-194
-236
-256
-195
-193
-229
-366
-416
-229
-162
-180
-209
15
350
393
226
127
314
478
545
625
819
904
695
493
444
562
622
481
311
163
49
-91
-270
-390
-467
-466
-439
-409
-455
-626
-787
-785
-539
-281
-166
-205
-242
-183
-129
15
273
556
675
592
537
574
695
821
891
891
788
588
415
354
282
205
165
208
200
-10
-228
-381
-546
-717
-758
-651
-627
-798
-999
-1070
-1080
-1078
-1017
-876
-780
-876
-1030
-984
-693
-427
-338
-248
-175
-203
-219
-90
199
452
500
456
388
360
326
321
430
461
392
271
185
78
-8
-3
15
27
7
5
-125
-372
-554
-495
-235
-20
-2
-96
-149
-216
-231
-141
58
256
397
421
307
201
159
218
338
534
719
764
658
494
394
410
562
722
840
841
702
498
341
294
294
460
641
610
387
170
93
110
153
141
184
190
86
-16
-40
-47
-145
-158
-56
5
-56
-170
-188
-164
-159
-175
-160
-166
-275
-394
-422
-368
-385
-420
-406
-479
-641
-746
-727
-672
-649
-633
-611
-662
-781
-812
-713
-589
-512
-426
-345
-383
-480
-459
-292
-144
-110
-61
65
144
112
53
71
193
292
350
428
432
318
192
167
280
323
258
228
190
115
-61
-193
-186
-168
-239
-326
-340
-382
-497
-615
-565
-435
-373
-384
-355
-256
-160
-100
-25
113
211
326
454
590
681
733
840
957
1051
1053
1108
1258
1296
1193
1110
1133
1111
1003
931
912
881
741
579
458
365
243
76
27
0
-70
-171
-286
-369
-458
-477
-485
-506
-545
-573
-551
-547
-517
-500
-473
-453
-462
-448
-445
-428
-386
-290
-202
-194
-243
-292
-307
-308
-304
-287
-258
-252
-243
-270
-318
-346
-352
-306
-259
-276
-316
-309
-268
-233
-218
-178
-127
-125
-149
-146
-117
-53
34
70
49
5
-38
-56
-82
-100
-97
-68
-92
-192
-263
-253
-225
-226
-193
-132
-133
-240
-316
-292
-180
-114
-97
-45
-36
-43
-105
-82
41
164
219
252
327
329
324
344
449
586
650
714
720
679
612
599
723
838
884
843
755
633
556
601
653
688
671
618
512
356
252
235
278
254
152
93
72
-18
-176
-275
-268
-219
-198
-226
-284
-335
-389
-441
-433
-376
-332
-379
-464
-502
-481
-447
-400
-329
-304
-339
-414
-418
-310
-192
-129
-113
-91
-93
-145
-144
-65
5
4
-20
-8
-21
-84
-154
-155
-104
-123
-188
-232
-252
-325
-415
-405
-350
-331
-356
-385
-428
-486
-497
-420
-297
-225
-210
-204
-190
-183
-148
-56
34
84
131
198
222
212
221
276
328
334
345
367
371
309
263
294
335
339
289
262
236
179
112
88
163
177
132
85
90
108
65
51
63
96
98
100
150
195
210
197
238
286
286
282
317
371
362
335
353
379
358
277
242
242
217
167
128
130
99
6
-89
-109
-86
-98
-124
-125
-136
-192
-245
-236
-212
-205
-176
-135
-123
-148
-182
-177
-151
-128
-100
-73
-75
-124
-161
-162
-152
-164
-173
-163
-170
-216
-267
-283
-266
-249
-240
-234
-248
-270
-271
-265
-269
-256
-221
-182
-163
-173
-178
-165
-145
-124
-94
-53
-29
-25
-22
-9
9
20
41
66
80
79
64
53
47
52
78
103
106
86
63
50
39
40
56
74
75
68
73
71
69
82
102
113
97
92
117
136
123
108
112
114
96
67
76
84
47
13
22
56
54
22
-3
12
29
27
36
61
85
72
76
123
169
176
183
217
217
208
219
273
313
297
282
269
256
224
212
221
203
167
119
94
60
0
-30
-51
-68
-102
-147
-161
-199
-244
-268
-266
-260
-261
-256
-266
-259
-263
-259
-243
-220
-173
-150
-133
-114
-95
-92
-99
-73
-31
0
1
2
13
-4
-50
-88
-75
-42
-46
-77
-79
-70
-99
-138
-150
-145
-142
-135
-97
-60
-75
-112
-115
-81
-47
-20
23
67
63
35
43
69
76
69
78
95
76
43
39
48
24
-12
-5
10
-9
-34
-37
-33
-52
-61
-44
-29
-37
-48
-26
20
38
24
28
58
82
104
132
154
154
135
137
169
198
194
176
173
164
128
101
114
127
101
76
81
92
69
21
5
10
10
3
15
34
14
-28
-41
5
43
40
36
41
38
26
27
55
78
68
50
51
55
40
17
11
15
-5
-22
-11
-9
-41
-73
-77
-83
-94
-88
-67
-51
-69
-97
-109
-105
-97
-86
-62
-40
-40
-54
-55
-48
-50
-52
-41
-33
-41
-45
-39
-48
-68
-71
-64
-68
-79
-76
-74
-76
-85
-92
-90
-86
-81
-84
-78
-70
-68
-63
-53
-48
-49
-39
-23
-13
-8
-4
6
6
6
9
12
9
0
3
13
23
23
19
8
-4
-4
7
18
14
5
11
17
19
30
53
64
44
17
20
47
64
74
100
120
105
77
73
91
110
108
102
113
112
84
54
53
60
47
43
63
71
42
9
0
4
6
10
26
39
33
17
15
20
21
33
56
66
53
42
52
58
53
48
53
56
38
20
10
0
-16
-29
-39
-53
-66
-82
-95
-97
-102
-112
-122
-123
-115
-108
-105
-100
-91
-88
-96
-89
-61
-38
-34
-23
1
13
9
3
19
45
47
40
49
67
57
28
23
35
32
20
19
21
5
-18
-28
-20
-26
-43
-41
-32
-41
-59
-58
-48
-54
-67
-66
-54
-57
-71
-67
-55
-62
-69
-47
-25
-36
-56
-53
-39
-39
-43
-32
-10
1
-12
-13
3
12
11
18
35
43
46
55
68
77
77
78
94
108
106
100
107
110
94
81
84
95
89
69
59
62
46
22
