-14
-29
-47
-66
-81
-98
-113
-124
-128
-133
-138
-137
-131
-126
-126
-120
-107
-98
-92
-82
-66
-46
-28
-10
15
50
78
96
114
135
148
139
116
93
69
24
-45
-105
-148
-199
-269
-320
-332
-337
-360
-371
-339
-296
-283
-277
-242
-197
-180
-187
-170
-127
-96
-83
-48
20
92
146
209
302
400
471
516
564
607
635
656
705
780
857
930
1005
1091
1195
1314
1441
1554
1632
1659
1609
1482
1315
1129
913
653
379
103
-204
-539
-832
-1026
-1144
-1235
-1276
-1248
-1185
-1131
-1075
-972
-816
-659
-542
-446
-347
-270
-235
-190
-79
88
250
395
583
815
1018
1165
1299
1430
1480
1383
1182
935
613
172
-323
-789
-1250
-1732
-2164
-2474
-2679
-2827
-2888
-2815
-2647
-2468
-2269
-1996
-1669
-1386
-1166
-929
-660
-447
-330
-193
37
248
358
482
709
914
974
984
1063
1109
989
761
560
350
1
-431
-791
-1082
-1394
-1703
-1892
-1936
-1929
-1901
-1776
-1543
-1288
-1069
-840
-562
-302
-127
24
211
385
488
570
702
874
1023
1165
1371
1607
1773
1876
1999
2144
2257
2344
2479
2675
2840
2923
2982
3084
3216
3308
3370
3430
3427
3263
2919
2507
2082
1588
1032
481
-45
-606
-1211
-1760
-2189
-2481
-2637
-2684
-2629
-2488
-2293
-2078
-1860
-1591
-1256
-937
-674
-434
-211
-57
47
209
444
674
914
1235
1605
1901
2102
2296
2459
2456
2273
2012
1655
1064
270
-538
-1304
-2141
-3034
-3761
-4235
-4622
-4965
-5072
-4884
-4601
-4302
-3838
-3196
-2582
-2078
-1543
-960
-499
-208
84
433
682
820
999
1230
1377
1431
1522
1660
1685
1554
1387
1193
844
309
-259
-785
-1364
-2023
-2631
-3069
-3379
-3627
-3748
-3636
-3353
-3016
-2643
-2201
-1693
-1215
-844
-517
-176
150
404
620
866
1112
1312
1519
1806
2163
2520
2820
3057
3206
3283
3361
3465
3639
3937
4304
4581
4683
4742
4917
5114
5219
5261
5247
5034
4426
3542
2669
1812
853
-110
-891
-1556
-2336
-3164
-3737
-3941
-3945
-3887
-3618
-3086
-2529
-2098
-1703
-1208
-681
-265
77
438
738
858
885
1018
1252
1473
1734
2159
2675
3071
3306
3462
3513
3325
2856
2183
1335
265
-1020
-2381
-3678
-4894
-5997
-6840
-7317
-7453
-7317
-6937
-6297
-5423
-4444
-3479
-2534
-1610
-781
-123
355
736
1045
1241
1340
1428
1549
1677
1767
1834
1935
2015
1958
1771
1497
1117
576
-127
-890
-1647
-2440
-3296
-4056
-4569
-4922
-5192
-5240
-4950
-4448
-3940
-3381
-2631
-1840
-1242
-800
-329
120
364
475
655
874
968
969
1097
1427
1828
2209
2602
3015
3315
3395
3391
3491
3752
4184
4732
5283
5668
5823
5966
6255
6661
7018
7140
6989
6429
5385
4036
2578
1195
-65
-1198
-2159
-3075
-3989
-4728
-5117
-5062
-4671
-4106
-3450
-2710
-1920
-1296
-890
-461
104
659
1036
1302
1587
1840
2018
2255
2695
3296
3911
4478
5019
5429
5505
5162
4513
3656
2492
969
-745
-2469
-4172
-5896
-7454
-8560
-9198
-9464
-9297
-8604
-7530
-6358
-5154
-3861
-2607
-1613
-847
-126
463
725
785
895
1069
1102
1063
1257
1633
1870
1909
1984
2062
1840
1314
759
193
-626
-1666
-2624
-3433
-4288
-5168
-5775
-5996
-6034
-5930
-5525
-4869
-4182
-3506
-2749
-1963
-1302
-777
-323
19
171
208
321
494
592
636
744
978
1287
1689
2217
2763
3152
3289
3289
3307
3490
4092
5123
6310
7343
7938
8079
8023
8093
8362
8471
8100
7132
5528
3356
852
-1445
-3096
-4134
-4689
-4884
-4897
-4891
-4859
-4468
-3566
-2400
-1282
-382
302
671
601
282
25
101
505
1011
1502
1940
2422
3037
3770
4678
5668
6544
7109
7170
6723
5740
4222
2343
282
-1748
-3707
-5605
-7243
-8449
-9122
-9339
-9137
-8372
-7120
-5641
-4180
-2817
-1606
-768
-376
-258
-249
-337
-535
-695
-689
-584
-422
-75
507
1172
1751
2208
2554
2613
2239
1537
705
-172
-1165
-2202
-3089
-3804
-4422
-4938
-5212
-5172
-4965
-4686
-4250
-3643
-3056
-2671
-2428
-2163
-1912
-1768
-1686
-1567
-1438
-1466
-1575
-1508
-1305
-1091
-887
-557
42
660
1148
1558
1862
2046
1943
1812
1978
2478
3427
4544
5762
6886
7577
8204
8904
9821
10658
10788
10273
8916
6822
4262
1509
-725
-2478
-3703
-4361
-4852
-5115
-5268
-5053
-4246
-3276
-2252
-1397
-699
-237
-382
-745
-944
-750
-197
426
1304
2304
3196
4096
5099
6340
7478
8198
8570
8450
7691
6266
4455
2565
489
-1726
-3829
-5658
-7086
-8101
-8615
-8604
-8239
-7523
-6520
-5352
-4122
-3032
-2091
-1344
-871
-690
-814
-925
-960
-1012
-938
-729
-357
-2
314
750
1158
1483
1632
1635
1476
965
274
-458
-1204
-1982
-2809
-3449
-3950
-4431
-4783
-4954
-4922
-4789
-4547
-4092
-3577
-3125
-2698
-2261
-1875
-1611
-1405
-1185
-1082
-1197
-1372
-1541
-1718
-1945
-2114
-1989
-1826
-1600
-1161
-667
-148
113
560
1507
2817
4894
7198
9417
11021
11668
12199
12321
12308
12000
10883
9305
6553
3294
73
-2958
-4921
-6201
-6265
-5498
-4785
-3861
-3230
-2363
-1457
-967
-490
-504
-571
-837
-1538
-1903
-1872
-996
488
2202
4337
6273
7840
8902
9500
9930
9726
8883
7570
5785
3512
612
-2242
-4469
-6115
-7253
-7890
-7858
-7297
-6550
-5634
-4526
-3370
-2343
-1509
-768
-174
22
-121
-343
-574
-780
-930
-899
-715
-573
-423
-274
-139
-31
25
119
122
-49
-344
-716
-1106
-1619
-2150
-2521
-2819
-3113
-3395
-3557
-3562
-3543
-3393
-2995
-2529
-2098
-1697
-1245
-817
-664
-641
-682
-875
-1244
-1847
-2426
-2897
-3358
-3606
-3647
-3526
-3368
-3394
-3267
-3041
-2777
-2331
-2027
-1508
-1162
-1158
-813
-69
2043
4977
8041
11048
12628
13333
13019
12293
12006
10935
9545
7039
3574
32
-3926
-6487
-7683
-7444
-5786
-4181
-2250
-1033
-565
-191
-300
-35
-121
-548
-796
-1292
-1382
-1215
-255
1932
4490
7159
9284
10643
11117
10372
9030
7502
5797
3812
1587
-527
-2439
-4304
-5806
-6543
-6617
-6233
-5703
-4902
-3842
-3100
-2626
-2267
-1785
-1173
-732
-49
768
1387
1672
1572
1501
1249
715
206
-185
-430
-883
-1398
-1554
-1493
-1306
-1052
-678
-282
-251
-589
-1209
-2091
-3120
-4128
-4804
-5078
-5053
-4715
-4128
-3267
-2266
-1308
-283
690
1430
1737
1550
976
-39
-1191
-2211
-2966
-3533
-4001
-4125
-3988
-3712
-3448
-3096
-2677
-2424
-2187
-2080
-1908
-1994
-2398
-2795
-3368
-3351
-2616
-489
3052
6680
10030
11778
12313
12220
11729
11840
11238
9838
7244
3246
-795
-4899
-7552
-8446
-7957
-5930
-3818
-1757
-522
-221
177
309
519
384
-54
-225
-579
-553
130
1765
4327
6999
9486
11011
11243
10324
8548
6421
3957
1503
-686
-2291
-3290
-3979
-4218
-4252
-4073
-3901
-3821
-3639
-3673
-3701
-3843
-4016
-3872
-3534
-2651
-1276
629
2840
4544
5590
5791
5260
4063
2231
493
-917
-1969
-2709
-3073
-2685
-1882
-938
25
842
1277
772
-536
-2323
-4342
-6250
-7831
-8499
-8194
-7173
-5560
-3662
-1553
377
1812
2758
3060
2883
2253
1214
87
-1025
-1836
-2313
-2577
-2521
-2184
-1648
-1195
-1121
-1359
-1785
-2415
-3026
-3506
-3749
-3627
-3478
-2987
-2467
-2198
-1713
-840
1647
5168
8590
11213
11817
11368
10136
9057
8770
7986
6716
4038
459
-3101
-6612
-8581
-9002
-7701
-5250
-3199
-1594
-935
-795
-775
-959
-754
-498
-122
470
1148
2279
3791
5817
8202
10280
11383
11024
9456
7154
4463
1610
-959
-2871
-4095
-4628
-4548
-3826
-2932
-2417
-2365
-2809
-3414
-4094
-4633
-4630
-4281
-3764
-3175
-2273
-780
991
2718
4234
5289
5524
4655
3043
1463
151
-748
-1047
-659
275
1081
1669
2165
2338
1995
923
-549
-2300
-4405
-6454
-7939
-8374
-7887
-6709
-4760
-2438
-355
1029
1803
2217
2071
1333
332
-487
-1091
-1624
-1876
-1654
-1130
-724
-509
-402
-402
-734
-1356
-1907
-2474
-2903
-3341
-3558
-3334
-2944
-2063
-1294
-654
-498
-1201
-1618
-1402
825
4563
8317
11289
11906
11325
10007
8739
8176
6893
5088
1791
-2496
-6463
-9922
-11280
-10816
-8552
-5163
-2481
-576
38
61
5
-342
-365
-389
-109
627
1686
3359
5339
7691
9945
11376
11481
10041
7767
5081
2362
-179
-2128
-3171
-3604
-3231
-2247
-991
-198
-583
-1798
-3666
-5716
-7467
-8458
-8196
-7217
-5872
-4156
-2157
59
2180
4118
5681
6253
5728
4368
2609
1108
149
30
689
1613
2548
3195
3429
3075
1993
502
-1334
-3317
-5172
-6661
-7349
-7218
-6411
-5121
-3591
-1972
-649
139
403
363
157
-381
-1038
-1427
-1280
-698
36
900
1593
1786
1309
502
-254
-1074
-1848
-2457
-2631
-2571
-2462
-2107
-1710
-1119
-759
-580
-406
-628
-971
-1893
-2701
-2579
-1001
2831
7302
11192
13080
12467
10677
8157
6449
5407
4019
2011
-1349
-4759
-7574
-9385
-9282
-7747
-5074
-2695
-1661
-1522
-2083
-2658
-3061
-2991
-2103
-977
399
2100
4061
6075
7729
8977
9614
9253
7668
5424
3226
1341
-147
-1236
-1494
-1196
-609
267
944
1199
263
-1799
-4253
-6769
-8546
-9515
-9309
-7903
-6203
-4296
-2564
-922
648
1794
2847
3426
3535
3230
2607
2372
2422
2900
3632
4272
4682
4305
3357
1974
340
-1253
-2794
-3972
-4840
-5271
-5191
-4765
-3946
-3028
-2088
-1235
-655
-213
-25
30
55
76
167
79
114
344
620
816
607
316
-92
-654
-1194
-1604
-1511
-1119
-622
-246
-313
-733
-1353
-1796
-1758
-1533
-1305
-999
-783
-651
-960
-1364
-1033
318
3325
7131
10556
12308
11432
9244
6731
5155
4552
3787
2634
202
-3015
-6163
-8598
-9246
-8521
-6705
-4625
-3305
-2626
-2667
-2758
-2530
-2128
-1383
-698
269
1731
3324
4994
6370
7426
7938
7635
6706
5232
3632
2147
754
-342
-1028
-1238
-948
-365
263
345
-588
-2414
-4812
-7003
-8546
-9202
-8709
-7462
-5812
-4252
-2810
-1304
-100
1038
2141
3064
3578
3420
3244
3181
3175
3301
3497
3921
3866
3158
2220
1105
-36
-1366
-2397
-2916
-3360
-3717
-3914
-3617
-3135
-2827
-2332
-1664
-944
-379
176
841
1167
1100
766
489
301
40
-40
-39
-13
-183
-454
-606
-884
-976
-804
-303
246
291
7
-665
-1350
-1779
-1934
-1476
-794
-143
223
28
-280
-768
-1074
-576
882
3878
7367
10209
11663
10982
9153
6752
5045
4433
3753
2636
272
-2620
-5339
-7649
-8502
-8005
-6358
-4521
-3435
-3016
-3264
-3575
-3621
-3305
-2418
-1181
394
2248
3970
5313
6226
6719
6758
6241
5288
4026
2515
1069
-87
-800
-1007
-865
-315
352
523
-240
-2046
-4194
-6209
-7758
-8360
-8111
-7183
-6023
-4796
-3406
-2173
-1107
-174
817
1866
2525
2896
3152
3343
3468
3463
3575
3666
3433
2810
1871
895
-152
-1160
-1833
-2131
-2165
-2224
-2334
-2364
-2282
-2091
-1835
-1414
-887
-412
-27
258
441
343
61
-134
-236
-223
-208
-71
237
466
586
510
466
473
427
567
689
654
306
-292
-739
-1057
-1190
-1157
-1035
-726
-561
-589
-493
-259
128
287
348
772
1525
3099
5150
7102
8181
7550
6029
4294
3189
2746
2287
1756
508
-1226
-3010
-4375
-4826
-4900
-4565
-3842
-3058
-2545
-2647
-2802
-2735
-2488
-1931
-992
455
1917
2807
3135
3221
3275
3170
2952
2748
2341
1571
737
206
102
283
455
575
435
-145
-1130
-2332
-3409
-4380
-5062
-5307
-5162
-4662
-4031
-3270
-2463
-1730
-1022
-279
589
1375
1920
2248
2410
2407
2182
1895
1677
1470
1187
867
567
261
-20
-181
-229
-195
-136
-67
2
-13
-80
-233
-443
-667
-874
-1010
-1141
-1255
-1308
-1260
-1188
-1120
-920
-579
-184
112
403
792
1122
1337
1420
1457
1348
1024
721
455
106
-396
-941
-1295
-1530
-1647
-1518
-1162
-653
-216
217
637
751
637
405
300
453
902
1949
3274
4415
4981
4916
4630
4149
3529
2654
1603
572
-418
-1173
-1711
-2089
-2438
-2755
-2762
-2385
-1795
-1376
-1239
-1171
-1202
-1398
-1675
-1653
-1067
-230
519
1050
1515
1889
1929
1730
1415
1100
775
483
379
335
271
134
101
209
219
26
-435
-1022
-1760
-2542
-3137
-3487
-3474
-3156
-2540
-1788
-1099
-479
-61
233
389
450
531
489
368
168
32
37
65
222
443
668
805
815
863
882
887
865
822
761
531
212
-93
-343
-588
-835
-972
-1002
-1010
-1019
-985
-868
-755
-681
-532
-244
124
420
647
849
1009
1095
1038
918
703
356
-85
-488
-676
-728
-682
-536
-300
-56
91
230
394
518
497
297
57
-160
-363
-467
-418
-241
-74
75
281
450
505
391
248
258
432
747
1164
1607
1960
2071
2068
2126
2148
2036
1764
1466
1177
848
587
482
491
417
177
-93
-327
-565
-823
-1043
-1198
-1420
-1716
-1922
-1934
-1843
-1786
-1698
-1497
-1243
-1028
-800
-515
-246
-76
19
139
232
236
217
312
518
658
723
800
836
737
492
199
-79
-394
-738
-1019
-1108
-1006
-798
-545
-327
-176
-95
-82
-100
-127
-194
-288
-319
-264
-207
-200
-169
-104
-73
-85
-129
-194
-284
-389
-457
-493
-473
-360
-174
35
152
206
233
216
192
183
201
183
138
95
6
-123
-250
-320
-341
-342
-286
-197
-132
-116
-92
-33
-16
-100
-219
-280
-324
-379
-407
-364
-339
-398
-411
-272
47
437
812
1161
1377
1461
1559
1804
2127
2349
2405
2288
1983
1607
1323
1215
1208
1136
991
811
605
360
98
-150
-420
-736
-1014
-1163
-1170
-1112
-1102
-1148
-1214
-1274
-1308
-1325
-1274
-1189
-1136
-1060
-921
-651
-325
-51
195
425
602
617
552
549
556
497
366
272
214
94
-70
-201
-252
-289
-308
-266
-198
-186
-254
-289
-270
-253
-273
-331
-382
-448
-500
-485
-413
-306
-231
-198
-209
-266
-283
-242
-166
-125
-127
-117
-95
-49
45
182
306
298
168
25
-63
-106
-105
-16
108
158
118
56
5
-82
-208
-297
-320
-331
-349
-324
-244
-185
-200
-266
-329
-388
-447
-492
-499
-458
-421
-383
-323
-211
-41
147
366
586
800
980
1120
1247
1313
1309
1268
1295
1391
1461
1433
1302
1102
866
670
559
494
370
167
-23
-137
-179
-190
-193
-197
-229
-279
-285
-241
-220
-308
-487
-645
-724
-739
-682
-523
-296
-103
24
140
261
319
273
185
118
32
-95
-203
-248
-280
-327
-330
-260
-206
-228
-282
-310
-328
-395
-450
-405
-295
-192
-97
22
133
133
63
30
33
-15
-126
-187
-180
-178
-184
-157
-75
-21
-24
-26
-5
17
3
-26
-48
-102
-189
-290
-344
-344
-326
-277
-193
-97
-63
-92
-117
-140
-200
-299
-374
-426
-484
-533
-532
-478
-433
-423
-435
-480
-557
-628
-624
-547
-452
-337
-184
4
188
358
517
622
672
683
686
696
718
779
898
1032
1137
1203
1191
1081
939
875
893
903
843
717
554
395
321
371
483
515
425
295
179
82
0
-56
-126
-239
-344
-364
-300
-220
-160
-123
-98
-98
-124
-146
-169
-225
-290
-314
-278
-219
-171
-120
-66
-33
-45
-94
-145
-215
-302
-374
-388
-331
-270
-232
-190
-104
-6
42
53
62
47
-33
-138
-195
-202
-234
-293
-308
-277
-268
-298
-303
-256
-215
-206
-180
-125
-101
-137
-184
-198
-207
-221
-214
-169
-144
-161
-175
-170
-167
-180
-189
-190
-224
-285
-331
-342
-341
-344
-335
-326
-345
-398
-451
-479
-500
-506
-466
-369
-251
-143
-19
124
253
345
431
525
580
577
551
537
503
429
363
338
335
314
305
349
436
523
582
613
609
588
575
612
705
787
778
664
505
379
315
301
324
344
328
292
289
332
384
383
316
215
110
22
-40
-80
-127
-196
-250
-266
-247
-224
-220
-210
-210
-235
-287
-316
-292
-252
-208
-144
-61
-10
-19
-34
-26
-18
-33
-54
-51
-65
-134
-201
-210
-172
-145
-131
-106
-96
-130
-186
-208
-214
-249
-305
-329
-326
-342
-367
-359
-311
-276
-281
-285
-270
-270
-305
-324
-296
-269
-281
-299
-287
-277
-303
-344
-362
-369
-397
-428
-428
-406
-387
-363
-317
-263
-230
-217
-193
-149
-104
-60
1
81
148
195
249
308
338
334
316
284
225
154
106
89
83
80
99
133
158
188
237
296
347
374
403
435
465
493
514
521
506
503
540
600
661
697
686
629
555
526
548
573
571
536
486
431
384
363
344
280
170
65
-6
-59
-113
-162
-213
-278
-333
-331
-279
-226
-197
-182
-177
-183
-179
-152
-133
-156
-208
-251
-271
-286
-293
-273
-236
-199
-163
-123
-89
-78
-99
-127
-136
-129
-127
-142
-169
-197
-226
-261
-291
-301
-299
-306
-317
-311
-288
-275
-275
-264
-242
-236
-264
-289
-292
-299
-332
-374
-404
-433
-470
-489
-470
-421
-367
-312
-249
-195
-159
-123
-78
-34
-6
18
45
63
81
105
129
130
100
65
39
15
0
8
40
70
89
127
189
245
270
280
290
287
267
258
276
287
268
253
269
294
308
327
367
416
449
480
520
543
532
509
512
540
557
541
496
443
386
338
315
311
299
251
180
124
94
71
33
-9
-40
-65
-66
-36
6
20
-11
-56
-94
-126
-164
-200
-228
-254
-279
-282
-259
-229
-214
-220
-219
-202
-183
-177
-173
-168
-168
-178
-172
-148
-134
-148
-163
-152
-131
-122
-127
-135
-153
-191
-231
-245
-245
-260
-283
-291
-285
-291
-312
-327
-341
-371
-406
-414
-397
-389
-392
-373
-325
-278
-248
-216
-175
-151
-150
-144
-111
-80
-69
-60
-38
-14
-10
-21
-15
-1
10
24
53
94
122
138
155
178
197
198
198
210
224
233
239
250
257
249
243
248
253
248
242
246
251
253
261
281
297
306
314
323
327
327
333
347
353
344
330
309
288
282
295
312
314
298
275
241
213
208
215
208
183
158
144
126
101
78
54
17
-28
-55
-62
-79
-117
-149
-160
-165
-174
-177
-168
-171
-191
-200
-194
-194
-207
-216
-211
-208
-205
-195
-184
-186
-202
-209
-198
-189
-193
-202
-202
-201
-206
-204
-193
-185
-193
-209
-219
-225
-242
-271
-294
-303
-299
-292
-284
-268
-252
-247
-245
-232
-209
-198
-205
-209
-197
-186
-185
-182
-169
-154
-151
-141
-111
-77
-58
-42
-15
20
50
76
99
111
114
116
131
153
169
180
190
196
200
206
216
222
224
234
251
267
277
284
299
306
302
295
289
271
242
217
211
210
201
190
188
185
179
184
209
231
235
232
236
241
230
214
215
227
234
233
231
227
210
182
160
151
143
121
92
65
44
22
-3
-26
-45
-64
-85
-104
-116
-133
-159
-184
-198
-202
-206
-206
-206
-209
-220
-228
-227
-223
-221
-221
-217
-207
-198
-189
-178
-172
-172
-178
-182
-175
-170
-178
-193
-196
-193
-193
-192
-181
-172
-180
-192
-191
-180
-178
-189
-195
-193
-196
-200
-191
-175
-170
-177
-179
-165
-150
-139
-122
-96
-77
-67
-55
-28
-4
0
4
20
40
50
56
75
95
99
99
111
133
146
151
166
189
202
207
213
227
232
225
216
212
205
192
182
179
176
165
155
155
157
151
143
142
144
139
138
141
139
132
129
140
157
163
160
154
145
135
137
151
164
162
158
159
167
177
185
183
164
131
103
87
73
60
42
23
-2
-23
-37
-48
-69
-92
-105
-113
-125
-141
-155
-168
-183
-186
-172
-156
-159
-175
-187
-195
-199
-194
-186
-182
-186
-184
-172
-156
-148
-145
-147
-154
-159
-157
-151
-151
-165
-182
-191
-193
-192
-191
-187
-182
-179
-176
-167
-156
-150
-152
-151
-143
-128
-117
-110
-100
-83
-64
-49
-36
-20
-9
-8
-3
15
38
48
49
56
70
77
79
87
101
107
104
112
129
138
138
139
149
156
157
158
162
159
153
152
157
157
150
140
132
127
124
125
129
130
129
127
127
124
118
113
108
102
95
94
95
95
96
103
115
122
121
120
118
112
104
104
110
110
99
90
89
87
78
65
51
38
20
1
-7
-8
-8
-17
-26
-27
-28
-39
-55
-72
-88
-112
-137
-151
-157
-160
-164
-162
-156
-156
-161
-167
-165
-164
-167
-166
-162
-163
-171
-176
-171
-165
-165
-164
-156
-149
-149
-151
-147
-136
-138
-142
-138
-127
-123
-125
-118
-101
-91
-89
-83
-67
-55
-54
-45
-26
-10
-8
-5
7
16
15
14
24
32
28
24
30
38
36
31
39
52
54
52
61
77
85
87
97
117
125
123
126
138
144
139
138
146
148
140
134
137
137
128
120
121
123
117
110
110
112
105
95
95
98
93
84
83
84
78
66
61
61
61
59
65
71
66
56
53
57
58
57
58
61
57
48
45
45
43
36
29
21
10
-2
-11
-19
-28
-38
-44
-48
-54
-60
-69
-83
-100
-114
-125
-135
-145
-152
-158
-164
-171
-172
-171
-170
-171
-165
-158
-155
-152
-147
-139
-134
-124
-109
-98
-94
-91
-84
-80
-78
-73
-66
-63
-63
-63
-59
-56
-54
-54
-52
-48
-43
-38
-34
-29
-24
-22
-21
-18
-13
-7
-7
-7
-3
4
7
6
12
20
25
26
32
43
50
53
62
74
82
80
82
90
99
104
109
119
125
126
128
133
136
133
130
130
130
131
132
131
126
117
108
104
99
94
89
84
76
69
64
62
61
57
54
56
54
50
47
46
43
36
30
29
27
21
21
23
26
24
22
25
22
16
10
8
5
-3
-15
-25
-31
-40
-51
-60
-65
-72
-84
-94
-100
-104
-111
-120
-126
-128
-130
-133
-132
-128
-126
-125
-124
-120
-117
-116
-117
-114
-110
-108
-103
-95
-86
-79
-76
-71
-65
-60
-56
-51
-43
-37
-35
-30
-20
-12
-12
-11
-7
-8
-14
-19
-17
-16
-22
-26
-23
-18
-17
-14
-7
1
5
7
