10
11
13
15
18
19
20
24
28
33
43
52
56
58
59
65
74
79
92
103
103
91
83
80
75
70
67
70
55
27
5
-11
-35
-63
-69
-71
-88
-123
-149
-157
-187
-208
-189
-161
-158
-165
-161
-158
-163
-167
-135
-110
-89
-77
-82
-85
-139
-185
-187
-196
-208
-241
-257
-274
-359
-413
-422
-441
-472
-501
-477
-449
-472
-525
-538
-545
-527
-467
-363
-280
-273
-236
-220
-110
-33
55
219
250
305
371
416
479
608
675
788
921
958
1075
1062
1287
1733
1919
1723
1498
1533
1620
1603
1737
2359
2400
1555
728
764
1172
860
523
794
1013
138
-821
-745
-378
-836
-1692
-1335
-667
-1032
-1857
-1859
-1347
-1734
-2350
-1710
-551
-390
-473
138
475
-337
-1020
-229
1006
1238
1383
1902
1424
-48
-970
-266
659
527
168
351
-98
-1478
-2205
-2013
-1639
-2090
-2422
-1744
-1647
-2672
-3468
-3198
-2901
-3010
-2507
-1277
-854
-1637
-2057
-1542
-937
-732
14
1131
1322
758
316
608
972
941
1299
1930
2006
1513
1049
970
1081
907
958
1582
1712
1262
929
776
714
462
881
2346
3212
2540
1356
960
1050
1269
1610
3222
4553
3340
1091
-29
840
1300
860
1223
2490
2003
-429
-1541
-886
-360
-1713
-2200
-586
65
-1422
-2958
-2367
-1955
-3214
-3666
-1688
156
-616
-2040
-1802
-1005
-1648
-1680
371
2269
1880
243
89
719
287
-46
1216
2446
2032
449
-112
208
-545
-1269
-719
259
-44
-1207
-1773
-1648
-2185
-2883
-2231
-1344
-1164
-1876
-2132
-1720
-1944
-2211
-1610
-425
-8
-317
-335
7
-80
-312
368
1373
1796
1410
1141
1238
915
662
992
1587
1676
1129
794
803
550
148
256
608
752
494
284
420
167
39
696
1583
1682
902
520
698
724
623
1534
2742
2308
739
-179
463
860
441
636
1575
1426
-347
-1282
-654
-105
-1030
-1533
-533
-140
-1179
-2215
-1629
-1108
-2024
-2566
-1404
-82
-461
-1268
-1053
-496
-935
-1247
135
1648
1646
521
162
605
509
351
1039
2003
1791
641
-59
177
281
-200
-240
157
46
-770
-1247
-1001
-929
-1415
-1600
-1054
-797
-1190
-1421
-1182
-1055
-1272
-1156
-468
27
-148
-415
-224
-4
-17
186
767
1159
943
570
547
621
531
605
832
919
623
151
-18
-94
-170
-90
89
158
-56
-351
-447
-328
-245
123
821
1256
984
186
63
402
694
957
1724
2474
1778
397
-240
467
925
793
1013
1563
1168
-521
-1252
-663
-72
-583
-946
-253
-215
-1304
-2167
-1592
-962
-1459
-1814
-957
-69
-634
-1336
-1034
-401
-525
-756
377
1540
1257
224
76
626
676
628
1324
2251
1688
435
84
519
702
387
618
902
371
-645
-858
-357
-247
-617
-784
-477
-698
-1249
-1289
-891
-719
-1059
-1090
-690
-589
-910
-976
-607
-430
-586
-554
-94
98
-146
-304
-166
59
8
12
282
347
30
-259
-197
58
131
68
180
253
49
-153
-31
302
471
477
838
1237
1210
795
509
721
990
1153
1463
2080
1934
960
94
162
822
971
979
1173
1109
44
-1029
-974
-252
-5
-418
-400
-367
-982
-1766
-1704
-860
-623
-1026
-1050
-584
-580
-994
-881
-262
41
-241
-68
714
1064
678
274
517
763
741
934
1467
1631
865
145
171
541
580
490
550
300
-437
-1041
-775
-345
-433
-772
-951
-1040
-1440
-1623
-1230
-822
-942
-1312
-1318
-1141
-1137
-1134
-781
-476
-585
-736
-585
-233
-175
-227
-64
107
119
84
265
444
349
176
194
357
431
437
491
510
364
178
254
462
552
563
581
725
834
901
829
705
675
699
864
991
1314
1376
946
376
124
438
684
758
806
821
276
-499
-685
-258
179
-44
-235
-229
-565
-1113
-1235
-643
-277
-571
-828
-637
-533
-788
-778
-314
27
-260
-432
4
341
256
66
256
436
257
204
548
835
551
177
152
278
206
104
227
237
-112
-533
-536
-322
-348
-513
-558
-594
-841
-1041
-905
-658
-667
-884
-927
-826
-801
-770
-572
-375
-411
-512
-458
-240
-89
-14
118
222
200
137
246
422
495
480
487
515
467
416
458
537
532
476
473
483
436
370
372
437
456
544
672
737
575
331
266
383
571
677
891
867
471
-1
-100
233
477
534
517
418
-54
-554
-587
-185
146
15
-161
-305
-648
-987
-946
-486
-170
-316
-558
-612
-673
-763
-617
-257
-19
-141
-308
-211
-76
-40
-3
127
233
155
76
186
310
229
87
70
128
131
74
93
97
-69
-233
-214
-80
-47
-145
-212
-263
-402
-490
-380
-211
-181
-315
-401
-404
-432
-390
-220
-66
-70
-180
-207
-128
-70
12
141
210
194
120
133
223
262
282
321
331
311
300
311
347
313
266
273
283
289
282
273
248
165
91
124
175
196
198
183
126
-3
-95
-33
97
123
144
143
65
-85
-214
-118
59
120
109
96
18
-144
-258
-184
10
73
17
-48
-136
-229
-294
-206
-51
-25
-90
-177
-219
-230
-220
-136
-33
-22
-100
-163
-150
-81
-36
-5
42
18
-36
-58
-12
73
84
64
58
52
28
23
76
113
89
29
14
23
10
6
7
-6
-49
-85
-76
-47
-46
-68
-92
-126
-148
-126
-77
-28
-20
-49
-76
-92
-74
-24
46
89
85
60
57
84
110
151
194
217
200
174
183
201
206
193
194
187
142
97
71
56
8
-51
-76
-82
-126
-190
-231
-256
-288
-319
-309
-289
-296
-330
-349
-334
-305
-275
-231
-177
-156
-158
-146
-108
-46
22
93
149
159
150
155
182
211
246
293
312
293
248
219
215
207
205
216
222
183
140
125
117
98
80
94
110
90
61
60
62
44
39
60
87
84
53
36
34
25
10
22
41
30
-3
-27
-37
-57
-86
-96
-80
-75
-91
-102
-118
-145
-177
-182
-146
-115
-113
-120
-122
-138
-150
-125
-75
-30
-31
-41
-32
-26
-21
4
47
64
43
20
25
27
10
-2
5
8
-27
-60
-62
-68
-104
-136
-137
-125
-139
-167
-166
-160
-180
-201
-187
-151
-142
-157
-156
-132
-124
-126
-92
-41
-16
-25
-29
3
37
54
83
123
148
141
131
155
190
211
219
231
247
235
209
215
247
259
243
228
229
216
186
176
194
203
169
132
127
123
88
59
63
74
50
17
17
17
-10
-42
-41
-14
-18
-46
-53
-52
-73
-104
-103
-73
-68
-99
-117
-112
-119
-142
-139
-103
-95
-119
-128
-117
-108
-121
-112
-73
-53
-62
-62
-45
-45
-55
-42
-10
11
11
5
5
-2
-20
-26
-7
7
1
-14
-18
-31
-57
-68
-57
-39
-45
-62
-71
-82
-100
-105
-93
-75
-74
-86
-87
-85
-90
-85
-69
-49
-37
-34
-22
-15
-17
-14
-2
18
33
39
45
46
34
28
40
62
79
81
82
75
55
49
66
93
107
105
104
96
82
72
80
102
108
104
105
103
97
84
82
90
95
92
90
94
88
68
52
49
57
54
46
41
27
2
-19
-16
-3
5
0
-10
-23
-37
-38
-25
-10
2
8
1
-2
4
9
13
26
38
37
31
27
28
26
15
16
21
13
-5
-16
-26
-40
-59
-69
-69
-79
-95
-114
-124
-133
-151
-161
-153
-148
-150
-154
-154
-150
-152
-151
-133
-113
-102
-98
-92
-81
-73
-65
-47
-29
-19
-12
-7
-2
4
11
21
32
42
45
43
40
40
43
49
57
63
63
56
48
43
44
47
48
48
49
47
39
30
30
36
36
38
44
43
35
28
31
36
39
38
40
37
29
27
30
31
33
36
43
45
41
38
42
45
49
56
63
65
60
57
57
60
64
66
64
60
54
50
47
42
37
36
33
22
11
5
1
-11
-23
-30
-35
-48
-58
-59
-62
-75
-91
-96
-99
-102
-100
-95
-95
-107
-118
-113
-101
-92
-87
