3
2
2
4
2
0
5
9
3
5
2
-6
0
1
-1
-1
-4
-3
-12
-19
-9
-12
-14
-20
-24
-19
-21
-33
-39
-34
-50
-55
-52
-52
-56
-97
-100
-88
-115
-131
-114
-93
-113
-99
-71
-99
-86
-71
-75
-70
-72
-72
-89
-66
-56
-72
-73
-56
-30
-42
24
53
37
47
25
86
138
168
176
149
159
147
141
141
191
257
289
285
290
408
441
476
646
701
715
806
874
904
950
931
845
845
817
738
616
483
355
162
28
-55
-88
-222
-435
-432
-475
-595
-620
-606
-591
-675
-660
-581
-551
-531
-521
-470
-442
-418
-436
-442
-355
-388
-526
-505
-462
-535
-590
-660
-767
-877
-992
-1093
-1174
-1246
-1360
-1377
-1202
-1055
-1063
-1084
-1028
-1073
-1112
-868
-615
-603
-614
-600
-535
-494
-505
-389
-345
-332
-160
99
339
443
545
518
461
572
692
750
740
766
695
520
423
532
554
499
692
1254
2544
4091
5042
4797
3848
3275
3168
3263
3550
4021
3825
2364
988
770
979
251
-1254
-1995
-1867
-1623
-1715
-1652
-1295
-1776
-3064
-3846
-3234
-2234
-1973
-1963
-1562
-707
-190
319
1252
2170
2673
2559
2733
3552
4167
3677
2553
1682
787
-450
-1568
-1939
-2357
-3818
-5232
-5283
-4343
-3843
-3945
-3685
-2942
-2507
-2463
-1968
-1497
-1862
-2510
-2394
-1505
-985
-976
-1012
-1193
-1430
-1393
-637
472
1106
1353
1447
1622
1933
1997
1786
1173
302
-445
-991
-1196
-1351
-1778
-2266
-2403
-2143
-1513
-863
-456
-143
72
494
854
1342
1935
2005
1856
1744
1809
1886
1578
2724
6412
10505
11738
9420
7004
5969
5772
5811
6516
7590
5887
1392
-1913
-1350
-167
-2988
-7151
-8153
-6104
-4558
-4837
-3985
-2400
-3336
-6398
-7590
-4857
-1725
-1282
-1923
-978
1136
2296
2910
3815
4521
3719
2018
2042
4000
5790
5691
4687
3808
2508
869
-825
-2001
-3517
-5692
-6855
-6461
-5031
-4325
-4883
-5837
-6496
-6122
-5313
-4366
-3196
-2214
-1501
-755
599
1693
1454
512
-115
42
735
1736
2686
2891
2259
1375
1204
1560
1342
484
-312
-798
-1234
-1274
-1183
-1635
-2528
-3390
-3575
-3193
-2485
-1840
-1538
-1274
-901
-64
918
1532
1741
1544
1389
1852
2511
2761
2658
2236
1520
602
-91
-531
1084
5338
9427
10186
7137
4127
3166
3345
3663
4535
5829
4111
-282
-2541
-802
733
-2598
-6904
-7207
-4739
-3338
-3557
-2383
-915
-2219
-5529
-6539
-3268
-117
-107
-1427
-551
2082
3180
3640
4582
5247
4226
2353
2711
4750
5942
5303
3789
2595
1355
-152
-1829
-2980
-3986
-5485
-6027
-5090
-3348
-2752
-3822
-4798
-4700
-3797
-3219
-2336
-786
-69
-100
484
1845
2460
1795
805
280
547
956
1500
2158
2052
1264
411
74
-252
-990
-1766
-2847
-3520
-3243
-2906
-3160
-3780
-4211
-4353
-3972
-2958
-1828
-1086
-760
-587
-94
842
1660
1870
1489
1260
1451
1663
1409
637
141
-30
-455
-818
-1266
-1716
-2252
-2176
1003
6448
10730
9973
5936
3521
3172
3913
4900
6920
7909
4534
-240
-1404
1119
1031
-3497
-6871
-6035
-3442
-3103
-3113
-1561
-1405
-4259
-7756
-7172
-3179
-502
-630
-992
1282
3985
4956
5411
6402
6978
5730
4535
5307
7174
7987
6842
4925
3066
1479
-55
-1589
-2995
-4568
-5585
-5318
-4137
-3097
-2819
-3426
-4724
-5146
-4082
-2426
-1321
-1312
-1437
-1158
-515
-36
-177
-674
-1562
-2158
-1821
-668
699
977
-75
-1201
-1580
-1665
-2163
-3111
-3851
-3905
-3690
-3253
-2567
-2170
-2544
-3394
-3397
-2108
-493
584
1246
1674
2055
2471
2631
2625
2213
1290
357
164
669
600
25
-477
-950
-1457
-1766
-1666
-1705
-1782
-2191
-774
4501
10435
12644
9590
5503
3862
4073
5168
7314
9622
8221
3073
-631
310
2236
-486
-5403
-6924
-4910
-3470
-4017
-3190
-1565
-2906
-7197
-9415
-6221
-1513
569
495
1469
3951
5429
5815
6454
7420
6731
4640
3947
5281
7029
6702
4332
1539
-859
-2574
-3645
-3955
-4650
-6000
-6872
-6564
-5273
-4319
-4265
-5214
-6375
-6320
-5097
-3457
-2239
-1649
-1400
-1032
-127
659
781
197
-553
-658
28
1246
2429
2730
1631
35
-951
-1521
-2096
-2784
-3398
-3536
-3063
-2247
-1420
-743
-620
-1115
-1523
-918
625
1881
2375
2252
2140
2489
2860
2628
1751
767
14
-129
65
222
240
-571
-1640
-2286
-2273
-2050
-2388
-2453
-2780
-1437
3723
9954
12807
10425
6611
4840
5381
6812
8752
10599
8841
3653
-459
6
1992
-759
-6443
-9177
-7645
-6036
-6345
-5504
-3837
-4681
-8574
-10733
-7227
-1579
1155
349
383
3129
5540
6354
6619
7235
6660
4555
3487
4717
7121
7477
4707
1370
-680
-1796
-3168
-4458
-5247
-5885
-6278
-6050
-4704
-3303
-3464
-5132
-6290
-5377
-3393
-1606
-553
15
597
1070
1308
1414
1625
1377
383
-189
790
2580
3349
2556
939
-228
-642
-1062
-1684
-2323
-2723
-2865
-2826
-2090
-744
-316
-1468
-2666
-2496
-1122
392
1363
1723
1732
1532
1313
1330
1035
-167
-1719
-2363
-1962
-1301
-1055
-1379
-2395
-3339
-3838
-4085
-3429
-2885
-2714
-2999
-2090
2694
9399
13835
12659
8335
5564
5432
6818
8594
10707
10292
5601
546
-979
273
-1176
-6380
-10266
-9854
-7319
-6617
-6287
-4795
-4541
-6945
-9518
-7762
-2743
1230
2358
2643
4838
7479
8758
8988
9214
9326
8182
6721
6719
8295
8970
7072
3902
941
-1195
-3068
-4894
-6164
-7022
-7357
-6993
-6170
-5555
-5675
-6386
-6904
-6193
-4284
-1906
-69
839
1306
1660
2140
2229
1624
897
314
318
1214
2363
2713
1820
194
-1219
-1783
-2108
-2745
-3186
-3366
-3364
-3067
-2393
-1720
-1711
-2427
-3328
-3376
-2210
-462
898
1427
1257
762
507
374
116
-361
-1032
-1614
-1860
-1595
-1264
-1337
-2157
-3321
-3837
-3808
-3495
-3012
-2427
-1828
-1823
-446
4339
10685
14141
12187
8304
6337
6532
7194
8184
10040
9767
5367
-28
-1699
-186
-1286
-5983
-9357
-8245
-5626
-5133
-4846
-3034
-1922
-3958
-6696
-5603
-1089
2633
3129
3138
5397
7985
8705
8359
8680
8926
7622
5701
5245
6513
6955
4967
1873
-926
-3082
-4821
-5686
-5848
-6585
-7782
-8694
-8487
-7285
-5960
-4902
-4216
-3535
-2356
-518
1074
1666
1501
983
566
500
836
1088
842
445
135
36
-120
-467
-862
-1518
-2414
-3304
-3359
-2751
-2472
-2595
-2840
-2740
-2516
-2628
-3147
-3505
-3191
-2341
-1070
167
1119
1331
908
491
244
-55
-760
-1736
-2334
-1911
-1321
-1213
-1250
-1296
-1497
-2248
-2992
-2856
-2205
-1512
-970
-265
2417
7501
12674
14255
11643
8101
6034
5715
6481
8628
10807
9734
5049
655
145
952
-1441
-5847
-7896
-6290
-4326
-3974
-3420
-2029
-1935
-4656
-7326
-6249
-2118
1231
2085
2947
5263
7324
7712
7346
7632
8001
7196
5673
5144
5656
5599
4102
1811
-302
-2188
-4026
-5403
-6432
-7408
-8147
-8288
-7623
-6647
-5650
-4811
-4240
-3788
-3321
-2705
-2173
-1675
-1084
-545
-109
177
344
318
410
799
1068
792
166
-92
23
-197
-980
-1696
-1853
-1832
-2094
-2486
-2645
-2616
-2785
-3090
-3107
-2685
-1924
-1138
-462
167
685
730
125
-585
-968
-1066
-1362
-1676
-1429
-934
-600
-443
-482
-788
-1232
-1686
-2001
-1784
-1145
-520
89
286
1133
4324
9189
12359
11353
8198
5987
5831
6716
8174
10261
10547
7151
2241
92
979
435
-3253
-6704
-6480
-4416
-3955
-4276
-3416
-2333
-3827
-7146
-8051
-5080
-828
1475
1956
2940
4762
6004
6324
6792
7456
7142
5581
4176
4311
5695
6413
5227
2769
80
-2127
-3582
-4736
-6135
-7610
-8315
-8016
-7136
-5709
-4191
-3206
-3149
-3715
-3865
-3169
-1863
-831
-214
507
1259
1779
1903
1884
1745
1343
410
-660
-831
-321
48
-326
-991
-1174
-1179
-1555
-2339
-2735
-2713
-2997
-3504
-3608
-2731
-1634
-1393
-1661
-1600
-929
-593
-1155
-1803
-1897
-1719
-1929
-2017
-1384
-598
-396
-861
-1081
-821
-680
-1139
-1929
-2066
-1648
-890
-245
-46
-151
-287
1192
4715
8991
11372
10524
8402
7048
7549
9092
10449
10676
8663
5057
1674
345
341
-734
-2815
-4451
-4773
-4730
-4913
-4600
-4164
-4674
-6664
-8256
-7114
-3667
-266
1310
1669
2160
3046
3739
4262
5220
6322
6851
6648
6462
6946
7619
7482
6120
4017
2058
719
-439
-2140
-4219
-5616
-5947
-6036
-6194
-5898
-5233
-4998
-5532
-6006
-5560
-4516
-3707
-3136
-2222
-1107
-141
594
1152
1238
402
-722
-1183
-701
171
654
592
458
681
822
573
88
-705
-1829
-2953
-3321
-2679
-1697
-1199
-1553
-2313
-2812
-2920
-2909
-3072
-3205
-3100
-2754
-2238
-1562
-547
394
548
-267
-1173
-1252
-707
-322
-244
-90
72
-151
-604
-680
-398
-439
-889
-276
2748
7216
10457
10998
9977
8840
8062
7591
7791
8659
8486
6216
3067
1320
1354
982
-871
-2774
-3273
-3086
-3682
-4430
-4194
-3423
-3634
-5135
-5959
-4898
-3063
-2088
-1733
-861
331
1273
1979
3098
4819
6224
6610
6411
6300
6328
6332
6091
5338
4050
2465
943
-350
-1629
-2933
-4234
-5439
-6387
-6857
-6727
-6301
-5878
-5771
-5800
-5480
-4667
-3593
-2820
-2463
-2226
-1897
-1640
-1485
-986
-220
428
670
794
1179
1552
1688
1556
1427
1220
735
274
21
-119
-477
-1001
-1423
-1734
-2034
-2372
-2687
-3004
-3052
-2722
-2189
-1652
-1380
-1395
-1665
-1883
-1739
-1332
-825
-413
-83
394
809
937
671
84
-534
-880
-714
-369
-61
258
602
725
629
977
2461
4890
6971
7801
7686
7328
6958
6377
5835
5677
5486
4479
2690
1304
900
855
289
-628
-979
-791
-808
-1325
-1724
-1689
-1921
-2865
-3894
-3975
-3129
-2243
-1669
-1060
-298
269
515
701
1083
1592
2035
2500
2980
3521
4114
4625
4786
4155
2948
1640
580
-377
-1495
-2590
-3536
-4091
-4229
-4043
-3579
-3076
-2799
-2933
-3164
-3194
-3063
-2837
-2723
-2687
-2479
-1951
-1292
-819
-469
-270
-342
-473
-434
-155
178
421
641
922
1314
1566
1441
856
47
-541
-961
-1314
-1504
-1390
-1122
-1095
-1238
-1343
-1355
-1424
-1665
-1848
-1863
-1669
-1245
-759
-377
-175
-186
-381
-682
-919
-918
-761
-569
-329
15
405
673
811
858
738
457
86
-77
152
620
1254
2027
2832
3336
3384
3232
3232
3417
3516
3572
3715
3908
3961
3730
3382
3032
2617
2067
1370
718
214
-245
-695
-1058
-1361
-1778
-2346
-2861
-2943
-2628
-2171
-1707
-1333
-991
-637
-189
360
888
1317
1687
2061
2453
2775
2776
2369
1794
1348
1083
854
605
295
-121
-601
-1126
-1626
-1938
-2124
-2401
-2680
-2731
-2454
-2003
-1635
-1501
-1609
-1919
-2256
-2201
-1734
-1273
-1002
-792
-399
-25
20
-154
-267
-239
-282
-330
-170
126
180
-175
-506
-555
-590
-886
-1269
-1369
-1241
-1207
-1273
-1175
-800
-570
-802
-1159
-1197
-951
-840
-826
-570
-113
230
326
375
612
771
515
116
35
354
531
265
-102
-278
-280
-344
-504
-594
-649
-675
-559
-152
561
1378
2109
2679
3107
3367
3503
3576
3589
3543
3403
3225
3013
2692
2344
2072
1780
1257
652
317
283
290
59
-330
-660
-905
-1160
-1448
-1581
-1488
-1282
-1124
-999
-774
-557
-497
-574
-603
-422
-98
282
634
908
1129
1252
1238
1115
942
737
556
378
173
-52
-271
-433
-613
-823
-975
-1068
-1128
-1202
-1324
-1454
-1587
-1733
-1838
-1842
-1775
-1697
-1618
-1519
-1421
-1307
-1114
-959
-874
-771
-600
-352
-171
-104
-50
6
-5
-82
-140
-100
-1
31
67
92
-22
-116
-126
-71
49
89
75
62
45
24
-149
-331
-408
-497
-598
-635
-531
-503
-652
-793
-782
-668
-577
-483
-367
-222
-61
64
224
393
478
520
672
1019
1452
1857
2244
2632
2891
2943
2861
2702
2592
2548
2503
2412
2175
1840
1494
1162
888
629
338
50
-188
-344
-490
-730
-1069
-1422
-1682
-1851
-1887
-1748
-1504
-1223
-975
-721
-425
-141
107
353
660
1031
1383
1642
1792
1800
1650
1416
1180
920
568
156
-211
-507
-783
-1049
-1250
-1357
-1477
-1658
-1758
-1712
-1637
-1672
-1783
-1844
-1784
-1629
-1476
-1304
-1066
-860
-780
-761
-629
-394
-241
-143
13
220
384
428
436
465
461
393
220
61
5
-28
-53
-83
-125
-195
-298
-391
-472
-548
-601
-643
-661
-613
-555
-490
-412
-374
-361
-330
-248
-112
45
185
272
294
307
320
286
234
205
214
217
178
137
95
79
124
253
509
839
1200
1600
1989
2216
2234
2218
2252
2258
2179
2065
1968
1779
1436
1074
867
777
615
290
-73
-292
-422
-587
-789
-927
-958
-974
-1032
-1048
-867
-564
-417
-454
-467
-318
-101
30
95
187
325
471
602
795
1036
1165
1024
648
247
-52
-284
-547
-792
-974
-1164
-1340
-1418
-1316
-1155
-1128
-1181
-1160
-1065
-999
-1015
-1034
-993
-973
-1028
-1055
-934
-715
-569
-547
-564
-514
-376
-204
-22
163
322
367
289
198
148
133
59
-58
-105
-133
-191
-279
-306
-231
-225
-299
-343
-321
-199
-88
-24
41
18
-24
-32
-51
-26
-3
-49
-116
-187
-187
-103
-66
-61
-73
-77
-18
65
177
250
220
138
116
239
531
933
1355
1708
1861
1818
1742
1761
1871
1921
1853
1716
1542
1345
1098
882
759
649
475
258
91
-59
-276
-543
-794
-970
-1076
-1125
-1101
-986
-792
-619
-539
-498
-409
-251
-83
51
202
378
502
570
685
930
1177
1260
1146
912
612
266
-60
-315
-522
-708
-847
-931
-1010
-1136
-1277
-1389
-1468
-1490
-1415
-1254
-1050
-893
-866
-908
-935
-909
-827
-740
-663
-585
-501
-408
-298
-141
32
136
155
159
179
184
159
107
37
-33
-60
-62
-84
-145
-257
-365
-417
-411
-383
-369
-391
-487
-602
-662
-636
-534
-449
-377
-333
-332
-310
-342
-423
-494
-513
-431
-278
-89
101
263
352
335
205
95
153
408
936
1764
2726
3460
3724
3652
3476
3402
3482
3597
3638
3455
3000
2430
1951
1636
1327
899
396
-115
-629
-1123
-1517
-1826
-2084
-2353
-2613
-2666
-2439
-2047
-1678
-1437
-1255
-1026
-687
-261
213
708
1202
1629
1888
2061
2299
2576
2716
2615
2412
2162
1713
909
-142
-1033
-1578
-1897
-2165
-2440
-2721
-3078
-3395
-3524
-3509
-3451
-3425
-3326
-2994
-2453
-1834
-1381
-1240
-1260
-1305
-1257
-1066
-751
-308
94
333
505
724
951
1005
856
611
381
283
356
499
599
554
273
-208
-765
-1150
-1269
-1278
-1297
-1311
-1265
-1166
-1034
-961
-1016
-1185
-1376
-1374
-1088
-609
-132
141
186
96
6
25
103
163
247
450
732
951
1043
1021
1034
1317
2206
3753
5391
6316
6164
5356
4559
4192
4330
4744
4947
4413
3188
1944
1213
816
143
-831
-1541
-1766
-1844
-2106
-2302
-2274
-2440
-3135
-3931
-3937
-3034
-2036
-1550
-1292
-736
32
741
1410
2182
2934
3250
3056
2796
2843
3157
3322
3146
2817
2446
1942
1119
-68
-1538
-2968
-4034
-4553
-4601
-4503
-4341
-4252
-4428
-4807
-5075
-4953
-4496
-3916
-3264
-2366
-1209
-173
390
473
301
79
-33
146
552
1012
1424
1691
1743
1531
1177
706
16
-787
-1401
-1614
-1448
-1132
-983
-1099
-1421
-1828
-2223
-2504
-2576
-2438
-2172
-1837
-1355
-708
-122
101
-15
-109
72
467
925
1311
1449
1305
1040
908
963
1026
941
761
681
776
972
1048
888
680
1120
2879
5603
7824
8166
6820
5062
4005
3965
4660
5586
5869
4808
2933
1543
1171
910
-167
-1507
-2135
-2076
-2143
-2449
-2437
-2343
-3068
-4564
-5364
-4542
-2892
-1774
-1470
-1159
-404
465
1259
2152
3147
3799
3709
3253
3128
3598
4315
4550
3845
2354
620
-844
-2073
-3275
-4272
-4870
-5153
-5417
-5610
-5317
-4786
-4775
-5354
-5688
-5145
-3970
-2856
-2022
-1279
-672
-340
-242
-125
160
428
509
505
718
1282
1895
2087
1720
1115
563
67
-422
-861
-1202
-1582
-2013
-2308
-2359
-2294
-2365
-2586
-2766
-2631
-2092
-1412
-889
-575
-335
-46
343
767
1173
1414
1368
1258
1338
1497
1484
1241
908
688
641
747
851
846
695
443
176
-37
-186
-276
-125
733
2854
5883
8419
9044
7711
5753
4459
4349
5220
6401
6842
5775
3700
1968
1173
414
-1184
-2849
-3391
-2936
-2576
-2695
-2683
-2617
-3367
-4832
-5569
-4535
-2575
-1290
-1010
-686
269
1383
2150
2693
3358
3954
4179
4083
3963
4049
4083
3476
2036
283
-1114
-2247
-3534
-4890
-5832
-6135
-6184
-6152
-5790
-5069
-4398
-4173
-4179
-3899
-3239
-2504
-1920
-1396
-757
-96
402
611
557
456
408
432
598
1021
1613
2074
2184
1899
1360
674
-118
-874
-1524
-2086
-2559
-2888
-2960
-2803
-2594
-2521
-2576
-2493
-2061
-1438
-872
-343
203
707
1071
1323
1565
1641
1347
869
573
651
869
1015
1002
810
559
312
225
209
81
-63
-114
11
146
196
132
-180
-396
122
2027
5031
7580
8158
6696
4726
3593
3579
4367
5359
5818
5003
3094
1287
341
-219
-1370
-2814
-3429
-2913
-2089
-1787
-1883
-2179
-2882
-3917
-4475
-3638
-1751
-126
446
476
895
1677
2255
2462
2575
2639
2392
2020
2083
2827
3624
3448
2011
-27
-1764
-2903
-3547
-3833
-3904
-3867
-3876
-3881
-3705
-3409
-3277
-3429
-3444
-2849
-1686
-542
60
120
-123
-318
-338
-223
25
287
487
597
689
864
1060
1071
748
277
-11
1
91
-75
-559
-1221
-1834
-2221
-2365
-2332
-2221
-2053
-1820
-1486
-1020
-534
-199
-114
-107
78
466
892
1104
1027
758
417
236
308
493
562
441
233
83
48
143
269
253
140
48
29
39
32
31
-25
-169
-159
498
2201
4485
6142
6219
5011
3697
3098
3283
3889
4493
4486
3405
1700
350
-243
-730
-1761
-2774
-2825
-2001
-1267
-1111
-1225
-1466
-2123
-3034
-3266
-2292
-784
152
253
238
580
1073
1442
1709
1943
1868
1385
862
765
1129
1435
1217
408
-695
-1718
-2464
-2950
-3290
-3363
-3041
-2477
-1990
-1749
-1639
-1706
-2034
-2360
-2252
-1628
-895
-419
-201
-86
-74
-176
-221
-87
200
524
828
1122
1352
1472
1411
1130
717
349
119
-64
-307
-608
-901
-1153
-1336
-1424
-1430
-1422
-1411
-1261
-900
-414
-13
219
314
276
193
168
268
406
444
356
239
264
437
549
426
107
-167
-202
-62
99
116
46
-26
-68
-33
63
176
145
-34
-187
-120
243
852
1833
3107
4137
4312
3580
2674
2189
2198
2530
2901
2972
2354
1190
146
-404
-758
-1438
-2127
-2121
-1453
-896
-969
-1281
-1490
-1803
-2311
-2457
-1710
-552
106
91
77
534
1058
1249
1300
1499
1651
1357
891
812
1090
1205
808
121
-596
-1298
-1971
-2415
-2473
-2351
-2216
-2007
-1634
-1249
-1154
-1381
-1662
-1677
-1322
-788
-287
83
283
264
72
-105
-128
22
213
383
622
940
1215
1197
868
477
217
115
16
-127
-254
-425
-685
-1002
-1207
-1226
-1193
-1209
-1189
-940
-502
-116
62
78
89
99
70
28
3
24
-11
-54
-6
118
218
188
108
53
-9
-113
-197
-90
159
347
371
277
216
173
77
-60
-177
-167
-111
-49
156
702
1713
2802
3424
3322
2743
2215
1938
1954
2199
2436
2310
1616
731
139
-160
-569
-1238
-1657
-1465
-955
-708
-830
-935
-999
-1251
-1568
-1453
-751
-79
69
-94
-63
274
578
761
919
1034
950
693
596
721
822
644
188
-321
-754
-1027
-1193
-1310
-1361
-1309
-1083
-814
-697
-810
-1083
-1335
-1449
-1281
-828
-321
-35
-80
-287
-492
-590
-587
-501
-308
-63
215
505
763
890
759
479
241
143
172
199
154
-14
-275
-548
-763
-870
-942
-999
-1038
-999
-810
-531
-272
-163
-198
-262
-275
-227
-179
-114
-52
-22
-16
-17
24
66
78
43
-29
-26
80
236
339
349
311
241
161
39
-122
-282
-397
-402
-314
-155
24
173
375
754
1446
2316
2939
2974
2527
2101
1983
2104
2257
2292
2091
1498
666
15
-280
-479
-877
-1240
-1161
-707
-365
-407
-621
-844
-1130
-1416
-1397
-935
-423
-243
-274
-129
282
605
641
532
466
459
475
624
873
979
772
378
50
-174
-406
-688
-898
-929
-844
-711
-610
-622
-778
-1015
-1138
-1033
-762
-506
-405
-429
-504
-557
-556
-514
-423
-306
-154
39
245
404
439
377
297
267
304
333
293
161
-1
-147
-294
-457
-642
-805
-895
-894
-794
-640
-483
-372
-346
-358
-377
-396
-401
-361
-257
-151
-85
-77
-110
-164
-234
-268
-234
-146
-40
48
133
197
206
145
28
-90
-188
-223
-170
-65
36
95
131
177
257
381
523
724
1038
1485
1967
2267
2244
1949
1614
1416
1348
1357
1336
1169
803
345
3
-165
-255
-365
-434
-360
-210
-155
-284
-499
-699
-889
-1023
-984
-692
-319
-99
-33
22
184
344
367
313
328
450
568
667
782
821
661
302
-72
-311
-442
-536
-575
-479
-321
-247
-300
-434
-604
-802
-955
-970
-863
-717
-615
-561
-561
-615
-664
-661
-575
-442
-277
-42
230
441
495
456
421
402
363
279
185
97
-4
-133
-284
-403
-496
-596
-686
-700
-604
-488
-435
-455
-496
-508
-495
-457
-386
-308
-272
-300
-338
-329
-284
-248
-221
-154
-34
105
209
260
266
224
139
51
25
51
83
105
137
184
215
221
234
273
312
324
352
436
567
721
910
1160
1385
1444
1301
1071
914
858
854
885
924
895
726
467
247
102
-47
-243
-383
-373
-284
-263
-343
-438
-507
-590
-681
-686
-532
-308
-137
-30
93
247
337
329
300
329
370
351
311
314
329
277
160
59
-4
-83
-205
-309
-329
-316
-337
-386
-421
-456
-512
-561
-561
-529
-526
-558
-574
-554
-523
-491
-428
-323
-215
-128
-47
30
71
52
22
22
46
69
75
66
38
-30
-130
-224
-295
-356
-402
-413
-383
-345
-315
-295
-300
-340
-402
-444
-451
-451
-459
-447
-388
-306
-261
-256
-241
-211
-183
-151
-85
15
103
154
201
272
348
390
397
403
423
440
442
445
458
471
466
451
436
421
407
389
367
360
382
444
527
595
619
596
541
485
455
453
452
435
395
343
283
229
196
180
180
182
177
155
112
65
24
-10
-40
-53
-38
-3
21
5
-31
-56
-66
-73
-75
-58
-42
-58
-99
-134
-147
-151
-170
-205
-235
-250
-259
-271
-285
-293
-290
-276
-263
-256
-243
-228
-217
-203
-180
-142
-110
-104
-116
-127
-133
-154
-185
-202
-199
-198
-210
-221
-219
-221
-254
-313
-369
-398
-391
-363
-337
-333
-343
-357
-386
-434
-490
-533
-558
-570
-566
-537
-503
-493
-492
-476
-443
-409
-382
-335
-242
-111
25
142
243
316
348
363
392
452
497
496
467
444
427
387
333
275
218
174
180
254
332
339
263
164
106
85
73
64
79
139
232
379
594
837
1045
1170
1238
1320
1478
1710
1944
2124
2223
2241
2181
2062
1955
1901
1859
1751
1587
1444
1342
1213
1009
795
626
442
178
-128
-375
-537
-696
-918
-1148
-1303
-1426
-1580
-1727
-1777
-1733
-1668
-1619
-1541
-1392
-1210
-1070
-1010
-987
-923
-803
-659
-507
-355
-240
-216
-276
-359
-396
-385
-402
-483
-580
-648
-725
-859
-1030
-1182
-1294
-1395
-1515
-1641
-1746
-1845
-1941
-1983
-1964
-1916
-1886
-1907
-1968
-2055
-2150
-2204
-2163
-2056
-1957
-1869
-1731
-1515
-1286
-1115
-964
-751
-468
-182
106
443
797
1079
1236
1352
1510
1660
1706
1653
1609
1622
1633
1598
1538
1474
1360
1174
984
897
913
940
922
875
816
733
632
562
551
568
581
619
730
896
1064
1204
1349
1542
1795
2113
2502
2905
3198
3299
3234
3106
3012
2980
2986
2981
2916
2767
2591
2443
2311
2143
1911
1645
1395
1186
1039
915
767
532
160
-299
-737
-1072
-1302
-1472
-1599
-1682
-1747
-1846
-1951
-1981
-1936
-1893
-1901
-1901
-1836
-1708
-1552
-1407
-1262
-1173
-1217
-1357
-1458
-1430
-1315
-1184
-1071
-994
-1000
-1130
-1284
-1343
-1355
-1414
-1561
-1720
-1828
-1919
-2013
-2102
-2214
-2380
-2550
-2623
-2583
-2524
-2564
-2665
-2737
-2763
-2749
-2702
-2596
-2467
-2386
-2340
-2274
-2120
-1912
-1684
-1408
-1078
-722
-424
-221
-58
131
359
542
651
761
934
1139
1277
1356
1436
1518
1525
1429
1327
1282
1308
1357
1404
1528
1689
1772
1744
1673
1619
1578
1571
1644
1822
2035
2164
2176
2119
2075
2075
2144
2293
2489
2677
2799
2881
3017
3206
3370
3440
3446
3454
3482
3545
3632
3713
3729
3642
3468
3237
3005
2788
2604
2447
2272
2057
1814
1568
1313
1044
764
479
199
-83
-382
-704
-1033
-1328
-1568
-1763
-1923
-2032
-2110
-2211
-2359
-2508
-2608
-2676
-2767
-2895
-2990
-2990
-2926
-2865
-2860
-2900
-2936
-2957
-2973
-2987
-2961
-2911
-2923
-2971
-2989
-2941
-2873
-2885
-2965
-3028
-3053
-3098
-3160
-3149
-3031
-2869
-2758
-2659
-2487
-2282
-2139
-2112
-2125
-2082
-1947
-1752
-1572
-1392
-1254
-1200
-1207
-1235
-1213
-1150
-1050
-877
-640
-369
-159
-54
2
62
154
247
334
413
518
702
980
1330
1691
1993
2196
2327
2465
2643
2836
2999
3127
3235
3308
3377
3449
3489
3452
3315
3139
3028
3032
3105
3179
3247
3274
3231
3132
3038
2994
2919
2766
2598
2504
2528
2633
2796
2966
3062
3031
2928
2863
2835
2813
2799
2816
2876
2913
2868
2695
2405
2057
1685
1324
991
710
496
327
191
42
-137
-387
-743
-1166
-1582
-1886
-2038
-2107
-2169
-2290
-2496
-2789
-3125
-3437
-3689
-3883
-4030
-4097
-4057
-3943
-3834
-3818
-3897
-4025
-4155
-4233
-4227
-4109
-3959
-3876
-3843
-3786
-3667
-3552
-3486
-3412
-3279
-3090
-2872
-2627
-2369
-2154
-2017
-1923
-1790
-1599
-1414
-1304
-1262
-1218
-1177
-1138
-1055
-925
-799
-744
-741
-730
-682
-642
-663
-691
-676
-632
-580
-490
-318
-79
151
322
467
632
801
987
1224
1538
1926
2308
2600
2789
2936
3066
3129
3117
3118
3222
3405
3601
3761
3867
3900
3828
3702
3604
3571
3575
3556
3497
3414
3323
3214
3059
2903
2754
2578
2398
2248
2166
2157
2200
2274
2388
2532
2665
2780
2866
2926
2956
2935
2854
2728
2591
2409
2176
1939
1712
1499
1293
1064
815
566
304
6
-276
-505
-682
-859
-1111
-1451
-1870
-2326
-2765
-3122
-3336
-3486
-3638
-3783
-3918
-4047
-4173
-4283
-4387
-4509
-4660
-4822
-4902
-4854
-4724
-4603
-4560
-4570
-4597
-4602
-4538
-4390
-4145
-3846
-3534
-3218
-2921
-2680
-2515
-2404
-2310
-2186
-2023
-1807
-1542
-1309
-1158
-1095
-1068
-1059
-1069
-1056
-997
-876
-729
-631
-591
-588
-573
-548
-549
-561
-547
-441
-262
-39
210
463
702
870
957
1058
1276
1597
1936
2249
2507
2710
2844
2909
2991
3132
3315
3543
3790
4045
4289
4466
4527
4488
4386
4232
4081
3987
3946
3918
3859
3740
3569
3389
3214
3018
2816
2632
2478
2350
2239
2156
2110
2045
1882
1645
1431
1295
1264
1334
1447
1539
1579
1561
1489
1430
1420
1441
1458
1398
1258
1097
940
747
476
177
-121
-408
-682
-952
-1183
-1357
-1542
-1784
-2050
-2306
-2551
-2795
-3039
-3227
-3323
-3390
-3509
-3689
-3875
-4072
-4269
-4422
-4541
-4585
-4544
-4483
-4440
-4407
-4346
-4257
-4186
-4146
-4076
-3920
-3726
-3525
-3281
-3012
-2772
-2570
-2350
-2107
-1884
-1713
-1579
-1403
-1182
-973
-810
-676
-571
-536
-544
-518
-458
-436
-479
-526
-539
-556
-606
-620
-528
-385
-264
-164
-60
78
210
311
435
620
834
1036
1218
1417
1649
1902
2160
2445
2769
3083
3342
3545
3690
3791
3870
3929
3997
4076
4136
4142
4090
4003
3891
3757
3582
3374
3198
3075
2995
2961
2961
2989
2989
2898
2705
2459
2266
2152
2073
2012
1978
1974
1935
1825
1667
1487
1296
1137
1060
1066
1116
1135
1074
920
693
458
239
41
-119
-247
-371
-501
-585
-623
-685
-826
-1032
-1236
-1413
-1545
-1611
-1672
-1792
-1971
-2191
-2442
-2672
-2853
-3024
-3192
-3334
-3435
-3530
-3650
-3778
-3899
-3987
-4046
-4084
-4057
-3986
-3903
-3820
-3734
-3631
-3495
-3324
-3145
-2964
-2762
-2553
-2311
-2030
-1766
-1541
-1339
-1134
-947
-775
-637
-533
-453
-412
-399
-383
-369
-370
-367
-343
-322
-289
-247
-233
-233
-221
-186
-126
-38
65
174
308
458
633
839
1044
1213
1361
1521
1681
1825
1957
2087
2229
2366
2477
2565
2631
2652
2627
2593
2562
2552
2564
2584
2618
2663
2702
2714
2707
2677
2631
2591
2567
2550
2530
2516
2517
2497
2434
2330
2187
2007
1813
1645
1502
1372
1249
1120
972
797
621
469
334
189
28
-124
-247
-337
-421
-517
-600
-670
-724
-753
-749
-725
-724
-760
-819
-868
-891
-901
-894
-889
-906
-961
-1044
-1145
-1263
-1390
-1507
-1591
-1656
-1717
-1773
-1835
-1897
-1986
-2114
-2265
-2398
-2472
-2492
-2470
-2429
-2392
-2352
-2314
-2278
-2250
-2213
-2154
-2087
-2010
-1911
-1771
-1626
-1513
-1417
-1317
-1218
-1134
-1056
-970
-872
-754
-642
-561
-503
-445
-390
-342
-272
-178
-77
17
94
162
229
289
339
400
481
573
676
784
891
985
1037
1052
1058
1068
1070
1075
1099
1149
1217
1276
1316
1359
1411
1454
1496
1559
1645
1739
1826
1902
1971
2028
2065
2083
2077
2066
2052
2019
1968
1906
1839
1771
1698
1627
1551
1461
1358
1246
1124
1002
890
791
700
599
488
382
280
179
70
-41
-137
-219
-295
-356
-399
-432
-470
-524
-577
-613
-627
-628
-629
-644
-683
-733
-774
-790
-784
-772
-774
-793
-800
-802
-808
-796
-773
-757
-771
-814
-865
-914
-952
-982
-1003
-1024
-1056
-1097
-1152
-1227
-1301
-1355
-1386
-1389
-1379
-1358
-1328
-1302
-1283
-1264
-1235
-1206
-1198
-1200
-1183
-1139
-1080
-1028
-980
-919
-856
-794
-727
-649
-560
-473
-396
-306
-189
-78
3
72
149
229
300
364
432
503
555
583
598
612
625
636
654
688
742
786
790
777
766
760
760
774
807
863
935
1003
1053
1083
1100
1123
1147
1165
1193
1237
1271
1276
1264
1244
1220
1182
1137
1102
1075
1050
1031
1028
1031
1011
963
898
834
778
718
651
584
521
455
391
331
267
181
75
-29
-112
-181
-252
-329
-409
-487
-557
-615
-658
-696
-745
-811
-863
-874
-859
-838
-823
-804
-778
-752
-722
-681
-646
-637
-645
-645
-632
-603
-573
-556
-563
-586
-598
-596
-587
-575
-561
-546
-540
-537
-518
-488
-464
-459
-463
-472
-486
-509
-526
-529
-523
-508
-487
-467
-446
-424
-409
-394
-374
-348
-310
-271
-236
-199
-166
-135
-102
-62
-15
23
49
76
107
139
172
218
270
306
330
352
371
379
382
394
413
423
434
454
476
493
503
508
512
511
513
522
532
538
536
533
531
526
515
498
483
480
489
501
515
536
551
550
533
517
507
498
486
469
452
439
430
423
416
407
391
360
319
284
256
231
206
173
132
83
32
-21
-78
-140
-190
-231
-275
-313
-342
-365
-400
-441
-479
-516
-547
-573
-591
-603
-616
-624
-620
-614
-611
-605
-599
-589
-567
-537
-508
-486
-470
-458
-440
-414
-385
-358
-338
-319
-286
-251
-227
-213
-211
-209
-199
-176
-143
-108
-83
-75
-82
-90
-90
-81
-67
-53
-39
-16
3
21
38
45
39
31
25
25
33
49
61
70
76
83
88
91
99
114
129
144
167
196
224
246
265
281
292
303
314
325
334
340
348
360
367
366
360
357
357
352
342
330
320
308
289
263
235
212
195
183
172
158
136
112
94
78
66
65
68
75
84
93
104
108
108
104
100
99
99
98
88
76
65
57
48
34
16
-6
-37
-75
-100
-113
-126
-144
-163
-179
-202
-237
-278
-306
-326
-351
-373
-382
-389
-400
-411
-423
-436
-445
-451
-452
-445
-429
-414
-402
-393
-377
-355
-338
-326
-306
-274
-246
-224
-194
-161
-130
-103
-79
-50
-12
27
63
101
130
152
170
183
190
190
194
199
202
202
201
199
194
183
170
163
157
150
147
146
139
130
125
120
111
105
105
109
112
116
124
134
138
143
151
157
166
176
186
193
195
192
188
188
186
184
181
179
171
164
159
152
142
126
106
83
64
50
41
32
23
20
20
17
9
0
-14
-26
-35
-39
-34
-27
-21
-16
-14
-16
-21
-22
-25
-32
-37
-36
-33
-29
-28
-30
-36
-43
-57
-72
-84
-94
-102
-104
-106
-107
-113
-128
-145
-160
-172
-185
-195
-205
-212
-217
-224
-231
-237
-240
-249
-259
-265
-267
-271
-270
-263
-252
-241
-232
-218
-199
-183
-167
-152
-136
-113
-90
-71
-49
-26
-5
17
41
68
95
118
135
153
168
178
182
183
185
189
193
196
201
202
195
184
177
173
166
155
153
156
158
155
148
139
128
117
103
95
92
94
93
90
91
89
84
79
83
92
98
98
101
105
105
104
103
101
94
86
81
85
90
93
96
97
91
80
67
56
49
45
39
33
25
14
1
-13
-29
-41
-49
-56
-63
-67
-73
-82
-92
-105
-115
-124
-128
-129
-130
-132
-130
-125
-118
-117
-117
-114
-112
-113
-109
-103
-97
-92
-93
-95
-96
-94
-93
-91
-89
-89
-94
-101
-108
-112
-112
-115
-118
-119
-118
-119
-121
-125
-129
-130
-128
-125
-120
-114
-107
-98
-88
-76
-63
-53
-44
-31
-17
-4
11
30
44
57
70
84
99
110
116
123
130
137
147
155
158
156
154
150
146
139
137
136
130
122
116
113
110
104
97
93
88
83
78
75
70
64
59
58
58
59
58
59
57
54
54
57
57
54
51
52
52
53
53
53
48
45
44
43
39
35
34
31
30
26
22
17
9
-1
-9
-14
-22
-30
-40
-48
-55
-63
-71
-79
-86
-93
-100
-104
-107
-110
-113
-115
-118
-118
-114
-110
-105
-99
-94
-89
-84
-80
-74
-67
-61
-54
-46
-39
-35
-35
-33
-32
-30
-27
-27
-27
-27
-28
-32
-33
-34
-37
-41
-46
-50
-50
-48
-48
-49
-48
-50
-49
-48
-45
-39
-29
-22
-15
-6
0
6
11
16
22
32
40
46
54
60
64
67
69
73
75
77
83
88
89
89
89
87
84
81
80
79
77
76
76
75
71
64
57
53
49
45
47
47
44
40
36
31
27
23
21
18
17
19
21
20
18
18
18
15
11
11
13
10
7
5
5
3
2
-1
-5
-7
-8
-11
-14
-13
-15
-19
-24
-29
-32
-38
-45
-50
-54
-60
-64
-68
-72
-74
-77
-79
-79
-77
-76
-74
-74
-72
-70
-69
-64
-61
-56
-54
-48
-42
-36
-31
-25
-21
-18
-12
-10
-7
-3
1
1
2
3
2
2
2
1
3
5
5
5
5
6
7
9
10
12
12
12
10
10
10
11
13
14
14
16
18
18
17
18
21
24
25
25
28
29
30
31
33
36
38
39
42
44
47
48
48
50
50
50
49
49
50
