38
37
35
35
38
36
31
28
28
23
13
7
8
6
-6
-17
-20
-23
-34
-50
-54
-52
-61
-82
-90
-75
-67
-75
-66
-23
18
28
47
107
160
168
174
216
247
215
165
161
150
76
-14
-49
-72
-150
-238
-258
-259
-318
-390
-408
-400
-450
-523
-537
-522
-560
-617
-609
-556
-538
-541
-474
-353
-267
-200
-69
100
200
249
342
446
454
409
431
466
385
264
258
285
175
16
3
55
-33
-200
-224
-158
-229
-428
-537
-512
-551
-715
-826
-771
-691
-735
-783
-652
-430
-305
-230
-33
267
480
591
808
1177
1480
1638
1823
2098
2280
2302
2386
2613
2744
2639
2472
2383
2220
1853
1474
1264
1047
622
134
-173
-374
-702
-1084
-1264
-1301
-1479
-1784
-1902
-1786
-1758
-1914
-1955
-1734
-1559
-1608
-1585
-1236
-821
-640
-472
24
626
941
1120
1530
2027
2191
2095
2134
2250
2045
1534
1123
898
467
-265
-865
-1124
-1384
-1894
-2308
-2299
-2219
-2483
-2768
-2617
-2332
-2426
-2645
-2463
-2123
-2122
-2235
-1958
-1444
-1236
-1199
-804
-173
183
316
684
1243
1503
1426
1472
1721
1742
1407
1161
1222
1154
726
354
305
226
-168
-524
-546
-552
-865
-1211
-1263
-1271
-1527
-1770
-1713
-1580
-1647
-1699
-1450
-1115
-966
-789
-346
154
460
712
1137
1581
1848
2126
2623
3166
3535
3847
4209
4465
4574
4733
4971
5015
4749
4367
3936
3282
2455
1750
1162
403
-507
-1220
-1726
-2305
-2874
-3108
-3092
-3212
-3450
-3423
-3149
-2984
-2962
-2785
-2404
-2137
-2069
-1878
-1472
-1111
-877
-487
172
821
1336
1970
2811
3541
3970
4340
4767
4891
4493
3871
3295
2550
1369
-14
-1208
-2232
-3329
-4430
-5122
-5310
-5420
-5624
-5555
-5004
-4396
-4122
-3843
-3217
-2655
-2544
-2504
-2048
-1494
-1340
-1241
-692
40
446
758
1492
2323
2631
2700
3069
3411
3162
2603
2328
2095
1350
399
-133
-446
-1118
-1934
-2262
-2252
-2512
-2974
-3071
-2774
-2685
-2915
-2885
-2456
-2148
-2146
-1946
-1348
-870
-701
-355
356
1005
1385
1888
2624
3111
3273
3669
4475
5196
5611
6133
6819
7113
6910
6799
7036
7088
6481
5531
4678
3748
2411
929
-140
-870
-1819
-3005
-3859
-4165
-4352
-4671
-4722
-4294
-3884
-3858
-3787
-3237
-2599
-2406
-2412
-2110
-1614
-1365
-1238
-736
85
741
1204
1906
2934
3852
4487
5160
5905
6237
5906
5323
4768
3876
2402
739
-733
-2249
-4078
-5762
-6732
-7264
-7845
-8226
-7886
-7044
-6358
-5790
-4815
-3574
-2767
-2447
-1953
-1180
-729
-676
-426
146
503
543
885
1721
2428
2641
2826
3337
3650
3293
2738
2490
2187
1284
62
-740
-1186
-1916
-2788
-3101
-2941
-3059
-3444
-3361
-2851
-2625
-2746
-2602
-2116
-1898
-2015
-1909
-1442
-1032
-866
-613
-73
482
886
1348
2047
2762
3175
3452
3866
4254
4436
4684
5419
6329
6787
6870
6988
7156
7135
7016
7018
6727
5690
4183
2704
1278
-388
-2003
-3097
-3982
-4976
-5793
-6073
-5921
-5655
-5154
-4382
-3764
-3375
-2827
-2016
-1404
-1159
-784
-162
276
499
983
1889
2745
3335
4063
4968
5538
5688
5949
6357
6199
5267
4137
3009
1445
-631
-2538
-3955
-5385
-7011
-8274
-8822
-9004
-9084
-8673
-7586
-6338
-5313
-4266
-2908
-1598
-765
-145
561
1086
1186
1210
1585
2002
2054
2024
2281
2646
2751
2661
2661
2631
2245
1471
618
-70
-776
-1697
-2632
-3277
-3665
-4075
-4397
-4222
-3713
-3417
-3317
-2898
-2172
-1749
-1646
-1269
-616
-316
-509
-546
-173
68
16
142
567
838
846
1104
1672
1966
1929
2092
2512
2681
2685
3334
4708
5930
6542
6938
7470
7828
7849
7880
7740
6763
4855
2746
944
-890
-2857
-4265
-4855
-5217
-5801
-6091
-5522
-4610
-3906
-3160
-2250
-1634
-1505
-1249
-606
-260
-390
-280
437
1163
1483
2065
3391
4829
5633
6013
6584
7162
7046
6194
5228
4286
2802
650
-1476
-3069
-4471
-5980
-7125
-7504
-7491
-7605
-7572
-6818
-5675
-4852
-4292
-3457
-2384
-1692
-1375
-810
-4
478
535
773
1419
1887
1966
2127
2565
2804
2462
2008
1906
1722
968
-65
-755
-1280
-2201
-3202
-3609
-3595
-3862
-4379
-4421
-3927
-3562
-3468
-3021
-2121
-1493
-1375
-1140
-491
-85
-284
-412
-173
-113
-530
-816
-408
-8
-198
-382
-7
605
719
534
826
1321
1423
1355
2038
3776
5488
6696
7912
9051
9500
9200
9217
9796
9416
7454
4871
2572
374
-2167
-4241
-5263
-5842
-6354
-6519
-5985
-5138
-4382
-3344
-2103
-1354
-1384
-1583
-1237
-796
-879
-1025
-457
760
1841
2738
4137
5981
7446
8146
8499
8632
8048
6686
5094
3426
1249
-1248
-3286
-4778
-6198
-7500
-8031
-7762
-7351
-6903
-6142
-5139
-4350
-3862
-3232
-2553
-2163
-1862
-1351
-694
-267
98
831
1557
1869
2018
2349
2624
2321
1774
1539
1278
577
-220
-600
-796
-1395
-2118
-2442
-2634
-3127
-3762
-4044
-4068
-4274
-4422
-4088
-3434
-2835
-2273
-1345
-217
540
993
1514
1990
1841
1114
511
88
-609
-1531
-2053
-2124
-2326
-2587
-2459
-1787
-988
-435
254
1130
1959
2629
3444
5209
7447
9163
10021
10210
10410
10271
9697
9287
8557
6835
3774
468
-1804
-3731
-5597
-6916
-7208
-6761
-6731
-6575
-5589
-4273
-3149
-2473
-1709
-1157
-1245
-1095
-316
764
1568
2463
4194
5926
7046
7961
9157
10232
9933
8503
6917
5179
2931
186
-2188
-3924
-5678
-7313
-8278
-8478
-8332
-8010
-7028
-5649
-4705
-4174
-3510
-2718
-2393
-2461
-2125
-1500
-1236
-1084
-373
764
1449
1628
2067
2687
2728
2138
1719
1720
1439
520
-373
-643
-715
-1195
-1866
-2101
-2035
-2419
-3178
-3620
-3577
-3580
-3896
-3843
-3147
-2352
-1761
-1047
235
1494
2074
2354
2704
2994
2564
1504
577
-396
-1606
-2938
-3824
-3989
-4230
-4253
-3596
-2510
-1389
-789
136
1430
2180
2678
3259
4878
7103
8718
10174
11003
11204
10881
10213
10423
10065
8108
5026
1369
-1614
-4752
-7567
-8839
-9395
-9352
-9340
-8796
-7337
-6230
-4951
-3562
-2231
-1275
-1279
-738
523
1805
2894
3980
6172
8434
9658
10518
11554
12338
11377
8951
6545
4104
1069
-2190
-4579
-6161
-7831
-9359
-9841
-9388
-8880
-8228
-6957
-5403
-4488
-4306
-3823
-2911
-2216
-1910
-1483
-498
355
724
1202
2030
2717
2626
2260
2184
1949
1248
508
319
353
43
-229
-15
293
60
-455
-771
-1205
-2128
-3224
-3866
-4226
-4675
-4856
-4397
-3367
-2238
-1041
510
2047
3266
4097
4527
4486
3736
2750
1706
280
-1373
-2823
-3702
-4497
-5272
-5287
-4590
-3691
-2985
-1934
-424
537
941
1221
1803
2514
3357
5517
8492
11055
12422
12551
12489
11996
11307
10591
8848
5874
1428
-3198
-6769
-9541
-11104
-11755
-11382
-10174
-9081
-7726
-6100
-4193
-2337
-1259
-594
-301
-67
510
1498
3163
4976
6690
8442
10147
11509
11840
11248
10079
8018
4742
868
-2276
-4481
-6524
-8377
-9076
-8572
-7966
-7461
-6338
-4587
-3361
-3097
-2793
-2241
-2143
-2585
-2643
-1929
-1364
-1132
-505
595
1335
1358
1422
1640
1196
48
-764
-828
-986
-1508
-1495
-485
541
862
1106
1595
1684
717
-686
-1734
-2862
-4210
-5161
-5190
-4692
-4132
-2838
-714
1383
2831
3970
5197
5604
4813
3497
2299
1007
-976
-2776
-3753
-4274
-4716
-5072
-4378
-3071
-2288
-1672
-871
351
1155
958
1152
1604
1796
1995
2798
5876
9833
12764
14533
14601
13946
12184
9998
8842
6679
3080
-1817
-6527
-9514
-12082
-13097
-12324
-10422
-8053
-6690
-5095
-3389
-2035
-848
-333
185
107
-227
408
2033
4325
6267
8212
10305
11469
11209
9860
8340
6101
2524
-1606
-5038
-7218
-8831
-9644
-8998
-7132
-5241
-4144
-3133
-2016
-1333
-1458
-1825
-1891
-2331
-3121
-3494
-2798
-1539
-655
232
1307
2116
1929
961
306
-275
-1497
-3076
-3773
-3270
-2700
-2274
-1122
807
2207
2476
2367
2126
1111
-824
-2615
-3770
-4756
-5526
-5458
-4023
-2066
-369
1593
3777
5460
5811
5266
4895
4063
2483
679
-669
-1475
-2714
-3605
-3603
-3256
-2881
-2964
-2591
-2142
-2261
-2257
-2194
-1501
-914
-430
784
1741
3023
4563
7252
11724
15492
17822
17445
15275
13095
10525
8842
6396
2455
-2188
-7314
-10557
-12653
-13436
-12614
-11559
-9488
-7466
-5555
-3889
-2787
-787
790
1076
378
17
1399
3155
4916
6850
8735
10057
9902
8887
7305
5062
2332
-869
-4054
-6957
-9016
-9530
-8587
-6773
-4759
-2806
-1007
148
376
74
-480
-1324
-2557
-3742
-4176
-3982
-3402
-2529
-1374
-204
354
334
32
-222
-706
-1633
-2451
-2943
-2904
-2527
-1582
-1
1285
2007
2191
2237
1915
620
-1012
-2514
-3671
-4634
-5272
-4841
-3516
-1818
-6
1876
3581
4669
5229
5336
4806
3433
1833
765
29
-633
-1294
-1426
-1246
-1534
-1805
-1671
-1128
-1029
-1758
-1990
-1802
-1848
-1947
-1348
285
1423
1766
2509
3780
5722
8963
13354
17152
17887
15757
12750
9832
7708
5854
3455
71
-4715
-9340
-12415
-13247
-12180
-10633
-8331
-5680
-3881
-3224
-2817
-1374
174
695
485
425
1330
2841
4526
6281
7848
8674
7938
5888
3449
862
-1999
-4769
-6928
-8398
-8995
-8227
-5812
-2597
107
1862
2586
2493
1577
152
-1021
-2128
-3286
-4370
-4896
-4493
-3590
-2337
-1017
-53
135
-565
-1591
-2340
-2643
-2897
-2897
-2315
-1262
-42
1017
2135
2770
2372
1186
-361
-1729
-3166
-4632
-5499
-5554
-4896
-3996
-2664
-618
1412
2761
3498
4030
4230
3689
2850
2259
1594
664
-140
-349
-91
-26
-147
-231
-341
-621
-1351
-1768
-1611
-1500
-1527
-1451
-826
-401
-400
11
763
1383
1441
1769
2958
5263
9439
14038
17199
17617
15625
12686
9541
7479
5627
2713
-1153
-5737
-9446
-11557
-11514
-9771
-7866
-5393
-3166
-2259
-2336
-2242
-1117
-330
-126
205
839
2041
3686
5810
7509
7997
7300
5561
3236
241
-2685
-4775
-6164
-7190
-7775
-6723
-4233
-1764
300
2088
3149
2587
870
-538
-1465
-2776
-4284
-4885
-4539
-4198
-4126
-3405
-2112
-1608
-2210
-2953
-3271
-3550
-3736
-3014
-1416
147
1270
2275
3286
3737
3087
1588
-258
-2273
-4235
-5755
-6502
-6601
-6207
-5263
-3821
-2245
-893
380
1528
2137
2177
2069
2174
2344
2315
2167
2007
1856
1604
1312
1098
947
701
112
-475
-548
-400
-330
-259
37
161
-338
-684
-822
-842
-877
-1025
-574
-246
205
1635
4390
9502
14777
18195
18933
16547
12989
9297
7284
6378
3943
457
-3692
-7306
-9739
-10689
-9290
-7311
-5519
-4072
-3228
-2574
-2248
-1527
-376
587
940
1029
2235
4292
5694
5777
5267
4604
2963
404
-2002
-3538
-4621
-5802
-6296
-5686
-4213
-2208
-105
2060
3310
3332
2936
1786
-300
-2996
-5016
-5584
-5469
-4989
-4676
-4338
-3769
-3565
-3485
-3263
-2812
-2631
-2783
-2270
-877
588
1512
2222
2748
2703
1773
369
-939
-2456
-4198
-5643
-5953
-5428
-5033
-4259
-2861
-1434
-625
-291
476
1372
1610
1341
1248
1824
2491
2560
2451
2353
1990
1123
477
717
858
394
-446
-944
-978
-1158
-1089
-708
-265
-776
-2155
-2534
-1973
-1113
-529
313
1673
2190
2348
3207
5254
8783
13109
16928
18597
17031
13203
9019
6475
5860
4617
1844
-1494
-4780
-7467
-9247
-8878
-7039
-5651
-4475
-3494
-2716
-2129
-1518
-565
140
495
600
1059
2675
4369
4775
4283
3797
3066
1431
-332
-1373
-2160
-3065
-3820
-4057
-3632
-2385
-662
674
1500
1690
871
-817
-2886
-4874
-6302
-6518
-6006
-5615
-5112
-4293
-3583
-3297
-2738
-1915
-1534
-1360
-817
8
509
926
1370
1471
1104
233
-588
-1404
-2631
-4114
-5028
-4813
-4482
-4136
-3229
-2027
-1271
-1268
-1051
-510
-334
-448
-264
369
796
845
1352
2385
2773
2301
1944
2107
1837
1052
1029
1386
1377
910
361
38
-524
-1151
-2084
-3006
-3549
-4021
-3682
-2503
-1011
-4
799
2219
3189
3864
5238
7351
10323
14034
17357
18087
15803
12302
8558
5772
4695
3797
1522
-1744
-4503
-6596
-8065
-7870
-6355
-4791
-3584
-2735
-2232
-1644
-700
-241
-429
-334
-57
148
1268
3150
3915
3284
2835
2765
1867
506
-99
-244
-783
-1627
-1928
-1162
387
1552
1495
955
171
-1577
-3873
-5446
-6236
-7026
-7531
-7166
-6354
-5604
-4747
-3718
-2817
-2385
-2133
-1592
-810
-106
249
731
1415
1562
1226
912
415
-870
-2450
-3365
-3852
-4160
-3965
-3267
-2680
-2656
-2668
-2417
-2385
-2869
-3390
-3145
-2339
-1547
-773
439
2044
2948
3096
3058
3025
2870
2169
1821
2027
2169
1985
1316
1108
818
97
-573
-1525
-2459
-3743
-4638
-4222
-2970
-1377
-229
932
2224
3039
3411
3969
5302
6673
8528
11823
15116
15989
13625
10128
7167
5175
4398
3954
3305
1722
-954
-3550
-4914
-4580
-4179
-4400
-3963
-3074
-2981
-3740
-3511
-2247
-1798
-2028
-1796
-454
1116
1977
2373
2591
2981
2788
1892
1582
1881
1612
492
169
1160
1882
1950
2036
1893
844
-911
-2603
-4098
-5601
-7015
-7957
-8068
-7518
-6933
-6249
-4982
-3700
-3239
-3116
-2307
-1220
-674
-243
520
1152
1167
996
918
527
-304
-1475
-2464
-2847
-2878
-2837
-2681
-2260
-2128
-2636
-3074
-3112
-3210
-3495
-3400
-2618
-1686
-904
28
1102
1791
1867
1809
1879
1777
1537
1625
2048
2318
2441
2756
2861
2313
1279
96
-963
-1875
-2596
-2990
-2964
-2513
-1810
-897
348
1154
1566
2490
3507
3822
3359
3710
5072
6952
9892
12599
13115
10878
7961
5991
5036
5478
6215
5799
3883
1107
-1463
-3262
-3753
-3766
-4160
-4218
-4012
-4331
-4912
-4704
-4018
-3914
-3949
-3259
-2274
-1242
-20
1033
1912
2706
3267
3404
3446
3631
3432
3135
3442
3648
3024
1917
1135
754
124
-839
-2253
-3811
-5412
-7144
-8123
-7761
-6621
-6032
-5772
-4803
-3936
-3973
-4229
-3686
-2802
-2553
-2125
-990
162
433
62
102
210
-304
-1069
-1052
-484
-610
-1116
-1012
-512
-618
-1429
-1887
-1912
-2175
-2633
-2613
-1831
-1174
-974
-666
-126
26
-459
-636
1
720
1006
1294
1945
2443
2507
2596
2721
2182
819
-368
-895
-1293
-1628
-1385
-541
117
255
598
1196
1580
1651
1723
2106
2131
1675
1390
1992
3573
5374
7031
8218
8399
7387
5940
5401
5881
6202
5737
4876
3981
2714
1040
-311
-994
-1343
-1736
-1906
-1662
-1670
-2320
-3174
-3683
-3987
-4343
-4089
-2895
-1564
-1001
-843
-218
409
410
140
376
982
1110
717
443
475
311
-88
-50
578
922
403
-413
-913
-1388
-2244
-2854
-2544
-1845
-1606
-1772
-1720
-1530
-1913
-2617
-2705
-2154
-1939
-2416
-2630
-2231
-2070
-2573
-2998
-2726
-2386
-2497
-2537
-2028
-1437
-1327
-1343
-924
-317
-221
-378
-92
406
396
62
332
993
1117
732
685
1082
1153
892
871
1110
1071
705
559
692
579
-44
-689
-887
-1010
-1485
-1837
-1538
-1074
-1051
-1039
-532
-49
-113
-235
117
518
460
333
589
981
1026
1021
1479
2199
2877
3447
4171
4674
4528
4129
4034
4345
4542
4603
4628
4301
3485
2630
2332
2420
2450
2310
2107
1904
1537
1119
813
476
12
-527
-911
-1109
-1235
-1246
-1292
-1450
-1637
-1801
-1855
-2080
-2490
-2681
-2639
-2485
-2407
-2230
-1943
-1806
-1627
-1287
-914
-719
-736
-766
-775
-782
-706
-601
-573
-778
-1155
-1328
-1206
-1063
-1169
-1307
-1262
-1230
-1391
-1589
-1532
-1410
-1530
-1800
-1882
-1661
-1504
-1569
-1636
-1510
-1372
-1447
-1349
-922
-604
-616
-570
-157
274
445
578
846
1031
887
655
726
905
860
635
514
494
281
61
62
95
-88
-307
-216
27
146
254
521
785
762
564
500
549
450
280
325
537
618
481
468
629
669
639
941
1595
2113
2258
2264
2199
1990
1908
2183
2701
2859
2613
2405
2308
2251
2120
2179
2344
2141
1585
1081
926
786
350
-96
-279
-284
-420
-618
-655
-596
-729
-1144
-1478
-1562
-1608
-1808
-1918
-1670
-1372
-1285
-1229
-1041
-867
-931
-1023
-893
-825
-1067
-1421
-1456
-1286
-1277
-1266
-1082
-827
-817
-1017
-1070
-1030
-1082
-1276
-1383
-1325
-1289
-1290
-1226
-988
-813
-987
-1205
-1169
-1034
-1092
-1188
-945
-593
-415
-319
8
487
656
593
610
851
1052
982
931
948
825
489
218
267
293
114
-54
-25
85
19
-62
19
113
67
-85
-100
66
147
46
-30
109
227
159
171
315
353
174
41
91
184
272
310
362
442
536
634
811
1197
1511
1533
1433
1454
1576
1734
2014
2366
2550
2488
2242
1859
1551
1422
1379
1265
1102
1011
943
853
704
479
247
-38
-394
-688
-835
-996
-1236
-1331
-1200
-1114
-1156
-1046
-860
-866
-1031
-1048
-900
-894
-963
-894
-744
-719
-774
-719
-604
-636
-763
-693
-477
-423
-599
-705
-681
-821
-1084
-1157
-1030
-1012
-1142
-1115
-930
-896
-1046
-1115
-1077
-1108
-1226
-1215
-1009
-785
-589
-362
-35
246
369
464
575
619
529
482
589
643
533
415
410
423
378
371
462
533
480
334
229
209
185
112
71
147
191
114
41
104
194
117
20
35
20
-164
-405
-479
-485
-585
-651
-545
-355
-327
-380
-309
-177
-163
-161
41
415
790
1122
1506
1814
1925
1913
2021
2239
2356
2361
2335
2232
1963
1720
1704
1819
1807
1607
1386
1174
876
496
200
32
-184
-458
-619
-632
-700
-926
-1090
-1135
-1245
-1435
-1492
-1422
-1460
-1570
-1518
-1282
-1123
-1108
-1083
-946
-798
-751
-717
-618
-516
-545
-645
-639
-522
-436
-441
-441
-369
-306
-329
-369
-329
-253
-284
-391
-418
-382
-434
-532
-505
-369
-311
-342
-305
-197
-156
-203
-167
-21
68
41
41
153
233
223
255
402
515
472
383
381
404
322
217
242
353
372
328
374
480
474
337
256
248
146
-64
-213
-227
-267
-418
-523
-493
-475
-616
-744
-703
-619
-662
-734
-637
-484
-445
-440
-261
33
197
259
445
787
1036
1074
1129
1287
1324
1247
1366
1713
1924
1837
1695
1599
1440
1223
1104
1144
1155
1033
869
768
660
436
153
-58
-223
-462
-682
-783
-841
-936
-1002
-930
-863
-918
-999
-1001
-926
-877
-813
-673
-547
-553
-629
-612
-520
-483
-485
-384
-249
-189
-163
-94
-34
-90
-171
-191
-205
-253
-276
-223
-181
-204
-213
-156
-163
-291
-421
-494
-567
-670
-656
-522
-421
-370
-246
-23
127
150
180
242
217
118
103
200
262
227
218
273
291
260
261
315
306
222
184
197
182
114
48
35
24
-39
-104
-153
-233
-383
-528
-555
-530
-545
-573
-543
-453
-387
-385
-353
-257
-169
-152
-162
-68
23
-22
-97
-35
165
305
438
728
1057
1206
1183
1210
1346
1439
1444
1491
1565
1488
1232
999
939
878
732
625
591
503
289
122
68
-31
-228
-388
-435
-463
-573
-668
-651
-608
-612
-627
-593
-564
-661
-763
-725
-594
-506
-464
-367
-260
-228
-196
-91
-4
-26
-107
-128
-114
-142
-148
-104
-96
-186
-297
-317
-335
-430
-518
-519
-465
-460
-489
-463
-381
-326
-318
-280
-190
-146
-191
-209
-119
12
80
90
142
214
205
158
174
260
289
238
240
318
362
329
311
338
297
172
77
46
-19
-154
-254
-250
-241
-304
-359
-325
-274
-310
-379
-366
-319
-353
-413
-377
-276
-259
-341
-365
-309
-280
-300
-259
-114
3
32
84
220
363
425
476
611
774
884
956
1060
1142
1086
957
938
1017
1031
930
823
745
587
375
259
277
284
186
102
121
137
47
-65
-97
-115
-210
-310
-324
-315
-359
-416
-407
-349
-332
-339
-314
-252
-200
-168
-109
-42
-46
-105
-121
-80
-61
-102
-143
-181
-263
-339
-339
-277
-242
-240
-206
-157
-159
-185
-168
-129
-145
-190
-184
-149
-169
-210
-206
-170
-163
-180
-144
-84
-44
-10
50
110
130
141
165
168
120
64
34
-14
-100
-166
-176
-194
-247
-253
-203
-174
-200
-219
-193
-199
-249
-278
-266
-269
-318
-340
-308
-297
-328
-347
-344
-346
-376
-367
-297
-220
-163
-113
-42
15
37
79
164
265
324
346
369
411
451
481
523
564
581
553
538
582
629
611
528
480
494
511
526
579
630
590
462
373
366
339
257
195
195
184
118
82
104
102
48
9
36
59
31
-9
-30
-70
-136
-185
-178
-158
-175
-188
-174
-160
-180
-205
-185
-152
-143
-148
-137
-136
-183
-235
-233
-204
-203
-196
-149
-111
-127
-152
-142
-135
-168
-195
-166
-128
-130
-117
-49
6
-16
-58
-51
-27
-55
-101
-102
-91
-121
-167
-162
-115
-106
-144
-178
-174
-176
-224
-277
-279
-258
-276
-311
-299
-256
-261
-305
-314
-286
-292
-341
-355
-318
-299
-316
-294
-209
-135
-112
-76
5
66
68
78
139
197
193
174
207
248
220
163
172
230
240
204
220
286
295
236
218
289
340
318
309
363
420
422
419
462
477
413
356
391
472
493
458
439
429
377
314
316
361
341
256
206
219
207
127
58
55
61
17
-23
-19
-44
-142
-230
-208
-152
-157
-199
-214
-209
-233
-256
-222
-167
-163
-201
-202
-169
-168
-206
-226
-216
-212
-211
-174
-112
-95
-126
-140
-121
-111
-132
-146
-137
-140
-156
-145
-113
-110
-140
-152
-128
-116
-122
-115
-104
-113
-138
-138
-126
-136
-167
-197
-213
-232
-247
-255
-266
-291
-309
-299
-289
-297
-299
-280
-270
-275
-253
-198
-160
-152
-129
-68
-19
-5
20
71
104
103
114
155
174
152
138
161
186
183
186
214
232
221
212
226
241
237
234
247
254
232
207
212
234
239
228
228
241
248
251
279
323
335
302
273
300
360
390
393
397
396
356
306
310
347
332
268
240
263
255
188
145
149
135
76
37
35
-10
-113
-183
-166
-132
-146
-173
-172
-181
-213
-210
-162
-148
-214
-286
-287
-265
-289
-328
-343
-358
-402
-416
-359
-315
-357
-412
-395
-350
-360
-378
-342
-313
-334
-325
-231
-174
-255
-363
-385
-395
-484
-564
-554
-564
-683
-779
-711
-614
-665
-770
-770
-725
-793
-908
-922
-871
-888
-973
-963
-842
-765
-802
-840
-761
-630
-572
-544
-417
-219
-87
-15
134
353
478
517
633
853
1009
1028
1081
1238
1346
1321
1340
1487
1560
1438
1288
1290
1316
1190
1004
961
974
809
577
568
753
818
740
811
1056
1176
1076
1080
1330
1562
1551
1489
1603
1685
1568
1444
1573
1825
1885
1810
1818
1903
1841
1651
1569
1608
1568
1368
1212
1184
1134
881
581
445
283
-122
-626
-920
-1076
-1356
-1683
-1829
-1827
-1973
-2258
-2341
-2156
-2001
-2006
-1963
-1806
-1717
-1783
-1818
-1697
-1566
-1572
-1635
-1541
-1365
-1322
-1367
-1315
-1212
-1224
-1295
-1288
-1244
-1250
-1212
-1062
-933
-942
-1008
-1053
-1171
-1337
-1404
-1440
-1582
-1770
-1827
-1791
-1806
-1837
-1802
-1765
-1844
-1892
-1758
-1596
-1561
-1537
-1367
-1193
-1135
-1030
-789
-608
-560
-385
40
426
583
732
1071
1331
1309
1309
1517
1617
1448
1399
1682
1929
1864
1791
1976
2158
2108
2099
2333
2477
2317
2160
2213
2249
2126
1992
1959
1857
1604
1396
1324
1253
1085
986
1058
1141
1155
1219
1417
1700
1946
2167
2440
2710
2880
2945
3010
3114
3135
3004
2781
2618
2512
2202
1732
1434
1355
1145
716
431
402
222
-270
-609
-556
-595
-1057
-1475
-1449
-1371
-1623
-1859
-1821
-1906
-2380
-2815
-2813
-2689
-2814
-2963
-2802
-2553
-2553
-2564
-2342
-2158
-2217
-2270
-2079
-1859
-1899
-2044
-2047
-2040
-2226
-2430
-2395
-2352
-2572
-2783
-2690
-2474
-2474
-2577
-2457
-2284
-2358
-2480
-2295
-2050
-2121
-2253
-2037
-1709
-1673
-1718
-1510
-1244
-1305
-1470
-1264
-905
-882
-1058
-912
-496
-318
-370
-240
125
368
409
519
877
1241
1339
1399
1712
2156
2346
2320
2467
2810
3022
2984
3035
3295
3380
3128
2898
2918
2893
2563
2235
2261
2402
2297
2140
2235
2387
2247
2059
2237
2540
2495
2244
2264
2504
2487
2160
2042
2235
2221
1850
1672
1932
2100
1876
1743
2050
2407
2327
2076
2115
2207
1923
1460
1334
1387
1143
677
452
474
237
-314
-689
-666
-673
-965
-1128
-943
-850
-1224
-1642
-1643
-1610
-2006
-2509
-2547
-2380
-2629
-3055
-3019
-2752
-2913
-3310
-3351
-3183
-3363
-3800
-3938
-3748
-3681
-3832
-3825
-3565
-3378
-3406
-3426
-3231
-3033
-3052
-3121
-2961
-2655
-2536
-2515
-2298
-2035
-2048
-2125
-1925
-1671
-1676
-1749
-1555
-1270
-1198
-1158
-861
-544
-534
-575
-372
-181
-246
-276
-17
278
356
458
779
1064
1131
1205
1484
1755
1878
1997
2157
2241
2232
2320
2474
2463
2397
2521
2761
2864
2946
3263
3616
3660
3543
3621
3733
3504
3125
3041
3144
3019
2759
2777
2924
2759
2422
2375
2562
2533
2285
2195
2206
2015
1627
1374
1338
1224
1016
978
1144
1192
1047
1014
1187
1303
1210
1141
1231
1289
1100
862
880
1012
908
546
350
423
298
-223
-648
-628
-669
-1154
-1587
-1490
-1383
-1878
-2455
-2443
-2250
-2674
-3353
-3421
-3127
-3345
-3912
-3916
-3519
-3580
-4011
-3928
-3363
-3184
-3436
-3394
-2970
-2861
-3170
-3233
-2923
-2812
-3012
-2959
-2539
-2266
-2331
-2260
-1840
-1526
-1539
-1540
-1272
-1095
-1244
-1335
-1120
-873
-899
-871
-528
-207
-159
-104
188
320
113
-8
189
311
131
107
420
618
487
485
874
1161
1051
968
1246
1515
1444
1348
1593
1922
1914
1735
1807
2129
2270
2144
2154
2420
2604
2488
2408
2626
2836
2742
2573
2656
2784
2612
2327
2303
2401
2236
1911
1788
1802
1601
1288
1268
1454
1405
1079
934
1039
1006
767
696
908
992
777
639
817
981
794
573
685
898
808
564
598
790
699
351
210
314
180
-284
-576
-508
-544
-884
-1102
-947
-855
-1135
-1411
-1357
-1309
-1689
-2146
-2196
-2084
-2307
-2720
-2747
-2538
-2674
-3082
-3129
-2790
-2735
-3012
-2979
-2533
-2345
-2580
-2590
-2193
-1960
-2141
-2198
-1856
-1626
-1758
-1777
-1385
-1051
-1107
-1192
-946
-684
-781
-935
-744
-421
-432
-583
-387
-51
-81
-319
-229
68
57
-147
-38
293
321
124
218
533
533
300
368
655
688
525
649
993
1064
912
988
1289
1371
1241
1313
1576
1646
1515
1544
1735
1800
1731
1790
1997
2086
2031
2038
2124
2101
1989
1976
2014
1944
1827
1834
1868
1775
1647
1628
1609
1445
1278
1244
1235
1100
941
900
875
766
638
596
559
430
287
215
159
44
-21
40
115
99
60
101
125
40
-74
-98
-83
-178
-351
-443
-431
-507
-729
-896
-897
-920
-1119
-1323
-1338
-1295
-1468
-1735
-1768
-1647
-1739
-2013
-2064
-1888
-1889
-2108
-2149
-1922
-1836
-1986
-1984
-1717
-1581
-1725
-1763
-1554
-1425
-1504
-1466
-1197
-1036
-1099
-1085
-858
-693
-733
-727
-519
-344
-382
-399
-213
-28
-47
-94
56
218
172
63
139
276
230
125
183
282
194
80
169
304
275
229
375
519
443
373
548
733
671
606
809
1039
982
842
945
1153
1142
1006
1081
1350
1470
1374
1358
1556
1711
1616
1473
1540
1677
1586
1352
1303
1421
1370
1133
1029
1128
1123
893
738
812
839
643
483
550
595
422
253
291
350
218
62
110
234
173
38
75
186
120
-64
-83
37
-7
-236
-337
-244
-262
-480
-590
-464
-402
-562
-675
-565
-478
-626
-792
-750
-701
-867
-1074
-1070
-994
-1093
-1250
-1226
-1113
-1157
-1302
-1283
-1129
-1110
-1230
-1229
-1073
-1019
-1141
-1179
-1027
-930
-1029
-1090
-934
-777
-817
-856
-689
-497
-495
-527
-372
-153
-111
-162
-104
14
3
-112
-117
1
48
-13
-4
130
194
118
82
168
195
76
0
58
68
-45
-81
44
133
103
142
319
423
379
401
560
633
558
561
704
771
710
754
923
990
932
945
1057
1084
1025
1051
1146
1145
1078
1099
1163
1115
1009
997
1011
906
780
774
804
706
571
581
622
525
394
414
492
424
302
313
363
266
118
97
142
88
-9
4
64
28
-67
-87
-61
-126
-250
-300
-297
-375
-506
-546
-500
-514
-593
-597
-532
-540
-644
-711
-696
-710
-801
-866
-826
-761
-787
-862
-862
-800
-820
-934
-984
-911
-887
-989
-1039
-934
-844
-906
-940
-805
-668
-694
-737
-631
-526
-576
-633
-541
-420
-426
-444
-333
-204
-189
-195
-97
3
14
15
101
197
205
194
245
307
291
245
254
285
260
211
224
260
244
206
237
301
305
293
355
432
411
365
423
493
444
368
435
548
535
479
575
742
766
699
737
861
871
756
708
767
783
679
590
621
678
635
536
517
568
547
427
353
394
411
313
219
240
268
174
63
77
138
93
8
27
102
76
-14
-15
51
26
-86
-124
-77
-101
-224
-285
-229
-221
-323
-385
-317
-269
-352
-426
-375
-317
-390
-490
-473
-415
-472
-583
-579
-508
-535
-621
-601
-499
-488
-560
-557
-475
-480
-579
-600
-522
-505
-587
-604
-518
-479
-555
-598
-508
-428
-473
-516
-405
-265
-277
-329
-236
-97
-126
-232
-192
-69
-80
-168
-118
32
69
11
53
184
219
151
141
212
220
135
97
160
204
162
143
215
272
230
203
278
349
318
279
333
386
339
290
341
397
354
313
378
457
444
429
499
567
542
504
542
583
548
504
516
524
473
428
430
421
373
344
354
343
298
286
310
294
240
235
264
228
139
105
118
73
-19
-42
-6
-26
-96
-106
-64
-82
-161
-199
-183
-195
-245
-262
-230
-224
-265
-286
-264
-256
-292
-313
-290
-281
-324
-356
-345
-346
-396
-431
-407
-387
-420
-455
-440
-415
-436
-475
-466
-410
-388
-414
-414
-348
-304
-342
-372
-312
-246
-282
-336
-285
-207
-239
-304
-246
-137
-130
-172
-109
4
0
-78
-54
42
47
-8
33
140
157
96
107
185
182
100
90
161
181
129
125
196
227
179
159
215
251
206
178
222
258
227
203
245
276
251
237
280
301
252
225
268
287
241
240
320
354
291
262
325
353
284
244
315
381
344
291
324
376
333
237
210
249
239
150
98
135
157
87
17
44
92
55
-15
-6
40
5
-84
-112
-84
-109
-185
-212
-174
-176
-236
-261
-224
-210
-252
-266
-213
-179
-219
-256
-229
-204
-247
-296
-269
-222
-246
-302
-285
-227
-240
-305
-300
-235
-230
-291
-301
-246
-239
-304
-322
-259
-226
-269
-279
-213
-171
-204
-213
-147
-88
-99
-108
-47
20
12
-21
11
68
56
8
28
100
111
64
76
152
172
120
112
174
181
107
68
106
115
60
37
85
118
91
70
105
131
101
76
108
152
150
136
167
209
190
148
157
186
163
124
144
189
179
143
158
199
181
133
141
176
152
99
103
140
125
86
102
144
144
123
147
185
177
151
160
177
153
124
130
129
90
59
69
69
29
0
14
11
-38
-74
-63
-67
-123
-162
-149
-144
-186
-220
-208
-193
-220
-241
-217
-189
-200
-218
-201
-177
-183
-199
-186
-159
-164
-184
-174
-153
-166
-197
-197
-176
-185
-208
-198
-168
-165
-186
-184
-157
-148
-171
-186
-165
-132
-132
-143
-114
-63
-52
-75
-52
18
44
16
26
89
112
75
68
125
154
115
97
142
170
132
102
135
158
122
90
116
137
101
64
81
97
65
32
51
74
59
43
68
101
95
77
93
121
117
97
105
127
116
94
100
115
101
81
93
108
88
70
100
121
92
64
90
108
65
26
51
79
43
-1
18
57
44
4
12
56
66
34
24
64
87
57
25
40
65
37
-12
-15
13
4
-41
-53
-27
-32
-84
-113
-95
-94
-146
-179
-158
-141
-172
-194
-163
-135
-160
-189
-163
-127
-141
-171
-149
-109
-116
-149
-139
-92
-83
-120
-120
-77
-66
-107
-124
-87
-63
-92
-112
-76
-44
-71
-99
-68
-34
-55
-84
-63
-26
-30
-50
-20
30
34
9
25
76
92
72
81
127
140
106
96
136
159
125
105
139
162
125
91
112
131
91
50
65
82
47
11
28
60
44
17
34
65
53
26
40
71
63
28
27
52
51
25
31
66
72
46
42
66
67
34
20
38
39
12
4
27
34
13
7
25
26
3
-8
5
9
-5
-7
10
14
1
-4
6
5
-5
-3
6
0
-9
-3
11
6
-9
-7
-3
-24
-52
-51
-42
-61
-85
-79
-63
-75
-94
-87
-71
-79
-92
-84
-68
-72
-83
-78
-66
-70
-83
-83
-71
-73
-81
-75
-57
-56
-67
-64
-46
-45
-61
-64
-50
-49
-67
-75
-56
-37
-42
-47
-29
-10
-12
-28
-18
9
19
3
9
42
58
41
38
69
85
65
53
78
97
77
63
84
102
82
62
78
93
73
54
71
85
64
45
59
74
55
37
50
65
46
23
31
47
35
17
26
44
39
23
28
44
37
18
19
29
21
4
9
21
10
-10
-4
6
-10
-32
-21
-1
-15
-38
-26
0
-7
-34
-29
-6
-11
-40
-47
-26
-15
-31
-42
-23
-3
-13
-35
