2
5
7
10
16
25
37
46
58
72
85
104
121
137
151
161
167
161
153
144
130
110
79
44
13
-17
-53
-86
-104
-112
-126
-136
-131
-115
-93
-74
-63
-37
-8
7
11
12
20
19
12
6
0
13
17
4
0
4
10
3
-10
-30
-79
-138
-200
-282
-376
-474
-577
-677
-776
-858
-911
-953
-963
-943
-902
-825
-723
-635
-529
-389
-261
-142
-49
24
94
138
154
162
158
164
162
135
138
160
220
299
391
545
736
975
1227
1490
1781
2055
2343
2552
2671
2764
2780
2682
2476
2200
1854
1463
1033
535
75
-333
-726
-1082
-1381
-1579
-1678
-1732
-1791
-1762
-1608
-1436
-1284
-1107
-855
-618
-411
-199
-14
227
463
639
810
990
1163
1242
1245
1226
1198
1057
796
508
142
-285
-744
-1252
-1730
-2114
-2470
-2807
-3058
-3194
-3214
-3194
-3111
-2955
-2753
-2506
-2288
-2072
-1830
-1596
-1409
-1216
-957
-695
-426
-179
83
389
630
861
1082
1273
1444
1499
1490
1426
1272
1063
813
576
377
180
22
-60
21
297
675
1178
1795
2439
3105
3765
4346
4873
5216
5302
5204
4838
4268
3609
2780
1844
871
-47
-847
-1606
-2243
-2673
-2880
-2973
-3032
-2954
-2727
-2467
-2217
-1979
-1768
-1497
-1278
-1128
-951
-778
-539
-352
-161
155
537
902
1212
1551
1852
2039
2111
2125
1983
1584
1005
311
-403
-1203
-2158
-3026
-3726
-4303
-4730
-5007
-5035
-4836
-4552
-4224
-3788
-3260
-2724
-2244
-1925
-1627
-1287
-1023
-809
-571
-275
77
493
966
1416
1856
2274
2625
2880
2974
2963
2873
2613
2177
1678
1147
650
172
-239
-465
-468
-234
291
1106
2034
3066
4104
5212
6294
7145
7832
8195
8200
7768
6844
5621
4279
2842
1275
-345
-1826
-3014
-4010
-4830
-5294
-5403
-5312
-5066
-4810
-4427
-3852
-3422
-3100
-2899
-2698
-2358
-2165
-2066
-1864
-1485
-1030
-632
-108
577
1335
2032
2540
3026
3463
3631
3514
3138
2458
1570
539
-708
-1995
-3210
-4371
-5396
-6177
-6666
-6862
-6791
-6470
-5912
-5245
-4487
-3643
-2837
-2167
-1654
-1202
-786
-460
-203
71
410
774
1131
1563
2097
2651
3164
3592
3935
4171
4188
4017
3682
3163
2574
1887
1168
495
-59
-409
-630
-483
49
874
1984
3177
4407
5645
6865
7889
8612
8941
8837
8329
7268
5725
4011
2253
356
-1626
-3450
-4869
-5834
-6582
-7112
-7128
-6747
-6229
-5635
-4968
-4173
-3379
-2804
-2514
-2281
-1929
-1664
-1556
-1525
-1262
-765
-331
181
924
1859
2759
3482
4079
4602
4918
4889
4455
3645
2590
1264
-304
-2003
-3672
-5145
-6488
-7589
-8250
-8512
-8351
-7873
-7222
-6293
-5123
-3947
-2832
-1795
-954
-262
231
549
847
1148
1476
1785
2112
2516
3022
3610
4109
4600
5065
5313
5343
5109
4586
3875
3031
2027
1005
-22
-918
-1573
-2065
-2107
-1690
-822
433
1776
3255
4759
6197
7540
8452
8938
9000
8425
7236
5566
3641
1651
-438
-2592
-4549
-6071
-7057
-7677
-7938
-7706
-7126
-6291
-5390
-4474
-3513
-2585
-1881
-1596
-1476
-1328
-1204
-1241
-1364
-1312
-966
-434
173
978
2036
3273
4348
5151
5768
6247
6376
5873
4880
3523
1893
-1
-2226
-4417
-6277
-7865
-9176
-10073
-10273
-9845
-9046
-7986
-6629
-5026
-3414
-1908
-634
396
1150
1622
1835
1831
1852
1947
2040
2176
2445
2913
3495
4082
4681
5179
5558
5720
5501
4915
4039
3046
1836
487
-932
-2192
-3140
-3898
-4262
-4027
-3116
-1768
-198
1558
3526
5514
7317
8727
9648
10074
9839
8901
7275
5206
2985
669
-1773
-4112
-5948
-7146
-7872
-8205
-8060
-7366
-6297
-5148
-4036
-2887
-1816
-1022
-634
-662
-807
-919
-1142
-1513
-1785
-1667
-1199
-599
236
1437
2939
4461
5703
6796
7650
8054
7958
7170
5788
4036
1872
-648
-3324
-5889
-8102
-9917
-11252
-11941
-11855
-11084
-9792
-8169
-6313
-4254
-2247
-510
868
1908
2570
2835
2728
2399
2158
1993
1848
1838
2003
2489
3131
3711
4374
4993
5395
5453
5082
4368
3393
2197
732
-878
-2441
-3818
-4901
-5656
-5876
-5396
-4235
-2625
-744
1395
3674
5977
8002
9526
10546
10988
10627
9422
7504
5154
2715
119
-2563
-4968
-6819
-7961
-8558
-8674
-8177
-7157
-5813
-4466
-3214
-1989
-868
-114
64
-133
-419
-699
-1062
-1516
-1762
-1642
-1094
-272
810
2383
4190
5995
7466
8588
9462
9889
9590
8439
6665
4367
1681
-1315
-4455
-7306
-9713
-11629
-12901
-13404
-13018
-11822
-10103
-8082
-5858
-3500
-1302
533
1896
2749
3196
3156
2687
2095
1541
1117
836
725
941
1491
2251
3101
3967
4721
5299
5572
5362
4685
3696
2434
853
-865
-2650
-4276
-5586
-6553
-6992
-6657
-5528
-3761
-1660
593
3040
5529
7852
9702
10920
11432
11166
10024
8073
5629
3105
580
-1997
-4341
-6190
-7234
-7503
-7301
-6662
-5546
-4069
-2624
-1431
-504
291
816
717
105
-717
-1368
-1873
-2393
-2762
-2702
-2007
-842
539
2221
4251
6350
8129
9360
10087
10351
9967
8636
6408
3655
718
-2413
-5730
-8829
-11285
-12927
-13838
-14001
-13330
-11807
-9631
-7266
-4876
-2483
-261
1518
2604
3086
3142
2827
2142
1244
429
-74
-251
-137
367
1201
2312
3533
4675
5643
6329
6612
6395
5677
4358
2662
694
-1453
-3617
-5660
-7316
-8438
-8961
-8785
-7720
-5887
-3478
-804
1925
4709
7414
9659
11164
11919
11977
11166
9452
7171
4641
2168
-311
-2693
-4563
-5681
-6037
-5898
-5411
-4468
-3118
-1772
-743
14
552
783
502
-287
-1279
-2116
-2760
-3323
-3647
-3530
-2799
-1588
-84
1752
3895
6156
8116
9502
10362
10680
10334
9073
6887
4232
1268
-1929
-5156
-8167
-10595
-12314
-13298
-13449
-12737
-11193
-9090
-6776
-4382
-2042
3
1571
2555
2962
2830
2282
1441
465
-351
-879
-1054
-867
-273
745
2009
3325
4567
5602
6350
6576
6156
5268
3896
2065
-179
-2615
-4954
-6984
-8690
-9984
-10482
-10193
-9053
-7169
-4687
-1642
1574
4695
7483
9906
11868
13052
13267
12572
11189
9153
6575
3779
1183
-1106
-3119
-4621
-5354
-5307
-4743
-3963
-2963
-1749
-608
173
495
547
347
-308
-1420
-2649
-3549
-4065
-4320
-4373
-3909
-2740
-1073
922
3064
5518
7939
9763
10861
11315
11248
10441
8667
6014
2891
-402
-3705
-6930
-9773
-11857
-13114
-13632
-13324
-12102
-10121
-7714
-5289
-3034
-1020
681
1872
2405
2336
1788
941
-83
-1019
-1634
-1861
-1643
-1004
25
1320
2816
4315
5562
6466
6839
6671
5974
4718
2946
674
-1777
-4193
-6454
-8387
-9835
-10589
-10612
-9861
-8275
-5920
-2922
403
3609
6545
9221
11532
13189
13844
13560
12570
10816
8461
5751
3088
842
-1189
-2909
-4048
-4336
-3841
-3120
-2322
-1396
-380
409
667
477
46
-607
-1709
-3144
-4399
-5131
-5452
-5533
-5221
-4207
-2484
-393
1938
4413
6846
9020
10568
11466
11736
11270
9912
7580
4608
1298
-2125
-5397
-8388
-10928
-12768
-13761
-13820
-12954
-11401
-9357
-7026
-4671
-2453
-559
847
1699
1993
1683
973
168
-714
-1463
-1937
-2019
-1558
-673
574
2020
3459
4759
5785
6406
6537
6147
5137
3571
1524
-814
-3216
-5549
-7527
-9131
-10286
-10767
-10542
-9550
-7752
-5230
-2167
1103
4223
7125
9736
11916
13464
14123
14023
13204
11688
9587
7122
4755
2593
615
-1053
-2224
-2693
-2629
-2363
-1991
-1467
-850
-489
-599
-1035
-1636
-2397
-3441
-4633
-5601
-6180
-6333
-6066
-5401
-4147
-2312
-138
2251
4665
7032
9127
10661
11517
11550
10865
9482
7349
4599
1427
-1820
-4847
-7591
-9913
-11575
-12404
-12345
-11610
-10327
-8556
-6473
-4330
-2499
-1019
99
746
901
484
-223
-963
-1679
-2258
-2596
-2493
-1919
-927
339
1770
3240
4518
5415
5845
5856
5385
4415
2932
1023
-1083
-3264
-5320
-7036
-8346
-9160
-9375
-9029
-8100
-6494
-4282
-1546
1454
4401
7160
9525
11488
12977
13794
13980
13501
12404
10725
8567
6354
4263
2386
708
-741
-1687
-2139
-2238
-2242
-2243
-2112
-2081
-2302
-2790
-3483
-4147
-4852
-5668
-6441
-6892
-6787
-6225
-5325
-4078
-2476
-452
1786
3897
5911
7874
9668
10840
11041
10479
9456
8045
5965
3258
417
-2338
-4972
-7491
-9691
-10997
-11422
-11353
-10926
-10018
-8394
-6460
-4765
-3414
-2317
-1340
-711
-653
-896
-1203
-1472
-1759
-2053
-1969
-1350
-371
780
1958
3178
4399
5431
5996
6007
5707
5038
3883
2309
410
-1487
-3318
-5146
-6716
-7784
-8267
-8261
-7871
-6999
-5518
-3492
-1099
1495
4219
6740
8870
10633
11984
12979
13382
13056
12088
10577
8733
6735
4804
3065
1452
14
-1167
-1959
-2266
-2436
-2635
-2774
-3051
-3405
-3874
-4511
-5072
-5593
-6102
-6585
-6820
-6528
-5854
-4811
-3516
-1988
-20
1983
3900
5753
7441
9057
10067
10202
9687
8777
7505
5583
3169
619
-1853
-4238
-6639
-8675
-9877
-10402
-10541
-10311
-9553
-8105
-6395
-4959
-3827
-2774
-1809
-1244
-1031
-1032
-1049
-1030
-1192
-1292
-1039
-401
553
1607
2629
3651
4631
5381
5658
5507
5031
4252
3154
1633
-129
-1814
-3422
-4989
-6376
-7379
-7801
-7714
-7349
-6751
-5623
-3990
-1919
494
2942
5326
7490
9283
10703
11853
12638
12820
12363
11226
9585
7888
6141
4395
2657
917
-490
-1532
-2263
-2742
-3096
-3363
-3722
-4214
-4707
-5143
-5475
-5870
-6323
-6618
-6690
-6403
-5771
-4825
-3520
-2017
-278
1590
3508
5426
7117
8548
9442
9729
9543
8907
7837
6180
4021
1634
-833
-3204
-5398
-7229
-8547
-9479
-9921
-9815
-9198
-8136
-6928
-5713
-4565
-3548
-2670
-1994
-1518
-1241
-1117
-991
-780
-472
-19
553
1326
2305
3265
4161
4887
5344
5462
5141
4485
3540
2376
990
-657
-2305
-3871
-5297
-6385
-7219
-7579
-7514
-7176
-6489
-5561
-4209
-2445
-352
1900
4026
6024
7901
9509
10808
11759
12312
12438
11956
10892
9484
8015
6447
4757
3083
1511
216
-917
-1943
-2746
-3428
-4046
-4642
-5294
-5882
-6274
-6590
-6835
-6951
-6917
-6544
-5850
-4864
-3620
-2196
-492
1209
2815
4412
5852
7163
8044
8456
8586
8302
7657
6436
4837
3149
1174
-861
-2961
-4890
-6424
-7845
-8827
-9364
-9495
-9137
-8628
-7776
-6692
-5587
-4450
-3528
-2654
-1896
-1281
-664
-166
344
781
1200
1766
2328
2952
3537
4017
4315
4281
4025
3499
2776
1830
659
-562
-1783
-3019
-4237
-5235
-6042
-6575
-6765
-6724
-6319
-5705
-4866
-3679
-2252
-416
1654
3878
6099
7970
9659
11087
12255
13016
13130
12815
11917
10452
8632
6654
4881
3092
1247
-476
-1929
-2884
-3673
-4376
-4903
-5331
-5628
-6058
-6421
-6493
-6503
-6478
-6502
-6267
-5535
-4457
-3143
-1803
-280
1409
3085
4762
6249
7544
8559
9092
9060
8475
7581
6393
4723
2676
484
-1625
-3592
-5453
-7027
-8103
-8632
-8785
-8713
-8315
-7530
-6478
-5445
-4551
-3716
-2996
-2395
-1900
-1440
-901
-339
218
745
1324
1994
2672
3316
3808
4081
4126
3913
3440
2654
1615
491
-648
-1802
-2935
-3988
-4919
-5594
-6094
-6435
-6445
-6169
-5613
-4953
-4160
-3152
-1951
-386
1379
3280
5262
7071
8669
10003
11141
12146
12796
12907
12384
11381
10074
8518
6817
4923
2982
1076
-850
-2525
-3863
-4956
-5861
-6691
-7349
-7701
-7740
-7529
-7188
-6721
-6076
-5343
-4471
-3405
-2209
-914
283
1427
2588
3665
4771
5704
6389
6974
7279
7388
7107
6392
5466
4184
2812
1138
-751
-2461
-4198
-5689
-7058
-8144
-8589
-8764
-8601
-8259
-7676
-6657
-5615
-4532
-3570
-2552
-1430
-564
294
1028
1773
2450
2768
2947
2958
3055
3095
2841
2401
1731
1070
293
-520
-1215
-1872
-2372
-2955
-3477
-3879
-4157
-4273
-4522
-4571
-4491
-4230
-3683
-3195
-2482
-1654
-523
1124
2937
5087
7044
8742
10365
11613
12828
13548
13734
13449
12304
10721
8611
6376
4264
1940
-322
-2602
-4464
-5710
-6723
-7349
-7723
-7702
-7375
-7097
-6616
-5949
-5074
-4300
-3880
-3425
-2792
-1936
-1142
-492
270
1119
2025
2872
3707
4699
5621
6243
6591
6681
6659
6297
5408
4104
2418
704
-1091
-2977
-4798
-6538
-7929
-9021
-9650
-9737
-9387
-8527
-7472
-6229
-4780
-3209
-1590
-263
855
1731
2401
2911
3031
2972
2648
2146
1609
980
570
175
-205
-555
-941
-1130
-1297
-1289
-1272
-1399
-1526
-1860
-2123
-2480
-2899
-3253
-3741
-3895
-3968
-3782
-3260
-2576
-1488
-362
1199
3200
5327
7668
9583
11170
12440
13224
13757
13516
12789
11483
9461
7160
4491
2035
-143
-2178
-3938
-5520
-6383
-6572
-6443
-6037
-5592
-4984
-4411
-4037
-3730
-3519
-3291
-3311
-3645
-3962
-3996
-3615
-3084
-2406
-1487
-310
1177
2717
4132
5447
6699
7704
8194
8108
7609
6814
5546
3703
1481
-690
-2524
-4313
-6123
-7602
-8374
-8556
-8522
-8132
-7250
-5837
-4290
-3036
-1926
-730
481
1230
1433
1480
1511
1397
942
341
-129
-497
-813
-1177
-1393
-1250
-888
-549
-367
-157
91
316
413
244
-55
-442
-920
-1621
-2348
-2922
-3362
-3668
-3887
-3678
-3053
-2103
-916
301
1688
3166
4795
6543
8128
9430
10068
10265
10196
9778
9158
8176
6976
5491
3695
1933
440
-479
-1142
-1844
-2431
-2732
-2586
-2388
-2302
-2255
-2368
-2706
-3422
-4274
-4924
-5384
-5828
-6440
-6834
-6604
-5796
-4577
-3154
-1474
391
2314
4126
5626
6929
7847
8240
8086
7334
6312
5038
3621
1999
142
-1422
-2705
-3613
-4394
-5070
-5235
-5117
-4769
-4508
-4241
-3594
-2955
-2504
-2440
-2445
-2162
-2039
-2081
-2342
-2488
-2325
-2270
-2247
-2209
-1807
-1140
-733
-406
33
789
1585
1954
2103
2112
2067
1758
959
189
-452
-1121
-1999
-3027
-3660
-3845
-3727
-3474
-3182
-2434
-1272
-105
970
1869
2813
3594
4048
4505
5150
6050
6667
6708
6558
6669
7211
7603
7584
7429
7092
6536
5577
4479
3650
2881
1826
228
-1307
-2263
-3035
-4008
-5208
-6212
-6875
-7505
-8143
-8468
-8170
-7535
-7028
-6533
-5496
-3759
-1886
-284
1121
2518
3845
4844
5592
6205
6726
6855
6339
5635
5071
4732
4189
3260
2288
1278
335
-669
-1743
-2689
-3604
-4491
-5429
-6183
-6511
-6681
-6800
-6897
-6816
-6442
-5908
-5241
-4581
-3856
-2949
-2082
-1290
-493
422
1359
1968
2274
2449
2656
2890
2867
2552
2140
1731
1224
584
-16
-391
-743
-1244
-1837
-2311
-2402
-2330
-2380
-2547
-2556
-2252
-1761
-1219
-600
126
936
1645
2172
2795
3783
5172
6551
7654
8532
9306
9994
10405
10507
10369
9991
9129
7522
5414
3300
1438
-408
-2363
-4212
-5611
-6463
-7075
-7576
-7819
-7698
-7468
-7458
-7563
-7477
-7105
-6622
-6282
-5919
-5210
-3987
-2431
-843
825
2668
4523
6075
7250
8330
9486
10291
10342
9526
8374
7327
6063
4469
2538
743
-952
-2907
-4909
-6608
-7642
-8303
-9049
-9650
-9658
-8946
-8018
-7227
-6279
-5138
-3901
-2921
-2129
-1132
-82
739
1036
1133
1496
2070
2577
2758
2762
2861
3044
3247
3357
3305
3088
2524
1625
581
-337
-1112
-1997
-3095
-4171
-4875
-5014
-4792
-4377
-3712
-2742
-1432
-118
1309
2749
4142
5213
5773
6042
6098
6206
6268
6412
6685
6886
6775
6405
6112
5976
5644
5028
4140
3001
1567
-198
-1818
-3108
-4089
-5132
-6219
-6817
-6901
-6761
-6820
-6885
-6647
-6361
-6240
-6259
-5963
-5146
-4120
-3176
-2184
-706
1254
3138
4670
5907
7013
7763
7882
7461
6820
6287
5573
4433
2980
1737
908
264
-415
-1202
-1875
-2505
-3307
-4358
-5293
-5795
-6089
-6516
-6922
-6828
-6105
-5133
-4262
-3452
-2499
-1403
-497
105
641
1259
1701
1795
1787
1996
2473
2876
2962
2769
2544
2362
2035
1500
830
157
-596
-1441
-2168
-2542
-2474
-2153
-1915
-1681
-1180
-354
536
1164
1620
2016
2366
2554
2531
2530
2581
2506
2151
1631
1381
1310
1224
1054
1115
1561
2003
2208
2109
2076
2152
2077
1721
1250
812
234
-650
-1576
-2163
-2309
-2300
-2375
-2366
-2106
-1691
-1479
-1407
-1280
-1098
-1081
-1371
-1653
-1661
-1383
-1068
-859
-498
95
805
1317
1619
1933
2209
2280
2059
1879
1890
2023
2016
1725
1434
1367
1362
1074
500
-133
-777
-1585
-2561
-3411
-3797
-3827
-3735
-3640
-3308
-2551
-1681
-999
-591
-253
-23
-124
-492
-856
-983
-981
-1074
-1165
-889
-144
715
1331
1690
1934
2081
2026
1728
1362
1042
642
71
-479
-654
-438
-160
-45
-27
61
200
200
58
-108
-215
-328
-539
-636
-556
-338
-231
-307
-412
-576
-777
-1109
-1386
-1456
-1216
-654
116
1016
1980
2954
3815
4532
5048
5397
5384
4889
3892
2659
1505
524
-229
-893
-1404
-1715
-1917
-2152
-2414
-2597
-2710
-2965
-3464
-3984
-4222
-4032
-3605
-3068
-2376
-1499
-559
224
909
1676
2495
3054
3161
3073
3160
3451
3760
4010
4367
4838
5030
4696
3902
2987
1963
566
-1139
-2793
-4032
-4944
-5705
-6212
-6247
-5773
-5050
-4272
-3420
-2511
-1694
-1166
-917
-700
-403
-44
250
541
977
1545
2105
2411
2460
2390
2239
1955
1571
1233
1014
807
564
359
342
464
507
332
-143
-750
-1426
-2225
-3045
-3738
-4074
-4182
-4078
-3624
-2912
-1961
-1019
-100
710
1366
1859
2073
2103
1968
1863
1971
2387
3043
3700
4158
4384
4361
4135
3796
3377
2908
2204
1240
191
-742
-1337
-1660
-1875
-2049
-2255
-2531
-2942
-3456
-3934
-4342
-4718
-5083
-5212
-4862
-4016
-2822
-1480
-61
1333
2542
3481
4157
4636
4987
5076
4873
4497
4156
3925
3649
3306
2911
2540
2119
1651
1028
257
-603
-1528
-2390
-3137
-3573
-3696
-3653
-3620
-3620
-3590
-3451
-3249
-3056
-2840
-2551
-2153
-1757
-1278
-609
232
1094
1783
2326
2742
3045
3123
2856
2355
1729
1046
339
-316
-775
-1081
-1323
-1525
-1645
-1564
-1332
-1096
-982
-941
-867
-748
-605
-441
-226
-38
97
166
198
247
304
253
118
-31
-109
-94
-20
99
273
587
1023
1531
1992
2386
2587
2438
1976
1403
916
511
130
-256
-597
-855
-994
-1019
-875
-573
-304
-217
-308
-494
-705
-928
-1154
-1355
-1529
-1635
-1627
-1438
-1069
-574
-70
422
895
1302
1675
2072
2546
2992
3392
3748
4016
4112
3951
3588
3129
2615
1922
958
-175
-1283
-2332
-3193
-3708
-3779
-3567
-3345
-3109
-2799
-2344
-1858
-1499
-1296
-1190
-1142
-1201
-1300
-1270
-1084
-882
-724
-526
-210
213
601
847
957
1031
1056
1018
1011
1055
1108
1074
909
666
478
342
129
-224
-633
-1002
-1326
-1599
-1750
-1717
-1559
-1346
-1129
-840
-503
-163
36
33
-55
-194
-386
-611
-742
-787
-804
-795
-681
-370
133
755
1388
1954
2352
2505
2416
2277
2163
2032
1822
1485
1095
639
128
-298
-567
-697
-841
-1065
-1229
-1287
-1267
-1178
-961
-595
-208
116
436
807
1201
1528
1713
1782
1747
1656
1531
1426
1470
1596
1707
1748
1722
1677
1578
1455
1276
958
494
-122
-791
-1416
-1957
-2345
-2578
-2700
-2740
-2725
-2627
-2433
-2210
-1959
-1684
-1368
-1021
-688
-348
-14
306
585
768
892
982
1004
918
743
551
354
167
39
-39
-39
4
24
29
12
7
-24
-145
-314
-535
-782
-1041
-1270
-1373
-1416
-1435
-1419
-1348
-1186
-984
-792
-613
-446
-296
-207
-195
-150
-61
59
152
169
228
322
430
568
777
1075
1337
1451
1424
1334
1290
1292
1295
1298
1284
1227
1052
797
624
562
514
379
185
16
-126
-239
-315
-327
-251
-141
-60
3
124
306
466
550
580
620
669
682
679
700
762
809
790
707
576
443
332
250
159
18
-213
-534
-882
-1159
-1277
-1262
-1191
-1135
-1132
-1157
-1145
-1090
-1003
-897
-781
-664
-606
-565
-477
-347
-234
-192
-183
-139
-30
100
199
255
311
366
394
436
499
537
456
264
70
-64
-153
-253
-380
-547
-720
-878
-1010
-1075
-1083
-1071
-1057
-1033
-957
-799
-638
-519
-445
-389
-306
-237
-157
-54
35
128
211
290
435
646
896
1153
1359
1577
1756
1829
1807
1703
1585
1433
1243
1071
904
705
473
218
31
-62
-113
-164
-232
-303
-387
-491
-576
-582
-523
-445
-365
-264
-139
-13
90
183
290
372
424
444
460
492
512
554
614
656
655
551
374
182
-16
-205
-375
-515
-634
-771
-899
-977
-1021
-1026
-1009
-954
-887
-827
-766
-693
-606
-531
-445
-339
-213
-76
33
122
194
239
261
245
212
179
123
66
34
18
-3
-69
-165
-253
-344
-413
-449
-476
-492
-538
-596
-651
-693
-690
-648
-576
-474
-352
-229
-109
-4
100
184
269
365
447
506
526
538
528
498
474
483
523
573
621
666
726
786
832
834
801
743
665
604
581
612
647
627
550
444
319
208
118
68
47
24
-22
-99
-171
-227
-256
-246
-209
-151
-90
-55
-64
-109
-158
-198
-225
-228
-231
-237
-250
-259
-256
-240
-209
-188
-194
-223
-241
-230
-194
-143
-86
-39
-16
-11
-22
-48
-77
-108
-143
-168
-185
-210
-258
-315
-345
-326
-249
-138
-24
53
62
-6
-110
-200
-237
-223
-165
-86
-8
34
21
-24
-81
-115
-109
-64
22
121
191
194
131
34
-63
-135
-163
-148
-106
-72
-69
-100
-152
-202
-241
-252
-235
-189
-117
-45
16
50
66
74
70
57
55
75
107
136
159
180
199
214
213
205
210
227
249
274
303
329
332
297
230
169
116
78
41
4
-8
-5
2
2
-3
0
-5
-24
-42
-39
-4
43
86
122
156
190
208
222
234
249
267
282
293
292
293
283
252
205
156
117
75
22
-29
-76
-123
-181
-245
-293
-331
-360
-387
-391
-362
-321
-271
-215
-158
-98
-47
-6
18
31
31
23
15
14
17
12
-8
-34
-63
-96
-129
-157
-180
-201
-224
-239
-240
-234
-234
-237
-229
-215
-195
-175
-158
-145
-139
-133
-120
-96
-62
-34
-11
15
42
73
98
119
133
135
130
123
116
111
104
99
92
90
95
95
87
74
64
56
53
58
61
60
52
40
28
16
4
-2
1
8
18
35
58
78
92
104
115
128
154
183
213
245
265
273
270
254
228
193
149
94
41
-1
-39
-70
-96
-108
-115
-127
-139
-140
-140
-141
-142
-140
-133
-119
-105
-88
-64
-29
-1
17
36
49
54
47
29
3
-16
-32
-53
-73
-90
-105
-115
-124
-128
-128
-126
-126
-121
-107
-93
-84
-80
-74
-58
-36
-6
22
43
58
66
74
82
94
104
107
105
105
113
117
117
111
90
58
19
-17
-40
-61
-81
-104
-117
-122
-121
-108
-92
-74
-58
-51
-48
-48
-36
-2
57
140
220
257
216
95
-66
-204
-265
-226
-101
44
139
139
41
-92
-185
-190
-94
73
234
306
255
103
-79
-217
-257
-191
-44
116
221
234
156
47
-41
-81
-62
3
85
137
130
69
-10
-81
-129
-133
-78
37
164
222
180
53
-104
-220
-256
-184
-24
125
173
87
-80
-228
-280
-227
-101
49
148
142
30
-125
-225
-218
-114
36
193
324
374
318
190
77
46
77
114
135
135
105
33
-55
-113
-114
-91
-96
-130
-157
-160
-176
-217
-249
-252
-223
-202
-199
-176
-115
-34
37
84
121
142
129
84
55
84
149
200
200
168
129
101
95
111
145
173
145
57
-49
-125
-141
-113
-76
-39
-14
-11
-42
-94
-125
-117
-75
-32
0
27
39
34
19
27
70
122
149
134
95
54
16
-6
-6
19
44
43
21
0
-3
7
26
54
77
83
67
37
1
-25
-39
-50
-60
-69
-79
-87
-94
-96
-89
-79
-70
-65
-60
-51
-32
-13
2
13
19
19
14
7
0
-10
-21
-45
-78
-107
-125
-126
-116
-100
-84
-73
-71
-71
-63
-51
-44
-46
-54
-65
-74
-73
-56
-26
6
31
56
82
107
127
139
145
144
136
121
108
102
100
95
83
69
54
34
9
-16
-35
-43
-48
-47
-42
-29
-14
-4
9
21
39
53
66
75
78
79
77
72
68
67
73
76
75
68
61
59
52
37
20
4
-14
-38
-59
-75
-84
-89
-95
-98
-98
-96
-99
-101
-97
-85
-71
-58
-44
-27
-7
13
30
43
47
45
36
22
13
9
8
6
7
7
6
2
-5
-15
-26
-36
-43
-47
-50
-53
-55
-62
-71
-79
-82
-84
-84
-77
-61
-42
-24
-9
1
10
17
22
32
43
52
56
55
54
52
51
51
53
56
54
48
40
29
24
21
20
22
24
19
13
7
4
5
9
14
18
19
21
24
32
44
60
70
76
79
83
84
82
77
70
56
41
22
1
-20
-38
-52
-63
-67
-71
-76
-85
-97
-109
-117
-120
-120
-115
-105
-91
-80
-75
-73
-73
-73
-69
-52
-28
-3
15
26
30
35
42
56
75
90
96
90
78
61
47
33
20
