-24
-25
-29
-37
-39
-35
-44
-67
-78
-83
-111
-144
-150
-151
-172
-186
-185
-185
-187
-186
-192
-205
-220
-229
-213
-190
-151
-139
-154
-146
-141
-122
-103
-80
-32
13
62
103
117
99
58
27
34
46
108
154
119
117
91
69
108
120
57
69
150
215
332
407
412
403
637
1301
2060
2435
2154
1670
1466
1538
1801
1973
1940
1526
721
103
41
141
-354
-1257
-1637
-1381
-998
-897
-939
-971
-1224
-1544
-1543
-937
-158
7
-208
-39
574
995
983
835
555
119
-127
18
332
452
127
-430
-806
-1027
-1235
-1471
-1695
-1911
-1998
-1680
-1313
-1183
-1318
-1704
-1936
-1946
-1800
-1463
-1244
-1339
-1430
-1300
-1182
-1127
-960
-815
-674
-205
420
775
834
770
619
443
534
749
711
461
97
-262
-426
-533
-738
-889
-795
-468
-222
89
459
464
343
416
682
966
1195
1277
1301
1486
1570
1528
1513
1499
1419
1318
1440
1823
2932
4545
5565
5133
3432
2195
1753
1858
2346
2582
2333
955
-691
-1218
-954
-1084
-2502
-3614
-3127
-1846
-1084
-1235
-1242
-1559
-2662
-3556
-3134
-1537
-530
-463
-386
475
1894
2647
2747
2366
1757
1566
1842
2490
2870
2477
1118
-652
-1803
-2338
-2653
-3333
-4179
-4391
-3733
-2608
-2062
-2093
-2314
-2656
-2644
-2076
-1105
-425
-451
-740
-740
-537
-350
-209
-482
-877
-784
-201
616
1110
1218
1167
796
595
789
739
304
-209
-518
-612
-742
-1071
-1756
-2507
-2669
-2249
-1550
-766
-183
127
383
750
1140
1318
1202
1083
1020
1258
1816
2002
1615
990
541
165
49
177
221
361
972
3028
5698
7065
6266
3795
2022
1761
2414
3497
4223
3877
1932
-245
-967
-743
-1269
-3118
-4321
-3600
-1972
-1038
-971
-977
-1878
-3630
-4731
-4090
-2070
-737
-429
-177
602
1735
2212
2317
2792
3298
3505
4143
5363
5741
4651
2843
1189
-197
-1453
-2227
-2899
-3915
-4768
-4932
-4404
-3915
-3888
-3804
-3263
-2336
-1300
-366
277
415
63
-287
-48
365
342
74
-221
-304
-233
-78
109
-161
-473
-504
-328
22
290
240
-602
-1683
-2452
-2871
-3014
-3245
-3297
-3205
-2971
-2627
-2219
-1639
-1236
-877
-269
729
1679
2167
2258
1914
1517
1140
818
653
491
329
144
37
-233
-553
-833
-1189
-891
196
2494
5516
7469
7528
5728
3924
3205
3511
4621
5552
5670
4301
2154
670
83
-470
-2278
-3959
-3857
-2549
-1466
-1427
-1623
-2391
-4037
-5425
-5422
-3561
-1408
-119
707
1801
3172
3919
4097
4186
4290
4211
4660
6527
8517
8426
5845
2427
-397
-2245
-2937
-2802
-3079
-4518
-5995
-6146
-5265
-4869
-5422
-5789
-5164
-3569
-1664
83
871
-75
-1695
-2645
-2326
-1278
-634
-541
-833
-1098
-889
-395
-290
-999
-1817
-2051
-1563
-587
216
222
-704
-1895
-2697
-3010
-2876
-2560
-2371
-2203
-1778
-1048
-378
28
186
344
884
1579
2282
2888
2883
2150
1559
1410
1167
583
211
177
-31
-351
-676
-696
-911
-1359
-1155
537
4274
7841
9188
8154
5975
4427
3873
4894
6626
7404
6552
3981
1764
802
179
-1346
-3786
-4673
-3970
-3012
-2534
-2377
-2514
-4224
-6437
-7220
-5697
-2746
-579
505
1272
2441
3531
3795
4011
4338
4312
4051
3943
4803
6725
8022
6635
2753
-1217
-3995
-5403
-5297
-4108
-3284
-4303
-6375
-7324
-6683
-6026
-6552
-7181
-6128
-3558
-823
1096
1775
967
-992
-2441
-2083
-487
1004
1626
1583
1359
1312
1337
894
-250
-1633
-2320
-1911
-740
477
787
-56
-1456
-2640
-2960
-2348
-1521
-922
-551
-232
492
1317
1532
980
521
741
1333
2125
2714
2574
1670
570
-326
-815
-864
-1016
-1424
-1737
-1899
-1998
-1891
-1856
-2145
-1704
981
5541
9442
10793
9294
6611
4827
4887
6270
7643
7944
6115
3076
870
-9
-905
-3266
-5883
-6886
-6044
-4551
-3677
-3334
-3835
-5576
-7417
-7370
-4886
-2111
-510
448
1538
3080
4354
4914
5190
5249
5126
4825
5159
7068
8866
8525
5678
2059
-614
-2473
-3890
-4425
-3968
-4476
-6140
-6802
-5990
-5372
-6187
-7162
-6551
-4410
-2016
-119
1363
1907
1147
-124
-633
-180
364
696
933
1419
2160
2490
1860
473
-864
-1837
-2369
-2220
-1266
-284
-303
-1038
-1799
-2455
-3055
-3368
-3114
-2316
-1441
-613
247
700
497
-2
-404
-550
-439
-130
277
513
429
-3
-682
-1351
-1755
-2041
-2377
-2565
-2401
-2018
-1634
-1568
-1491
-470
1751
5283
9166
11307
10263
7481
5826
5863
6852
8042
8433
6972
3761
774
-862
-1736
-3342
-5925
-7156
-6130
-4421
-3488
-3102
-2953
-3913
-5554
-6214
-4546
-1376
1119
2308
3117
4653
6014
6472
6803
7246
7519
7145
6740
7115
7495
6669
4407
1902
-299
-2433
-4226
-5426
-6100
-6744
-7367
-7363
-6727
-6106
-5863
-5642
-4924
-3772
-2424
-1005
85
632
654
324
53
-122
-182
-169
17
616
1143
1208
807
119
-711
-1632
-2223
-2366
-2216
-1943
-1810
-1908
-2212
-2613
-3077
-3463
-3487
-2799
-1470
-266
283
254
62
-78
-313
-256
25
-77
-547
-1154
-1170
-820
-823
-1176
-1634
-1663
-1645
-1577
-1184
-750
-535
-517
-396
-16
792
2613
5959
9509
11228
10215
7845
6156
5978
7036
8299
8788
7593
4634
1642
30
-851
-2610
-4977
-5927
-5034
-3412
-2341
-1946
-1951
-3025
-4947
-6162
-5012
-1917
1027
2743
3552
4483
5460
5841
5696
5700
6079
6116
6038
6210
6378
6208
4813
2197
-571
-2804
-4679
-6357
-7291
-7450
-7326
-7046
-6640
-6254
-5814
-5282
-4744
-4060
-3003
-1864
-951
-239
56
-171
-652
-1060
-1186
-778
44
534
449
151
-179
-582
-1180
-1875
-2259
-2179
-1838
-1504
-1443
-1637
-2139
-3091
-3812
-3802
-3094
-2068
-1211
-549
-15
473
478
-212
-1066
-1608
-1745
-1560
-1056
-389
-3
-96
-470
-667
-525
-416
-397
-227
160
650
1083
1444
1357
700
198
1119
4484
8802
11594
11291
8800
6719
6113
7180
8915
9859
9004
6118
2789
565
-246
-1193
-3434
-5340
-5374
-3955
-2749
-2275
-2187
-3186
-5191
-6706
-5822
-2666
369
1972
2441
3084
4096
4708
4964
4966
4918
4538
4185
4343
5145
6859
7797
6239
2370
-1681
-4629
-6837
-7687
-6977
-5828
-5877
-6999
-7575
-7222
-6683
-6889
-7157
-6231
-3927
-1121
839
1861
1743
502
-1004
-1877
-1207
288
1265
1112
452
289
206
-434
-1470
-2117
-2129
-1987
-1548
-610
133
-181
-1562
-3006
-3728
-3549
-2778
-2012
-1394
-1028
-862
-951
-1345
-1642
-1697
-1677
-1715
-1361
-401
800
1652
1642
1005
173
-495
-912
-915
-415
249
569
191
-471
-855
-749
-371
919
4385
8815
11530
11252
9517
8121
7374
7558
8400
9068
8384
5792
2674
868
168
-1141
-3359
-4845
-4585
-3549
-3001
-2942
-2952
-3455
-4755
-5829
-5176
-2784
-484
537
850
1525
2490
3097
3755
4952
6112
6549
6626
6872
7097
6967
5959
3907
1373
-989
-2762
-4145
-5259
-6056
-6421
-6577
-6901
-7123
-6881
-6223
-5576
-4915
-4048
-2919
-1637
-621
-88
-33
-211
-593
-1020
-1134
-995
-753
-514
-215
24
-6
-206
-524
-800
-866
-951
-1186
-1429
-1663
-1993
-2407
-2738
-2942
-3144
-3243
-3116
-2879
-2626
-2462
-2271
-2014
-1682
-1336
-1108
-882
-628
-287
48
286
480
574
564
600
814
829
486
209
-54
-274
-338
-141
198
540
1176
2678
5643
9047
10968
10603
8981
7529
7033
7487
8325
8699
7570
4903
1893
89
-536
-1486
-3027
-4142
-4078
-3478
-3126
-2710
-2288
-2569
-3773
-4966
-4923
-3460
-1479
-80
676
1547
2762
3956
4854
5725
6432
6282
5667
5710
6687
7515
7107
5373
2749
-113
-2535
-4034
-4922
-5919
-7087
-7785
-7701
-7404
-7211
-6896
-6433
-5867
-5007
-3455
-1495
-303
-319
-883
-1425
-1769
-1796
-1601
-1315
-976
-527
57
402
401
56
-501
-923
-1084
-804
-451
-300
-277
-609
-1281
-2115
-2853
-3393
-3721
-3698
-3323
-2619
-1894
-1406
-1305
-1512
-1622
-1597
-1303
-759
-136
496
960
1235
1280
1262
1054
387
-480
-958
-733
-206
304
691
1024
1090
1015
1452
3083
6009
8937
10486
10105
8777
7606
6763
6504
6697
6639
5557
3532
1602
505
1
-872
-2188
-2999
-2849
-2348
-2139
-2049
-1950
-2235
-3276
-4438
-4542
-3440
-2024
-1033
-283
805
2130
3025
3603
4439
5462
6018
5888
5597
5508
5611
5325
4081
2081
-100
-2108
-3894
-5299
-6137
-6542
-6801
-6986
-6769
-5772
-4491
-3722
-3525
-3457
-3160
-2736
-2387
-2045
-1767
-1681
-1775
-1821
-1476
-987
-594
-304
-134
-28
57
338
790
1200
1288
909
462
102
-369
-1035
-1795
-2350
-2682
-2834
-2665
-2257
-2003
-2022
-2058
-1919
-1507
-937
-543
-419
-291
-78
167
517
938
1058
767
404
230
307
315
79
-75
-8
237
487
623
695
697
602
382
481
1374
2874
4455
5577
5740
5097
4366
3927
3816
4022
4343
4189
3383
2417
1697
1385
1216
894
444
74
-118
-370
-667
-881
-1140
-1634
-2314
-2732
-2567
-2037
-1598
-1274
-802
-225
270
624
1010
1631
2363
2951
3275
3296
3078
2700
2323
1814
1101
326
-660
-1738
-2597
-2974
-2923
-2789
-2738
-2687
-2380
-1948
-1720
-1758
-1978
-2223
-2367
-2386
-2296
-2022
-1696
-1497
-1387
-1346
-1298
-1136
-836
-549
-299
132
551
742
810
749
560
284
-14
-389
-736
-906
-1043
-1240
-1471
-1479
-1326
-1264
-1274
-1354
-1295
-1148
-1032
-943
-904
-777
-693
-663
-531
-324
-173
-191
-139
-1
104
201
255
326
380
423
473
533
584
513
316
65
-147
-200
-21
357
933
1697
2468
3037
3294
3347
3378
3467
3622
3760
3817
3725
3425
2975
2520
2144
1735
1175
505
-34
-369
-666
-909
-1040
-1111
-1212
-1317
-1289
-1148
-956
-742
-488
-159
245
741
1230
1584
1675
1482
1117
724
443
257
102
-83
-255
-366
-459
-590
-801
-1001
-1134
-1175
-1090
-927
-749
-709
-835
-1056
-1344
-1518
-1563
-1569
-1546
-1539
-1502
-1425
-1316
-1186
-1129
-1177
-1204
-1086
-914
-728
-535
-417
-405
-478
-582
-677
-671
-588
-607
-645
-544
-394
-363
-435
-513
-562
-571
-548
-456
-341
-276
-293
-390
-421
-306
-108
120
338
484
533
484
421
415
382
356
312
183
42
-141
-302
-399
-438
-372
-309
-238
-128
26
236
465
759
1162
1642
2059
2407
2748
2950
2961
2828
2661
2510
2354
2182
1928
1624
1304
1009
810
661
546
386
200
39
-145
-315
-471
-576
-639
-717
-829
-901
-835
-649
-420
-262
-177
-133
-111
-79
-57
22
201
397
500
463
396
353
259
98
-91
-228
-268
-273
-348
-472
-584
-751
-965
-1152
-1252
-1258
-1249
-1287
-1427
-1600
-1697
-1716
-1633
-1514
-1442
-1349
-1201
-969
-632
-349
-242
-236
-293
-286
-149
30
197
187
-4
-134
-148
-34
84
-1
-143
-229
-268
-228
-134
7
86
-52
-261
-385
-329
-146
-77
-110
-166
-204
-196
-189
-155
-104
-104
-108
-31
103
235
351
407
429
482
548
622
722
834
863
740
583
523
626
841
1047
1200
1292
1283
1221
1201
1217
1243
1219
1131
1031
921
819
716
625
578
551
479
337
213
174
129
-6
-185
-297
-328
-332
-330
-229
7
245
412
478
449
381
260
158
124
150
183
111
-51
-228
-332
-393
-505
-652
-758
-769
-751
-741
-744
-806
-939
-1127
-1261
-1279
-1179
-1021
-938
-901
-851
-774
-704
-689
-666
-660
-651
-597
-480
-290
-193
-229
-364
-491
-489
-427
-365
-336
-296
-206
-62
116
217
189
40
-113
-171
-86
89
134
97
57
8
-23
-76
-101
-143
-189
-138
-27
147
331
424
385
276
194
162
183
208
220
194
152
138
164
223
263
271
249
238
225
198
217
278
386
518
682
865
1001
1097
1146
1138
1135
1142
1137
1127
1092
1009
874
733
638
568
457
313
183
119
109
59
-32
-139
-214
-276
-330
-295
-207
-127
-88
-80
-70
-62
-70
-107
-183
-267
-313
-321
-306
-271
-262
-313
-393
-453
-489
-522
-521
-477
-413
-342
-326
-352
-378
-400
-439
-514
-547
-512
-467
-473
-529
-591
-677
-766
-787
-750
-659
-566
-527
-455
-363
-279
-223
-243
-233
-209
-142
-15
33
49
59
63
91
88
114
128
46
15
59
119
153
143
152
191
201
179
149
128
113
74
55
70
60
5
-46
-50
-1
42
16
-55
-115
-118
-65
-15
40
123
192
210
186
160
178
242
353
531
757
959
1081
1125
1128
1109
1068
1012
934
879
849
803
739
641
534
424
289
159
35
-67
-140
-195
-237
-260
-281
-321
-324
-273
-183
-114
-100
-124
-184
-221
-211
-185
-187
-226
-231
-209
-203
-221
-243
-235
-227
-235
-266
-291
-275
-271
-264
-268
-291
-322
-387
-486
-570
-589
-562
-543
-552
-547
-542
-556
-583
-608
-585
-528
-449
-352
-272
-206
-171
-160
-137
-112
-94
-66
1
71
119
140
146
174
188
222
269
277
265
208
139
98
75
62
46
36
39
45
25
6
-5
-13
10
12
5
17
32
65
72
65
85
96
92
81
71
92
127
124
104
87
95
160
259
385
526
645
742
801
826
825
803
763
699
631
555
476
406
345
283
207
125
26
-80
-146
-159
-160
-167
-189
-227
-267
-291
-288
-255
-195
-132
-119
-136
-118
-62
-15
-14
-36
-62
-103
-122
-107
-87
-76
-99
-134
-160
-174
-185
-235
-295
-335
-363
-387
-401
-402
-404
-403
-429
-483
-502
-485
-461
-458
-463
-437
-408
-370
-314
-263
-196
-116
-52
-13
9
42
81
99
111
134
159
184
198
196
187
156
95
27
-2
17
34
22
3
-38
-63
-55
-47
-28
-11
31
74
94
132
165
187
212
203
183
162
138
105
58
32
35
35
30
40
56
51
37
50
114
201
297
395
483
545
561
551
549
567
594
586
528
443
347
269
230
227
224
192
130
57
-11
-81
-158
-246
-323
-380
-412
-398
-344
-270
-191
-123
-74
-48
-32
-13
10
26
25
22
12
-11
-33
-66
-116
-183
-249
-295
-311
-297
-272
-252
-247
-258
-270
-267
-258
-263
-284
-317
-356
-381
-365
-321
-290
-274
-276
-276
-258
-223
-171
-129
-86
-36
-18
-10
1
16
24
3
11
33
46
72
81
78
62
29
16
18
37
51
48
61
86
108
118
121
121
119
136
174
208
230
245
239
210
181
141
90
38
3
-9
-18
-41
-63
-75
-88
-107
-119
-79
40
210
392
536
605
609
572
540
549
587
620
606
537
443
337
231
147
73
-5
-71
-115
-152
-192
-239
-282
-335
-388
-424
-436
-407
-341
-243
-140
-58
-2
22
32
51
89
132
144
110
58
16
-8
-38
-94
-163
-221
-255
-265
-265
-258
-257
-273
-294
-309
-299
-270
-246
-237
-253
-273
-273
-260
-235
-209
-197
-184
-164
-127
-77
-29
13
35
40
49
60
68
70
68
59
52
44
35
28
13
-2
-3
9
30
42
45
38
16
7
27
64
104
136
151
152
139
130
128
121
110
100
93
88
79
61
31
-3
-34
-61
-83
-100
-109
-106
-82
-13
128
330
511
593
569
501
449
434
456
494
501
442
325
203
120
57
-9
-80
-144
-188
-224
-256
-272
-284
-310
-360
-408
-415
-379
-325
-267
-192
-87
18
107
171
210
227
227
218
213
221
218
180
111
32
-42
-117
-195
-276
-338
-365
-357
-323
-283
-249
-231
-237
-258
-274
-274
-261
-249
-236
-214
-174
-128
-89
-59
-41
-24
-2
25
60
97
125
130
110
88
72
53
32
12
-6
-27
-48
-57
-57
-49
-43
-43
-40
-37
-23
-1
24
34
26
13
20
44
76
105
120
120
110
98
85
72
60
49
41
37
32
17
0
-10
-20
-28
-10
81
258
457
587
595
512
407
339
333
373
401
355
234
98
-7
-66
-109
-155
-189
-207
-214
-230
-237
-229
-238
-284
-345
-358
-297
-201
-114
-55
-1
63
127
186
238
282
297
281
256
241
241
214
138
17
-113
-218
-295
-354
-395
-416
-411
-390
-357
-321
-283
-252
-242
-250
-253
-236
-204
-179
-158
-129
-86
-40
-3
29
58
75
86
104
130
156
164
154
130
98
56
1
-52
-90
-111
-115
-113
-105
-96
-92
-86
-70
-35
-3
19
31
41
53
60
67
77
89
98
107
123
136
138
122
99
79
68
71
80
78
56
28
10
-7
-25
-15
76
264
469
587
573
473
365
299
293
332
358
301
158
10
-81
-128
-185
-254
-287
-275
-258
-256
-245
-213
-203
-248
-310
-311
-234
-136
-75
-43
-7
47
95
140
199
260
285
258
212
198
207
201
143
40
-74
-178
-259
-314
-343
-352
-351
-340
-317
-280
-239
-212
-207
-207
-198
-176
-151
-129
-110
-92
-73
-50
-21
14
49
72
87
107
143
179
193
180
148
109
61
8
-42
-74
-94
-107
-115
-115
-107
-102
-101
-91
-63
-28
-2
10
16
21
21
18
23
44
69
82
86
90
96
100
96
88
77
62
46
40
49
61
57
34
-3
-20
17
141
332
498
555
490
379
298
275
301
330
313
218
74
-46
-103
-136
-193
-259
-283
-262
-232
-217
-201
-188
-204
-258
-288
-238
-131
-45
-12
9
49
95
126
151
192
233
239
210
175
160
149
106
27
-63
-138
-199
-250
-284
-296
-288
-275
-256
-226
-190
-163
-160
-170
-173
-164
-146
-128
-108
-85
-56
-34
-17
0
20
39
52
73
105
140
158
151
126
93
55
13
-28
-65
-89
-104
-114
-115
-108
-99
-92
-85
-71
-44
-18
-3
7
14
20
22
21
23
33
47
61
74
86
92
85
75
65
54
47
40
40
37
27
10
6
6
3
21
108
260
402
455
407
319
251
227
245
278
276
199
75
-24
-67
-98
-160
-221
-233
-205
-178
-169
-149
-132
-153
-210
-238
-186
-90
-23
-2
18
58
89
96
104
139
180
188
166
141
126
105
58
-8
-69
-118
-166
-212
-239
-241
-226
-213
-200
-183
-160
-143
-140
-140
-135
-123
-111
-98
-80
-59
-40
-28
-19
-1
20
38
52
72
97
112
112
103
89
62
25
-13
-45
-63
-77
-90
-97
-93
-82
-70
-62
-54
-42
-29
-13
4
23
35
36
24
12
11
22
34
42
50
62
68
64
51
37
32
37
43
45
38
20
0
-4
2
6
13
63
175
308
388
375
305
233
193
194
224
241
206
112
14
-45
-80
-125
-177
-195
-172
-142
-130
-119
-102
-108
-148
-182
-159
-90
-36
-20
-13
16
52
66
69
87
114
126
114
98
93
81
47
-2
-43
-73
-99
-134
-167
-184
-182
-172
-160
-146
-132
-121
-118
-120
-115
-103
-94
-85
-73
-57
-43
-34
-31
-25
-14
-1
18
40
62
78
81
74
63
47
25
-3
-28
-43
-52
-59
-62
-59
-56
-53
-53
-48
-36
-19
-3
6
14
21
22
16
8
10
18
34
47
56
59
57
52
49
51
52
45
38
31
27
21
13
5
-1
-11
-16
13
98
220
315
341
299
232
180
162
184
216
213
156
71
6
-31
-68
-119
-154
-144
-110
-83
-71
-61
-65
-97
-141
-153
-113
-61
-38
-38
-31
-1
30
49
59
72
81
72
57
54
62
56
25
-11
-40
-64
-99
-134
-152
-150
-136
-124
-113
-102
-100
-108
-122
-127
-118
-104
-91
-79
-67
-57
-50
-45
-41
-31
-14
5
25
45
62
68
65
54
40
22
0
-20
-33
-38
-38
-40
-43
-45
-46
-48
-42
-24
-1
17
23
23
23
21
15
5
2
10
23
38
49
55
51
39
23
16
20
30
35
33
27
22
14
2
-7
-7
2
12
28
64
135
221
279
281
234
175
137
135
159
184
171
113
40
-9
-37
-65
-98
-117
-106
-80
-60
-50
-46
-58
-93
-127
-130
-94
-59
-47
-43
-24
15
53
76
83
76
53
28
26
48
75
73
39
-9
-48
-78
-104
-128
-139
-131
-111
-91
-84
-86
-102
-127
-148
-145
-118
-85
-66
-61
-60
-56
-51
-46
-37
-23
-4
17
41
63
74
63
43
21
7
-2
-9
-15
-20
-27
-33
-36
-37
-37
-36
-30
-18
-3
13
25
26
18
7
1
4
8
11
14
16
21
22
20
19
18
21
27
31
33
32
31
25
18
11
10
10
15
23
33
38
38
52
96
159
205
211
182
145
119
115
122
133
120
81
32
-2
-18
-35
-61
-81
-76
-55
-39
-38
-43
-55
-79
-104
-106
-78
-47
-34
-27
-1
39
62
53
30
14
10
17
38
64
71
44
1
-28
-46
-68
-98
-115
-107
-85
-70
-63
-67
-87
-117
-139
-136
-111
-83
-64
-57
-50
-42
-34
-29
-27
-23
-17
1
22
45
55
50
34
18
8
5
1
-3
-6
-5
-6
-10
-16
-22
-25
-25
-19
-6
6
8
1
-4
-4
0
3
2
0
0
3
8
15
21
26
28
26
28
30
30
27
23
20
21
21
23
25
23
18
17
23
32
35
33
42
72
115
146
153
135
106
82
74
84
100
100
78
47
20
1
-19
-40
-52
-51
-42
-33
-29
-30
-43
-65
-80
-78
-61
-40
-19
1
18
23
19
12
11
11
15
21
26
23
12
-2
-19
-35
-50
-60
-59
-55
-52
-51
-51
-57
-69
-81
-88
-86
-80
-71
-57
-44
-36
-35
-36
-37
-37
-35
-26
-11
5
18
22
19
14
8
3
0
-1
2
6
