44
17
45
9
-18
41
48
52
71
106
118
87
106
81
75
111
111
167
262
278
217
197
225
205
203
240
270
227
181
213
164
127
115
63
-2
-13
42
-24
-44
-9
-20
-136
-208
-110
-166
-219
-250
-224
-185
-370
-290
-152
-364
-369
-335
-432
-323
-269
-363
-397
-382
-430
-458
-453
-597
-684
-707
-794
-769
-665
-556
-592
-525
-500
-619
-543
-597
-582
-420
-329
-358
-460
-362
-406
-554
-470
-431
-392
-177
-23
24
178
259
126
119
171
236
445
482
429
472
409
253
209
374
390
263
369
518
525
1232
2928
4681
5500
4794
3644
3083
2839
2961
3633
4128
3566
2223
1158
928
835
-290
-1761
-2011
-1338
-837
-677
-455
-368
-1216
-2545
-2946
-2357
-1818
-1673
-1460
-1005
-465
-91
26
-138
-517
-1110
-1285
-605
68
413
553
292
-83
-545
-1211
-1526
-1625
-1952
-2137
-1839
-1453
-1439
-1837
-2475
-2899
-2961
-3109
-3086
-2701
-2588
-2546
-2345
-2055
-1729
-1661
-1732
-1533
-1016
-472
156
767
1026
940
770
566
492
492
281
249
300
164
223
366
242
120
-58
-180
-81
172
666
1108
1236
1147
749
463
624
1025
1551
2077
4402
8055
10690
10894
8723
6672
5447
5321
6071
7044
7410
5029
1917
482
307
-443
-3842
-6163
-5465
-3984
-3194
-3234
-2361
-2256
-3991
-6050
-6586
-4511
-3082
-2513
-1042
621
2007
2048
1765
2095
2113
1632
1258
2147
3186
3258
2948
2124
655
-1587
-3533
-4097
-3922
-4264
-4964
-4632
-4020
-4051
-4593
-5062
-4675
-4687
-4868
-4293
-3522
-2643
-2558
-2721
-2406
-2268
-2172
-2084
-1548
-514
492
1343
2107
2716
2751
2605
2233
2017
2069
1393
924
702
-70
-867
-1280
-1620
-2104
-2289
-2299
-1791
-942
-456
76
527
626
752
1014
1434
1877
2288
2740
3222
3551
3152
2818
2892
3170
5630
10265
13914
13280
9239
5842
3947
3818
4756
5515
5326
2238
-1859
-3451
-2573
-3061
-6941
-9580
-8335
-5459
-4193
-4198
-2901
-3003
-5716
-8175
-7764
-4569
-2115
-1260
-481
1567
3707
4241
5238
6649
6975
5837
4390
4562
5135
4965
4094
2679
292
-3233
-5692
-6362
-6369
-7116
-8067
-7230
-5738
-4365
-3696
-3913
-3650
-3783
-4214
-3661
-2107
-765
-603
-549
-217
191
199
76
511
1095
2229
3167
3790
4395
3801
2742
2032
1559
1263
581
-395
-1316
-2203
-2879
-3284
-3810
-4392
-4435
-4130
-3125
-1561
-425
406
574
481
614
1069
1732
1659
1513
1699
1764
2033
1970
1835
1737
958
310
-429
1791
7821
13471
14847
10318
5589
2664
1314
2935
5029
6058
3396
-1227
-3139
-2258
-1596
-5193
-8902
-8509
-5618
-3214
-2778
-1377
-900
-3585
-7276
-8518
-5200
-2090
-919
-267
904
3326
3926
4018
4889
5224
5100
5136
7121
8696
8092
5959
3092
954
-1504
-3530
-4362
-5047
-6171
-7363
-6921
-5565
-4699
-5060
-5361
-3939
-2507
-1330
-365
350
636
-81
-118
560
1347
1466
755
584
736
1389
2018
2147
1995
1006
264
141
146
-300
-1489
-2570
-3805
-4995
-5655
-5883
-5685
-5642
-5767
-5464
-4285
-3019
-1984
-844
-53
680
1403
2237
3030
3288
2861
2082
1978
2030
1616
1149
630
483
-106
-786
-1377
-1031
3865
10802
15218
13773
8223
4176
2334
3311
5632
7532
7456
3256
-660
-1379
-103
-1291
-6797
-9502
-7210
-3535
-2009
-1782
-618
-1888
-5769
-9263
-8780
-4341
-1076
219
941
2952
5423
5975
6420
6968
7166
7020
6887
8244
9397
9480
8283
5307
1646
-2142
-4303
-5321
-6203
-6495
-6713
-6437
-6513
-6637
-6307
-6053
-5339
-5142
-4382
-2786
-1487
-258
-210
-561
-1132
-1956
-2094
-2185
-1828
-1173
-529
-175
-275
-92
-238
-669
-1513
-2494
-2736
-2871
-3109
-4037
-5153
-5585
-5528
-4875
-4286
-3330
-2013
-871
191
796
1843
2814
3043
3228
3583
4458
4527
3691
3018
2872
2736
1558
740
339
90
-119
-996
-1446
-1606
1020
7423
13845
15958
11570
5926
2528
2307
4968
7808
9592
7148
2221
-603
-272
554
-3329
-7852
-7844
-4524
-1917
-2115
-1260
-1035
-4011
-8478
-11129
-8320
-3890
-1355
-233
1308
4503
6297
6413
6233
6654
6790
5554
5325
6481
8165
8268
5664
1808
-2257
-4959
-6488
-7249
-7453
-7932
-8204
-7852
-6670
-5961
-6260
-6307
-6046
-5229
-3987
-2483
-1154
-866
-1093
-1446
-1354
-871
-790
-783
-285
661
1355
1732
2084
1917
1017
-4
-405
-542
-1231
-2334
-3358
-3699
-3741
-3840
-3859
-3648
-2566
-1514
-384
1352
2851
3765
3968
4039
4007
4134
4242
3536
2746
2162
2034
1840
1276
790
-1
-637
-1417
-2457
-3095
-3036
-2722
-967
4499
11317
14731
11869
5990
2308
1955
4018
6687
8980
8915
5447
1708
265
252
-2443
-7739
-10081
-7560
-3883
-3032
-3410
-3456
-5249
-8970
-11978
-11043
-6778
-2644
-265
1483
4463
6980
7240
6678
6460
6368
5739
5423
6384
7625
7870
6036
2735
-905
-4010
-5711
-6604
-6730
-6578
-6385
-5659
-5178
-5047
-4880
-4417
-4107
-3915
-2973
-1505
-31
491
265
36
-132
-60
-190
-34
682
1307
1807
2248
2589
2263
1386
543
-260
-1017
-1943
-2614
-2880
-2950
-3143
-3745
-3929
-3573
-3107
-2399
-1104
443
1459
2086
2749
3289
3482
3060
2207
1630
1383
1042
475
10
-408
-1119
-1815
-2397
-3117
-3859
-4702
-5082
-4756
-3387
1052
7863
13223
13070
8483
4428
2821
4195
7258
10345
11357
8310
3883
926
402
-730
-5271
-8664
-7819
-4782
-3772
-4940
-5016
-5809
-8758
-12091
-12625
-8639
-3582
-303
1575
4282
7260
7893
7270
7400
8752
9335
8661
8427
8695
9200
8683
6711
4070
1135
-992
-2240
-3327
-4525
-5670
-6192
-6205
-6038
-5730
-5459
-5639
-6468
-7003
-6185
-4383
-2748
-1750
-906
90
789
1023
933
884
1006
1153
1900
2762
3099
3039
2118
401
-1616
-3095
-3684
-4061
-4148
-4120
-4043
-3881
-3892
-3647
-3072
-2158
-1512
-1106
-15
1356
2338
2580
2246
1978
1601
1017
361
-316
-774
-1490
-2183
-2626
-2820
-2872
-3508
-4458
-5316
-5331
-5306
-3944
1494
8890
14073
13353
9343
6398
5438
6991
9397
11633
11447
7583
3378
1331
1317
-992
-6115
-8907
-7911
-5880
-6098
-6376
-5217
-5463
-7841
-10702
-10055
-5731
-1152
2056
4128
6815
8717
9074
9643
10988
12240
11539
9848
8897
9230
10219
9771
6953
2521
-1602
-4533
-6195
-6824
-7465
-8308
-8999
-8913
-8047
-6962
-6011
-5757
-5852
-5643
-4426
-2339
-697
325
751
898
1124
929
638
909
1547
1880
1746
1680
1756
1343
112
-1651
-3231
-4184
-4699
-4824
-4627
-4633
-4929
-5156
-5165
-4495
-3499
-2756
-2060
-993
761
2124
2736
2768
2144
1863
1519
758
-3
-572
-512
-559
-757
-1164
-1691
-2322
-3564
-4477
-5068
-4916
-4271
-2662
2357
9389
14526
14120
9891
6489
5398
6791
9259
11758
12281
9100
4796
1906
968
-895
-5332
-8435
-8060
-6246
-5866
-5731
-4377
-4479
-6932
-9792
-9663
-5304
-186
2789
4002
5782
8142
9387
9914
10348
10689
10210
8843
7874
7992
8736
8283
5759
1931
-1979
-5101
-7653
-9236
-9644
-9407
-8905
-8337
-7513
-6641
-5980
-5980
-6516
-6372
-5213
-3074
-702
965
2019
2211
1716
671
-346
-436
-224
-46
289
1116
1954
1625
365
-1332
-2855
-3769
-4368
-4272
-3463
-2777
-2847
-3202
-3044
-2586
-2121
-1716
-1108
-31
1210
2262
2981
3438
3377
2402
1105
-43
-505
-247
-118
-413
-1370
-2157
-2650
-3241
-3819
-4450
-4801
-4663
-3753
-1360
3452
9985
14719
14445
10672
7157
5725
6552
8961
11378
11472
8143
3519
341
-772
-2424
-6341
-9310
-9194
-7482
-6397
-5722
-4308
-4166
-6404
-9213
-9420
-5516
-585
2604
4167
5718
7616
8505
9038
9780
10278
10114
9133
8460
8346
8653
8175
5639
2031
-1654
-4708
-6912
-8274
-8988
-9526
-9551
-9229
-8755
-7845
-6964
-6487
-6358
-5861
-4640
-2979
-916
962
2129
2487
2223
1679
1211
1159
1114
1132
1664
2527
3093
2551
1291
-115
-1311
-2033
-2732
-3092
-2973
-2906
-3064
-3477
-3520
-3097
-2793
-2702
-2337
-1199
162
1140
1637
1810
1851
1610
983
23
-612
-764
-899
-1299
-2094
-2833
-3441
-3738
-3849
-4021
-3797
-3441
-3010
-2512
-810
3839
9818
13948
13701
10531
7678
6115
6429
7927
9613
9720
6718
2697
199
-138
-1055
-4320
-6830
-6570
-4904
-4442
-4735
-4060
-3771
-5085
-7136
-7325
-4551
-1102
1115
2150
3487
5290
6411
7271
8332
9178
9265
8678
8035
7545
7445
7192
5560
2318
-1280
-3809
-5307
-6583
-8077
-9073
-9009
-8601
-8137
-7348
-6154
-5039
-4646
-4394
-3439
-1721
109
1410
2139
2420
2268
1600
726
178
97
287
700
1179
1363
1263
862
-117
-1518
-2892
-3732
-3757
-3375
-3226
-3302
-3051
-2783
-2949
-3267
-3199
-2565
-1729
-854
93
1096
1676
1375
636
69
-230
-636
-1200
-1788
-2320
-2554
-2573
-2461
-2526
-2875
-3171
-3046
-2358
-1716
-1254
-333
2699
8040
13010
14557
12361
9120
6819
6207
7321
8986
9354
7371
4147
1721
754
-216
-2555
-4665
-4873
-4185
-4098
-4215
-3491
-3054
-4178
-5883
-6363
-4856
-2493
-554
816
2260
3906
4895
5475
6411
7534
8293
8274
7590
6845
6707
6879
6007
3498
389
-2146
-4003
-5556
-6869
-7641
-7913
-8061
-8166
-7744
-6735
-5779
-5197
-4703
-3832
-2472
-909
263
770
801
378
-320
-867
-932
-534
40
752
1276
1332
1209
840
40
-985
-1914
-2477
-2659
-2436
-2159
-2227
-2340
-2420
-2680
-3035
-3095
-2459
-1411
-291
698
1051
1011
815
273
-294
-694
-995
-1270
-1701
-2029
-1877
-1544
-1544
-1984
-2287
-2034
-1451
-914
-458
-81
253
427
922
3410
7811
11663
12299
10214
7927
6644
6495
7050
8074
8782
7611
4859
2592
2071
1791
-294
-2982
-4308
-4274
-4472
-5051
-4576
-3414
-3245
-4853
-6443
-6171
-4541
-2750
-1600
-297
1545
3092
4140
4970
5996
6641
6448
5598
4382
3884
4333
4836
4473
3130
1452
-324
-2157
-4074
-5687
-6545
-6924
-7194
-7111
-6120
-4647
-3546
-3190
-3486
-3618
-3386
-3051
-2520
-1949
-1425
-1261
-1388
-1203
-571
234
421
-8
-268
-168
140
293
321
367
270
96
-11
194
435
181
-279
-681
-935
-1058
-1236
-1324
-1292
-1202
-1214
-1336
-1333
-1391
-1704
-2321
-2968
-3076
-2585
-1701
-863
-379
116
346
5
-538
-689
-283
-68
-221
-310
145
1039
1821
3200
5714
8461
9661
8619
7124
6552
6905
7597
8140
8400
7602
5404
2714
698
-303
-1249
-2363
-2895
-2614
-2396
-2864
-3331
-3738
-4549
-5921
-7235
-7066
-5284
-3095
-1503
-497
519
1454
2132
2855
3908
4934
5404
5534
5857
6742
7926
8468
7584
5388
2810
406
-1611
-3186
-4568
-5632
-6181
-6232
-5989
-5563
-5133
-5254
-5750
-5960
-5615
-4906
-4157
-3391
-2693
-2089
-1649
-1316
-908
-448
-14
199
444
823
1154
1499
1961
2438
2580
2264
1631
1157
762
-98
-1321
-2413
-2830
-2688
-2493
-2485
-2465
-2259
-2406
-2871
-3216
-3192
-2822
-2591
-2416
-1916
-950
80
603
612
432
294
93
-140
-182
75
433
378
-23
-384
-470
-385
-530
-674
-100
1744
4454
7069
8781
9077
8253
7126
6542
6633
6854
6674
5874
4795
3850
2932
1871
801
-127
-1111
-2189
-3057
-3451
-3199
-2805
-2906
-3462
-4051
-4221
-3944
-3402
-2734
-1976
-1224
-477
620
2158
3930
5168
5341
5042
4914
5049
4999
4667
4026
2931
1648
521
-140
-782
-1942
-3398
-4533
-4972
-5107
-5126
-4758
-4107
-3382
-2960
-2944
-2887
-2659
-2395
-2457
-2939
-3402
-3434
-2992
-2407
-1760
-1132
-791
-783
-845
-386
439
875
546
-106
-229
209
691
809
542
81
-495
-1180
-1775
-1865
-1634
-1532
-1587
-1509
-1104
-577
-231
-337
-748
-1086
-1234
-1131
-695
48
659
765
440
-168
-741
-1101
-1304
-1380
-1299
-881
-367
41
412
706
1020
1449
2174
3254
4579
5862
6640
6789
6519
6030
5380
4784
4543
4448
4040
3122
1901
1019
806
900
753
281
-122
-609
-1426
-2343
-2994
-3197
-3304
-3508
-3542
-3020
-2044
-1263
-857
-547
-145
273
638
1120
1773
2450
2958
3350
3664
3779
3628
3002
2042
1084
209
-516
-1071
-1492
-1842
-2188
-2416
-2514
-2510
-2443
-2522
-2760
-3060
-3347
-3616
-3752
-3630
-3416
-3182
-2899
-2450
-1805
-1225
-892
-620
-211
272
667
998
1393
1652
1648
1548
1395
1163
844
472
100
-255
-554
-758
-846
-786
-748
-843
-1086
-1447
-1766
-1927
-1844
-1625
-1467
-1498
-1583
-1506
-1292
-1069
-979
-855
-565
-174
181
488
929
1334
1491
1424
1312
1295
1317
1238
1034
818
670
734
1090
1648
2236
2614
2775
2809
2833
2960
3102
3236
3374
3394
3142
2640
2149
1866
1624
1176
604
220
137
74
-256
-723
-1059
-1346
-1795
-2215
-2226
-1796
-1263
-989
-954
-752
-297
198
540
697
897
1179
1431
1517
1391
1126
817
559
350
210
66
-160
-555
-1131
-1641
-1930
-1992
-1986
-2012
-1983
-1909
-1852
-1819
-1790
-1712
-1600
-1530
-1528
-1478
-1265
-942
-637
-429
-304
-244
-231
-261
-317
-295
-147
43
117
95
82
-97
-474
-806
-898
-805
-744
-812
-868
-757
-572
-464
-429
-409
-385
-399
-421
-332
-163
16
222
450
685
925
1120
1129
949
689
498
426
348
220
-7
-234
-405
-583
-723
-816
-805
-685
-444
-55
451
1072
1760
2458
3005
3245
3297
3271
3236
3223
3174
3068
2906
2653
2287
1873
1459
977
398
-106
-399
-586
-843
-1139
-1415
-1670
-1859
-1982
-2032
-1926
-1674
-1406
-1154
-911
-633
-233
199
479
607
751
931
998
931
862
817
695
452
222
108
-11
-219
-473
-672
-733
-732
-772
-835
-896
-927
-948
-1067
-1271
-1450
-1502
-1543
-1755
-1966
-1919
-1663
-1407
-1248
-1095
-896
-734
-625
-451
-134
194
296
224
185
253
364
362
266
157
97
107
80
71
151
221
193
83
-1
-10
-30
-77
-109
-166
-244
-281
-309
-324
-311
-338
-386
-440
-495
-495
-423
-338
-330
-373
-357
-274
-174
-27
175
279
252
274
518
958
1379
1761
2192
2633
2858
2762
2527
2311
2090
1832
1661
1643
1591
1358
1014
739
553
273
-115
-424
-537
-556
-687
-868
-954
-986
-1071
-1223
-1330
-1327
-1243
-1155
-1039
-759
-294
220
621
814
895
996
1127
1199
1198
1212
1207
1095
899
715
554
308
-82
-508
-795
-936
-999
-1007
-1029
-1068
-1152
-1306
-1455
-1577
-1688
-1760
-1764
-1698
-1543
-1295
-1055
-865
-705
-558
-394
-227
-23
195
306
333
342
373
402
356
258
140
22
-74
-135
-159
-163
-168
-228
-287
-312
-329
-327
-351
-368
-373
-405
-414
-429
-479
-520
-501
-414
-273
-118
-14
27
24
10
20
30
45
109
193
223
184
128
104
104
126
217
455
783
1135
1526
1941
2263
2341
2219
2022
1844
1721
1622
1542
1423
1191
900
664
475
214
-112
-369
-501
-603
-795
-971
-1016
-974
-961
-1022
-1032
-902
-661
-416
-204
24
255
519
819
1078
1216
1217
1156
1089
1028
959
842
650
378
98
-109
-274
-481
-781
-1096
-1293
-1350
-1359
-1364
-1327
-1244
-1152
-1093
-1072
-1031
-956
-897
-872
-811
-657
-446
-289
-211
-142
-71
-27
-7
2
38
105
157
153
115
89
84
68
-15
-153
-271
-340
-398
-452
-474
-458
-462
-502
-514
-461
-383
-362
-398
-392
-310
-180
-25
116
209
229
205
207
215
204
160
84
4
-33
3
79
146
168
141
71
-4
13
155
376
599
854
1171
1452
1602
1570
1446
1335
1219
1112
1085
1130
1117
934
679
484
350
181
2
-59
-38
-56
-187
-353
-438
-458
-499
-598
-669
-608
-455
-303
-187
-61
87
234
386
546
755
992
1128
1039
741
420
209
108
41
-35
-141
-325
-560
-769
-900
-949
-957
-946
-908
-811
-666
-549
-509
-565
-700
-842
-921
-917
-839
-695
-557
-476
-425
-352
-232
-128
-75
-57
-52
-34
-11
34
81
66
-4
-100
-179
-230
-263
-273
-270
-273
-280
-261
-221
-168
-122
-102
-87
-82
-92
-97
-82
-73
-100
-138
-146
-89
-1
44
41
8
-18
-48
-77
-68
-19
14
1
-15
14
63
103
151
245
407
609
848
1128
1384
1502
1451
1341
1275
1275
1314
1342
1303
1155
906
644
443
285
108
-61
-160
-199
-256
-370
-490
-588
-689
-805
-888
-851
-685
-473
-287
-130
16
143
237
312
407
541
690
817
872
875
869
827
681
410
90
-199
-412
-557
-683
-804
-929
-1037
-1100
-1111
-1062
-987
-925
-885
-846
-793
-747
-720
-705
-667
-583
-489
-394
-291
-169
-69
-36
-33
-17
22
59
79
104
130
128
80
19
-26
-77
-139
-217
-279
-283
-244
-182
-144
-138
-155
-191
-237
-265
-249
-203
-159
-134
-101
-24
48
62
23
-1
12
22
31
53
113
197
256
286
300
315
319
295
280
326
460
667
921
1211
1444
1514
1396
1180
1011
954
981
1021
999
854
592
303
74
-91
-251
-392
-453
-461
-486
-542
-580
-593
-630
-683
-691
-595
-411
-217
-46
104
228
322
401
476
527
544
536
540
557
554
531
490
377
151
-132
-375
-543
-660
-752
-807
-843
-898
-962
-1000
-969
-891
-823
-776
-709
-591
-468
-382
-331
-299
-266
-225
-175
-108
-12
92
160
176
170
166
166
148
117
87
73
61
27
-29
-92
-149
-209
-275
-319
-332
-304
-261
-240
-232
-232
-248
-266
-262
-225
-178
-136
-81
4
108
179
189
160
133
130
152
189
237
282
309
314
294
265
243
235
234
260
360
528
750
990
1163
1185
1034
808
631
572
610
663
663
563
369
138
-59
-184
-283
-364
-388
-352
-305
-294
-300
-313
-355
-434
-495
-459
-329
-177
-51
76
209
309
376
436
506
561
562
542
535
520
430
262
72
-103
-257
-402
-528
-649
-780
-877
-909
-866
-782
-695
-610
-524
-442
-397
-379
-374
-368
-347
-302
-219
-116
-20
45
65
72
86
115
133
134
134
129
115
87
47
-4
-82
-174
-262
-318
-334
-327
-316
-310
-301
-279
-240
-193
-148
-104
-63
-22
6
28
53
68
83
106
144
189
214
219
209
198
187
167
149
138
139
145
150
149
138
115
83
53
58
131
272
461
665
826
881
796
650
550
513
526
548
551
491
335
141
-18
-116
-201
-298
-343
-313
-272
-276
-308
-327
-344
-380
-397
-343
-226
-104
-12
68
160
261
353
416
434
409
373
360
346
297
204
80
-69
-222
-339
-414
-490
-584
-662
-673
-626
-574
-542
-504
-448
-397
-367
-328
-272
-226
-207
-193
-155
-92
-30
11
31
41
61
92
127
156
172
174
152
106
52
7
-39
-100
-175
-240
-267
-260
-237
-215
-200
-188
-174
-146
-96
-32
22
47
56
72
101
133
145
147
145
145
150
156
171
183
164
115
55
21
25
61
89
83
56
31
22
12
14
37
78
149
260
429
614
725
696
563
432
355
337
352
374
356
253
93
-56
-145
-196
-255
-291
-273
-216
-173
-164
-168
-182
-210
-246
-253
-201
-104
-7
58
103
147
179
186
168
161
193
242
249
179
90
10
-71
-157
-222
-268
-334
-418
-475
-472
-432
-415
-414
-377
-294
-213
-165
-139
-119
-109
-116
-113
-84
-38
6
30
35
44
61
81
88
90
97
107
109
87
56
30
-8
-63
-125
-163
-175
-175
-176
-169
-143
-114
-99
-85
-52
2
44
69
80
90
93
88
79
72
70
61
44
37
51
76
81
60
33
24
35
43
44
56
79
90
77
55
35
16
-3
-2
49
141
260
393
503
539
478
380
310
292
312
336
333
272
156
30
-65
-119
-163
-210
-220
-185
-145
-146
-169
-182
-192
-212
-226
-194
-119
-48
-8
16
55
89
99
110
150
201
198
129
42
-15
-34
-39
-54
-96
-170
-258
-325
-346
-338
-315
-286
-244
-185
-132
-97
-96
-118
-146
-158
-134
-84
-29
8
19
10
-8
-18
-5
20
45
66
86
107
119
109
77
31
-15
-59
-91
-104
-104
-109
-118
-117
-100
-80
-68
-57
-37
-10
18
41
60
70
70
60
46
35
27
20
15
29
50
62
54
35
19
14
16
14
13
21
35
47
44
32
17
-3
-24
-40
-30
20
105
202
306
399
444
417
338
273
250
260
274
271
240
168
62
-43
-116
-159
-195
-215
-198
-151
-115
-114
-131
-150
-166
-174
-163
-118
-58
-15
0
16
46
82
108
117
113
99
79
61
46
39
28
1
-48
-110
-162
-193
-208
-213
-209
-179
-140
-114
-111
-123
-135
-138
-125
-95
-53
-13
13
21
13
-1
-12
-11
-3
11
34
61
85
90
76
53
20
-15
-41
-58
-64
-69
-75
-81
-79
-74
-75
-77
-74
-61
-47
-30
-7
16
28
24
14
6
-1
-15
-29
-31
-19
-2
10
16
20
14
-2
-18
-25
-21
-10
-1
7
19
25
16
-5
-31
-38
-25
1
28
64
121
194
273
334
359
339
288
238
218
233
245
228
179
108
29
-46
-100
-136
-152
-145
-120
-91
-76
-76
-84
-99
-109
-111
-96
-70
-40
-11
11
30
42
60
86
105
106
85
66
49
36
33
28
5
-49
-106
-132
-135
-135
-141
-131
-107
-88
-82
-85
-83
-85
-91
-84
-60
-30
-19
-27
-42
-53
-56
-52
-39
-16
10
37
55
71
78
72
56
32
13
3
-6
-16
-29
-43
-62
-77
-84
-89
-92
-91
-81
-64
-42
-20
-9
-8
-18
-28
-34
-35
-33
-26
-15
-3
4
9
14
14
8
0
-2
-1
5
16
25
21
3
-24
-47
-57
-60
-50
-28
-4
16
38
79
140
198
242
264
267
249
221
207
210
212
190
149
103
52
-2
-50
-75
-84
-90
-82
-59
-39
-44
-68
-95
-112
-116
-113
-96
-62
-28
-1
21
48
79
93
92
81
72
68
67
74
79
70
38
-5
-37
-59
-76
-93
-94
-81
-67
-59
-58
-65
-80
-96
-101
-92
-75
-63
-59
-62
-67
-66
-58
-44
-26
-7
17
40
55
63
60
50
38
26
17
8
1
-8
-27
-48
-65
-73
-80
-84
-77
-64
-51
-38
-26
-23
-29
-44
-53
-54
-50
-45
-38
-30
-27
-24
-21
-21
-26
-31
-29
-19
-8
0
4
0
-10
-19
-21
-20
-21
-17
-6
12
32
49
62
70
80
102
135
170
201
221
226
209
179
153
142
136
125
102
73
38
-2
-37
-55
-55
-51
-48
-41
-33
-31
-45
-67
-81
-81
-71
-50
-20
13
39
53
57
56
58
60
61
60
60
59
50
36
23
7
-15
-43
-65
-69
-62
-57
-50
-41
-37
-47
-65
-72
-75
-83
-86
-78
-67
-60
-58
-55
-52
-50
-43
-29
-13
5
23
36
49
54
53
45
34
21
8
-5
-18
-32
-42
-51
-59
-63
-65
-64
-63
-61
-59
-60
-63
-65
-67
-65
-60
-54
-53
-55
-55
-53
-49
-41
-27
-11
4
12
19
21
17
10
6
10
11
11
16
21
23
22
24
31
40
49
57
63
67
80
103
126
142
150
155
152
139
126
117
109
96
84
74
62
42
19
1
-8
-15
-26
-30
-30
-33
-43
-50
-50
-46
-38
-27
-7
19
37
39
32
25
24
28
37
45
47
40
25
12
2
-7
-19
-28
-29
-22
-18
-20
-31
-46
-63
-77
-80
-75
-72
-69
-65
