-42
-46
-53
-50
-51
-50
-41
-51
-62
-64
-67
-69
-69
-69
-75
-84
-92
-92
-84
-85
-73
-57
-60
-70
-85
-87
-84
-76
-35
-7
-4
-2
7
12
-3
16
24
29
52
47
60
62
62
84
101
140
165
188
225
280
311
369
465
510
590
663
698
762
835
938
1032
1038
1029
1023
968
907
884
917
882
712
501
369
190
-40
-97
-153
-220
-331
-568
-679
-794
-1001
-1102
-1095
-1040
-1033
-1057
-1015
-941
-1008
-1104
-1004
-909
-905
-831
-658
-493
-434
-434
-284
-126
-200
-276
-282
-306
-455
-685
-715
-669
-736
-828
-862
-897
-1077
-1244
-1210
-1121
-1112
-1078
-916
-793
-795
-873
-923
-864
-852
-854
-672
-371
-155
-55
106
258
307
348
376
529
702
680
741
839
913
1048
1049
972
771
420
37
186
966
2000
3310
4177
4231
3504
2343
1692
1738
2583
4063
5115
5349
4561
2816
1241
303
168
750
1531
2095
2038
1324
218
-763
-1523
-2046
-2047
-1832
-1586
-1477
-1671
-2009
-2636
-3213
-3446
-3365
-2845
-2231
-1684
-1214
-1029
-1085
-1086
-904
-691
-449
-152
56
121
-55
-293
-453
-680
-743
-750
-730
-683
-851
-1103
-1553
-2022
-2313
-2455
-2271
-2094
-2074
-2081
-2273
-2521
-2719
-2655
-2287
-1859
-1269
-732
-384
-160
-113
-42
66
228
575
946
1263
1462
1490
1524
1460
1293
1181
1093
1108
1186
1198
1190
1062
996
1007
1034
1054
838
662
374
428
912
2099
4264
5790
6229
5356
3569
2231
1856
2974
5281
7332
8222
7211
4293
1247
-598
-893
149
1715
2592
2331
1112
-989
-3005
-4456
-5058
-4787
-4570
-4133
-3534
-3287
-3323
-3954
-4776
-5290
-5196
-4377
-3138
-1531
-166
431
438
75
-293
-341
120
858
1402
1808
1937
1659
988
124
-428
-854
-988
-972
-1203
-1276
-1691
-2457
-3093
-3743
-3983
-3788
-3410
-2965
-2764
-2608
-2415
-2446
-2382
-1927
-1252
-554
279
975
1175
1436
1484
1477
1766
1886
2393
2917
3048
2939
2548
2360
2161
1868
1726
1941
2304
2010
1376
825
344
-43
-321
-321
-77
105
102
31
-172
-657
-1193
-1249
-1171
-764
435
1839
3005
3156
2282
1225
509
288
819
2289
3757
4372
3846
2613
1299
131
-343
-41
564
966
929
577
11
-772
-1557
-2037
-2404
-2733
-2859
-2687
-2219
-1805
-1694
-1781
-1903
-2149
-2272
-2040
-1507
-757
-189
93
250
332
188
104
239
235
213
268
359
470
577
542
346
254
76
-46
118
153
193
135
84
226
245
325
442
617
530
284
238
138
247
351
400
568
479
286
3
-266
-312
-413
-356
-163
-114
-199
-405
-549
-724
-874
-844
-674
-460
-391
-344
-357
-519
-537
-462
-323
-115
-111
-96
-75
-151
-131
-20
73
34
-50
-229
-476
-560
-564
-531
-438
-400
-505
-650
-755
-903
-929
-794
-681
-551
-481
-437
-391
-430
-424
-359
-348
-344
-214
-19
166
339
462
526
565
592
620
771
972
1141
1271
1308
1305
1291
1318
1424
1502
1466
1392
1419
1426
1395
1472
1502
1477
1404
1230
1149
1099
985
966
1005
924
737
543
434
419
406
341
201
4
-174
-349
-511
-565
-631
-795
-946
-1057
-1173
-1282
-1330
-1264
-1244
-1357
-1363
-1354
-1396
-1343
-1273
-1144
-1009
-963
-908
-818
-822
-849
-684
-487
-280
-101
-48
44
59
-27
-7
80
108
118
176
212
195
143
99
42
-85
-237
-323
-358
-356
-277
-237
-309
-423
-509
-575
-596
-501
-341
-259
-294
-263
-149
-37
42
47
161
308
291
250
373
576
662
664
635
588
472
388
469
584
672
713
763
826
707
554
554
601
568
491
513
607
586
442
385
359
240
124
132
219
176
57
45
73
-17
-173
-243
-228
-281
-375
-342
-252
-242
-292
-292
-281
-387
-538
-520
-385
-302
-320
-365
-307
-178
-115
-163
-229
-257
-174
-75
14
165
228
378
294
-180
-568
-573
40
591
643
434
168
-3
-208
-314
-149
421
831
682
379
-36
-149
-64
-59
-2
47
183
204
150
-10
-139
-166
-338
-311
-213
-95
41
24
-194
-371
-337
-474
-516
-375
-179
-123
-234
-457
-560
-264
-256
-361
-401
-289
-92
-135
-234
-527
-508
-316
-257
-174
-242
-114
-59
-166
-334
-575
-424
-157
77
75
-53
-26
-75
49
-23
-62
247
427
503
385
353
465
508
544
495
565
683
626
502
480
582
595
562
534
500
584
562
424
397
389
453
390
223
252
341
425
314
101
9
85
275
236
153
241
235
71
-26
-32
27
234
248
59
3
-125
-170
-98
-178
-242
-226
-209
-283
-366
-549
-587
-424
-596
-767
-777
-606
-427
-598
-817
-1026
-932
-661
-627
-605
-474
-340
-473
-726
-870
-735
-248
118
33
-210
-305
-333
-380
-449
-336
43
322
173
-116
-230
-263
-125
-54
-114
4
150
165
76
46
147
234
251
229
278
438
619
753
898
1135
1210
1060
981
971
980
1147
1402
1579
1629
1560
1421
1169
901
816
957
1129
1095
925
719
524
266
20
-6
28
-99
-276
-344
-366
-513
-715
-709
-650
-719
-785
-764
-706
-773
-877
-853
-698
-591
-586
-495
-426
-480
-646
-692
-464
-498
-696
-684
-816
-1031
-1078
-1054
-986
-1101
-1502
-1708
-1845
-1997
-1775
-1511
-1287
-1236
-1593
-1882
-1847
-1742
-1500
-991
-743
-662
-682
-837
-660
-554
-646
-526
-205
46
234
427
522
717
643
163
8
297
686
1129
1408
1338
1296
1347
1296
1394
1791
2134
2599
3092
3236
3411
3599
3684
3528
3232
3247
3536
3897
4086
4063
3738
3032
2202
1615
1509
1730
1892
1746
1274
477
-570
-1428
-1631
-1530
-1561
-1703
-2073
-2558
-3032
-3376
-3333
-3061
-2762
-2400
-2137
-2049
-1880
-1660
-1447
-1223
-1015
-759
-362
41
203
361
363
25
-342
-570
-446
-92
158
73
-316
-895
-1629
-2088
-2221
-2124
-1897
-1861
-2094
-2463
-2741
-2967
-2947
-2710
-2449
-2123
-1815
-1560
-1289
-860
-705
-817
-692
-238
183
554
1079
1222
1213
1105
802
859
1228
1640
1733
1582
1311
979
886
814
835
976
1029
1155
948
486
410
553
629
746
1295
2039
2521
2572
2198
1937
1968
2181
2586
3111
3691
3952
3567
2740
2012
1743
1831
2066
2214
2096
1705
1056
176
-628
-1002
-993
-969
-1161
-1480
-1828
-2194
-2638
-3030
-3111
-2908
-2691
-2585
-2492
-2420
-2346
-2304
-2166
-1843
-1462
-997
-657
-504
-431
-361
-203
-28
192
456
690
709
498
253
26
-86
-119
-131
-151
-321
-541
-741
-969
-1233
-1366
-1288
-1202
-1184
-1120
-916
-874
-1066
-1166
-1110
-890
-600
-337
-5
201
148
50
104
275
436
614
915
1241
1350
1272
1093
869
599
477
693
910
823
614
455
149
-249
-527
-440
-105
77
31
13
129
281
608
1034
1332
1264
1083
1146
1445
1906
2345
2674
2721
2237
1553
1283
1517
1999
2310
2298
1939
1278
511
-67
-328
-403
-361
-486
-865
-1362
-1926
-2377
-2617
-2649
-2596
-2401
-2005
-1767
-1805
-1933
-1921
-1757
-1444
-861
-143
545
829
676
474
424
646
1046
1559
2037
2145
1872
1443
1033
775
665
712
801
624
192
-411
-1089
-1579
-1845
-1929
-1857
-1892
-2199
-2564
-2787
-2919
-2956
-2781
-2363
-2089
-2160
-2217
-2095
-1854
-1530
-1105
-598
-227
-172
-178
-154
-86
164
435
653
824
768
386
98
55
263
571
758
701
389
256
164
331
945
2094
3198
3375
2619
1643
1405
1833
3040
4238
4961
5193
4293
2656
1370
1380
2450
3658
4034
3449
2316
870
-490
-1355
-1262
-460
4
-377
-1284
-2259
-3210
-3961
-4200
-3753
-2770
-1852
-1471
-1685
-2123
-2558
-2638
-1934
-628
965
2152
2403
1761
806
379
789
1784
2845
3581
3540
2678
1469
531
349
619
885
914
498
-252
-1169
-1997
-2510
-2712
-2732
-2851
-3055
-3235
-3499
-3842
-4010
-3890
-3584
-3180
-2842
-2691
-2738
-2942
-2883
-2372
-1664
-876
-399
-321
-476
-717
-734
-342
361
932
1215
998
404
119
342
842
1219
1426
1391
1021
789
868
1623
2884
3696
3625
2794
2138
1960
2561
3581
4359
4830
4656
3720
2227
1679
2246
2984
3258
2954
2403
1497
426
-643
-1120
-914
-690
-917
-1456
-2007
-2819
-3676
-4039
-3834
-3355
-2694
-2065
-2089
-2554
-2919
-2881
-2349
-1440
-286
674
1137
843
234
90
524
1133
1741
2509
2776
2232
1420
949
824
826
985
1032
946
461
-301
-848
-1193
-1386
-1545
-1574
-1609
-1854
-2197
-2387
-2331
-2282
-2117
-1808
-1613
-1576
-1606
-1561
-1373
-1022
-653
-329
-75
-18
-36
17
170
358
542
780
1016
1021
725
448
499
682
815
844
931
943
686
582
805
1636
2340
2405
1925
1426
1413
1642
2276
2914
3413
3316
2596
1671
1109
1472
2187
2669
2474
1903
1165
354
-364
-916
-919
-563
-499
-1125
-1840
-2336
-2981
-3574
-3799
-3367
-2691
-2268
-2369
-2799
-3029
-3124
-2855
-2174
-1254
-553
-298
-396
-705
-728
-377
287
893
1221
1338
1240
1038
827
822
951
1087
1133
999
704
300
-49
-325
-421
-409
-484
-624
-860
-1169
-1425
-1435
-1265
-1061
-843
-765
-860
-1003
-1048
-931
-680
-304
-22
99
172
196
239
274
349
571
839
1066
1000
791
653
697
783
722
862
963
1004
849
793
1180
1742
2149
1913
1510
1272
1385
1683
2057
2446
2605
2471
1884
1265
1062
1412
1796
1807
1561
1193
784
215
-413
-813
-776
-598
-773
-1286
-1804
-2171
-2617
-3027
-3072
-2717
-2299
-2227
-2466
-2665
-2664
-2556
-2244
-1761
-1253
-925
-829
-825
-805
-592
-224
166
470
655
726
750
775
785
868
1003
1013
908
761
548
318
178
122
26
-79
-192
-465
-775
-905
-890
-805
-687
-592
-554
-600
-757
-881
-771
-520
-322
-168
10
93
27
36
129
221
328
401
528
575
456
407
519
672
634
547
546
572
556
547
938
1440
1583
1289
900
870
1011
1314
1711
2068
2203
2025
1686
1291
1221
1514
1920
2075
1847
1498
1146
738
238
-56
63
226
-65
-664
-1143
-1531
-1974
-2313
-2338
-2098
-1919
-2056
-2329
-2478
-2445
-2396
-2309
-2009
-1585
-1250
-1114
-1072
-1010
-862
-648
-337
46
382
570
595
565
557
607
736
846
825
734
625
472
306
158
70
24
-107
-266
-361
-435
-511
-642
-703
-604
-518
-545
-625
-642
-607
-552
-479
-361
-179
-86
-71
-30
16
82
181
332
420
418
432
446
444
392
393
485
541
530
514
600
760
853
825
715
668
750
879
1044
1177
1223
1194
1110
945
851
1002
1188
1227
1164
1082
955
765
538
366
350
414
346
88
-214
-492
-778
-1016
-1139
-1134
-1082
-1133
-1324
-1545
-1599
-1560
-1544
-1486
-1300
-1087
-1019
-1024
-998
-843
-636
-474
-321
-104
88
136
132
195
336
458
518
528
486
400
302
231
177
110
71
33
-92
-258
-384
-469
-529
-581
-565
-507
-451
-484
-588
-589
-516
-427
-381
-308
-235
-209
-182
-158
-40
121
237
268
268
272
255
303
401
452
475
485
495
431
343
414
557
706
711
626
602
621
680
715
819
909
923
879
775
728
774
885
910
842
806
809
728
547
393
342
350
299
160
-3
-146
-307
-514
-663
-712
-714
-720
-828
-968
-1033
-1033
-1068
-1109
-997
-795
-697
-767
-832
-738
-571
-476
-412
-253
-67
-35
-97
-35
112
188
200
237
289
276
198
128
110
85
34
22
23
-35
-146
-231
-296
-374
-392
-308
-221
-264
-363
-360
-309
-320
-339
-259
-136
-112
-152
-119
-23
26
27
67
153
192
181
166
206
254
258
263
260
247
208
207
274
395
475
449
373
281
274
350
482
602
638
633
597
535
461
465
590
695
696
636
597
553
433
288
249
338
374
260
73
-70
-200
-381
-514
-509
-424
-412
-523
-690
-822
-891
-908
-831
-707
-622
-604
-631
-675
-707
-631
-475
-343
-267
-212
-140
-99
-89
-72
14
128
191
192
165
128
74
57
95
130
121
85
15
-70
-121
-125
-96
-72
-82
-128
-168
-187
-195
-172
-127
-85
-53
-34
-41
-65
-64
-12
63
103
134
149
150
133
122
141
184
240
254
228
165
133
120
143
207
276
356
379
317
197
179
278
376
431
459
505
490
409
316
303
400
500
533
509
461
363
241
152
131
174
205
165
21
-154
-270
-341
-377
-389
-396
-408
-464
-569
-657
-685
-656
-624
-592
-541
-497
-485
-507
-488
-415
-328
-265
-208
-133
-104
-95
-67
0
77
110
124
126
119
93
78
96
107
89
46
14
-26
-64
-69
-59
-61
-87
-113
-115
-119
-129
-107
-88
-88
-83
-80
-73
-65
-41
-2
27
66
102
115
112
102
127
159
180
192
216
218
170
167
185
216
198
170
214
224
212
186
249
314
289
253
248
330
336
302
303
354
396
333
292
290
295
267
234
235
217
191
152
88
1
-54
-57
-87
-177
-268
-287
-300
-362
-436
-427
-378
-413
-502
-532
-469
-438
-433
-402
-344
-291
-305
-315
-282
-200
-130
-92
-51
-13
16
17
16
20
41
74
100
107
93
76
60
44
18
7
14
17
-6
-37
-44
-50
-74
-112
-115
-86
-70
-74
-77
-67
-72
-91
-86
-40
12
25
14
15
25
27
33
70
126
149
150
135
132
117
95
102
119
143
148
152
131
93
76
73
94
99
112
139
137
107
71
88
121
127
124
132
159
163
147
130
138
166
178
164
143
130
116
85
49
37
48
40
-7
-68
-105
-120
-135
-151
-155
-159
-193
-241
-269
-261
-235
-199
-181
-178
-169
-165
-172
-177
-150
-101
-48
-26
-30
-35
-30
-29
-32
-7
31
50
36
18
11
4
5
14
40
46
28
-1
-17
-18
-28
-35
-31
-29
-48
-70
-61
-45
-34
-30
-32
-40
-49
-50
-41
-19
7
27
41
42
38
22
21
43
65
87
96
110
100
74
61
67
81
74
78
78
76
41
-2
1
4
8
-5
5
27
25
22
3
5
14
35
60
68
82
90
97
87
87
106
119
124
113
111
107
91
70
50
46
42
34
1
-43
-77
-91
-98
-118
-125
-116
-118
-155
-186
-179
-165
-170
-184
-158
-125
-123
-140
-130
-86
-66
-64
-50
-15
3
-2
7
37
53
45
56
83
93
79
69
79
66
42
42
62
71
47
30
26
3
-32
-39
-21
-17
-40
-54
-50
-60
-77
-76
-55
-42
-47
-41
-25
-11
-9
0
25
36
32
29
50
66
69
67
67
65
41
15
12
32
43
27
10
-3
-20
-46
-57
-47
-41
-44
-53
-48
-39
-35
-28
-22
-12
-1
22
50
67
78
86
97
97
93
100
121
132
117
99
98
98
76
45
35
38
20
-18
-46
-50
-61
-85
-96
-94
-95
-111
-120
-123
-116
-107
-96
-78
-63
-52
-45
-37
-25
-2
29
49
48
47
58
72
82
90
100
104
95
82
69
63
60
56
52
42
29
11
-8
-23
-25
-26
-29
-45
-61
-66
-72
-77
-75
-65
-63
-69
-66
-58
-53
-49
-41
-33
-27
-27
-25
-16
-9
-4
-3
-1
2
-3
-8
-10
-8
-15
-21
-24
-26
-32
-41
-44
-50
-54
-55
-51
-50
-51
-53
-46
-39
-41
-36
-16
8
13
3
3
25
52
62
65
77
89
82
64
62
83
96
88
80
80
76
61
49
42
42
47
52
45
28
14
11
13
13
16
27
29
18
8
13
21
20
22
32
45
48
44
40
36
38
45
51
50
44
37
28
21
26
34
31
19
8
-1
-16
-26
-21
-13
-24
-46
-56
-57
-72
-90
-86
-70
-77
-100
-111
-106
-110
-125
-120
-99
-93
-107
-109
-89
-77
-83
-80
-58
-45
-55
-55
-36
-27
-34
-31
-8
2
-7
-9
8
17
4
2
12
14
4
2
10
4
-13
-19
-10
-8
-22
-23
-11
-11
-23
-25
-9
1
-4
-11
-2
18
25
34
46
65
76
74
74
89
113
126
133
142
149
152
149
147
145
144
142
137
127
115
107
97
79
61
53
53
42
18
-4
-10
-12
-24
-36
-36
-32
-42
-61
-64
-50
-45
-52
-55
-45
-40
-47
-52
-46
-43
-46
-48
-45
-49
-55
-56
-52
-57
-65
-65
-62
-66
-77
-74
-65
-65
-72
-76
-73
-74
-74
-66
-54
-48
-49
-51
-50
-47
-42
-31
-15
-5
-3
-2
-2
-1
0
5
12
19
18
13
9
9
9
7
4
-1
-7
-18
-31
-36
-32
-29
-36
-39
-38
-42
-46
-50
-39
-25
-13
-8
-6
2
12
32
52
68
77
90
107
116
119
125
142
149
145
140
144
151
142
134
133
134
123
107
93
83
71
52
40
35
28
17
1
-15
-25
-32
-37
-41
-45
-53
-56
-58
-58
-63
-67
-63
-64
-66
-67
-58
-48
-47
-46
-44
-37
-38
-41
-39
-33
-30
-33
-31
-30
-29
-31
-30
-27
-28
-27
-28
