-4
-4
-4
-4
-3
-3
-3
0
3
3
3
6
6
4
6
8
7
6
7
8
7
6
9
7
6
5
6
7
8
14
20
21
26
42
71
97
105
105
103
115
133
148
145
122
96
77
73
61
34
13
-2
-6
-21
-27
-28
-63
-131
-187
-182
-172
-162
-125
-95
-87
-78
-43
-25
-47
-69
-70
-39
23
55
53
34
-26
-90
-147
-178
-202
-222
-230
-274
-276
-272
-352
-465
-570
-633
-701
-737
-703
-724
-740
-708
-698
-632
-550
-498
-477
-422
-236
-86
73
226
226
224
207
210
225
114
39
23
29
61
147
222
126
72
40
40
117
170
307
275
215
223
211
336
422
501
453
472
770
1311
2422
3608
4283
4127
3481
3203
3288
3674
3740
3031
2144
1523
1078
639
158
-677
-1614
-2029
-2012
-1792
-1377
-1305
-2037
-3032
-3680
-3781
-3266
-2541
-1948
-1368
-705
49
586
954
1149
920
768
1090
1768
2404
2645
2292
1471
548
-388
-995
-1237
-1677
-2146
-2183
-1909
-1676
-1755
-2159
-2705
-3138
-3297
-3045
-2587
-2253
-2008
-1798
-1592
-1443
-1423
-1381
-1407
-1402
-869
-110
565
1178
1471
1397
1188
1113
1057
958
794
622
621
592
606
551
79
-584
-1074
-1281
-1399
-1420
-1285
-1129
-958
-708
-374
-34
112
173
381
649
1079
1543
1906
2086
1997
1818
1607
1454
1184
988
1034
1758
3727
5850
6649
5488
3751
2829
3117
4086
3996
2836
1477
566
-78
-739
-1451
-2792
-3984
-4266
-3801
-2673
-1640
-1417
-2271
-3732
-4712
-4772
-3721
-2279
-1172
-107
907
1762
2415
2818
2652
2213
2270
2898
3797
4576
4770
3984
2737
1326
-431
-1896
-2537
-2765
-3132
-3301
-2956
-2614
-2768
-3273
-3810
-4266
-4461
-4097
-3165
-2140
-1434
-935
-514
-316
-385
-602
-667
-367
314
1239
2178
2899
3065
2550
1730
1032
401
-206
-708
-1015
-1166
-1229
-1247
-1480
-1932
-2543
-3079
-3320
-3172
-2686
-2043
-1579
-1433
-1143
-797
-720
-659
-193
309
603
887
1283
1705
1822
1666
1182
606
270
180
262
187
-264
-512
-31
1513
4129
6729
7674
6589
5304
5065
6009
7115
7036
5582
3511
2085
1242
320
-868
-2204
-3446
-4059
-3509
-2296
-1559
-2012
-3693
-5688
-6702
-6276
-4759
-2950
-1336
-40
1088
2101
2933
3729
4024
3859
4078
4942
6306
7563
7680
6157
3719
1461
-392
-1597
-2180
-2761
-3344
-3506
-2992
-2545
-2848
-3801
-4838
-5225
-5009
-4357
-3197
-2067
-1623
-1503
-1360
-1377
-1541
-1759
-1963
-1788
-936
244
1365
2021
1955
1227
179
-812
-1580
-1974
-2350
-2717
-2642
-2358
-2151
-2212
-2548
-3039
-3460
-3289
-2621
-1655
-586
48
319
515
636
464
-19
-260
-176
129
660
1111
1374
1320
892
139
-724
-1354
-1419
-1055
-687
-569
-717
-1101
-1440
-947
918
4338
8033
10223
10045
8999
8805
9418
10231
9728
7772
5484
3778
2560
1250
-450
-2565
-4348
-5020
-4544
-3527
-2564
-2508
-3898
-5833
-6875
-6666
-5404
-3389
-1110
931
2469
3700
4494
5104
5624
5929
6297
6920
7794
8368
8238
6743
3900
841
-1704
-3455
-4351
-4922
-5771
-6436
-6464
-6258
-6279
-6585
-7081
-7364
-7013
-5973
-4565
-3270
-2533
-2358
-2277
-2061
-1708
-1438
-1092
-547
143
1120
2197
2955
2973
2221
1110
329
-27
-409
-820
-1186
-1459
-1649
-1879
-2145
-2532
-2952
-3104
-2710
-1841
-868
-52
404
532
533
461
350
216
-123
-466
-447
-48
363
244
-189
-704
-1319
-1725
-1698
-1694
-1669
-1190
-676
-465
-353
-384
-872
-537
1886
6033
10236
12734
12663
11088
10241
10499
10827
10074
8014
5163
2634
980
-526
-2449
-4594
-6507
-7617
-7359
-6064
-4597
-4030
-5072
-7092
-8387
-8077
-6358
-3690
-792
1591
3377
4876
6149
7259
7800
7600
7391
7666
8257
8765
8388
6762
4034
722
-2362
-4671
-5812
-6451
-6861
-7014
-6901
-6217
-5540
-5221
-5437
-5825
-5827
-5312
-3951
-2237
-823
45
386
604
626
508
298
199
658
1551
2717
3539
3713
3161
1900
522
-613
-1163
-1553
-2005
-2276
-2519
-2497
-2449
-2820
-3437
-3989
-3932
-3200
-2255
-1208
-502
-489
-789
-941
-955
-989
-1018
-1204
-1243
-1033
-782
-581
-543
-939
-1733
-2151
-2294
-2361
-2115
-1567
-1224
-1210
-1096
-784
-333
59
662
2058
5434
10056
13485
14045
12111
10118
9343
9755
9487
7597
4904
2368
418
-1242
-2664
-4350
-6016
-7053
-7170
-6035
-4129
-2849
-3227
-4771
-6109
-6313
-4733
-1861
1038
3727
5782
7148
8183
9113
9457
8895
8357
8161
8125
7593
6430
4621
2135
-457
-3171
-5606
-6925
-7178
-7122
-7071
-6984
-6652
-6026
-5311
-4868
-4659
-4408
-4150
-3450
-2333
-1241
-502
-138
-5
-156
-253
-265
-365
-63
636
1227
1620
1883
1839
1001
-188
-1246
-2221
-2941
-3509
-3815
-3903
-3974
-4168
-4536
-4724
-4725
-4382
-3775
-3100
-2087
-1325
-938
-600
-296
22
129
151
147
274
457
482
387
31
-410
-816
-1091
-1274
-1521
-1964
-2348
-2072
-1344
-537
-55
292
442
584
2003
5394
10340
14675
16334
14956
12713
11894
12339
12406
10802
7732
4398
2023
417
-1218
-3117
-5108
-6930
-7727
-6984
-5314
-3972
-3974
-5364
-7259
-7853
-6479
-3704
-384
2621
4745
6217
7499
8408
8866
8625
8048
7483
7264
7238
6633
5224
2880
19
-3213
-6160
-7856
-8403
-8605
-8689
-8311
-7656
-6613
-5423
-4782
-4785
-5017
-5087
-4642
-3493
-2039
-1031
-558
-228
-10
-34
-352
-796
-1030
-704
61
965
1790
2008
1237
-130
-1537
-2779
-3603
-4143
-4525
-4492
-4260
-4042
-3864
-3835
-3921
-3900
-3511
-2667
-1425
-201
474
718
980
1425
1807
1755
1332
925
787
763
765
630
119
-551
-1087
-1360
-1573
-1653
-1598
-1449
-1044
-387
307
849
1370
1592
2047
3415
6390
11072
15467
17061
15125
12405
11329
11760
12070
10660
7506
3956
1228
-874
-2786
-4606
-6577
-8560
-9337
-8345
-6402
-4675
-4221
-5410
-7213
-7837
-6499
-3505
228
3472
5645
7098
8057
8630
8812
8409
7292
6219
6241
6570
5935
3917
942
-2217
-4894
-6907
-8412
-9228
-9312
-8913
-8095
-6892
-5827
-5207
-5041
-5032
-4873
-4389
-3536
-2539
-1390
-282
477
874
1105
961
267
-496
-679
-118
634
1053
1033
739
166
-807
-1899
-2783
-3628
-4363
-4518
-4098
-3562
-3279
-3178
-3100
-2904
-2612
-2207
-1571
-869
-219
175
498
1025
1564
1947
2022
1889
1577
1169
838
655
590
262
-315
-1044
-1516
-1587
-1670
-1887
-2121
-2072
-1735
-761
318
1199
1560
1352
1699
3780
8535
13601
16178
15356
13032
11543
11262
11561
10467
7543
4053
1107
-1073
-2646
-4152
-6227
-8433
-9640
-9358
-7609
-5326
-4102
-4547
-5884
-6579
-5723
-3102
339
3576
6027
7421
8228
8917
9548
9554
8595
7304
6632
6547
6122
4491
1826
-997
-3542
-5476
-6780
-7781
-8502
-8817
-8609
-7864
-6730
-5746
-5161
-4675
-4287
-3860
-3150
-2167
-1267
-725
-431
-75
640
1137
901
211
-414
-761
-1050
-1026
-650
-450
-705
-1336
-2038
-2558
-3098
-3858
-4479
-4708
-4498
-4063
-3643
-3272
-2977
-2812
-2813
-2458
-1710
-838
118
789
1424
2191
2905
3085
2695
2230
1519
846
540
400
85
-462
-1054
-1517
-1879
-2319
-2846
-3188
-2897
-2178
-1225
-256
482
903
1032
1487
2933
6185
10722
14699
16336
15327
13508
12440
12417
12162
10428
7245
3833
1388
-515
-2364
-4278
-6416
-8246
-8949
-8176
-6305
-4479
-3885
-4848
-6053
-6065
-4590
-1858
1445
4230
5900
6777
7352
7987
8531
8438
7350
5975
5194
4723
3850
2357
349
-2021
-4281
-6175
-7523
-8211
-8382
-8401
-8310
-7705
-6696
-5610
-4552
-3759
-3362
-3206
-2885
-2230
-1651
-1132
-695
-252
309
513
198
-462
-1179
-1788
-2121
-1801
-950
-324
-126
-147
-383
-964
-1835
-2755
-3627
-4139
-4194
-3783
-3022
-2374
-2194
-2419
-2539
-2222
-1469
-548
283
1079
2063
3057
3725
3887
3273
2051
818
137
-146
-231
-285
-622
-1046
-1610
-2245
-2818
-3186
-3159
-2883
-2196
-940
443
1637
2184
2045
1967
3166
6780
11838
15999
17004
15286
13284
12318
12234
11455
9152
5902
2827
458
-1503
-3302
-5230
-7373
-9178
-9811
-8776
-6554
-4567
-4130
-5251
-6482
-6572
-5017
-2197
967
3559
5072
5832
6337
7027
7660
7567
6634
5601
5278
5297
4720
3274
1319
-866
-3058
-4875
-5949
-6592
-7255
-7799
-7901
-7374
-6385
-5312
-4542
-4103
-3905
-3792
-3444
-2910
-2451
-1999
-1400
-720
-25
345
1
-798
-1494
-1765
-1467
-573
558
1292
1301
832
333
-240
-1103
-2156
-3023
-3529
-3665
-3248
-2645
-2470
-2733
-3054
-2982
-2349
-1296
-257
411
879
1332
1895
2484
2609
2057
1064
43
-626
-802
-629
-617
-1003
-1611
-2074
-2164
-2052
-2005
-2137
-2039
-1398
-253
1007
1956
2309
2050
2085
3173
5900
10035
13849
15445
14463
12750
11770
11678
11358
9534
6408
3192
713
-1233
-2913
-4476
-6099
-7392
-7682
-6964
-5577
-4235
-3854
-4764
-6035
-6292
-5079
-2695
-131
1871
3316
4330
4943
5467
6215
6768
6494
5945
5978
6438
6612
5614
3636
1456
-467
-2122
-3747
-5139
-6253
-7147
-7766
-7969
-7554
-6826
-6224
-5844
-5537
-5125
-4648
-4114
-3553
-2866
-1987
-1245
-829
-608
-613
-996
-1406
-1437
-994
-198
581
912
809
628
293
-370
-1234
-2135
-2996
-3626
-3844
-3803
-3682
-3627
-3729
-3732
-3322
-2522
-1651
-939
-429
14
526
1208
1884
2141
1945
1446
999
828
890
936
623
83
-550
-916
-999
-1094
-1299
-1468
-1234
-786
-315
218
867
1239
1209
1190
1953
3903
6971
10585
13227
13940
12989
11827
11493
11709
11223
9392
6846
4570
2742
870
-1052
-2822
-4246
-5205
-5468
-5033
-4141
-3476
-3824
-5169
-6481
-6736
-5747
-3991
-2143
-469
992
2250
3212
4062
4928
5583
5666
5608
6109
6772
6763
5675
3981
2169
642
-552
-1910
-3584
-5239
-6632
-7759
-8344
-8322
-8044
-7778
-7542
-7161
-6564
-5903
-5290
-4766
-4192
-3577
-2968
-2173
-1331
-760
-520
-424
-255
133
677
1044
1168
1252
1198
1023
707
88
-732
-1530
-2185
-2797
-3291
-3492
-3520
-3456
-3162
-2620
-2017
-1598
-1428
-1374
-1069
-548
-147
228
634
1039
1394
1626
1700
1657
1465
999
589
559
659
554
335
244
152
159
324
411
416
442
633
1007
1510
1906
2513
3836
5754
7781
9213
9670
9535
9494
9637
9557
8968
7719
5819
3804
2002
517
-626
-1450
-1990
-2315
-2377
-2443
-2653
-2976
-3542
-4453
-5380
-5742
-5272
-4179
-2866
-1638
-544
467
1328
2155
3013
3813
4339
4424
4381
4576
4879
4668
3776
2762
1880
1053
-56
-1659
-3517
-5148
-6292
-6982
-7034
-6623
-6156
-5830
-5555
-5276
-4999
-4651
-4374
-4090
-3647
-3058
-2304
-1422
-678
-315
-246
-273
-301
-231
11
383
770
1019
1003
755
280
-445
-1286
-2055
-2611
-2812
-2553
-2082
-1516
-992
-744
-719
-758
-704
-605
-507
-415
-147
433
1102
1529
1517
1220
772
205
-279
-488
-357
-60
80
16
-43
-62
-253
-507
-705
-839
-705
-134
610
1085
1191
932
665
933
1938
3367
4925
6393
7419
7972
8218
8196
7856
7294
6391
5216
4176
3507
3046
2512
1759
734
-203
-793
-1142
-1425
-1733
-2197
-2885
-3670
-4316
-4585
-4467
-4083
-3519
-2818
-1948
-997
-199
366
746
1077
1463
1930
2398
2718
2735
2433
2072
1843
1724
1283
332
-888
-1941
-2518
-2717
-2730
-2826
-3102
-3423
-3634
-3654
-3607
-3687
-3850
-3973
-3853
-3374
-2740
-2228
-2022
-2089
-2212
-2090
-1621
-977
-362
56
230
317
410
449
396
234
-44
-195
-24
293
568
704
664
495
383
403
337
84
-219
-423
-409
-250
-146
-161
-253
-393
-492
-411
-184
-37
-75
-202
-262
-164
32
258
412
412
395
549
830
1077
1212
1272
1267
1262
1413
1673
1872
1876
1723
1662
1789
1981
2163
2392
2720
3047
3348
3568
3648
3665
3523
3088
2458
1910
1576
1378
1129
756
421
217
-17
-424
-979
-1516
-1901
-2160
-2284
-2269
-2169
-2060
-1944
-1727
-1402
-1022
-708
-570
-482
-255
84
237
221
295
430
592
706
646
496
404
264
-43
-504
-969
-1352
-1693
-2008
-2287
-2413
-2346
-2238
-2215
-2232
-2230
-2181
-2112
-2032
-1901
-1689
-1462
-1290
-1105
-918
-810
-769
-705
-560
-310
-2
281
532
717
822
882
920
930
824
655
486
391
404
412
339
166
-92
-339
-451
-451
-391
-310
-281
-357
-442
-429
-357
-266
-219
-158
29
294
526
721
859
844
730
702
835
1067
1299
1428
1410
1329
1247
1095
803
411
18
-274
-343
-189
76
330
475
591
818
1193
1634
1986
2076
2008
2012
2075
2084
1974
1728
1412
1110
885
716
586
506
381
116
-220
-406
-430
-515
-747
-1029
-1232
-1259
-1127
-977
-911
-902
-921
-943
-861
-627
-460
-462
-436
-291
-82
26
-73
-324
-560
-660
-709
-827
-1007
-1164
-1286
-1372
-1418
-1368
-1200
-1004
-864
-760
-623
-468
-408
-522
-739
-922
-1016
-1010
-874
-668
-458
-287
-195
-120
12
142
206
182
143
231
426
587
623
583
475
316
203
145
150
164
116
28
-48
-61
-54
-99
-183
-225
-173
-63
68
182
265
291
259
287
424
603
752
796
755
705
697
702
617
437
233
83
-23
-81
-72
-91
-192
-330
-405
-351
-220
-81
18
44
96
256
457
652
825
991
1161
1278
1328
1340
1319
1226
1030
812
677
634
593
519
455
409
371
301
132
-95
-322
-542
-691
-734
-716
-698
-704
-732
-740
-708
-672
-662
-683
-658
-548
-429
-365
-325
-301
-297
-291
-323
-407
-432
-356
-308
-326
-311
-229
-166
-176
-199
-217
-192
-144
-140
-174
-213
-234
-282
-355
-401
-385
-345
-327
-317
-275
-178
-84
-53
-23
69
167
210
240
299
391
449
395
284
233
247
255
210
156
141
155
160
136
96
47
-16
-94
-144
-139
-97
-70
-97
-143
-158
-144
-121
-106
-91
-57
-18
-29
-72
-110
-160
-245
-332
-357
-317
-238
-159
-89
-21
32
28
-3
-30
-44
-11
43
105
195
305
355
349
403
528
676
790
837
826
804
820
841
808
707
549
369
226
161
160
174
152
73
-10
-54
-105
-210
-324
-423
-507
-553
-531
-465
-405
-375
-377
-368
-324
-226
-112
-57
-46
-21
45
147
243
257
183
103
94
143
178
140
42
-50
-92
-88
-66
-21
6
-35
-122
-191
-205
-202
-236
-301
-353
-338
-247
-154
-102
-68
-45
-44
-30
40
136
200
231
278
340
385
385
325
218
133
81
42
27
37
34
-12
-96
-186
-259
-338
-422
-485
-515
-521
-524
-535
-572
-627
-684
-696
-650
-574
-506
-454
-400
-329
-254
-183
-104
-40
-4
30
68
104
139
164
173
190
225
260
278
295
325
325
294
295
348
408
456
490
509
543
557
526
500
505
513
461
357
244
137
40
-33
-70
-77
-63
-49
-58
-48
-14
-13
-53
-89
-110
-110
-68
10
94
162
206
228
275
359
431
421
337
265
269
326
352
299
197
89
8
-33
-60
-108
-179
-246
-288
-285
-247
-197
-185
-206
-224
-220
-187
-150
-145
-181
-208
-188
-135
-53
31
86
104
108
119
140
157
155
131
106
97
96
82
41
-32
-130
-236
-324
-366
-371
-385
-429
-488
-531
-543
-551
-583
-637
-677
-690
-685
-660
-626
-578
-519
-460
-396
-319
-228
-147
-78
-19
29
79
125
149
147
129
116
119
122
131
139
136
127
129
158
198
227
237
250
304
402
517
597
606
569
523
494
494
500
472
418
363
317
287
270
255
237
211
161
111
90
92
79
38
-15
-51
-39
19
96
171
223
247
257
283
325
360
353
300
250
254
307
345
323
233
111
1
-68
-104
-142
-190
-233
-267
-284
-267
-233
-231
-261
-290
-298
-275
-227
-193
-194
-207
-211
-211
-188
-129
-69
-51
-49
-30
3
30
38
15
-28
-58
-78
-108
-152
-206
-273
-348
-410
-452
-484
-517
-551
-598
-630
-614
-574
-552
-545
-532
-519
-500
-460
-412
-361
-293
-211
-134
-55
32
95
107
91
80
87
104
118
115
103
90
69
38
8
-13
-9
26
88
164
227
300
427
594
730
767
733
706
740
796
790
699
589
511
434
350
296
283
274
227
141
44
-27
-80
-161
-269
-345
-358
-323
-260
-167
-64
33
108
162
226
326
440
518
551
554
554
566
577
564
517
447
352
219
70
-63
-166
-246
-310
-367
-414
-450
-493
-560
-637
-682
-676
-625
-532
-428
-341
-275
-226
-201
-184
-148
-90
-12
81
165
213
218
192
139
57
-23
-91
-157
-228
-308
-396
-500
-613
-741
-871
-984
-1064
-1100
-1096
-1066
-1025
-970
-913
-854
-777
-671
-563
-467
-366
-251
-124
1
100
142
135
110
79
57
62
75
76
59
25
-21
-82
-165
-249
-256
-111
175
547
1007
1535
2032
2321
2338
2248
2283
2476
2572
2404
2063
1735
1484
1236
916
572
326
136
-128
-394
-537
-662
-925
-1300
-1625
-1765
-1618
-1253
-849
-427
54
493
806
1130
1513
1839
2060
2280
2483
2651
2868
3011
2899
2535
2032
1416
861
531
166
-422
-1084
-1619
-2024
-2289
-2429
-2610
-2826
-2923
-2889
-2772
-2494
-2106
-1816
-1624
-1371
-1067
-742
-401
-169
-102
-35
145
353
583
778
774
551
292
43
-249
-545
-852
-1217
-1577
-1822
-1986
-2121
-2254
-2449
-2731
-2918
-2879
-2683
-2400
-2102
-1848
-1653
-1435
-1195
-1026
-881
-711
-515
-302
-45
187
256
208
137
67
37
86
122
78
58
116
195
257
255
112
-37
47
435
1029
1847
2895
3923
4626
4838
4682
4548
4737
5040
4951
4344
3550
2827
2198
1604
1016
457
31
-286
-581
-762
-824
-1050
-1615
-2256
-2629
-2526
-1945
-1126
-365
278
853
1277
1612
2079
2608
2988
3276
3550
3734
3787
3732
3443
3045
2738
2343
1620
694
-149
-884
-1434
-1858
-2340
-2893
-3272
-3484
-3757
-4011
-4165
-4184
-3961
-3420
-2778
-2165
-1596
-1242
-1219
-1307
-1247
-984
-514
52
515
815
1029
974
602
138
-324
-824
-1232
-1351
-1318
-1333
-1521
-1943
-2530
-3003
-3299
-3463
-3439
-3250
-3060
-2940
-2728
-2460
-2217
-2012
-1851
-1686
-1453
-1152
-918
-744
-588
-542
-569
-519
-430
-453
-542
-622
-648
-454
-96
161
302
533
799
931
974
853
663
810
1456
2375
3525
4993
6300
6940
6878
6381
5919
5965
6280
6023
5046
3902
2871
1932
1134
385
-333
-744
-873
-1042
-1168
-1084
-1222
-1881
-2640
-2963
-2691
-1825
-665
330
1136
1869
2378
2696
3170
3773
4127
4237
4287
4286
4268
4141
3695
2956
2169
1308
357
-383
-874
-1386
-2032
-2649
-3143
-3435
-3593
-3922
-4475
-4908
-4925
-4558
-3862
-2977
-2196
-1656
-1318
-1175
-1191
-1164
-995
-794
-470
92
686
1038
1034
650
-58
-784
-1307
-1612
-1694
-1619
-1626
-1879
-2241
-2620
-3032
-3446
-3783
-3988
-3925
-3551
-3075
-2720
-2563
-2569
-2641
-2560
-2275
-1900
-1502
-1151
-886
-714
-645
-692
-814
-903
-899
-846
-727
-603
-481
-327
-93
220
574
892
1035
1059
1082
1190
1327
1521
1868
2549
3588
4884
6356
7594
8134
7766
6996
6580
6873
7301
6901
5548
3894
2514
1354
321
-546
-1120
-1341
-1346
-1396
-1466
-1425
-1637
-2366
-3140
-3289
-2733
-1574
-173
1021
1850
2469
2854
3022
3422
3917
4110
4029
4065
4167
4254
4320
3921
2894
1493
68
-1163
-1722
-1822
-2231
-3039
-3669
-3921
-4075
-4223
-4581
-5066
-5215
-4716
-3846
-2812
-1790
-1336
-1591
-1964
-1994
-1798
-1405
-879
-362
137
705
1040
939
541
-101
-862
-1354
-1241
-880
-721
-947
-1522
-2270
-2912
-3336
-3638
-3763
-3701
-3536
-3326
-2994
-2699
-2664
-2874
-3166
-3218
-2795
-1999
-1319
-1029
-1022
-1070
-1002
-833
-741
-839
-1001
-1011
-808
-463
-107
93
187
186
194
447
966
1391
1450
1380
1344
1470
1677
1801
1966
2625
3834
4966
6073
7454
8703
9061
8514
7606
7045
7240
7382
6391
4584
3059
1753
415
-711
-1472
-1932
-1970
-1787
-1856
-1809
-1482
-1524
-2145
-2472
-2150
-1435
-407
657
1396
1970
2538
2696
2598
2805
3142
3076
2902
2951
3168
3409
3287
2243
494
-901
-1618
-1853
-2010
-2499
-3421
-4110
-4089
-3935
-4092
-4453
-4759
-4849
-4418
-3558
-2669
-2008
-1849
-2274
-2733
-2625
-2135
-1673
-1265
-749
-165
419
817
838
535
15
-537
-797
-543
-141
-167
-736
-1538
-2310
-2949
-3403
-3669
-3699
-3568
-3417
-3255
-3004
-2801
-2880
-3184
-3371
-3161
-2586
-1886
-1380
-1149
-1172
-1355
-1488
-1392
-1071
-700
-344
-60
233
661
1075
1244
1221
1148
998
965
1239
1628
1907
2094
2175
2179
2293
2393
2349
2571
3291
4129
4814
5451
6208
7186
8173
8408
7638
6729
6299
6083
5632
4691
3202
1688
624
-247
-1060
-1447
-1448
-1468
-1462
-1368
-1339
-1376
-1467
-1771
-2032
-1704
-979
-286
379
1023
1400
1541
1654
1741
1882
2063
2069
1954
2094
2225
1743
680
-440
-1258
-1708
-1977
-2478
-3098
-3395
-3248
-3011
-2879
-2863
-2982
-3040
-2969
-2851
-2711
-2428
-2124
-1989
-1955
-1912
-1861
-1780
-1619
-1426
-1172
-814
-415
-93
149
267
170
-82
-316
-474
-640
-872
-1128
-1358
-1604
-1922
-2331
-2701
-2887
-2909
-2813
-2644
-2501
-2443
-2405
-2284
-2059
-1774
-1512
-1308
-1055
-718
-419
-256
-190
-172
-136
18
267
523
716
805
769
739
793
843
924
1092
1296
1484
1678
1823
1897
1970
1974
1867
1772
1813
1941
2232
2675
3029
3298
3688
4296
4963
5483
5506
4962
4350
4066
3976
3737
3167
2177
1029
163
-395
-834
-1125
-1225
-1262
-1204
-1000
-823
-821
-965
-1295
-1669
-1680
-1226
-624
-117
258
441
530
680
803
809
806
832
937
1315
1862
2065
1610
757
-150
-803
-1112
-1269
-1452
-1656
-1829
-2111
-2405
-2557
-2651
-2778
-2844
-2675
-2307
-1854
-1552
-1569
-1761
-1937
-2022
-1926
-1558
-1036
-604
-271
11
225
334
262
88
-6
104
302
356
168
-274
-886
-1525
-2028
-2290
-2362
-2358
-2349
-2328
-2283
-2283
-2331
-2380
-2377
-2268
-2006
-1584
-1112
-685
-393
-295
-299
-286
-170
24
274
533
725
874
1055
1210
1220
1131
1077
1117
1259
1437
1505
1447
1389
1363
1299
1282
1350
1334
1252
1269
1435
1664
1875
1949
1888
2031
2505
3098
3568
3842
3793
3435
3089
2888
2684
2301
1699
972
401
139
-20
-266
-508
-656
-765
-819
-754
-650
-629
-713
-857
-924
-772
-450
-161
22
218
456
635
799
1001
1158
1215
1190
1093
905
736
547
200
-271
-777
-1268
-1664
-1815
-1832
-1956
-2098
-2103
-2005
-1891
-1822
-1852
-1930
-1882
-1758
-1674
-1515
-1258
-1072
-974
-830
-638
-461
-295
-123
95
351
526
522
418
291
70
-285
-651
-928
-1148
-1393
-1689
-1925
-2093
-2262
-2454
-2589
-2623
-2609
-2548
-2410
-2162
-1816
-1510
-1325
-1181
-963
-707
-453
-172
105
373
606
795
960
1134
1280
1304
1325
1430
1572
1653
1586
1345
1014
821
864
1018
1139
1154
1137
1170
1248
1273
1127
958
908
968
1058
1204
1438
1651
1912
2328
2883
3488
4013
4227
4030
3697
3471
3297
3089
2755
2212
1577
1049
669
320
47
-142
-320
-421
-409
-373
-428
-537
-709
-914
-931
-789
-631
-455
-242
-88
-19
62
159
428
922
1314
1335
1055
627
172
-142
-367
-742
-1227
-1592
-1833
-1976
-2026
-2099
-2228
-2226
-2049
-1854
-1667
-1553
-1638
-1864
-2027
-2079
-2044
-1921
-1780
-1690
-1589
-1430
-1294
-1196
-1111
-1022
-896
-672
-440
-406
-614
-1006
-1465
-1897
-2305
-2676
-2956
-3112
-3196
-3235
-3177
-3068
-3021
-3037
-2972
-2747
-2398
-1986
-1586
-1219
-833
-432
-93
198
540
913
1195
1452
1786
2117
2289
2268
2150
2058
2037
1948
1741
1494
1328
1265
1273
1341
1368
1289
1121
1019
1022
1006
853
614
497
598
870
1118
1256
1457
1841
2334
2921
3687
4555
5340
5945
6208
6084
5819
5518
5103
4524
3862
3131
2384
1781
1233
728
341
28
-303
-560
-633
-713
-910
-1234
-1636
-1937
-2003
-1872
-1690
-1455
-1185
-982
-793
-559
-400
-322
-141
380
1277
2142
2297
1538
499
-151
-286
-255
-463
-1017
-1652
-2016
-2148
-2259
-2447
-2691
-2869
-2830
-2572
-2289
-2210
-2484
-3032
-3556
-3737
-3532
-3143
-2800
-2597
-2457
-2332
-2256
-2273
-2352
-2421
-2367
-2138
-1839
-1623
-1665
-2075
-2670
-3145
-3354
-3334
-3154
-2899
-2659
-2426
-2233
-2140
-2139
-2131
-1985
-1636
-1058
-417
89
431
633
776
969
1209
1396
1537
1738
1944
2077
2139
2102
1929
1662
1442
1342
1388
1501
1479
1249
985
962
1182
1415
1482
1420
1417
1623
2001
2266
2298
2303
2477
2832
3310
3846
4368
4923
5554
6095
6421
6567
6526
6264
5881
5505
5064
4530
3898
3100
2214
1430
851
390
8
-307
-612
-852
-983
-1126
-1403
-1723
-2029
-2291
-2336
-2121
-1827
-1602
-1394
-1152
-779
-229
277
534
689
984
1332
1509
1352
855
206
-307
-646
-998
-1473
-1995
-2386
-2556
-2591
-2677
-2843
-3065
-3345
-3693
-4015
-4197
-4296
-4449
-4690
-4840
-4791
-4598
-4385
-4209
-4011
-3732
-3373
-2985
-2588
-2199
-1869
-1677
-1580
-1463
-1305
-1245
-1361
-1536
-1658
-1722
-1798
-1902
-2018
-2063
-1989
-1853
-1702
-1563
-1433
-1345
-1284
-1184
-1002
-748
-525
-327
-94
181
446
667
911
1213
1513
1744
1917
2126
2393
2629
2745
2716
2612
2507
2465
2556
2775
3043
3192
3188
3162
3208
3217
3080
2901
2805
2865
3062
3260
3336
3342
3386
3506
3774
4221
4700
5084
5371
5576
5697
5668
5404
4930
4448
4065
3677
3243
2791
2279
1661
1073
608
201
-206
-641
-1070
-1380
-1554
-1729
-1943
-2123
-2257
-2379
-2434
-2358
-2207
-2005
-1737
-1477
-1258
-1043
-868
-708
-499
-337
-402
-710
-1101
-1376
-1482
-1618
-1959
-2403
-2752
-2992
-3202
-3418
-3681
-3981
-4250
-4481
-4665
-4764
-4864
-5043
-5215
-5256
-5149
-4879
-4513
-4188
-3868
-3411
-2821
-2254
-1811
-1527
-1407
-1326
-1172
-981
-839
-813
-956
-1163
-1256
-1234
-1176
-1135
-1138
-1132
-1026
-860
-765
-760
-826
-947
-989
-806
-420
-29
248
456
667
961
1272
1540
1828
2221
2736
3223
3495
3518
3457
3419
3379
3286
3176
3200
3354
3452
3360
3146
2996
2966
2994
2952
2805
2730
2790
2858
2797
2632
2476
2422
2484
2526
2576
2753
3015
3228
3316
3364
3434
3560
3680
3648
3513
3347
3139
2861
2578
2334
2082
1887
1779
1671
1520
1372
1216
989
778
592
385
177
-48
-347
-718
-1080
-1431
-1728
-1908
-2077
-2319
-2569
-2774
-2960
-3128
-3257
-3369
-3402
-3385
-3447
-3619
-3796
-3846
-3834
-3857
-3905
-3903
-3843
-3804
-3795
-3794
-3743
-3663
-3653
-3653
-3572
-3411
-3251
-3133
-3074
-3077
-3038
-2943
-2809
-2663
-2538
-2429
-2381
-2382
-2423
-2469
-2491
-2484
-2442
-2399
-2325
-2215
-2089
-1979
-1908
-1831
-1708
-1473
-1122
-716
-295
40
285
491
728
1030
1345
1657
1952
2292
2660
2974
3235
3393
3458
3501
3586
3695
3822
3945
3993
3971
3880
3781
3714
3618
3473
3327
3241
3199
3193
3202
3132
3008
2878
2769
2682
2581
2511
2491
2490
2466
2459
2505
2565
2626
2664
2726
2830
2957
3102
3235
3325
3311
3231
3089
2877
2678
2504
2295
2041
1791
1540
1259
926
546
188
-134
-421
-668
-902
-1128
-1384
-1681
-2015
-2363
-2705
-3051
-3338
-3537
-3616
-3583
-3570
-3632
-3724
-3762
-3751
-3731
-3745
-3846
-3966
-4009
-3962
-3897
-3869
-3914
-4055
-4158
-4077
-3868
-3660
-3533
-3479
-3398
-3188
-2891
-2651
-2517
-2462
-2426
-2345
-2150
-1935
-1830
-1805
-1812
-1796
-1739
-1671
-1672
-1743
-1770
-1734
-1647
-1546
-1457
-1401
-1397
-1355
-1232
-1010
-706
-367
4
363
670
930
1194
1509
1819
2078
2281
2488
2722
2968
3158
3225
3270
3372
3502
3580
3607
3631
3614
3537
3411
3312
3290
3265
3173
3046
2959
2868
2715
2574
2480
2425
2411
2430
2444
2443
2451
2414
2356
2334
2321
2316
2316
2299
2300
2359
2387
2321
2224
2154
2112
2084
2093
2093
2006
1864
1672
1436
1202
952
676
436
262
87
-91
-240
-397
-541
-650
-750
-877
-1032
-1191
-1377
-1565
-1723
-1898
-2114
-2317
-2460
-2575
-2710
-2906
-3125
-3290
-3425
-3550
-3666
-3763
-3850
-3934
-3974
-3977
-3973
-3971
-3966
-3934
-3824
-3601
-3312
-3026
-2794
-2560
-2278
-2000
-1740
-1515
-1339
-1191
-1075
-993
-923
-824
-742
-731
-766
-804
-804
-797
-808
-849
-910
-937
-916
-872
-834
-794
-742
-663
-521
-343
-143
69
277
497
734
970
1157
1306
1483
1690
1888
2043
2162
2253
2331
2419
2502
2575
2625
2645
2655
2662
2656
2621
2568
2487
2397
2324
2258
2181
2081
1986
1933
1926
1967
2028
2075
2109
2142
2153
2123
2060
1985
1911
1830
1735
1633
1541
1465
1384
1279
1161
1066
997
928
845
728
610
510
387
233
84
-37
-152
-263
-340
-381
-381
-364
-375
-424
-459
-487
-550
-626
-714
-828
-967
-1136
-1331
-1533
-1709
-1881
-2055
-2200
-2320
-2428
-2515
-2567
-2591
-2613
-2651
-2730
-2804
-2817
-2805
-2804
-2794
-2743
-2670
-2591
-2474
-2285
-2053
-1860
-1714
-1598
-1470
-1292
-1120
-992
-894
-796
-701
-599
-500
-443
-408
-377
-360
-339
-306
-278
-264
-249
-215
-168
-102
-39
-2
29
80
151
245
359
477
595
705
806
917
1024
1093
1122
1142
1185
1244
1284
1305
1336
1380
1427
1476
1516
1540
1536
1530
1544
1565
1596
1622
1620
1607
1612
1624
1616
1604
1601
1617
1660
1713
1736
1709
1638
1531
1420
1346
1285
1199
1084
951
829
727
647
573
491
405
321
257
228
236
247
215
163
139
132
117
81
29
-4
-19
-39
-67
-87
-106
-159
-236
-313
-377
-433
-503
-620
-751
-845
-921
-1010
-1086
-1145
-1201
-1260
-1330
-1406
-1468
-1513
-1574
-1650
-1699
-1720
-1744
-1793
-1856
-1920
-1948
-1926
-1892
-1849
-1780
-1702
-1638
-1572
-1485
-1389
-1302
-1217
-1130
-1033
-935
-850
-780
-716
-657
-593
-521
-452
-391
-328
-247
-167
-112
-66
-19
25
66
119
192
272
335
374
406
445
492
540
583
624
655
695
749
792
819
835
842
858
894
941
992
1044
1086
1114
1146
1187
1244
1299
1345
1386
1430
1469
1489
1472
1424
1375
1343
1322
1308
1298
1291
1269
1217
1149
1079
1015
962
901
825
757
694
614
529
443
357
283
224
184
153
118
72
19
-26
-60
-94
-126
-152
-179
-212
-241
-265
-279
-280
-289
-305
-320
-329
-344
-366
-388
-407
-431
-474
-530
-589
-641
-686
-743
-809
-871
-927
-972
-1011
-1060
-1108
-1147
-1188
-1221
-1243
-1260
-1273
-1273
-1255
-1221
-1182
-1145
-1104
-1051
-995
-941
-899
-866
-822
-762
-701
-661
-629
-593
-562
-528
-485
-441
-386
-330
-286
-240
-176
-111
-61
-20
15
46
79
120
159
192
224
257
281
300
328
367
402
436
477
517
545
558
565
572
580
596
619
642
670
700
729
759
782
801
820
841
867
888
898
898
892
880
871
864
847
825
810
812
817
813
798
781
762
743
718
683
640
589
532
478
428
365
291
222
167
127
92
54
10
-39
-82
-115
-137
-146
-155
-168
-188
-204
-213
-215
-221
-228
-228
-223
-223
-225
-242
-268
-288
-303
-324
-350
-379
-415
-453
-479
-489
-503
-527
-559
-595
-624
-639
-648
-660
-667
-675
-695
-718
-726
-723
-726
-736
-740
-730
-707
-682
-668
-657
-634
-606
-589
-571
-534
-488
-447
-421
-401
-370
-321
-265
-216
-178
-142
-106
-70
-39
-9
22
49
65
83
113
148
173
189
205
226
246
257
268
288
307
319
332
349
365
369
361
351
356
371
388
403
410
421
438
457
470
482
494
500
500
505
514
518
510
492
484
483
484
481
481
482
485
491
494
492
482
461
435
411
391
372
344
305
267
242
221
195
169
137
100
65
33
2
-25
-48
-81
-117
-139
-152
-166
-184
-203
-213
-216
-221
-231
-244
-249
-254
-267
-278
-283
-287
-295
-306
-319
-335
-350
-361
-371
-379
-382
-389
-405
-419
-425
-429
-439
-444
-437
-422
-414
-417
-421
-415
-405
-397
-388
-374
-363
-355
-349
-344
-332
-308
-289
-282
-278
-266
-247
-226
-206
-186
-165
-143
-121
-96
-65
-37
-19
-1
24
52
81
107
134
162
192
216
231
247
266
279
283
281
280
283
282
276
271
268
266
264
264
260
257
256
255
253
256
260
261
260
259
256
257
259
260
260
263
273
285
295
306
311
311
307
305
305
297
285
271
259
249
236
221
209
191
167
142
118
99
80
62
43
16
-13
-36
-59
-86
-109
-120
-127
-136
-146
-155
-159
-165
-168
-173
-181
-194
-205
-211
-217
-221
-223
-225
-230
-233
-229
-217
-212
-212
-216
-222
-227
-229
-225
-222
-226
-231
-231
-228
-227
-229
-226
-221
-220
-219
-221
-221
-220
-216
-211
-211
-210
-204
-197
-190
-187
-183
-177
-165
-151
-137
-120
-102
-88
-72
-53
-35
-20
-5
18
44
70
91
110
123
133
146
162
177
182
179
176
179
183
191
197
193
184
179
178
180
179
173
167
163
161
160
158
153
148
138
133
132
132
134
136
136
139
141
144
148
150
152
159
169
180
188
193
190
183
176
171
163
154
145
132
119
106
90
72
53
35
17
-3
-21
-34
-44
-60
-74
-85
-90
-94
-95
-99
-105
-111
-117
-122
-124
-125
-127
-131
-132
-133
-132
-133
-133
-138
-142
-142
-143
-140
-137
-137
-137
-135
-132
-129
-132
-134
-136
-136
-131
-126
-125
-123
-118
-114
-110
-103
-95
-90
-87
-86
-83
-78
-73
-69
-65
-65
-67
-66
-63
-64
-66
-64
-58
-54
-46
-35
-28
-24
-16
-5
7
15
24
34
45
56
66
73
84
93
98
104
110
115
120
126
128
129
132
130
127
122
116
109
101
95
87
82
78
74
71
67
62
59
59
60
60
64
68
71
75
81
90
95
98
101
102
101
100
97
92
91
87
78
72
65
57
47
34
21
9
-1
-9
-16
-21
-31
-40
-47
-52
-55
-58
-61
-62
-62
-62
-62
-64
-65
-66
-64
-61
-59
-60
-60
-61
-65
-68
-70
-72
-75
-76
-79
-83
-86
-90
-92
-94
-95
-96
-94
-90
-85
-81
-78
-75
-65
-56
-47
-35
-25
-16
-8
-1
6
12
19
21
18
18
17
18
17
14
8
1
-4
-8
-11
-11
-10
-12
-16
-16
-13
-10
-6
-4
-3
0
7
13
17
21
26
34
40
45
50
52
56
56
56
57
59
59
60
58
57
56
53
51
49
47
41
38
34
27
24
20
16
13
12
12
12
13
13
17
20
21
24
29
30
28
27
29
29
32
29
27
24
21
18
15
9
0
-9
-13
-18
-21
-24
-29
-31
-32
-29
-25
-24
-24
