8
17
29
33
28
22
23
27
22
12
7
-2
-4
-10
-21
-31
-59
-82
-89
-90
-96
-124
-162
-181
-183
-191
-195
-207
-204
-195
-211
-221
-207
-181
-119
-75
-72
-66
-70
-34
25
63
85
114
120
166
220
204
184
142
204
324
375
310
200
173
268
412
358
286
249
319
551
617
601
447
183
211
600
1073
1127
539
-216
-224
407
828
632
-52
-231
83
72
-350
-770
-591
-80
-80
-641
-956
-825
-600
-729
-1063
-774
-153
-14
-484
-960
-780
-101
266
209
241
487
633
614
673
1032
1326
971
546
702
1432
1604
646
-610
-916
-35
460
-36
-1074
-1553
-1286
-1267
-1692
-2110
-2087
-1916
-2032
-2423
-2534
-2353
-2319
-2379
-2279
-1782
-1256
-1282
-1620
-1565
-982
-229
231
240
266
388
566
774
1017
1394
1701
1759
1542
1472
1576
1774
1863
1751
1750
1731
1707
1599
1418
1307
1375
1357
1314
1331
1350
1756
1998
1871
1218
468
755
2096
3184
2555
618
-921
-323
1242
1756
853
-428
-358
182
-213
-1339
-1866
-1089
-196
-521
-1702
-2193
-1841
-1540
-1841
-2132
-1405
-457
-617
-1616
-2153
-1443
-280
58
-174
-37
354
616
385
219
945
1603
1649
1120
621
635
785
663
414
275
-240
-580
-855
-973
-855
-1278
-1634
-1821
-1977
-2072
-2354
-2569
-2390
-2210
-2238
-2243
-2279
-2107
-1745
-1544
-1362
-1154
-1013
-578
-99
128
337
366
525
849
1086
1353
1526
1609
1553
1528
1604
1720
1842
1762
1725
1641
1537
1447
1379
1358
1273
1237
1051
1035
1029
1065
1449
1619
1555
964
278
535
1644
2518
2029
448
-838
-302
1044
1503
736
-542
-549
83
-42
-923
-1615
-1132
-281
-445
-1482
-2001
-1703
-1302
-1516
-1952
-1441
-609
-623
-1427
-2005
-1417
-301
-27
-361
-398
4
528
438
260
578
974
1069
927
925
1094
985
286
-41
215
625
535
-325
-870
-826
-603
-669
-1073
-1389
-1411
-1454
-1657
-1724
-1669
-1572
-1593
-1691
-1504
-1183
-1076
-1132
-1170
-896
-387
9
165
178
166
301
564
807
1132
1268
1235
1195
1122
1174
1305
1389
1409
1411
1230
1152
1123
999
1067
954
866
915
815
770
702
728
1154
1417
1188
609
90
446
1523
2102
1405
21
-913
-189
1030
1156
343
-700
-550
88
-191
-1106
-1559
-962
-244
-606
-1674
-1982
-1506
-1162
-1461
-1858
-1357
-585
-747
-1511
-1753
-1011
-74
-70
-520
-350
194
545
470
358
830
1189
931
608
800
1261
1239
565
2
318
667
498
-75
-535
-322
-166
-441
-849
-1097
-1075
-1050
-1198
-1258
-1187
-1282
-1383
-1373
-1237
-960
-880
-949
-887
-699
-451
-228
-107
39
214
255
326
428
623
880
937
887
757
792
977
1052
1006
897
866
910
942
836
760
692
662
703
604
616
593
655
953
1082
954
444
54
346
1243
1758
1166
-3
-808
-183
840
985
300
-543
-388
112
-85
-839
-1201
-668
-43
-301
-1199
-1512
-1154
-836
-976
-1261
-914
-391
-558
-1140
-1331
-722
42
99
-257
-216
168
423
377
326
659
937
821
576
595
836
766
361
93
335
602
349
-194
-518
-326
-66
-244
-653
-939
-972
-914
-995
-1046
-975
-960
-1100
-1252
-1225
-982
-748
-737
-769
-720
-571
-377
-297
-184
-16
92
169
225
321
476
580
559
605
671
764
786
675
714
769
822
737
661
686
764
734
517
481
454
609
651
571
839
950
855
384
-58
250
1039
1564
1043
-18
-677
-185
734
852
309
-383
-236
227
22
-574
-943
-478
121
-82
-818
-1159
-879
-573
-707
-1001
-731
-254
-349
-874
-1142
-692
-29
-2
-297
-325
-24
297
168
60
272
524
520
419
485
599
514
62
72
457
642
402
-258
-408
-50
168
-5
-387
-579
-538
-570
-700
-634
-545
-604
-788
-1008
-921
-675
-604
-598
-595
-578
-510
-516
-443
-182
-34
-16
-25
-23
127
272
309
352
399
467
506
518
556
610
605
546
590
646
726
671
474
437
445
563
551
396
368
594
912
830
414
-103
-15
690
1347
1198
226
-548
-431
438
821
409
-240
-350
123
197
-346
-870
-610
31
124
-460
-984
-900
-608
-588
-802
-743
-325
-249
-722
-1134
-910
-260
28
-191
-381
-228
-14
102
85
181
421
408
254
273
574
644
342
9
153
587
564
199
-209
-133
250
284
-56
-410
-424
-300
-322
-425
-431
-454
-621
-748
-763
-612
-416
-445
-554
-591
-532
-441
-416
-317
-139
-41
-69
-83
-64
17
161
284
355
336
352
371
391
457
505
550
578
574
546
529
526
548
479
375
421
463
414
289
295
543
694
476
-23
-242
200
968
1042
235
-572
-638
185
678
315
-315
-514
2
293
-175
-779
-658
-23
234
-207
-782
-764
-433
-325
-470
-552
-270
-104
-479
-820
-649
-130
112
-151
-355
-169
56
91
39
67
331
418
191
114
391
597
361
-2
7
457
595
258
-128
-186
217
399
71
-323
-360
-131
-77
-279
-425
-406
-438
-514
-547
-544
-404
-345
-496
-571
-495
-366
-318
-324
-231
-92
-92
-155
-153
-92
86
232
253
195
189
253
296
376
475
534
473
391
404
450
529
553
452
351
314
340
274
168
138
324
575
500
181
-300
-327
243
817
768
34
-583
-533
132
472
191
-274
-337
110
212
-232
-647
-441
130
292
-131
-579
-555
-283
-176
-329
-369
-105
-27
-342
-621
-478
-66
108
-77
-222
-113
6
20
-55
17
304
384
199
43
173
315
273
172
212
394
343
135
-49
4
268
315
76
-150
-162
-94
-130
-242
-263
-218
-252
-344
-447
-482
-363
-282
-330
-369
-372
-352
-349
-324
-245
-172
-152
-154
-153
-134
-38
31
56
117
184
226
199
197
246
337
393
385
368
312
348
349
301
291
255
265
212
155
126
144
304
367
234
-54
-229
-31
394
605
233
-317
-508
-92
392
277
-145
-375
-59
304
106
-379
-518
-49
374
195
-313
-506
-254
-5
-44
-235
-197
-14
-89
-334
-397
-154
97
45
-139
-126
15
53
-18
-48
109
309
276
74
10
114
216
216
182
234
228
112
-4
-21
112
214
124
-75
-190
-166
-127
-153
-184
-175
-210
-305
-383
-409
-338
-233
-232
-295
-338
-337
-310
-300
-235
-143
-107
-114
-143
-151
-96
17
87
126
136
137
164
176
236
268
271
299
313
312
256
211
219
259
275
225
147
76
87
99
124
229
228
118
-100
-223
-25
304
417
90
-312
-388
-28
299
180
-125
-240
35
257
63
-268
-276
104
351
155
-228
-317
-77
100
19
-148
-91
53
-26
-227
-269
-69
123
68
-99
-133
-26
50
-8
-55
53
174
147
28
-21
20
75
101
126
150
97
-11
-98
-36
113
141
15
-138
-174
-129
-107
-116
-131
-145
-179
-241
-304
-306
-213
-153
-164
-219
-286
-286
-252
-185
-127
-100
-88
-109
-129
-136
-63
46
114
124
84
67
90
156
221
238
244
236
202
181
207
242
234
191
146
136
142
96
26
-10
53
212
234
51
-161
-212
-36
224
287
35
-221
-225
13
183
60
-106
-80
134
257
68
-197
-142
183
328
135
-122
-120
59
103
-17
-92
1
135
37
-189
-201
-10
103
13
-109
-76
30
8
-90
-114
3
131
86
-66
-103
-10
57
54
27
32
25
-20
-34
-5
39
46
-11
-77
-77
-47
-70
-112
-113
-91
-100
-162
-209
-202
-156
-110
-119
-170
-190
-171
-168
-164
-127
-79
-64
-93
-127
-115
-51
20
38
14
29
77
106
90
89
128
158
185
178
153
137
135
126
120
134
132
80
7
-18
3
36
44
66
46
-31
-113
-161
-62
135
227
55
-188
-236
-32
196
176
29
-43
82
226
142
-44
-35
204
351
218
-31
-102
53
188
146
15
-8
73
38
-99
-138
-18
96
45
-96
-149
-80
-33
-62
-105
-32
80
27
-122
-180
-76
73
109
21
-61
-67
-35
-10
-6
27
52
3
-73
-104
-88
-51
-29
-42
-73
-106
-140
-159
-145
-91
-57
-84
-125
-147
-156
-140
-105
-69
-45
-51
-87
-117
-89
-14
36
32
15
21
32
54
69
95
122
127
107
74
83
113
114
80
60
62
54
23
-22
-37
-23
-3
-12
-38
-17
-2
-39
-107
-117
-8
139
159
-3
-155
-133
83
253
178
26
-10
126
240
161
23
45
225
307
168
-29
-38
122
197
120
0
-8
59
21
-78
-89
3
72
-10
-133
-141
-49
-3
-54
-98
-63
10
-11
-93
-110
-50
15
4
-25
-34
-31
-45
-68
-46
8
27
-38
-119
-121
-62
-20
-37
-82
-103
-98
-86
-92
-93
-75
-53
-56
-81
-100
-91
-69
-41
-21
-24
-34
-49
-53
-31
15
53
46
12
-12
12
59
92
79
47
38
43
56
53
42
36
30
29
15
-3
-19
-32
-34
-22
-31
-45
-51
-30
22
21
-27
-72
-54
43
144
133
15
-54
-4
132
206
147
64
66
160
205
130
55
96
202
217
111
9
28
113
125
54
-9
13
58
8
-66
-69
-15
17
-26
-77
-71
-34
-35
-72
-75
-34
-8
-51
-109
-97
-37
-9
-39
-79
-75
-43
-43
-71
-77
-46
-17
-41
-89
-94
-62
-35
-40
-64
-67
-55
-52
-57
-51
-29
-14
-26
-54
-50
-19
-1
-7
-21
-19
-8
-3
-10
-11
4
15
11
-3
0
16
19
15
7
8
12
8
4
7
14
15
0
-17
-12
2
-3
-19
-25
-23
-16
-18
-34
-31
-9
31
41
6
-27
-25
33
107
136
75
-5
-6
76
163
151
83
52
96
158
136
64
53
125
172
123
39
15
64
101
71
25
14
36
20
-38
-51
-6
30
2
-51
-68
-52
-40
-58
-68
-45
-18
-41
-101
-117
-74
-33
-40
-69
-77
-63
-53
-66
-73
-48
-8
-13
-58
-78
-51
-13
-5
-19
-26
-15
-8
-21
-36
-20
16
23
-13
-36
-24
-3
-2
-19
-31
-23
-8
-16
-34
-34
-16
-8
-22
-28
-26
-20
-17
-14
-10
-9
-10
-16
-15
-4
8
3
-4
-1
1
-1
-6
-5
3
4
0
-8
-13
-13
-3
8
29
50
32
-4
-20
15
84
127
94
22
-3
41
118
136
94
63
81
123
119
73
55
101
146
121
52
16
45
80
65
20
4
24
19
-29
-60
-39
5
4
-42
-82
-81
-55
-52
-62
-59
-48
-61
-92
-98
-64
-31
-33
-56
-63
-43
-25
-32
-38
-14
13
7
-30
-49
-27
7
14
-1
-18
-22
-15
-21
-23
-9
-1
-13
-37
-48
-34
-16
-20
-33
-40
-40
-34
-38
-39
-23
-12
-17
-30
-32
-20
-10
-8
-10
-4
4
3
-9
-17
-1
16
23
14
2
-2
0
4
12
18
15
5
-5
-8
2
10
10
14
25
43
45
24
10
24
67
104
102
56
23
34
80
116
107
79
61
69
82
75
62
62
82
83
54
18
6
21
33
27
6
-10
-16
-27
-41
-39
-23
-13
-26
-50
-63
-57
-48
-38
-31
-30
-33
-52
-68
-56
-24
-4
-15
-34
-42
-33
-24
-26
-24
-16
-8
-18
-40
-45
