-3
-7
-8
-10
-11
-10
-7
-4
-6
-7
-9
-11
-10
-4
-4
-5
-1
-3
-6
1
8
15
21
24
16
12
36
69
94
144
185
177
152
167
200
225
286
346
368
352
295
272
281
274
286
293
279
256
186
111
81
14
-66
-71
-104
-201
-240
-285
-380
-448
-458
-447
-463
-479
-489
-479
-509
-578
-552
-464
-402
-382
-332
-315
-381
-413
-440
-396
-325
-287
-220
-211
-264
-368
-468
-516
-555
-542
-465
-460
-568
-642
-731
-889
-947
-876
-791
-795
-737
-698
-766
-749
-690
-607
-513
-394
-197
-19
111
322
622
938
1363
1827
2137
2335
2425
2552
2821
3089
3402
3711
3750
3550
3322
3040
2796
2650
2565
2507
2288
1923
1432
780
238
-125
-531
-913
-1143
-1401
-1799
-2241
-2566
-2749
-2847
-2805
-2571
-2325
-2282
-2204
-1932
-1650
-1375
-924
-394
0
338
492
563
704
627
577
729
959
1020
759
441
38
-425
-776
-924
-937
-1126
-1453
-1792
-2212
-2686
-2961
-2978
-2985
-3083
-3180
-3198
-3121
-3035
-2899
-2549
-2263
-2051
-1753
-1430
-1003
-620
-338
-100
99
253
413
803
1170
1277
1303
1320
1280
1215
1443
1804
1927
2087
2311
2765
3557
4147
4241
3812
3198
3081
3434
4349
5417
5731
5247
3921
2627
2009
2323
3373
3861
3729
2951
1567
215
-784
-769
-298
-373
-968
-1920
-2826
-3467
-3817
-3837
-3723
-3604
-3762
-3956
-3881
-3561
-2820
-2292
-2200
-2041
-1831
-1383
-711
20
890
1156
772
256
82
678
1283
1643
1727
1186
246
-631
-936
-770
-578
-641
-1130
-1947
-2955
-3587
-3628
-3503
-3388
-3432
-3607
-3827
-4054
-3883
-3350
-2911
-2542
-2169
-1768
-1452
-1223
-810
-301
202
695
1298
1753
1836
1848
1897
1996
2149
2447
2665
2649
2431
2024
1903
2085
2339
2691
2973
3239
3362
3797
4460
4421
4142
3893
3731
3967
4474
5216
5692
5132
3953
2728
2071
2239
2608
3072
3110
2276
852
-863
-1964
-2200
-2073
-2058
-2487
-3331
-4460
-5263
-5755
-5923
-5490
-4931
-4491
-4405
-4368
-4054
-3798
-3459
-2968
-2131
-919
-100
340
557
413
490
648
1022
1874
2449
2563
2089
1203
547
244
275
372
293
-130
-1088
-2196
-3001
-3279
-3167
-3097
-3112
-3290
-3704
-4092
-4135
-3789
-3248
-2544
-1901
-1524
-1366
-1294
-1023
-404
364
1187
2033
2389
2243
2106
2125
2314
2654
3140
3430
3273
2828
2397
2032
1863
2125
2442
2556
2438
2462
2837
3112
3256
3045
2489
2166
2003
2436
3397
3992
3987
3072
1641
755
719
1416
2326
2751
2510
1376
-157
-1369
-1879
-1446
-911
-969
-1649
-2679
-3651
-4408
-4602
-4186
-3618
-3352
-3441
-3601
-3690
-3719
-3486
-2885
-2377
-1973
-1347
-796
-575
-424
-190
71
286
558
1076
1515
1609
1458
1038
695
531
501
633
648
388
-202
-813
-1206
-1459
-1374
-1056
-1032
-1253
-1523
-1838
-1912
-1696
-1224
-667
-320
-187
-308
-454
-404
-166
348
1017
1500
1629
1484
1217
1043
1050
1228
1550
1683
1443
1042
611
205
-34
-151
-114
-50
-113
-59
79
363
841
1093
974
623
390
674
1298
2259
3179
3263
2686
1784
1107
1279
2148
3295
3887
3589
2731
1390
297
-21
394
1030
1031
344
-908
-2282
-3112
-3383
-3148
-2723
-2616
-2851
-3433
-3976
-4063
-3799
-3288
-2873
-2525
-2065
-1812
-1577
-1185
-739
-379
-161
187
578
1096
1584
1731
1809
1658
1511
1696
1801
1903
1865
1454
994
502
234
200
124
77
-211
-691
-1139
-1524
-1550
-1407
-1285
-1154
-1283
-1507
-1706
-1798
-1741
-1534
-1120
-880
-748
-673
-888
-1001
-924
-775
-444
-142
0
-103
-375
-616
-698
-678
-495
-245
-193
-121
-160
-188
38
511
1458
2256
2508
2502
2167
2051
2479
3306
4586
5257
5212
4641
3500
3068
3354
4007
4912
5099
4629
3507
1976
1115
638
783
1080
542
-239
-1578
-2935
-3698
-4092
-3737
-3543
-3666
-3875
-4553
-4926
-4794
-4278
-3562
-3017
-2450
-2119
-1930
-1416
-891
-371
19
305
810
1151
1527
2053
2233
2160
1789
1470
1510
1605
1816
1789
1365
636
-261
-758
-888
-853
-755
-948
-1537
-2397
-3135
-3305
-3090
-2753
-2349
-2243
-2503
-2942
-3227
-3154
-2863
-2390
-1995
-1734
-1559
-1553
-1568
-1298
-894
-568
-301
-121
89
106
166
502
745
786
885
1017
929
964
1262
1610
1891
2298
2885
3257
3299
3267
3133
3274
3719
4283
5076
5390
5152
4519
3714
3406
3569
4078
4752
4768
4160
3088
1752
954
604
783
1046
678
-143
-1375
-2508
-3254
-3673
-3411
-3070
-3106
-3452
-4006
-4324
-4537
-4355
-3714
-3228
-2720
-2362
-2324
-2236
-2045
-1612
-1074
-517
67
336
445
493
470
627
886
1164
1281
1130
902
583
277
97
9
29
-89
-458
-845
-1219
-1517
-1673
-1743
-1655
-1674
-1887
-2086
-2319
-2469
-2430
-2256
-1965
-1696
-1530
-1455
-1469
-1420
-1162
-697
-128
257
543
772
722
749
936
1275
1736
1947
2065
2032
1834
1732
1703
1883
2027
2027
2048
1839
1583
1509
1625
1972
2169
2218
2081
1593
1313
1304
1633
2254
2533
2501
1966
1209
854
800
1208
1657
1795
1693
1031
216
-357
-657
-392
-91
-59
-308
-981
-1591
-2162
-2389
-2019
-1726
-1554
-1682
-2077
-2353
-2565
-2383
-1944
-1523
-1163
-1077
-1092
-1182
-1204
-881
-563
-321
-156
-160
-141
-217
-237
-105
-33
33
-69
-199
-246
-402
-427
-414
-451
-473
-604
-677
-771
-919
-907
-856
-832
-808
-728
-636
-652
-618
-564
-516
-374
-219
-26
160
237
296
335
393
530
721
909
962
952
904
840
876
949
1066
1170
1135
1057
989
929
864
863
922
851
724
663
599
512
495
515
497
369
272
229
213
267
302
295
203
61
-12
-3
67
193
305
301
159
43
-48
-9
130
215
285
261
157
-15
-172
-158
-70
-21
23
-27
-141
-325
-500
-501
-468
-403
-358
-416
-522
-734
-809
-746
-757
-677
-577
-539
-601
-699
-668
-627
-564
-419
-271
-108
-58
-77
-61
-58
-28
39
146
224
254
284
220
120
87
67
141
207
193
183
125
30
-79
-90
5
15
-65
-133
-194
-283
-327
-248
-161
-103
-21
-4
-36
3
81
175
297
447
555
566
550
542
586
640
699
754
711
630
555
466
425
379
317
248
98
-80
-234
-379
-489
-568
-671
-777
-905
-1045
-1109
-1151
-1163
-1141
-1152
-1148
-1113
-1067
-986
-859
-729
-641
-539
-390
-284
-193
-20
153
292
420
530
629
697
739
801
865
897
940
970
964
942
885
821
785
734
678
698
709
641
565
509
453
381
356
412
476
473
413
340
279
239
221
275
335
348
308
213
121
41
16
30
6
-44
-129
-217
-332
-450
-487
-502
-520
-544
-564
-569
-627
-689
-673
-638
-561
-459
-404
-363
-359
-336
-316
-283
-176
-98
-35
3
-31
-77
-66
-47
-59
-48
-16
-60
-133
-181
-225
-241
-250
-245
-280
-359
-399
-425
-438
-431
-414
-373
-390
-449
-466
-426
-381
-321
-231
-175
-144
-113
-133
-145
-100
-48
14
71
108
111
94
102
83
86
142
193
234
253
266
268
266
292
320
372
432
456
473
491
506
506
515
547
553
568
598
575
561
556
532
543
544
537
533
512
484
438
393
364
343
331
318
296
241
186
143
88
74
50
7
-1
-46
-100
-139
-175
-200
-242
-276
-309
-360
-385
-394
-406
-419
-432
-445
-485
-511
-488
-459
-423
-386
-362
-358
-365
-346
-317
-272
-214
-182
-154
-144
-147
-144
-130
-75
-31
-25
-18
-20
-20
-34
-39
-12
3
-16
-53
-77
-105
-143
-149
-159
-181
-187
-225
-264
-283
-307
-311
-304
-305
-295
-284
-276
-268
-268
-246
-185
-129
-87
-39
14
43
51
73
139
217
275
335
384
399
393
404
441
493
536
548
538
512
473
443
431
427
417
404
374
319
259
224
211
190
180
175
136
78
27
-13
-36
-40
-57
-73
-79
-106
-163
-198
-192
-179
-154
-113
-86
-88
-106
-98
-73
-46
17
92
132
134
134
121
107
122
156
193
201
159
102
58
34
12
-3
-3
-29
-103
-174
-214
-254
-285
-307
-314
-326
-367
-413
-444
-457
-456
-453
-428
-405
-412
-412
-393
-386
-359
-313
-265
-221
-197
-169
-126
-97
-75
-31
26
62
81
104
133
156
175
209
249
276
289
282
294
309
296
303
321
305
274
253
241
208
179
184
181
163
144
125
102
77
64
65
65
57
44
37
17
-11
-23
-36
-44
-45
-47
-50
-61
-63
-60
-58
-42
-36
-39
-30
-24
-9
23
49
59
59
62
63
68
81
96
120
136
128
110
92
76
64
64
71
73
65
42
-6
-48
-69
-82
-90
-95
-103
-124
-163
-205
-227
-237
-234
-224
-220
-226
-236
-238
-237
-226
-209
-201
-191
-189
-183
-169
-158
-134
-113
-104
-90
-76
-64
-41
-14
18
58
101
127
141
157
172
192
218
238
251
263
267
268
267
263
259
257
246
232
224
220
217
207
187
176
158
120
94
80
66
42
20
0
-36
-80
-108
-116
-125
-138
-150
-167
-187
-204
-212
-207
-195
-192
-188
-180
-184
-188
-173
-157
-146
-135
-115
-105
-101
-83
-57
-37
-20
-9
-4
4
20
35
49
63
76
74
68
68
65
60
60
60
46
30
20
7
-11
-19
-16
-27
-46
-61
-66
-79
-90
-84
-77
-75
-74
-63
-53
-49
-44
-35
-15
5
17
39
62
68
71
87
105
119
133
147
155
149
142
147
150
156
163
163
157
140
125
110
103
102
102
103
97
79
62
48
32
19
17
19
8
-10
-22
-34
-49
-59
-63
-63
-70
-79
-84
-88
-92
-95
-95
-96
-99
-105
-107
-106
-110
-111
-105
-105
-113
-116
-110
-103
-95
-77
-63
-55
-50
-48
-44
-38
-25
0
16
23
27
27
16
7
7
8
12
13
7
1
-12
-34
-55
-69
-78
-84
-84
-80
-85
-99
-104
-103
-101
-92
-75
-49
-32
-18
-5
13
33
46
66
92
108
121
139
148
157
165
165
167
171
173
175
174
164
151
140
127
114
106
98
84
66
55
44
31
22
10
0
-12
-28
-32
-29
-29
-34
-35
-42
-57
-66
-61
-51
-42
-35
-29
-33
-49
-57
-53
-49
-42
-36
-33
-37
-45
-50
-53
-47
-39
-29
-24
-25
-20
-18
-20
-13
-3
3
7
12
18
25
32
31
32
36
33
31
29
31
31
20
11
2
-19
-35
-45
-51
-60
-73
-80
-89
-103
-111
-113
-113
-114
-110
-102
-95
-91
-84
-73
-63
-53
-37
-21
-8
7
18
24
34
46
57
68
79
85
83
80
77
74
76
81
78
70
58
44
33
25
26
32
31
23
13
2
-6
-9
2
14
18
18
16
14
12
17
27
37
42
46
43
40
37
35
34
34
33
25
17
9
4
3
0
-1
-3
-10
-13
-15
-17
-18
-14
-12
-14
-12
-7
-6
-4
-2
-2
-2
-1
3
6
8
9
7
5
3
-3
-3
-3
-5
-14
-17
-19
-27
-30
-30
-28
-30
-33
-34
-36
-35
-32
-27
-23
-21
-21
-22
-22
-19
-14
-13
-12
-11
-15
-14
-10
-7
-6
-4
-5
-15
-23
-24
-22
