5
4
2
3
2
2
3
3
3
1
0
-5
-9
-11
-9
-1
15
32
51
66
69
61
49
40
36
32
27
23
19
10
-1
-10
-12
-18
-33
-44
-42
-30
-20
-16
-6
6
7
-9
-22
-11
3
8
16
51
101
126
127
139
162
159
122
109
137
148
110
67
58
49
-22
-132
-228
-299
-386
-447
-389
-263
-187
-190
-199
-169
-152
-178
-200
-164
-77
-13
32
107
167
127
12
-82
-107
-116
-140
-148
-110
-41
-30
-94
-163
-245
-381
-523
-604
-611
-595
-563
-496
-409
-305
-242
-225
-211
-229
-253
-201
-66
71
159
216
212
122
28
-29
-59
-62
-72
-80
-57
-18
9
-20
-53
-46
-38
-41
-127
-278
-320
-64
563
1479
2630
3766
4371
4210
3485
2704
2191
1850
1506
1135
853
463
-271
-995
-1351
-1490
-1815
-2273
-2310
-1758
-1058
-736
-662
-318
117
80
-295
-383
-81
96
42
243
947
1727
1913
1578
1530
1890
1858
1278
842
854
778
276
-247
-451
-518
-1099
-2244
-3063
-3204
-3200
-3321
-3044
-2130
-1247
-826
-743
-660
-400
-281
-427
-456
-108
294
370
342
415
435
263
-135
-493
-545
-397
-344
-381
-229
-51
-147
-468
-830
-1129
-1422
-1735
-1942
-1853
-1490
-1135
-833
-457
-115
22
-55
-158
-142
-46
45
68
224
519
672
597
348
34
-304
-553
-613
-466
-143
42
10
20
73
125
40
-182
-437
-461
278
1716
3684
5850
7457
7958
7165
5660
4164
3113
2608
2065
1437
846
-17
-1097
-2086
-2583
-2827
-3118
-3211
-3031
-2381
-1549
-1046
-628
-95
366
267
-319
-715
-863
-768
-418
237
1271
2104
2295
1946
1719
1918
1948
1592
1298
1254
1069
515
-194
-795
-1365
-2232
-3469
-4452
-4646
-4537
-4378
-3635
-2255
-894
-97
145
198
317
427
324
307
558
615
289
-37
-105
-157
-426
-862
-1241
-1390
-1300
-1089
-801
-378
-75
-238
-727
-1195
-1608
-2042
-2337
-2356
-2139
-1654
-1064
-586
-169
195
472
654
798
862
809
650
435
397
460
601
620
270
-218
-638
-850
-1046
-1113
-948
-837
-609
-446
-347
-179
-220
-396
-793
-555
973
3472
6720
9573
11071
10651
8631
6316
4422
3617
3273
2412
1308
-163
-1756
-3065
-3767
-3844
-3926
-3781
-3501
-3101
-2218
-1337
-558
155
623
442
-310
-785
-925
-773
-162
627
1393
1919
2035
1788
1653
1970
2248
2199
1959
1611
965
362
186
-88
-834
-2171
-3965
-5615
-6317
-6132
-5503
-4163
-2547
-1368
-554
-61
101
96
222
397
606
931
864
479
92
-258
-611
-1019
-1450
-1988
-2256
-2021
-1471
-687
18
351
173
-443
-1253
-2057
-2479
-2521
-2430
-2188
-1817
-1339
-899
-378
200
635
1025
1240
1251
1188
1183
1152
1169
1202
1045
657
50
-594
-1145
-1339
-1320
-1280
-1134
-966
-693
-314
35
306
305
90
-396
-392
1164
4005
7827
11571
13508
12789
10075
6888
4467
3701
3722
3133
1966
139
-2166
-3946
-4675
-4726
-4708
-4568
-4268
-3570
-2263
-941
176
1109
1359
502
-759
-1472
-1548
-1048
-93
935
1805
2365
2308
1832
1450
1164
880
963
1507
1788
1296
505
-346
-1370
-2309
-3381
-4872
-6408
-7491
-7944
-7250
-5228
-3178
-1783
-733
-218
-185
-88
219
585
1023
1290
1029
660
476
60
-583
-1189
-1749
-2129
-2119
-1784
-1237
-402
316
455
241
-252
-1103
-2044
-2719
-3008
-2887
-2345
-1727
-1210
-654
-104
424
927
1459
1912
2179
2373
2358
2179
1977
1773
1444
894
376
-122
-617
-922
-1079
-1080
-982
-786
-542
-263
36
22
-181
-316
-515
-426
808
3519
7582
11800
14106
13545
10813
7211
4164
3000
3290
3466
2702
605
-2237
-4365
-5281
-5410
-5297
-4900
-4177
-3387
-2319
-1020
338
1409
1509
477
-1056
-1963
-1993
-1423
-223
1186
2242
2552
2227
1680
1167
932
894
1202
1959
2542
2293
1121
-572
-2342
-3675
-4566
-5430
-6297
-7089
-7575
-7278
-5930
-3930
-2010
-682
-148
-71
70
434
856
1179
1394
1241
647
-12
-576
-1060
-1455
-1758
-2053
-2040
-1550
-948
-334
201
413
201
-337
-1171
-2098
-2718
-3079
-3185
-2895
-2257
-1515
-942
-516
-70
545
1160
1586
1953
2289
2599
2586
2229
1843
1242
509
-163
-620
-828
-893
-856
-943
-813
-591
-754
-705
-282
184
566
803
571
-17
629
3041
7189
12496
15994
15704
12368
7961
4310
2990
3910
4800
4425
2238
-1624
-4976
-6402
-6271
-5634
-4941
-4148
-3403
-2430
-1288
22
1339
1673
475
-1563
-2798
-2589
-1599
-84
1645
2801
2899
2097
989
276
360
551
603
1458
2379
2286
1812
652
-1543
-3668
-5364
-6902
-7394
-6852
-6748
-6380
-5179
-4341
-3306
-1924
-1367
-1315
-984
-520
154
1476
2365
2158
1486
198
-1260
-2060
-2337
-2330
-2022
-1543
-1118
-565
130
561
574
126
-560
-1302
-2065
-2419
-2287
-2062
-1866
-1672
-1700
-1644
-1269
-898
-261
774
1642
2124
2615
2845
2509
2262
1915
1135
514
-56
-734
-1055
-997
-1024
-928
-539
-634
-791
-458
-198
93
555
894
1052
974
1171
2800
6778
12004
15831
16438
13539
8870
4731
2844
3725
5733
6520
4512
168
-4220
-6863
-7431
-6738
-5548
-4139
-2962
-2214
-1606
-622
610
974
-134
-2039
-3266
-2975
-1601
369
2370
3587
3448
2066
454
-346
-69
674
1507
2616
3221
2702
1657
95
-2110
-4275
-5988
-7254
-7549
-6891
-6364
-5784
-5131
-5130
-4878
-3849
-2735
-1872
-1080
-328
394
1233
1594
1414
901
-256
-1535
-2231
-2233
-1885
-1501
-1222
-1084
-946
-880
-646
-155
115
-41
-687
-1596
-2308
-2656
-2721
-2451
-1998
-1824
-1616
-1155
-757
-55
895
1545
2008
2460
2695
2713
2777
2503
1984
1514
783
-115
-693
-808
-792
-630
-437
-367
-370
-254
12
306
712
1001
1080
940
1117
2747
6599
12037
16363
17091
14050
8982
4428
2499
3766
6552
8093
6277
1175
-4265
-7572
-8423
-7518
-5770
-3820
-2286
-1601
-1619
-1266
-173
285
-760
-2551
-3603
-3026
-1264
975
3052
4161
3429
1094
-1048
-1624
-535
1078
2308
3215
3708
2857
1114
-278
-1755
-3400
-4976
-6260
-6709
-5975
-5322
-5430
-5238
-5464
-6105
-5768
-4631
-3206
-1729
-677
-65
699
1292
1021
487
-346
-1408
-1966
-2089
-1840
-1458
-1402
-1728
-1929
-1792
-1355
-533
24
-30
-468
-1305
-2120
-2391
-2201
-1873
-1428
-1192
-1283
-1009
-621
-319
233
902
1469
1961
2591
2939
3011
2906
2235
1380
697
193
-203
-194
-3
-45
-108
-244
-676
-927
-657
-352
68
542
881
1120
1636
3219
6889
12290
16387
16626
13141
8030
4105
3185
5113
8321
9986
7498
1187
-5276
-8694
-8883
-7007
-4416
-1910
-365
-614
-1977
-2725
-2006
-1133
-1534
-2578
-2783
-1618
153
1817
3143
3468
2127
-422
-2228
-1895
108
2304
3446
3746
3665
2262
-167
-1811
-2662
-3290
-3767
-4260
-4592
-4381
-4767
-6196
-6786
-6624
-6464
-5605
-4311
-3003
-1690
-1071
-1132
-650
293
596
582
334
-380
-881
-1205
-1713
-2057
-2220
-2533
-2611
-2114
-1332
-559
-202
-630
-1456
-2236
-2759
-2664
-1969
-1105
-391
-252
-913
-1535
-1643
-1350
-568
580
1699
2546
3120
3112
2738
2339
1733
1133
821
844
911
889
685
146
-481
-1019
-1418
-1402
-768
72
753
1052
970
683
797
2164
5507
10618
15081
16279
13430
8381
4284
3301
5561
9202
11364
9561
3678
-3365
-7975
-8688
-6441
-3400
-1020
-22
-762
-2598
-4138
-4204
-3223
-2399
-2183
-2055
-1087
535
1877
2526
2301
1131
-527
-1505
-912
976
3144
4036
3544
2919
2024
561
-1082
-2616
-3799
-3980
-3374
-2895
-2762
-3857
-6483
-8599
-8675
-7054
-4426
-2184
-1500
-2011
-2846
-3388
-2771
-888
975
1912
1672
369
-968
-1646
-2033
-2250
-2271
-2138
-1759
-1134
-632
-549
-957
-1954
-2954
-3385
-3129
-2269
-1284
-808
-883
-1320
-2058
-2393
-2152
-1574
-460
912
1998
2576
2872
2665
2080
1626
1295
1434
1886
2220
1926
1238
500
-178
-403
-223
78
137
32
-418
-745
-482
77
619
961
1475
3182
6792
11282
14360
14255
10940
6575
4171
5261
8993
12477
12550
8120
825
-5645
-8275
-6812
-3099
270
1336
-318
-3532
-6465
-7454
-5971
-3390
-1579
-977
-1085
-1044
-569
74
427
296
14
-183
258
1628
3334
4139
3609
2185
668
103
372
708
492
-548
-2427
-4265
-5246
-5540
-5404
-5318
-5569
-5758
-5608
-5271
-4783
-4347
-4030
-3634
-2786
-1518
-174
706
530
-433
-1499
-2033
-1766
-1078
-373
-47
-311
-936
-1477
-1493
-1231
-1097
-1293
-1762
-2022
-2040
-1925
-1679
-1430
-1436
-1723
-1830
-1714
-1347
-674
-118
356
882
1265
1552
1797
1692
1276
965
888
1129
1663
2113
2225
1927
1187
317
-165
-191
27
365
625
867
781
419
35
-40
1296
4401
8717
12462
13546
11364
7463
4688
4922
7895
11383
12555
9883
4000
-2333
-5844
-5617
-2789
273
1267
-27
-2831
-5912
-7504
-6757
-4411
-2174
-1293
-1558
-1845
-1541
-1082
-712
-488
-323
97
777
1863
3457
4323
3415
1964
936
1183
2369
2731
1824
-227
-2395
-4169
-4552
-3775
-3402
-3814
-5415
-6836
-6960
-6220
-5246
-4624
-4416
-4367
-3873
-2845
-1521
-325
-196
-1099
-2073
-2223
-1495
-247
689
676
20
-1077
-1847
-1726
-941
-288
-373
-954
-1856
-2410
-2381
-2053
-1510
-1305
-1645
-2113
-2318
-2091
-1582
-891
-236
263
665
670
669
607
291
308
574
1059
1648
2058
2250
2114
1722
981
358
424
792
1334
1747
1665
1243
495
-107
-281
401
2758
6463
10208
12061
10821
7658
4941
4623
7078
10706
13184
11996
6946
635
-3689
-3922
-1517
1135
2395
1330
-1431
-4870
-7071
-6702
-4550
-2353
-1699
-2121
-2511
-2625
-2502
-2270
-1673
-949
-537
9
958
2131
2812
2289
1408
1269
1911
2554
2794
2644
1573
-294
-2230
-3299
-3069
-2532
-2643
-3363
-4326
-5343
-6332
-6766
-6218
-5077
-4133
-3809
-3622
-3307
-3015
-2827
-2806
-2440
-1671
-1131
-932
-936
-971
-1079
-1201
-1051
-626
27
244
-260
-921
-1454
-1602
-1460
-1050
-505
-345
-725
-1555
-2269
-2342
-1780
-920
-122
330
267
-388
-825
-687
-324
396
755
920
1010
1074
1340
1460
1662
1473
985
830
951
1388
1910
1996
1824
1266
554
153
67
1400
4107
7521
10388
10623
8528
5413
3766
5342
8784
12196
12938
9880
4586
-642
-2872
-1479
1323
3226
2580
112
-2785
-5388
-6339
-5425
-3446
-1746
-1889
-2988
-3657
-3756
-3448
-3305
-2613
-1375
-451
353
749
1150
1421
965
1134
2395
3892
4346
3001
1107
-450
-1197
-907
-352
-31
-1051
-3468
-5457
-6127
-5558
-4664
-4343
-4351
-4697
-5153
-5225
-4827
-3704
-2780
-2588
-2696
-2943
-2732
-2339
-1998
-1562
-1314
-940
-597
-492
-341
-361
-517
-631
-505
-14
345
392
57
-641
-1092
-1318
-1370
-1102
-789
-557
-574
-683
-816
-873
-742
-600
-457
-377
-268
-214
86
394
619
718
607
455
375
659
1010
1484
1845
1860
1539
1279
1079
1127
1468
1586
2016
3572
6158
8841
9687
7999
5422
4210
5878
9106
11934
12392
9586
4805
342
-1209
681
3364
4255
2733
-178
-2664
-4615
-5586
-4826
-3165
-1986
-2497
-3872
-4584
-4612
-4556
-4732
-4139
-2273
-731
-275
-171
13
408
511
628
2103
4070
4893
3696
1654
628
218
278
636
976
653
-1301
-4004
-5380
-5079
-4103
-3528
-3706
-4035
-4768
-5666
-6001
-5292
-3731
-2773
-2939
-3571
-4136
-4130
-3773
-3076
-1898
-1055
-844
-1179
-1585
-1407
-820
-180
494
1048
1288
930
156
-366
-428
-31
438
724
785
383
-360
-905
-1329
-881
-24
-57
32
-485
-1371
-1180
-988
-422
623
319
-58
-245
-638
6
608
813
1285
1341
1006
862
939
1209
1501
1806
2006
3230
5306
7345
8576
7913
6343
5446
6553
8950
11240
11778
9639
6037
2591
1053
2175
4241
4830
3483
793
-1660
-3245
-4211
-3960
-2990
-2250
-2501
-3900
-5162
-5730
-6001
-5926
-5306
-3832
-2214
-1666
-1902
-1970
-1232
-23
1133
2540
3588
3817
2914
1392
1004
1749
2404
2354
1541
96
-1556
-3173
-3758
-3145
-2244
-2093
-3150
-4370
-5342
-5672
-5259
-4503
-3475
-3178
-4038
-5035
-5558
-5097
-4023
-3137
-2425
-2167
-2256
-2406
-2345
-1608
-529
404
1046
1075
824
640
358
429
867
1370
1729
1461
827
129
-179
-54
52
385
547
249
-480
-1321
-1543
-1142
-450
110
88
-346
-1021
-1610
-1462
-745
247
760
628
282
58
276
781
1381
1884
2212
2217
2078
2616
4359
6576
8030
7735
6572
6046
6801
8496
9818
10066
8858
6226
3676
2839
3846
5430
5174
3123
946
-647
-1463
-2369
-2893
-2454
-2087
-2520
-3777
-5081
-5751
-6282
-6708
-6103
-4483
-2867
-2548
-3223
-3124
-2051
-514
1001
2040
2573
2326
1424
1033
1925
3127
3255
2140
830
-253
-1000
-1214
-1263
-1263
-1523
-2327
-3029
-3402
-3880
-4326
-4600
-4470
-4140
-4404
-4977
-5466
-5650
-5217
-4626
-4100
-3761
-3739
-3734
-3490
-2686
-1607
-783
-185
50
89
304
507
759
1227
1626
1780
1832
1658
1314
1121
1122
1269
1274
1280
1032
273
-229
-436
-170
518
616
139
-698
-1487
-1683
-1565
-954
-385
-450
-723
-1220
-1186
-605
7
738
1138
1438
1634
1530
1446
2011
3725
6025
7920
8037
6801
5766
6046
7745
9395
10041
9292
7460
5360
4316
4894
6133
6150
4203
1935
534
-55
-935
-2073
-2235
-1938
-2353
-4005
-6008
-6936
-7172
-7307
-6690
-5138
-3622
-3439
-4489
-4507
-2901
-989
202
434
1085
1796
1653
1360
1690
2495
2581
1608
784
704
492
-218
-1056
-920
-286
-661
-1796
-2883
-3371
-3663
-4124
-4224
-3891
-3794
-4392
-5352
-5732
-5356
-4922
-4676
-4377
-3983
-3626
-3430
-3126
-2331
-1400
-758
-586
-477
-134
232
689
1182
1696
2079
2116
1874
1571
1604
1788
1915
1980
1778
1551
1280
1008
992
1001
1006
643
-146
-572
-806
-916
-874
-974
-998
-1198
-1460
-1475
-1207
-693
-354
-266
184
729
1060
1211
1106
1241
1691
2973
4647
6247
6850
5734
4638
4558
6215
8370
9532
9464
7972
6062
4830
4711
5583
6310
5300
3529
1919
661
-53
-1197
-1940
-2158
-2765
-3584
-4975
-6185
-6432
-6310
-5673
-4656
-4103
-4212
-4669
-4661
-3793
-2415
-1005
173
1000
1257
833
81
79
656
1191
1700
1744
1245
274
-721
-954
-321
172
-193
-1160
-2208
-2847
-3344
-3446
-3014
-2774
-3039
-4006
-5035
-5437
-5349
-4797
-4086
-3453
-3096
-3300
-3631
-3549
-3069
-2388
-1563
-817
-373
-202
-189
-57
482
1131
1578
1874
1977
1948
1763
1719
1966
2238
2498
2621
2360
1993
1583
1166
1227
1192
990
421
-369
-800
-1038
-961
-1040
-1076
-1256
-1360
-1284
-1321
-820
-434
-24
435
436
735
852
934
1195
1172
1988
3196
4291
5162
5098
4946
5430
6432
7726
8466
8132
7193
5970
5523
5793
5930
5944
4853
3182
1636
214
-472
-1054
-1562
-1717
-2021
-2688
-3825
-5009
-5346
-4934
-4628
-4509
-4408
-4286
-4190
-4060
-3340
-1875
-580
-386
-1053
-1491
-1014
-327
38
350
603
500
-165
-902
-839
-202
-55
-400
-737
-792
-941
-1535
-1928
-1909
-1887
-2183
-2704
-3059
-3255
-3526
-3670
-3403
-2925
-2707
-2860
-2981
-2992
-2957
-2697
-2098
-1354
-927
-981
-1175
-1064
-593
-62
385
886
1350
1459
1392
1516
1781
2153
2477
2579
2623
2492
2112
1762
1577
1562
1454
1138
784
312
-16
-232
-412
-497
-757
-853
-906
-872
-637
-543
-362
-201
-311
-330
-192
-105
155
247
301
376
435
1247
2283
3331
3882
3499
3347
3697
4634
5741
6256
6120
5268
4336
4003
3986
4010
3765
2859
1961
1293
728
487
22
-567
-970
-1371
-1744
-2381
-3186
-3509
-3418
-3296
-3079
-3019
-2879
-2788
-3005
-2859
-2359
-1542
-1043
-947
-795
-892
-1080
-1188
-950
-352
-12
-264
-607
-735
-666
-455
-284
77
60
-577
-1179
-1436
-1250
-1090
-1204
-1321
-1426
-1801
-2316
-2548
-2389
-2037
-1898
-1909
-1936
-2044
-2199
-2247
-1966
-1542
-1254
-1162
-1029
-750
-521
-245
124
595
1078
1420
1673
1780
1827
1825
1915
2171
2176
2061
1759
1438
1358
1168
1064
966
664
315
-52
-340
-322
-360
-384
-204
-373
-509
-666
-936
-824
-745
-602
-393
-381
-347
-352
-282
-126
72
210
563
1229
1699
2267
2659
2720
2959
3097
3449
4168
4363
4010
3484
2937
3033
3242
3069
3058
2628
1927
1317
609
551
678
237
-256
-679
-1082
-1413
-1910
-2313
-2272
-2234
-2336
-2303
-2243
-2142
-2085
-2255
-2060
-1553
-1339
-1221
-1307
-1528
-1428
-1256
-1008
-553
-394
-489
-639
-825
-657
-342
-99
134
67
-166
-358
-559
-615
-573
-608
-662
-770
-956
-1084
-1192
-1315
-1413
-1491
-1499
-1508
-1540
-1565
-1581
-1529
-1391
-1191
-951
-728
-541
-309
10
338
612
842
1036
1147
1160
1177
1277
1429
1531
1506
1355
1148
956
728
637
698
712
689
512
217
-22
-195
-285
-300
-384
-518
-648
-749
-713
-632
-585
-541
-520
-513
-443
-322
-159
-21
51
96
165
530
866
1178
1666
1787
1900
1939
1907
2477
2990
3182
3135
2682
2405
2386
2271
2495
2705
2365
1895
1143
673
735
601
411
148
-194
-520
-987
-1383
-1477
-1505
-1642
-1818
-2011
-1959
-1920
-2067
-2023
-1864
-1551
-1302
-1308
-1275
-1282
-1319
-1275
-1129
-752
-325
-284
-493
-647
-705
-456
-163
10
193
158
-29
-217
-326
-230
-126
-248
-460
-667
-833
-881
-944
-971
-950
-973
-1045
-1102
-1041
-916
-751
-579
-433
-293
-215
-175
-55
133
334
549
724
887
981
939
923
956
991
1044
1051
1031
1030
939
743
559
421
305
171
36
-75
-138
-167
-246
-350
-459
-580
-639
-647
-596
-469
-410
-373
-391
-481
-508
-516
-484
-433
-385
-351
-321
-267
-204
-57
167
456
702
873
1020
1158
1362
1571
1813
2040
2213
2244
2076
1929
1836
1799
1825
1859
1827
1706
1449
1053
780
624
529
450
267
42
-266
-569
-754
-817
-814
-904
-1086
-1269
-1336
-1284
-1204
-1121
-1093
-1175
-1318
-1411
-1393
-1251
-1064
-959
-898
-870
-837
-771
-697
-581
-494
-422
-338
-309
-273
-227
-220
-255
-295
-331
-359
-365
-363
-313
-264
-254
-314
-424
-463
-447
-363
-232
-157
-132
-131
-128
-66
20
93
149
157
166
204
249
302
353
349
311
268
185
126
98
89
121
131
87
-30
-168
-259
-290
-271
-196
-118
-112
-139
-220
-302
-301
-270
-213
-157
-138
-149
-167
-166
-161
-140
-115
-70
0
94
267
479
725
938
1073
1146
1178
1228
1279
1386
1524
1643
1704
1651
1538
1412
1320
1246
1173
1089
978
832
651
503
352
206
58
-133
-286
-398
-482
-505
-502
-520
-593
-708
-805
-841
-819
-767
-731
-748
-801
-877
-925
-875
-758
-656
-624
-648
-657
-598
-490
-399
-335
-306
-319
-361
-400
-374
-305
-253
-242
-299
-353
-370
-391
-402
-387
-341
-311
-332
-376
-395
-346
-277
-234
-191
-130
-77
-36
27
126
238
318
344
349
336
326
333
348
381
376
316
232
158
119
94
94
57
-20
-96
-170
-205
-219
-260
-347
-434
-492
-489
-451
-420
-396
-407
-439
-480
-488
-448
-391
-337
-299
-237
-182
-145
-85
5
127
291
436
567
710
839
991
1124
1228
1281
1302
1329
1335
1343
1310
1275
1215
1140
1064
937
821
691
598
525
445
372
256
144
28
-81
-165
-253
-320
-356
-374
-413
-457
-510
-529
-496
-456
-408
-414
-464
-499
-505
-442
-347
-276
-247
-254
-295
-314
-284
-236
-175
-145
-144
-183
-257
-300
-305
-276
-257
-287
-341
-405
-459
-479
-466
-445
-455
-488
-508
-500
-466
-396
-318
-235
-167
-146
-126
-68
6
84
137
179
211
215
210
198
187
188
184
173
172
153
101
37
-19
-67
-115
-160
-199
-232
-266
-298
-335
-372
-406
-445
-465
-460
-456
-449
-435
-433
-417
-378
-358
-344
-341
-324
-258
-162
-58
36
137
229
322
431
537
678
803
896
989
1051
1107
1137
1135
1137
1152
1175
1169
1136
1055
979
907
838
795
717
639
529
408
310
204
125
51
-19
-87
-150
-211
-267
-306
-341
-343
-339
-335
-336
-357
-363
-382
-390
-383
-360
-322
-304
-292
-297
-288
-279
-267
-244
-237
-232
-242
-247
-243
-237
-234
-252
-284
-331
-365
-382
-382
-362
-353
-353
-358
-367
-371
-358
-319
-278
-234
-194
-168
-139
-122
-117
-96
-64
-38
-16
1
13
18
-2
-18
-20
-30
-40
-54
-57
-52
-53
-74
-97
-125
-165
-189
-202
-200
-201
-209
-203
-216
-228
-241
-251
-247
-254
-250
-232
-206
-190
-180
-147
-99
-60
-31
2
36
88
145
202
276
332
383
430
483
558
627
704
765
801
819
818
817
826
835
815
787
736
663
599
533
500
467
420
368
293
232
184
150
138
123
97
56
11
-39
-75
-88
-87
-76
-77
-88
-110
-137
-170
-192
-195
-206
-212
-232
-253
-262
-272
-267
-273
-288
-309
-325
-322
-313
-295
-288
-291
-310
-333
-344
-344
-334
-329
-311
-301
-297
-289
-279
-252
-232
-218
-201
-177
-154
-136
-118
-104
-98
-105
-110
-100
-81
-63
-48
-41
-47
-58
-81
-98
-107
-117
-117
-126
-142
-160
-186
-207
-220
-237
-252
-267
-281
-283
-275
-261
-243
-236
-234
-230
-216
-190
-154
-107
-57
-15
12
36
58
85
120
158
205
241
263
279
313
357
402
449
480
506
532
549
580
606
606
596
566
539
532
524
522
506
471
438
410
394
389
386
369
339
303
272
258
248
238
216
176
134
94
66
57
51
39
19
-16
-59
-89
-114
-137
-168
-210
-249
-282
-304
-313
-320
-325
-342
-364
-381
-386
-380
-367
-350
-343
-339
-347
-353
-350
-344
-329
-312
-296
-282
-277
-268
-254
-240
-225
-206
-183
-163
-144
-125
-99
-76
-66
-60
-56
-45
-31
-13
3
6
-4
-27
-49
-68
-91
-109
-133
-152
-169
-189
-199
-215
-228
-239
-247
-241
-233
-219
-206
-195
-178
-162
-142
-118
-90
-63
-31
3
41
84
112
141
160
176
198
216
241
256
270
274
281
291
303
327
342
358
362
365
379
392
415
428
431
417
396
387
388
403
411
404
381
350
331
322
329
327
316
289
258
236
225
224
211
188
148
101
60
29
13
-2
-28
-64
-108
-151
-184
-201
-214
-226
-248
-274
-292
-303
-302
-300
-299
-307
-322
-326
-322
-311
-299
-288
-284
-285
-280
-271
-255
-234
-215
-196
-182
-174
-171
-161
-150
-137
-119
-105
-93
-88
-85
-79
-73
-72
-78
-85
-95
-102
-113
-127
-147
-173
-202
-232
-255
-271
-288
-301
-316
-326
-338
-348
-345
-340
-335
-330
-316
-292
-263
-236
-200
-159
-125
-96
-67
-29
15
56
100
144
182
202
219
231
245
276
305
339
364
381
399
420
462
514
569
610
648
691
732
780
836
895
959
1015
1039
1047
1057
1073
1118
1172
1227
1252
1247
1219
1191
1186
1189
1210
1194
1146
1091
1014
967
901
838
755
618
458
290
165
44
-53
-189
-352
-510
-687
-809
-942
-1039
-1118
-1226
-1329
-1440
-1509
-1561
-1592
-1608
-1593
-1568
-1552
-1493
-1442
-1360
-1298
-1255
-1189
-1145
-1075
-989
-892
-815
-783
-772
-754
-717
-709
-673
-621
-597
-604
-650
-690
-734
-783
-832
-858
-912
-998
-1061
-1147
-1203
-1243
-1289
-1304
-1346
-1403
-1432
-1412
-1346
-1264
-1178
-1093
-1017
-965
-910
-818
-675
-513
-358
-219
-111
-8
119
260
386
483
590
697
806
923
1036
1147
1237
1312
1362
1417
1496
1554
1613
1660
1715
1770
1782
1796
1811
1847
1881
1905
1961
2007
2076
2146
2202
2278
2304
2319
2346
2379
2418
2457
2492
2503
2502
2461
2436
2434
2387
2328
2243
2146
2038
1899
1759
1610
1429
1195
970
743
486
214
-80
-339
-612
-886
-1115
-1337
-1547
-1792
-2008
-2164
-2291
-2371
-2438
-2476
-2527
-2586
-2597
-2553
-2461
-2359
-2262
-2205
-2169
-2149
-2104
-1997
-1892
-1781
-1693
-1641
-1601
-1557
-1497
-1459
-1412
-1355
-1310
-1293
-1317
-1319
-1330
-1381
-1454
-1502
-1510
-1523
-1529
-1546
-1547
-1553
-1579
-1571
-1553
-1520
-1515
-1525
-1553
-1592
-1590
-1556
-1481
-1401
-1322
-1243
-1162
-1100
-993
-800
-594
-365
-181
-39
102
222
389
579
758
940
1075
1195
1332
1496
1691
1862
2003
2104
2187
2262
2363
2499
2593
2663
2678
2682
2677
2642
2631
2616
2651
2652
2661
2710
2711
2710
2673
2724
2835
2931
3025
3056
3086
3058
3049
3125
3199
3223
3149
3050
2922
2833
2730
2615
2504
2277
2033
1740
1475
1274
1033
805
551
282
-7
-342
-692
-983
-1200
-1404
-1578
-1787
-2016
-2234
-2460
-2628
-2734
-2797
-2870
-2971
-3070
-3160
-3209
-3239
-3249
-3262
-3295
-3315
-3321
-3273
-3186
-3095
-3003
-2938
-2882
-2817
-2734
-2616
-2476
-2324
-2214
-2152
-2088
-2005
-1914
-1837
-1777
-1735
-1728
-1752
-1778
-1748
-1678
-1628
-1611
-1633
-1661
-1676
-1666
-1622
-1551
-1489
-1442
-1391
-1343
-1282
-1194
-1081
-944
-793
-632
-449
-259
-88
87
272
486
734
975
1192
1385
1546
1724
1907
2100
2319
2497
2628
2695
2747
2851
2971
3077
3165
3212
3213
3174
3104
3081
3089
3093
3097
3076
3048
3023
3012
3028
3046
3003
2940
2907
2901
2968
3045
3055
3000
2863
2729
2673
2680
2720
2721
2648
2514
2374
2267
2218
2171
2039
1857
1628
1404
1227
1088
949
714
374
-21
-356
-597
-778
-954
-1221
-1564
-1950
-2315
-2609
-2818
-2964
-3143
-3359
-3617
-3843
-4004
-4123
-4175
-4205
-4204
-4207
-4219
-4175
-4095
-3984
-3853
-3699
-3553
-3458
-3369
-3273
-3141
-2966
-2790
-2620
-2492
-2410
-2350
-2277
-2189
-2080
-1953
-1865
-1791
-1728
-1682
-1649
-1623
-1558
-1485
-1405
-1357
-1323
-1255
-1215
-1180
-1140
-1060
-960
-892
-807
-688
-547
-427
-286
-95
117
336
514
715
916
1078
1264
1455
1656
1868
2034
2172
2303
2428
2567
2728
2905
3041
3118
3159
3189
3252
3324
3380
3408
3388
3331
3278
3246
3231
3217
3159
3074
2991
2944
2934
2901
2851
2788
2698
2638
2596
2583
2592
2565
2532
2485
2461
2453
2461
2500
2527
2513
2442
2364
2282
2229
2201
2111
1970
1744
1450
1141
869
642
417
160
-184
-566
-976
-1383
-1734
-2044
-2300
-2579
-2869
-3141
-3402
-3626
-3822
-3974
-4105
-4204
-4305
-4408
-4486
-4578
-4595
-4565
-4523
-4464
-4422
-4389
-4355
-4271
-4140
-3951
-3761
-3621
-3506
-3398
-3244
-3089
-2890
-2656
-2456
-2304
-2206
-2088
-1938
-1777
-1631
-1484
-1347
-1260
-1194
-1124
-1025
-923
-835
-734
-636
-550
-461
-368
-272
-192
-120
-1
175
325
444
597
737
847
964
1120
1325
1480
1591
1713
1846
1980
2101
2233
2365
2484
2585
2688
2826
2943
3054
3130
3213
3323
3392
3463
3518
3556
3585
3603
3593
3549
3500
3407
3329
3235
3178
3167
3101
3050
2935
2819
2713
2592
2564
2551
2556
2513
2425
2319
2210
2182
2156
2140
2083
2025
1934
1787
1659
1507
1384
1201
997
783
556
350
72
-169
-431
-681
-927
-1231
-1490
-1766
-2011
-2235
-2455
-2687
-2952
-3198
-3466
-3680
-3846
-3972
-4093
-4253
-4394
-4536
-4646
-4725
-4741
-4714
-4709
-4690
-4687
-4659
-4612
-4502
-4328
-4170
-3998
-3841
-3678
-3499
-3288
-3032
-2775
-2538
-2339
-2136
-1944
-1740
-1517
-1302
-1103
-952
-825
-695
-551
-383
-206
-49
74
162
222
291
376
462
552
640
698
733
748
783
817
855
945
1031
1113
1188
1259
1323
1384
1482
1601
1732
1847
1969
2098
2237
2388
2533
2700
2866
3014
3151
3267
3381
3480
3570
3634
3673
3716
3739
3720
3685
3659
3617
3558
3463
3347
3253
3130
3001
2900
2795
2683
2555
2402
2244
2088
1933
1824
1735
1636
1532
1405
1258
1100
972
877
799
700
581
453
313
185
55
-56
-191
-356
-536
-745
-945
-1133
-1279
-1432
-1614
-1810
-2035
-2256
-2485
-2675
-2801
-2936
-3121
-3327
-3504
-3655
-3782
-3897
-3987
-4064
-4150
-4212
-4242
-4218
-4162
-4124
-4045
-3933
-3808
-3674
-3558
-3416
-3246
-3055
-2854
-2656
-2455
-2252
-2074
-1903
-1680
-1444
-1209
-1001
-842
-678
-528
-371
-211
-74
78
189
243
292
362
457
528
567
587
602
594
586
617
665
705
709
738
779
823
907
998
1110
1195
1267
1363
1475
1595
1702
1831
1961
2049
2134
2244
2357
2452
2543
2617
2675
2717
2752
2791
2810
2818
2814
2777
2705
2625
2572
2526
2466
2389
2298
2180
2050
1929
1826
1748
1653
1529
1399
1278
1167
1063
974
865
756
659
570
497
426
367
295
206
110
23
-45
-112
-194
-287
-382
-501
-597
-676
-768
-856
-955
-1059
-1167
-1275
-1385
-1503
-1629
-1756
-1874
-1972
-2065
-2174
-2279
-2358
-2433
-2490
-2543
-2598
-2635
-2653
-2669
-2668
-2646
-2638
-2640
-2623
-2574
-2497
-2417
-2323
-2225
-2124
-2014
-1890
-1744
-1606
-1475
-1336
-1179
-1026
-889
-746
-604
-477
-372
-285
-185
-73
17
93
175
243
289
327
365
412
447
477
506
517
539
572
599
629
663
708
753
783
828
893
949
1012
1078
1138
1218
1297
1368
1445
1505
1567
1627
1676
1727
1770
1811
1848
1867
1881
1901
1914
1900
1883
1877
1874
1853
1820
1798
1763
1704
1633
1570
1499
1424
1359
1283
1199
1107
1027
942
847
764
675
595
501
402
313
227
139
55
-19
-101
-178
-255
-340
-419
-497
-553
-618
-683
-739
-796
-845
-902
-949
-991
-1035
-1092
-1145
-1165
-1182
-1203
-1238
-1274
-1316
-1367
-1397
-1410
-1409
-1428
-1459
-1489
-1511
-1522
-1527
-1524
-1527
-1528
-1531
-1539
-1513
-1471
-1433
-1411
-1389
-1354
-1311
-1260
-1201
-1105
-1015
-938
-850
-761
-677
-592
-493
-391
-298
-220
-153
-88
-27
41
104
168
214
239
288
338
382
433
469
495
511
526
550
585
620
641
653
667
679
696
728
760
787
819
839
858
886
916
939
957
983
1009
1042
1075
1103
1124
1132
1149
1167
1189
1213
1227
1237
1236
1228
1217
1203
1188
1164
1136
1102
1065
1016
965
919
861
799
725
650
580
515
451
382
304
215
127
40
-39
-104
-159
-214
-277
-346
-413
-473
-523
-565
-608
-648
-691
-732
-766
-792
-810
-828
-853
-875
-884
-887
-897
-906
-908
-912
-922
-926
-921
-914
-906
-907
-898
-889
-891
-891
-885
-872
-869
-861
-852
-840
-833
-830
-813
-796
-779
-761
-721
-675
-633
-584
-535
-489
-462
-426
-373
-317
-258
-205
-151
-104
-67
-25
24
74
109
149
194
238
277
310
334
357
380
394
407
424
430
438
448
457
466
476
480
477
485
489
493
498
509
523
528
535
546
564
582
602
628
653
666
677
695
719
741
762
775
779
775
773
765
757
757
744
727
698
667
643
614
586
546
495
446
400
356
311
274
230
183
128
84
50
5
-50
-108
-153
-198
-240
-274
-309
-346
-388
-430
-467
-500
-530
-558
-578
-601
-623
-634
-649
-667
-683
-688
-692
-699
-700
-695
-681
-668
-661
-651
-639
-636
-633
-615
-595
-582
-569
-552
-534
-519
-506
-489
-480
-469
-456
-432
-402
-379
-361
-340
-316
-299
-280
-249
-208
-171
-146
-116
-85
-55
-28
4
41
71
99
123
146
170
192
211
225
240
255
270
288
303
322
335
339
339
344
354
362
372
380
385
386
385
389
390
393
401
411
415
412
415
417
415
417
422
431
426
420
421
425
422
416
413
404
390
381
379
374
354
339
325
311
291
275
267
256
235
209
195
182
159
134
115
95
65
37
14
-9
-39
-74
-105
-135
-166
-195
-223
-252
-288
-319
-346
-368
-386
-403
-424
-446
-465
-481
-489
-493
-496
-500
-502
-504
-505
-498
-491
-486
-481
-477
-471
-459
-441
-427
-411
-397
-386
-373
-355
-330
-298
-271
-252
-232
-207
-190
-175
-150
-120
-100
-88
-70
-50
-31
-16
3
25
40
47
61
77
88
103
119
131
139
146
158
169
179
188
199
210
216
221
228
240
247
255
265
272
274
270
270
276
283
287
285
284
279
272
267
267
268
266
263
258
256
255
252
251
245
238
229
224
220
218
216
208
195
183
173
166
161
156
147
139
128
117
106
98
90
79
68
55
49
38
24
10
-5
-22
-39
-51
-63
-78
-96
-116
-130
-145
-161
-175
-185
-200
-217
-226
-232
-239
-250
-261
-272
-281
-288
-292
-293
-295
-303
-309
-313
-319
-323
-319
-315
-312
-308
-301
-297
-292
-283
-271
-258
-243
-229
-214
-198
-180
-164
-149
-136
-123
-107
-90
-73
-55
-41
-30
-21
-9
6
18
31
47
59
71
82
92
104
114
122
135
149
159
164
170
175
178
181
189
195
196
194
196
198
196
196
196
198
195
192
197
196
194
188
187
183
179
178
181
181
177
175
172
168
163
160
162
159
154
149
146
139
128
122
117
108
99
91
85
77
70
62
53
38
25
17
9
1
-7
-16
-28
-40
-47
-54
-58
-64
-70
-76
-85
-95
-100
-101
-106
-112
-116
-122
-131
-138
-142
-144
-151
-156
-159
-160
-164
-170
-171
-173
-180
-185
-183
-183
-185
-184
-184
-183
-186
-186
-182
-178
-176
-174
-168
-163
-160
-152
-143
-137
-134
-126
-113
-106
-97
-87
-75
-65
-55
-40
-27
-17
-8
5
16
27
38
49
61
71
83
93
101
106
111
115
120
125
132
133
133
133
134
133
133
131
130
129
127
129
131
133
130
125
122
123
122
123
126
127
124
122
122
124
122
119
116
114
111
109
108
105
101
95
90
84
81
77
76
74
68
61
56
49
43
37
32
25
15
5
-2
-10
-17
-25
-28
-35
-43
-50
-54
-62
-70
-76
-81
-86
-90
-92
-95
-101
-105
-108
-109
-111
-112
-113
-114
-116
-115
-115
-115
-118
-118
-119
-120
-119
-118
-116
-114
-114
-114
-112
-110
-109
-107
-104
-103
-104
-101
-97
-95
-90
-86
-81
-76
-73
-66
-57
-50
-46
-39
-32
-26
-19
-10
-1
4
9
18
25
33
42
48
55
60
65
69
74
75
79
82
85
87
90
94
93
95
97
98
99
99
100
101
101
98
96
94
91
89
86
83
82
79
78
73
69
67
65
60
57
54
51
51
50
49
48
47
48
47
45
44
44
43
39
37
35
31
28
24
20
16
12
7
3
0
-6
-8
-12
-17
-22
-29
-33
-39
-44
-47
-53
-56
-59
-64
-67
-70
-75
-78
-79
-83
-86
-88
-91
-92
-95
-95
-95
-95
-97
-97
-94
-94
-92
-88
-84
-82
-81
-76
-72
-71
-69
-63
-58
-55
-53
-48
-44
-43
-39
-34
-30
-27
-24
-18
-15
-12
-8
-5
-1
2
7
11
14
17
21
23
26
31
36
39
43
47
48
50
53
57
58
60
62
66
68
68
70
71
72
71
74
75
73
73
72
71
68
67
67
65
62
60
59
56
52
49
47
44
41
38
35
34
32
29
27
26
23
20
18
19
16
13
10
8
6
5
4
3
1
-2
-3
-3
-5
-7
-10
-11
-11
-13
-15
-18
-21
-25
-28
-29
-31
-34
-37
-40
-44
-47
-51
-54
-57
-60
-62
-65
-65
-68
-70
-72
-72
-73
-72
-71
-70
-68
-66
-66
-63
-62
-59
-56
-52
-48
-45
-41
-38
-35
-32
-27
-25
-21
-18
-13
-10
-7
-4
-2
0
3
6
9
13
14
17
17
17
19
23
25
28
