16
22
35
50
65
86
117
145
165
189
221
255
284
318
349
363
356
342
327
303
268
228
179
115
37
-34
-92
-145
-189
-224
-258
-294
-322
-329
-329
-329
-325
-319
-310
-315
-309
-270
-217
-169
-116
-37
57
147
256
390
514
599
650
687
689
643
578
486
345
160
-39
-237
-444
-639
-790
-910
-1025
-1128
-1181
-1191
-1198
-1191
-1157
-1095
-1035
-987
-919
-827
-718
-606
-491
-351
-182
-2
164
314
475
619
703
735
755
780
747
629
497
389
254
59
-125
-231
-318
-456
-590
-651
-681
-758
-838
-845
-812
-819
-846
-806
-730
-682
-642
-541
-391
-289
-199
-52
115
264
389
537
703
810
914
1077
1307
1567
1805
2075
2340
2548
2764
2987
3233
3422
3457
3407
3228
2904
2519
2096
1669
1175
619
116
-391
-890
-1292
-1556
-1678
-1799
-1903
-1889
-1810
-1722
-1656
-1553
-1377
-1262
-1219
-1150
-1004
-809
-662
-521
-273
53
365
660
1037
1485
1834
2018
2127
2208
2167
1936
1595
1234
776
141
-540
-1132
-1656
-2174
-2624
-2894
-3045
-3178
-3247
-3183
-3015
-2857
-2732
-2534
-2287
-2101
-1972
-1799
-1539
-1301
-1121
-870
-503
-113
188
468
839
1162
1305
1356
1434
1486
1335
1042
799
556
179
-281
-630
-839
-1069
-1319
-1449
-1465
-1501
-1588
-1586
-1441
-1295
-1239
-1178
-1020
-901
-866
-782
-593
-389
-293
-206
22
309
554
768
1066
1400
1611
1820
2178
2693
3225
3626
4027
4416
4685
4914
5150
5477
5712
5609
5300
4800
4173
3493
2720
2040
1345
500
-348
-1192
-1896
-2437
-2842
-3007
-3121
-3202
-3173
-3145
-3025
-2833
-2624
-2384
-2217
-2011
-1732
-1481
-1180
-817
-354
128
581
1193
1917
2603
3182
3653
4022
4104
3882
3556
3126
2436
1450
346
-746
-1938
-3166
-4133
-4758
-5216
-5607
-5759
-5595
-5328
-5062
-4664
-4092
-3566
-3236
-2923
-2512
-2162
-1935
-1676
-1272
-842
-479
-8
625
1236
1758
2235
2668
2920
2938
2881
2757
2451
1969
1392
801
140
-570
-1142
-1548
-1837
-2053
-2193
-2195
-2146
-2089
-1992
-1859
-1677
-1511
-1397
-1305
-1203
-1053
-951
-896
-747
-519
-287
-68
257
704
1066
1308
1559
1935
2384
2842
3486
4252
4927
5421
5742
6133
6553
6892
7200
7230
6913
6236
5219
4163
3034
1889
818
-353
-1471
-2547
-3534
-4202
-4686
-4890
-4809
-4649
-4367
-4080
-3707
-3189
-2783
-2414
-2020
-1624
-1246
-1023
-719
-234
274
825
1439
2268
3188
3961
4740
5487
6013
6131
5807
5298
4487
3221
1707
86
-1545
-3293
-5044
-6405
-7350
-7946
-8217
-8119
-7592
-6904
-6196
-5362
-4410
-3456
-2745
-2262
-1782
-1346
-1045
-822
-476
29
517
1004
1608
2386
3117
3569
3924
4212
4281
4058
3588
3082
2363
1305
256
-706
-1583
-2437
-3232
-3649
-3855
-4018
-4010
-3875
-3558
-3250
-3061
-2706
-2284
-1956
-1720
-1529
-1232
-1001
-961
-857
-595
-277
32
357
783
1225
1454
1617
2025
2663
3598
4729
5779
6658
7140
7467
8061
8739
9379
9586
9063
8054
6461
4630
2982
1338
-232
-1890
-3551
-4868
-6035
-6826
-7026
-6752
-6083
-5447
-4804
-3926
-3041
-2163
-1407
-767
-130
277
531
783
1049
1424
1845
2397
3167
3991
4839
5696
6559
7355
7786
7764
7267
6201
4647
2737
636
-1584
-3898
-6101
-8060
-9690
-10748
-11063
-10707
-9900
-8819
-7492
-6010
-4594
-3273
-2014
-1014
-395
-73
138
303
340
443
790
1242
1702
2221
2874
3493
3810
3933
3949
3685
3076
2230
1312
223
-1125
-2396
-3385
-4175
-4877
-5373
-5421
-5247
-5022
-4603
-4011
-3349
-2822
-2394
-1835
-1406
-1166
-934
-743
-515
-380
-315
-59
131
320
713
1113
1621
2028
2188
2428
2582
2967
3964
5065
6141
6781
6829
7055
7314
7705
8275
8206
7736
6645
4888
3329
1659
199
-956
-2307
-3224
-4080
-4969
-5332
-5417
-4823
-4014
-3532
-2800
-2081
-1389
-812
-544
0
488
677
886
1114
1588
2051
2527
3426
4388
5261
5982
6598
7213
7351
6961
6132
4783
2998
737
-1635
-3836
-5956
-7811
-9342
-10394
-10825
-10718
-9954
-8653
-7099
-5456
-3895
-2461
-1263
-375
293
731
877
806
708
670
671
765
1077
1541
1960
2287
2577
2758
2663
2316
1853
1252
389
-714
-1799
-2739
-3613
-4409
-4960
-5091
-4914
-4652
-4322
-3845
-3234
-2652
-2138
-1599
-1081
-661
-513
-478
-298
-220
-134
39
304
831
1110
1312
1685
1808
1951
1852
1641
1750
1642
2103
3206
4201
5273
5637
5935
6762
7292
8209
8763
8413
7551
5406
3247
1370
-771
-2339
-3872
-4836
-5293
-6159
-6327
-5940
-5021
-3653
-2722
-1486
-336
329
885
1011
1257
1351
1169
1367
1564
1864
2185
2613
3687
4811
5861
6870
7633
8188
7975
7086
5838
3904
1415
-1458
-4342
-6888
-9311
-11242
-12274
-12531
-12089
-11049
-9258
-6844
-4447
-2302
-412
1114
2050
2338
2294
2061
1596
917
300
47
27
199
587
1202
2002
2587
2940
3140
2961
2373
1382
278
-808
-2127
-3395
-4371
-5070
-5553
-5853
-5653
-5038
-4266
-3313
-2307
-1380
-742
-276
232
550
643
554
414
264
-45
-252
-336
-426
-389
-71
647
1469
2105
2342
2143
1784
1647
2549
4126
5522
6379
6199
5838
5564
5550
6507
7083
7000
6067
3949
1891
-575
-2740
-3848
-4829
-5136
-5520
-5970
-5751
-5577
-4597
-3243
-2111
-699
253
1162
1782
1744
1904
1965
2189
2519
2670
3200
3723
4354
5143
5762
6473
6827
6866
6773
6155
5126
3347
860
-1803
-4587
-7024
-9000
-10447
-11029
-11142
-10856
-10049
-8619
-6470
-4264
-2215
-285
1232
2115
2236
2112
1976
1529
889
333
132
93
-8
223
797
1423
1875
2104
2289
2111
1420
563
-357
-1308
-2371
-3404
-4081
-4594
-4986
-5084
-4797
-4148
-3435
-2661
-1710
-756
16
530
872
1096
1112
969
843
715
432
91
-193
-407
-570
-681
-470
-175
8
165
171
360
739
1962
4449
7054
9345
10477
10614
10612
10146
10083
9820
8504
6248
2375
-1668
-5255
-8359
-10068
-10863
-10175
-8619
-7412
-5931
-4349
-2349
-441
557
1272
1350
947
304
-404
-479
-423
-44
1054
2693
4732
6559
8353
10111
11175
11380
10783
9675
7955
5266
1954
-1513
-5094
-8591
-11546
-13424
-14082
-14052
-13258
-11463
-9039
-6444
-4044
-1561
886
2585
3416
3578
3368
2555
1101
-218
-1059
-1526
-1925
-2036
-1456
-651
141
1011
2108
3223
3624
3541
3270
2649
1600
64
-1327
-2495
-3801
-4943
-5635
-5693
-5513
-5261
-4414
-3011
-1452
-74
1313
2815
3846
4227
4074
3666
2952
1624
298
-839
-1686
-2142
-2453
-2025
-1479
-1085
-411
183
1240
1763
1712
2001
2344
3874
5748
7585
9078
8775
8464
8298
8741
9619
8758
7171
4109
138
-3268
-6685
-8502
-9453
-9407
-7779
-6515
-5031
-3822
-2647
-1017
-429
-187
-616
-1513
-2176
-3165
-3558
-3484
-2691
-800
1327
3853
6256
8309
10043
10803
10804
10041
8396
6161
3293
87
-3053
-6194
-8812
-10586
-11651
-11752
-11111
-9560
-7305
-5197
-3155
-1347
260
1579
2282
2591
2250
1415
385
-674
-1527
-2372
-2828
-2856
-2646
-2182
-1762
-1002
-11
940
1976
2674
3131
3244
2805
2146
1178
89
-1049
-2309
-3393
-4228
-4767
-5008
-4715
-3705
-2149
-413
1111
2597
3818
4374
4387
3910
3241
2218
695
-608
-1660
-2492
-2842
-2813
-2087
-884
437
2077
3437
4063
3823
2897
2298
2702
4135
6215
8071
8659
8222
7398
6823
7384
7960
8028
6899
3650
-127
-4153
-7268
-8685
-9261
-7966
-6280
-4986
-3697
-2990
-1550
-396
100
502
85
-250
-1087
-1923
-1935
-1699
-465
1016
2821
4707
5878
7144
7635
7292
5842
3353
1137
-1211
-3217
-4955
-6528
-7590
-8802
-9566
-9681
-8837
-7063
-5191
-3175
-1547
-360
317
628
1173
1543
1685
1290
585
-69
-989
-1758
-2341
-2513
-2484
-2650
-2511
-2293
-1909
-1419
-832
183
982
1431
1449
1029
434
-609
-1798
-2895
-3799
-4421
-4729
-4304
-3295
-1917
-340
1471
3494
4897
5651
5862
5602
5033
3581
1918
451
-958
-1782
-2383
-2249
-1562
-1067
-135
715
1668
2471
2471
2237
1043
-377
-1083
-307
2797
6405
9667
11475
11522
11224
10699
11132
11512
10282
7573
3062
-1400
-5172
-7954
-8609
-7904
-5880
-3743
-2512
-1609
-1171
-699
-563
-1164
-2100
-3284
-4037
-4271
-3909
-2784
-1120
1203
3630
5673
7101
7612
7579
6758
4859
2303
-699
-3369
-5262
-6458
-6729
-6763
-6878
-6972
-7357
-7440
-6950
-5974
-4624
-3610
-2776
-2011
-1478
-717
306
1487
2338
2389
1958
1070
-125
-1426
-2528
-3127
-3589
-3713
-3251
-2315
-1125
-76
1126
2204
2494
2037
856
-767
-2803
-5095
-6836
-7866
-8293
-8018
-6853
-4655
-2004
577
3018
5025
6291
6684
6516
6019
5033
3700
2297
1102
239
-199
-96
414
1016
1399
1666
1712
1665
1671
1537
1505
722
-465
-872
-270
2674
6744
10572
13352
13147
11761
9880
8283
8180
7143
5298
2198
-1832
-4522
-6571
-6751
-5237
-3229
-625
652
888
421
-745
-1544
-2648
-3713
-4577
-5091
-4195
-2487
-298
2019
4188
6413
7731
7956
7298
5688
3756
1568
-541
-2166
-3526
-4328
-4684
-4956
-5103
-5392
-5877
-6677
-8161
-9638
-10384
-10168
-8888
-7096
-4824
-2264
134
2456
4213
5098
4782
3231
1143
-1177
-3280
-4854
-5381
-4640
-3301
-1661
92
1810
3000
3187
2655
1531
-219
-2404
-4560
-6187
-7193
-7615
-7347
-6250
-4626
-3068
-1800
-873
-121
505
849
1245
1688
2049
2387
2542
2876
3435
3747
3854
3671
3199
2675
1750
1075
888
565
728
1027
1811
3032
3484
3895
3544
2747
2377
2383
4328
7057
9396
10719
10010
8719
7255
6500
6988
6922
5757
2925
-746
-3456
-5258
-5563
-4575
-2894
-834
36
-64
-472
-1062
-1443
-2101
-2549
-2568
-2439
-1629
-423
1054
2657
3937
5188
6053
6283
6005
5058
3903
2290
247
-1480
-2893
-3693
-4254
-4786
-5145
-6117
-7582
-9179
-10250
-10254
-9623
-8179
-6186
-4200
-2466
-1150
42
930
1272
1058
348
-617
-1714
-2670
-3201
-3101
-2432
-1499
-435
496
1063
1118
727
150
-679
-1627
-2557
-3405
-4196
-4900
-5169
-5234
-5017
-4593
-4226
-3758
-3487
-2964
-2099
-1172
-91
833
1764
2491
2764
2811
2723
2496
2196
1832
1383
1050
869
1245
2039
2815
3385
3887
4765
5571
6158
5781
4447
2367
-379
-1674
-1530
562
4398
8023
11262
11809
10302
8762
7383
7705
7982
7135
5153
1320
-2215
-4693
-5666
-4763
-3271
-1100
767
1233
666
-526
-1384
-2058
-2745
-2963
-2627
-1496
240
2317
4295
5836
6832
7165
6895
5883
4387
2386
191
-1840
-3621
-4486
-4515
-3621
-2434
-1906
-2240
-3860
-5956
-8023
-9586
-9909
-9402
-8184
-6752
-5345
-3805
-2585
-1665
-969
-593
-634
-1228
-1970
-2330
-2282
-1936
-1242
-220
905
1594
1633
1347
717
-209
-1211
-2210
-3039
-3786
-4346
-4537
-4511
-4390
-4265
-4047
-3684
-3258
-2802
-2333
-1844
-1454
-1077
-643
-323
-31
155
337
520
444
530
743
1160
1719
2190
2865
3292
3641
3798
4027
4584
4683
4547
3751
2531
1210
-19
-356
-222
393
1987
5093
9005
12090
12965
11529
9430
7753
7429
7874
7722
6420
3430
-265
-3385
-5191
-5253
-4018
-2068
-337
55
-830
-1943
-2383
-2327
-2414
-2452
-1991
-748
1114
2934
4395
5248
5523
5563
5260
4673
3605
1940
289
-1213
-2297
-2578
-2037
-913
-233
-757
-2228
-4370
-6747
-8752
-10026
-10066
-9130
-7813
-6108
-4370
-3001
-2354
-2401
-2498
-2575
-2706
-2649
-2380
-1950
-1463
-916
-57
924
1555
1557
973
172
-740
-1636
-2228
-2480
-2657
-3039
-3297
-3321
-3394
-3651
-4107
-4280
-4120
-3887
-3416
-2733
-1936
-1281
-1020
-737
-395
-81
374
785
1130
1117
884
981
1400
2021
2665
3148
3629
3968
3681
3197
2659
2180
1871
1383
1255
1162
816
789
409
-65
192
1407
4895
9285
12749
14324
12690
10162
8146
7644
8807
9098
7805
4768
1122
-1880
-3878
-4451
-4100
-3249
-2444
-2076
-2334
-2912
-2980
-2775
-2791
-2773
-2113
-449
1590
3028
3707
3706
3445
3277
2976
3107
3307
3117
2741
1958
1241
389
-3
245
104
-657
-2334
-4404
-6793
-8996
-10154
-10332
-9361
-7808
-6058
-4611
-3978
-3824
-4097
-4406
-4508
-4315
-3439
-2125
-708
392
1040
1452
1362
878
175
-619
-1024
-1204
-1253
-1147
-1026
-850
-1039
-1650
-2478
-3446
-4390
-5201
-5642
-5607
-5122
-4435
-3704
-2863
-2190
-1889
-1618
-935
96
985
1543
2019
2385
2418
2375
2456
2604
2855
3030
3114
3126
2795
2188
1579
1116
1022
1032
1004
1080
1036
931
1000
1170
1222
1620
2707
5124
8568
11453
12868
11716
9241
7162
6427
7188
7559
6717
4432
1505
-1041
-2838
-3388
-3032
-2010
-812
-106
-185
-1082
-1972
-2398
-2663
-2870
-2631
-1314
612
2087
2571
2326
2172
2371
2670
2993
3237
3397
3296
2707
2158
1738
1493
1224
645
-132
-1708
-3910
-6266
-8244
-9294
-9541
-8824
-7361
-5840
-4832
-4623
-4934
-5361
-5666
-5415
-4459
-3124
-1798
-774
67
622
665
344
-53
-137
-153
-318
-312
-229
-194
-503
-1097
-1649
-2418
-3417
-4327
-4872
-5097
-5279
-5264
-4670
-3741
-3016
-2662
-2360
-1794
-1144
-455
266
921
1448
1738
2136
2626
2804
2629
2242
1963
1767
1479
1411
1740
2131
2199
1944
1693
1697
1774
2015
2473
2842
2826
2290
1693
1025
433
438
1453
3876
6717
8822
9597
8844
7383
6101
5538
5751
6072
5743
4866
3830
2796
1984
1282
776
468
-20
-552
-1067
-1802
-2577
-3420
-4122
-4271
-3793
-2520
-1011
72
493
380
244
213
539
1169
1730
2072
1799
1183
659
126
29
257
350
361
-206
-1334
-2775
-4659
-6121
-6802
-6800
-5925
-4835
-3830
-3234
-3239
-3161
-2822
-2266
-1687
-1140
-455
26
121
-227
-882
-1590
-2287
-2406
-2008
-1639
-1513
-1989
-2672
-3281
-3741
-3570
-2944
-2362
-2141
-2333
-2543
-2388
-1930
-1126
-254
155
309
443
528
388
-34
-295
-38
773
1694
2170
2177
1905
1605
1251
849
570
353
314
340
166
-103
-416
-459
34
699
1178
1187
959
836
615
321
165
392
858
1299
1758
2182
2808
3563
4177
4734
4954
4966
5147
5369
5808
6001
5608
4971
3879
2948
2601
2541
2760
2747
2536
2354
1919
1519
1167
688
161
-573
-1163
-1324
-1270
-1079
-975
-933
-1017
-1339
-1592
-1857
-2281
-2830
-3236
-3173
-2811
-2374
-1895
-1365
-939
-809
-966
-1154
-1272
-1481
-1752
-1871
-1805
-1695
-1601
-1518
-1430
-1435
-1492
-1444
-1335
-1265
-1376
-1628
-1852
-2049
-2358
-2842
-3271
-3471
-3476
-3362
-3220
-2971
-2640
-2358
-2077
-1812
-1583
-1426
-1308
-1074
-743
-447
-165
214
611
870
937
882
887
913
876
861
803
747
703
646
689
712
625
612
787
1113
1402
1512
1517
1315
861
284
-81
-76
25
127
259
524
904
1259
1567
1828
1920
1771
1579
1469
1611
2008
2453
2982
3361
3412
3568
3813
4062
4190
3824
3360
2926
2493
2368
2318
2284
2172
1680
1156
703
272
20
-268
-465
-582
-775
-846
-906
-1019
-1230
-1614
-1838
-1847
-1704
-1463
-1322
-1125
-1043
-1169
-1264
-1414
-1543
-1699
-1883
-1892
-1795
-1533
-1161
-846
-554
-382
-439
-684
-1014
-1332
-1603
-1837
-1924
-1814
-1569
-1304
-1134
-999
-994
-1193
-1492
-1790
-2021
-2255
-2355
-2200
-1986
-1781
-1492
-1119
-784
-597
-430
-140
175
400
569
750
833
737
611
589
603
457
266
250
288
290
274
306
314
156
-14
-58
-44
-35
-18
71
160
183
229
334
436
419
281
147
31
-73
-45
149
424
671
837
969
1021
988
961
968
1025
1095
1164
1331
1645
1946
2162
2219
2164
2164
2203
2336
2563
2700
2592
2157
1566
1173
1006
939
881
767
639
493
400
409
396
252
3
-286
-542
-732
-835
-861
-858
-875
-903
-854
-788
-763
-802
-917
-1018
-1077
-1020
-833
-662
-494
-312
-194
-189
-386
-665
-913
-1126
-1229
-1183
-1001
-870
-932
-1099
-1227
-1304
-1415
-1546
-1617
-1616
-1615
-1584
-1440
-1286
-1218
-1224
-1212
-1149
-1149
-1133
-981
-706
-390
-107
218
573
779
768
623
435
282
138
32
53
132
163
100
27
20
58
106
155
203
183
76
-21
-28
36
101
126
115
35
-143
-281
-281
-194
-95
-33
67
179
233
245
257
284
269
177
106
136
214
304
441
674
895
1000
1059
1198
1441
1694
1868
2001
2078
2049
2031
2100
2269
2327
2092
1723
1307
973
780
724
802
811
671
532
445
397
260
-20
-307
-583
-838
-1005
-1052
-1032
-1058
-1140
-1140
-1042
-968
-937
-903
-844
-816
-823
-773
-655
-575
-583
-627
-629
-615
-654
-720
-774
-774
-728
-635
-498
-390
-358
-412
-505
-571
-610
-609
-574
-589
-670
-749
-774
-757
-730
-690
-614
-522
-451
-366
-293
-247
-191
-115
9
111
145
161
158
130
105
100
94
61
18
22
78
119
140
160
141
74
30
51
112
128
114
153
199
195
149
99
43
-85
-228
-282
-310
-365
-401
-363
-260
-206
-153
-54
10
32
20
45
100
116
169
268
369
463
533
640
757
854
1009
1185
1333
1400
1354
1319
1322
1369
1461
1499
1458
1290
1010
784
672
662
638
497
333
197
95
33
-20
-55
-132
-290
-430
-489
-476
-469
-519
-567
-622
-678
-687
-628
-516
-432
-399
-370
-331
-292
-259
-209
-149
-123
-140
-197
-266
-339
-406
-413
-368
-287
-211
-191
-230
-314
-370
-364
-338
-334
-364
-394
-405
-414
-409
-369
-314
-282
-284
-262
-210
-186
-201
-213
-216
-225
-234
-206
-143
-119
-129
-140
-154
-204
-301
-351
-321
-281
-259
-237
-202
-187
-227
-286
-311
-318
-349
-410
-445
-405
-313
-215
-133
-82
-83
-143
-206
-227
-238
-267
-297
-291
-235
-147
-32
119
265
354
388
444
522
585
622
628
643
651
675
745
840
928
960
987
1061
1130
1132
1051
945
866
812
811
877
917
834
636
447
386
400
420
410
345
226
81
2
27
66
49
-8
-52
-62
-87
-127
-170
-215
-255
-273
-248
-200
-188
-207
-213
-201
-178
-190
-226
-262
-338
-410
-435
-428
-424
-492
-569
-574
-501
-383
-294
-254
-257
-290
-307
-290
-225
-163
-148
-162
-173
-171
-163
-158
-155
-166
-187
-172
-135
-108
-110
-148
-189
-219
-224
-223
-257
-313
-366
-401
-424
-438
-435
-434
-451
-462
-446
-431
-437
-466
-495
-506
-499
-466
-418
-406
-437
-445
-387
-289
-201
-116
-17
43
47
57
117
198
232
256
316
383
428
469
532
571
540
488
470
461
422
365
338
305
237
201
236
322
391
414
432
438
444
496
574
634
622
559
536
565
631
717
775
776
704
609
575
609
652
646
586
523
486
456
410
348
257
135
4
-96
-141
-187
-267
-352
-395
-386
-351
-298
-236
-209
-236
-285
-313
-305
-287
-274
-263
-279
-309
-333
-329
-295
-247
-187
-131
-108
-106
-109
-124
-157
-192
-204
-197
-217
-256
-285
-305
-325
-354
-362
-345
-349
-385
-422
-426
-406
-403
-418
-438
-470
-525
-570
-582
-583
-611
-662
-687
-681
-673
-654
-605
-539
-491
-459
-412
-335
-264
-212
-163
-94
-13
64
141
219
286
332
360
389
414
423
405
376
358
336
310
295
283
275
241
197
180
168
150
130
129
158
167
165
179
193
206
221
263
329
381
424
480
550
621
673
717
772
804
802
766
728
700
651
622
634
658
645
574
496
460
441
420
399
369
319
241
180
158
135
86
22
-33
-70
-113
-150
-167
-187
-228
-254
-237
-201
-193
-242
-284
-302
-324
-342
-356
-358
-384
-436
-449
-421
-400
-420
-473
-499
-484
-452
-417
-409
-435
-492
-572
-613
-611
-617
-664
-757
-854
-941
-1040
-1130
-1199
-1266
-1317
-1350
-1359
-1346
-1343
-1343
-1338
-1302
-1223
-1140
-1071
-1007
-918
-798
-664
-516
-366
-252
-193
-138
-56
28
104
173
258
345
426
535
657
709
674
632
639
646
608
596
655
723
733
741
811
864
845
828
926
1052
1082
1072
1111
1180
1195
1204
1273
1322
1242
1138
1164
1244
1287
1309
1354
1407
1421
1469
1601
1712
1719
1650
1618
1649
1691
1765
1856
1879
1803
1699
1655
1696
1736
1722
1673
1598
1476
1284
1077
938
855
703
460
216
27
-168
-416
-605
-721
-858
-1045
-1203
-1250
-1271
-1359
-1467
-1558
-1656
-1786
-1873
-1817
-1716
-1652
-1611
-1611
-1630
-1673
-1738
-1792
-1883
-1984
-2021
-2028
-2058
-2127
-2178
-2214
-2302
-2380
-2361
-2284
-2233
-2248
-2242
-2178
-2180
-2237
-2247
-2175
-2100
-2117
-2092
-1941
-1783
-1707
-1658
-1535
-1398
-1354
-1331
-1205
-1062
-1009
-961
-813
-606
-455
-330
-145
56
172
242
397
658
915
1112
1345
1627
1876
2039
2148
2280
2367
2365
2330
2295
2280
2242
2197
2203
2210
2173
2120
2085
2094
2086
2050
2075
2118
2122
2054
1954
1914
1847
1754
1717
1748
1817
1845
1885
1967
2027
2044
2047
2085
2134
2113
2003
1875
1770
1690
1613
1575
1604
1582
1437
1268
1212
1258
1252
1165
1050
910
781
669
603
561
430
201
-70
-307
-483
-666
-876
-1088
-1336
-1607
-1834
-1975
-2039
-2137
-2298
-2464
-2616
-2711
-2770
-2792
-2778
-2828
-2955
-3094
-3187
-3224
-3282
-3350
-3343
-3271
-3193
-3150
-3090
-2974
-2864
-2807
-2761
-2647
-2502
-2434
-2422
-2350
-2251
-2256
-2354
-2401
-2348
-2287
-2245
-2125
-1954
-1819
-1718
-1599
-1382
-1104
-874
-709
-562
-389
-245
-113
71
277
431
501
578
715
838
934
1075
1287
1485
1603
1747
1980
2165
2243
2340
2480
2544
2501
2510
2669
2823
2869
2947
3138
3269
3219
3178
3317
3459
3420
3335
3355
3328
3093
2815
2680
2553
2262
1951
1824
1783
1637
1470
1450
1468
1341
1185
1143
1124
975
774
689
645
535
427
407
365
175
-52
-140
-103
-94
-119
-99
-68
-79
-92
-52
35
90
60
-15
-97
-136
-183
-279
-372
-462
-588
-798
-1032
-1176
-1321
-1553
-1790
-1914
-1946
-2026
-2155
-2219
-2234
-2321
-2461
-2546
-2561
-2599
-2690
-2731
-2709
-2680
-2667
-2643
-2603
-2578
-2578
-2541
-2437
-2298
-2122
-1956
-1817
-1670
-1495
-1283
-1101
-990
-900
-823
-785
-768
-711
-564
-395
-293
-217
-122
-35
2
1
47
117
110
72
103
184
234
272
372
503
573
610
709
884
1050
1174
1326
1516
1664
1738
1810
1911
1984
2007
2017
2071
2160
2226
2276
2327
2370
2372
2340
2346
2382
2365
2276
2158
2053
1946
1801
1680
1595
1497
1336
1145
1020
898
732
593
539
528
441
301
238
232
191
130
111
111
28
-147
-284
-336
-386
-496
-611
-629
-623
-674
-699
-612
-484
-428
-446
-425
-343
-322
-354
-343
-271
-234
-294
-364
-416
-510
-655
-791
-849
-922
-1117
-1321
-1438
-1508
-1592
-1678
-1678
-1653
-1698
-1754
-1727
-1623
-1560
-1581
-1572
-1517
-1491
-1490
-1454
-1374
-1305
-1283
-1253
-1172
-1082
-1024
-995
-947
-879
-811
-739
-675
-597
-510
-446
-360
-227
-95
1
80
173
255
309
373
443
481
483
489
528
561
569
572
575
567
557
582
647
709
758
817
871
899
914
936
979
1028
1078
1120
1125
1116
1112
1111
1110
1117
1157
1187
1174
1176
1230
1291
1309
1301
1329
1346
1267
1160
1110
1071
957
797
712
669
573
464
423
412
324
184
121
108
41
-45
-74
-75
-130
-222
-261
-269
-313
-378
-421
-428
-455
-524
-564
-574
-614
-676
-728
-724
-707
-733
-765
-749
-672
-608
-597
-587
-547
-514
-522
-520
-448
-379
-421
-522
-550
-510
-514
-555
-537
-480
-516
-631
-677
-639
-652
-760
-820
-775
-731
-738
-727
-662
-629
-667
-670
-591
-508
-478
-459
-412
-380
-369
-331
-266
-216
-213
-209
-166
-135
-141
-137
-102
-63
-36
7
81
131
142
160
208
257
261
261
296
316
303
312
375
437
450
461
517
570
583
593
634
655
619
584
603
626
592
538
518
528
519
486
473
487
506
515
544
603
654
671
669
684
710
705
686
688
700
687
650
632
633
608
551
503
465
399
304
226
173
106
20
-47
-86
-139
-224
-299
-335
-368
-429
-491
-505
-487
-503
-545
-555
-543
-560
-615
-639
-616
-605
-632
-643
-601
-561
-560
-543
-474
-412
-406
-412
-378
-330
-322
-314
-253
-170
-131
-129
-113
-82
-89
-111
-88
-36
-8
-29
-40
-17
-26
-85
-141
-152
-153
-194
-223
-213
-202
-226
-264
-270
-262
-275
-290
-287
-271
-262
-262
-248
-205
-152
-113
-81
-33
10
18
30
69
107
122
134
163
175
159
159
179
189
177
178
203
216
206
209
228
233
224
233
259
271
264
258
268
269
263
256
252
242
224
215
214
223
243
263
272
283
313
343
342
326
339
363
359
345
362
394
390
360
357
373
357
313
295
301
274
211
163
139
89
18
-30
-54
-96
-154
-190
-208
-240
-292
-334
-351
-378
-418
-444
-441
-438
-457
-474
-462
-439
-430
-432
-414
-371
-337
-325
-304
-250
-195
-171
-156
-110
-56
-47
-66
-51
-4
11
0
25
84
109
85
75
92
89
50
25
39
51
34
21
26
20
-21
-55
-57
-56
-72
-87
-96
-113
-135
-134
-119
-117
-128
-125
-109
-110
-114
-93
-61
-44
-46
-24
18
41
41
51
69
68
47
47
77
95
83
75
101
116
101
97
124
142
122
112
133
154
137
106
102
109
95
75
77
93
94
72
59
65
71
63
60
78
96
95
90
102
127
134
126
130
146
151
142
141
158
170
165
160
163
149
113
87
81
74
49
28
28
29
4
-30
-47
-54
-84
-127
-151
-145
-146
-175
-200
-206
-226
-275
-309
-299
-283
-296
-311
-297
-266
-255
-246
-206
-159
-150
-153
-130
-88
-60
-44
-13
30
48
46
63
99
113
99
96
116
124
108
96
109
118
94
68
73
87
77
56
61
73
59
29
13
17
13
-7
-20
-16
-15
-27
-38
-37
-29
-35
-51
-49
-30
-22
-18
0
24
29
25
32
40
41
36
37
42
42
42
48
53
50
50
55
58
53
50
53
51
48
47
48
46
39
33
21
2
-10
-13
-15
-19
-13
-1
-7
-27
-35
-33
-42
-61
-57
-32
-23
-31
-21
19
44
37
35
53
54
30
19
45
65
52
46
63
69
51
37
46
46
24
7
8
3
-25
-47
-48
-52
-75
-96
-100
-103
-124
-149
-161
-162
-177
-199
-206
-196
-188
-188
-181
-156
-129
-118
-115
-90
-55
-37
-33
-19
12
28
23
32
65
86
76
68
83
93
83
79
97
115
108
99
109
123
116
108
110
109
98
90
96
