-46
-44
-45
-52
-59
-56
-41
-14
21
62
113
178
251
311
353
374
398
447
521
598
645
651
630
620
648
695
724
703
638
565
513
488
455
387
270
128
5
-82
-139
-194
-274
-363
-421
-446
-458
-468
-491
-528
-561
-565
-550
-528
-489
-441
-383
-326
-285
-272
-275
-267
-250
-202
-143
-128
-155
-192
-213
-223
-212
-203
-260
-363
-470
-545
-594
-642
-685
-750
-802
-842
-894
-929
-977
-1019
-1077
-1131
-1160
-1165
-1087
-1020
-942
-830
-741
-666
-590
-457
-339
-215
-40
56
117
172
241
310
375
498
507
480
474
399
316
220
146
24
-64
-36
-72
-88
-72
-106
-152
-174
-105
-92
-46
105
129
310
917
1945
3043
3762
4061
3868
3686
3863
4067
4065
3707
3277
2770
2159
1796
1510
1263
926
445
-54
-654
-983
-1222
-1682
-2230
-2730
-2881
-2924
-2875
-2674
-2514
-2139
-1636
-1096
-681
-451
-162
23
439
1126
1620
1828
1735
1766
2021
2576
3287
3277
2583
1496
388
-393
-884
-1103
-1629
-2251
-2612
-2939
-3094
-3228
-3350
-3634
-3855
-3557
-3188
-2763
-2377
-2115
-1853
-1586
-1121
-887
-808
-645
-493
-86
399
859
984
779
653
513
505
445
204
-102
-444
-526
-505
-471
-563
-972
-1409
-1786
-1937
-1898
-1823
-1632
-1570
-1573
-1553
-1411
-1030
-651
-173
299
670
1087
1417
1657
1764
1860
2053
2090
2189
2490
3288
5213
7717
9513
9430
7861
6196
5112
4933
4695
3507
1730
-106
-1441
-2426
-2946
-3031
-3411
-3571
-3519
-3264
-2671
-2153
-1688
-2061
-2400
-2081
-1668
-1092
-809
-171
728
1894
3233
3551
3351
2859
2257
1792
1682
2257
2401
2140
1857
1265
635
158
-155
-917
-1834
-2383
-3134
-3837
-3992
-4028
-4384
-4457
-4018
-3858
-3888
-3371
-2743
-2510
-2068
-1360
-856
-410
206
622
621
675
562
48
-310
-498
-893
-1391
-1492
-1303
-1281
-1332
-1489
-1820
-2108
-2336
-2432
-2243
-1859
-1565
-1363
-1065
-832
-871
-926
-873
-674
-197
228
556
655
572
425
220
369
448
547
656
555
604
624
761
804
778
769
403
331
749
1885
4659
8586
11770
12109
10065
7794
6388
6590
6886
5533
3057
777
-505
-1751
-2574
-2712
-3097
-3068
-2492
-1718
-1221
-886
-685
-1812
-3077
-3184
-2703
-2160
-1854
-1209
-276
1029
2476
2699
2116
1546
1207
1260
1733
2693
3312
3298
2928
2125
1473
904
-29
-1284
-2795
-4131
-5191
-5487
-5177
-5228
-5425
-5403
-4932
-4276
-3635
-2902
-2378
-1892
-1473
-1240
-1026
-829
-705
-855
-1049
-1009
-883
-771
-752
-725
-768
-963
-1089
-1042
-1010
-1250
-1520
-1532
-1424
-1415
-1379
-1171
-918
-701
-408
-131
-82
-144
-282
-317
-181
165
363
60
-219
-495
-776
-1115
-1182
-771
-538
-178
53
227
314
178
262
-76
-289
-485
-399
883
3753
8769
13360
15344
13961
10575
8266
7966
9118
8777
5969
2748
234
-1370
-2830
-3882
-4452
-4648
-3602
-2258
-1202
-340
-122
-1107
-3001
-3645
-3162
-2805
-2456
-1984
-1010
509
2429
3576
3257
2614
1942
1438
1702
2553
3071
2834
2756
2869
2713
2180
645
-1797
-4059
-5348
-6075
-6453
-6303
-6304
-6526
-6167
-5361
-5042
-4951
-4318
-3326
-2204
-951
-97
-19
-45
94
-139
-555
-629
-596
-668
-345
371
666
371
-58
-442
-730
-984
-1286
-1660
-1967
-2097
-2084
-1735
-1251
-999
-1159
-1591
-1852
-1822
-1670
-1523
-1269
-856
-643
-677
-864
-1204
-1525
-1730
-1337
-490
249
408
309
456
500
542
261
-364
-993
-775
436
3156
8806
14921
17548
15586
11678
8347
7382
9288
9908
6888
2898
434
-1458
-3588
-4749
-5590
-5809
-3851
-1390
-392
27
1056
706
-1684
-2985
-2557
-1780
-1395
-1218
-682
693
3231
4702
3969
2798
2025
1452
1180
2266
3823
4316
4075
3304
2505
1937
1107
-933
-3780
-5965
-7328
-7643
-6728
-5829
-6047
-6526
-6377
-6055
-5750
-5103
-4204
-2976
-1198
241
675
458
-145
-1205
-2203
-2353
-1907
-1359
-832
-234
386
545
-4
-880
-1564
-2113
-2548
-2520
-2173
-1936
-1990
-2263
-2388
-1967
-1396
-1437
-1916
-2096
-1878
-1549
-979
-312
69
43
-339
-1000
-1490
-1489
-1427
-1197
-542
211
505
772
1086
925
598
344
233
333
1256
3005
6802
13133
18410
18691
14235
9107
6331
7323
9640
8893
5077
1420
-1072
-3702
-5758
-6598
-6668
-5237
-2541
-646
78
1089
1774
372
-1758
-2460
-1879
-980
-418
-71
710
2647
4661
4761
3381
2118
1459
1151
1704
3170
4261
4584
4182
2706
953
-160
-1426
-3272
-4584
-5369
-6477
-6320
-4566
-4068
-5147
-6031
-6565
-6890
-5681
-3648
-2687
-1585
72
464
-216
-632
-1291
-2508
-2748
-1896
-1230
-700
-327
-481
-1028
-1761
-2489
-3000
-3083
-3060
-2993
-2724
-2400
-2017
-2098
-2592
-2669
-2240
-1894
-1907
-1809
-1747
-1564
-951
-454
-141
-31
-208
-942
-1739
-1906
-1835
-1560
-1087
-361
-27
-165
131
452
307
-5
226
200
94
1149
3601
8570
15455
20086
18233
12378
7618
6054
8148
10808
9874
5234
678
-2636
-5741
-7344
-7130
-5889
-3406
-507
990
1242
1872
2016
140
-2026
-2649
-1630
-110
808
1435
2265
3641
4449
3596
1978
972
1072
1429
2356
4038
4874
4439
3429
2084
460
-539
-901
-1749
-2518
-2830
-3762
-4713
-4536
-4323
-5264
-6281
-6406
-6163
-5042
-2930
-1137
-138
417
477
-348
-1476
-2224
-2537
-2365
-1931
-1598
-1614
-1937
-2377
-3048
-3935
-4450
-4165
-3459
-2879
-2551
-2286
-2122
-2268
-2703
-2987
-2660
-2164
-1843
-1593
-1567
-1614
-1528
-1500
-1568
-1431
-1025
-1069
-1370
-1451
-1937
-2365
-2336
-1725
-1012
-761
-695
-1088
-1061
-631
-294
39
-70
106
702
3082
9324
17339
22076
19832
13232
7052
5065
8985
13259
12304
7180
1653
-3198
-7200
-8331
-7782
-6561
-3149
226
978
644
1406
1374
-1134
-3194
-3536
-2291
353
2540
3196
3104
3810
4204
2994
1839
1661
2055
2594
3876
5793
6508
6053
4830
2630
375
-735
-1175
-2222
-2738
-2742
-3926
-5239
-5543
-5993
-7056
-7288
-6920
-6562
-4507
-1320
476
768
500
-566
-1886
-2158
-1993
-1784
-918
-150
-437
-1106
-1634
-2544
-3651
-4364
-4366
-3457
-2200
-1625
-1842
-2402
-3172
-3933
-4324
-4211
-3497
-2372
-1738
-1690
-1881
-2484
-3298
-3548
-2778
-1759
-745
-189
-527
-1018
-1451
-2026
-2716
-2532
-1685
-1093
-421
312
340
-185
-358
-220
-140
42
598
1484
5577
13661
20637
21123
14899
7080
2501
5158
12188
15162
11465
4746
-1571
-6969
-9750
-9359
-7689
-4141
547
2640
1579
485
323
-1328
-3823
-4690
-3499
-190
3655
5273
4048
2481
2333
2069
1395
1630
2708
4164
5842
7467
7825
6808
5033
1911
-1500
-2604
-1034
983
1948
975
-2451
-6172
-7142
-6175
-5762
-5787
-6004
-6284
-5300
-2733
-945
-1107
-1621
-2162
-2499
-1539
62
688
346
-145
-970
-1732
-1752
-1743
-2267
-2901
-3055
-2401
-1292
-951
-1898
-3208
-3977
-3913
-3199
-2463
-2330
-2658
-3073
-3649
-3993
-3955
-3814
-3646
-3362
-2575
-1708
-1060
-945
-1568
-2419
-3090
-2656
-1759
-1221
-835
-703
-702
-637
-328
-447
-787
-80
690
928
1956
4114
8090
13807
18561
17685
11709
6400
4800
8157
13369
14416
9136
1400
-4574
-8835
-10407
-8409
-4613
-220
2868
2465
-775
-3268
-3240
-3230
-3601
-2568
134
3310
4926
4381
2315
617
689
1326
2166
3909
6284
7847
7630
6691
5300
3406
1830
1061
1149
1769
2575
2510
624
-2064
-4437
-6331
-7261
-7040
-6382
-6161
-6058
-5794
-5706
-5072
-3661
-2328
-1380
-448
461
806
647
167
-567
-948
-770
-451
-405
-702
-1288
-1995
-2355
-2260
-2066
-2053
-2123
-2111
-2125
-2362
-2905
-3676
-4379
-4685
-4530
-4249
-4073
-3974
-3982
-3890
-3677
-3238
-2309
-1059
-297
-736
-1683
-2249
-2265
-1783
-1205
-828
-727
-878
-920
-952
-389
594
1150
1067
474
792
1887
5208
11356
16955
17785
12570
5947
2292
4888
11717
15276
12044
4774
-2025
-7008
-8877
-6671
-2542
1817
4654
3442
-905
-4017
-3714
-2797
-2733
-1957
-246
1890
3299
2627
312
-1319
-835
385
1917
4657
7321
8153
7184
5462
3923
2925
3039
3412
3532
4073
3976
2541
-243
-3124
-5474
-6844
-6244
-5271
-5051
-5530
-6463
-7505
-7862
-6347
-3695
-1231
357
310
-629
-1348
-1671
-1728
-1455
-497
459
868
641
-305
-1441
-2403
-2789
-2231
-1126
-284
-364
-1115
-2143
-3387
-4402
-4841
-4536
-3891
-3566
-3619
-3923
-4334
-4849
-5314
-4851
-3231
-1040
516
472
-740
-2511
-3482
-3556
-2562
-561
1116
1872
889
-421
-1292
-1087
182
1131
1854
1993
1864
1473
1310
3837
9242
14515
15468
10958
5319
2747
5858
11642
13919
10790
4207
-1904
-5895
-6387
-3206
881
4026
4501
1405
-3036
-5596
-4772
-2894
-1830
-1061
-569
178
531
-172
-1207
-1598
-250
1840
3823
5982
7335
7150
5337
3456
3103
3598
4447
4468
3317
2733
2768
2370
87
-3127
-5459
-6579
-5203
-3177
-2987
-4838
-7343
-8678
-8559
-6044
-2423
-259
133
-944
-2446
-3239
-2586
-847
439
1202
1514
1110
190
-1045
-1925
-2417
-2328
-1203
209
691
-266
-2076
-3918
-5102
-4788
-3560
-2787
-2775
-3479
-4467
-5258
-5390
-4901
-3979
-2592
-1506
-945
-732
-1174
-2156
-3063
-3154
-2283
-488
1555
2063
1172
-102
-1033
-1083
-149
1207
1645
1419
1353
1130
989
1299
3187
7315
11769
13679
10853
6210
3806
5810
10797
13498
11226
5198
-567
-3648
-3786
-1380
1776
3962
3848
499
-4379
-7280
-6186
-2918
-934
-797
-1167
-1219
-1387
-2145
-2649
-1879
323
3067
4957
6021
6627
6000
4280
2663
2718
4279
5963
6740
5534
3361
1062
-944
-1991
-2031
-1622
-2076
-3277
-4804
-6669
-7942
-7858
-6839
-5593
-4309
-3167
-3029
-3580
-3661
-3194
-2230
-808
680
1379
1241
900
187
-683
-966
-513
-22
158
283
-96
-1243
-2607
-3399
-3427
-3114
-2941
-3482
-4509
-5263
-5432
-5181
-4662
-3922
-3180
-2827
-2695
-2637
-2523
-1999
-1486
-1344
-1367
-804
184
790
1041
921
361
227
508
827
1154
1580
1779
889
304
252
-135
-124
896
4148
8593
11811
11552
7121
3381
3318
7203
11997
13279
10309
4468
-44
-1576
-727
1728
3910
4489
2536
-1419
-4904
-5843
-3875
-1362
-769
-1536
-2213
-2453
-2743
-3071
-2522
-689
1761
3810
4381
3985
3591
2779
2199
2505
4098
5909
6123
5297
3266
1505
749
431
363
-316
-707
-1550
-3053
-4273
-5308
-5946
-6243
-5932
-5322
-4890
-4255
-3940
-4211
-4098
-3269
-2188
-1403
-1073
-1031
-1285
-1483
-1402
-1262
-1004
-933
-1035
-1094
-1098
-946
-1212
-1886
-2344
-2573
-2898
-3389
-3577
-3479
-3229
-2847
-2681
-2578
-2545
-2768
-3328
-3498
-2716
-1858
-1165
-1008
-1070
-1144
-1430
-1458
-1447
-559
595
1245
1455
757
40
-401
-108
514
713
829
454
50
796
2643
5395
8719
11018
10348
6781
4370
5410
9408
14043
15160
11422
5258
766
-736
160
2747
4944
4622
1793
-2144
-5476
-6461
-4836
-2638
-1921
-2350
-2714
-3047
-3529
-3617
-3156
-1812
297
2356
3501
3507
3201
2670
2453
3502
5330
6750
6712
5363
3198
1067
374
1310
2598
2812
1006
-2335
-5255
-6132
-5132
-4146
-4004
-4636
-5846
-6836
-6856
-5784
-4445
-3568
-3336
-3696
-4051
-3782
-3148
-2480
-1772
-1112
-866
-959
-915
-838
-912
-934
-688
-507
-578
-948
-1664
-2249
-2323
-1935
-1503
-1279
-1453
-2319
-3428
-3892
-3641
-2767
-1799
-1391
-1651
-2648
-3213
-3082
-2403
-1439
-1047
-745
-599
-253
129
-209
-406
-574
-569
-62
634
1533
1768
1685
1461
1126
1882
3251
5432
8250
10102
9900
7705
6425
7401
10229
13017
12350
8240
3422
1227
1960
3866
5320
4506
1728
-1379
-3707
-4812
-4062
-1741
-385
-1350
-3319
-4790
-5293
-4897
-3789
-2352
-310
1990
3014
2268
1153
871
1369
2687
4759
6694
6916
5259
2678
674
742
2426
4083
3851
1734
-1260
-3966
-4740
-3661
-2423
-2481
-3940
-5825
-7095
-6989
-5604
-4282
-3894
-4447
-5336
-5663
-5047
-3861
-2905
-2315
-1840
-1617
-1692
-1712
-1548
-1389
-1264
-1021
-609
-102
110
-340
-1127
-1499
-1205
-825
-806
-1132
-1671
-2061
-2171
-2095
-1914
-1949
-2319
-2938
-3169
-2650
-1890
-1345
-1458
-2020
-2586
-2545
-2052
-1544
-1115
-1105
-1152
-936
-73
760
1125
1073
686
722
1509
2604
3168
3544
4275
5633
7762
9695
9851
8162
6651
7050
9076
11439
11860
9248
5456
2934
2412
2981
3869
4021
2671
444
-1546
-2768
-3021
-2459
-2279
-3213
-4295
-4313
-3406
-2513
-1867
-1608
-1606
-1225
-433
273
886
1748
2612
3314
3682
3860
3392
2463
1911
1794
2709
3818
4133
2917
241
-2265
-3403
-2603
-1220
-1002
-2397
-4603
-6212
-6530
-5853
-5089
-4747
-4964
-5642
-5955
-5484
-4464
-3620
-3373
-3422
-3769
-3802
-3358
-2869
-2264
-1633
-1081
-579
-163
-127
-672
-1120
-771
-90
467
621
91
-881
-1854
-2356
-2184
-1371
-546
-566
-1330
-2007
-2210
-2276
-2198
-2096
-2242
-2436
-2674
-2740
-2336
-1654
-1101
-1223
-1262
-907
-629
-77
494
1348
2093
2459
2366
2091
2532
3318
4097
4760
5785
7170
8543
8979
8300
7598
7902
9116
10090
9929
8138
5869
4543
4510
4684
4242
2987
1142
-366
-1016
-945
-736
-505
-633
-1580
-2795
-3396
-3140
-2706
-2579
-2468
-1991
-1113
-399
-211
-571
-843
-418
567
1650
2600
3498
3208
1824
505
214
922
1812
2403
1353
-690
-2083
-2288
-1972
-2028
-2653
-3936
-4992
-5093
-4773
-4647
-4670
-4841
-5181
-5317
-4958
-4603
-4536
-4506
-4359
-4074
-3559
-2831
-2305
-2174
-2317
-2424
-2108
-1243
-394
-244
-640
-893
-799
-754
-803
-648
-312
-171
-263
-438
-566
-487
-520
-812
-1225
-1289
-1207
-1454
-1670
-1731
-1637
-1841
-1966
-2008
-1738
-1038
-774
-643
-674
-50
611
624
773
741
1171
1799
2380
2830
2673
2928
3471
4408
5948
7534
8259
7655
7059
7256
8392
9498
9752
8546
6337
5017
4885
5337
5551
5219
4157
2617
1465
938
529
79
-123
-621
-1492
-2099
-2524
-2934
-3410
-3677
-3556
-3282
-2623
-2121
-2248
-2139
-1695
-781
433
1062
994
58
-373
250
1406
2620
2435
930
-769
-1271
-713
-91
85
-747
-2109
-3254
-3578
-3503
-3598
-3702
-4197
-4772
-5065
-5129
-5070
-5081
-4850
-4568
-4343
-4048
-3864
-3884
-4169
-4291
-3863
-3020
-2208
-1881
-1870
-1897
-1742
-1314
-789
-187
285
406
331
219
153
185
215
303
386
271
54
-286
-593
-682
-928
-1095
-1069
-966
-891
-1090
-1024
-917
-826
-888
-980
-660
-114
549
523
328
396
829
1501
1894
2245
2575
3141
3795
4462
5331
6818
8036
8291
8019
7660
8041
8711
9397
9176
7917
6953
6430
6148
5690
5034
4061
2927
2267
1814
1050
172
-436
-1098
-2041
-2756
-3126
-3369
-3531
-3574
-3684
-4107
-4043
-3665
-3488
-3103
-2683
-1670
-980
-162
727
-60
-816
-1247
-380
999
1752
1880
16
-1680
-1942
-1070
-361
-648
-1543
-2845
-3288
-3027
-2828
-3119
-3608
-3744
-4175
-4280
-3882
-3851
-4180
-4917
-5292
-5154
-4647
-3962
-3991
-4335
-4457
-4225
-3763
-2992
-1989
-1417
-1223
-1210
-1012
-561
27
598
752
869
1046
1067
1000
1003
1131
1036
772
694
856
1124
1185
867
197
-309
-503
-412
-170
-140
-158
-599
-1063
-1082
-870
-486
-329
-221
16
259
581
811
1046
1516
2327
3336
4346
5171
5595
6208
6679
7311
8102
8484
8851
8723
8677
8360
7533
6964
6559
6317
5755
4886
3790
2746
2292
2066
1513
419
-609
-1488
-2534
-3225
-3635
-3994
-4345
-4531
-4511
-4591
-4527
-4223
-4034
-3596
-2438
-1242
-772
-998
-1224
-1249
-856
-88
123
-481
-1075
-835
-279
-66
-247
-750
-1194
-1264
-1187
-1334
-1655
-1913
-2296
-2917
-3407
-3783
-4264
-4746
-4900
-4796
-4709
-4725
-4910
-5121
-5111
-4770
-4395
-4087
-3688
-3374
-3215
-3047
-2531
-1749
-981
-242
155
189
247
530
903
1194
1569
1881
1916
1860
1741
1758
1743
1686
1567
1165
962
822
788
784
392
-218
-908
-1312
-1150
-910
-733
-652
-832
-626
-326
34
598
958
1393
1614
1918
2431
2614
2902
3368
4014
4957
5808
6622
6984
7062
7191
7006
7134
7566
8158
8164
7310
6333
5354
4993
4811
4389
3517
2430
1743
908
103
-613
-1243
-1779
-2451
-3012
-3683
-4261
-4477
-4611
-4465
-4158
-3675
-3385
-3458
-3069
-2633
-2124
-1827
-1803
-1578
-1476
-1051
-1004
-1453
-1662
-1477
-776
-200
26
-307
-1105
-1600
-1723
-1675
-1692
-1852
-2275
-2955
-3397
-3640
-3876
-4108
-4312
-4450
-4483
-4235
-3958
-3940
-4029
-4157
-4117
-3791
-3247
-2659
-2375
-2279
-2187
-1863
-1171
-402
245
654
827
952
1155
1446
1791
2052
2080
1853
1639
1655
1892
1962
1715
1275
755
675
714
742
700
385
247
-48
-154
41
159
415
302
196
264
307
600
725
901
1174
1462
1984
2226
2404
2553
2570
2858
3271
3936
4429
4792
5295
5515
5677
5581
5494
5587
5727
5968
5623
5021
4362
3595
3108
2626
2292
1834
1158
570
-185
-781
-1141
-1392
-1593
-1994
-2475
-2986
-3368
-3549
-3661
-3543
-3257
-2794
-2470
-2469
-2593
-2823
-2629
-2106
-1512
-1091
-1242
-1733
-2279
-2405
-2046
-1555
-1206
-1250
-1534
-1823
-1907
-1778
-1643
-1498
-1556
-1784
-1979
-2213
-2411
-2628
-2745
-2671
-2538
-2287
-2091
-2091
-2216
-2338
-2270
-2033
-1703
-1449
-1377
-1420
-1425
-1202
-829
-390
-15
172
289
464
742
1045
1236
1366
1380
1291
1262
1262
1385
1486
1461
1331
1052
1011
1092
1175
1209
1007
826
519
293
218
133
214
274
405
518
527
465
310
282
446
735
987
1108
1118
1070
1087
1158
1336
1614
1980
2366
2553
2673
2815
3113
3442
3634
3723
3525
3291
3160
3128
3192
3143
2942
2510
1944
1505
1177
994
903
658
142
-457
-877
-1120
-1244
-1415
-1683
-2028
-2387
-2539
-2542
-2372
-2061
-1976
-2113
-2370
-2491
-2356
-2169
-1926
-1799
-1841
-1971
-2090
-2116
-2042
-1828
-1591
-1435
-1381
-1417
-1482
-1484
-1351
-1138
-944
-809
-833
-983
-1177
-1347
-1351
-1205
-1025
-954
-1037
-1152
-1264
-1337
-1289
-1186
-1024
-847
-726
-633
-546
-397
-232
-91
128
399
625
808
931
994
1036
1120
1239
1302
1282
1216
1116
1003
974
1017
1068
1107
1095
1010
825
635
516
484
496
455
376
234
105
41
-6
17
52
77
91
81
149
259
347
402
381
337
328
358
434
504
584
724
872
992
1063
1107
1199
1347
1494
1620
1664
1612
1526
1458
1499
1612
1721
1728
1548
1272
1047
993
1057
1091
1013
770
436
138
-70
-207
-298
-395
-564
-786
-938
-1054
-1174
-1297
-1448
-1588
-1721
-1791
-1863
-1967
-1975
-1976
-1971
-1939
-1917
-1857
-1841
-1793
-1658
-1470
-1192
-976
-902
-886
-846
-755
-648
-559
-485
-434
-421
-375
-309
-261
-216
-236
-275
-293
-297
-207
-109
-58
-21
-44
-86
-98
-80
-6
74
171
248
238
236
275
342
435
492
515
518
541
573
587
619
614
564
484
385
303
259
275
263
225
190
162
158
164
191
181
167
178
180
179
144
99
42
7
53
93
114
92
38
5
-6
84
234
421
602
666
682
680
770
982
1199
1404
1531
1576
1555
1484
1452
1470
1507
1519
1446
1287
1122
996
890
790
665
465
198
-61
-268
-397
-492
-574
-702
-889
-1062
-1234
-1325
-1349
-1366
-1374
-1407
-1393
-1361
-1340
-1294
-1236
-1154
-1076
-1023
-966
-870
-748
-618
-516
-441
-374
-351
-365
-364
-330
-277
-227
-198
-193
-227
-293
-345
-372
-348
-307
-297
-281
-257
-210
-181
-166
-108
-43
29
108
192
268
338
398
433
481
525
556
551
539
529
483
440
417
409
400
368
281
157
64
18
14
12
-24
-90
-208
-319
-380
-412
-370
-346
-375
-433
-546
-597
-605
-576
-523
-511
-470
-432
-413
-385
-330
-232
-116
9
140
278
406
514
607
705
828
943
1041
1160
1275
1395
1461
1435
1380
1306
1268
1236
1208
1192
1121
976
759
537
388
307
231
145
27
-117
-263
-393
-460
-498
-516
-545
-609
-640
-594
-516
-460
-408
-389
-381
-366
-335
-271
-236
-207
-207
-230
-240
-254
-282
-315
-336
-355
-387
-404
-404
-408
-427
-440
-423
-426
-436
-451
-471
-447
-408
-365
-320
-289
-253
-263
-267
-196
-93
18
70
76
92
138
216
264
281
289
287
256
242
262
277
262
208
146
96
56
19
-44
-123
-192
-264
-317
-359
-414
-484
-572
-649
-694
-728
-737
-745
-751
-748
-751
-729
-667
-585
-506
-434
-361
-275
-182
-86
18
126
240
337
417
495
568
634
697
765
869
974
1024
1018
981
953
943
954
993
1002
941
846
734
660
638
627
582
498
425
360
322
322
330
316
250
178
129
125
164
185
185
156
117
79
49
26
8
-23
-67
-124
-187
-226
-251
-276
-301
-344
-387
-413
-418
-405
-395
-389
-395
-416
-437
-448
-433
-411
-396
-386
-381
-373
-346
-305
-262
-234
-210
-202
-207
-200
-175
-147
-127
-107
-92
-77
-62
-63
-61
-58
-52
-55
-67
-70
-78
-91
-108
-133
-170
-210
-246
-279
-314
-356
-393
-410
-415
-444
-495
-545
-577
-581
-563
-528
-495
-475
-470
-470
-448
-384
-301
-231
-167
-100
-31
41
101
152
200
253
308
353
391
405
397
396
408
444
486
512
517
507
495
491
509
536
563
579
585
579
559
542
528
521
525
551
579
587
564
523
485
466
475
486
483
455
409
361
322
314
314
313
297
263
228
191
169
141
103
54
-7
-61
-111
-148
-182
-208
-228
-261
-304
-333
-336
-333
-328
-327
-343
-367
-393
-407
-412
-391
-358
-351
-344
-332
-320
-316
-317
-301
-286
-267
-245
-240
-242
-233
-215
-200
-192
-190
-195
-204
-203
-192
-189
-210
-250
-286
-318
-353
-389
-421
-451
-475
-484
-498
-511
-528
-542
-545
-535
-506
-468
-432
-399
-378
-360
-334
-293
-240
-181
-122
-72
-27
16
49
79
120
169
218
248
266
286
314
345
364
380
399
422
431
433
439
460
488
503
508
496
479
464
460
477
508
539
551
538
516
506
518
536
551
563
563
556
541
530
532
533
520
492
464
448
431
408
381
351
317
270
221
176
140
109
63
9
-52
-106
-159
-211
-251
-290
-320
-354
-389
-427
-464
-484
-496
-499
-502
-512
-517
-514
-496
-475
-458
-436
-416
-396
-377
-355
-323
-291
-269
-261
-256
-244
-223
-206
-193
-185
-187
-201
-216
-225
-228
-231
-238
-257
-282
-305
-325
-336
-337
-343
-356
-371
-380
-378
-373
-367
-361
-340
-312
-288
-271
-253
-225
-188
-151
-114
-79
-44
-15
4
32
69
114
157
196
225
239
254
273
290
306
316
323
330
336
341
346
352
357
353
347
351
366
386
401
403
394
391
396
409
430
450
464
465
460
466
487
512
529
532
529
523
518
516
515
512
494
456
414
380
350
315
275
235
191
136
77
22
-22
-61
-103
-151
-207
-253
-296
-332
-361
-381
-396
-417
-434
-446
-452
-448
-437
-426
-422
-416
-407
-401
-392
-376
-358
-341
-326
-314
-307
-297
-283
-268
-250
-233
-230
-234
-235
-230
-228
-230
-234
-242
-250
-260
-268
-274
-277
-276
-280
-283
-286
-287
-287
-286
-281
-270
-254
-239
-226
-210
-189
-166
-143
-116
-88
-61
-33
-13
7
26
41
62
86
113
137
151
165
174
186
207
225
248
266
270
266
263
272
285
299
308
308
306
307
308
314
326
340
353
366
376
383
390
398
409
422
434
442
446
446
445
445
442
440
435
423
403
380
356
333
308
281
249
212
173
139
111
80
45
8
-27
-61
-94
-122
-148
-176
-209
-242
-267
-287
-302
-314
-325
-337
-348
-358
-367
-372
-371
-369
-364
-358
-354
-351
-348
-344
-338
-327
-313
-301
-292
-287
-284
-278
-268
-260
-257
-256
-254
-253
-252
-248
-246
-243
-238
-233
-231
-227
-223
-216
-205
-195
-186
-180
-172
-161
-150
-137
-122
-103
-84
-67
-52
-38
-23
-3
18
38
57
73
86
95
102
111
121
133
147
157
165
170
175
179
187
200
213
225
236
239
238
244
256
269
276
278
279
283
284
289
296
304
310
312
314
312
308
306
306
303
302
299
293
282
269
258
250
242
233
222
209
193
174
155
140
127
113
91
65
40
21
3
-15
-34
-55
-78
-101
-119
-135
-143
-157
-180
-202
-216
-226
-236
-241
-248
-258
-264
-268
-270
-271
-272
-275
-279
-279
-274
-270
-266
-265
-266
-266
-262
-255
-247
-243
-240
-236
-229
-225
-221
-218
-212
-206
-201
-193
-187
-178
-170
-163
-155
-144
-133
-124
-112
-103
-95
-84
-71
-59
-50
-45
-37
-25
-12
1
11
22
31
38
46
55
68
80
92
100
109
117
126
136
146
156
163
172
177
181
187
195
201
208
211
212
209
210
213
218
223
225
222
218
215
211
211
217
221
220
211
201
194
192
193
191
190
184
176
166
158
155
151
147
139
128
115
104
92
81
71
61
51
39
25
13
2
-9
-17
-26
-37
-51
-66
-78
-89
-100
-112
-127
-140
-154
-166
-176
-186
-197
-207
-216
-223
-230
-235
-238
-241
-245
-248
-249
-249
-247
-244
-238
-231
-225
-219
-212
-206
-196
-186
-175
-163
-154
-145
-136
-127
-119
-109
-98
-90
-80
-71
-65
-59
-54
-46
-41
-36
-32
-28
-24
-18
-12
-5
3
10
18
26
34
41
49
57
64
70
78
86
93
99
103
107
112
117
123
130
133
135
138
143
147
149
149
148
149
149
150
150
150
150
149
149
149
148
148
147
145
142
142
141
138
134
129
124
120
116
112
108
104
99
96
91
86
84
81
76
72
70
68
65
60
54
49
43
36
28
20
9
0
-11
-23
-32
-45
-59
-72
-84
-96
-108
-120
-131
-141
-151
-161
-170
-177
-183
-188
-192
-192
-190
-189
-187
-186
-182
-177
-170
-162
-156
-150
-144
-138
-133
-125
-119
-113
-106
-102
-98
-92
-85
-81
-75
-70
-64
-58
-52
-47
-42
-37
-34
-29
-23
-18
-13
-10
-5
-1
6
12
16
21
24
27
31
37
42
47
50
50
51
53
57
63
66
70
70
73
75
79
83
87
91
95
98
100
101
104
106
109
111
114
115
113
110
109
107
108
107
105
102
98
93
91
90
89
87
87
84
81
79
79
81
81
78
74
73
73
71
69
66
64
58
52
47
40
36
29
22
15
5
-6
-16
-24
-33
-41
-47
-57
-67
-76
-85
-90
-95
-99
-104
-110
-115
-118
-120
-122
-125
-127
-130
-131
-133
-133
-133
-134
-132
-131
-129
-126
-124
-119
-116
-113
-108
-103
-99
-93
-88
-81
-74
-68
-62
-56
-50
-44
-38
-32
-27
-21
-16
-12
-9
-6
-3
0
3
5
9
12
14
14
16
17
20
23
25
26
29
31
33
37
41
44
47
50
52
55
56
59
62
66
66
67
68
70
73
75
76
76
77
80
81
83
84
84
84
83
82
83
84
86
85
84
83
80
79
79
78
77
73
69
66
64
60
58
54
49
46
43
39
35
31
28
24
20
16
12
9
4
1
-4
-8
-13
-19
-25
-30
-35
-41
-46
-52
-57
-63
-69
-74
-78
-81
-86
-90
-94
-98
-101
-103
-105
-105
-107
-108
-108
-106
-105
-103
-102
-98
-96
-92
-88
-85
-80
-76
-71
-67
-62
-56
-50
-46
-41
-38
-32
-28
-24
-21
-18
-15
-12
-8
-4
-1
2
3
5
7
8
9
11
11
12
13
13
15
17
18
18
19
20
24
25
26
26
29
31
32
34
37
39
42
45
49
52
55
59
62
65
68
70
72
74
75
75
76
77
79
77
76
75
74
73
72
70
68
65
61
59
56
53
50
47
44
40
37
34
33
31
28
25
23
21
18
16
13
11
6
5
1
-2
-6
-9
-13
-15
-20
-24
-28
-32
-35
-40
-44
-48
-52
-56
-59
-62
-66
-70
-72
-74
-77
-78
-80
-80
-82
-83
-82
-82
-81
-79
-78
-76
-74
-72
-69
-67
-64
-60
-56
-53
-50
-48
-43
-39
-35
-32
-29
-25
-22
-18
-16
-13
-10
-7
-5
-3
0
0
1
2
4
4
5
5
5
7
8
10
12
12
12
14
16
19
22
25
28
30
32
34
37
41
45
48
50
52
54
56
59
60
63
65
65
65
67
66
66
65
64
64
63
60
58
56
53
52
50
49
46
43
