-5
-4
-6
0
0
-10
-12
-4
-2
0
6
3
-5
-9
3
22
20
18
25
19
16
30
54
45
33
53
55
73
104
115
88
83
121
128
157
169
151
182
149
145
191
155
105
113
173
112
63
83
36
54
21
5
57
-22
-72
-36
-29
-43
-64
-54
-57
-68
-83
-115
-118
-177
-224
-201
-260
-256
-234
-330
-292
-300
-428
-524
-453
-370
-595
-583
-469
-584
-619
-590
-515
-639
-740
-597
-625
-494
-340
-474
-486
-470
-460
-459
-422
-401
-467
-374
-316
-317
-320
-462
-440
-275
-176
-30
177
181
-5
142
316
224
351
494
422
357
433
492
422
434
514
533
633
693
600
677
702
666
616
937
1848
2801
3720
4142
4016
3597
3475
3920
4068
3816
3420
2696
1949
1597
1097
297
-438
-931
-1217
-1140
-644
-574
-1009
-1629
-2306
-2694
-2665
-2276
-1985
-1711
-1462
-1209
-881
-829
-818
-999
-1322
-1252
-684
-261
-186
-52
-275
-801
-957
-930
-1222
-1527
-1617
-1664
-1663
-1523
-1586
-1990
-2251
-2496
-2750
-2915
-2926
-2782
-2819
-2687
-2259
-1914
-1829
-1785
-1444
-1272
-1162
-552
-4
306
554
735
1046
1093
920
572
55
-13
116
386
732
730
562
468
468
379
372
423
462
752
1192
1371
1379
1530
1405
1201
1366
1687
1889
2060
2613
2825
2422
3206
5934
8446
8455
6622
5159
4761
5453
6614
6554
4700
2409
1195
673
195
-859
-2474
-3447
-3469
-2855
-2196
-1623
-1914
-3726
-5425
-5505
-4398
-3718
-3030
-1463
-55
602
629
789
942
286
-293
222
1176
1716
1855
1457
493
-744
-2047
-3121
-3558
-3470
-3530
-3471
-2832
-2431
-2850
-3561
-3992
-4357
-4803
-4760
-4358
-3772
-3156
-2838
-2412
-2043
-2091
-2423
-2552
-2158
-1339
-144
1015
1743
2023
2016
1863
1799
1668
1158
417
174
435
485
655
337
-561
-1278
-1782
-1624
-1102
-787
-639
-55
513
759
1285
1723
1783
1773
2163
2644
3143
3825
4198
4133
3681
3069
2746
2391
1969
989
417
2826
7099
9804
8182
4701
2957
3283
4958
6024
5308
2769
480
-273
-446
-1198
-2951
-4873
-5720
-4966
-3318
-1512
-620
-1864
-4740
-6398
-5750
-4243
-2874
-1806
-632
98
441
936
1695
2019
1249
1053
2453
4447
5612
5478
4104
2173
185
-1538
-2477
-2792
-3043
-4302
-5052
-4305
-3715
-3910
-4438
-4547
-4576
-4432
-3617
-2430
-1620
-1576
-1681
-1347
-690
-547
-873
-1267
-1130
-293
447
1275
2006
2288
2007
1626
1702
1268
605
207
-383
-1096
-1614
-1489
-1715
-2582
-3132
-3588
-3639
-3207
-2778
-2384
-2105
-1699
-919
135
850
903
1110
1449
1563
1846
2180
2677
2933
2705
2417
1849
1341
901
456
141
-268
-840
859
6362
10900
9946
5669
3012
3371
6575
9903
9322
5566
2384
1321
890
436
-1311
-4565
-5890
-4356
-2316
-511
967
-333
-5143
-8601
-8186
-5940
-3469
-1785
-496
693
1496
1814
2122
2521
1969
1053
1873
5499
9213
9836
7441
4616
2683
939
404
546
-189
-1864
-2996
-2555
-1851
-2454
-4817
-6712
-6832
-6132
-5342
-4127
-2946
-2838
-2924
-2567
-1755
-1265
-1818
-2740
-3007
-2126
-756
382
1062
845
-78
-908
-1046
-718
-1301
-2710
-3614
-3629
-2975
-2405
-2165
-2573
-3828
-4551
-4253
-3039
-1827
-1758
-1981
-1839
-1272
-537
124
467
418
492
1153
1867
2382
2683
2274
1910
1651
1372
889
734
761
83
-507
-783
-1179
-1629
1413
8079
13321
13226
9206
6572
6887
9800
11916
10730
7375
4129
2579
1729
949
-1266
-4488
-6194
-5517
-3549
-1191
612
-471
-4525
-7944
-8151
-6198
-3706
-1656
332
2170
3275
3773
4059
4505
3832
2693
3494
6530
9264
9210
7424
4836
1585
-1306
-2929
-2922
-2746
-3193
-3351
-2997
-2818
-3715
-5532
-7413
-8437
-8591
-8297
-7101
-5409
-4355
-4169
-4275
-3996
-3470
-3562
-3749
-2875
-1042
942
2534
3647
3774
2715
991
-447
-1202
-1740
-2283
-2604
-2376
-2228
-2363
-2586
-2937
-3029
-2775
-2178
-1434
-534
611
1343
1281
986
785
352
-226
-172
193
201
488
1147
1474
1256
923
175
-984
-1206
-1078
-1537
-1608
-1097
-1116
-2052
-2141
-2180
-445
6617
14595
17449
14270
10656
9172
10335
13776
14167
10418
6078
3619
1879
58
-2126
-5992
-9434
-9449
-7472
-4894
-2262
-1483
-4206
-8932
-11104
-10396
-7885
-4598
-1594
1199
3066
4181
4435
4874
5481
5314
5789
8412
12052
13654
11958
8099
4205
506
-2676
-4409
-4693
-5104
-6493
-7225
-6997
-6616
-7399
-8587
-8898
-8346
-6806
-4912
-2950
-1601
-1359
-1807
-2091
-1686
-1135
-1084
-885
551
2393
3446
3930
4086
3271
1669
206
-631
-838
-949
-1631
-2419
-2502
-2641
-3424
-4249
-4418
-4201
-3464
-1919
-526
212
363
389
330
25
-346
-869
-1217
-1222
-1332
-1286
-551
-83
-390
-1186
-1776
-1584
-1212
-1222
-1492
-1317
-1545
-2128
-2097
-1963
-1693
-1528
-319
4894
12909
18070
16565
12348
10264
10742
13572
14761
11591
6160
2102
-52
-2064
-3796
-6383
-9248
-9851
-8311
-5975
-3198
-1339
-3092
-7642
-10174
-9115
-6281
-2596
1269
4501
6297
7250
7830
8439
9207
8980
8315
8917
11627
14035
13476
9841
4753
-365
-4847
-7293
-7777
-7635
-8083
-8312
-7645
-6876
-7003
-7964
-8529
-8341
-7102
-5018
-2529
-397
632
264
-883
-1751
-1940
-1644
-1097
-41
934
1779
2718
3251
2228
-133
-1792
-2581
-2941
-2885
-2559
-2592
-3521
-4626
-5426
-5536
-5008
-4600
-4256
-3486
-2099
-739
-160
-120
-570
-1543
-2240
-2200
-1679
-1082
-764
-768
-895
-732
-513
-661
-1078
-1442
-1328
-1155
-1093
-758
-417
-920
-1831
-2715
-3037
-2185
724
7273
15276
19980
17819
12970
11036
12624
16021
16543
12882
7524
3759
1793
-414
-2895
-5932
-8824
-9271
-7209
-4114
-1256
-99
-2313
-6952
-9286
-8007
-4931
-1369
2211
5353
6890
7292
7313
7970
9029
8725
7768
8335
10955
13071
11862
7808
2515
-2935
-7777
-10127
-8917
-7059
-6974
-7812
-7731
-7220
-7615
-8730
-9254
-8751
-7728
-5736
-2853
-16
892
-472
-2300
-3096
-2808
-2441
-1849
-488
986
1677
2068
2538
1804
-537
-2679
-3715
-3817
-3214
-2846
-3297
-4259
-5212
-6093
-6324
-5581
-4633
-4099
-3587
-2386
-829
135
87
-670
-1317
-1288
-967
-560
-133
108
59
242
599
510
309
378
281
-39
116
201
-243
-544
-625
-988
-1020
-284
555
2131
7289
15028
20113
19583
15448
12073
11994
15085
16339
12991
7996
4118
799
-2545
-4417
-6162
-8786
-9819
-8424
-5810
-2636
-569
-1844
-5898
-8744
-8835
-6813
-2971
1277
4342
5699
6694
7533
8092
8704
8736
8218
8293
9522
10474
9658
6728
2242
-2940
-7454
-10049
-10359
-9450
-9035
-9352
-9430
-8738
-8183
-8281
-8412
-8115
-7044
-5060
-2772
-506
989
896
-469
-1797
-1779
-1345
-1165
-673
468
1725
2350
2690
2263
726
-1266
-3116
-3813
-3237
-2777
-3389
-4335
-4884
-5642
-6112
-5467
-4595
-4125
-3282
-1670
42
1258
1511
928
491
333
-288
-517
239
742
249
-188
7
101
70
142
59
-256
-629
-1124
-993
-247
199
-223
-642
-612
-35
1547
4324
10142
17082
20419
18162
14244
12799
13644
15067
14011
9782
4838
1474
-1092
-3351
-5041
-6996
-9245
-9685
-7910
-5378
-3017
-2241
-4075
-7791
-9904
-9065
-6171
-2367
1484
4507
6006
6924
7671
8150
8571
8899
8594
8903
10478
11640
10070
6094
1310
-4095
-7956
-9254
-8639
-8019
-8035
-8487
-9269
-8787
-7898
-7539
-7496
-6791
-5180
-3505
-1457
531
1184
133
-1755
-2426
-1620
-807
-435
-174
516
1103
1650
1714
736
-578
-2181
-3335
-3356
-2797
-3089
-4349
-5503
-6286
-6400
-5568
-4613
-4412
-4191
-3271
-1916
-686
254
530
130
-346
-979
-1023
-559
-154
-376
-1000
-656
375
1351
1475
627
-318
-709
-96
857
1213
815
-143
-527
-234
636
1410
3049
8417
15595
19847
18401
14708
12632
12779
14085
13436
9921
5429
1806
-1103
-3483
-5117
-6932
-9064
-9550
-8265
-6195
-3867
-2254
-3289
-6696
-8731
-8262
-5767
-1958
2076
5112
6692
7624
8131
8892
10095
10318
9876
10136
10941
10563
9011
7287
4087
-988
-6439
-9765
-10178
-8529
-7447
-8681
-10394
-10753
-9866
-8574
-7047
-6366
-6454
-5913
-3988
-1568
168
589
-502
-1704
-2086
-1741
-740
477
1236
1269
1121
1466
1649
1099
-517
-2552
-3771
-4077
-3895
-4090
-4665
-5639
-6714
-6809
-5989
-5159
-4723
-4015
-2898
-1777
-401
825
1405
1308
766
14
-458
-229
50
207
617
1136
1332
984
285
-23
-73
-330
-625
-578
-248
81
450
646
323
-71
239
3379
10471
17690
20108
17033
13391
12069
13148
14473
12829
8651
4280
1331
-813
-2396
-3794
-6225
-8662
-9122
-7851
-5378
-2620
-1544
-3782
-7338
-8965
-8372
-5486
-1343
2264
4478
5931
7039
7862
9142
10173
10049
9553
9847
10511
10125
8365
5265
1235
-2729
-6321
-8814
-9601
-9340
-9688
-10689
-10957
-10205
-8837
-7643
-6786
-6017
-5273
-4483
-3504
-1934
-357
-161
-848
-1062
-627
-251
-195
62
539
1245
1873
2070
1878
1222
-113
-1994
-3316
-3699
-4216
-5098
-5785
-6157
-6030
-5646
-5445
-5396
-4859
-3752
-2615
-1111
635
1658
1537
814
179
-295
-261
57
162
582
1425
1990
1959
1348
387
-406
-714
-590
-466
-87
257
144
-167
-448
-732
-884
-378
2726
8954
15241
17759
15703
12638
11024
11824
12797
11413
8077
4627
2491
549
-1118
-2625
-4808
-6728
-7283
-6526
-4731
-2471
-1551
-3911
-7255
-8818
-8456
-6135
-2699
736
3119
4796
5962
6658
8066
9807
10083
9329
9211
10043
10442
9355
7044
3308
-880
-4430
-6218
-6627
-7211
-8607
-10428
-11084
-10202
-8654
-7463
-6605
-5934
-5804
-5730
-4356
-2090
-605
-539
-842
-505
380
1360
1673
1560
1277
1050
973
1343
1989
1802
451
-1321
-2507
-3236
-4134
-5449
-6657
-7046
-6652
-5874
-5112
-4448
-3661
-3084
-2678
-2082
-1119
-284
-292
-631
-876
-798
-744
-969
-1068
-973
-487
24
347
562
504
375
-163
-805
-1016
-1067
-1321
-1727
-1456
-828
-454
-450
-453
1148
5639
11695
15809
16124
14239
12348
12040
13060
12873
10450
7136
4734
2958
1203
-473
-2178
-3641
-4587
-5050
-4845
-3549
-2408
-3441
-6196
-8025
-8065
-7119
-5349
-2453
770
3207
4427
5126
6660
8786
10155
10162
10261
10954
10987
9663
7961
6513
4168
610
-3099
-5559
-6853
-7844
-9184
-10385
-10449
-9566
-8444
-7302
-6129
-5740
-6216
-6291
-5272
-3666
-2224
-1393
-866
-296
302
516
479
722
936
909
905
1356
1836
1639
598
-969
-2610
-4153
-5526
-6302
-6127
-5655
-5563
-5593
-5106
-4290
-3672
-3567
-3661
-3336
-2440
-1571
-1142
-734
-362
-472
-976
-891
18
1095
1585
1553
1573
1849
2099
1774
1087
343
-311
-965
-1360
-998
-399
-325
-866
-1373
-1233
-58
3095
7926
12300
13969
12827
11078
10670
11872
12546
11251
9035
7214
5366
3213
1651
746
-158
-1280
-2374
-3128
-2963
-2368
-2863
-4788
-6757
-8090
-8629
-7673
-5180
-2375
-301
1154
2305
3726
5543
7135
7853
7789
7772
8065
8289
8373
8011
6567
3740
490
-2102
-4034
-5428
-6603
-7603
-8242
-7943
-7056
-6528
-6276
-6184
-6623
-7346
-7195
-5964
-4514
-3301
-2300
-1665
-1229
-873
-656
-503
-5
631
827
898
1179
1283
528
-741
-1837
-2607
-3092
-3325
-3424
-3514
-3470
-3429
-3475
-3220
-2706
-2398
-2400
-2474
-2481
-2498
-2642
-2711
-2427
-1971
-1487
-873
-12
819
1306
1458
1444
1464
1475
1367
919
342
-105
-549
-938
-1003
-999
-1309
-1467
-1046
-560
-268
617
2352
4991
8330
11099
11870
11198
10707
10866
11311
11298
10228
8376
6789
5505
4102
2866
2077
1111
-288
-1467
-2195
-2618
-3051
-4059
-5814
-7393
-8123
-8013
-6950
-4790
-2330
-424
896
1785
2592
3571
4484
5001
5676
6627
7201
7252
7141
6697
5284
3330
1522
366
-135
-435
-1261
-2890
-4289
-5112
-5731
-6184
-6384
-6398
-6557
-6596
-6295
-5862
-5375
-5330
-5656
-5619
-4702
-3276
-2219
-1380
-637
-529
-1202
-1932
-2013
-1625
-1083
-568
-171
184
412
257
-275
-811
-1222
-1649
-1798
-1437
-1026
-1082
-1791
-2803
-3579
-3824
-3691
-3447
-2931
-2240
-1616
-1005
-359
163
298
80
-267
-451
-316
-150
43
318
328
-104
-563
-434
98
640
1040
1213
1193
1124
1195
1364
1673
2140
3029
4517
6312
7912
8673
8733
8591
8502
8547
8534
8180
7214
5941
4683
3297
2132
1391
761
60
-615
-1012
-1212
-1170
-1084
-1518
-2281
-2829
-2889
-2554
-1954
-1178
-559
23
612
926
1097
1064
887
696
745
1258
2097
3200
4015
4001
3280
2437
1922
1363
257
-1101
-2201
-2871
-3350
-3755
-3847
-3791
-4006
-4695
-5288
-5149
-4585
-4252
-4288
-4208
-4026
-4291
-4837
-4961
-4373
-3524
-3037
-2736
-2054
-972
-21
504
723
727
592
331
83
43
36
-360
-1147
-1808
-2045
-2048
-1994
-1832
-1713
-1647
-1440
-1226
-1117
-1071
-1124
-1353
-1580
-1418
-991
-603
-341
-351
-469
-490
-388
-276
-19
486
892
1156
1339
1476
1638
1711
1531
1210
1004
844
703
889
1356
1679
1764
1860
2220
2838
3582
4311
4913
5303
5251
4899
4814
4971
4822
4182
3614
3579
3743
3706
3461
3265
3146
2872
2291
1548
1004
526
-372
-1470
-2160
-2503
-2845
-3055
-2898
-2481
-1909
-1400
-1181
-1026
-722
-420
-139
304
736
899
957
1053
1005
903
846
676
309
-148
-557
-1011
-1517
-1920
-2066
-2004
-2038
-2343
-2828
-3231
-3424
-3508
-3520
-3404
-3193
-2934
-2596
-2139
-1711
-1566
-1643
-1653
-1553
-1383
-1109
-831
-814
-1163
-1475
-1499
-1314
-1074
-841
-614
-441
-256
-163
-184
-221
-320
-524
-801
-970
-895
-644
-343
-167
-199
-306
-307
-154
43
149
145
132
255
469
599
680
607
327
105
150
479
881
1135
1165
1099
1060
1065
1128
1260
1362
1204
837
523
365
380
590
935
1373
2067
3060
4048
4687
4859
4666
4375
4292
4340
4196
3851
3428
2888
2236
1640
1149
745
525
362
70
-172
-236
-353
-698
-1062
-1295
-1467
-1584
-1624
-1540
-1414
-1349
-1366
-1281
-931
-589
-474
-455
-395
-406
-479
-428
-277
-181
-315
-673
-1028
-1257
-1449
-1688
-1886
-1902
-1705
-1445
-1207
-1028
-991
-1133
-1385
-1584
-1745
-1873
-2017
-2233
-2433
-2564
-2559
-2379
-2085
-1772
-1489
-1250
-1012
-744
-481
-317
-258
-176
-82
0
93
149
146
224
394
445
385
385
405
402
438
399
197
74
111
60
-109
-286
-439
-510
-431
-271
-107
84
180
165
253
491
730
889
987
1020
995
976
984
1027
1040
1003
1050
1176
1358
1500
1483
1378
1292
1239
1181
1254
1451
1539
1577
1793
2104
2209
2090
1909
1870
1951
1833
1462
1190
1214
1205
990
771
678
620
476
225
30
15
-43
-337
-724
-991
-1180
-1402
-1598
-1623
-1497
-1381
-1352
-1290
-1072
-798
-662
-721
-748
-611
-401
-226
-82
1
-119
-368
-606
-776
-853
-890
-1001
-1140
-1182
-1190
-1214
-1162
-1098
-1164
-1263
-1312
-1316
-1278
-1268
-1349
-1453
-1404
-1261
-1118
-850
-564
-459
-489
-474
-310
-72
226
446
486
535
645
704
629
490
341
167
102
162
219
231
201
67
-145
-245
-247
-326
-409
-358
-279
-231
-170
-137
-158
-117
9
179
464
764
913
961
1009
1008
906
782
661
540
500
552
605
611
562
501
430
350
300
269
235
216
262
386
574
793
994
1224
1488
1628
1560
1378
1233
1208
1296
1365
1293
1148
957
660
341
135
11
-104
-250
-429
-546
-506
-436
-556
-808
-1027
-1135
-1114
-953
-721
-529
-461
-510
-471
-239
8
68
-58
-235
-364
-444
-525
-564
-465
-379
-499
-682
-726
-692
-741
-853
-924
-889
-767
-621
-511
-472
-528
-669
-831
-901
-839
-773
-725
-618
-459
-333
-239
-174
-161
-97
34
133
177
325
481
483
396
319
281
282
320
277
227
259
306
284
194
106
21
-3
-14
-30
13
108
204
247
224
180
151
114
71
66
115
134
113
86
32
-27
-65
-97
-101
-51
31
99
128
158
187
186
169
161
153
123
106
75
58
153
316
446
570
792
1027
1157
1184
1157
1117
1115
1110
1013
864
733
585
393
227
106
22
-6
3
-23
-116
-261
-412
-544
-681
-843
-972
-1008
-1003
-969
-903
-788
-622
-447
-255
-49
142
214
199
203
230
241
204
147
107
95
58
-65
-196
-254
-280
-323
-360
-317
-205
-155
-232
-345
-407
-440
-509
-621
-695
-672
-599
-553
-511
-419
-323
-267
-215
-116
53
211
286
313
364
413
411
376
330
304
304
306
324
374
398
318
189
95
6
-121
-252
-359
-431
-456
-500
-577
-586
-522
-517
-560
-559
-488
-371
-256
-190
-150
-86
-51
-71
-76
-30
18
30
48
121
215
250
240
236
227
167
105
94
138
214
315
444
652
938
1181
1297
1322
1333
1344
1359
1322
1201
1018
821
605
352
136
-7
-113
-210
-284
-354
-431
-501
-598
-751
-888
-961
-982
-931
-793
-617
-458
-305
-163
-13
181
375
499
568
631
675
708
762
780
700
551
363
163
-20
-188
-353
-501
-587
-607
-582
-538
-516
-524
-555
-625
-712
-777
-756
-676
-618
-578
-502
-384
-274
-167
-54
43
119
183
270
401
531
595
571
506
443
366
262
140
38
-27
-78
-145
-218
-276
-349
-475
-612
-693
-709
-699
-704
-705
-690
-679
-670
-640
-582
-499
-410
-327
-221
-73
47
96
111
126
145
162
174
179
206
250
244
195
156
150
136
117
123
174
273
466
809
1220
1511
1548
1433
1298
1256
1286
1234
1041
810
597
334
77
-76
-167
-258
-338
-433
-507
-517
-528
-696
-951
-1099
-1148
-1124
-958
-622
-314
-87
155
398
652
970
1272
1442
1553
1692
1765
1742
1744
1683
1421
1011
580
155
-211
-509
-884
-1277
-1469
-1463
-1436
-1398
-1341
-1359
-1486
-1599
-1580
-1419
-1183
-974
-815
-628
-385
-135
78
262
436
583
675
789
970
1110
1101
968
797
626
434
196
-79
-304
-497
-731
-959
-1107
-1213
-1430
-1783
-2126
-2328
-2371
-2312
-2137
-1891
-1690
-1587
-1546
-1474
-1297
-1088
-947
-798
-552
-260
-47
115
249
340
333
247
255
391
529
573
516
393
293
172
50
-48
-32
89
578
1854
3516
4734
4903
4428
3936
3909
4243
4226
3643
2868
2159
1299
394
-249
-640
-948
-1199
-1491
-1602
-1376
-1194
-1568
-2330
-2819
-2951
-2676
-1969
-965
-19
682
1197
1624
2162
2825
3360
3676
3984
4270
4361
4244
4029
3637
2938
1962
857
-141
-936
-1709
-2498
-3133
-3459
-3474
-3236
-2930
-2782
-2812
-2981
-3119
-2961
-2451
-1881
-1416
-975
-616
-419
-266
-146
-92
15
230
493
810
1256
1543
1468
1151
700
187
-301
-700
-1077
-1387
-1597
-1805
-1975
-2032
-2119
-2446
-2927
-3347
-3557
-3512
-3244
-2872
-2525
-2238
-2116
-2081
-1968
-1716
-1444
-1204
-865
-496
-138
141
362
419
299
104
-67
-12
266
567
744
909
979
923
767
710
681
618
667
1093
2465
4444
6129
6521
5872
5129
4846
5127
5293
4861
3933
3053
2175
1100
103
-529
-1027
-1419
-1602
-1578
-1305
-1027
-1153
-2035
-2901
-3179
-2838
-2045
-852
495
1495
2183
2671
3082
3479
4096
4588
4749
4685
4699
4743
4666
4503
3721
2311
708
-404
-1220
-2049
-2824
-3580
-4100
-4142
-3750
-3335
-3050
-3028
-3400
-3871
-3759
-3132
-2350
-1665
-1159
-798
-652
-576
-581
-504
-356
-246
-53
379
979
1363
1224
681
10
-631
-1215
-1676
-1887
-2061
-2372
-2705
-2891
-2956
-3102
-3492
-4064
-4532
-4588
-4319
-3879
-3280
-2751
-2417
-2311
-2175
-1931
-1709
-1573
-1588
-1402
-896
-264
178
339
290
-16
-334
-449
-334
13
428
724
895
1155
1363
1137
774
538
390
317
527
982
2084
4387
6921
8127
7741
6870
6235
6474
7211
7204
6064
4858
3988
2670
1221
187
-553
-1208
-1403
-1401
-1230
-664
-331
-1216
-2625
-3178
-3054
-2456
-1342
168
1459
2392
2970
3173
3528
4127
4666
5061
5484
5711
5498
5135
4797
4369
3356
1521
-407
-1618
-2252
-3011
-3823
-4413
-4699
-4723
-4522
-4296
-4101
-3960
-4095
-4253
-3851
-2808
-1896
-1354
-1103
-1127
-1357
-1506
-1402
-1193
-839
-438
-32
413
862
934
352
-633
-1555
-2255
-2744
-2951
-2947
-2915
-3041
-3317
-3668
-3901
-3972
-4103
-4377
-4537
-4263
-3644
-2999
-2368
-1875
-1706
-1790
-1932
-1960
-1817
-1375
-855
-532
-254
85
256
77
-254
-635
-968
-975
-611
-151
233
505
503
349
332
426
453
573
1052
1619
2171
2939
4341
6678
9171
10469
9809
8356
7623
7994
8651
8358
7077
5537
4161
2597
846
-639
-1712
-2528
-2915
-2809
-2171
-1307
-1035
-1862
-3178
-3691
-3453
-2599
-1090
750
2261
3163
3784
4142
4495
5024
5341
5360
5510
5762
5677
5230
4759
3823
2108
108
-1586
-2648
-3242
-3727
-4344
-4805
-4737
-4418
-4189
-3947
-3823
-3942
-4170
-4079
-3473
-2584
-1790
-1560
-1631
-1636
-1640
-1773
-1886
-1744
-1409
-959
-444
13
303
203
-469
-1427
-2126
-2408
-2561
-2646
-2603
-2602
-2812
-3228
-3663
-3882
-3944
-4051
-4113
-3911
-3476
-3030
-2622
-2216
-1925
-1823
-1942
-2140
-2043
-1765
-1555
-1423
-1110
-770
-782
-942
-1170
-1293
-1272
-1121
-859
-363
376
904
1199
1406
1381
1040
917
1193
1719
2449
3258
3818
4187
4805
5690
7304
9461
10879
10295
8675
7705
7623
7989
7852
6607
4520
2705
1034
-816
-2122
-2426
-2522
-2638
-2141
-1269
-472
-192
-697
-2019
-2844
-2423
-1376
61
1912
3476
4012
3993
3974
4127
4419
4738
4653
4392
4218
3967
3576
3015
2028
177
-1862
-3280
-3897
-4178
-4562
-4963
-4936
-4428
-3915
-3578
-3385
-3409
-3864
-4288
-4236
-3625
-2874
-2544
-2539
-2537
-2393
-2453
-2656
-2588
-2178
-1683
-1139
-374
481
881
501
-368
-1143
-1487
-1709
-1960
-2205
-2313
-2427
-2809
-3176
-3417
-3638
-3989
-4312
-4278
-3945
-3405
-2919
-2655
-2567
-2589
-2652
-2698
-2465
-2097
-1962
-1979
-1664
-974
-346
23
197
267
308
516
847
1230
1615
1902
1873
1813
1997
2055
1668
1272
1517
1989
2468
3003
3635
4000
3959
3873
4218
5931
8536
10265
9978
8852
8270
8217
8211
7705
6317
4263
2483
1113
6
-753
-1126
-1605
-2062
-1801
-1154
-637
-579
-1047
-2100
-2921
-2569
-1421
-56
1273
2268
2571
2390
2285
2352
2790
3618
3998
3635
3086
2892
2683
2099
1003
-820
-2751
-3973
-4324
-4329
-4328
-4364
-4436
-4336
-3931
-3520
-3301
-3362
-3768
-4295
-4470
-3943
-3196
-2714
-2705
-3000
-3231
-3195
-2769
-2170
-1538
-920
-286
397
973
1223
952
181
-708
-1334
-1638
-1760
-1917
-2219
-2748
-3412
-3989
-4400
-4659
-4736
-4506
-4055
-3579
-3125
-2814
-2724
-2716
-2541
-2285
-2135
-2001
-1823
-1510
-973
-282
220
528
869
1142
1210
1134
1121
1018
855
798
907
1146
1409
1645
1749
1930
2238
2592
2946
3347
3695
3952
4107
4043
3879
3979
4783
6412
8673
10411
10521
9295
7896
7032
6660
6324
5339
3729
2292
1225
112
-920
-1623
-2173
-2548
-2354
-1742
-1171
-741
-717
-1255
-1807
-1734
-1083
-225
709
1485
1814
1832
1745
1790
2191
2840
3276
3256
3007
2607
2071
1290
132
-1269
-2448
-3156
-3634
-3951
-4127
-4284
-4454
-4444
-4201
-3825
-3422
-3319
-3619
-3885
-3748
-3510
-3432
-3362
-3189
-2966
-2691
-2319
-1919
-1499
-1160
-989
-693
-35
643
868
628
154
-364
-905
-1510
-2158
-2791
-3324
-3789
-4103
-4152
-4081
-4070
-4152
-4102
-3880
-3639
-3417
-3247
-3053
-2814
-2489
-2151
-1964
-1858
-1753
-1545
-1135
-573
57
575
916
1177
1300
1335
1331
1481
1796
2075
2359
2477
2583
2754
2965
3029
2920
2986
3101
3261
3493
3738
3728
3430
3144
3111
3564
4693
6319
7766
8450
8048
7013
6109
5867
6002
5699
4746
3355
2061
876
-305
-1342
-2065
-2241
-1927
-1102
-158
464
589
14
-976
-1674
-1560
-906
-188
556
1158
1423
1449
1382
1387
1734
2508
3088
2973
2529
1957
1218
481
-215
-1177
-2477
-3486
-3955
-4148
-4228
-4285
-4174
-3784
-3165
-2687
-2629
-2868
-3395
-3974
-4226
-3959
-3253
-2586
-2230
-2161
-2156
-2144
-2188
-2015
-1568
-926
-112
767
1446
1502
928
-98
-1282
-2151
-2635
-2929
-3122
-3191
-3365
-3780
-4159
-4424
-4704
-4919
-4888
-4705
-4350
-3752
-3229
-3059
-2931
-2611
-2390
-2225
-1965
-1550
-897
41
980
1580
2027
2301
2296
2219
2321
2613
2880
3187
3408
3352
3054
2550
2114
1914
2034
2237
2355
2445
2479
2602
2648
2544
2301
2002
1816
1939
2714
4024
5506
6741
7258
6894
6213
6058
6287
6342
5978
5073
3781
2575
1693
921
252
-206
-492
-510
-108
333
354
-30
-835
-1798
-2312
-2000
-1198
-410
318
779
1208
1774
2120
2058
1661
1331
1040
1141
1599
1604
960
-58
-1063
-2188
-3275
-4016
-4342
-4089
-3547
-3096
-2720
-2392
-2498
-3261
-4104
-4450
-4339
-3964
-3508
-2989
-2431
-2104
-2186
-2452
-2515
-2421
-2253
-1722
-841
45
602
602
140
-501
-1077
-1663
-2261
-2595
-2760
-2983
-3299
-3709
-4240
-4901
-5481
-5844
-5829
-5332
-4520
-3607
-2875
-2445
-2306
-2315
-2188
-1781
-1129
-457
177
930
1700
2233
2423
2462
2497
2625
2918
3193
3361
3366
3226
2932
2540
2143
1699
1247
922
894
1155
1615
2111
2423
2229
1722
1458
1597
1811
1802
1729
1705
2085
3154
4645
6035
6993
7410
7210
6776
6613
6661
6604
6319
5695
4737
3656
2696
1752
705
-163
-637
-601
-147
329
426
14
-624
-1290
-1744
-1816
-1614
-1261
-773
-7
828
1312
1086
337
-235
-282
61
370
413
84
-497
-1159
-1916
-2612
-2999
-3040
-2862
-2467
-1928
-1517
-1470
-1819
-2470
-3172
-3673
-3880
-3788
-3505
-3136
-2834
-2743
-2896
-3285
-3683
-3845
-3646
-3077
-2334
-1640
-1226
-1143
-1320
-1687
-2097
-2492
-2810
-3017
-3154
-3263
-3431
-3684
-3998
-4303
-4477
-4466
-4213
-3768
-3247
-2690
-2187
-1853
-1720
-1616
-1335
-891
-419
33
467
848
1190
1538
1878
2174
2426
2630
2761
2907
2993
2854
2573
2293
1995
1657
1441
1473
1647
1819
1952
2028
2048
1937
1770
1672
1711
1948
2224
2456
2601
2707
2788
2951
3537
4538
5628
6615
7495
8146
8304
7992
7457
6897
6444
5948
5130
4064
3053
2199
1399
761
465
389
320
114
-224
-638
-1171
-1836
-2500
-2833
-2671
-2213
-1648
-1041
-503
-267
-432
-718
-785
-541
-202
52
300
493
420
-35
-690
-1280
-1684
-1833
-1786
-1623
-1411
-1388
-1721
-2234
-2716
-3260
-3910
-4429
-4652
-4691
-4679
-4626
-4622
-4746
-4990
-5207
-5238
-4999
-4541
-4017
-3411
-2815
-2418
-2268
-2294
-2339
-2441
-2639
-2791
-2720
-2498
-2419
-2614
-2900
-3075
-3185
-3249
-3181
-2931
-2602
-2310
-2080
-1861
-1591
-1378
-1230
-1018
-629
-122
319
674
1067
1523
1908
2158
2309
2360
2329
2276
2234
2247
2340
2441
2496
2584
2734
2824
2817
2816
2862
2944
3063
3226
3397
3479
3386
3176
2998
2943
2978
3047
3131
3312
3787
4588
5532
6397
7022
7277
7153
6903
6697
6456
6111
5741
5367
4853
4139
3300
2460
1768
1193
639
236
147
185
-45
-590
-1225
-1865
-2522
-3060
-3295
-3117
-2552
-1810
-1124
-630
-427
-582
-923
-1140
-1057
-842
-692
-601
-588
-726
-1121
-1615
-2027
-2347
-2571
-2652
-2553
-2390
-2330
-2602
-3192
-3837
-4426
-4979
-5472
-5775
-5904
-5971
-6009
-6002
-5946
-5890
-5809
-5640
-5291
-4685
-3962
-3357
-2931
-2578
-2257
-2037
-1888
-1733
-1594
-1516
-1497
-1495
-1464
-1413
-1448
-1571
-1638
-1603
-1555
-1520
-1378
-1120
-845
-646
-551
-532
-557
-543
-412
-142
211
540
839
1168
1531
1889
2114
2202
2296
2519
2856
3223
3631
3959
4116
4136
4072
4002
3993
4083
4143
4055
3910
3809
3759
3747
3727
3570
3289
3097
3074
3159
3344
3579
3782
3999
4280
4547
4727
4896
5124
5340
5504
5611
5598
5477
5320
5040
4546
3902
3246
2645
2078
1561
1145
771
322
-214
-781
-1320
-1769
-2140
-2399
-2458
-2321
-2099
-1993
-2041
-2162
-2373
-2682
-2934
-2950
-2777
-2565
-2470
-2613
-2911
-3185
-3365
-3526
-3641
-3563
-3325
-3081
-2927
-2939
-3151
-3528
-4029
-4538
-4854
-4907
-4872
-4912
-5010
-5098
-5203
-5338
-5422
-5345
-5070
-4673
-4239
-3832
-3441
-3120
-2937
-2834
-2718
-2516
-2279
-2075
-1905
-1719
-1510
-1357
-1283
-1230
-1179
-1146
-1088
-978
-782
-525
-279
-136
-66
43
173
304
462
744
1149
1548
1914
2206
2418
2580
2705
2861
3129
3464
3705
3813
3871
3901
3864
3791
3745
3767
3862
3990
4080
4137
4178
4139
3988
3779
3595
3453
3379
3426
3557
3659
3677
3616
3459
3247
3090
3106
3330
3666
3975
4165
4282
4349
4298
4117
3906
3711
3509
3311
3131
3002
2890
2669
2265
1765
1309
905
620
485
376
211
-70
-463
-901
-1312
-1723
-2174
-2522
-2776
-3009
-3219
-3391
-3582
-3808
-3960
-4102
-4303
-4471
-4540
-4562
-4554
-4433
-4248
-4140
-4158
-4283
-4471
-4601
-4611
-4582
-4560
-4514
-4465
-4492
-4533
-4518
-4520
-4575
-4643
-4656
-4565
-4355
-4031
-3631
-3237
-2957
-2855
-2886
-2887
-2758
-2570
-2358
-2107
-1837
-1679
-1706
-1770
-1743
-1662
-1585
-1445
-1193
-870
-566
-332
-102
165
434
664
935
1344
1787
2083
2269
2510
2789
3013
3172
3315
3491
3689
3861
3954
4009
4096
4223
4349
4460
4546
4557
4516
4444
4371
4325
4263
4147
3985
3882
3862
3811
3650
3461
3295
3116
2952
2869
2863
2887
2918
2927
2948
3037
3170
3270
3305
3332
3392
3469
3551
3613
3601
3446
3140
2725
2304
1962
1722
1563
1416
1219
922
521
105
-276
-647
-1018
-1364
-1678
-1959
-2206
-2427
-2644
-2892
-3185
-3476
-3746
-3976
-4129
-4193
-4188
-4164
-4179
-4299
-4546
-4846
-5155
-5413
-5505
-5430
-5305
-5222
-5138
-5040
-4981
-4933
-4891
-4817
-4670
-4460
-4204
-3884
-3503
-3141
-2867
-2682
-2551
-2431
-2301
-2138
-1904
-1638
-1459
-1432
-1480
-1510
-1496
-1478
-1485
-1482
-1480
-1475
-1424
-1298
-1112
-927
-843
-837
-730
-450
-39
415
839
1200
1518
1839
2125
2382
2637
2872
3081
3315
3613
3896
4097
4200
4223
4250
4293
4334
4357
4362
4361
4338
4300
4250
4151
3964
3728
3517
3359
3224
3073
2946
2868
2838
2831
2804
2753
2681
2601
2564
2624
2765
2890
2965
2957
2857
2735
2613
2466
2310
2206
2127
2043
1944
1791
1560
1304
1080
867
655
448
250
63
-123
-318
-503
-637
-750
-884
-1004
-1090
-1181
-1329
-1542
-1806
-2091
-2321
-2470
-2574
-2711
-2917
-3220
-3609
-4006
-4374
-4685
-4920
-5070
-5177
-5244
-5258
-5250
-5212
-5171
-5131
-5082
-4973
-4785
-4542
-4244
-3918
-3577
-3256
-2978
-2748
-2540
-2288
-2007
-1726
-1448
-1210
-1042
-950
-890
-828
-785
-791
-850
-921
-967
-987
-996
-981
-957
-975
-1010
-993
-891
-700
-460
-224
11
292
602
874
1095
1309
1536
1826
2172
2525
2831
3034
3111
3118
3151
3222
3317
3437
3564
3692
3777
3791
3761
3694
3580
3472
3429
3431
3427
3425
3427
3401
3345
3291
3257
3239
3241
3253
3286
3354
3431
3413
3241
3000
2778
2555
2305
2112
1995
1862
1665
1430
1222
1075
974
840
656
496
349
187
44
-64
-165
-272
-361
-409
-452
-493
-533
-625
-763
-878
-954
-1051
-1185
-1363
-1613
-1905
-2192
-2420
-2621
-2843
-3029
-3159
-3252
-3330
-3440
-3595
-3742
-3833
-3873
-3889
-3913
-3968
-4080
-4210
-4273
-4245
-4139
-3975
-3761
-3520
-3297
-3119
-2942
-2732
-2495
-2258
-2040
-1799
-1515
-1260
-1092
-959
-802
-672
-602
-574
-554
-495
-387
-275
-202
-151
-120
-135
-168
-161
-114
-34
100
275
458
640
798
930
1053
1174
1309
1457
1610
1771
1914
1984
1999
2001
2009
2022
2046
2099
2187
2261
2308
2350
2385
2405
2402
2398
2423
2480
2547
2632
2724
2763
2721
2657
2629
2641
2650
2614
2541
2450
2362
2256
2077
1853
1651
1459
1278
1145
1046
939
798
638
488
371
301
239
164
114
99
93
72
17
-66
-142
-173
-153
-102
-88
-137
-197
-245
-293
-370
-489
-630
-769
-897
-1007
-1102
-1195
-1315
-1462
-1585
-1660
-1730
-1809
-1851
-1879
-1950
-2067
-2228
-2400
-2569
-2698
-2790
-2851
-2860
-2850
-2863
-2875
-2838
-2771
-2696
-2617
-2521
-2395
-2225
-2048
-1900
-1768
-1649
-1549
-1449
-1313
-1170
-1049
-937
-829
-712
-613
-573
-560
-511
-424
-326
-215
-83
46
134
199
286
416
566
685
759
835
925
994
1042
1089
1160
1230
1273
1291
1301
1315
1314
1295
1302
1381
1464
1485
1498
1559
1651
1727
1777
1815
1845
1865
1873
1907
1988
2049
2038
1972
1916
1891
1866
1829
1785
1751
1720
1670
1616
1567
1494
1376
1254
1148
1072
1012
924
807
715
645
546
415
295
211
149
98
61
42
5
-97
-239
-353
-389
-395
-400
-402
-407
-423
-447
-461
-470
-489
-540
-616
-660
-676
-718
-794
-868
-928
-990
-1055
-1122
-1199
-1280
-1366
-1456
-1544
-1613
-1680
-1763
-1830
-1871
-1886
-1897
-1920
-1941
-1943
-1918
-1891
-1856
-1779
-1687
-1618
-1556
-1488
-1423
-1355
-1280
-1198
-1103
-1001
-911
-832
-762
-692
-612
-533
-458
-375
-264
-134
-4
107
200
258
282
317
375
433
484
534
578
615
651
695
730
745
756
776
822
873
906
925
943
962
982
1009
1033
1045
1059
1091
1134
1188
1245
1269
1262
1251
1265
1295
1314
1314
1308
1296
1278
1258
1254
1253
1231
1203
1194
1195
1191
1166
1098
1011
937
878
816
746
669
580
483
391
318
257
191
108
21
-45
-89
-125
-164
-193
-216
-244
-280
-314
-336
-358
-381
-389
-385
-381
-395
-429
-461
-470
-472
-489
-517
-550
-598
-658
-715
-768
-800
-829
-866
-902
-930
-946
-971
-1009
-1047
-1066
-1074
-1081
-1081
-1069
-1065
-1081
-1098
-1097
-1081
-1069
-1060
-1038
-1007
-988
-973
-948
-920
-889
-848
-790
-724
-655
-595
-544
-487
-417
-338
-247
-165
-94
-37
0
27
63
109
151
187
225
270
320
360
393
424
453
464
468
483
511
543
571
591
601
610
609
601
608
631
657
680
704
727
758
785
801
808
814
806
795
801
821
837
852
867
866
849
832
828
826
824
822
814
799
776
742
701
662
623
575
518
463
418
384
362
336
289
240
192
133
75
36
-3
-55
-113
-162
-208
-248
-285
-324
-359
-392
-429
-453
-460
-470
-489
-513
-536
-551
-558
-567
-578
-585
-601
-619
-631
-631
-632
-638
-649
-658
-662
-663
-653
-645
-646
-650
-654
-672
-701
-723
-726
-715
-702
-683
-661
-647
-646
-643
-621
-584
-543
-507
-478
-456
-426
-386
-342
-297
-255
-221
-191
-160
-127
-86
-49
-14
32
86
135
175
205
232
258
281
309
343
376
401
417
426
426
427
431
435
441
449
452
449
447
443
444
448
449
452
450
442
432
421
415
421
428
435
441
445
438
424
418
425
430
433
437
444
451
451
451
455
450
436
422
411
404
396
378
356
327
289
251
215
182
149
102
48
5
-29
-64
-96
-132
-168
-203
-232
-247
-249
-247
-245
-248
-257
-278
-297
-308
-317
-325
-336
-347
-358
-367
-373
-375
-384
-397
-405
-403
-402
-397
-385
-381
-387
-394
-403
-412
-419
-417
-410
-394
-383
-378
-372
-370
-375
-382
-380
-371
-357
-337
-316
-298
-279
-259
-246
-234
-227
-219
-200
-177
-157
-136
-109
-80
-59
-37
-10
19
51
86
117
144
164
180
197
212
229
245
256
265
272
281
292
303
308
306
303
302
301
298
299
305
306
305
295
283
270
263
260
257
245
230
216
206
203
209
216
219
216
214
217
226
235
246
253
258
265
270
273
272
267
255
243
234
222
207
193
174
149
122
93
60
29
-3
-34
-61
-84
-109
-137
-166
-185
-191
-192
-192
-192
-197
-206
-208
-206
-203
-203
-208
-217
-221
-221
-218
-218
-218
-221
-225
-235
-240
-240
-239
-241
-251
-262
-265
-263
-264
-263
-254
-244
-239
-235
-227
-216
-204
-195
-182
-162
-137
-116
-98
-84
-74
-69
-68
-65
-58
-50
-46
-43
-35
-26
-19
-19
-19
-18
-16
-16
-10
7
25
39
48
57
66
78
89
101
121
134
144
150
162
176
186
189
194
200
201
202
200
195
187
179
173
170
167
161
149
136
127
119
112
107
102
96
90
83
77
73
74
76
85
97
112
123
131
136
136
127
117
109
104
100
95
90
85
78
67
55
39
24
9
-5
-19
-29
-39
-50
-67
-79
-91
-98
-98
-96
-95
-96
-98
-98
-98
-98
-98
-96
-96
-92
-90
-88
-89
-96
-103
-109
-114
-115
-115
-115
-116
-120
-124
-128
-127
-131
-133
-135
-135
-133
-129
-119
-109
-99
-88
-75
-60
-46
-35
-27
-21
-16
-10
-1
9
15
18
15
9
4
1
2
4
1
-2
-3
-5
-8
-11
-12
-13
-14
-12
-4
2
5
9
18
23
28
32
38
48
59
70
81
88
93
98
102
103
102
97
92
92
91
92
89
84
77
69
61
55
52
51
45
41
37
35
36
38
40
43
46
48
51
53
52
49
48
49
51
54
55
52
45
37
27
17
9
4
0
1
-1
-6
-12
-16
-22
-26
-27
-25
-26
-29
-28
-26
-27
-32
-37
-41
-46
-49
