-15
-22
-32
-41
-47
-49
-52
-58
-60
-62
-76
-94
-101
-111
-135
-156
-168
-173
-172
-155
-136
-128
-122
-110
-109
-99
-86
-96
-141
-187
-211
-242
-278
-292
-298
-295
-252
-193
-136
-80
-42
-23
-9
32
39
10
-6
-18
-35
-15
70
124
179
249
332
504
808
1343
1941
2356
2586
2693
2731
2676
2550
2265
1688
846
-103
-928
-1523
-1875
-2147
-2351
-2243
-1764
-1043
-268
380
856
1185
1329
1338
1289
1128
763
261
-200
-524
-690
-769
-845
-896
-890
-883
-860
-772
-636
-537
-460
-380
-297
-270
-405
-625
-909
-1237
-1598
-1951
-2211
-2443
-2607
-2637
-2493
-2146
-1639
-995
-345
262
745
991
1041
840
415
-61
-596
-1219
-1704
-1969
-2152
-2130
-1900
-1569
-1045
-481
-27
426
757
783
718
701
545
261
55
-48
-131
-168
-68
30
218
917
2110
3762
5940
7899
8788
8775
8505
8063
7214
5899
3994
1294
-1844
-4459
-6039
-6796
-6890
-6520
-5975
-4907
-2990
-772
875
1761
2175
2121
1877
2011
2350
2491
2554
2527
2471
2869
3425
3400
2743
1495
-211
-1875
-3110
-3934
-4458
-4769
-4801
-4116
-2705
-1152
66
639
558
96
-487
-1209
-2080
-2939
-3662
-4036
-3823
-2939
-1691
-626
98
686
1151
1265
1008
562
-90
-936
-1700
-2082
-2079
-1954
-1798
-1625
-1431
-1157
-950
-961
-1097
-1305
-1460
-1288
-674
141
774
1244
1596
1735
1712
1612
1262
560
-261
-1034
-1520
-1555
-1348
-834
-175
283
1062
2336
4797
8609
11784
12856
12253
10973
9148
7187
5700
3869
491
-3973
-7714
-9496
-9630
-8759
-7668
-6882
-5620
-3123
-249
1590
2448
2526
1635
669
710
1530
2164
2430
2535
2574
2984
3774
4262
3822
2270
23
-2434
-4486
-5238
-4957
-4709
-4343
-3026
-1230
38
837
1357
1031
-238
-1637
-2584
-3263
-3910
-4248
-4107
-3594
-2596
-996
457
1229
1670
1887
1799
1402
1062
954
612
-29
-453
-514
-667
-1146
-1719
-2397
-3128
-3490
-3247
-2511
-1587
-523
745
2010
3075
3847
4129
3827
2998
1712
234
-1139
-2285
-3114
-3637
-3622
-2983
-2032
-806
365
1146
1519
1236
465
-553
-1738
-651
4125
9116
11572
12288
11806
9898
7815
7120
6650
3256
-2955
-8560
-11621
-12105
-10386
-8110
-6981
-6092
-3730
-465
1762
2619
2248
501
-1131
-974
686
2693
4591
6020
6432
6347
6733
6700
4878
1470
-2781
-6989
-10123
-11225
-10024
-7765
-5234
-1877
1976
5126
7011
7550
6110
2760
-824
-3651
-5716
-6682
-6531
-5854
-4469
-1935
1120
3599
4910
5253
4983
4138
3054
2222
1465
503
-454
-976
-1128
-1269
-1651
-2451
-3495
-4313
-4486
-3967
-2912
-1534
97
1749
3143
4107
4289
3542
1995
320
-1254
-2916
-4211
-4816
-4930
-4525
-3339
-1790
-365
442
468
184
-560
-1761
-2933
-4008
-5582
-6238
-1334
8194
15576
18600
19036
16610
11532
7800
7445
6118
-355
-9114
-15172
-17264
-15452
-10716
-6931
-5948
-4903
-1794
1419
3243
4263
3461
660
-938
648
3894
7012
9223
9309
6962
4214
2638
1201
-1464
-5079
-8877
-11790
-11993
-8838
-3648
1439
5476
8711
10647
10986
10228
7887
3010
-2943
-7344
-9616
-10011
-8337
-5745
-3511
-1019
2198
5080
6604
7011
6487
4899
2776
1234
823
302
-1045
-2362
-3507
-4830
-5985
-6673
-7430
-8272
-8250
-6961
-4537
-1362
1844
4273
5486
5639
4774
3083
1067
-1260
-3797
-5820
-6828
-6544
-5059
-2927
-1160
-18
955
1513
1590
1239
323
-1246
-3182
-4770
-5215
-1509
7722
16866
20723
20214
17095
11473
6017
4180
4033
146
-7640
-13849
-15668
-14062
-9749
-4991
-3033
-2880
-1319
1541
3331
3868
3595
1919
102
584
3394
6632
8938
9354
7272
3631
739
-735
-2331
-4759
-7450
-9950
-10747
-7898
-2291
3548
8272
11250
11633
10103
8064
4921
-341
-6323
-10882
-13563
-14015
-11488
-7269
-3668
-510
3278
6435
7631
7771
7297
5156
1785
-812
-2252
-3364
-4429
-5281
-5978
-6751
-7112
-6760
-6278
-6067
-5338
-3411
-1114
1158
3531
5109
5121
4160
3038
1176
-1497
-3653
-5029
-6197
-6406
-4482
-1688
550
2237
3101
3087
2726
2289
1224
-555
-2750
-5011
-6710
-5137
2854
13679
20495
22232
20621
15476
9166
6287
6466
4294
-2343
-9533
-13672
-14161
-10945
-6039
-3837
-4720
-4720
-2451
131
2483
4157
3711
2174
2517
5159
7920
9716
9837
7152
2550
-1100
-3154
-4933
-6833
-8511
-9517
-9599
-7987
-3981
1366
5596
8163
9817
9773
7211
3156
-1036
-5205
-9188
-11889
-12302
-11051
-8981
-5733
-1323
2519
4807
6201
6554
5119
2820
945
-907
-2989
-4382
-4799
-5164
-5457
-4950
-4023
-3624
-3491
-2925
-2097
-968
745
2623
3643
3343
2493
1876
1170
123
-1219
-2998
-4503
-4852
-3705
-1135
1498
3017
3667
3539
2933
2267
1160
-242
-1631
-3190
-4796
-4935
-425
8626
16507
20066
20505
17249
10990
6775
6617
5877
1214
-5241
-10704
-13561
-12395
-8410
-5674
-5469
-5242
-3698
-1863
67
2493
3939
3487
2744
3235
4793
6365
6946
5648
2389
-1173
-3538
-4769
-5270
-5467
-5610
-6214
-6898
-4870
-268
2769
4066
5994
6572
4169
1677
101
-2844
-7237
-10128
-10470
-10033
-8547
-4851
-1149
718
2611
5079
5614
4203
3014
1595
-984
-3209
-3521
-2999
-3370
-3951
-3278
-2092
-1346
105
2063
2768
2594
2991
3062
1793
534
-136
-1593
-3903
-4877
-4351
-4039
-3354
-1400
407
1892
4240
6144
6378
5313
3226
1114
-541
-1984
-2686
-3383
-5131
-5955
-1938
6675
14410
17923
17569
13816
8490
5748
6943
8408
6011
71
-6170
-10301
-10586
-7799
-6300
-7677
-8703
-7389
-4635
-1259
2494
4847
4817
4215
4281
4718
5293
5222
3160
-643
-4091
-5532
-5289
-4108
-2864
-2952
-4080
-4745
-4003
-1469
888
1771
2693
2671
873
-197
-639
-2924
-6194
-8445
-9411
-8888
-6703
-3357
113
2440
3703
4923
5194
3749
2392
1293
-1205
-3561
-3683
-3177
-3572
-3867
-3458
-2814
-1730
200
2278
3821
4974
5862
6241
5608
3729
1180
-1704
-4564
-6220
-6940
-7468
-6641
-4229
-1849
623
4105
7151
7901
7214
6085
4022
2090
1175
94
-2008
-4048
-5338
-3586
3663
11919
15565
14487
10301
4528
1026
2482
6497
7717
4090
-1180
-4989
-5954
-4244
-3213
-5550
-8404
-8474
-6906
-4814
-886
3235
4166
3065
2821
3581
4368
4489
2691
-1027
-4354
-5587
-5130
-3348
-1338
-993
-2289
-3899
-4330
-2601
-27
1385
2196
2723
1643
-445
-1529
-2273
-4297
-6500
-7368
-7009
-5335
-2532
-75
1318
1942
2347
2238
1022
-340
-902
-1554
-2259
-1647
-449
-77
-606
-1449
-2156
-2466
-1987
-446
1370
2718
4197
5543
5703
4760
3056
550
-2262
-4591
-5754
-5920
-5598
-4151
-1928
-86
1940
4472
6272
6571
5855
4867
3421
1872
940
-225
-2199
-3988
-5358
-5761
-1001
7998
14266
15183
12107
6680
1691
466
3488
7037
6372
1798
-3191
-6137
-5701
-3867
-4972
-8513
-9819
-8300
-6233
-2616
2633
5386
4863
4012
3884
4220
4825
4171
1379
-1704
-3594
-4115
-3041
-828
186
-1319
-3874
-5360
-4612
-2239
186
2110
3439
3113
1331
-329
-1695
-3162
-4683
-6123
-6251
-4269
-1719
81
1538
2482
2005
445
-1106
-2044
-2208
-1800
-1133
-121
1242
2018
1281
-382
-1981
-3316
-4196
-4272
-3144
-1124
717
2190
3232
3162
2215
993
-520
-1662
-1895
-2048
-2541
-2866
-2344
-957
485
2164
3705
3760
2748
1782
1382
1626
1507
506
-736
-1945
-2993
-3291
-3561
-4106
-352
8300
14740
15804
13785
9057
3214
1200
3857
7533
8299
4370
-2887
-9064
-10458
-9091
-9168
-10196
-9336
-6492
-3258
608
5611
8775
7839
4671
2266
2191
4185
5937
5437
3417
1065
-1348
-2739
-2368
-2538
-5075
-8298
-9476
-7114
-1860
3404
6395
7326
6128
2617
-1243
-3648
-4715
-5206
-5415
-4601
-2334
141
1235
460
-1504
-3782
-5769
-6359
-4624
-1396
1942
4420
5326
5202
4365
1938
-1653
-4640
-6771
-8110
-7412
-4890
-2319
-523
496
714
326
-171
-179
138
602
1791
2935
2971
3145
3701
2817
605
-1437
-2680
-3110
-2588
-1359
-414
-404
-583
-288
65
352
485
-217
-1764
-2931
-3637
-2250
4565
14334
20262
19550
14101
6476
302
-921
2524
5857
4580
-1051
-7842
-11364
-9243
-5440
-4923
-5948
-4816
-2902
-1737
862
4683
6148
4635
2402
1314
2901
6419
8184
6309
2521
-1604
-5240
-6306
-3925
-1151
-1363
-3544
-4673
-3592
-768
2381
3870
2692
126
-2087
-3294
-2527
-125
671
-1327
-3652
-4858
-5258
-5079
-4645
-4110
-3362
-2295
-73
3226
5863
6832
5597
2149
-1388
-3007
-3529
-4052
-4110
-3819
-4054
-4476
-4128
-3542
-3214
-2564
-1857
-1262
349
2848
4668
5377
5252
4558
3102
1109
-232
-911
-1485
-1752
-1691
-1886
-2180
-1932
-1462
-1307
-973
-10
1008
2082
3479
4438
4298
3041
1088
-1512
-2978
463
7516
12548
12977
9406
3277
-1374
-891
3878
9322
11203
7011
-1367
-8320
-10122
-8570
-7177
-6520
-5358
-3997
-3677
-3750
-2650
-963
-306
-848
-1593
-210
4347
9040
11024
10583
8348
4381
403
-1669
-2064
-2299
-3577
-5321
-5889
-4704
-2634
-782
-159
-1491
-4084
-6259
-6843
-5275
-1862
1118
1617
917
674
269
39
1141
1759
236
-1428
-1635
-1031
-23
1127
1183
-163
-1475
-2251
-3069
-3436
-2805
-2278
-2754
-3101
-2250
-807
837
2268
2361
1335
640
490
509
1488
3029
3273
2130
775
-483
-1521
-1984
-1917
-1713
-1307
-312
845
2120
3708
4917
5133
4244
2567
216
-2572
-5030
-6580
-7094
-6850
-5450
-1100
6512
14003
17020
14510
8499
2098
-937
1613
8032
13448
13384
6667
-3427
-11154
-13667
-12687
-10594
-8506
-7316
-7849
-9343
-9062
-5502
-529
2865
3931
4180
5782
9059
10933
10305
8483
5421
2043
-587
-1728
-1174
-1001
-2319
-4726
-6452
-6646
-6665
-6216
-5359
-4556
-3103
-1532
-44
1660
2579
2433
1352
-245
-998
-777
-78
1036
1990
2189
1526
538
-17
-385
-812
-729
-522
-911
-1597
-2378
-2780
-2487
-1602
-58
1270
1835
1768
865
-336
-874
-1131
-1487
-1352
-548
231
302
-31
-92
308
930
1907
3151
4053
4503
4153
2481
544
-596
-1436
-2223
-2750
-3229
-4027
-4710
-4482
-3695
-3175
-3314
-3932
-3101
1500
8831
14602
15522
11881
6141
1689
1388
5072
10023
12446
9247
887
-8151
-13060
-12738
-9420
-5277
-1758
-885
-3586
-7694
-10500
-9975
-5847
-1835
206
1818
3862
5521
5343
4441
3878
2908
2177
2346
3670
5611
6204
5237
3067
235
-1485
-2174
-2641
-2814
-3097
-3931
-5628
-7016
-6946
-6489
-5616
-3521
-1310
-7
1351
3320
4527
4524
4442
4344
3509
2768
2670
1758
397
-5
-603
-2098
-3116
-3088
-2893
-2800
-2255
-1925
-2173
-2009
-1653
-1579
-1447
-1092
-351
581
1303
1366
684
78
69
545
1378
2268
2688
2485
1736
518
-507
-563
-379
-395
-94
-133
-1114
-2494
-3472
-3962
-3922
-3534
-3728
-4353
-3517
-412
3654
7563
9953
9140
5979
3224
2915
6210
11907
15758
14345
8003
-350
-7012
-9538
-8277
-5353
-2900
-2380
-4696
-8933
-12625
-13768
-12235
-8942
-4798
-1263
821
1804
2479
3405
4656
6207
7843
9587
11485
12363
11095
8018
4315
539
-2258
-2895
-2198
-1622
-2139
-4264
-7567
-9942
-9784
-7669
-4962
-2368
-583
-555
-1250
-797
689
1959
2647
3173
3362
3123
2956
2654
1718
437
-731
-2042
-2956
-2292
-541
650
533
-151
-805
-1415
-1928
-2381
-2931
-3342
-3384
-3202
-2563
-1193
387
1108
886
429
186
364
1158
2407
3553
4328
4407
3815
2907
2096
1533
402
-1694
-3999
-5739
-6601
-6488
-5829
-5033
-4111
-3185
-1971
794
5187
9570
11719
10556
7360
4888
5342
8220
11242
11657
7778
599
-6458
-9789
-8356
-4274
-865
-141
-2364
-6620
-10596
-12056
-10349
-6244
-2037
399
998
818
721
865
1306
1732
2471
3884
5301
5862
5546
4690
3358
2565
3111
4269
5236
5387
3814
761
-2046
-3447
-4078
-4325
-3892
-3378
-3431
-3860
-4362
-5040
-5633
-5553
-4812
-3394
-1149
1070
2139
2160
1954
1846
2042
2680
3329
3497
2627
755
-1055
-1901
-1804
-1326
-868
-1045
-1863
-2652
-3313
-3762
-3429
-2238
-982
63
962
1495
1534
1292
1130
1136
1269
1268
824
12
-737
-1543
-2210
-2198
-1661
-1032
-473
-169
-240
-342
-146
251
319
219
581
2058
4425
6246
5616
2551
-518
-1412
758
5234
9377
9893
5981
117
-4267
-4817
-1333
3207
5466
4668
1440
-3167
-7215
-8391
-6788
-4551
-3330
-3389
-4258
-5020
-5021
-4503
-3384
-1048
1931
4282
5646
6151
6058
5171
4027
3694
4774
6465
7375
6906
4852
2046
-930
-3481
-4619
-4008
-2345
-1220
-1308
-2347
-4101
-5507
-6009
-5308
-3207
-910
17
-1006
-2682
-3901
-4026
-2683
-562
1269
1953
1453
199
-813
-972
-558
246
1037
1713
2083
1409
209
-765
-999
-647
-473
-101
96
-737
-2574
-4369
-4495
-2673
229
2563
2921
1878
585
-267
-360
207
1112
1089
-241
-1842
-2817
-2743
-2249
-2025
-2105
-2383
-2706
-2649
-1645
901
4183
6408
6371
4935
4071
4562
6548
9126
10645
9580
5961
1683
-1154
-1209
628
1531
433
-1774
-3896
-5403
-6104
-5392
-3922
-2728
-2205
-2404
-2933
-3411
-3690
-3672
-2844
-1089
1037
2527
3348
3517
2923
2042
1767
3072
4789
5691
5551
4848
4319
4154
4025
3157
1465
-382
-2303
-3461
-3269
-2256
-1588
-2230
-3109
-3758
-4122
-4386
-4857
-4872
-4871
-5038
-4610
-3627
-2500
-1871
-1711
-1537
-1107
-51
854
943
435
-216
-638
-614
415
1703
2230
1921
1095
581
912
1695
2261
2567
2845
2750
2191
1508
580
-559
-1879
-3125
-3561
-3249
-2981
-3298
-4097
-4945
-5464
-5125
-4122
-3274
-2755
-2434
-1904
-959
332
2107
3844
5525
7139
7660
6758
4606
2480
1740
3114
6076
8561
9024
6942
3511
1231
1037
2259
3257
2841
1338
-735
-2485
-3826
-4448
-3907
-3133
-2438
-1706
-1522
-2106
-3222
-4210
-4328
-3100
-909
546
693
44
-489
-586
-324
568
1821
2782
3158
3532
3977
4084
3750
3456
3622
4262
4951
4665
2762
-2
-2487
-3983
-4236
-3578
-2674
-2718
-4005
-5457
-6327
-6651
-6547
-5879
-4856
-3726
-2676
-2186
-2003
-1675
-1180
-543
17
609
1144
1380
1492
1673
2139
2576
2648
2574
2513
2443
2202
1938
1855
1549
1008
368
-453
-1240
-1917
-2403
-2709
-2677
-2375
-2222
-2132
-2085
-2201
-2515
-2917
-3015
-2682
-2070
-1469
-1200
-1112
-1092
-859
-64
1045
2466
3842
4494
4135
3099
2449
2728
3689
4888
5500
5078
3936
2739
2183
2280
3041
3725
3670
3322
2735
1792
502
-563
-757
-458
-45
-146
-1336
-3095
-4750
-5413
-4928
-3762
-2472
-1903
-1698
-1556
-1373
-851
-505
-134
413
1231
2309
3224
3910
3650
2436
1395
996
1362
1880
1978
1556
291
-796
-1283
-1444
-1173
-1016
-1070
-1346
-1669
-1660
-1909
-2479
-2951
-3133
-2922
-2783
-2796
-2984
-3148
-2839
-2270
-1581
-1115
-991
-889
-925
-794
-361
264
933
1187
1293
1356
1316
1321
1274
1251
1338
1440
1372
947
426
57
-215
-473
-877
-1094
-830
-419
-391
-790
-1286
-1687
-1793
-1688
-1745
-1936
-2098
-2186
-2101
-1700
-801
-20
672
1342
1667
1750
1732
2250
3088
3953
4646
4622
3955
3041
2460
2618
3167
3847
4202
3903
3437
2827
2003
1086
579
878
1259
1204
639
-517
-1714
-2697
-3268
-3386
-3223
-2841
-2728
-2502
-2126
-2072
-2195
-2061
-1372
-507
273
683
250
-478
-667
-104
926
1773
2097
1505
528
94
174
476
681
963
1076
486
-260
-777
-1240
-1527
-1491
-1185
-1040
-1219
-1540
-2131
-2576
-2393
-1851
-1386
-1232
-1278
-1455
-1613
-1511
-1313
-993
-622
-410
-189
-28
76
223
469
889
1252
1461
1478
1265
1041
900
689
453
204
-25
-268
-478
-611
-729
-672
-534
-318
-154
-117
-258
-485
-609
-648
-670
-882
-960
-715
-280
25
189
431
531
518
848
1607
2386
2921
3073
2991
2908
2913
2963
3014
3108
3155
2939
2488
1903
1233
531
-80
-273
-141
-48
-338
-889
-1290
-1448
-1462
-1374
-1195
-1126
-1151
-1256
-1484
-1659
-1651
-1425
-935
-367
37
23
-129
-77
10
114
134
111
79
-23
-154
-260
-257
-219
-308
-275
-52
4
-161
-396
-429
-273
-92
24
-107
-246
-294
-520
-822
-1108
-1335
-1491
-1534
-1375
-1219
-1115
-1065
-1095
-1002
-791
-626
-522
-478
-421
-239
57
378
518
491
411
331
304
275
180
-18
-97
48
243
328
337
268
12
-283
-420
-354
-248
-157
-85
-103
-99
-87
-228
-294
-170
96
264
438
827
1109
1273
1416
1613
1695
1528
1222
981
967
1241
1557
1714
1804
1761
1541
1133
815
733
719
743
824
820
617
146
-325
-542
-624
-647
-666
-561
-329
-187
-234
-476
-795
-877
-746
-419
-44
-64
-450
-949
-1109
-789
-383
-156
-304
-653
-810
-828
-601
-195
134
376
482
544
438
160
33
1
-51
-34
-100
-275
-476
-718
-938
-1125
-1212
-1295
-1408
-1348
-1192
-1006
-842
-792
-660
-390
-166
-159
-366
-504
-436
-262
-48
71
12
-96
-174
-121
32
147
177
85
-34
-67
52
208
276
319
370
347
261
115
-29
-119
-216
-184
-120
-152
-222
-217
-76
137
378
628
756
705
667
763
1060
1386
1507
1417
1238
1089
1013
997
1061
1202
1288
1179
879
671
612
530
508
623
767
779
525
227
61
-60
-105
-145
-59
105
-11
-351
-704
-889
-886
-856
-765
-642
-636
-722
-887
-898
-683
-469
-325
-251
-68
158
174
169
267
342
319
129
-125
-336
-497
-519
-476
-414
-365
-488
-692
-834
-897
-906
-925
-922
-875
-790
-667
-565
-494
-435
-383
-278
-143
-87
-109
-193
-236
-139
-39
42
119
153
143
54
-45
-97
-71
22
14
-56
-76
-105
-163
-202
-159
-37
90
203
259
290
316
228
87
32
29
47
68
55
134
297
459
487
441
474
438
389
459
630
873
1039
1033
937
870
866
849
889
1066
1174
1063
797
606
578
588
583
579
621
623
456
166
-44
-148
-306
-522
-624
-570
-555
-618
-612
-552
-492
-449
-434
-386
-304
-262
-288
-309
-233
-140
-146
-168
-146
-123
-174
-303
-397
-464
-535
-600
-614
-501
-376
-318
-288
-289
-330
-403
-462
-453
-385
-289
-225
-212
-155
-114
-170
-240
-238
-186
-154
-134
-120
-144
-178
-227
-314
-352
-341
-332
-313
-229
-92
-20
-25
-48
-59
-48
-19
-1
52
134
166
186
205
222
198
127
77
26
-21
-29
-12
15
22
7
7
21
38
64
142
277
344
282
227
218
224
260
332
482
664
777
752
667
675
732
723
753
867
941
864
690
558
521
509
475
444
444
408
203
-39
-123
-91
-54
-56
-34
4
-5
-85
-220
-352
-434
-503
-553
-519
-446
-444
-526
-566
-493
-365
-288
-298
-381
-468
-497
-479
-407
-296
-199
-148
-125
-89
-66
-105
-155
-155
-101
-53
-87
-158
-200
-217
-185
-127
-94
-100
-179
-322
-444
-463
-415
-373
-327
-275
-281
-327
-362
-349
-264
-163
-81
-41
-45
-69
-115
-129
-65
29
99
143
167
148
114
104
117
138
156
152
141
138
133
74
7
-1
29
44
36
35
43
45
35
42
90
163
158
122
166
282
392
464
522
563
533
459
435
483
559
595
613
673
749
744
637
519
471
451
393
341
325
311
237
139
110
140
120
-11
-169
-250
-298
-361
-401
-393
-374
-402
-460
-489
-448
-395
-404
-441
-431
-398
-385
-356
-267
-147
-57
-29
-70
-112
-106
-83
-76
-53
-27
-54
-138
-193
-198
-211
-214
-190
-153
-125
-125
-164
-213
-238
-250
-245
-221
-205
-212
-247
-275
-263
-211
-160
-134
-111
-110
-139
-181
-192
-163
-123
-85
-45
7
57
78
72
66
73
70
50
27
24
36
58
96
135
139
128
114
112
107
107
110
98
108
124
128
121
115
116
118
134
132
104
106
134
162
187
224
275
326
357
391
446
488
489
452
441
471
484
456
422
413
395
331
251
198
170
133
72
42
44
19
-51
-132
-163
-158
-156
-153
-145
-164
-226
-300
-330
-280
-207
-178
-215
-260
-280
-283
-245
-176
-117
-107
-150
-194
-200
-182
-168
-170
-181
-193
-199
-188
-162
-125
-108
-134
-171
-180
-173
-168
-157
-134
-104
-93
-100
-109
-112
-110
-122
-146
-163
-161
-164
-179
-182
-162
-140
-134
-137
-136
-131
-119
-90
-36
14
50
78
104
128
135
126
114
117
119
112
108
109
102
97
99
87
76
79
90
94
91
80
79
88
98
100
99
109
115
107
89
72
74
94
128
166
181
174
151
135
150
201
265
305
301
278
267
268
281
304
337
358
330
269
218
190
189
208
207
176
117
42
-18
-37
-23
-21
-43
-86
-145
-201
-229
-232
-224
-221
-238
-262
-278
-282
-280
-267
-246
-235
-239
-248
-250
-233
-195
-161
-133
-123
-127
-134
-139
-133
-115
-96
-82
-77
-80
-86
-94
-106
-113
-112
-103
-99
-107
-109
-107
-120
-149
-168
-160
-137
-107
-91
-95
-106
-108
-94
-67
-35
-4
16
14
3
7
25
60
95
126
148
144
128
101
79
79
103
139
166
167
150
118
85
61
52
55
53
43
27
5
-21
-44
-52
-36
-13
3
8
12
16
22
35
67
118
165
187
187
171
152
148
178
229
279
315
314
275
227
203
203
215
239
263
258
211
149
98
68
54
55
53
29
-18
-80
-134
-163
-170
-167
-170
-187
-211
-229
-231
-212
-183
-146
-118
-107
-105
-100
-90
-77
-65
-55
-64
-75
-77
-80
-90
-107
-122
-132
-135
-120
-101
-93
-99
-112
-129
-142
-136
-118
-103
-95
-93
-102
-119
-136
-151
-152
-135
-106
-79
-67
-59
-49
-44
-35
-9
31
70
95
93
77
63
64
73
80
83
84
82
72
57
43
37
34
28
21
18
18
12
0
-18
-30
-25
-10
3
10
10
-2
-23
-39
-37
-17
5
25
42
56
71
84
101
117
128
141
157
175
192
202
204
198
184
168
152
136
121
108
100
95
89
86
85
77
62
52
60
66
63
55
41
23
9
6
11
8
-3
-25
-51
-68
-70
-68
-64
-60
-60
-64
-68
-71
-74
-80
-89
-100
-103
