-10
-21
-33
-48
-53
-56
-65
-77
-96
-110
-127
-148
-151
-145
-130
-116
-103
-81
-60
-51
-35
-24
-15
9
24
34
41
20
-4
-23
-54
-89
-118
-141
-165
-195
-226
-246
-260
-313
-368
-373
-396
-411
-405
-403
-404
-446
-466
-436
-372
-303
-255
-205
-152
-110
-61
23
157
315
391
376
335
340
375
380
447
507
549
507
285
243
234
117
-24
17
764
1774
2368
2354
1734
1128
763
460
999
2284
3327
3432
2266
992
364
55
139
670
1545
2142
1633
530
-249
-529
-757
-1191
-1363
-1078
-765
-900
-1367
-1683
-1845
-2173
-2701
-2868
-2393
-1730
-1245
-1021
-934
-827
-855
-968
-898
-666
-307
18
90
-13
-161
-218
-209
-289
-370
-454
-571
-679
-783
-841
-806
-842
-1148
-1427
-1573
-1731
-1679
-1434
-1371
-1509
-1594
-1652
-1620
-1341
-915
-504
-300
-283
-296
-217
1
323
585
797
1010
1074
1075
1093
1301
1478
1359
1256
1232
1299
1328
1310
1362
1446
1371
1028
829
688
569
374
75
367
1582
3100
3774
3198
1922
917
337
430
1518
3413
4586
3950
2234
254
-628
-428
222
1057
1806
1897
924
-593
-1545
-1624
-1470
-1455
-1712
-1648
-1377
-1507
-1787
-1818
-1679
-1797
-2194
-2341
-2019
-1489
-1018
-714
-597
-600
-610
-559
-615
-636
-419
-242
-69
80
53
-72
-199
-382
-370
-374
-414
-235
-542
-976
-854
-566
-534
-567
-808
-667
-353
-774
-693
-106
261
352
165
-21
319
546
430
612
639
783
804
488
473
819
1177
1039
751
657
753
904
714
658
777
583
441
425
339
363
283
111
21
-127
-26
88
-89
-148
-81
-58
-181
-394
-426
-271
-203
-241
-229
-265
-314
-339
-418
-498
-484
-352
-227
-266
-399
-393
-334
-356
-401
-421
-405
-372
-267
-216
-267
-240
-143
-101
-139
-175
-154
-64
55
117
166
212
231
298
341
289
270
269
322
423
440
472
499
429
365
325
303
304
315
361
376
350
342
389
430
435
453
499
580
603
534
482
512
480
386
338
267
244
241
172
166
156
15
-124
-191
-228
-286
-377
-410
-371
-408
-537
-639
-708
-740
-752
-769
-738
-686
-663
-651
-636
-592
-513
-478
-444
-354
-290
-247
-244
-213
-131
-102
-81
-112
-165
-153
-126
-91
-80
-47
13
9
-27
-95
-142
-111
-81
-59
-56
-119
-159
-151
-169
-172
-164
-163
-130
-99
-108
-73
-4
16
69
156
221
267
263
265
317
326
342
378
376
427
497
515
509
505
540
567
552
556
604
620
606
601
601
547
473
474
495
486
415
354
341
304
271
211
135
77
17
-47
-121
-176
-189
-210
-286
-374
-455
-485
-505
-547
-563
-576
-575
-587
-629
-654
-630
-590
-557
-477
-387
-350
-336
-315
-296
-290
-250
-161
-72
-23
-28
-30
43
119
154
190
219
217
200
216
212
214
249
244
220
173
94
54
37
0
-27
-30
-59
-93
-118
-138
-140
-163
-179
-142
-135
-142
-94
-60
-74
-97
-97
-36
36
44
23
62
107
96
56
39
115
204
295
554
772
470
-105
-445
-387
33
368
499
523
253
-227
-536
-410
34
369
412
276
38
-170
-239
-223
-156
-11
42
-49
-131
-182
-143
-82
-113
-154
-132
-52
14
7
3
-12
-103
-138
-112
-8
178
182
63
-18
-64
-27
17
31
100
158
136
121
137
122
116
170
221
209
160
121
117
161
184
247
278
212
230
185
259
487
384
182
-175
-578
-469
-256
-90
138
-48
-356
-525
-747
-492
-87
63
247
279
252
262
-15
-393
-405
-201
115
279
283
286
53
-328
-623
-602
-325
-39
77
84
26
-197
-513
-697
-693
-506
-178
50
13
-232
-311
-331
-475
-445
-307
-16
336
289
111
64
13
-35
-40
45
112
175
200
93
7
44
106
156
186
181
153
177
322
287
230
334
395
432
273
83
265
516
456
237
308
469
290
156
231
376
354
55
-14
113
206
228
123
116
7
-74
51
22
-6
135
137
-108
-296
-268
-62
-15
-84
-91
-224
-267
-314
-286
-171
-318
-301
-124
-94
-179
-338
-215
-23
-233
-433
-340
-168
-1
-97
-252
-115
-114
-315
-430
-264
-4
35
-82
-240
-175
-111
-243
-226
-48
-11
-110
-218
-200
16
-11
-110
16
61
68
9
0
207
325
252
198
248
271
213
235
344
380
349
294
300
343
283
240
282
278
186
208
280
230
179
156
130
79
9
-46
43
102
47
21
-40
-15
-11
-103
-89
-4
91
35
-192
-189
23
29
-107
-190
-174
-84
-146
-228
-144
-51
-75
-168
-257
-244
-120
-100
-102
-91
-141
-96
-184
-327
-197
-111
-183
-268
-248
-79
-61
-175
-206
-181
-127
-206
-279
-97
-45
-131
-67
-58
-86
-90
-159
-170
-125
-51
37
70
78
-2
-12
17
-104
8
233
261
244
129
58
131
121
141
263
318
330
244
176
243
293
269
215
268
327
304
272
213
208
197
91
80
198
267
243
191
136
69
-12
-47
7
143
270
231
104
39
-37
-87
-52
-8
78
120
70
25
-52
-105
-81
-63
-74
-120
-129
-61
-76
-176
-213
-229
-238
-233
-220
-180
-169
-221
-286
-330
-303
-205
-160
-177
-163
-154
-178
-247
-284
-174
-67
-69
-107
-105
-74
-91
-164
-183
-103
-57
-69
-63
-47
-3
35
-87
-211
-177
-62
95
122
72
81
13
-111
-150
-50
150
257
204
118
38
10
14
13
70
173
234
199
126
106
110
67
19
43
134
187
170
136
100
51
0
-2
61
137
199
177
64
-19
-50
3
122
210
285
346
345
272
162
114
203
336
417
456
441
365
236
105
73
160
285
359
341
232
54
-124
-198
-163
-83
-24
-52
-175
-358
-545
-629
-601
-505
-382
-334
-393
-506
-594
-641
-647
-559
-415
-264
-165
-178
-245
-378
-486
-432
-278
-146
-48
10
-57
-208
-339
-421
-387
-241
-116
-113
-198
-354
-550
-656
-659
-570
-411
-306
-353
-437
-438
-449
-427
-357
-256
-129
-110
-163
-214
-197
-123
-27
58
98
112
155
260
271
223
373
899
1572
2074
2383
2301
1818
1246
1114
1767
2815
3590
3706
3166
2096
932
447
1076
2286
3123
3076
2285
1065
-232
-1067
-1130
-492
263
317
-377
-1244
-1981
-2531
-2935
-2924
-2333
-1660
-1316
-1311
-1394
-1411
-1711
-2006
-1659
-905
-115
357
431
276
-173
-725
-829
-405
312
993
1225
980
370
-338
-777
-772
-453
-123
-85
-470
-1105
-1784
-2269
-2396
-2276
-2061
-1959
-1995
-2074
-2224
-2334
-2296
-2053
-1744
-1509
-1231
-870
-565
-504
-603
-604
-369
-9
360
682
820
781
608
497
605
992
1344
1489
1248
928
1112
2053
3467
4326
4071
2616
1278
1129
2140
3799
5423
6058
4849
2140
-390
-750
996
3342
4577
4299
2849
498
-1716
-2643
-1852
-58
974
547
-559
-1765
-2964
-4129
-4501
-3593
-2212
-1375
-1488
-1949
-2195
-2553
-2875
-2507
-1217
337
1221
1064
446
91
9
124
547
1092
1468
1634
1352
872
404
29
24
140
65
-118
-462
-978
-1460
-1898
-2203
-2252
-2281
-2391
-2560
-2938
-3252
-3162
-2787
-2375
-2073
-1903
-1815
-1756
-1521
-1186
-773
-238
158
388
497
613
867
1079
1174
1369
1551
1720
1863
1822
1739
1614
1348
1213
1459
2635
4602
5765
4912
2386
433
404
2098
4371
6099
6654
5154
1629
-1668
-1971
571
3631
4965
4298
2395
-105
-2621
-3939
-2825
-331
1049
337
-1202
-2375
-3463
-4895
-5763
-5002
-3031
-1525
-1436
-1954
-2456
-3162
-3895
-3930
-2329
435
2444
2463
773
-981
-1637
-1401
-260
1630
3166
3229
1587
-586
-1838
-1665
-614
419
1099
898
-430
-2030
-3216
-3576
-3156
-2539
-1999
-1840
-2226
-2952
-3760
-3919
-3279
-2218
-1051
-430
-326
-602
-1059
-1069
-444
651
1777
2638
2897
2341
1698
1487
1775
2467
3112
3522
3574
3127
2489
1885
1502
1769
2588
4255
5765
5578
3607
1103
93
1076
3207
5136
6112
5525
3077
-335
-2091
-818
2066
4177
4191
3072
1334
-1007
-3164
-3583
-1746
352
615
-510
-1754
-2891
-4319
-5710
-5606
-3784
-1786
-1233
-2061
-2906
-3674
-4617
-4934
-3569
-802
1149
976
-516
-1850
-2284
-2060
-1354
-120
1136
1430
497
-904
-1723
-1658
-1182
-584
-224
-274
-837
-1909
-2869
-3377
-3296
-2668
-2085
-1977
-2351
-3007
-3408
-3288
-2700
-1639
-634
-149
-90
-197
-267
-149
443
1300
2068
2431
2307
2082
1899
1938
2192
2542
2869
3161
2979
2431
1907
1412
1620
2362
3933
5561
5731
3773
859
-175
1175
3677
5766
6624
5784
3430
268
-1116
637
3721
5677
5237
3899
2328
387
-1343
-1695
-127
1931
2344
1050
-595
-2011
-3454
-4808
-4759
-2934
-893
-338
-1600
-3255
-4417
-5041
-4690
-3184
-1080
256
-28
-1403
-2688
-3204
-2859
-1992
-832
169
460
-26
-990
-1716
-1836
-1347
-514
45
59
-652
-1816
-2693
-2939
-2616
-2104
-1780
-1812
-2221
-2921
-3418
-3238
-2445
-1563
-1010
-856
-922
-1032
-1024
-757
-337
238
757
1007
1089
979
773
684
797
1076
1443
1732
1763
1498
930
624
996
2258
3882
4351
3324
1571
624
1121
2414
3831
4860
4943
3715
1658
326
1015
2835
4261
4462
3872
3099
2000
600
-279
167
1326
1883
1405
575
-262
-1414
-2764
-3280
-2327
-874
-319
-999
-2069
-2714
-3070
-3157
-2554
-1177
82
181
-820
-1851
-2101
-1717
-1159
-594
51
403
156
-530
-1084
-1068
-631
-108
268
400
144
-532
-1366
-1845
-1669
-1195
-981
-1234
-1720
-2117
-2311
-2379
-2166
-1655
-1184
-1039
-1267
-1478
-1400
-1037
-628
-318
-79
124
151
-4
-63
133
500
691
758
834
876
853
696
719
1342
2421
3102
2650
1422
495
665
1619
2569
3199
3365
2711
1287
4
134
1611
2920
3105
2588
2220
1770
789
-113
122
1282
1955
1484
599
72
-498
-1510
-2301
-1940
-573
280
-185
-1235
-1989
-2291
-2432
-2117
-1026
247
627
-245
-1460
-1924
-1573
-923
-307
314
757
387
-599
-1439
-1433
-643
59
422
414
27
-609
-1349
-1656
-1281
-696
-459
-727
-1233
-1695
-2083
-2226
-1914
-1259
-734
-728
-1016
-1313
-1458
-1364
-992
-306
332
555
359
14
-170
-50
381
950
1394
1435
1171
782
497
637
1315
2346
2840
2396
1416
778
931
1499
2019
2421
2663
2248
1132
131
284
1216
1852
1790
1581
1612
1242
266
-512
-253
665
1115
803
399
156
-356
-1311
-1953
-1464
-405
128
-254
-957
-1366
-1686
-1884
-1671
-854
116
331
-257
-1007
-1324
-1122
-756
-360
94
342
155
-438
-958
-945
-601
-310
-223
-248
-355
-702
-1164
-1398
-1237
-888
-730
-866
-1180
-1472
-1624
-1626
-1448
-1181
-893
-746
-835
-967
-1075
-989
-680
-308
69
268
310
240
160
249
509
891
1147
1202
1178
1036
935
1083
1519
2165
2362
1915
1266
1025
1390
1807
2024
2078
2018
1684
1002
440
604
1163
1489
1359
1118
1050
751
151
-268
-55
543
790
477
81
-143
-441
-969
-1259
-843
-152
56
-382
-967
-1253
-1306
-1267
-987
-368
103
-29
-575
-978
-881
-525
-255
-150
-49
50
-97
-457
-666
-544
-286
-175
-223
-284
-380
-633
-956
-1062
-865
-662
-685
-872
-1112
-1319
-1434
-1408
-1248
-1017
-869
-884
-946
-952
-918
-842
-665
-396
-121
41
-3
-84
-45
121
391
577
669
733
760
770
681
615
840
1358
1853
1807
1246
715
679
1066
1415
1583
1640
1501
1012
353
70
435
985
1177
971
758
666
389
-77
-283
52
563
658
319
-6
-185
-429
-775
-796
-341
156
185
-252
-632
-734
-699
-633
-367
109
403
202
-307
-641
-498
-132
103
205
250
230
18
-275
-374
-228
-14
68
-29
-181
-332
-507
-648
-693
-644
-600
-645
-791
-999
-1136
-1134
-1036
-904
-854
-901
-938
-900
-808
-701
-572
-434
-313
-255
-280
-284
-185
-16
140
242
343
416
423
413
469
530
561
645
832
1105
1225
1027
751
606
670
874
1035
1114
1055
803
419
143
220
525
698
613
423
317
251
69
-86
-10
230
343
189
-2
-77
-141
-281
-394
-260
47
172
-5
-281
-415
-370
-317
-231
-28
188
235
-9
-320
-398
-230
-5
107
119
95
-21
-201
-342
-304
-88
47
-11
-166
-276
-333
-411
-464
-414
-307
-314
-497
-719
-802
-753
-707
-688
-640
-553
-517
-596
-689
-654
-457
-229
-105
-82
-108
-101
-43
22
97
208
310
334
295
287
363
426
409
384
412
470
506
514
597
669
610
460
354
427
539
554
493
432
392
306
181
192
329
412
362
279
307
343
242
96
80
217
300
220
109
52
5
-106
-202
-160
-24
61
-8
-136
-224
-253
-249
-190
-58
13
-56
-219
-324
-293
-184
-108
-109
-161
-220
-266
-298
-294
-240
-141
-74
-111
-210
-277
-292
-285
-274
-236
-202
-230
-337
-479
-535
-493
-416
-360
-365
-378
-405
-465
-485
-433
-330
-238
-196
-171
-168
-200
-244
-218
-100
29
106
129
130
134
138
128
157
222
371
553
707
707
521
322
267
432
651
799
796
679
452
205
126
285
542
645
577
443
340
198
25
-30
120
324
358
209
42
-59
-174
-306
-316
-130
84
104
-63
-239
-304
-303
-276
-169
7
114
26
-182
-321
-275
-125
-6
46
44
-11
-111
-190
-165
-39
78
101
44
-38
-111
-176
-211
-188
-122
-89
-150
-278
-372
-376
-349
-344
-348
-320
-295
-330
-390
-409
-344
-264
-242
-245
-239
-243
-252
-245
-172
-82
-44
-59
-63
-4
45
43
33
72
127
176
223
344
466
422
249
90
168
374
538
583
535
431
248
89
123
378
595
603
430
316
285
187
67
80
270
410
324
133
4
-72
-192
-298
-197
40
136
-12
-232
-309
-280
-280
-272
-139
48
59
-145
-336
-320
-169
-72
-43
-17
24
3
-86
-127
-54
61
115
92
46
8
-31
-66
-82
-65
-46
-69
-117
-175
-226
-256
-259
-222
-183
-181
-227
-287
-302
-272
-219
-180
-173
-190
-204
-202
-179
-149
-127
-101
-80
-53
-21
9
49
77
89
90
87
82
102
162
266
356
331
204
73
87
218
354
422
422
374
255
122
90
230
400
455
386
308
253
157
45
30
157
278
237
78
-49
-107
-161
-216
-173
-52
8
-87
-244
-315
-306
-291
-268
-169
-32
-19
-171
-342
-364
-225
-58
43
80
63
-21
-134
-163
-43
128
215
176
77
-5
-73
-106
-63
23
86
51
-58
-156
-210
-209
-166
-101
-48
-62
-144
-244
-293
-263
-193
-123
-77
-80
-128
-191
-212
-158
-74
-4
28
33
24
1
-6
18
75
126
135
104
51
16
42
132
246
288
231
136
77
121
213
311
381
380
302
193
126
162
261
350
395
381
327
220
110
71
118
203
238
206
138
36
-98
-224
-249
-151
-35
-13
-111
-249
-351
-387
-362
-273
-162
-103
-150
-261
-329
-297
-198
-117
-80
-68
-61
-72
-86
-76
-32
17
43
36
21
4
-22
-47
-41
-16
1
-14
-64
-105
-114
-111
-110
-111
-108
-106
-124
-141
-142
-124
-100
-96
-105
-108
-105
-86
-51
-10
20
14
-8
-16
7
56
92
100
87
64
53
53
48
33
14
44
108
173
197
148
77
18
35
128
260
350
336
240
140
102
140
245
347
414
395
312
207
137
137
185
250
282
251
166
58
-49
-115
-118
-55
11
-1
-103
-242
-313
-302
-250
-191
-152
-145
-195
-271
-303
-255
-173
-124
-113
-102
-88
-102
-131
-124
-60
10
32
11
-20
-41
-64
-81
-58
-19
-9
-47
-104
-137
-138
-126
-116
-105
-100
-118
-149
-166
-158
-134
-113
-108
-110
-111
-111
-98
-78
-53
-32
-23
-22
-22
-7
9
18
23
32
43
43
30
22
34
46
53
42
42
71
107
150
165
164
137
116
148
229
317
346
319
267
232
221
262
331
385
388
325
261
215
200
192
191
197
187
141
60
-19
-73
-97
-107
-98
-94
-120
-179
-242
-264
-251
-225
-201
-178
-170
-188
-211
-211
-178
-138
-106
-83
-70
-77
-89
-83
-51
-12
4
0
-8
-18
-30
-42
-42
-24
-12
-24
-53
-76
-87
-93
-101
-100
-93
-91
-112
-134
-139
-129
-114
-110
-109
-107
-111
-117
-110
-88
-69
-67
-74
-66
-42
-21
-17
-20
-11
5
14
19
24
35
37
38
47
59
74
71
74
100
131
164
184
191
178
156
174
230
297
319
293
257
238
219
217
251
299
317
264
188
144
135
120
95
94
110
92
15
-71
-110
-115
-116
-122
-117
-115
-156
-225
-260
-228
-175
-150
-150
-153
-155
-164
-174
-156
-106
-59
-47
-63
-77
-77
-64
-38
-9
10
14
3
-10
-21
-20
-13
-3
2
-9
-34
-55
-71
-78
-77
-75
-81
-93
-108
-120
-127
-126
-120
-114
-110
-110
-114
-108
-99
-88
-73
-58
-49
-47
-40
-25
-5
17
31
44
53
57
60
73
95
106
113
112
111
101
89
88
108
140
144
147
155
163
143
99
99
145
205
218
195
163
134
94
74
113
176
197
142
79
50
42
20
-3
15
45
28
-37
-87
-93
-92
-110
-118
-96
-74
-95
-143
-167
-146
-121
-117
-108
-82
-70
-84
-105
-96
-57
-27
-18
-16
-11
-11
-21
-20
-1
17
17
4
-9
-18
-25
-31
-35
-32
-34
-48
-63
-75
-82
-86
-83
-83
-83
-82
-88
-96
-95
-82
-68
-57
-58
-57
-49
-35
-19
-8
8
22
24
27
36
51
64
66
62
65
75
83
79
78
78
76
73
71
68
68
69
66
56
46
35
31
44
56
76
86
74
41
10
22
57
94
107
98
74
43
12
14
58
100
106
66
29
9
-3
-8
-1
21
31
6
-34
-52
-51
-57
-65
-54
-28
-23
-55
-90
-96
-73
-58
-58
-49
-34
-40
-62
-76
-64
-37
-24
-24
-25
-24
-30
-41
-41
-21
-6
-5
-16
-26
-26
-24
-25
-20
-10
-9
-16
-25
-26
-22
-20
-19
-18
-17
-17
-20
-25
-22
-20
-24
-26
-22
-13
-12
-19
-24
-17
-5
-1
1
8
16
16
12
15
25
36
37
35
