-76
-75
-73
-66
-57
-54
-52
-58
-61
-54
-51
-49
-34
-21
-1
33
44
46
41
21
22
46
64
78
102
100
54
40
53
38
61
101
146
270
401
545
833
1097
1161
1027
890
884
902
930
913
907
738
315
34
-39
-50
-327
-725
-738
-564
-526
-634
-601
-544
-713
-974
-994
-519
-141
-43
226
628
809
589
442
516
585
469
255
329
351
51
-254
-449
-663
-1123
-1495
-1502
-1343
-1210
-1268
-1248
-1246
-1350
-1426
-1536
-1435
-1321
-1393
-1414
-1281
-1084
-1060
-1132
-1252
-1255
-1002
-729
-296
277
655
638
464
520
519
510
525
317
147
3
-194
-382
-578
-690
-801
-749
-399
-53
219
371
420
510
756
913
919
1018
973
1045
1305
1515
1680
1679
1793
2140
2616
3414
4561
5694
5498
4045
3104
2809
2637
2305
2047
1807
739
-727
-1645
-1541
-1287
-2324
-3373
-2992
-2025
-1734
-1976
-1836
-1764
-2395
-3103
-2713
-1230
-231
-177
-63
593
1339
1502
1545
2052
2506
2062
1246
1305
1583
1213
323
-514
-994
-1662
-2490
-2929
-2761
-2618
-2992
-3059
-2417
-1706
-1526
-1690
-1541
-1347
-1445
-1517
-1217
-654
-540
-665
-498
-271
-117
-177
-307
-113
286
553
834
1340
1569
1255
772
317
-7
-109
-233
-396
-430
-597
-930
-1075
-1062
-1077
-1077
-883
-392
156
571
854
914
773
684
760
960
1091
1180
1303
1142
946
787
812
1220
1535
2109
2965
3611
3401
2341
1780
1637
1435
1214
994
868
220
-791
-1337
-1191
-1173
-1914
-2375
-1957
-1268
-1101
-1302
-1177
-1122
-1497
-1876
-1512
-504
72
173
438
1023
1522
1508
1337
1371
1480
1372
1225
1501
1752
1395
544
-342
-872
-1292
-1742
-1924
-1859
-1833
-1878
-1826
-1611
-1336
-1275
-1308
-1089
-682
-288
-129
-67
43
-21
-108
-63
117
298
304
310
364
498
543
339
210
204
270
312
252
174
-160
-691
-1020
-1094
-1102
-1177
-1354
-1457
-1256
-952
-771
-613
-438
-359
-267
75
556
869
891
746
637
658
872
1028
903
650
241
20
372
1079
2031
2968
3542
3299
2337
1645
1501
1659
1639
1368
1074
474
-249
-807
-941
-1012
-1733
-2350
-2115
-1233
-678
-787
-948
-1175
-1472
-1804
-1631
-655
65
157
160
732
1603
1994
1978
1854
2060
2291
2365
2566
2566
2140
1214
517
183
-281
-986
-2026
-2718
-2849
-2559
-2172
-2001
-1774
-1751
-1773
-1521
-1131
-715
-702
-878
-809
-502
-126
-105
-282
-444
-676
-801
-689
-385
-283
-576
-972
-1098
-936
-758
-700
-896
-1299
-1821
-2319
-2522
-2448
-2311
-2348
-2312
-1902
-1394
-839
-311
-2
295
592
971
1418
1809
2042
1923
1843
1651
1512
1633
1488
1221
936
590
394
655
1962
4269
6496
7490
6334
4340
3152
2811
3185
3518
3355
2333
559
-709
-1166
-1136
-1785
-3340
-4017
-3360
-2035
-1178
-1008
-955
-1598
-2629
-2957
-1987
-352
453
517
673
1475
2501
2934
3173
3429
3469
3128
2835
3100
3171
2428
1018
-159
-748
-1410
-2410
-3407
-3916
-4358
-4763
-4394
-3549
-2953
-2932
-3036
-2695
-2164
-1869
-1883
-1595
-1129
-945
-710
-530
-547
-861
-1264
-1253
-903
-434
-140
-87
-200
-466
-669
-809
-950
-1175
-1399
-1655
-1966
-2150
-2222
-1994
-1688
-1396
-1068
-657
-84
450
903
1118
1321
1687
1969
2385
2754
2736
2411
1832
1531
1380
1386
1431
1100
654
158
279
1370
3716
6761
8480
7745
5258
3337
2800
3083
3832
4185
3438
1347
-719
-1368
-1178
-1606
-3477
-4827
-4267
-2946
-1974
-1540
-1456
-2444
-4225
-5152
-4262
-2140
-602
-168
140
1003
2058
2723
3356
3824
3422
2443
2341
3811
5258
4879
2921
678
-1322
-2869
-3498
-3434
-3889
-5258
-6271
-5886
-4617
-3774
-3774
-3891
-3583
-2894
-1994
-742
408
336
-585
-1071
-676
-2
241
126
-28
116
491
785
1043
1057
467
-374
-818
-571
11
72
-533
-1438
-2300
-2673
-2571
-1988
-1301
-960
-514
205
1215
1962
2011
1762
1422
1482
1887
2506
2863
2586
2089
1291
910
805
654
210
-463
-922
-1319
-639
1035
3976
7162
8272
6985
4299
2696
2493
2992
3944
4100
3261
1358
-558
-1304
-1426
-2111
-4191
-5475
-4778
-3476
-2539
-2363
-2428
-3212
-4751
-5535
-4777
-2653
-953
-461
-113
940
2624
3606
3954
4141
3759
3111
2845
3622
4666
4443
2800
741
-574
-1358
-1949
-2108
-2469
-3475
-4578
-4571
-3434
-2342
-1915
-2253
-2410
-2185
-2007
-1615
-1137
-899
-1133
-1217
-686
30
627
591
136
-30
85
347
625
881
747
65
-663
-1105
-1011
-1071
-1731
-2466
-2991
-3035
-2754
-2137
-1367
-787
-75
354
502
922
1277
1341
1109
1095
1398
1617
1917
1813
1515
1097
390
-180
-578
-570
-724
-1194
-1830
-2184
-1504
782
4824
8229
8964
7108
4490
3089
3274
4626
5767
5695
3959
1075
-777
-968
-1038
-2711
-4988
-5704
-5001
-3932
-3342
-2785
-2684
-4150
-5999
-6444
-4556
-1969
-603
64
1036
2696
4016
4895
5888
6172
5526
4435
4227
5531
6935
7012
5319
2934
698
-1049
-1807
-2116
-2692
-3747
-4698
-4772
-4137
-3482
-3419
-3774
-4040
-3948
-3284
-2234
-1186
-954
-1464
-1828
-1699
-966
-387
-162
44
118
375
878
1474
1693
1180
270
-586
-983
-1181
-1487
-1893
-2461
-3109
-3587
-3695
-3298
-2514
-1874
-1403
-868
-255
341
786
1002
951
776
733
861
1114
1243
937
289
-622
-1382
-1547
-1544
-1694
-1992
-2319
-2158
-1300
1246
5005
8204
9365
7610
5265
4050
4398
5885
7078
7272
5275
2179
77
-795
-964
-2106
-3780
-4626
-4512
-3784
-3610
-3533
-3739
-5020
-6401
-6718
-4937
-2263
-124
1269
2114
3365
4654
5698
6776
7579
7854
7460
7162
7325
7172
6356
4716
2703
740
-848
-1962
-3088
-4143
-5202
-5981
-6033
-5615
-5020
-4539
-4114
-3994
-4068
-3754
-3275
-2698
-2209
-1837
-1326
-795
-272
-36
72
272
354
540
790
1178
1480
1307
754
-129
-1025
-1943
-2716
-3095
-3311
-3543
-3782
-3606
-3047
-2309
-1591
-1079
-613
-185
169
549
1293
1802
1842
1808
1792
1669
1235
648
-329
-1064
-1336
-1456
-1295
-1097
-1135
-1688
-2186
-1864
-521
2271
5730
8284
8709
7342
6055
5605
6127
7040
7464
6721
4433
1959
573
175
-308
-1815
-3394
-4307
-4630
-5011
-5597
-5559
-5670
-6437
-7000
-6361
-4352
-2293
-648
707
2018
3442
4397
5296
6428
7403
7605
7064
6829
6918
6786
6098
4710
3086
1452
-82
-1481
-2781
-4119
-5607
-6766
-7064
-6530
-5808
-5384
-5217
-5048
-4754
-4312
-3774
-3189
-2547
-1983
-1438
-745
80
667
813
783
869
997
1040
1260
1476
1297
701
-246
-1104
-1445
-1497
-1628
-1930
-2245
-2373
-2215
-1748
-1074
-424
-141
-268
-325
81
890
1453
1395
1152
860
572
295
-17
-271
-660
-1028
-1308
-1281
-983
-1199
-1780
-2522
-2875
-2345
-573
2848
6445
8819
8984
7683
6679
6345
6938
7656
7613
6333
3896
1795
653
188
-580
-2194
-3766
-4927
-5659
-6186
-6283
-5874
-5858
-6241
-6464
-5795
-3920
-1642
277
1401
2214
3239
4435
6049
7580
8532
8649
7851
6935
6373
6358
6202
5174
3417
1210
-845
-2725
-4269
-5319
-6164
-6774
-7151
-6964
-6193
-5441
-5102
-5212
-5395
-5365
-4831
-3848
-2736
-1588
-767
-321
33
469
1011
1447
1687
1692
1745
2158
2626
2655
2027
1112
167
-748
-1354
-1639
-1828
-2057
-2293
-2355
-2116
-1628
-1332
-1397
-1440
-1352
-1094
-776
-446
-113
-1
-189
-602
-952
-996
-886
-983
-1223
-1306
-1329
-1510
-1698
-1785
-1807
-1864
-1713
-889
811
3299
5892
7911
8529
7845
6951
6470
6807
7461
7539
6614
4896
3069
1324
188
-295
-1017
-2151
-3439
-4256
-4631
-4749
-4486
-4449
-4681
-4838
-4483
-3297
-1656
-40
987
1620
2339
2980
3647
4516
5605
6505
6820
6765
6544
6359
6020
5265
4100
2407
454
-1308
-2494
-3135
-3680
-4418
-5365
-6172
-6564
-6552
-6279
-5823
-5285
-4850
-4417
-3695
-2801
-2057
-1571
-1401
-1271
-872
-277
378
963
1442
1703
1569
1247
1087
1076
867
394
-3
-256
-492
-717
-825
-720
-735
-1056
-1393
-1410
-1184
-1208
-1432
-1536
-1463
-1365
-1429
-1476
-1542
-1691
-1871
-1890
-1580
-1420
-1589
-1834
-1942
-1767
-1582
-1445
-1222
-888
-706
-960
-964
-131
1539
3620
5529
7098
7895
7681
6898
6345
6492
6697
6437
5730
4734
3669
2507
1453
711
174
-434
-1235
-1843
-2141
-2280
-2295
-2241
-2226
-2474
-2844
-2986
-2734
-2080
-1315
-644
-42
549
1303
2132
2944
3616
3939
4108
4205
4091
3793
3489
3115
2488
1596
385
-919
-2027
-2983
-3781
-4221
-4412
-4592
-4534
-4136
-3697
-3303
-2943
-2685
-2526
-2429
-2408
-2499
-2479
-2323
-2089
-1635
-1097
-567
-66
323
618
783
849
790
727
863
1007
1009
959
892
790
641
319
-221
-707
-982
-1126
-1095
-878
-718
-768
-963
-1103
-1112
-1208
-1566
-2047
-2304
-2122
-1652
-1127
-641
-261
-144
-252
-376
-429
-337
-140
91
329
465
495
573
825
1169
1554
2076
2668
3228
3664
3960
4253
4493
4534
4423
4274
3990
3448
2794
2291
2070
1903
1571
1181
842
476
-129
-895
-1465
-1816
-2155
-2505
-2710
-2653
-2416
-2178
-1936
-1551
-1062
-729
-558
-375
-71
359
800
1176
1475
1743
1908
1914
1813
1639
1340
861
283
-229
-572
-704
-664
-622
-665
-856
-1225
-1706
-2164
-2564
-2951
-3205
-3231
-3029
-2626
-2185
-1962
-1911
-1836
-1700
-1457
-1102
-676
-185
381
919
1295
1471
1451
1248
950
749
659
595
553
386
77
-213
-445
-712
-1009
-1264
-1529
-1772
-1926
-1979
-1907
-1747
-1543
-1295
-988
-600
-173
180
425
573
561
415
244
141
100
113
94
-43
-151
-252
-343
-272
-17
363
839
1359
1952
2685
3312
3538
3449
3265
3071
2920
2883
2975
3044
2884
2443
1917
1572
1323
1004
683
461
298
-3
-410
-705
-909
-1167
-1567
-1951
-2082
-1971
-1711
-1364
-900
-367
50
338
545
747
940
1050
1109
1151
1246
1324
1282
1131
862
485
-11
-541
-939
-1158
-1217
-1216
-1189
-1066
-925
-881
-996
-1192
-1405
-1647
-1876
-2014
-1935
-1719
-1523
-1333
-1103
-866
-686
-604
-570
-487
-371
-340
-354
-296
-205
-155
-168
-240
-384
-603
-888
-1144
-1203
-1093
-963
-817
-597
-321
-96
15
5
-84
-165
-243
-305
-249
-74
80
98
69
78
76
23
-75
-143
-129
-93
16
266
552
702
634
440
226
73
49
146
392
744
1108
1522
2005
2397
2551
2490
2290
2079
1988
2035
2128
2172
2128
1907
1604
1344
1018
627
282
9
-252
-468
-553
-513
-421
-426
-608
-865
-1041
-1090
-1057
-953
-746
-460
-139
195
480
629
630
563
469
366
313
327
384
407
373
340
312
226
45
-183
-389
-588
-785
-967
-1079
-1101
-1138
-1250
-1395
-1461
-1499
-1600
-1716
-1817
-1822
-1673
-1432
-1161
-862
-562
-372
-278
-220
-164
-77
-15
22
86
163
242
284
299
300
245
118
-60
-180
-184
-120
-39
-11
-62
-190
-342
-441
-506
-521
-493
-438
-293
-102
80
199
208
148
71
26
25
61
111
124
84
0
-98
-160
-176
-159
-97
33
230
537
970
1445
1824
2003
2014
1940
1839
1775
1752
1703
1590
1417
1236
1121
1049
917
680
429
215
-32
-324
-597
-752
-804
-822
-868
-918
-869
-755
-658
-563
-428
-291
-172
-47
123
374
657
865
947
929
837
662
439
237
107
-1
-174
-391
-594
-713
-769
-843
-933
-1013
-1087
-1135
-1149
-1143
-1138
-1113
-1073
-1063
-1074
-1049
-952
-799
-630
-501
-402
-252
-83
48
155
226
222
152
83
47
39
15
-80
-197
-281
-333
-370
-377
-351
-317
-277
-224
-176
-134
-115
-93
-42
35
131
207
271
312
321
337
352
335
261
138
8
-91
-160
-215
-263
-316
-374
-392
-336
-203
-17
170
364
628
999
1418
1752
1921
1964
1948
1919
1876
1816
1715
1499
1171
815
566
451
341
184
34
-96
-282
-538
-778
-919
-985
-1059
-1138
-1132
-1007
-852
-723
-578
-396
-233
-131
-55
60
265
559
853
1026
1055
959
784
601
436
277
106
-94
-319
-527
-650
-697
-745
-824
-887
-909
-891
-837
-805
-818
-872
-973
-1074
-1107
-1041
-916
-782
-668
-566
-433
-284
-155
-64
9
70
123
162
187
214
225
183
86
-26
-99
-158
-201
-195
-159
-111
-87
-81
-54
-42
-68
-129
-196
-235
-255
-256
-215
-148
-123
-157
-208
-269
-300
-250
-190
-195
-238
-253
-206
-114
-19
38
165
437
794
1297
1993
2730
3186
3209
3034
2878
2799
2758
2681
2502
2138
1533
803
311
159
-10
-399
-835
-1104
-1311
-1625
-1921
-2090
-2166
-2253
-2409
-2414
-2049
-1506
-1102
-809
-459
-96
239
640
1123
1606
2011
2292
2527
2832
3133
3201
3029
2673
2074
1280
425
-370
-1105
-1673
-1958
-2108
-2297
-2610
-2960
-3130
-3071
-2962
-2932
-2879
-2741
-2580
-2431
-2207
-1817
-1362
-990
-738
-512
-137
340
725
977
1115
1179
1180
1084
956
823
614
291
-112
-455
-687
-850
-1014
-1246
-1478
-1612
-1644
-1594
-1467
-1336
-1297
-1322
-1333
-1290
-1124
-846
-560
-325
-103
120
282
457
603
587
464
392
475
607
719
774
787
967
1441
2271
3478
4850
5774
5746
5138
4520
4209
4220
4270
4062
3376
2295
1068
36
-449
-653
-1043
-1597
-2057
-2381
-2697
-2888
-2926
-2984
-3184
-3457
-3496
-3041
-2168
-1279
-566
114
756
1316
1909
2679
3504
4104
4399
4447
4387
4400
4349
4003
3337
2385
1237
21
-1102
-2138
-3110
-3806
-4150
-4242
-4189
-4068
-3972
-3930
-3894
-3859
-3734
-3450
-3091
-2742
-2399
-1942
-1367
-809
-333
41
359
621
844
1073
1326
1577
1713
1670
1440
1081
591
-83
-799
-1406
-1851
-2132
-2239
-2204
-2184
-2233
-2260
-2235
-2175
-2043
-1803
-1510
-1226
-1019
-958
-865
-617
-298
29
398
751
836
704
510
331
314
510
878
1135
1154
900
586
782
1645
3208
5296
7285
8256
7735
6620
5850
5699
5865
5737
5115
3804
2017
323
-807
-1163
-1450
-2190
-3043
-3591
-3899
-4239
-4454
-4492
-4532
-4671
-4760
-4254
-3006
-1445
-145
758
1557
2282
2971
3753
4597
5317
5632
5606
5540
5514
5312
4532
3153
1458
-212
-1490
-2385
-3164
-4049
-4904
-5442
-5562
-5307
-4902
-4433
-4003
-3780
-3681
-3534
-3174
-2751
-2432
-2156
-1812
-1299
-677
-68
373
650
824
942
1171
1502
1843
2012
1905
1510
889
294
-309
-1055
-1819
-2414
-2656
-2586
-2358
-2179
-2226
-2366
-2541
-2607
-2385
-1938
-1449
-1127
-909
-775
-683
-502
-290
-37
212
440
685
928
1197
1309
1105
724
359
275
531
897
1114
1068
1151
1663
2911
5027
7307
8758
8556
7212
5877
5246
5429
5693
5495
4468
2574
430
-1220
-1774
-1826
-2278
-2967
-3447
-3527
-3599
-3688
-3504
-3314
-3372
-3698
-3606
-2434
-639
944
1858
2512
3101
3442
3891
4567
5219
5295
4668
3999
3642
3595
3323
2426
1106
-545
-2202
-3634
-4704
-5510
-6256
-6473
-5991
-5143
-4395
-3966
-3672
-3531
-3523
-3535
-3319
-2687
-1974
-1430
-1060
-627
-49
356
486
404
312
350
512
770
991
1162
1124
748
116
-573
-1188
-1905
-2719
-3363
-3590
-3377
-3011
-2758
-2669
-2612
-2558
-2509
-2301
-1833
-1254
-809
-549
-404
-347
-303
-111
266
692
1077
1339
1329
1163
1034
911
779
737
896
1074
1154
1107
865
897
1653
3313
5773
8408
9998
9556
7827
6380
5910
6232
6676
6502
5198
3048
822
-814
-1373
-1430
-1873
-2536
-2722
-2488
-2446
-2444
-2332
-2529
-3072
-3495
-3187
-1907
-77
1374
2084
2611
3136
3450
3787
4456
5047
5100
4757
4126
3325
2524
1638
509
-810
-2148
-3658
-5278
-6556
-7228
-7117
-6375
-5452
-4697
-3983
-3121
-2517
-2407
-2616
-2826
-2799
-2578
-2240
-1826
-1300
-913
-873
-964
-922
-606
-169
229
508
671
828
809
510
-1
-716
-1500
-2307
-3170
-3933
-4323
-4318
-4219
-4069
-3775
-3346
-2845
-2388
-1891
-1375
-795
-254
124
547
972
1204
1081
782
586
545
784
1219
1600
1711
1439
1026
642
503
601
713
772
654
548
346
201
689
2062
4667
7879
10389
10991
9667
8002
6962
6923
7599
8027
7375
5355
2786
666
-322
-481
-1064
-2114
-2714
-2612
-2547
-2773
-2746
-2663
-2994
-3611
-3794
-2716
-698
1031
1703
1856
2211
2390
2435
2972
3770
4029
3394
2672
2641
3069
3107
1962
2
-2195
-4178
-5293
-5294
-4779
-4857
-5421
-5624
-5250
-4592
-4284
-4231
-4071
-3916
-3770
-3383
-2455
-1647
-1606
-1966
-2160
-1857
-1303
-772
-407
-208
-94
-97
128
684
1035
708
-36
-702
-1219
-1622
-2032
-2688
-3526
-4279
-4634
-4376
-3687
-2945
-2515
-2311
-2061
-1720
-1117
-374
251
571
726
1025
1306
1423
1192
855
705
674
856
1144
1399
1292
926
640
426
461
629
665
431
118
11
261
1343
3190
5547
8223
10475
11158
10006
8480
7660
7569
8002
8312
7694
5909
3542
1356
-172
-939
-1787
-2984
-3511
-3092
-2748
-3004
-3203
-3268
-3703
-4214
-4130
-3036
-1173
530
1240
1433
2189
3245
3916
4354
4675
4563
3976
3351
2833
2406
2073
1168
-605
-2641
-4224
-5237
-5806
-5868
-5649
-5299
-4884
-4620
-4443
-4179
-3905
-4103
-4597
-4680
-4225
-3466
-2782
-2225
-1846
-1757
-1863
-1963
-1696
-1165
-655
-190
329
964
1376
1367
895
132
-628
-1425
-2143
-2673
-3048
-3367
-3698
-3932
-4045
-3912
-3485
-2973
-2413
-1723
-994
-457
-39
444
844
981
838
606
660
1005
1333
1403
1352
1343
1225
1185
1284
1339
1160
908
922
1100
1259
1104
829
768
1025
1417
1958
3270
5324
7967
10567
12106
11915
10272
8582
7658
7676
8124
7984
6732
4460
1843
-349
-1664
-2430
-3347
-4048
-3859
-3161
-2811
-2910
-3090
-3428
-3920
-4169
-3676
-2201
-430
676
1029
1416
2070
2389
2580
3039
3578
3793
3618
3252
2536
1608
521
-732
-1912
-3024
-4140
-5216
-5976
-6378
-6553
-6346
-5891
-5563
-5374
-5069
-4636
-4513
-4689
-4729
-4433
-3832
-3238
-2740
-2349
-2117
-1976
-1872
-1492
-763
14
534
856
1262
1575
1555
1179
497
-473
-1538
-2444
-3197
-3682
-3855
-3926
-4014
-3920
-3481
-2912
-2255
-1417
-579
130
654
996
1254
1544
1878
2021
1944
1863
1768
1642
1532
1476
1421
1285
1270
1402
1499
1492
1331
1193
1110
1202
1419
1486
1437
1318
1343
1571
2388
4000
6373
9337
11750
12339
10883
8879
7744
7643
8235
8601
7826
5761
3100
807
-708
-1589
-2574
-3803
-4183
-3417
-2573
-2402
-2630
-3031
-3863
-4737
-4892
-3940
-2078
-408
273
359
770
1579
2182
2610
2906
2929
2748
2558
2445
2332
2002
854
-1120
-2996
-4159
-4852
-5444
-5830
-5875
-5699
-5570
-5665
-5730
-5661
-5749
-6109
-6264
-5697
-4747
-3911
-3372
-3097
-2874
-2687
-2457
-2095
-1562
-888
-219
502
1211
1680
1740
1348
523
-475
-1209
-1618
-1918
-2250
-2590
-2954
-3233
-3289
-3131
-2786
-2285
-1743
-1227
-550
200
753
974
1059
1159
1277
1564
1879
2010
1847
1433
997
756
917
1381
1850
2187
2325
2277
1954
1413
957
778
931
1283
1580
1694
1691
1818
2185
2656
3443
4633
6580
9285
11549
11999
10444
8456
7247
6992
7431
7790
7223
5259
2458
-56
-1503
-2053
-2723
-3574
-3675
-2905
-2358
-2682
-3335
-4040
-5043
-6044
-6059
-4498
-2104
-293
332
660
1506
2274
2334
2147
2386
2764
2763
2785
3163
3259
2163
-17
-2182
-3671
-4712
-5639
-6119
-5874
-5377
-5269
-5452
-5529
-5727
-6346
-6998
-6938
-6107
-4977
-3862
-3006
-2539
-2472
-2607
-2679
-2538
-2095
-1409
-534
439
1236
1552
1443
1067
524
-20
-384
-450
-361
-292
-464
-877
-1315
-1678
-1995
-2279
-2302
-1996
-1528
-1026
-428
265
743
814
574
380
443
639
800
958
1268
1640
1836
1763
1565
1360
1225
1112
1005
1123
1480
1806
1820
1668
1543
1465
1490
1681
1981
2123
2126
2159
2528
3625
5189
6884
8527
9671
9608
8182
6700
6111
6219
6581
6701
6143
4671
2686
780
-692
-1680
-2629
-3527
-3641
-2919
-2469
-2983
-3832
-4463
-5093
-5545
-5209
-3957
-2329
-1099
-506
-167
533
1591
2382
2734
2737
2365
1830
1613
1843
1854
1071
-491
-2348
-3661
-4046
-3983
-4172
-4712
-5139
-5224
-5065
-4876
-4910
-5220
-5616
-5769
-5363
-4347
-3241
-2741
-2961
-3425
-3633
-3442
-2930
-2235
-1428
-560
289
1049
1634
1896
1629
978
490
507
924
1364
1475
1121
445
-304
-986
-1493
-1668
-1601
-1490
-1270
-797
-179
266
343
67
-258
-241
127
514
677
633
466
286
274
534
884
1158
1301
1409
1595
1819
1875
1693
1539
1596
1826
2080
2400
2735
2736
2276
1584
1080
1035
1328
1976
3071
4853
7088
8556
8599
7506
6241
5517
5331
5691
5998
5545
4078
2042
478
-470
-1381
-2563
-3449
-3332
-2740
-2514
-2700
-3001
-3437
-4136
-4584
-4137
-2965
-1778
-1117
-922
-812
-727
-570
-131
540
1046
1109
1118
1328
1475
1313
765
-139
-1389
-2551
-2923
-2625
-2514
-3037
-3637
-3734
-3577
-3671
-4021
-4319
-4475
-4588
-4519
-3833
-2732
-2091
-2284
-2764
-2883
-2656
-2323
-1803
-1080
-318
489
1249
1851
2246
2292
2014
1644
1564
1831
2097
2128
1726
964
184
-400
-798
-1134
-1314
-1269
-1132
-969
-790
-712
-846
-1092
-1291
-1268
-944
-542
-243
-1
268
468
453
355
359
521
757
983
1353
1855
2252
2337
2154
2029
1848
1495
1151
919
878
797
730
849
984
1039
834
795
1333
2265
3565
4751
5420
5298
4458
3845
3719
3940
4120
3751
3042
1970
827
52
-502
-809
-1164
-1383
-1106
-756
-589
-897
-1507
-2151
-2929
-3300
-3055
-2385
-1712
-1478
-1158
-583
-50
118
-231
-465
-387
-41
553
1018
1197
694
-319
-1120
-1576
-1778
-2099
-2444
-2446
-2239
-1914
-1741
-1773
-1950
-2408
-2774
-2757
-2416
-2065
-2040
-2093
-2064
-1993
-1851
-1716
-1517
-1291
-1033
-589
41
724
1152
1285
1318
1335
1370
1416
1465
1383
1080
715
368
71
-216
-569
-882
-1016
-912
-688
-495
-361
-375
-499
-571
-529
-401
-278
-144
14
166
348
470
487
461
427
411
465
654
897
1065
1165
1200
1132
943
663
408
220
101
51
66
237
444
497
431
376
459
539
542
581
712
1021
1414
1760
2042
2189
2191
2026
1757
1551
1451
1506
1610
1592
1445
1224
1069
973
932
924
846
729
571
425
366
327
253
69
-208
-437
-554
-577
-674
-872
-1044
-1123
-1075
-1020
-966
-871
-825
-864
-1024
-1165
-1211
-1227
-1161
-1032
-904
-899
-1000
-1032
-986
-914
-876
-857
-802
-737
-680
-633
-561
-495
-529
-606
-653
-659
-661
-659
-568
-416
-297
-298
-393
-444
-444
-439
-453
-474
-496
-537
-547
-531
-482
-398
-366
-370
-350
-273
-174
-111
-68
-57
-20
66
101
66
-3
-118
-325
-559
-635
-560
-445
-332
-244
-167
-121
-155
-243
-288
-228
-152
-117
-54
48
129
155
181
233
277
330
397
511
671
813
909
942
935
906
872
878
912
936
942
980
1078
1155
1194
1244
1293
1356
1480
1657
1783
1808
1739
1609
1446
1340
1347
1416
1461
1419
1285
1120
957
768
575
444
376
302
203
111
-11
-198
-408
-584
-697
-790
-914
-1017
-1046
-1009
-975
-967
-962
-1009
-1136
-1280
-1346
-1294
-1192
-1093
-1008
-922
-810
-709
-605
-504
-454
-453
-468
-427
-329
-215
-138
-129
-141
-131
-121
-126
-178
-277
-373
-415
-389
-336
-285
-264
-314
-408
-514
-589
-617
-656
-725
-788
-816
-819
-833
-851
-871
-913
-959
-980
-966
-936
-917
-883
-794
-653
-510
-410
-339
-281
-240
-188
-84
52
158
211
262
381
543
687
765
789
798
778
726
667
621
578
538
529
545
563
534
452
370
312
271
232
224
282
392
521
651
788
917
976
984
1018
1124
1270
1382
1437
1462
1473
1472
1454
1447
1460
1443
1372
1299
1280
1286
1246
1133
981
826
667
498
339
200
63
-88
-239
-373
-526
-719
-938
-1116
-1188
-1178
-1152
-1160
-1192
-1218
-1226
-1201
-1150
-1086
-1013
-947
-866
-741
-570
-395
-265
-176
-115
-69
-39
-20
-5
10
16
-2
-38
-70
-111
-184
-273
-350
-414
-485
-582
-678
-733
-735
-710
-695
-701
-735
-790
-852
-905
-929
-939
-946
-955
-940
-896
-851
-823
-823
-819
-787
-732
-660
-559
-424
-294
-177
-65
41
132
208
285
365
451
545
610
641
650
619
537
452
407
381
355
342
347
375
397
365
289
229
211
204
205
230
262
281
296
354
465
596
710
796
901
1046
1193
1324
1448
1563
1620
1601
1558
1532
1540
1548
1528
1503
1463
1394
1298
1200
1123
1047
962
858
716
544
364
180
-16
-211
-383
-537
-672
-791
-888
-934
-939
-937
-944
-949
-952
-949
-928
-896
-835
-737
-646
-581
-546
-539
-544
-543
-519
-476
-417
-374
-369
-374
-391
-438
-504
-585
-687
-804
-895
-942
-985
-1061
-1164
-1268
-1342
-1376
-1384
-1378
-1359
-1379
-1465
-1567
-1621
-1615
-1606
-1601
-1585
-1565
-1542
-1509
-1478
-1442
-1364
-1255
-1130
-953
-729
-489
-286
-132
2
117
219
278
308
354
422
500
571
643
708
704
648
598
599
643
669
684
681
657
630
614
643
714
805
890
978
1104
1244
1370
1466
1524
1594
1716
1902
2143
2429
2737
2962
3047
3020
2946
2898
2927
3049
3197
3283
3266
3170
3059
2921
2717
2473
2245
2065
1903
1736
1553
1361
1154
892
610
343
78
-194
-455
-633
-722
-789
-873
-1015
-1204
-1420
-1620
-1754
-1787
-1738
-1700
-1711
-1735
-1749
-1756
-1774
-1816
-1894
-1975
-2012
-2004
-1978
-1956
-1979
-2060
-2139
-2157
-2151
-2169
-2220
-2279
-2315
-2335
-2340
-2326
-2299
-2272
-2252
-2251
-2265
-2264
-2254
-2247
-2189
-2077
-1962
-1874
-1806
-1734
-1652
-1563
-1447
-1297
-1115
-919
-766
-661
-556
-435
-373
-358
-316
-259
-200
-137
-90
-81
-103
-126
-145
-135
-97
-79
-61
14
171
379
577
783
987
1152
1317
1492
1673
1867
2062
2265
2461
2656
2830
2942
3006
3028
3050
3101
3165
3227
3249
3225
3183
3140
3129
3151
3203
3249
3250
3203
3110
3022
2969
2938
2930
2933
2911
2836
2732
2649
2575
2499
2469
2459
2421
2357
2239
2063
1852
1571
1230
851
472
97
-290
-635
-933
-1217
-1484
-1735
-1978
-2234
-2484
-2697
-2853
-2953
-3072
-3242
-3408
-3536
-3639
-3731
-3780
-3770
-3724
-3661
-3605
-3527
-3442
-3407
-3388
-3339
-3264
-3164
-3042
-2927
-2857
-2858
-2906
-2958
-2985
-2949
-2838
-2669
-2470
-2268
-2085
-1947
-1861
-1822
-1780
-1648
-1453
-1289
-1166
-1083
-1074
-1159
-1301
-1438
-1501
-1472
-1398
-1282
-1110
-959
-901
-895
-871
-807
-716
-605
-461
-241
79
407
694
943
1132
1290
1497
1795
2116
2436
2767
3040
3215
3295
3315
3322
3365
3432
3494
3585
3721
3851
3922
3927
3888
3808
3717
3651
3631
3655
3660
3595
3487
3366
3213
3039
2915
2888
2914
2944
2942
2889
2871
2942
3049
3154
3215
3189
3086
2930
2766
2619
2476
2261
1913
1561
1324
1159
954
697
425
93
-291
-695
-1112
-1466
-1770
-2085
-2412
-2719
-2995
-3301
-3645
-3942
-4165
-4334
-4483
-4605
-4629
-4564
-4465
-4393
-4343
-4304
-4342
-4420
-4434
-4328
-4168
-4037
-3922
-3797
-3649
-3487
-3326
-3172
-3049
-2949
-2821
-2637
-2443
-2283
-2167
-2087
-2009
-1900
-1767
-1663
-1612
-1575
-1549
-1520
-1458
-1359
-1250
-1165
-1131
-1113
-1054
-985
-979
-1000
-1000
-969
-907
-795
-631
-444
-259
-119
-6
151
381
653
918
1173
1459
1750
2001
2241
2480
2693
2859
2980
3109
3293
3519
3741
3922
4081
4204
4268
4292
4282
4251
4200
4108
4000
3875
3750
3648
3551
3452
3335
3208
3080
2933
2779
2627
2500
2441
2462
2553
2665
2759
2789
2740
2657
2580
2550
2579
2595
2562
2505
2415
2296
2153
1991
1783
1529
1267
1002
734
490
252
-28
-393
-845
-1317
-1764
-2151
-2474
-2767
-3042
-3312
-3593
-3867
-4097
-4267
-4431
-4593
-4697
-4721
-4698
-4687
-4683
-4670
-4652
-4628
-4630
-4621
-4546
-4434
-4308
-4162
-3997
-3800
-3595
-3408
-3227
-3013
-2798
-2624
-2448
-2278
-2132
-1969
-1814
-1682
-1562
-1474
-1424
-1388
-1333
-1252
-1158
-1063
-989
-937
-905
-878
-851
-855
-873
-881
-870
-821
-719
-537
-307
-107
55
201
367
547
759
1033
1336
1646
1957
2255
2513
2702
2824
2917
3040
3220
3448
3725
4018
4280
4463
4553
4574
4521
4410
4290
4208
4156
4090
4003
3895
3756
3589
3362
3083
2810
2604
2485
2423
2392
2346
2247
2092
1925
1815
1767
1749
1733
1709
1710
1760
1842
1914
1972
1986
1922
1843
1789
1752
1696
1574
1367
1077
756
440
117
-206
-544
-878
-1164
-1413
-1652
-1906
-2196
-2525
-2847
-3137
-3396
-3599
-3758
-3937
-4160
-4390
-4587
-4748
-4874
-4960
-4967
-4888
-4777
-4655
-4522
-4370
-4184
-4011
-3879
-3733
-3534
-3294
-3018
-2712
-2410
-2165
-2004
-1908
-1816
-1690
-1541
-1385
-1243
-1109
-985
-878
-793
-732
-688
-656
-626
-570
-471
-343
-229
-163
-141
-134
-124
-111
-92
-42
41
128
227
337
446
565
697
836
984
1127
1287
1481
1699
1929
2141
2320
2468
2577
2675
2780
2881
2973
3058
3113
3135
3146
3142
3103
3048
2995
2937
2845
2707
2560
2452
2381
2311
2213
2099
1968
1833
1714
1624
1572
1530
1483
1442
1409
1389
1366
1327
1286
1243
1212
1199
1195
1184
1164
1135
1068
953
814
674
550
431
301
146
-22
-188
-345
-496
-664
-833
-992
-1147
-1290
-1420
-1552
-1690
-1826
-1951
-2082
-2220
-2344
-2424
-2501
-2611
-2720
-2827
-2936
-3024
-3074
-3061
-3011
-2966
-2952
-2967
-2976
-2980
-2985
-2959
-2875
-2734
-2560
-2374
-2181
-1992
-1821
-1674
-1538
-1379
-1206
-1018
-814
-602
-393
-213
-85
-24
-10
11
34
54
96
155
202
221
227
222
179
130
91
73
121
215
301
365
425
494
573
669
772
890
999
1070
1141
1236
1330
1419
1489
1531
1559
1593
1632
1667
1704
1734
1745
1745
1763
1809
1854
1892
1931
1957
1965
1964
1961
1951
1940
1933
1917
1899
1872
1837
1800
1746
1666
1554
1402
1245
1118
1036
973
899
818
722
616
521
435
362
299
244
194
148
105
59
16
-26
-54
-70
-101
-157
-211
-270
-348
-435
-522
-608
-704
-806
-906
-1003
-1107
-1241
-1393
-1542
-1675
-1800
-1917
-1996
-2030
-2055
-2090
-2131
-2172
-2219
-2262
-2280
-2274
-2249
-2202
-2127
-2044
-1957
-1874
-1791
-1708
-1626
-1535
-1416
-1274
-1131
-996
-865
-734
-621
-532
-448
-358
-263
-180
-116
-57
-7
28
55
80
104
117
121
124
144
176
201
215
228
247
280
320
361
406
450
492
543
611
665
703
732
763
803
846
889
932
982
1040
1089
1139
1188
1229
1272
1325
1393
1465
1542
1609
1665
1713
1740
1743
1727
1702
1676
1638
1591
1532
1465
1383
1288
1191
1090
986
894
806
714
638
574
506
439
383
336
287
235
179
143
135
117
91
58
18
-16
-58
-103
-139
-168
-207
-258
-314
-378
-462
-549
-631
-711
-788
-863
-929
-993
-1063
-1120
-1172
-1230
-1281
-1311
-1322
-1336
-1362
-1391
-1414
-1434
-1447
-1451
-1447
-1439
-1436
-1433
-1414
-1378
-1344
-1320
-1293
-1260
-1215
-1146
-1063
-982
-906
-826
-747
-678
-608
-539
-473
-407
-339
-273
-208
-149
-78
-4
57
105
145
183
206
229
264
293
302
299
301
311
324
328
322
318
314
315
328
356
396
430
458
495
535
566
596
623
652
694
752
822
893
951
998
1047
1092
1128
1160
1190
1213
1228
1228
1210
1182
1147
1100
1047
1005
969
926
888
855
817
773
726
680
638
597
553
506
453
393
335
298
270
234
188
146
113
72
33
3
-30
-77
-134
-185
-218
-250
-286
-316
-348
-387
-427
-467
-499
-522
-549
-579
-609
-634
-659
-693
-734
-775
-811
-851
-894
-931
-958
-986
-1010
-1023
-1028
-1027
-1024
-1026
-1018
-1000
-983
-963
-935
-904
-872
-837
-798
-751
-699
-651
-610
-570
-530
-493
-459
-425
-387
-349
-309
-267
-221
-178
-138
-103
-69
-33
8
51
92
127
157
186
206
217
227
240
255
270
291
313
327
333
333
337
348
359
376
402
432
458
478
492
505
518
531
542
554
565
582
609
643
676
705
723
731
733
738
745
751
760
765
754
735
717
697
675
651
622
588
555
525
499
471
440
406
361
316
283
253
213
171
134
101
71
41
13
-17
-53
-87
-115
-144
-169
-192
-219
-251
-277
-297
-324
-358
-388
-416
-443
-472
-496
-511
-523
-541
-562
-580
-596
-609
-626
-638
-646
-659
-679
-692
-691
-686
-679
-671
-664
-655
-649
-640
-625
-611
-598
-585
-568
-547
-521
-490
-458
-427
-398
-366
-331
-294
-256
-213
-167
-123
-73
-26
13
46
71
92
115
139
162
183
201
215
223
229
234
238
239
238
240
247
254
260
265
266
266
264
267
275
287
302
317
334
352
370
384
394
404
414
423
430
443
460
473
484
489
492
495
493
486
481
476
465
448
429
408
386
365
345
327
311
295
280
264
244
217
190
164
140
118
99
77
52
29
10
-9
-30
-52
-74
-95
-113
-130
-141
-152
-166
-181
-198
-214
-234
-255
-275
-291
-303
-319
-329
-332
-339
-348
-355
-360
-370
-384
-397
-405
-412
-420
-425
-430
-435
-441
-450
-454
-456
-449
-440
-431
-414
-395
-381
-367
-350
-327
-302
-277
-250
-225
-198
-168
-139
-114
-93
-68
-46
-23
3
26
44
60
69
78
90
99
112
123
130
139
153
163
166
171
172
171
172
175
182
193
200
208
216
224
229
232
234
239
245
255
265
275
277
274
269
269
270
272
277
284
287
288
290
294
294
289
283
275
269
259
246
238
232
222
211
198
181
164
149
133
117
104
93
81
68
55
45
34
14
-7
-23
-36
-49
-60
-71
-84
-98
-113
-127
-139
-153
-166
-179
-189
-194
-196
-202
-212
-223
-232
-241
-248
-256
-262
-267
-270
-271
-269
-270
-274
-277
-279
-280
-276
-269
-261
-254
-251
-243
-233
-226
-220
-213
-203
-190
-181
-170
-156
-142
-132
-124
-115
-105
-95
-80
-63
-45
-28
-13
1
16
30
46
65
77
87
99
113
124
133
140
146
149
148
153
157
160
159
158
154
152
152
150
145
139
136
136
139
142
144
144
144
145
150
155
158
162
163
166
169
172
174
172
169
164
165
167
166
165
166
164
157
151
145
136
128
117
108
101
93
84
77
66
59
52
42
29
21
15
8
-2
-13
-27
-43
-59
-72
-84
-97
-110
-120
-130
-141
-148
-157
-168
-177
-184
-190
-191
-192
-194
-194
-192
-192
-194
-194
-194
-193
-192
-186
-177
-171
-167
-165
-165
-164
-161
-158
-158
-156
-151
-143
-136
-128
-122
-117
-113
-109
-101
-95
-85
-76
-68
-61
-52
-41
-30
-20
-9
-1
13
27
40
53
64
73
81
89
96
103
110
114
119
125
129
131
132
132
131
132
130
128
128
126
122
117
116
114
110
105
103
102
98
94
92
89
87
85
85
85
83
84
85
86
86
86
87
87
87
89
89
93
94
93
92
90
84
79
75
72
70
67
61
55
47
37
28
19
10
2
-4
-8
-14
-22
-28
-35
-42
-52
-60
-67
-74
-81
-85
-88
-95
-102
-107
-112
-115
-118
-119
-120
-122
-122
-123
-121
-119
-116
-115
-116
-117
-115
-113
-110
-107
-104
-101
-100
-100
-98
-95
-96
-95
-95
-95
-93
-91
-90
-86
-84
-81
-76
-71
-68
-65
-59
-53
-48
-41
-33
-24
-17
-9
1
11
21
30
39
46
50
57
61
64
69
75
77
79
83
86
84
85
85
83
84
88
90
90
91
90
89
88
86
84
82
81
80
80
80
81
80
76
74
74
72
70
68
66
67
62
60
58
57
55
52
49
47
44
43
41
39
37
35
32
31
29
26
23
20
15
12
9
5
1
-3
-9
-13
-16
-21
-27
-34
-40
-43
-47
-50
-51
-53
-57
-59
-60
-60
-63
-65
-66
-66
-66
-63
-61
-62
-64
-62
-60
-59
-59
-57
-58
-59
-58
-57
-55
-56
-57
-58
-59
-59
-58
-58
-58
-59
-58
-58
-54
-52
-48
-46
-44
-44
-42
-38
-34
-31
-26
-22
-18
-14
-10
-8
-5
-1
0
5
11
14
19
23
27
29
32
34
37
39
41
43
47
49
52
54
58
59
59
59
57
