-13
-15
-15
-13
-13
-15
-16
-22
-26
-30
-30
-30
-29
-28
-28
-26
-25
-24
-23
-26
-27
-27
-31
-37
-48
-58
-68
-71
-66
-51
-31
-13
-1
2
-1
-8
-15
-24
-36
-48
-58
-57
-51
-27
10
44
82
112
144
182
220
254
293
362
466
609
772
922
1034
1075
1034
940
802
630
432
187
-84
-357
-608
-805
-915
-920
-819
-650
-457
-253
-58
116
246
316
351
345
282
182
54
-73
-179
-268
-330
-363
-375
-387
-413
-452
-486
-507
-491
-429
-363
-296
-263
-295
-381
-521
-683
-830
-976
-1101
-1202
-1275
-1274
-1214
-1068
-827
-546
-249
10
190
278
303
261
168
38
-134
-299
-452
-589
-673
-690
-625
-492
-313
-103
89
233
292
262
183
72
-24
-90
-150
-193
-201
-143
70
531
1333
2500
3819
4958
5676
5873
5593
4968
4128
3227
2306
1273
85
-1190
-2348
-3203
-3648
-3657
-3264
-2549
-1736
-1048
-582
-316
-152
-54
-47
-66
-27
78
207
338
528
830
1248
1658
1966
2121
2028
1676
1128
532
-10
-493
-922
-1346
-1755
-2105
-2353
-2509
-2590
-2607
-2545
-2357
-2081
-1717
-1281
-813
-315
120
403
521
468
274
3
-357
-744
-1081
-1333
-1442
-1392
-1183
-867
-483
-75
309
639
835
843
626
241
-219
-689
-1075
-1358
-1519
-1514
-1365
-1060
-649
-194
285
722
1069
1291
1373
1306
1074
713
275
-172
-572
-929
-1182
-1345
-1521
-1623
-1386
-434
1430
3946
6463
8290
9067
8756
7633
6107
4573
3190
1789
117
-1871
-3854
-5450
-6381
-6476
-5675
-4166
-2445
-1085
-357
-111
-167
-437
-848
-1216
-1288
-1027
-629
-187
384
1207
2235
3270
4130
4596
4523
3818
2529
991
-407
-1410
-1921
-2036
-1978
-1903
-1962
-2154
-2332
-2419
-2362
-2170
-1940
-1756
-1578
-1316
-871
-239
435
1018
1379
1459
1256
820
251
-341
-825
-1117
-1242
-1160
-841
-385
124
595
972
1233
1307
1066
477
-348
-1273
-2114
-2693
-2896
-2702
-2185
-1451
-608
275
1099
1762
2235
2438
2314
1866
1110
160
-810
-1712
-2444
-2894
-3070
-3007
-2812
-2591
-2339
-2079
-2009
-2150
-2086
-1106
1219
4486
7702
9958
10819
10216
8550
6577
4930
3710
2481
728
-1576
-3919
-5812
-7005
-7311
-6512
-4723
-2689
-1332
-904
-943
-1003
-1074
-1337
-1534
-1229
-423
481
1172
1843
2841
4090
5192
5903
6091
5594
4248
2144
-124
-1886
-2887
-3271
-3262
-3024
-2664
-2364
-2334
-2438
-2415
-2029
-1273
-411
398
1131
1687
2104
2553
2955
3167
3105
2660
1796
620
-734
-2005
-2885
-3294
-3205
-2669
-1869
-971
-118
558
996
1165
988
335
-751
-2067
-3351
-4315
-4797
-4705
-4065
-2963
-1584
-205
982
1888
2549
2988
3105
2803
2119
1144
51
-1036
-2105
-3033
-3722
-4171
-4405
-4410
-4268
-4097
-3806
-3339
-2857
-2606
-2547
-1972
259
4452
9387
13463
15618
15498
13529
10589
7640
5459
3871
1932
-835
-3994
-6734
-8612
-9590
-9418
-7798
-5290
-3203
-2349
-2341
-2319
-1971
-1674
-1511
-807
807
2753
4260
5295
6351
7654
8784
9163
8786
7810
6011
3258
65
-2681
-4347
-4870
-4612
-3951
-3112
-2266
-1728
-1685
-1936
-2233
-2343
-2256
-1989
-1540
-1003
-306
576
1428
1977
2080
1669
884
-101
-1291
-2517
-3488
-4116
-4350
-4119
-3548
-2661
-1610
-709
-104
138
38
-398
-1186
-2169
-3059
-3576
-3514
-2873
-1863
-695
557
1760
2734
3399
3749
3708
3255
2480
1501
435
-599
-1462
-2115
-2501
-2774
-3012
-3068
-2982
-2992
-3142
-3238
-3339
-3596
-4042
-4380
-3007
1426
7746
13665
17419
18228
16286
12729
8911
6162
4796
3634
1231
-2432
-6028
-8605
-10029
-10328
-8964
-6195
-3672
-2927
-3821
-4673
-4321
-3420
-2754
-1751
436
3330
5602
6648
7083
7855
8808
8950
8082
6719
4919
2237
-1098
-3967
-5521
-5574
-4626
-3500
-2555
-1782
-1457
-1859
-2714
-3519
-3962
-3899
-3382
-2668
-1975
-1175
-35
1278
2404
3112
3194
2736
1871
489
-1049
-2160
-2764
-2953
-2783
-2423
-1977
-1516
-1157
-1101
-1352
-1649
-1941
-2359
-2884
-3302
-3375
-2796
-1512
31
1490
2804
3876
4509
4594
4221
3661
3060
2240
1136
116
-692
-1414
-2095
-2640
-3120
-3700
-4231
-4416
-4304
-4150
-4147
-4236
-2413
2482
8662
13708
16371
16088
13299
9525
6005
4017
3572
3077
1079
-2082
-5237
-7577
-9095
-9575
-8265
-5584
-3432
-3338
-4675
-5515
-4960
-3895
-3074
-1842
290
2557
4019
4440
4659
5609
6792
7106
6614
5853
4631
2523
-50
-2250
-3483
-3563
-2948
-2323
-1993
-1905
-2212
-2969
-3707
-4080
-4103
-3550
-2494
-1572
-930
-51
1176
2385
3363
3768
3397
2627
1593
225
-971
-1494
-1389
-967
-603
-363
-291
-511
-985
-1657
-2374
-2807
-2926
-3006
-3064
-3215
-3360
-2975
-2098
-1135
-25
1175
2200
2897
3206
3231
3269
3452
3342
3038
2660
1746
287
-1237
-2489
-3529
-4211
-4529
-4627
-4846
-5105
-5665
-5637
-2169
4517
11339
15923
17397
15048
10390
5817
3012
2681
3586
3555
1438
-1832
-5083
-7713
-9604
-9775
-7816
-5183
-4173
-5274
-6405
-5812
-4021
-2453
-1133
577
2486
3862
4080
3417
3232
4194
5303
5894
6265
6315
5459
3607
1461
-432
-1459
-1386
-916
-767
-892
-1409
-2560
-3753
-4640
-5247
-5112
-4056
-2884
-1957
-893
544
2026
3079
3636
3600
2953
1937
754
-525
-1467
-1680
-1594
-1499
-1149
-824
-896
-1148
-1550
-2065
-2429
-2620
-2661
-2612
-2719
-2921
-2842
-2549
-2277
-1881
-1264
-464
377
992
1670
2524
3321
3737
3580
3068
2219
1240
233
-532
-1168
-1746
-1840
-1354
-936
-1079
-2090
-4107
-4209
-799
3898
7640
10018
9973
7282
3929
1597
1434
3065
4680
4468
2446
-432
-3237
-5731
-6950
-5741
-3231
-1966
-3050
-4908
-5568
-4822
-3961
-3382
-2066
56
1874
2645
2522
2617
3791
5282
6099
6579
6924
6446
4820
2855
1152
-21
-341
-53
105
-45
-564
-1996
-4032
-5750
-6763
-6897
-5635
-3488
-1510
78
1544
2786
3396
3465
3008
2206
1501
804
-73
-837
-1049
-982
-1106
-1342
-1599
-2013
-2562
-3077
-3503
-3602
-3057
-2111
-1304
-923
-926
-1199
-1653
-2346
-3098
-3316
-2825
-1796
-548
542
1418
2277
2830
2857
2819
2612
1937
1186
563
-122
-819
-1485
-2051
-2356
-2662
-3371
-4453
-3329
1736
8315
13025
14599
12845
8056
2744
-553
-495
2010
4154
3681
843
-2813
-6103
-8478
-9185
-7266
-3616
-1077
-1476
-3057
-3283
-2121
-1319
-1271
-841
161
948
1204
1314
2135
4047
5841
6378
6272
5885
4766
3011
1427
709
837
1563
2358
2599
2042
624
-1871
-4869
-7090
-8394
-8665
-7057
-4161
-1597
440
2236
3285
3527
3328
2597
1583
906
591
337
47
-65
-232
-1097
-2477
-3645
-4447
-4920
-4767
-3971
-2933
-1864
-1006
-706
-1127
-1940
-2566
-2730
-2531
-2210
-1684
-1069
-454
147
613
863
1075
1204
1071
886
906
1121
1548
2237
2485
2148
1458
582
-625
-1930
-3453
-3896
-335
6321
12358
14867
13613
9175
3874
349
-36
2734
5640
4951
419
-4777
-8540
-10412
-10370
-8101
-4260
-995
-697
-2924
-4152
-2513
-57
734
544
740
919
575
250
961
3019
5267
5918
4754
3276
1767
-122
-1294
-876
490
2042
3368
3664
2795
1378
-525
-2922
-5064
-6377
-7046
-6746
-4902
-2511
-934
60
862
1046
766
633
744
1198
2065
2836
3053
2817
2106
627
-1309
-3069
-4378
-5014
-4809
-3900
-2785
-1799
-1105
-962
-1411
-2288
-3237
-3620
-2914
-1667
-615
224
958
1356
1376
1347
1453
1566
1532
1551
1553
1736
2021
2184
2159
1718
837
-411
-1123
-1474
-1835
-2830
-2521
1818
8068
12414
12931
10369
5538
857
-1509
-426
4053
8552
8589
3930
-2103
-7424
-11359
-12843
-10241
-4531
634
1301
-1830
-4507
-4754
-4332
-4690
-4102
-1587
1252
2626
2663
2910
4208
5392
4845
3198
2011
1273
333
106
1353
3148
4576
4763
3274
730
-1729
-3968
-5887
-6495
-5994
-5284
-4126
-2401
-1319
-1569
-2153
-2246
-2008
-1183
157
1488
2708
3686
3632
2184
551
-601
-1457
-1955
-2026
-1795
-1502
-1057
-554
-491
-714
-1049
-1708
-2504
-3010
-3078
-2771
-1722
-418
199
91
-434
-955
-1314
-1133
-355
714
1755
2346
2406
2015
1877
2077
2359
3031
3930
3981
2694
754
-1433
-2303
245
5160
8987
9901
7862
3536
-607
-1884
38
3872
7597
8205
4446
-1395
-6390
-9241
-9342
-6432
-1818
1849
2040
-1321
-5503
-7899
-8218
-7336
-5171
-1807
1381
2889
2602
2001
2278
3154
3583
3362
3186
3022
2347
1312
1062
1916
2595
2435
1478
-21
-1607
-2727
-3406
-3923
-3783
-3110
-2598
-2159
-1671
-1576
-1818
-1538
-554
486
1423
2053
2157
2060
1777
1028
180
-233
-547
-1076
-1573
-2066
-2547
-2678
-2430
-2048
-1529
-796
-313
-611
-1245
-1777
-2267
-2359
-1821
-1168
-901
-689
-313
-36
353
882
1170
1379
1335
927
569
417
661
1277
2019
2308
2233
2013
1147
226
-927
-1037
1655
5529
7722
7073
4680
1087
-1597
-1592
746
4353
7043
6148
1931
-2596
-5319
-6273
-5792
-3435
-115
2194
1355
-1883
-4633
-5482
-5187
-4811
-3585
-1205
913
1492
768
-8
-57
434
963
1619
2813
3957
3807
2849
2379
2664
3011
2945
2468
1370
45
-1224
-2191
-2512
-2392
-2396
-2625
-2756
-2851
-2996
-2832
-2131
-1095
-17
649
805
739
868
1046
948
881
1016
914
409
-95
-654
-1358
-1808
-1859
-1828
-1684
-1328
-1170
-1409
-1806
-2138
-2356
-2114
-1456
-1001
-980
-1020
-1014
-1164
-1059
-575
62
805
1464
1641
1473
1531
1684
1747
1866
1890
1655
1268
950
660
226
924
3315
5966
7051
5987
3531
492
-1321
-929
1492
4478
5634
3609
-560
-4200
-5772
-5454
-3725
-979
1549
2136
-70
-3399
-5424
-5339
-4151
-2801
-1024
700
1401
923
58
-366
-144
554
1380
2411
3518
3882
3236
2333
1775
1711
1947
2201
2370
2319
1821
459
-1351
-2932
-4117
-4751
-4541
-3493
-2508
-2070
-1859
-1838
-1956
-1704
-1031
-409
160
879
1266
1000
557
95
-374
-560
-451
-360
-405
-451
-610
-935
-1251
-1440
-1644
-1858
-1958
-1962
-1810
-1519
-1256
-1327
-1611
-1826
-1997
-1933
-1455
-610
213
832
1121
979
757
1113
1974
2666
3135
3026
2487
1560
865
264
34
2007
5481
8097
7699
5154
2046
-187
-36
2431
5956
8207
6843
1767
-3947
-7109
-7091
-5345
-2479
707
2437
1062
-3001
-6636
-7503
-5938
-4102
-2716
-1129
54
-221
-1465
-2063
-1359
173
1828
3353
4749
5700
5099
3042
1541
1440
2196
3078
3892
3965
3038
1525
-621
-2635
-3577
-3582
-3374
-2721
-1857
-1942
-2871
-3481
-3558
-3223
-2192
-1020
-201
458
867
558
-164
-633
-924
-969
-476
173
553
801
1001
813
353
64
-218
-418
-402
-559
-1007
-1275
-1256
-1640
-2320
-2745
-2816
-2606
-2240
-1726
-1177
-609
-155
35
190
478
1020
1700
2139
2363
2242
1822
1258
755
601
568
1661
3819
5656
5851
4308
2254
576
626
2398
4828
6368
5376
1744
-2479
-4916
-4870
-3271
-1061
917
1455
-76
-3291
-6040
-6498
-4911
-2906
-1590
-733
-392
-989
-2066
-2612
-2154
-946
475
1691
2575
3148
2921
1861
1270
1839
2881
3814
4477
4417
3431
1964
403
-805
-1017
-655
-598
-740
-859
-1453
-2402
-2863
-2756
-2379
-1742
-1220
-1207
-1301
-1299
-1483
-1724
-1610
-1298
-880
-245
299
565
686
782
687
550
645
721
738
705
497
42
-348
-556
-1009
-1629
-2042
-2175
-2137
-1899
-1554
-1207
-945
-708
-569
-482
-161
220
643
1041
1419
1663
1629
1446
1149
756
276
-251
-47
1545
3691
4969
4505
2998
1261
316
940
2648
4313
4490
2616
-451
-2782
-3046
-1769
-185
1032
1278
193
-2107
-4333
-4974
-3965
-2389
-1463
-1241
-1378
-1703
-2160
-2687
-2838
-2252
-1081
220
1297
1992
2198
1772
1225
1308
2120
3277
4236
4566
3856
2395
1044
466
711
1067
977
457
-348
-1250
-1942
-2220
-2015
-1525
-1148
-1216
-1598
-1858
-2009
-2229
-2452
-2309
-1755
-1261
-943
-616
-336
-204
-43
245
522
792
1138
1303
1154
965
800
536
224
-47
-346
-617
-681
-565
-496
-614
-929
-1229
-1268
-1057
-571
-6
408
558
463
302
175
173
224
151
-36
-282
-502
-536
-290
682
2071
3009
2831
1612
339
-300
208
1614
3157
3850
3053
1234
-406
-962
-478
347
867
960
452
-714
-2130
-2845
-2472
-1774
-1442
-1453
-1546
-1851
-2410
-2941
-3075
-2564
-1531
-499
252
863
1006
599
136
432
1570
2915
3945
4084
3402
2328
1502
1306
1704
2243
2238
1662
916
196
-452
-797
-850
-801
-810
-991
-1473
-2061
-2443
-2738
-2933
-2796
-2343
-1992
-1792
-1570
-1431
-1293
-933
-314
299
795
1077
994
746
652
732
797
881
979
876
548
280
93
-111
-247
-347
-332
-142
201
366
328
313
98
-164
-381
-631
-931
-1122
-1095
-1040
-905
-745
-875
-1084
-1077
-710
319
1500
2059
1544
615
281
867
2349
4023
5030
4666
2904
829
-147
340
1552
2341
2382
1881
718
-892
-2279
-2598
-2135
-1784
-1946
-2471
-2855
-3182
-3842
-4557
-4580
-3607
-2270
-1299
-696
-553
-722
-868
-451
913
2603
4017
4535
4212
3654
3310
3504
3948
4275
4176
3524
2781
2235
1620
925
245
-425
-1103
-1765
-2372
-3021
-3467
-3754
-4116
-4211
-3841
-3417
-3278
-3300
-3314
-3219
-2817
-2015
-1258
-687
-102
312
433
531
875
1232
1455
1648
1666
1430
1316
1475
1734
2032
2309
2362
2093
1712
1175
594
209
-38
-272
-591
-848
-1178
-1560
-1669
-1767
-1975
-2261
-2621
-2865
-2910
-2605
-2077
-1287
240
1644
1981
1370
584
554
1364
2886
4408
5096
4631
3056
1387
966
1823
2933
3499
3403
2735
1406
-254
-1596
-2034
-1628
-1268
-1496
-1971
-2288
-2731
-3543
-4145
-4022
-3177
-2128
-1385
-986
-1022
-1235
-1244
-681
553
1824
2722
3013
2814
2624
2773
3287
3812
3847
3455
2918
2371
1935
1396
741
154
-121
-271
-675
-1126
-1449
-1966
-2713
-3219
-3445
-3566
-3658
-3635
-3518
-3291
-2850
-2312
-1804
-1390
-1175
-1160
-1049
-785
-383
107
558
984
1269
1421
1516
1657
1855
1925
1861
1792
1778
1664
1344
963
727
598
526
533
369
-133
-736
-1235
-1705
-1991
-1990
-1914
-1954
-2066
-2153
-2184
-1908
-1281
-642
40
738
1013
734
259
237
804
1777
2780
3276
3156
2562
1806
1492
1858
2423
2585
2245
1773
1266
743
253
-69
-116
-82
-258
-662
-1015
-1252
-1540
-1834
-1881
-1591
-1187
-1046
-1184
-1494
-1646
-1377
-688
283
1004
1260
1137
943
954
1179
1513
1708
1635
1419
1269
1226
1208
1017
632
221
-15
-90
-283
-650
-1042
-1400
-1728
-1898
-1862
-1786
-1776
-1826
-1922
-1987
-1852
-1632
-1529
-1472
-1341
-1095
-757
-383
-127
-12
63
140
212
337
585
852
974
1006
989
915
886
936
1037
1066
1051
887
494
122
-61
-177
-302
-395
-460
-598
-838
-1034
-1188
-1176
-1090
-1068
-1137
-1225
-1194
-1012
-632
-130
304
386
193
-13
108
627
1295
1832
2020
1932
1670
1483
1568
1797
1922
1907
1820
1681
1416
1037
690
511
548
564
412
113
-210
-526
-894
-1131
-1063
-721
-422
-440
-636
-798
-908
-889
-742
-481
-224
-59
112
201
281
317
208
53
89
447
822
898
695
367
51
-89
-26
89
100
-41
-307
-597
-775
-825
-838
-853
-789
-651
-530
-528
-648
-782
-843
-846
-826
-744
-624
-560
-643
-767
-792
-673
-406
-134
40
102
78
38
11
63
261
483
619
601
512
423
358
322
267
175
35
-132
-394
-674
-835
-855
-788
-704
-666
-722
-864
-1047
-1144
-1057
-739
-302
117
457
562
485
426
540
859
1301
1748
2007
1951
1713
1523
1465
1586
1738
1777
1685
1542
1388
1080
737
599
643
671
522
233
-81
-381
-631
-778
-734
-516
-376
-457
-699
-871
-929
-885
-732
-605
-482
-369
-297
-287
-279
-235
-226
-227
-120
57
202
280
223
86
-51
-79
7
131
256
330
328
215
21
-177
-282
-341
-441
-540
-655
-801
-953
-1044
-1036
-952
-819
-710
-693
-723
-747
-766
-713
-557
-339
-163
-63
-14
1
54
136
228
336
422
391
233
96
2
-32
33
88
1
-175
-318
-414
-487
-490
-458
-469
-387
-256
-217
-249
-293
-311
-324
-220
35
318
568
757
771
651
556
563
724
988
1294
1452
1390
1231
1088
1032
1085
1217
1312
1294
1151
970
782
617
542
518
475
400
248
2
-235
-397
-475
-517
-509
-500
-583
-686
-789
-888
-866
-720
-581
-492
-413
-352
-360
-400
-384
-355
-275
-86
114
266
354
355
281
176
131
159
186
178
104
-26
-156
-280
-378
-421
-437
-459
-495
-567
-647
-687
-650
-592
-592
-575
-525
-476
-423
-393
-382
-352
-322
-327
-319
-254
-180
-146
-110
-98
-132
-122
-92
-121
-144
-96
-68
-74
-40
26
33
16
36
16
-23
-15
66
128
165
176
118
32
-44
-71
-63
12
132
246
325
388
420
442
458
467
528
641
795
877
910
925
899
846
795
783
799
813
793
718
616
561
497
384
252
154
101
57
15
-58
-149
-269
-393
-485
-542
-557
-538
-478
-425
-407
-409
-415
-415
-357
-253
-155
-92
-82
-125
-196
-220
-173
-58
56
88
31
-43
-84
-110
-77
-1
56
72
23
-90
-210
-262
-234
-198
-192
-215
-298
-417
-521
-559
-535
-489
-431
-370
-354
-399
-465
-509
-490
-396
-254
-166
-170
-213
-265
-304
-285
-184
-39
73
121
111
94
92
106
142
174
175
147
123
104
90
107
134
133
112
62
-5
-69
-90
-50
5
43
54
48
54
107
209
320
422
507
558
546
504
514
576
648
706
741
726
677
634
600
583
587
564
471
385
356
331
270
204
164
126
82
36
-24
-69
-93
-141
-206
-238
-236
-251
-273
-294
-341
-404
-439
-422
-363
-289
-244
-240
-267
-298
-296
-233
-123
-37
-15
-48
-97
-119
-109
-94
-76
-50
-38
-80
-149
-202
-240
-262
-282
-293
-289
-276
-271
-286
-301
-311
-319
-333
-346
-343
-311
-257
-192
-126
-72
-57
-80
-121
-144
-123
-71
-6
47
53
35
21
11
3
9
32
39
43
48
28
-11
-33
-33
-37
-29
3
41
59
73
81
79
86
101
120
126
144
175
204
228
244
244
237
249
278
296
292
293
306
333
373
415
420
386
345
331
378
453
499
471
404
351
303
268
257
256
241
191
102
4
-69
-106
-135
-163
-167
-160
-165
-198
-240
-270
-296
-322
-334
-313
-274
-233
-217
-231
-261
-285
-291
-276
-233
-183
-157
-151
-143
-125
-95
-83
-93
-100
-100
-113
-149
-164
-136
-99
-80
-75
-76
-80
-90
-97
-97
-81
-45
-20
-31
-72
-114
-142
-154
-149
-138
-142
-172
-196
-210
-211
-201
-184
-153
-117
-90
-78
-80
-63
-27
5
44
76
103
116
122
139
167
190
189
161
122
97
69
48
45
51
55
44
33
22
-1
-11
8
42
79
100
108
136
185
236
254
254
277
323
369
395
403
407
386
337
326
371
414
406
359
319
291
249
188
132
108
102
66
6
-42
-77
-125
-195
-262
-282
-272
-267
-285
-293
-285
-307
-342
-341
-307
-267
-236
-215
-201
-195
-187
-159
-115
-61
-36
-43
-47
-29
8
44
67
88
103
85
43
9
-5
-22
-49
-67
-77
-103
-141
-178
-206
-225
-230
-224
-219
-221
-232
-250
-254
-235
-205
-168
-119
-77
-48
-27
-11
5
31
63
75
72
79
84
70
63
71
72
60
45
32
16
9
18
26
28
32
25
2
-3
13
29
40
42
33
13
8
16
33
68
110
128
126
127
146
184
227
251
248
235
245
283
329
360
360
323
264
216
215
246
266
256
229
202
166
117
69
32
6
-22
-54
-84
-99
-113
-147
-190
-213
-201
-184
-181
-182
-181
-179
-192
-188
-145
-89
-54
-41
-41
-51
-68
-70
-52
-30
-7
-3
-34
-74
-88
-84
-88
-89
-71
-59
-83
-119
-143
-148
-145
-132
-107
-86
-80
-88
-94
-93
-85
-72
-53
-38
-36
-41
-55
-71
-78
-69
-61
-61
-64
-65
-68
-77
-72
-54
-34
-22
-8
5
5
4
14
32
38
41
47
51
40
32
36
41
45
43
29
4
-10
-5
5
16
37
45
31
11
-3
0
15
42
64
75
85
104
138
167
176
157
138
136
156
199
245
272
255
207
160
150
184
221
224
204
180
147
111
87
85
98
92
63
29
12
5
-19
-60
-95
-104
-95
-95
-108
-118
-133
-170
-207
-206
-173
-138
-122
-125
-142
-167
-181
-170
-134
-81
-42
-35
-52
-66
-61
-45
-24
0
16
15
-10
-35
-41
-42
-49
-55
-54
-53
-55
-64
-74
-89
-93
-80
-68
-62
-62
-67
-78
-87
-81
-60
-37
-20
-15
-29
-51
-58
-46
-22
-1
11
13
11
11
17
24
33
33
31
28
18
10
10
13
16
21
26
24
11
-4
-16
-31
-31
-16
-6
-6
-8
-10
-16
-17
-5
15
31
46
63
77
102
126
144
149
155
168
188
212
239
255
248
222
199
199
211
219
214
199
173
138
101
72
60
58
52
23
-14
-49
-80
-106
-127
-136
-133
-129
-130
-142
-159
-172
-180
-174
-147
-121
-101
-93
-103
-118
-119
-96
-59
-24
-2
3
-11
-29
-38
-40
-33
-16
-3
-7
-26
-43
-57
-64
-64
-58
-56
-61
-70
-83
-96
-99
-93
-81
-68
-55
-51
-53
-56
-59
-55
-43
-27
-14
-6
-4
-7
-8
1
12
16
20
27
24
13
5
8
14
22
29
22
4
-14
-19
-25
-20
-11
-7
-16
-31
-43
-45
-40
-24
-11
-5
-3
0
8
19
35
59
79
94
100
102
107
115
128
150
173
185
180
169
163
162
168
181
187
176
152
124
101
94
101
108
107
93
66
27
-10
-29
-29
-20
-17
-22
-34
-50
-71
-87
-90
-83
-75
-70
-68
-75
-90
-105
-112
-102
-86
-66
-52
-57
-80
-100
-106
-95
-73
-53
-45
-54
-65
-69
-71
-64
-50
-35
-33
-46
-60
-65
-63
-54
-42
-29
-22
-26
-36
-43
-45
-36
-21
-5
5
10
6
-4
-17
-22
-16
-6
2
5
-3
-18
-34
-40
-37
-31
-28
-27
-30
-38
-48
-48
-37
-28
-18
-8
-4
-7
-11
-10
-5
4
18
26
30
30
30
32
39
50
58
62
61
54
49
49
54
64
80
88
84
77
71
68
74
89
104
108
100
91
88
90
100
113
120
118
108
94
84
79
82
87
85
74
54
32
11
0
0
-2
-11
-25
-40
-59
-74
-82
-77
-71
-69
-71
-78
-92
-103
-108
-102
-87
-67
-55
-58
-69
-79
-84
-84
-71
-50
-32
-23
-23
-27
-32
-32
-23
-10
-3
-1
-4
-9
-14
-16
-13
-9
-7
-6
-11
-20
-30
-33
-32
-33
-32
-29
-29
-30
-31
-31
-31
-30
-29
-25
-23
-23
-21
-21
-18
-12
-6
-3
-1
0
-2
-4
-6
-5
-1
1
3
5
4
2
0
-4
-6
-4
-2
-2
-1
1
4
7
9
12
18
21
25
29
32
38
42
45
52
59
64
68
70
70
71
76
81
85
87
84
80
76
79
84
89
91
83
71
56
46
41
42
45
46
40
27
8
-10
-19
-22
-23
-23
-26
-32
-43
-50
-55
-55
-52
-48
-44
-44
-45
-47
-51
-54
-50
-42
-35
-33
-33
-36
-40
-43
-42
-35
-29
-25
-23
-26
-29
-29
-28
-26
-23
-18
-14
-15
-18
-19
-19
-17
-13
-7
-5
-5
-8
-14
-15
-16
-10
-7
-3
-4
-8
