14
14
14
14
15
15
12
10
8
2
-3
-7
-8
-11
-13
-13
-12
-12
-14
-20
-27
-37
-46
-56
-62
-64
-71
-81
-91
-97
-95
-87
-72
-52
-31
-10
14
34
49
65
84
106
124
141
168
209
255
312
376
435
492
562
652
722
751
744
714
648
542
418
297
177
52
-57
-163
-283
-398
-469
-493
-508
-511
-481
-433
-406
-400
-370
-344
-388
-478
-523
-483
-411
-325
-192
-20
134
264
437
668
872
1003
1091
1144
1121
1015
864
684
425
85
-276
-611
-907
-1165
-1344
-1415
-1438
-1466
-1492
-1505
-1504
-1496
-1441
-1349
-1299
-1301
-1296
-1246
-1155
-1012
-766
-421
-29
331
603
829
1050
1236
1352
1387
1404
1404
1316
1158
973
740
392
-27
-359
-580
-792
-994
-1100
-1106
-1184
-1370
-1527
-1581
-1595
-1632
-1615
-1515
-1429
-1369
-1254
-1060
-862
-679
-423
-96
221
507
807
1151
1443
1624
1731
1787
1836
1934
2147
2483
2791
2975
3092
3243
3456
3683
3925
4098
4012
3643
3140
2596
1956
1168
387
-281
-895
-1462
-1877
-2067
-2172
-2317
-2387
-2319
-2183
-2060
-1929
-1731
-1533
-1410
-1342
-1238
-1071
-932
-838
-669
-337
114
578
1082
1690
2335
2844
3178
3435
3562
3410
2986
2423
1797
993
-31
-1085
-2034
-2869
-3578
-4061
-4252
-4316
-4350
-4262
-3994
-3646
-3370
-3086
-2698
-2348
-2144
-2013
-1748
-1334
-959
-607
-159
376
891
1340
1873
2480
2914
3088
3116
3118
2960
2481
1883
1318
708
-3
-690
-1189
-1638
-2160
-2581
-2774
-2796
-2798
-2793
-2681
-2574
-2576
-2594
-2482
-2269
-2206
-2265
-2165
-1838
-1466
-1170
-751
-148
385
795
1252
1833
2301
2482
2652
2934
3144
3232
3415
3877
4352
4592
4779
5111
5539
5864
6091
6265
6088
5398
4355
3242
2157
903
-433
-1619
-2629
-3539
-4341
-4742
-4678
-4466
-4199
-3765
-3081
-2326
-1722
-1172
-669
-341
-164
27
384
719
912
1209
1684
2232
2774
3404
4205
4951
5518
5874
5916
5519
4578
3285
1779
54
-1700
-3369
-4919
-6341
-7523
-8177
-8334
-8172
-7692
-6861
-5747
-4571
-3389
-2216
-1304
-777
-526
-367
-203
-114
11
323
741
1200
1663
2152
2611
2927
3164
3295
3233
2962
2493
1942
1244
313
-714
-1707
-2570
-3316
-3885
-4146
-4240
-4305
-4304
-4124
-3714
-3293
-2958
-2597
-2195
-1790
-1546
-1469
-1370
-1232
-1107
-986
-731
-297
20
166
431
951
1521
1824
1998
2253
2427
2499
2764
3508
4503
5210
5599
5910
6170
6359
6622
7135
7472
7028
5970
4733
3392
1814
102
-1316
-2419
-3408
-4160
-4513
-4490
-4357
-4100
-3460
-2621
-1966
-1603
-1296
-865
-494
-280
-99
88
248
474
1116
2228
3394
4323
5040
5687
6227
6570
6741
6546
5712
4265
2557
819
-1102
-3167
-5047
-6558
-7762
-8699
-9083
-8779
-8045
-7176
-6237
-5040
-3721
-2650
-1843
-1166
-550
-144
-14
165
503
824
1025
1237
1684
2146
2364
2515
2745
2922
2784
2364
1924
1397
590
-409
-1279
-1956
-2692
-3444
-3943
-4159
-4291
-4389
-4220
-3767
-3377
-3165
-2883
-2353
-1795
-1443
-1130
-734
-499
-520
-542
-366
-193
-343
-620
-703
-648
-673
-758
-543
-85
249
468
717
1098
1440
1815
2758
4192
5658
6764
7499
8253
8825
9081
9129
8741
7751
5902
3575
1492
-389
-2035
-3354
-4191
-4549
-4919
-5108
-4726
-3898
-2981
-2332
-1745
-1198
-1000
-1025
-1045
-923
-751
-517
110
1090
2195
3410
4763
6173
7261
7768
7907
7815
7301
6215
4674
2903
813
-1650
-3990
-5815
-7082
-7889
-8255
-8057
-7574
-7010
-6156
-4945
-3565
-2412
-1471
-561
98
430
530
686
874
825
806
953
1232
1517
1666
1882
2013
1936
1740
1369
980
441
-205
-741
-1371
-2070
-2719
-3230
-3600
-3951
-4115
-4063
-4009
-4004
-3832
-3350
-2723
-2050
-1358
-659
-145
107
356
527
519
165
-476
-1099
-1820
-2419
-2780
-2925
-2816
-2801
-2632
-2222
-1698
-998
-435
100
542
1030
2186
4014
6192
7888
8721
9132
9371
9653
9806
9571
8683
6912
4522
1847
-624
-2729
-4439
-5398
-5644
-5408
-5138
-4839
-4076
-3118
-2286
-1743
-1378
-1079
-1093
-1197
-1052
-460
511
1646
3032
4551
6069
7493
8768
9652
9644
8993
7994
6664
4928
2707
491
-1707
-3893
-5773
-7303
-8152
-8484
-8361
-7647
-6736
-5700
-4688
-3573
-2234
-1143
-247
469
1017
1408
1412
1334
1262
1161
1107
1043
1086
1028
819
720
793
835
578
287
127
-97
-477
-948
-1347
-1979
-2998
-3971
-4558
-4728
-4831
-4911
-4607
-3853
-2911
-2018
-1021
103
1061
1625
1907
2129
1999
1456
749
33
-717
-1921
-3144
-3838
-4140
-4134
-4107
-3748
-3063
-2520
-1788
-1008
-257
381
837
1973
3875
6194
8277
9388
9904
9878
9563
9462
9272
8477
6328
3141
-76
-3074
-5581
-7382
-8111
-7744
-7076
-6357
-5498
-4415
-3203
-2230
-1368
-720
-504
-387
-37
780
1793
2854
4341
6033
7603
8842
9690
10352
10276
9176
7381
5161
2924
495
-1954
-3953
-5700
-7084
-8063
-8409
-7935
-7228
-6298
-5180
-4088
-3137
-2591
-1948
-1091
-349
363
1048
1817
2438
2691
2817
2831
2719
2339
1726
1180
694
231
-132
-211
4
230
387
510
453
73
-535
-1242
-2124
-3263
-4383
-5082
-5353
-5340
-5017
-4224
-2996
-1608
-132
1436
2827
3716
4031
3849
3211
2132
821
-449
-1811
-3102
-4024
-4538
-4566
-4574
-4403
-3929
-3592
-2978
-2372
-1584
-723
-494
148
1086
2667
5349
8039
10635
11493
10811
10228
9403
9065
7948
5630
2824
-1197
-4875
-8009
-10137
-10567
-10549
-9355
-7846
-6602
-5094
-3931
-2255
-945
-380
112
224
872
1673
2823
4775
6755
8866
10356
11312
11912
11548
10553
8556
5735
2434
-1025
-3723
-5733
-6942
-7507
-7776
-7575
-7167
-6416
-5301
-3978
-2695
-2076
-1906
-1787
-1638
-1500
-1381
-921
-234
424
1127
1910
2700
3082
2914
2486
1884
1208
586
240
295
440
782
1451
2059
2281
1899
1187
218
-1292
-2992
-4569
-5752
-6407
-6598
-5984
-4691
-2977
-958
1067
2941
4170
4687
4807
4451
3477
1777
-113
-1705
-2951
-3827
-4394
-4493
-4431
-4144
-3443
-2638
-1802
-1486
-1247
-754
-421
-18
-9
250
1099
2442
5414
9107
12457
14058
13098
11332
9091
7262
5630
2938
-173
-4143
-7954
-10756
-12431
-12070
-10864
-8900
-6572
-4900
-3581
-2999
-2216
-1322
-1079
-1112
-1475
-1000
443
2437
5153
7961
10634
12272
12673
12303
10882
8651
5587
2153
-1227
-4430
-6616
-7460
-6934
-5744
-4639
-3509
-2546
-1920
-1873
-2172
-2415
-3036
-3949
-4687
-4794
-4165
-3163
-1620
208
1669
2447
2512
2415
2095
1339
526
-152
-356
-187
316
1396
2486
3330
3844
4000
3845
2831
1054
-1002
-3078
-4924
-6556
-7382
-6850
-5353
-3349
-1186
990
2917
4003
4378
4292
3552
2329
940
-127
-893
-1682
-2185
-2374
-2236
-1995
-1813
-1494
-1287
-1270
-1633
-2083
-2271
-2345
-1965
-1280
-260
620
1169
2428
4278
7295
10845
13314
14107
12383
9877
7642
5876
4875
2745
-274
-3838
-7480
-9785
-11071
-10729
-9485
-8120
-6380
-5474
-5012
-4603
-4044
-3111
-2583
-1977
-1261
-396
1170
3179
5618
7918
9539
10335
9994
8758
6763
4378
2151
-190
-2634
-4399
-4871
-4219
-3141
-1883
-830
-690
-1370
-2416
-3336
-4120
-4948
-5561
-5862
-5609
-4864
-3740
-2012
-175
1230
1875
1805
1350
489
-305
-845
-1149
-992
-478
536
1867
3099
3922
4019
3611
2649
1220
-265
-1664
-2785
-3743
-4315
-4112
-3202
-1723
-155
1291
2438
2906
2829
2404
1943
1287
215
-611
-961
-973
-848
-636
-247
-70
-87
-111
-166
-437
-1042
-1636
-1985
-1926
-1846
-1699
-1118
-402
560
1260
1945
3088
4639
7936
11991
14975
15635
13474
10726
8017
5942
4575
2200
-924
-4948
-8871
-11301
-12365
-11463
-9584
-7236
-4854
-3836
-3505
-3222
-2610
-1993
-1860
-1453
-917
-125
1343
3357
5566
7063
7590
7078
5692
3986
1990
155
-1211
-2275
-3024
-3333
-2715
-1523
-460
400
588
-272
-2156
-4490
-6256
-7279
-7725
-7583
-6744
-4971
-2929
-1183
510
1997
2845
2658
1741
651
-509
-1416
-1836
-1646
-997
-331
445
1299
1894
1855
1093
208
-771
-1937
-2933
-3396
-3128
-2612
-1951
-901
421
1712
2448
2703
2690
2288
1539
753
547
719
711
660
815
1109
1076
935
848
485
-4
-514
-650
-644
-814
-1063
-1415
-1268
-1034
-1017
-736
-298
243
320
741
2486
5363
9755
14179
17068
17324
14769
11497
8440
6352
4460
1406
-2027
-5702
-8801
-10588
-10761
-9050
-6988
-5014
-3436
-3001
-3049
-3178
-2890
-2362
-2036
-1472
-659
779
2714
4271
5455
6049
5674
4163
1848
-157
-1835
-3189
-3781
-3682
-2711
-1340
256
1886
2771
2740
1438
-882
-3688
-6633
-8721
-9575
-9387
-8330
-6705
-4531
-2272
-371
1217
2153
2276
1700
599
-501
-1343
-1700
-1372
-692
156
918
1442
1525
715
-668
-2125
-3384
-4353
-4862
-4542
-3650
-2665
-1618
-451
659
1369
1763
1917
1646
1076
481
299
504
892
1309
1555
1798
1946
1947
1963
2112
1973
1396
876
515
250
-178
-306
-345
-835
-1227
-1900
-2314
-2047
-1234
114
1019
2579
5015
8245
12846
16663
18057
16223
12516
9064
6159
4499
3073
839
-1948
-5118
-7743
-9137
-8719
-7030
-5240
-3494
-2363
-2418
-2933
-2712
-1892
-1105
-219
1033
2377
3433
4342
4868
4917
4405
3014
1142
-811
-2397
-3572
-3881
-2780
-1361
-194
632
1071
914
154
-585
-1937
-4237
-6863
-8933
-9672
-9210
-7806
-5806
-3594
-1593
-241
657
1395
1700
1206
287
-680
-1515
-1825
-1435
-491
217
421
291
-122
-761
-1940
-3284
-4243
-4734
-4858
-4595
-3627
-2391
-1543
-1093
-762
-353
-41
140
169
78
11
-97
142
913
1936
2577
2789
3113
3148
2728
2154
1801
1443
819
475
445
501
319
-182
-913
-1614
-1978
-2321
-2125
-1140
309
1569
2543
4479
6915
10061
13842
16514
16690
13811
10181
7117
5231
4620
3506
1577
-953
-3487
-5705
-6955
-6368
-5208
-4131
-3023
-2166
-2063
-2417
-1995
-1278
-649
87
914
1892
2658
3251
3411
3410
3450
2672
1268
55
-586
-865
-819
-199
317
240
-226
-695
-969
-1523
-2862
-5071
-7464
-9510
-10852
-10645
-8981
-6688
-4386
-2209
-389
560
897
880
483
-57
-623
-1067
-1044
-525
-125
-166
-245
-272
-740
-1581
-2353
-3229
-4149
-4574
-4246
-3433
-2543
-1752
-1361
-1374
-1633
-2134
-2551
-2617
-2440
-2293
-1937
-1083
-137
676
1495
2222
2662
2797
3071
3468
3421
3101
2631
2131
1728
1457
1330
607
-537
-1282
-1664
-1690
-1441
-905
-227
404
1518
2685
3500
4573
6040
8388
11702
14694
15616
13708
10701
7642
4946
3716
3290
2341
212
-2097
-3925
-5490
-5816
-4854
-3389
-2060
-1145
-823
-1165
-1227
-1023
-972
-559
404
1600
2476
3236
3667
3213
2643
2355
2147
1617
767
15
-674
-633
114
754
1075
805
-106
-1798
-3709
-5406
-7325
-9073
-10009
-9730
-8628
-7073
-4942
-2891
-1498
-931
-697
-453
-404
-486
-702
-840
-830
-730
-495
-219
-136
-604
-1348
-1913
-2453
-3184
-3815
-3884
-3558
-3108
-2442
-1578
-1020
-1303
-2202
-3218
-3911
-4130
-3943
-3363
-2585
-1845
-1183
-354
688
1478
1996
2589
3174
3528
3514
3498
3301
2613
1813
1008
355
-445
-1413
-2024
-2166
-1931
-1593
-976
22
978
1681
2489
3329
3876
4696
6377
9410
12806
14866
14579
11919
8870
6297
4624
4149
3875
2888
661
-1429
-2694
-3547
-3548
-2784
-1568
-559
-48
-10
-549
-1098
-1624
-2043
-1764
-742
520
1447
2210
2528
2124
1735
1685
1899
1947
2070
2516
2647
2372
1573
769
389
36
-582
-1830
-3431
-5448
-7766
-9308
-9520
-8597
-7295
-5801
-4170
-2979
-2490
-2550
-2660
-2726
-2854
-2810
-2189
-1077
-110
458
792
989
587
-411
-1344
-1904
-2219
-2612
-2712
-2183
-1432
-888
-793
-919
-1479
-2744
-4129
-5078
-5422
-5433
-5033
-4113
-3204
-2506
-1861
-947
49
785
1404
2063
2978
3718
3810
3444
2803
2038
1220
824
971
912
433
-138
-394
-421
-432
-159
436
1254
1954
2415
2749
2964
3433
4719
7242
10218
12223
12404
10812
8339
5877
4346
3908
3712
3089
2014
1008
201
-433
-792
-892
-686
-358
-176
-415
-1144
-2108
-3049
-3701
-3833
-3273
-1994
-537
338
618
869
1313
1524
1463
1563
1969
2581
3268
3786
3699
3065
2206
1341
445
-684
-2117
-3825
-5334
-6414
-7033
-6961
-6358
-5582
-5012
-4559
-4195
-4228
-4450
-4502
-4255
-3823
-3183
-2261
-1241
-451
-187
-381
-728
-902
-926
-853
-590
-235
124
481
933
1352
1146
99
-1194
-2243
-3109
-3969
-4596
-4650
-4268
-3642
-2838
-2054
-1374
-904
-739
-556
-294
-3
557
1406
2272
2486
2145
1888
1659
1391
1022
798
789
849
1147
1454
1502
1137
725
829
1245
1491
1442
1457
1647
1881
2175
2740
3644
4484
4936
4985
4886
4714
4485
4508
4792
4905
4694
4515
4398
3997
3290
2735
2346
1750
1075
553
348
211
-89
-594
-1219
-1663
-2092
-2344
-2098
-1552
-1177
-1161
-1035
-823
-811
-949
-1006
-808
-559
-465
-566
-763
-951
-1061
-975
-538
-44
-29
-341
-570
-625
-794
-1105
-1323
-1527
-1755
-1978
-2064
-2047
-2114
-2272
-2424
-2384
-2329
-2420
-2480
-2427
-2366
-2455
-2447
-2171
-1936
-1907
-2013
-2016
-1874
-1870
-1986
-2019
-1925
-1833
-1838
-1638
-1262
-1065
-976
-771
-372
-57
48
217
471
732
930
1029
1072
947
700
592
711
858
723
446
352
379
273
-6
-173
-247
-428
-608
-614
-422
-352
-466
-484
-390
-195
14
311
816
1339
1900
2540
3209
3720
3913
4089
4507
5074
5625
6091
6322
6099
5395
4601
4178
4057
4005
3768
3290
2699
2000
1383
801
69
-749
-1504
-1879
-1961
-2014
-2020
-2016
-1996
-1976
-1947
-1875
-1903
-2082
-2310
-2444
-2438
-2326
-2070
-1722
-1369
-1036
-713
-494
-513
-671
-787
-830
-845
-741
-484
-257
-229
-393
-579
-771
-1047
-1335
-1492
-1466
-1507
-1656
-1618
-1444
-1369
-1517
-1736
-1905
-2132
-2258
-2187
-2094
-2100
-2187
-2144
-1965
-1858
-1840
-1859
-1772
-1573
-1392
-1093
-647
-244
13
198
459
706
844
963
1079
1165
1215
1283
1420
1543
1512
1346
1184
1097
949
598
209
-63
-230
-287
-203
-33
34
-87
-221
-220
-120
-77
-100
35
349
810
1485
2233
2792
2926
2895
3048
3358
3785
4182
4409
4274
3784
3319
3065
2936
2697
2274
1831
1381
820
248
-121
-330
-594
-887
-998
-950
-966
-1061
-1103
-1111
-1184
-1332
-1463
-1558
-1722
-1834
-1682
-1307
-976
-913
-918
-866
-880
-912
-884
-723
-626
-707
-672
-469
-195
-20
-3
-13
-165
-450
-775
-1032
-1147
-1320
-1518
-1596
-1553
-1498
-1552
-1606
-1592
-1621
-1741
-1853
-1839
-1745
-1678
-1585
-1376
-1118
-907
-738
-535
-301
-174
-132
-41
125
303
454
636
835
953
958
915
902
925
957
1038
1198
1330
1279
1080
867
628
253
-168
-460
-606
-684
-739
-693
-586
-587
-694
-770
-737
-691
-687
-601
-403
-200
-9
287
773
1357
1894
2362
2704
2853
2857
2893
3073
3294
3397
3331
3166
2887
2463
1990
1624
1375
1024
604
326
242
245
170
72
-33
-225
-479
-728
-897
-1028
-1144
-1179
-1155
-1133
-1116
-1109
-1073
-1079
-1175
-1251
-1299
-1280
-1197
-1033
-731
-452
-269
-198
-196
-184
-202
-204
-185
-195
-238
-327
-399
-450
-515
-547
-552
-604
-742
-921
-1069
-1206
-1345
-1448
-1502
-1545
-1582
-1569
-1514
-1474
-1436
-1304
-1081
-867
-655
-417
-170
-31
31
183
371
488
489
474
569
641
685
797
939
995
906
871
962
996
906
770
651
473
238
77
1
-68
-180
-317
-415
-502
-616
-715
-802
-905
-1011
-1003
-821
-584
-383
-211
-31
165
374
691
1154
1648
2018
2187
2223
2220
2225
2245
2250
2180
1978
1676
1389
1253
1254
1297
1317
1305
1269
1125
907
727
577
370
78
-130
-222
-327
-457
-549
-583
-658
-855
-1084
-1265
-1414
-1516
-1491
-1313
-1120
-1026
-941
-794
-671
-634
-645
-646
-680
-765
-775
-652
-472
-333
-241
-125
-60
-133
-263
-324
-308
-301
-302
-277
-301
-431
-584
-656
-699
-816
-975
-1091
-1136
-1140
-1067
-868
-644
-531
-487
-361
-170
-42
-4
29
96
138
172
266
419
541
566
561
585
590
501
348
243
215
207
217
285
368
372
284
170
64
-51
-153
-201
-195
-195
-235
-257
-239
-220
-220
-196
-109
-34
-26
-24
40
142
222
306
462
664
814
896
961
1004
969
930
1010
1220
1409
1461
1414
1314
1177
1010
895
867
806
659
509
468
493
452
342
226
90
-95
-268
-344
-366
-433
-512
-518
-471
-472
-559
-630
-621
-624
-701
-805
-840
-841
-848
-783
-638
-529
-542
-585
-526
-424
-363
-322
-243
-167
-146
-131
-102
-105
-205
-362
-486
-571
-662
-752
-777
-745
-729
-744
-725
-641
-571
-544
-522
-461
-367
-269
-130
42
182
264
320
388
407
332
241
203
211
203
190
202
192
163
175
249
325
350
334
307
258
181
103
29
-30
-60
-28
24
31
23
32
37
-8
-73
-90
-81
-78
-61
-12
36
12
-40
-40
-6
28
81
214
413
609
768
865
885
850
829
875
962
996
957
888
819
778
768
790
815
779
687
579
488
399
286
190
107
12
-96
-192
-250
-298
-377
-496
-631
-747
-846
-925
-934
-861
-765
-696
-643
-567
-496
-471
-435
-332
-224
-183
-189
-162
-119
-130
-191
-246
-288
-356
-421
-402
-332
-295
-298
-275
-240
-280
-361
-404
-395
-411
-452
-442
-397
-386
-403
-355
-237
-140
-110
-96
-66
-59
-84
-73
0
66
85
123
210
290
307
303
302
269
213
205
270
321
323
340
397
419
368
312
295
278
224
173
159
134
55
-51
-106
-109
-139
-214
-263
-247
-222
-228
-239
-229
-223
-239
-224
-152
-76
-21
65
225
406
536
607
670
743
798
848
912
967
948
865
795
756
716
650
616
615
596
542
477
414
318
173
25
-85
-178
-274
-358
-395
-426
-507
-595
-627
-612
-610
-636
-631
-595
-576
-575
-544
-477
-439
-440
-421
-378
-359
-382
-396
-359
-293
-231
-162
-84
-38
-56
-93
-95
-76
-78
-102
-93
-56
-56
-78
-77
-63
-104
-202
-270
-282
-269
-243
-189
-117
-79
-80
-77
-46
-29
-50
-81
-86
-70
-49
-4
75
151
175
181
224
285
324
343
373
394
372
323
290
271
229
167
119
81
20
-59
-114
-152
-205
-258
-273
-252
-234
-224
-209
-193
-199
-221
-216
-174
-119
-68
-26
9
35
68
129
214
305
386
454
491
503
531
585
641
686
719
719
659
564
493
468
459
430
391
354
305
256
217
184
126
46
-37
-122
-213
-306
-376
-415
-443
-484
-531
-569
-603
-630
-625
-577
-507
-447
-391
-313
-229
-166
-132
-122
-114
-104
-89
-57
-7
37
42
29
33
42
24
-15
-31
-31
-52
-89
-115
-121
-135
-162
-173
-165
-162
-163
-143
-103
-74
-58
-31
8
34
52
86
123
126
99
87
96
96
84
91
116
129
117
117
133
122
76
39
35
34
13
-15
-40
-86
-154
-202
-207
-199
-214
-232
-225
-214
-220
-219
-190
-163
-161
-166
-148
-125
-126
-127
-106
-84
-86
-75
-9
92
177
230
281
358
435
485
518
545
547
522
506
533
572
566
517
460
406
351
315
308
298
250
170
102
57
8
-63
-132
-184
-235
-290
-329
-337
-336
-348
-349
-330
-306
-290
-276
-242
-202
-177
-150
-89
-11
35
43
49
57
45
5
-29
-37
-45
-67
-85
-86
-88
-100
-102
-88
-82
-107
-129
-120
-101
-101
-114
-116
-119
-127
-128
-101
-60
-39
-38
-26
5
31
47
75
116
130
105
83
85
92
78
60
51
39
18
-5
-11
-17
-40
-63
-71
-66
-70
-87
-103
-113
-123
-144
-159
-172
-204
-242
-265
-261
-247
-239
-229
-223
-225
-220
-192
-143
-100
-70
-40
-4
30
63
98
135
159
186
232
283
325
360
411
464
499
509
494
452
404
375
376
374
349
312
266
212
163
138
137
121
75
27
-2
-23
-54
-76
-76
-76
-89
-98
-95
-100
-123
-131
-105
-82
-88
-110
-124
-124
-116
-103
-91
-92
-109
-119
-104
-72
-49
-38
-31
-29
-33
-33
-16
7
13
5
0
-2
-9
-23
-40
-58
-71
-81
-86
-82
-80
-83
-88
-81
-62
-45
-39
-30
-11
6
8
8
2
-21
-64
-98
-108
-110
-117
-121
-118
-118
-126
-124
-111
-105
-112
-117
-116
-127
-145
-152
-141
-133
-140
-152
-157
-165
-176
-180
-172
-164
-170
-172
-150
-118
-93
-71
-44
-18
1
31
81
135
165
181
203
219
221
218
234
255
262
261
270
289
298
304
318
327
304
257
227
228
242
249
249
254
247
223
200
194
198
186
159
133
115
88
49
14
-6
-27
-58
-84
-94
-103
-120
-126
-110
-91
-87
-91
-86
-73
-66
-60
-46
-39
-52
-75
-82
-71
-60
-62
-65
-64
-70
-82
-80
-61
-42
-40
-40
-27
-14
-15
-20
-17
-15
-28
-48
-60
-70
-93
-119
-125
-118
-119
-128
-128
-120
-118
-120
-111
-96
-97
-120
-139
-146
-149
-156
-154
-139
-131
-147
-163
-158
-145
-143
-144
-131
-116
-115
-118
-107
-90
-86
-95
-93
-82
-72
-63
-47
-27
-17
-9
7
30
55
70
84
102
118
130
139
150
161
161
159
163
169
169
168
177
194
206
213
214
212
204
202
214
224
219
204
195
191
186
184
185
179
166
154
148
149
154
163
163
146
122
102
86
63
38
19
2
-18
-37
-44
-46
-58
-71
-71
-64
-68
-76
-75
-73
-81
-95
-100
-101
-109
-120
-122
-112
-104
-103
-108
-118
-131
-137
-127
-99
-75
-68
-72
-67
-55
-43
-31
-20
-22
-37
-51
-53
-53
-62
-77
-86
-89
-94
-102
-113
-120
-130
-143
-152
-152
-152
-166
-180
-180
-164
-159
-167
-169
-162
-157
-155
-141
-118
-102
-94
-77
-51
-42
-50
-50
-29
-9
4
20
40
49
50
58
76
90
98
113
136
148
146
143
150
156
155
152
154
152
145
138
135
129
116
106
106
108
106
112
128
143
145
146
155
163
161
158
165
175
173
167
171
171
159
140
137
145
145
135
128
128
122
103
84
70
50
21
-9
-21
-26
-41
-63
-84
-104
-124
-138
-143
-145
-155
-169
-169
-155
-139
-132
-125
-112
-104
-106
-110
-110
-114
-123
-122
-108
-96
-96
-100
-90
-78
-77
-81
-77
-68
-69
-73
-68
-57
-59
-73
-84
-87
-92
-103
-109
-105
-102
-107
-110
-108
-116
-138
-157
-156
-149
-144
-141
-130
-120
-114
-111
-98
-83
-74
-61
-31
4
24
29
38
57
75
86
101
120
129
127
129
136
138
130
127
132
132
124
119
129
138
135
126
122
119
116
113
116
116
107
93
89
94
98
95
95
102
105
104
109
123
132
132
132
140
143
136
128
125
120
110
104
105
101
85
71
64
54
33
9
-11
-26
-39
-46
-47
-52
-62
-73
-82
-92
-103
-112
-119
-124
-125
-125
-124
-125
-129
-129
-128
-132
-133
-128
-121
-115
-112
-108
-103
-99
-93
-83
-74
-66
-57
-48
-39
-35
-36
-40
-45
-56
-65
-70
-69
-74
-83
-90
-94
-97
-102
-107
-108
-110
-109
-106
-97
-89
-89
-94
-90
-76
-59
-51
-45
-38
-29
-24
-13
7
24
29
31
42
53
59
62
75
88
93
95
103
113
114
112
115
115
110
107
114
123
122
116
115
115
108
101
102
106
103
99
101
105
102
92
87
87
86
84
87
97
99
92
88
89
88
82
80
79
73
65
65
74
73
65
59
57
51
39
27
17
2
-17
-30
-33
-36
-49
-68
-77
-81
-88
-98
-101
-101
-104
-107
-105
-99
-98
-104
-108
-104
-99
-98
-98
-94
-92
-95
-98
-93
-85
-80
-78
-73
-66
-62
-59
-54
-49
-52
-61
-64
-61
-59
-64
-67
-65
-66
-70
-70
-61
-52
-48
-49
-44
-39
-37
-38
-33
-31
-35
-40
-36
-26
-22
-24
-23
-17
-13
-9
-2
7
10
9
14
25
33
37
44
54
60
61
63
71
78
83
84
91
97
98
97
98
99
93
87
87
93
91
85
84
86
89
89
89
89
85
76
74
80
83
83
79
78
73
67
59
58
57
50
44
43
46
41
37
35
33
27
22
24
25
20
10
2
-5
-16
-28
-35
-41
-45
-48
-48
-51
-58
-67
-71
-73
-75
-74
-71
-69
-70
-72
-72
-73
-74
-74
-74
-78
-84
-87
-85
-84
-86
-84
-80
-78
-79
-76
-72
-69
-68
-61
-53
-48
-45
-41
-36
-36
-41
-45
-44
-42
-41
-36
-32
-29
-32
-33
-32
-33
-35
-34
-28
-21
-14
-9
-3
2
6
9
15
17
22
21
23
26
31
34
34
35
38
40
39
42
46
48
48
53
63
70
73
74
76
74
73
75
77
76
75
74
75
72
69
68
68
65
62
62
61
59
53
51
51
51
49
52
55
52
46
42
40
38
35
34
33
30
24
20
19
15
8
1
1
-3
-8
-10
-10
-13
-20
-25
-23
-25
-32
-40
-44
-48
-55
-62
-62
-60
-62
-67
-71
-71
-73
-77
-75
-70
-67
-68
-69
-67
-65
-67
-71
-69
-65
-62
-60
-60
-56
-55
-54
-50
-45
-44
-45
-46
-42
-36
-35
-36
-36
-37
-38
-37
-32
-26
-23
-22
-18
-13
-11
-10
-6
0
2
5
9
14
17
15
17
22
26
26
25
26
26
24
25
30
33
32
34
37
41
44
44
47
50
53
55
61
65
68
67
66
64
60
55
53
