-32
-37
-38
-37
-36
-37
-37
-37
-40
-48
-56
-67
-75
-82
-87
-82
-75
-68
-61
-51
-40
-34
-36
-41
-51
-57
-35
57
259
557
888
1176
1369
1434
1366
1191
956
700
432
125
-241
-629
-963
-1195
-1302
-1258
-1051
-730
-405
-162
-19
54
75
30
-43
-75
-36
48
136
233
373
566
772
937
1028
1019
881
621
302
7
-203
-317
-371
-417
-479
-588
-735
-888
-1045
-1189
-1310
-1370
-1345
-1234
-1033
-739
-377
-15
280
471
561
512
330
57
-262
-548
-752
-848
-840
-725
-505
-209
99
360
541
602
529
305
-33
-399
-732
-1011
-1184
-1187
-1039
-773
-424
-30
352
679
922
1041
1041
909
656
360
96
-140
-365
-548
-677
-775
-930
-1129
-1193
-700
586
2399
4225
5580
6228
6102
5359
4260
3142
2226
1365
295
-994
-2251
-3281
-4027
-4394
-4173
-3343
-2244
-1374
-956
-810
-733
-778
-1012
-1210
-1058
-553
16
449
824
1328
1975
2566
2956
3143
3034
2474
1490
329
-662
-1283
-1549
-1546
-1364
-1110
-937
-959
-1153
-1408
-1610
-1709
-1676
-1539
-1328
-1000
-524
15
476
783
945
1004
938
678
260
-145
-429
-598
-662
-590
-326
56
420
684
842
898
813
504
-40
-694
-1336
-1866
-2186
-2230
-2020
-1607
-1034
-337
378
1002
1475
1733
1765
1553
1071
413
-294
-986
-1597
-2032
-2238
-2291
-2248
-2141
-2061
-2147
-2296
-2149
-1181
902
3668
6331
8255
9065
8654
7345
5655
4058
2755
1539
74
-1682
-3401
-4808
-5762
-6072
-5487
-4130
-2587
-1500
-1058
-949
-899
-991
-1271
-1379
-944
-97
713
1294
1809
2472
3283
3998
4413
4499
4169
3295
1915
353
-966
-1770
-2005
-1848
-1554
-1322
-1322
-1601
-1986
-2248
-2279
-2019
-1502
-904
-317
317
1056
1816
2413
2716
2717
2430
1841
971
-71
-1033
-1689
-2007
-2048
-1808
-1339
-814
-386
-119
-25
-83
-269
-660
-1239
-1869
-2509
-3076
-3370
-3257
-2811
-2136
-1290
-364
526
1321
1938
2274
2318
2058
1501
808
172
-447
-1111
-1707
-2199
-2635
-2958
-3157
-3279
-3385
-3474
-3297
-2045
869
4850
8695
11371
12343
11545
9497
6901
4477
2732
1411
-161
-2131
-4028
-5543
-6592
-6996
-6443
-4963
-3131
-1858
-1555
-1737
-1827
-1854
-1970
-1792
-877
616
2075
3041
3600
4213
5015
5584
5697
5504
4932
3723
1970
118
-1295
-1875
-1751
-1353
-955
-752
-997
-1677
-2496
-3224
-3619
-3411
-2666
-1696
-643
434
1441
2277
2775
2785
2345
1580
481
-923
-2379
-3552
-4192
-4232
-3764
-2962
-2003
-1087
-427
-61
75
-4
-325
-816
-1367
-1972
-2597
-3083
-3237
-2947
-2238
-1256
-151
953
1918
2580
2919
3056
2959
2606
2053
1376
664
-42
-818
-1592
-2184
-2658
-3069
-3353
-3548
-3847
-4142
-3919
-2157
1794
7000
11651
14368
14633
12631
9299
5784
3075
1597
771
-464
-2347
-4236
-5705
-6661
-6920
-6109
-4287
-2302
-1316
-1603
-2288
-2536
-2411
-2303
-1923
-728
1066
2592
3290
3424
3733
4516
5258
5500
5301
4646
3263
1245
-782
-2179
-2594
-2215
-1650
-1381
-1537
-2180
-3244
-4293
-4910
-4974
-4356
-3075
-1550
-110
1267
2565
3555
3996
3666
2629
1288
-146
-1704
-3161
-4081
-4203
-3600
-2585
-1458
-397
456
922
920
553
88
-361
-919
-1599
-2286
-2889
-3256
-3186
-2691
-1905
-882
247
1276
2148
2848
3366
3754
3968
3894
3465
2752
1846
780
-408
-1529
-2399
-3143
-3888
-4545
-4940
-5141
-5216
-4905
-3145
1028
6827
12225
15438
15754
13446
9686
5716
2653
1171
757
41
-1656
-3772
-5595
-6877
-7541
-7280
-5948
-4141
-3092
-3353
-4116
-4244
-3575
-2704
-1731
-243
1715
3387
4086
4009
4005
4578
5283
5529
5293
4611
3203
1063
-1258
-2998
-3578
-3218
-2677
-2420
-2530
-3127
-4044
-4757
-4938
-4444
-3193
-1421
380
2031
3446
4497
5161
5307
4646
3208
1396
-460
-2156
-3530
-4325
-4324
-3568
-2403
-1241
-283
434
827
809
516
142
-238
-630
-1095
-1707
-2356
-2798
-2863
-2536
-1863
-981
-85
798
1686
2512
3221
3778
4070
3960
3408
2487
1333
110
-1035
-1977
-2637
-3119
-3665
-4338
-4928
-5364
-5732
-5797
-4725
-1464
3873
9574
13593
14877
13505
10369
6770
3850
2352
2104
1868
567
-1609
-3911
-5865
-7262
-7854
-7363
-6027
-4856
-4724
-5204
-5165
-4150
-2730
-1466
-198
1387
2924
3686
3648
3595
4296
5565
6546
6767
6281
5056
2988
492
-1689
-2850
-2830
-2212
-1720
-1629
-1916
-2466
-3039
-3401
-3284
-2516
-1243
211
1537
2550
3391
4132
4452
4051
2924
1297
-406
-1890
-3140
-3967
-4038
-3400
-2460
-1596
-1031
-748
-687
-860
-1149
-1330
-1243
-1007
-944
-1225
-1664
-2117
-2456
-2411
-1949
-1316
-577
222
899
1618
2438
3085
3465
3610
3279
2423
1358
264
-711
-1428
-2052
-2776
-3611
-4474
-5201
-5628
-5859
-5946
-5535
-3615
762
6713
12023
14933
14847
12181
8334
4638
2128
1509
2133
2196
744
-1691
-4318
-6563
-8052
-8439
-7633
-6132
-5088
-5055
-5212
-4471
-2891
-1368
-153
1244
2875
4108
4545
4556
5000
6246
7565
8060
7661
6566
4633
1971
-758
-2742
-3475
-3131
-2411
-1896
-1791
-2115
-2777
-3502
-3881
-3599
-2637
-1154
540
1983
3128
4152
4772
4555
3436
1552
-544
-2117
-3064
-3550
-3388
-2589
-1642
-948
-715
-879
-1198
-1521
-1819
-2003
-1863
-1401
-1017
-1073
-1510
-2158
-2834
-3159
-2947
-2423
-1635
-521
693
1875
3018
3826
4114
3964
3336
2233
1069
49
-944
-1803
-2404
-2953
-3653
-4373
-4985
-5372
-5562
-5649
-5450
-3731
786
7161
12883
15911
15505
12095
7496
3548
1429
1720
3370
3970
2313
-689
-3954
-6830
-8762
-9271
-8293
-6430
-5061
-4975
-5198
-4315
-2445
-840
92
983
2118
3063
3499
3728
4567
6399
8302
9059
8526
7081
4717
1678
-1195
-3146
-3702
-3036
-2061
-1544
-1605
-2146
-3022
-3974
-4649
-4576
-3522
-1661
545
2467
3753
4572
4874
4220
2591
556
-1221
-2295
-2605
-2483
-2117
-1513
-963
-923
-1455
-2232
-2907
-3309
-3352
-2989
-2259
-1270
-439
-317
-971
-1972
-2970
-3645
-3565
-2699
-1403
133
1737
3182
4331
5062
5097
4383
3308
2189
1120
188
-385
-720
-1144
-1737
-2561
-3782
-4976
-5695
-6082
-6223
-5840
-4654
-1891
3247
9498
14305
16006
14378
10205
5507
2221
1199
2388
4499
5269
3492
-1
-3900
-7358
-9670
-10164
-8952
-6996
-5520
-5029
-4873
-4002
-2518
-1473
-1008
-315
782
1870
2929
4187
5921
8099
9738
9796
8416
6233
3416
310
-2174
-3351
-3185
-2145
-1063
-797
-1395
-2406
-3721
-5130
-5887
-5510
-4078
-1777
784
2730
3907
4539
4305
3051
1306
-386
-1576
-1939
-1752
-1459
-1118
-849
-958
-1556
-2492
-3416
-3931
-3826
-3141
-2059
-828
291
819
403
-742
-2067
-3039
-3219
-2479
-1100
627
2246
3462
4345
4843
4769
4200
3282
2138
1267
735
343
116
-121
-905
-2261
-3813
-5347
-6287
-6346
-5956
-5585
-4928
-3282
345
5910
11472
14583
14143
10728
5962
2072
643
2143
5283
7517
6793
3138
-1886
-6631
-9997
-11257
-10172
-7682
-5494
-4855
-5393
-5670
-4932
-3875
-3119
-2180
-563
1541
3590
5371
7206
9278
10947
11170
9710
7202
4339
1536
-685
-1836
-1935
-1357
-853
-1276
-2782
-4703
-6540
-7767
-7740
-6444
-4097
-1032
1777
3437
4150
4185
3597
2689
1521
125
-757
-752
-476
-283
-235
-604
-1332
-2116
-2991
-3717
-3732
-2992
-1937
-785
248
837
828
125
-1297
-3011
-4172
-4398
-3727
-2260
-367
1242
2360
3180
3713
3993
4109
3954
3481
3044
2550
1772
908
168
-817
-2197
-3601
-4949
-6027
-6467
-6324
-5935
-5255
-4272
-2791
381
5544
10696
13492
13102
9964
5661
2538
1955
3984
7473
9811
8507
3854
-1919
-6988
-10291
-11095
-9432
-6492
-4159
-3997
-5573
-6927
-6885
-6111
-5196
-3707
-1356
1357
3746
5678
7570
9710
11341
11348
9765
7555
5251
3064
1476
693
475
435
-79
-1718
-4163
-6479
-8203
-8988
-8363
-6402
-3679
-640
1837
2824
2583
2021
1543
1263
1304
1458
1600
1715
1493
682
-339
-1279
-2272
-3222
-3904
-4152
-3912
-3192
-2236
-1255
-387
82
-62
-847
-2059
-3350
-4187
-4103
-3042
-1364
361
1782
2676
3070
3199
3265
3364
3581
3765
3508
2741
1620
333
-854
-1792
-2869
-4143
-5091
-5731
-6289
-6422
-5986
-5319
-4349
-3106
-1470
1739
6598
10868
12585
11566
8527
5022
3162
3864
6796
10433
11925
9079
2957
-3466
-8290
-10729
-10361
-7729
-4683
-3130
-4021
-6507
-8353
-8257
-7077
-5648
-3350
-88
3060
5475
7394
9042
10527
11416
10811
9040
7353
5924
4368
3127
2390
1595
521
-1072
-3481
-6007
-7690
-8502
-8382
-7109
-5234
-3384
-1692
-561
-248
-281
-273
18
771
1737
2466
2783
2483
1487
205
-1026
-1981
-2448
-2540
-2456
-2138
-1754
-1556
-1422
-1297
-1358
-1662
-2267
-3252
-4186
-4541
-4080
-2828
-1139
453
1560
2164
2265
2196
2249
2477
2959
3491
3505
2803
1840
760
-216
-821
-1395
-2366
-3558
-4762
-5918
-6391
-5799
-4523
-3082
-1922
-1376
-652
1772
5553
8794
10019
9077
6823
4965
4913
6753
9654
11790
10910
6340
179
-4911
-7764
-8121
-6325
-3655
-1930
-2615
-5757
-9341
-10852
-10042
-8104
-5448
-1935
1725
4522
6009
6485
6933
7714
8210
8034
7818
7799
7433
6421
4892
3084
1209
-580
-2428
-4033
-4843
-5025
-5059
-5124
-5279
-5558
-5583
-5108
-4362
-3510
-2529
-1458
-399
530
1104
1328
1329
1234
1080
839
691
723
806
769
570
142
-425
-870
-1241
-1683
-2315
-3228
-4313
-5226
-5652
-5366
-4208
-2445
-602
837
1633
1790
1591
1449
1730
2557
3594
4332
4337
3760
2867
1708
426
-719
-1823
-2859
-3399
-3582
-3699
-3551
-3218
-3122
-3247
-3605
-4103
-3196
360
5005
8264
8922
7272
4822
3718
4813
7574
10934
12663
10516
4970
-902
-4788
-6099
-5089
-2757
-769
-660
-3398
-8152
-11828
-12076
-9675
-6475
-3119
80
2436
3537
3500
3072
3459
4798
6041
6800
7541
7935
7216
5661
3958
2441
1383
793
217
-328
-580
-1100
-2302
-3830
-5283
-6356
-6398
-5356
-4122
-3183
-2564
-2271
-2191
-2007
-1749
-1423
-756
100
739
1104
1523
1888
1914
1649
1155
534
35
-285
-740
-1442
-2270
-3185
-3998
-4328
-3968
-3071
-1819
-599
86
148
-72
-240
-102
666
1906
3085
3777
3679
2675
1306
214
-595
-1075
-1145
-1267
-1743
-2171
-2500
-2983
-3290
-3219
-3103
-3184
-3446
-3758
-2687
886
5334
7956
7846
5980
3827
3180
4635
7531
10600
11814
9056
3136
-2235
-4663
-4298
-2299
-11
956
-297
-3899
-8469
-10953
-9563
-5858
-2454
-120
1291
1665
1067
87
-300
746
2991
5059
6147
6528
6166
4741
2830
1533
1255
1911
3090
3979
3903
2718
571
-1963
-3844
-4396
-3806
-2603
-1396
-1148
-2270
-3975
-5008
-5026
-4326
-3338
-2440
-1741
-1266
-1050
-990
-544
301
933
1009
782
509
136
-276
-655
-1030
-1322
-1336
-1185
-984
-688
-502
-584
-602
-391
-242
-107
219
592
1032
1605
1929
1579
631
-707
-1949
-2335
-1974
-1506
-1151
-1025
-1418
-2117
-2554
-2687
-2609
-2313
-2356
-2824
-3109
-2920
-2404
-561
3218
7099
9079
8402
5729
2783
2064
4073
7541
10947
11834
8272
1764
-3444
-5200
-3846
-893
1731
2365
579
-3178
-7465
-9212
-6832
-2584
229
1032
580
-711
-2124
-2845
-2460
-660
2123
4055
4274
3662
2641
1152
179
639
2204
4254
5985
6303
4996
2806
480
-1276
-1825
-1223
-357
298
388
-701
-2892
-4965
-5800
-5423
-4221
-2915
-2271
-2232
-2415
-2856
-3227
-2789
-1833
-1104
-706
-790
-1448
-2041
-1933
-1311
-394
679
1368
1505
1316
878
406
479
1205
2016
2491
2451
1945
1270
636
98
-408
-906
-1376
-1827
-2211
-2441
-2311
-2005
-1834
-2109
-2769
-3462
-3870
-3896
-3620
-3041
-2381
-1615
-950
-310
229
771
1410
2899
5569
7715
7973
6277
4054
2680
3248
5128
7026
7929
6429
2369
-1999
-3653
-2310
359
2333
2647
1503
-629
-3198
-4987
-4386
-1790
547
917
-245
-1596
-2545
-3059
-3041
-2265
-831
594
1116
798
448
273
244
693
1776
2975
3975
4341
3639
2496
1475
884
999
1781
2310
2174
1621
293
-1587
-3185
-3837
-3309
-1860
-761
-977
-2166
-3714
-5051
-5449
-4769
-3575
-2421
-1914
-2212
-2713
-2779
-2239
-1171
127
1189
1729
1707
1458
1384
1614
2105
2612
2790
2534
2013
1181
301
-248
-566
-676
-470
-186
-295
-737
-1427
-2327
-2977
-3181
-3143
-3016
-2908
-2842
-2703
-2273
-1681
-1177
-710
-432
-309
-188
105
615
1051
1331
1639
2677
4138
4785
4005
2310
980
945
2329
4179
5698
6114
4549
1515
-697
-380
1786
3901
4484
3439
1541
-521
-2203
-2598
-1225
683
1117
-320
-2307
-3661
-4126
-3911
-3184
-2032
-838
-425
-970
-1610
-1821
-1647
-1106
-143
1157
2448
3265
3246
2795
2146
1484
1380
1910
2533
2781
2616
1907
887
-136
-949
-1150
-695
-451
-1207
-2601
-3794
-4270
-4081
-3536
-2977
-2537
-2363
-2583
-2870
-2710
-1963
-1061
-405
-53
43
86
204
289
365
540
754
898
995
1070
1083
1087
1024
844
657
494
270
-131
-571
-899
-1121
-1213
-1147
-950
-767
-698
-861
-1232
-1550
-1627
-1505
-1252
-908
-615
-484
-523
-628
-760
-904
-952
-930
-699
-20
1220
2475
2922
2513
1770
1556
2239
3528
4693
5226
4865
3576
2146
1692
2530
3643
3967
3213
1904
614
-373
-942
-909
-252
260
-134
-1248
-2247
-2778
-2992
-3010
-2820
-2321
-1642
-1263
-1376
-1613
-1717
-1628
-1242
-500
340
986
1355
1317
1096
1013
1192
1536
1927
2101
1708
1003
315
-157
-315
-24
441
548
148
-638
-1421
-1762
-1451
-939
-713
-853
-1316
-1907
-2236
-2114
-1848
-1670
-1628
-1773
-1975
-1953
-1648
-1252
-876
-618
-549
-531
-422
-255
-80
106
312
574
923
1209
1306
1248
1050
856
796
810
751
651
459
72
-232
-295
-290
-387
-577
-951
-1468
-1789
-1852
-1742
-1448
-1048
-854
-827
-757
-715
-722
-615
-195
466
1436
2423
2737
2335
1727
1520
1898
2791
3579
3676
3191
2368
1616
1426
1923
2453
2405
1825
1078
499
229
133
172
412
626
386
-264
-814
-1104
-1233
-1286
-1251
-1073
-799
-722
-1020
-1374
-1474
-1380
-1238
-1057
-875
-746
-714
-732
-668
-421
-15
414
691
747
687
594
581
770
1094
1289
1284
1085
660
190
-134
-279
-322
-335
-462
-802
-1236
-1598
-1803
-1882
-1897
-1904
-1962
-1983
-1891
-1785
-1688
-1480
-1177
-894
-607
-300
-105
-6
62
64
85
251
457
563
612
588
446
302
251
247
250
250
154
28
8
45
48
5
-96
-279
-408
-399
-381
-287
-141
-80
-47
45
109
11
-116
-229
-226
37
455
838
1122
1218
1009
668
538
760
1199
1603
1731
1651
1508
1410
1392
1535
1787
1923
1840
1588
1382
1260
1162
1044
944
891
745
392
-59
-441
-727
-945
-1085
-1167
-1203
-1198
-1247
-1337
-1362
-1314
-1236
-1099
-845
-604
-430
-283
-188
-114
-58
11
70
148
234
217
156
142
151
99
21
-61
-178
-311
-484
-638
-692
-665
-628
-631
-673
-698
-675
-626
-582
-543
-481
-460
-520
-632
-719
-705
-604
-515
-486
-519
-568
-584
-597
-559
-426
-271
-148
-78
-24
37
142
261
272
269
313
402
493
578
604
505
402
310
239
205
205
197
139
84
69
25
-35
-103
-175
-197
-195
-220
-294
-306
-205
-42
126
289
423
472
458
460
616
925
1252
1413
1362
1221
1097
1021
1035
1189
1316
1259
1044
785
628
571
506
387
312
345
323
140
-65
-179
-210
-211
-240
-298
-353
-425
-616
-836
-880
-800
-712
-637
-588
-612
-670
-712
-770
-739
-605
-500
-463
-426
-354
-299
-226
-117
0
111
211
266
261
224
206
180
134
78
-34
-192
-300
-344
-385
-408
-412
-483
-626
-746
-825
-840
-746
-627
-560
-536
-553
-588
-593
-509
-368
-242
-145
-78
-28
22
60
100
178
279
345
364
359
361
370
366
369
372
370
298
151
52
19
25
28
-22
-104
-152
-156
-137
-96
-42
3
-8
-45
-61
-32
65
171
239
342
470
506
443
360
390
532
692
756
739
771
804
777
809
960
1103
1127
1002
851
819
845
764
591
484
449
335
129
-42
-129
-166
-255
-449
-638
-731
-784
-866
-896
-803
-709
-683
-687
-684
-629
-501
-383
-319
-260
-203
-176
-145
-83
-45
-43
-17
28
54
44
8
-37
-66
-77
-90
-112
-123
-148
-230
-314
-346
-351
-365
-385
-408
-426
-433
-437
-436
-410
-347
-311
-332
-358
-361
-334
-287
-214
-133
-81
-49
-33
-38
-35
-29
-37
-15
40
97
113
101
94
84
103
136
185
227
256
255
225
204
183
154
113
124
150
140
81
-26
-132
-186
-193
-182
-128
-59
17
65
89
118
191
322
419
456
471
536
634
724
748
745
749
720
669
646
701
750
688
516
383
367
397
364
272
233
244
201
64
-67
-102
-75
-85
-148
-190
-197
-217
-293
-359
-370
-351
-337
-360
-370
-347
-332
-358
-388
-385
-357
-303
-247
-238
-278
-305
-292
-268
-231
-186
-171
-143
-109
-126
-169
-159
-111
-92
-99
-124
-172
-195
-169
-138
-116
-92
-117
-196
-261
-281
-278
-262
-246
-257
-287
-288
-274
-274
-255
-209
-150
-93
-60
-60
-60
-23
29
64
94
139
170
175
152
111
79
65
65
72
93
119
126
109
69
18
-19
-14
31
77
92
64
24
1
3
19
42
82
126
127
98
59
62
125
190
233
251
287
330
346
340
344
392
439
474
507
565
618
613
559
532
562
589
540
444
378
352
315
230
143
89
48
-37
-155
-250
-299
-319
-346
-373
-391
-414
-442
-464
-451
-412
-363
-327
-313
-308
-322
-331
-320
-277
-218
-156
-101
-79
-91
-123
-152
-150
-112
-68
-46
-57
-90
-130
-169
-193
-183
-152
-136
-144
-178
-201
-179
-133
-103
-97
-104
-125
-148
-155
-145
-117
-87
-82
-109
-137
-145
-140
-115
-71
-14
32
53
46
18
5
24
55
93
120
128
116
102
85
58
36
18
9
7
9
2
-15
-31
-50
-55
-42
-18
-4
-9
-32
-59
-74
-46
16
86
143
174
194
235
270
276
283
330
401
455
485
503
511
489
442
407
423
451
425
359
324
343
358
314
242
198
183
159
93
16
-28
-63
-125
-184
-200
-182
-177
-210
-265
-298
-300
-294
-294
-286
-264
-256
-271
-297
-308
-290
-262
-237
-222
-222
-226
-228
-213
-178
-140
-108
-83
-78
-104
-138
-155
-139
-103
-72
-71
-87
-106
-134
-160
-162
-134
-94
-60
-49
-59
-71
-80
-85
-82
-65
-47
-37
-41
-48
-48
-45
-35
-28
-24
-25
-30
-30
-25
-13
-5
1
13
26
34
16
-8
-22
-19
-3
15
30
38
44
43
42
45
52
54
52
60
77
97
117
136
135
123
108
106
105
97
92
108
163
232
264
248
228
233
248
260
274
290
289
263
232
228
275
330
340
308
277
261
235
192
155
146
151
139
90
33
-3
-38
-91
-146
-180
-192
-207
-227
-249
-260
-256
-253
-261
-260
-242
-232
-238
-246
-237
-206
-172
-155
-161
-170
-167
-150
-132
-106
-80
-57
-44
-44
-48
-51
-49
-47
-47
-45
-39
-36
-43
-53
-61
-64
-65
-69
-75
-81
-84
-91
-101
-105
-101
-96
-95
-96
-95
-89
-87
-88
-84
-69
-52
-42
-33
-20
-6
4
7
9
27
52
69
72
71
74
78
70
50
30
19
19
22
32
49
53
40
23
8
4
8
8
-2
-12
-13
-9
2
29
69
100
116
130
149
187
216
222
221
242
284
319
341
345
333
301
261
230
233
253
247
209
171
156
145
118
82
58
45
22
-23
-71
-91
-101
-122
-155
-172
-171
-170
-181
-200
-209
-199
-179
-164
-156
-150
-149
-149
-143
-126
-103
-82
-68
-65
-68
-67
-62
-54
-50
-47
-47
-55
-64
-68
-68
-67
-61
-61
-67
-78
-92
-106
-113
-107
-95
-84
-76
-76
-81
-80
-72
-55
-31
-10
-5
-11
-20
-20
-13
-4
4
6
7
9
10
10
17
27
35
36
28
13
-3
-19
-33
-43
-48
-48
-51
-56
-61
-66
-67
-62
-53
-42
-37
-34
-26
-8
18
46
62
69
72
66
70
81
101
125
142
149
154
162
181
204
213
212
202
197
201
210
214
210
194
166
138
123
127
128
113
85
65
59
48
28
0
-13
-21
-31
-48
-58
-57
-56
-67
-82
-85
-74
-63
-61
-67
-75
-79
-80
-73
-58
-42
-40
-57
-76
-84
-81
-73
-65
-62
-63
-68
-77
-79
-75
-69
-64
-62
-64
-67
-70
-74
-75
-71
-60
-56
-59
-64
-67
-59
-45
-34
-24
-15
-6
-1
1
-1
-4
-5
-8
-15
-23
-25
-26
-28
-29
-35
-39
-45
-53
-60
-61
-58
-54
-52
-51
-54
-58
-62
-65
-68
-64
-61
-55
-48
-43
-37
-30
-21
-8
6
15
22
30
43
52
59
67
81
96
103
101
100
106
120
133
137
134
132
129
134
135
132
124
112
106
107
115
124
123
108
89
73
70
77
85
84
75
61
48
38
32
32
37
32
20
3
-7
-11
-15
-22
-27
-23
-14
-12
-17
-27
-37
-45
-47
-44
-38
-37
-45
-65
-81
-85
-77
-65
-56
-55
-65
-76
-82
-77
-65
-54
-48
-49
-54
-63
-68
-67
-58
-49
-45
-47
-48
-49
-48
-46
-43
-35
-28
-28
-30
-33
-31
-31
-30
-36
-39
-43
-48
-53
-61
-64
-67
-68
-70
-72
-74
-76
-76
-76
-74
-71
-68
-67
-65
-60
-52
-43
-31
-20
-10
0
8
13
19
29
39
46
51
57
66
73
81
87
92
97
99
99
99
97
98
102
104
104
100
95
91
90
92
93
88
81
72
67
70
78
86
87
82
76
71
75
81
87
87
83
73
61
52
47
48
49
46
36
24
12
2
-7
-10
-9
-8
-13
-19
-31
-40
-48
-54
-56
-55
-52
-55
-64
-75
-83
-85
-79
-68
-60
-56
-57
-62
-70
-70
-63
-52
-42
-38
-42
-48
-52
-54
-52
-44
-37
-33
-33
-37
-41
-45
-47
-49
-49
-49
-50
-58
-65
-73
-80
-79
-72
-67
-64
-66
-73
-82
-87
-85
-79
-70
-63
-57
-56
-53
-51
-43
-32
-20
-11
-5
-1
3
6
13
21
33
45
53
54
53
51
53
58
64
69
73
74
74
75
76
78
78
77
77
81
84
84
82
77
74
71
73
76
81
83
79
72
67
67
71
79
85
89
86
77
70
67
70
76
80
79
72
61
48
37
33
33
33
30
21
10
0
-14
-25
-30
-30
-30
-35
-42
-51
-59
-64
-66
-65
-61
-56
-58
-60
-61
-64
-65
-65
-62
-57
-53
-54
-56
-59
-59
-58
-56
-53
-52
-50
-50
-51
-54
-59
-61
-61
-58
-54
-51
-50
-53
-56
-59
-59
-56
-55
-54
-54
-55
-57
-59
-59
-57
-53
-52
-50
-50
-51
-51
-48
-43
-35
-28
-21
-16
-11
-5
1
7
14
23
31
38
41
44
49
53
57
60
64
67
68
68
66
67
68
70
71
71
70
69
68
67
68
67
67
67
66
65
66
66
67
66
65
63
63
61
60
61
60
62
60
57
54
51
49
48
47
46
45
40
39
37
37
34
29
24
19
14
8
-1
-6
-10
-15
-22
-27
-32
-40
-47
-54
-58
-60
-63
-67
-72
-75
-77
-77
-74
-72
-70
-67
-65
-62
-62
-61
-60
-56
-53
-50
-48
-47
-44
-47
-48
-49
-50
-49
-50
-49
-49
-51
-52
-53
-52
-51
-49
-48
-47
-47
-46
-46
-45
-43
-40
-37
-32
-28
-25
-24
-25
-24
-20
-14
-9
-3
3
7
7
9
11
16
22
28
34
39
44
45
46
49
56
62
67
70
70
68
67
68
69
71
75
76
72
67
60
57
54
54
55
55
54
49
45
41
41
41
43
43
41
38
35
32
33
32
34
34
33
32
29
27
24
23
21
19
