1
1
-2
-4
-7
-12
-22
-32
-42
-52
-68
-90
-105
-116
-128
-142
-152
-157
-155
-157
-154
-142
-130
-117
-108
-94
-73
-56
-49
-47
-39
-30
-27
-30
-28
-26
-16
-11
-12
6
28
43
68
101
172
283
381
479
602
736
894
1026
1142
1277
1357
1352
1266
1135
1015
864
631
376
135
-74
-299
-549
-720
-798
-845
-933
-1025
-1021
-934
-877
-865
-844
-739
-607
-550
-502
-378
-195
-44
55
152
342
547
667
767
852
929
965
892
778
659
427
120
-252
-633
-976
-1327
-1675
-1978
-2214
-2402
-2517
-2514
-2384
-2212
-2011
-1811
-1575
-1312
-1130
-964
-790
-663
-541
-418
-276
-59
165
357
565
777
1003
1238
1401
1483
1515
1483
1360
1161
911
640
388
102
-186
-395
-504
-519
-459
-291
43
559
1188
1815
2436
3123
3780
4340
4770
5083
5247
5141
4683
4011
3320
2575
1689
712
-212
-934
-1524
-2113
-2529
-2674
-2660
-2691
-2821
-2834
-2634
-2406
-2359
-2452
-2444
-2317
-2235
-2254
-2220
-1938
-1582
-1336
-1087
-651
24
666
1078
1438
1837
2197
2377
2286
2120
1898
1484
874
150
-462
-999
-1650
-2361
-2963
-3321
-3479
-3590
-3602
-3414
-3118
-2846
-2550
-2177
-1735
-1294
-1020
-848
-583
-301
-52
199
424
723
1048
1277
1548
1856
2131
2310
2286
2215
2192
2082
1803
1408
1004
678
319
-87
-331
-455
-540
-611
-647
-390
186
830
1501
2164
2877
3668
4302
4794
5261
5616
5680
5217
4423
3628
2708
1625
414
-724
-1555
-2274
-3012
-3565
-3756
-3645
-3557
-3615
-3567
-3273
-2921
-2828
-2889
-2818
-2633
-2559
-2693
-2763
-2486
-2036
-1688
-1402
-914
-122
674
1300
1948
2714
3429
3831
3855
3814
3760
3375
2628
1670
699
-202
-1256
-2392
-3307
-3987
-4505
-4895
-5058
-4795
-4302
-3850
-3385
-2813
-2114
-1457
-995
-578
-154
172
414
615
909
1336
1664
1857
2048
2319
2637
2810
2867
2889
2855
2671
2263
1871
1544
1115
580
-12
-455
-698
-994
-1305
-1500
-1516
-1263
-860
-227
657
1524
2270
2913
3608
4466
5163
5593
5706
5345
4664
3728
2746
1895
979
-112
-1164
-2083
-2748
-3223
-3615
-3714
-3650
-3756
-4001
-4072
-3771
-3343
-3253
-3378
-3318
-3048
-2829
-2815
-2614
-1976
-1295
-869
-557
102
1219
2135
2594
2995
3572
4179
4329
3996
3647
3327
2610
1421
170
-764
-1510
-2480
-3558
-4311
-4600
-4687
-4701
-4505
-3968
-3246
-2668
-2150
-1481
-728
-81
295
548
883
1205
1435
1636
1903
2237
2453
2518
2592
2734
2830
2729
2467
2135
1759
1270
573
-187
-842
-1526
-2198
-2832
-3298
-3537
-3762
-3934
-3848
-3379
-2505
-1448
-363
857
2180
3607
4908
6136
7416
8372
8715
8388
7596
6811
5869
4544
3063
1525
154
-1182
-2516
-3448
-3834
-3979
-4211
-4558
-4621
-4300
-3992
-3881
-3864
-3707
-3511
-3515
-3580
-3389
-2906
-2426
-2080
-1655
-852
255
1285
2159
3055
4010
4881
5424
5724
5908
5753
5096
4002
2756
1552
259
-1220
-2683
-3960
-4945
-5633
-5991
-5946
-5571
-5038
-4463
-3749
-2865
-1946
-1155
-582
-98
300
539
710
846
1035
1201
1250
1325
1514
1770
1948
1947
1863
1738
1556
1248
764
198
-453
-1247
-2073
-2812
-3378
-3839
-4307
-4598
-4654
-4278
-3456
-2303
-885
615
2128
3727
5320
6923
8450
9551
10100
9968
9289
8251
7000
5586
3949
2114
367
-1156
-2425
-3440
-4068
-4241
-4278
-4353
-4386
-4126
-3630
-3195
-3016
-3001
-2873
-2635
-2529
-2501
-2334
-1944
-1483
-1210
-852
-65
1007
2007
2721
3392
4252
5043
5469
5561
5475
5182
4406
3149
1717
375
-931
-2436
-4062
-5422
-6258
-6736
-6984
-6898
-6384
-5606
-4827
-4072
-3180
-2180
-1312
-714
-301
79
455
740
909
1087
1291
1410
1455
1505
1616
1666
1515
1237
918
543
59
-540
-1240
-1952
-2647
-3291
-3819
-4177
-4434
-4518
-4422
-3998
-3012
-1657
-50
1629
3306
5036
6695
8244
9782
11050
11807
11784
11069
9966
8603
7069
5216
3168
1284
-376
-1839
-3056
-3912
-4160
-4194
-4342
-4425
-4222
-3683
-3141
-2920
-2905
-2815
-2655
-2603
-2699
-2696
-2474
-2166
-1927
-1590
-829
276
1371
2250
3047
3897
4743
5339
5534
5422
4980
4035
2651
1011
-664
-2269
-3997
-5717
-7173
-8191
-8752
-8893
-8524
-7766
-6768
-5577
-4285
-2911
-1586
-521
327
927
1299
1556
1662
1679
1713
1691
1584
1467
1438
1453
1331
1106
872
611
277
-200
-729
-1297
-1902
-2503
-3073
-3461
-3663
-3740
-3678
-3400
-2614
-1278
277
1941
3688
5563
7411
8982
10453
11857
12891
13120
12357
11078
9638
7957
5922
3553
1293
-566
-2261
-3918
-5133
-5465
-5322
-5320
-5484
-5344
-4595
-3819
-3520
-3469
-3307
-2950
-2786
-2982
-3013
-2555
-1930
-1680
-1531
-744
644
1989
2880
3622
4622
5534
5925
5874
5734
5438
4410
2617
626
-1026
-2582
-4528
-6547
-8052
-8903
-9398
-9682
-9303
-8157
-6859
-5812
-4783
-3333
-1717
-561
30
442
922
1217
1169
1063
1196
1464
1503
1314
1365
1749
2025
1862
1498
1290
1030
494
-343
-1174
-1852
-2637
-3500
-4188
-4532
-4501
-4389
-4274
-3573
-2139
-235
1718
3566
5561
7654
9441
10951
12317
13474
14004
13360
11898
10171
8439
6415
3958
1522
-484
-2256
-3934
-5278
-5819
-5629
-5527
-5667
-5577
-4952
-4112
-3608
-3452
-3187
-2820
-2656
-2727
-2684
-2212
-1528
-1074
-798
-146
1082
2417
3416
4278
5172
5909
6269
6200
5967
5511
4508
2876
802
-1251
-3109
-4965
-6882
-8587
-9787
-10525
-10858
-10557
-9628
-8354
-6968
-5585
-4124
-2612
-1180
-14
767
1247
1559
1791
1908
1969
2131
2286
2303
2258
2296
2455
2500
2301
1901
1395
774
-60
-1088
-2132
-3042
-3923
-4750
-5411
-5690
-5470
-5063
-4359
-2915
-816
1562
3789
5952
8295
10505
12366
13785
14855
15381
14853
13378
11398
9318
7159
4494
1636
-760
-2593
-4149
-5596
-6340
-6242
-5914
-5849
-5869
-5321
-4381
-3737
-3589
-3640
-3363
-2971
-2989
-3173
-2955
-2135
-1330
-910
-256
1079
2708
3920
4724
5684
6721
7248
7020
6353
5580
4476
2649
219
-2221
-4392
-6537
-8773
-10718
-11817
-12222
-12317
-11955
-10893
-9251
-7514
-5891
-4211
-2502
-914
259
999
1576
1997
2275
2313
2332
2645
3015
3282
3487
3791
4140
4161
3911
3544
3020
2206
982
-394
-1763
-3029
-4229
-5422
-6261
-6651
-6616
-6262
-5493
-3801
-1402
1145
3574
5930
8518
10936
12908
14510
15607
16084
15413
13705
11620
9419
7149
4412
1436
-1006
-2863
-4379
-5785
-6508
-6294
-5998
-5955
-5943
-5429
-4505
-4043
-4154
-4429
-4405
-4130
-4205
-4338
-3991
-3093
-2074
-1358
-286
1532
3505
5076
6153
7240
8280
8711
8402
7434
6200
4625
2378
-296
-3054
-5503
-7759
-9987
-11767
-12741
-12941
-12672
-11937
-10606
-8870
-6976
-5137
-3313
-1612
-281
737
1396
1808
2134
2404
2623
2782
3112
3654
4136
4567
4966
5311
5454
5154
4630
3835
2696
1292
-441
-2274
-3972
-5494
-6786
-7875
-8416
-8332
-7892
-6851
-5026
-2333
675
3446
6162
8882
11424
13601
15161
16178
16365
15411
13476
10912
8428
5931
3114
263
-2159
-3838
-5086
-6149
-6466
-6063
-5531
-5369
-5367
-4847
-4111
-3820
-4133
-4631
-4741
-4653
-4779
-4819
-4290
-3137
-1911
-866
668
2984
5333
7041
8152
9174
10068
10160
9378
8019
6241
4046
1086
-2233
-5170
-7692
-9959
-12135
-13694
-14101
-13776
-13016
-11821
-10055
-7889
-5911
-4098
-2316
-649
669
1307
1548
1792
2082
2349
2482
2777
3465
4306
5021
5619
6295
6896
6982
6492
5682
4757
3444
1566
-626
-2767
-4662
-6491
-8142
-9360
-9903
-9757
-9303
-8158
-5882
-2867
386
3258
6173
9245
11860
13973
15346
16208
16258
14860
12603
9933
7443
4996
1983
-696
-2619
-3847
-4784
-5669
-5588
-4841
-4298
-4152
-4175
-3571
-2968
-3199
-3886
-4599
-4751
-4793
-5161
-5116
-4341
-2957
-1672
-575
1299
3835
6250
7887
8893
9995
10695
10411
9238
7521
5583
3101
-61
-3383
-6321
-8664
-10787
-12735
-13859
-13907
-13184
-12130
-10733
-8768
-6600
-4697
-3004
-1436
-25
1016
1482
1606
1707
1904
2110
2257
2615
3381
4221
4956
5667
6395
6889
6786
6185
5322
4137
2507
401
-1942
-4135
-6115
-7971
-9572
-10629
-10923
-10664
-10083
-8586
-5994
-2684
651
3561
6598
9639
12229
14303
15587
16411
16217
14575
12197
9445
7077
4571
1554
-1016
-2896
-3930
-4743
-5455
-5085
-4397
-3956
-4033
-4259
-3728
-3444
-3861
-4724
-5588
-5669
-5719
-5885
-5539
-4502
-2703
-1122
398
2711
5474
8062
9655
10599
11524
11891
11417
9991
7989
5773
2951
-346
-3744
-6625
-8753
-10703
-12335
-13239
-13099
-12181
-11058
-9568
-7705
-5786
-4127
-2847
-1671
-715
-67
196
111
133
315
702
1193
1905
3042
4223
5298
6274
7073
7573
7430
6779
5787
4318
2524
334
-2035
-4297
-6503
-8326
-9804
-10768
-10890
-10591
-9741
-8150
-5702
-2372
871
3910
6852
9511
11985
13797
15027
15702
15201
13643
11196
8488
6119
3625
1089
-1224
-2912
-3757
-4466
-4776
-4276
-3486
-2881
-3033
-3249
-3041
-3056
-3549
-4655
-5625
-5977
-6181
-6174
-5755
-4479
-2488
-643
1240
3600
6428
8999
10587
11472
12025
12076
11220
9418
7150
4657
1788
-1497
-4720
-7293
-9201
-10801
-12188
-12862
-12546
-11539
-10323
-8990
-7292
-5507
-4051
-2995
-2125
-1282
-771
-651
-697
-572
-71
469
1006
1765
2942
4376
5549
6528
7315
7754
7548
6611
5416
3958
2150
-146
-2814
-5214
-7295
-9004
-10369
-11282
-11283
-10717
-9732
-8127
-5674
-2188
1416
4446
7164
9712
12201
14066
15089
15682
15493
14221
11821
8954
6654
4542
2183
-241
-2107
-2850
-3319
-3825
-3868
-3332
-2624
-2797
-3572
-3920
-3986
-4345
-5540
-6896
-7394
-7353
-7139
-6702
-5447
-3159
-773
1425
3861
6759
9620
11500
12322
12653
12557
11676
9834
7324
4624
1657
-1671
-4802
-7391
-9193
-10445
-11521
-11976
-11742
-10760
-9396
-8073
-6572
-5155
-3929
-3043
-2503
-1932
-1546
-1399
-1429
-1389
-863
-58
838
1788
2986
4482
5882
6912
7597
7953
7719
6796
5332
3699
1893
-376
-2931
-5488
-7567
-9093
-10338
-11077
-11178
-10601
-9544
-8243
-6130
-3030
603
4032
6711
9110
11411
13287
14595
15217
15368
14705
12729
9975
7200
5098
3212
902
-1233
-2669
-3159
-3436
-3921
-3803
-3256
-2895
-3405
-4524
-4992
-5159
-5709
-6888
-8055
-8041
-7407
-6623
-5529
-3693
-800
1987
4337
6789
9476
12048
13230
13186
12727
11854
10439
7870
4806
1940
-1011
-3919
-6846
-8988
-10042
-10797
-11253
-11450
-10802
-9448
-8274
-7158
-6132
-4907
-3842
-3401
-3003
-2578
-2013
-1649
-1583
-1102
-203
987
2023
2945
4271
5746
6961
7534
7652
7542
6876
5563
3782
1935
49
-2245
-4765
-7050
-8650
-9679
-10554
-11037
-10805
-9814
-8467
-7002
-4741
-1554
1974
5061
7399
9789
12085
13819
14858
15259
15506
14772
12685
9921
7311
5559
3590
1170
-873
-2027
-2335
-3002
-3651
-3509
-2985
-2876
-4008
-5200
-5574
-5796
-6509
-7878
-8595
-8162
-7359
-6469
-5129
-2551
675
3343
5548
7913
10614
12589
13034
12504
11699
10616
8613
5764
2890
294
-2314
-5155
-7534
-8831
-9300
-9625
-10078
-9980
-9258
-8357
-7610
-7024
-6104
-5225
-4750
-4550
-4263
-3444
-2672
-2143
-1521
-522
931
2158
3147
4215
5381
6441
6849
6851
6692
6116
4991
3264
1509
-9
-1691
-3604
-5622
-7229
-8279
-9140
-9638
-9708
-9157
-8179
-7259
-5927
-4090
-1481
1546
4263
6946
9222
11250
12905
13963
15046
15487
15166
13775
11360
9055
6731
4637
2440
161
-1378
-2545
-3292
-3951
-4386
-4166
-4219
-4844
-5970
-6878
-7091
-7414
-8040
-8709
-8679
-7725
-6483
-4875
-2584
435
3549
5966
7999
10052
11902
12851
12476
11413
10031
8155
5710
2959
500
-1668
-3834
-5864
-7378
-8105
-8350
-8467
-8530
-8445
-8123
-7749
-7366
-6895
-6353
-5836
-5362
-4828
-4052
-3070
-1929
-592
749
2084
3366
4562
5639
6361
6820
6904
6595
5985
5012
3858
2371
763
-759
-2314
-3675
-4990
-6126
-7040
-7842
-8263
-8423
-8312
-7796
-6958
-5813
-4511
-3059
-1036
1600
4500
7232
9345
11134
12757
14025
14880
15067
14845
13805
11608
8903
6182
4133
2183
7
-1794
-3134
-3759
-4436
-5179
-5291
-5298
-5529
-6619
-7832
-8082
-8038
-8085
-8468
-8235
-6763
-4959
-2937
-696
2203
5438
7702
9215
10338
11419
11960
11007
9303
7414
5585
3523
992
-1076
-2572
-3725
-4880
-6053
-6517
-6538
-6524
-6810
-7322
-7527
-7673
-7780
-7786
-7504
-6698
-5811
-4847
-3653
-2069
-122
1637
3140
4430
5566
6450
6722
6553
6094
5478
4625
3340
1997
771
-402
-1703
-3105
-4176
-4952
-5646
-6360
-7090
-7623
-7968
-8148
-8070
-7697
-6947
-5886
-4686
-3302
-1744
256
2948
5969
8849
10977
12531
13935
14933
15525
15526
15142
14196
11987
9039
6047
3798
1992
-239
-2212
-3524
-4198
-4965
-6185
-6649
-6409
-6363
-7272
-8682
-8969
-8336
-7841
-7747
-7159
-5054
-2535
-626
1189
3732
6916
9078
9651
9764
10078
10283
9214
7116
5392
4109
2750
802
-905
-1446
-1761
-2517
-3745
-4646
-4879
-5539
-6732
-8089
-8906
-9126
-9675
-10028
-9640
-8206
-6206
-4540
-2647
-444
1985
4068
5209
6089
6641
6746
6071
4710
3632
2667
1706
471
-832
-1575
-2151
-2699
-3431
-4026
-4210
-4634
-5442
-6357
-6786
-6813
-6975
-7157
-6954
-6060
-4819
-3525
-2124
-506
1311
2816
4268
6203
8621
10941
12279
12960
13519
13989
14277
14069
13512
12382
10132
7129
4078
1786
-56
-2154
-4059
-5456
-6328
-7110
-7803
-7569
-6789
-6285
-6553
-7055
-6557
-5483
-4597
-4085
-3345
-1811
-372
626
1739
3405
5257
6152
6139
6103
6377
6517
5829
4725
3968
3398
2531
1276
267
-214
-905
-2232
-3915
-5309
-6268
-7332
-8492
-9389
-9627
-9332
-8836
-7757
-5900
-3399
-944
952
2598
4128
5453
6051
5799
5160
4295
3227
1816
412
-607
-1320
-1849
-2385
-2659
-2663
-2671
-2811
-3200
-3531
-3832
-4282
-4759
-5238
-5369
-5224
-4993
-4579
-3973
-2871
-1591
-448
709
1874
3140
4112
4720
5642
7104
9208
11094
12108
12694
12925
12919
12385
11471
10595
9041
6384
2834
-518
-2628
-4170
-5510
-6475
-6549
-5743
-5359
-5291
-4634
-3336
-2378
-3025
-4375
-5037
-5029
-5021
-5647
-5836
-4779
-3291
-2081
-990
1130
3943
5826
6525
6662
7132
7528
6923
5724
4415
3540
2569
952
-489
-1465
-1995
-2925
-4377
-5495
-6257
-6541
-6848
-7090
-6803
-6149
-4931
-3742
-2351
-478
1259
2586
2974
3040
3016
2542
1645
198
-997
-1765
-2338
-2751
-2984
-2482
-1720
-1139
-791
-543
-165
-273
-999
-2045
-3029
-3659
-4263
-4764
-4992
-4823
-4272
-3600
-2639
-1468
-295
827
1721
2525
3258
3835
4377
4588
4557
4694
5492
7108
8688
9509
9609
9338
9029
8511
7941
7516
6819
5226
2635
276
-865
-1179
-1390
-1677
-1553
-1248
-1783
-2956
-3833
-4009
-4374
-6108
-8450
-9866
-9842
-9199
-8778
-7663
-5235
-2338
-178
1342
3519
6139
7865
7862
6809
6099
5600
4667
3265
2226
2248
2420
2003
1428
1542
2149
1922
601
-1027
-2235
-3140
-4416
-5811
-6621
-6525
-6060
-5938
-5594
-4439
-2966
-2187
-2482
-2947
-3031
-3049
-3251
-3502
-3169
-2201
-1100
-124
909
2361
3718
4130
3703
2986
2243
1100
-587
-2148
-3126
-3520
-3650
-3689
-3175
-2038
-875
-137
213
750
1211
1121
629
163
146
250
215
271
614
1353
2082
2863
4434
6731
8862
9855
9958
9867
9701
9413
9070
8709
7951
6238
3667
1084
-691
-1735
-2743
-3777
-4475
-5141
-6311
-7656
-8129
-7700
-7587
-8239
-8976
-8877
-7960
-6964
-5921
-4380
-2291
-488
449
1317
2923
4838
5947
6162
6449
7128
7724
7872
7873
8126
8314
7810
6518
5046
3700
2010
-415
-3182
-5539
-7412
-8992
-10154
-10611
-10302
-9682
-8933
-7856
-6388
-4692
-3276
-2333
-1691
-1143
-632
-210
401
1228
2074
2784
3301
3860
4263
4326
4004
3296
2502
1554
446
-614
-1408
-1815
-2226
-2616
-2770
-2716
-2717
-3076
-3465
-3681
-3776
-3796
-3676
-3058
-1995
-737
611
2034
3697
5205
6222
6702
6755
6548
6140
6079
6610
7297
7579
7080
6275
5587
4989
4487
3952
3361
2094
-159
-2583
-4268
-4948
-5281
-5501
-5271
-4892
-4956
-5724
-6392
-6289
-6030
-6348
-7209
-7524
-6660
-5300
-3855
-1894
989
4044
6029
7047
8004
9144
9723
9174
8050
7022
6048
4745
3252
2376
2224
1932
847
-686
-1879
-2845
-4121
-5592
-6743
-7335
-7677
-7926
-7727
-6808
-5352
-4006
-3080
-2322
-1518
-836
-602
-628
-527
-278
4
269
824
1833
2948
3701
3861
3680
3308
2601
1512
201
-1018
-2117
-3197
-4047
-4449
-4268
-3680
-2989
-2245
-1466
-670
34
608
1231
1749
2140
2497
2846
3267
3506
3722
3859
3654
3240
2555
1882
1242
506
-4
-242
264
1321
2164
2678
2795
2827
2567
2002
1764
1599
1086
-90
-1550
-2479
-2921
-2902
-2597
-1993
-1016
-493
-756
-1347
-1446
-987
-1089
-1761
-2159
-1862
-1288
-1125
-877
-61
999
1560
1186
704
706
890
763
429
763
1684
2337
2509
2646
3150
3433
2906
1860
794
-35
-1005
-2251
-3275
-3744
-3691
-3657
-3713
-3356
-2682
-2100
-1982
-1993
-1722
-1513
-1503
-1615
-1556
-1185
-870
-702
-611
-317
172
413
379
342
534
724
622
472
632
1114
1560
1701
1718
1811
1939
1938
1712
1446
1213
878
411
-49
-254
-199
-155
-205
-262
-236
-325
-630
-991
-1275
-1515
-1874
-2274
-2626
-2781
-2687
-2414
-1760
-431
1289
2672
3395
3837
4312
4645
4823
5122
5417
5237
4331
3098
2111
1477
955
259
-345
-710
-1357
-2757
-4419
-5257
-5418
-5753
-6369
-6553
-5869
-4895
-4072
-3145
-1657
100
1274
1667
1848
2489
3307
3764
4132
4812
5747
6211
6081
6047
6276
6270
5545
4329
3054
1679
85
-1567
-2949
-3955
-4848
-5797
-6696
-7192
-7178
-7046
-6805
-6246
-5358
-4350
-3489
-2513
-1400
-351
610
1449
2299
3034
3608
4029
4324
4599
4601
4196
3554
2994
2577
2017
1350
756
280
-256
-916
-1468
-1783
-2062
-2538
-3081
-3555
-3936
-4323
-4607
-4578
-4263
-3804
-3418
-2980
-2263
-1318
-403
291
1002
1776
2347
2649
2766
2954
3249
3800
4784
5833
6427
6275
5533
4639
3797
3106
2538
1879
973
-351
-1792
-2736
-3036
-2986
-2941
-2788
-2558
-2752
-3583
-4631
-5221
-5372
-5426
-5402
-4981
-3884
-2463
-1088
201
1643
3297
4603
5212
5333
5481
5703
5704
5515
5312
5224
5049
4640
3985
3076
2097
1076
-91
-1440
-2667
-3445
-3889
-4287
-4779
-5033
-4816
-4349
-3979
-3874
-3585
-2930
-2300
-1895
-1598
-994
-159
465
911
1399
2129
2868
3264
3340
3198
3044
2738
2088
1240
330
-419
-1116
-1831
-2328
-2600
-2650
-2613
-2559
-2371
-2094
-1734
-1415
-1232
-1084
-827
-435
-75
204
476
743
945
1026
1016
939
790
577
298
-8
-250
-397
-443
-359
-236
-159
-9
473
1305
2049
2274
2034
1609
1134
670
380
400
561
517
150
-273
-444
-311
-76
105
304
451
314
-186
-813
-1187
-1370
-1598
-1785
-1663
-1127
-446
93
440
736
1134
1562
1924
2267
2706
3228
3617
3769
3664
3386
3112
2822
2400
1741
891
16
-841
-1583
-2080
-2283
-2268
-2248
-2262
-2284
-2321
-2391
-2494
-2480
-2331
-2165
-2091
-2124
-2059
-1921
-1859
-1855
-1785
-1497
-1104
-769
-470
-89
400
833
1154
1467
1815
2090
2117
1962
1810
1647
1382
1027
722
550
364
82
-288
-667
-911
-1096
-1267
-1362
-1341
-1212
-1161
-1195
-1233
-1276
-1321
-1425
-1496
-1507
-1460
-1327
-1265
-1220
-1094
-923
-679
-370
79
627
1085
1442
1744
2047
2342
2489
2390
2102
1758
1377
946
529
248
153
114
127
247
499
854
1149
1314
1326
1262
1215
1144
1037
902
789
680
582
569
669
861
1021
1058
980
859
758
658
531
364
261
188
62
-72
-248
-461
-774
-1169
-1477
-1700
-1847
-1924
-1914
-1773
-1518
-1246
-1064
-928
-752
-505
-292
-193
-96
52
201
278
245
174
87
-21
-99
-121
-98
-32
55
141
267
425
553
617
601
534
424
239
29
-176
-360
-506
-659
-832
-1038
-1219
-1333
-1410
-1411
-1358
-1284
-1224
-1144
-982
-839
-707
-563
-457
-437
-535
-657
-747
-808
-791
-714
-624
-501
-310
-96
107
329
585
816
941
982
997
1011
1035
1064
1069
1041
991
924
867
850
874
867
798
724
683
674
659
677
739
826
890
842
711
580
484
410
290
155
55
-39
-147
-218
-221
-167
-125
-108
-61
-1
75
138
151
160
200
280
339
351
365
381
349
237
109
27
-19
-65
-125
-170
-183
-168
-163
-147
-82
2
42
-12
-100
-159
-175
-184
-223
-247
-231
-211
-236
-260
-248
-215
-195
-224
-270
-333
-403
-496
-595
-657
-705
-762
-860
-961
-1013
-1022
-997
-962
-897
-798
-686
-552
-430
-292
-125
13
109
163
190
209
217
206
190
195
226
271
312
340
372
412
461
494
498
493
477
462
431
367
291
218
192
176
121
55
15
28
39
33
64
149
264
356
432
502
553
526
413
277
176
126
40
-50
-72
-57
-27
-32
-45
-4
27
34
-11
-85
-129
-146
-121
-74
-29
14
38
31
19
20
18
28
31
10
-9
5
71
146
199
248
309
361
334
248
167
95
8
-168
-392
-549
-635
-692
-745
-750
-678
-603
-558
-491
-395
-307
-256
-273
-222
-58
69
141
60
-99
-191
-323
-371
-260
-143
45
211
312
441
375
175
-2
-125
-17
172
271
308
268
219
136
-44
-193
-197
-64
159
337
402
407
318
178
95
98
199
334
463
608
682
615
399
122
-73
-209
-244
-204
-138
0
67
42
-54
-162
-152
-121
-102
-86
-99
-161
-282
-418
-480
-511
-558
-518
-435
-272
-93
7
143
301
481
627
637
549
427
272
161
105
3
-60
-84
-22
55
7
-1
-53
-208
-351
-417
-339
-266
-262
-155
110
294
270
51
-219
-324
-321
-273
-180
-81
-74
-192
-307
-323
-278
-257
-173
76
329
441
413
244
27
-109
-80
69
131
117
124
111
66
-11
-57
-24
88
269
385
394
321
233
188
65
-59
-147
-164
56
233
272
226
41
-42
-138
-179
15
108
158
190
123
84
-58
-171
-131
-123
-102
-109
-191
-265
-363
-486
-566
-562
-477
-362
-309
-263
-163
-121
-105
-79
-23
106
193
258
297
289
320
316
279
244
172
116
72
72
118
118
103
84
67
28
-59
-86
-98
-144
-193
-249
-229
-157
-92
20
126
219
269
252
256
251
236
223
193
187
161
117
88
67
54
17
-41
-110
-176
-248
-306
-327
-318
-248
-153
-52
19
48
90
122
130
124
129
144
136
144
179
182
142
84
51
37
-1
-5
31
60
58
5
-62
-116
-156
-199
-244
-254
-252
-214
-174
-119
-43
-27
-45
-89
-144
-149
-120
-69
-45
-57
-28
26
52
79
112
139
123
24
-69
-113
-132
-100
-56
-22
29
76
114
131
113
74
25
-5
-11
15
35
17
-11
-29
-13
26
26
-18
-62
-70
-49
-34
-22
16
59
75
75
50
46
66
79
97
70
9
-33
-60
-58
-33
-6
23
25
-5
-28
-19
15
47
50
42
30
12
-22
-53
-34
10
31
30
26
28
24
18
43
86
121
151
178
201
199
160
104
51
25
26
6
-17
-12
-17
-46
-101
-141
-149
-170
-207
-218
-202
-177
-156
-136
-104
-59
-20
-5
-13
-41
-79
-101
-85
-28
9
23
51
67
64
20
3
59
95
109
117
103
75
19
-10
20
39
37
23
13
37
51
42
33
24
36
69
86
108
109
61
25
17
27
51
52
36
27
-14
-68
-111
-153
-151
-130
-112
-94
-77
-48
-39
-72
-124
-167
-185
-185
-157
-115
-62
-22
-10
-2
-2
-5
0
1
18
50
66
77
72
68
86
107
134
150
160
163
144
127
100
74
58
31
22
24
22
10
-21
-54
-71
-95
-128
-146
-150
-133
-121
-126
-131
-129
-113
-86
-55
-16
28
61
90
121
129
123
109
106
126
143
140
113
74
51
49
55
50
57
70
74
55
2
-43
-75
-95
-90
-76
-58
-49
-65
-75
-69
-55
-30
-9
23
67
91
104
102
92
85
71
64
62
54
45
37
22
-10
-62
-109
-124
-118
-109
-99
-88
-82
-88
-108
-133
-150
-160
-158
-138
-113
-87
-74
-67
-47
-29
-8
11
33
57
72
83
97
109
124
139
152
157
143
115
83
52
27
4
-19
-38
-50
-59
-71
-80
-90
-101
-105
-97
-76
-51
-35
-24
-8
12
26
19
3
0
6
18
36
56
79
96
106
119
113
91
64
43
31
17
6
-5
-16
-24
-27
-30
-41
-58
-73
-89
-99
-95
-76
-46
-9
14
31
45
66
91
100
108
111
101
88
73
61
56
55
57
56
38
16
2
-16
-30
-36
-39
-42
-54
-70
-79
-95
-123
-142
-149
-137
-111
-95
-78
-59
-43
-30
-31
-18
7
25
42
58
79
104
110
105
107
98
88
77
60
46
15
-14
-33
-36
-34
-50
-69
-69
-50
-20
-3
-7
-16
-31
-41
-45
-51
-46
-28
-2
23
31
37
40
44
61
71
72
68
59
57
48
30
23
9
-6
-26
-46
-56
-72
-89
-92
-91
-83
-85
-100
-100
