28	26	12	12	10	10	10	26	30	28	12	12	28	28	28	28	28	28	
Iteraion 1
-----------------

P(O|lamda) = 8.077936e-028

3.125000e-002 0.000000e+000 0.000000e+000 0.000000e+000 0.000000e+000 
7.812500e-004 1.953125e-004 0.000000e+000 0.000000e+000 0.000000e+000 
1.953125e-005 9.765625e-006 1.220703e-006 0.000000e+000 0.000000e+000 
4.882813e-007 3.662109e-007 9.155273e-008 7.629395e-009 0.000000e+000 
1.220703e-008 1.220703e-008 4.577637e-009 7.629395e-010 4.768372e-011 
3.051758e-010 3.814697e-010 1.907349e-010 4.768372e-011 6.258488e-012 
7.629395e-012 1.144409e-011 7.152557e-012 2.384186e-012 4.936010e-013 
1.907349e-013 3.337860e-013 2.503395e-013 1.043081e-013 3.032619e-014 
4.768372e-015 9.536743e-015 8.344650e-015 4.172325e-015 1.599619e-015 
1.192093e-016 2.682209e-016 2.682209e-016 1.564622e-016 7.606513e-017 
2.980232e-018 7.450581e-018 8.381903e-018 5.587935e-018 3.354924e-018 
7.450581e-020 2.048910e-019 2.561137e-019 1.920853e-019 1.397660e-019 
1.862645e-021 5.587935e-021 7.683411e-021 6.402843e-021 5.568220e-021 
4.656613e-023 1.513399e-022 2.270099e-022 2.080924e-022 2.140246e-022 
1.164153e-024 4.074536e-024 6.621121e-024 6.621121e-024 7.988847e-024 
2.910383e-026 1.091394e-025 1.909939e-025 2.069100e-025 2.910335e-025 
7.275958e-028 2.910383e-027 5.456968e-027 6.366463e-027 1.038798e-026 
1.818989e-029 7.730705e-029 1.546141e-028 1.932676e-028 3.644149e-028 


2.584939e-026 2.584939e-026 2.584939e-026 2.584939e-026 2.584939e-026 
8.271806e-025 8.271806e-025 8.271806e-025 8.271806e-025 8.271806e-025 
2.646978e-023 2.646978e-023 2.646978e-023 2.646978e-023 2.646978e-023 
8.470329e-022 8.470329e-022 8.470329e-022 8.470329e-022 8.470329e-022 
2.710505e-020 2.710505e-020 2.710505e-020 2.710505e-020 2.710505e-020 
8.673617e-019 8.673617e-019 8.673617e-019 8.673617e-019 8.673617e-019 
2.775558e-017 2.775558e-017 2.775558e-017 2.775558e-017 2.775558e-017 
8.881784e-016 8.881784e-016 8.881784e-016 8.881784e-016 8.881784e-016 
2.842171e-014 2.842171e-014 2.842171e-014 2.842171e-014 2.842171e-014 
9.094947e-013 9.094947e-013 9.094947e-013 9.094947e-013 9.094947e-013 
2.910383e-011 2.910383e-011 2.910383e-011 2.910383e-011 2.910383e-011 
9.313226e-010 9.313226e-010 9.313226e-010 9.313226e-010 9.313226e-010 
2.980232e-008 2.980232e-008 2.980232e-008 2.980232e-008 2.980232e-008 
9.536743e-007 9.536743e-007 9.536743e-007 9.536743e-007 9.536743e-007 
3.051758e-005 3.051758e-005 3.051758e-005 3.051758e-005 3.051758e-005 
9.765625e-004 9.765625e-004 9.765625e-004 9.765625e-004 9.765625e-004 
3.125000e-002 3.125000e-002 3.125000e-002 3.125000e-002 3.125000e-002 
1.000000e+000 1.000000e+000 1.000000e+000 1.000000e+000 1.000000e+000 


1.000000e+000 0.000000e+000 0.000000e+000 0.000000e+000 0.000000e+000 
8.000000e-001 2.000000e-001 0.000000e+000 0.000000e+000 0.000000e+000 
6.400000e-001 3.200000e-001 4.000000e-002 0.000000e+000 0.000000e+000 
5.120000e-001 3.840000e-001 9.600000e-002 8.000000e-003 0.000000e+000 
4.096000e-001 4.096000e-001 1.536000e-001 2.560000e-002 1.600000e-003 
3.276800e-001 4.096000e-001 2.048000e-001 5.120000e-002 6.720000e-003 
2.621440e-001 3.932160e-001 2.457600e-001 8.192000e-002 1.696000e-002 
2.097152e-001 3.670016e-001 2.752512e-001 1.146880e-001 3.334400e-002 
1.677722e-001 3.355443e-001 2.936013e-001 1.468006e-001 5.628160e-002 
1.342177e-001 3.019899e-001 3.019899e-001 1.761608e-001 8.564173e-002 
1.073742e-001 2.684355e-001 3.019899e-001 2.013266e-001 1.208739e-001 
8.589935e-002 2.362232e-001 2.952790e-001 2.214593e-001 1.611392e-001 
6.871948e-002 2.061584e-001 2.834678e-001 2.362232e-001 2.054311e-001 
5.497558e-002 1.786706e-001 2.680060e-001 2.456721e-001 2.526757e-001 
4.398047e-002 1.539316e-001 2.501389e-001 2.501389e-001 3.018101e-001 
3.518437e-002 1.319414e-001 2.308974e-001 2.501389e-001 3.518379e-001 
2.814750e-002 1.125900e-001 2.111062e-001 2.462906e-001 4.018657e-001 
2.251800e-002 9.570149e-002 1.914030e-001 2.392537e-001 4.511238e-001 



Q star

------------
1  1  1  1  1  1  1  1  1  1  1  1  1  1  1  1  1  1  
------------

P star

-----------
1.818989e-029

A Martrix

8.000000e-001 2.000000e-001 0.000000e+000 0.000000e+000 0.000000e+000 
0.000000e+000 8.000000e-001 2.000000e-001 0.000000e+000 0.000000e+000 
0.000000e+000 0.000000e+000 8.000000e-001 2.000000e-001 0.000000e+000 
0.000000e+000 0.000000e+000 0.000000e+000 8.000000e-001 2.000000e-001 
0.000000e+000 0.000000e+000 0.000000e+000 0.000000e+000 1.000000e+000 

B Martrix

1.000000e-030 1.000000e-030 1.000000e-030 1.000000e-030 1.000000e-030 1.000000e-030 1.000000e-030 1.000000e-030 1.000000e-030 2.035517e-001 1.000000e-030 2.739905e-001 1.000000e-030 1.000000e-030 1.000000e-030 1.000000e-030 1.000000e-030 1.000000e-030 1.000000e-030 1.000000e-030 1.000000e-030 1.000000e-030 1.000000e-030 1.000000e-030 1.000000e-030 2.056477e-001 1.000000e-030 2.826402e-001 1.000000e-030 3.416998e-002 1.000000e-030 1.000000e-030 
1.000000e+000 1.000000e-030 1.000000e-030 1.000000e-030 1.000000e-030 1.000000e-030 1.000000e-030 1.000000e-030 1.000000e-030 1.000000e-030 1.000000e-030 1.000000e-030 1.000000e-030 1.000000e-030 1.000000e-030 1.000000e-030 1.000000e-030 1.000000e-030 1.000000e-030 1.000000e-030 1.000000e-030 1.000000e-030 1.000000e-030 1.000000e-030 1.000000e-030 1.000000e-030 1.000000e-030 1.000000e-030 1.000000e-030 1.000000e-030 1.000000e-030 1.000000e-030 
1.000000e+000 1.000000e-030 1.000000e-030 1.000000e-030 1.000000e-030 1.000000e-030 1.000000e-030 1.000000e-030 1.000000e-030 1.000000e-030 1.000000e-030 1.000000e-030 1.000000e-030 1.000000e-030 1.000000e-030 1.000000e-030 1.000000e-030 1.000000e-030 1.000000e-030 1.000000e-030 1.000000e-030 1.000000e-030 1.000000e-030 1.000000e-030 1.000000e-030 1.000000e-030 1.000000e-030 1.000000e-030 1.000000e-030 1.000000e-030 1.000000e-030 1.000000e-030 
1.000000e+000 1.000000e-030 1.000000e-030 1.000000e-030 1.000000e-030 1.000000e-030 1.000000e-030 1.000000e-030 1.000000e-030 1.000000e-030 1.000000e-030 1.000000e-030 1.000000e-030 1.000000e-030 1.000000e-030 1.000000e-030 1.000000e-030 1.000000e-030 1.000000e-030 1.000000e-030 1.000000e-030 1.000000e-030 1.000000e-030 1.000000e-030 1.000000e-030 1.000000e-030 1.000000e-030 1.000000e-030 1.000000e-030 1.000000e-030 1.000000e-030 1.000000e-030 
1.000000e+000 1.000000e-030 1.000000e-030 1.000000e-030 1.000000e-030 1.000000e-030 1.000000e-030 1.000000e-030 1.000000e-030 1.000000e-030 1.000000e-030 1.000000e-030 1.000000e-030 1.000000e-030 1.000000e-030 1.000000e-030 1.000000e-030 1.000000e-030 1.000000e-030 1.000000e-030 1.000000e-030 1.000000e-030 1.000000e-030 1.000000e-030 1.000000e-030 1.000000e-030 1.000000e-030 1.000000e-030 1.000000e-030 1.000000e-030 1.000000e-030 1.000000e-030 
Iteraion 2
-----------------

P(O|lamda) = 6.298826e-014

2.826402e-001 0.000000e+000 0.000000e+000 0.000000e+000 0.000000e+000 
4.649944e-002 5.652804e-032 0.000000e+000 0.000000e+000 0.000000e+000 
1.019232e-002 9.299888e-033 1.130561e-062 0.000000e+000 0.000000e+000 
2.234080e-003 2.038465e-033 1.859978e-063 2.261122e-093 0.000000e+000 
3.638005e-004 4.468159e-034 4.076929e-064 3.719955e-094 4.522243e-124 
5.924175e-005 7.276010e-035 8.936318e-065 8.153858e-095 7.439910e-125 
9.647006e-006 1.184835e-035 1.455202e-065 1.787264e-095 1.630772e-125 
1.587107e-006 1.929401e-036 2.369670e-066 2.910404e-096 3.574527e-126 
4.338515e-008 3.174215e-037 3.858802e-067 4.739340e-097 5.820808e-127 
9.809910e-009 8.677029e-039 6.348429e-068 7.717605e-098 9.478681e-128 
2.150257e-009 1.961982e-039 1.735406e-069 1.269686e-098 1.543521e-128 
4.713201e-010 4.300515e-040 3.923964e-070 3.470812e-100 2.539372e-129 
1.065712e-010 9.426401e-041 8.601030e-071 7.847928e-101 6.941623e-131 
2.409705e-011 2.131424e-041 1.885280e-071 1.720206e-101 1.569586e-131 
5.448636e-012 4.819409e-042 4.262848e-072 3.770560e-102 3.440412e-132 
1.232003e-012 1.089727e-042 9.638819e-073 8.525696e-103 7.541121e-133 
2.785708e-013 2.464006e-043 2.179454e-073 1.927764e-103 1.705139e-133 
6.298826e-014 5.571417e-044 4.928011e-074 4.358908e-104 3.855527e-134 


2.228567e-013 0.000000e+000 0.000000e+000 0.000000e+000 0.000000e+000 
1.354603e-012 0.000000e+000 0.000000e+000 0.000000e+000 0.000000e+000 
6.179971e-012 0.000000e+000 0.000000e+000 0.000000e+000 0.000000e+000 
2.819428e-011 0.000000e+000 0.000000e+000 0.000000e+000 0.000000e+000 
1.731396e-010 0.000000e+000 0.000000e+000 0.000000e+000 0.000000e+000 
1.063241e-009 0.000000e+000 0.000000e+000 0.000000e+000 0.000000e+000 
6.529306e-009 0.000000e+000 0.000000e+000 0.000000e+000 0.000000e+000 
3.968746e-008 1.000000e-300 1.000000e-300 1.000000e-300 1.000000e-300 
1.451839e-006 1.000000e-270 1.000000e-270 1.000000e-270 1.000000e-270 
6.420881e-006 1.000000e-240 1.000000e-240 1.000000e-240 1.000000e-240 
2.929336e-005 1.000000e-210 1.000000e-210 1.000000e-210 1.000000e-210 
1.336422e-004 1.000000e-180 1.000000e-180 1.000000e-180 1.000000e-180 
5.910439e-004 1.000000e-150 1.000000e-150 1.000000e-150 1.000000e-150 
2.613941e-003 1.000000e-120 1.000000e-120 1.000000e-120 1.000000e-120 
1.156037e-002 1.000000e-090 1.000000e-090 1.000000e-090 1.000000e-090 
5.112672e-002 1.000000e-060 1.000000e-060 1.000000e-060 1.000000e-060 
2.261122e-001 1.000000e-030 1.000000e-030 1.000000e-030 1.000000e-030 
1.000000e+000 1.000000e+000 1.000000e+000 1.000000e+000 1.000000e+000 


1.000000e+000 0.000000e+000 0.000000e+000 0.000000e+000 0.000000e+000 
1.000000e+000 0.000000e+000 0.000000e+000 0.000000e+000 0.000000e+000 
1.000000e+000 0.000000e+000 0.000000e+000 0.000000e+000 0.000000e+000 
1.000000e+000 0.000000e+000 0.000000e+000 0.000000e+000 0.000000e+000 
1.000000e+000 0.000000e+000 0.000000e+000 0.000000e+000 0.000000e+000 
1.000000e+000 0.000000e+000 0.000000e+000 0.000000e+000 0.000000e+000 
1.000000e+000 0.000000e+000 0.000000e+000 0.000000e+000 0.000000e+000 
1.000000e+000 2.964394e-323 0.000000e+000 0.000000e+000 0.000000e+000 
1.000000e+000 5.039375e-294 4.940656e-324 0.000000e+000 0.000000e+000 
1.000000e+000 1.377563e-265 1.007875e-294 0.000000e+000 0.000000e+000 
1.000000e+000 3.114838e-236 2.755126e-266 2.015750e-295 0.000000e+000 
1.000000e+000 6.827487e-207 6.229675e-237 5.510252e-267 4.031500e-296 
1.000000e+000 1.496533e-177 1.365497e-207 1.245935e-237 1.102050e-267 
1.000000e+000 3.383843e-148 2.993066e-178 2.730995e-208 2.491870e-238 
1.000000e+000 7.651282e-119 6.767687e-149 5.986132e-179 5.461989e-209 
1.000000e+000 1.730048e-089 1.530256e-119 1.353537e-149 1.197226e-179 
1.000000e+000 3.911849e-060 3.460096e-090 3.060513e-120 2.707075e-150 
1.000000e+000 8.845167e-031 7.823698e-061 6.920192e-091 6.121026e-121 



Q star

------------
1  1  1  1  1  1  1  1  1  1  1  1  1  1  1  1  1  1  
------------

P star

-----------
6.298826e-014

A Martrix

1.000000e+000 5.203040e-032 0.000000e+000 0.000000e+000 0.000000e+000 
0.000000e+000 8.000000e-001 2.000000e-001 0.000000e+000 0.000000e+000 
0.000000e+000 0.000000e+000 8.000000e-001 2.000000e-001 0.000000e+000 
0.000000e+000 0.000000e+000 0.000000e+000 8.000000e-001 2.000000e-001 
0.000000e+000 0.000000e+000 0.000000e+000 0.000000e+000 1.000000e+000 

B Martrix

1.000000e-030 1.000000e-030 1.000000e-030 1.000000e-030 1.000000e-030 1.000000e-030 1.000000e-030 1.000000e-030 1.000000e-030 1.666667e-001 1.000000e-030 2.222222e-001 1.000000e-030 1.000000e-030 1.000000e-030 1.000000e-030 1.000000e-030 1.000000e-030 1.000000e-030 1.000000e-030 1.000000e-030 1.000000e-030 1.000000e-030 1.000000e-030 1.000000e-030 1.111111e-001 1.000000e-030 4.444444e-001 1.000000e-030 5.555556e-002 1.000000e-030 1.000000e-030 
1.000000e+000 1.000000e-030 1.000000e-030 1.000000e-030 1.000000e-030 1.000000e-030 1.000000e-030 1.000000e-030 1.000000e-030 1.000000e-030 1.000000e-030 1.000000e-030 1.000000e-030 1.000000e-030 1.000000e-030 1.000000e-030 1.000000e-030 1.000000e-030 1.000000e-030 1.000000e-030 1.000000e-030 1.000000e-030 1.000000e-030 1.000000e-030 1.000000e-030 1.000000e-030 1.000000e-030 1.000000e-030 1.000000e-030 1.000000e-030 1.000000e-030 1.000000e-030 
1.000000e+000 1.000000e-030 1.000000e-030 1.000000e-030 1.000000e-030 1.000000e-030 1.000000e-030 1.000000e-030 1.000000e-030 1.000000e-030 1.000000e-030 1.000000e-030 1.000000e-030 1.000000e-030 1.000000e-030 1.000000e-030 1.000000e-030 1.000000e-030 1.000000e-030 1.000000e-030 1.000000e-030 1.000000e-030 1.000000e-030 1.000000e-030 1.000000e-030 1.000000e-030 1.000000e-030 1.000000e-030 1.000000e-030 1.000000e-030 1.000000e-030 1.000000e-030 
1.000000e+000 1.000000e-030 1.000000e-030 1.000000e-030 1.000000e-030 1.000000e-030 1.000000e-030 1.000000e-030 1.000000e-030 1.000000e-030 1.000000e-030 1.000000e-030 1.000000e-030 1.000000e-030 1.000000e-030 1.000000e-030 1.000000e-030 1.000000e-030 1.000000e-030 1.000000e-030 1.000000e-030 1.000000e-030 1.000000e-030 1.000000e-030 1.000000e-030 1.000000e-030 1.000000e-030 1.000000e-030 1.000000e-030 1.000000e-030 1.000000e-030 1.000000e-030 
1.000000e+000 1.000000e-030 1.000000e-030 1.000000e-030 1.000000e-030 1.000000e-030 1.000000e-030 1.000000e-030 1.000000e-030 1.000000e-030 1.000000e-030 1.000000e-030 1.000000e-030 1.000000e-030 1.000000e-030 1.000000e-030 1.000000e-030 1.000000e-030 1.000000e-030 1.000000e-030 1.000000e-030 1.000000e-030 1.000000e-030 1.000000e-030 1.000000e-030 1.000000e-030 1.000000e-030 1.000000e-030 1.000000e-030 1.000000e-030 1.000000e-030 1.000000e-030 
Iteraion 3
-----------------

P(O|lamda) = 1.178904e-011

4.444444e-001 0.000000e+000 0.000000e+000 0.000000e+000 0.000000e+000 
4.938272e-002 2.312462e-062 0.000000e+000 0.000000e+000 0.000000e+000 
1.097394e-002 2.569402e-063 4.624924e-093 0.000000e+000 0.000000e+000 
2.438653e-003 5.709783e-064 5.138805e-094 9.249848e-124 0.000000e+000 
4.064421e-004 1.268841e-064 1.141957e-094 1.027761e-124 1.849970e-154 
6.774035e-005 2.114734e-065 2.537681e-095 2.283913e-125 2.055522e-155 
1.129006e-005 3.524557e-066 4.229469e-096 5.075362e-126 4.567826e-156 
1.254451e-006 5.874262e-067 7.049115e-097 8.458937e-127 1.015072e-156 
6.969172e-008 6.526958e-068 1.174852e-097 1.409823e-127 1.691787e-157 
3.097410e-008 3.626088e-069 1.305392e-098 2.349705e-128 2.819646e-158 
6.883133e-009 1.611595e-069 7.252175e-100 2.610783e-129 4.699410e-159 
1.529585e-009 3.581321e-070 3.223189e-100 1.450435e-130 5.221566e-160 
6.798156e-010 7.958492e-071 7.162642e-101 6.446378e-131 2.900870e-161 
3.021403e-010 3.537107e-071 1.591698e-101 1.432528e-131 1.289276e-161 
1.342846e-010 1.572048e-071 7.074215e-102 3.183397e-132 2.865057e-162 
5.968203e-011 6.986879e-072 3.144095e-102 1.414843e-132 6.366793e-163 
2.652535e-011 3.105279e-072 1.397376e-102 6.288191e-133 2.829686e-163 
1.178904e-011 1.380124e-072 6.210559e-103 2.794752e-133 1.257638e-163 


2.652535e-011 0.000000e+000 0.000000e+000 0.000000e+000 0.000000e+000 
2.387281e-010 0.000000e+000 0.000000e+000 0.000000e+000 0.000000e+000 
1.074276e-009 0.000000e+000 0.000000e+000 0.000000e+000 0.000000e+000 
4.834244e-009 0.000000e+000 0.000000e+000 0.000000e+000 0.000000e+000 
2.900546e-008 0.000000e+000 0.000000e+000 0.000000e+000 0.000000e+000 
1.740328e-007 0.000000e+000 0.000000e+000 0.000000e+000 0.000000e+000 
1.044197e-006 0.000000e+000 0.000000e+000 0.000000e+000 0.000000e+000 
9.397771e-006 1.000000e-300 1.000000e-300 1.000000e-300 1.000000e-300 
1.691599e-004 1.000000e-270 1.000000e-270 1.000000e-270 1.000000e-270 
3.806097e-004 1.000000e-240 1.000000e-240 1.000000e-240 1.000000e-240 
1.712744e-003 1.000000e-210 1.000000e-210 1.000000e-210 1.000000e-210 
7.707347e-003 1.000000e-180 1.000000e-180 1.000000e-180 1.000000e-180 
1.734153e-002 1.000000e-150 1.000000e-150 1.000000e-150 1.000000e-150 
3.901844e-002 1.000000e-120 1.000000e-120 1.000000e-120 1.000000e-120 
8.779150e-002 1.000000e-090 1.000000e-090 1.000000e-090 1.000000e-090 
1.975309e-001 1.000000e-060 1.000000e-060 1.000000e-060 1.000000e-060 
4.444444e-001 1.000000e-030 1.000000e-030 1.000000e-030 1.000000e-030 
1.000000e+000 1.000000e+000 1.000000e+000 1.000000e+000 1.000000e+000 


1.000000e+000 0.000000e+000 0.000000e+000 0.000000e+000 0.000000e+000 
1.000000e+000 0.000000e+000 0.000000e+000 0.000000e+000 0.000000e+000 
1.000000e+000 0.000000e+000 0.000000e+000 0.000000e+000 0.000000e+000 
1.000000e+000 0.000000e+000 0.000000e+000 0.000000e+000 0.000000e+000 
1.000000e+000 0.000000e+000 0.000000e+000 0.000000e+000 0.000000e+000 
1.000000e+000 0.000000e+000 0.000000e+000 0.000000e+000 0.000000e+000 
1.000000e+000 0.000000e+000 0.000000e+000 0.000000e+000 0.000000e+000 
1.000000e+000 0.000000e+000 0.000000e+000 0.000000e+000 0.000000e+000 
1.000000e+000 0.000000e+000 0.000000e+000 0.000000e+000 0.000000e+000 
1.000000e+000 3.075812e-298 0.000000e+000 0.000000e+000 0.000000e+000 
1.000000e+000 1.367028e-268 6.151624e-299 0.000000e+000 0.000000e+000 
1.000000e+000 3.037839e-239 2.734055e-269 1.230325e-299 0.000000e+000 
1.000000e+000 6.750753e-210 6.075678e-240 5.468110e-270 2.460650e-300 
1.000000e+000 3.000335e-180 1.350151e-210 1.215136e-240 1.093622e-270 
1.000000e+000 1.333482e-150 6.000670e-181 2.700301e-211 2.430271e-241 
1.000000e+000 5.926587e-121 2.666964e-151 1.200134e-181 5.400603e-212 
1.000000e+000 2.634039e-091 1.185317e-121 5.333929e-152 2.400268e-182 
1.000000e+000 1.170684e-061 5.268078e-092 2.370635e-122 1.066786e-152 



Q star

------------
1  1  1  1  1  1  1  1  1  1  1  1  1  1  1  1  1  1  
------------

P star

-----------
1.178904e-011

A Martrix

1.000000e+000 6.886376e-063 0.000000e+000 0.000000e+000 0.000000e+000 
0.000000e+000 8.000000e-001 2.000000e-001 0.000000e+000 0.000000e+000 
0.000000e+000 0.000000e+000 8.000000e-001 2.000000e-001 0.000000e+000 
0.000000e+000 0.000000e+000 0.000000e+000 8.000000e-001 2.000000e-001 
0.000000e+000 0.000000e+000 0.000000e+000 0.000000e+000 1.000000e+000 

B Martrix

1.000000e-030 1.000000e-030 1.000000e-030 1.000000e-030 1.000000e-030 1.000000e-030 1.000000e-030 1.000000e-030 1.000000e-030 1.666667e-001 1.000000e-030 2.222222e-001 1.000000e-030 1.000000e-030 1.000000e-030 1.000000e-030 1.000000e-030 1.000000e-030 1.000000e-030 1.000000e-030 1.000000e-030 1.000000e-030 1.000000e-030 1.000000e-030 1.000000e-030 1.111111e-001 1.000000e-030 4.444444e-001 1.000000e-030 5.555556e-002 1.000000e-030 1.000000e-030 
1.000000e+000 1.000000e-030 1.000000e-030 1.000000e-030 1.000000e-030 1.000000e-030 1.000000e-030 1.000000e-030 1.000000e-030 1.000000e-030 1.000000e-030 1.000000e-030 1.000000e-030 1.000000e-030 1.000000e-030 1.000000e-030 1.000000e-030 1.000000e-030 1.000000e-030 1.000000e-030 1.000000e-030 1.000000e-030 1.000000e-030 1.000000e-030 1.000000e-030 1.000000e-030 1.000000e-030 1.000000e-030 1.000000e-030 1.000000e-030 1.000000e-030 1.000000e-030 
1.000000e+000 1.000000e-030 1.000000e-030 1.000000e-030 1.000000e-030 1.000000e-030 1.000000e-030 1.000000e-030 1.000000e-030 1.000000e-030 1.000000e-030 1.000000e-030 1.000000e-030 1.000000e-030 1.000000e-030 1.000000e-030 1.000000e-030 1.000000e-030 1.000000e-030 1.000000e-030 1.000000e-030 1.000000e-030 1.000000e-030 1.000000e-030 1.000000e-030 1.000000e-030 1.000000e-030 1.000000e-030 1.000000e-030 1.000000e-030 1.000000e-030 1.000000e-030 
1.000000e+000 1.000000e-030 1.000000e-030 1.000000e-030 1.000000e-030 1.000000e-030 1.000000e-030 1.000000e-030 1.000000e-030 1.000000e-030 1.000000e-030 1.000000e-030 1.000000e-030 1.000000e-030 1.000000e-030 1.000000e-030 1.000000e-030 1.000000e-030 1.000000e-030 1.000000e-030 1.000000e-030 1.000000e-030 1.000000e-030 1.000000e-030 1.000000e-030 1.000000e-030 1.000000e-030 1.000000e-030 1.000000e-030 1.000000e-030 1.000000e-030 1.000000e-030 
1.000000e+000 1.000000e-030 1.000000e-030 1.000000e-030 1.000000e-030 1.000000e-030 1.000000e-030 1.000000e-030 1.000000e-030 1.000000e-030 1.000000e-030 1.000000e-030 1.000000e-030 1.000000e-030 1.000000e-030 1.000000e-030 1.000000e-030 1.000000e-030 1.000000e-030 1.000000e-030 1.000000e-030 1.000000e-030 1.000000e-030 1.000000e-030 1.000000e-030 1.000000e-030 1.000000e-030 1.000000e-030 1.000000e-030 1.000000e-030 1.000000e-030 1.000000e-030 
Iteraion 4
-----------------

P(O|lamda) = 1.178904e-011

4.444444e-001 0.000000e+000 0.000000e+000 0.000000e+000 0.000000e+000 
4.938272e-002 3.060612e-093 0.000000e+000 0.000000e+000 0.000000e+000 
1.097394e-002 3.400679e-094 6.121223e-124 0.000000e+000 0.000000e+000 
2.438653e-003 7.557065e-095 6.801359e-125 1.224245e-154 0.000000e+000 
4.064421e-004 1.679348e-095 1.511413e-125 1.360272e-155 2.448489e-185 
6.774035e-005 2.798913e-096 3.358696e-126 3.022826e-156 2.720544e-186 
1.129006e-005 4.664855e-097 5.597826e-127 6.717392e-157 6.045652e-187 
1.254451e-006 7.774759e-098 9.329710e-128 1.119565e-157 1.343478e-187 
6.969172e-008 8.638621e-099 1.554952e-128 1.865942e-158 2.239131e-188 
3.097410e-008 4.799234e-100 1.727724e-129 3.109903e-159 3.731884e-189 
6.883133e-009 2.132993e-100 9.598468e-131 3.455448e-160 6.219807e-190 
1.529585e-009 4.739984e-101 4.265986e-131 1.919694e-161 6.910897e-191 
6.798156e-010 1.053330e-101 9.479968e-132 8.531971e-162 3.839387e-192 
3.021403e-010 4.681466e-102 2.106660e-132 1.895994e-162 1.706394e-192 
1.342846e-010 2.080651e-102 9.362931e-133 4.213319e-163 3.791987e-193 
5.968203e-011 9.247340e-103 4.161303e-133 1.872586e-163 8.426638e-194 
2.652535e-011 4.109929e-103 1.849468e-133 8.322606e-164 3.745173e-194 
1.178904e-011 1.826635e-103 8.219857e-134 3.698936e-164 1.664521e-194 


2.652535e-011 0.000000e+000 0.000000e+000 0.000000e+000 0.000000e+000 
2.387281e-010 0.000000e+000 0.000000e+000 0.000000e+000 0.000000e+000 
1.074276e-009 0.000000e+000 0.000000e+000 0.000000e+000 0.000000e+000 
4.834244e-009 0.000000e+000 0.000000e+000 0.000000e+000 0.000000e+000 
2.900546e-008 0.000000e+000 0.000000e+000 0.000000e+000 0.000000e+000 
1.740328e-007 0.000000e+000 0.000000e+000 0.000000e+000 0.000000e+000 
1.044197e-006 0.000000e+000 0.000000e+000 0.000000e+000 0.000000e+000 
9.397771e-006 1.000000e-300 1.000000e-300 1.000000e-300 1.000000e-300 
1.691599e-004 1.000000e-270 1.000000e-270 1.000000e-270 1.000000e-270 
3.806097e-004 1.000000e-240 1.000000e-240 1.000000e-240 1.000000e-240 
1.712744e-003 1.000000e-210 1.000000e-210 1.000000e-210 1.000000e-210 
7.707347e-003 1.000000e-180 1.000000e-180 1.000000e-180 1.000000e-180 
1.734153e-002 1.000000e-150 1.000000e-150 1.000000e-150 1.000000e-150 
3.901844e-002 1.000000e-120 1.000000e-120 1.000000e-120 1.000000e-120 
8.779150e-002 1.000000e-090 1.000000e-090 1.000000e-090 1.000000e-090 
1.975309e-001 1.000000e-060 1.000000e-060 1.000000e-060 1.000000e-060 
4.444444e-001 1.000000e-030 1.000000e-030 1.000000e-030 1.000000e-030 
1.000000e+000 1.000000e+000 1.000000e+000 1.000000e+000 1.000000e+000 


1.000000e+000 0.000000e+000 0.000000e+000 0.000000e+000 0.000000e+000 
1.000000e+000 0.000000e+000 0.000000e+000 0.000000e+000 0.000000e+000 
1.000000e+000 0.000000e+000 0.000000e+000 0.000000e+000 0.000000e+000 
1.000000e+000 0.000000e+000 0.000000e+000 0.000000e+000 0.000000e+000 
1.000000e+000 0.000000e+000 0.000000e+000 0.000000e+000 0.000000e+000 
1.000000e+000 0.000000e+000 0.000000e+000 0.000000e+000 0.000000e+000 
1.000000e+000 0.000000e+000 0.000000e+000 0.000000e+000 0.000000e+000 
1.000000e+000 0.000000e+000 0.000000e+000 0.000000e+000 0.000000e+000 
1.000000e+000 0.000000e+000 0.000000e+000 0.000000e+000 0.000000e+000 
1.000000e+000 0.000000e+000 0.000000e+000 0.000000e+000 0.000000e+000 
1.000000e+000 1.809301e-299 0.000000e+000 0.000000e+000 0.000000e+000 
1.000000e+000 4.020669e-270 3.618602e-300 0.000000e+000 0.000000e+000 
1.000000e+000 8.934821e-241 8.041338e-271 7.237205e-301 0.000000e+000 
1.000000e+000 3.971031e-211 1.786964e-241 1.608268e-271 1.447441e-301 
1.000000e+000 1.764903e-181 7.942063e-212 3.573928e-242 3.216535e-272 
1.000000e+000 7.844013e-152 3.529806e-182 1.588413e-212 7.147856e-243 
1.000000e+000 3.486228e-122 1.568803e-152 7.059611e-183 3.176825e-213 
1.000000e+000 1.549435e-092 6.972456e-123 3.137605e-153 1.411922e-183 



Q star

------------
1  1  1  1  1  1  1  1  1  1  1  1  1  1  1  1  1  1  
------------

P star

-----------
1.178904e-011

A Martrix

1.000000e+000 9.114321e-094 0.000000e+000 0.000000e+000 0.000000e+000 
0.000000e+000 8.000000e-001 2.000000e-001 0.000000e+000 0.000000e+000 
0.000000e+000 0.000000e+000 8.000000e-001 2.000000e-001 0.000000e+000 
0.000000e+000 0.000000e+000 0.000000e+000 8.000000e-001 2.000000e-001 
0.000000e+000 0.000000e+000 0.000000e+000 0.000000e+000 1.000000e+000 

B Martrix

1.000000e-030 1.000000e-030 1.000000e-030 1.000000e-030 1.000000e-030 1.000000e-030 1.000000e-030 1.000000e-030 1.000000e-030 1.666667e-001 1.000000e-030 2.222222e-001 1.000000e-030 1.000000e-030 1.000000e-030 1.000000e-030 1.000000e-030 1.000000e-030 1.000000e-030 1.000000e-030 1.000000e-030 1.000000e-030 1.000000e-030 1.000000e-030 1.000000e-030 1.111111e-001 1.000000e-030 4.444444e-001 1.000000e-030 5.555556e-002 1.000000e-030 1.000000e-030 
1.000000e+000 1.000000e-030 1.000000e-030 1.000000e-030 1.000000e-030 1.000000e-030 1.000000e-030 1.000000e-030 1.000000e-030 1.000000e-030 1.000000e-030 1.000000e-030 1.000000e-030 1.000000e-030 1.000000e-030 1.000000e-030 1.000000e-030 1.000000e-030 1.000000e-030 1.000000e-030 1.000000e-030 1.000000e-030 1.000000e-030 1.000000e-030 1.000000e-030 1.000000e-030 1.000000e-030 1.000000e-030 1.000000e-030 1.000000e-030 1.000000e-030 1.000000e-030 
1.000000e+000 1.000000e-030 1.000000e-030 1.000000e-030 1.000000e-030 1.000000e-030 1.000000e-030 1.000000e-030 1.000000e-030 1.000000e-030 1.000000e-030 1.000000e-030 1.000000e-030 1.000000e-030 1.000000e-030 1.000000e-030 1.000000e-030 1.000000e-030 1.000000e-030 1.000000e-030 1.000000e-030 1.000000e-030 1.000000e-030 1.000000e-030 1.000000e-030 1.000000e-030 1.000000e-030 1.000000e-030 1.000000e-030 1.000000e-030 1.000000e-030 1.000000e-030 
1.000000e+000 1.000000e-030 1.000000e-030 1.000000e-030 1.000000e-030 1.000000e-030 1.000000e-030 1.000000e-030 1.000000e-030 1.000000e-030 1.000000e-030 1.000000e-030 1.000000e-030 1.000000e-030 1.000000e-030 1.000000e-030 1.000000e-030 1.000000e-030 1.000000e-030 1.000000e-030 1.000000e-030 1.000000e-030 1.000000e-030 1.000000e-030 1.000000e-030 1.000000e-030 1.000000e-030 1.000000e-030 1.000000e-030 1.000000e-030 1.000000e-030 1.000000e-030 
1.000000e+000 1.000000e-030 1.000000e-030 1.000000e-030 1.000000e-030 1.000000e-030 1.000000e-030 1.000000e-030 1.000000e-030 1.000000e-030 1.000000e-030 1.000000e-030 1.000000e-030 1.000000e-030 1.000000e-030 1.000000e-030 1.000000e-030 1.000000e-030 1.000000e-030 1.000000e-030 1.000000e-030 1.000000e-030 1.000000e-030 1.000000e-030 1.000000e-030 1.000000e-030 1.000000e-030 1.000000e-030 1.000000e-030 1.000000e-030 1.000000e-030 1.000000e-030 
=================
