28	28	20	12	12	19	19	20	28	28	28	4	20	28	20	20	20	20	28	20	20	20	4	28	28	20	20	20	28	28	19	19	20	20	20	20	20	20	20	20	20	20	12	12	28	20	20	20	28	28	20	
Iteraion 1
-----------------

P(O|lamda) = 1.727234e-077

3.125000e-002 0.000000e+000 0.000000e+000 0.000000e+000 0.000000e+000 
7.812500e-004 1.953125e-004 0.000000e+000 0.000000e+000 0.000000e+000 
1.953125e-005 9.765625e-006 1.220703e-006 0.000000e+000 0.000000e+000 
4.882813e-007 3.662109e-007 9.155273e-008 7.629395e-009 0.000000e+000 
1.220703e-008 1.220703e-008 4.577637e-009 7.629395e-010 4.768372e-011 
3.051758e-010 3.814697e-010 1.907349e-010 4.768372e-011 6.258488e-012 
7.629395e-012 1.144409e-011 7.152557e-012 2.384186e-012 4.936010e-013 
1.907349e-013 3.337860e-013 2.503395e-013 1.043081e-013 3.032619e-014 
4.768372e-015 9.536743e-015 8.344650e-015 4.172325e-015 1.599619e-015 
1.192093e-016 2.682209e-016 2.682209e-016 1.564622e-016 7.606513e-017 
2.980232e-018 7.450581e-018 8.381903e-018 5.587935e-018 3.354924e-018 
7.450581e-020 2.048910e-019 2.561137e-019 1.920853e-019 1.397660e-019 
1.862645e-021 5.587935e-021 7.683411e-021 6.402843e-021 5.568220e-021 
4.656613e-023 1.513399e-022 2.270099e-022 2.080924e-022 2.140246e-022 
1.164153e-024 4.074536e-024 6.621121e-024 6.621121e-024 7.988847e-024 
2.910383e-026 1.091394e-025 1.909939e-025 2.069100e-025 2.910335e-025 
7.275958e-028 2.910383e-027 5.456968e-027 6.366463e-027 1.038798e-026 
1.818989e-029 7.730705e-029 1.546141e-028 1.932676e-028 3.644149e-028 
4.547474e-031 2.046363e-030 4.348522e-030 5.798029e-030 1.259589e-029 
1.136868e-032 5.400125e-032 1.215028e-031 1.721290e-031 4.298592e-031 
2.842171e-034 1.421085e-033 3.375078e-033 5.062617e-033 1.450891e-032 
7.105427e-036 3.730349e-035 9.325873e-035 1.476597e-034 4.850447e-034 
1.776357e-037 9.769963e-037 2.564615e-036 4.274359e-036 1.608052e-035 
4.440892e-039 2.553513e-038 7.022161e-038 1.228878e-037 5.292309e-037 
1.110223e-040 6.661338e-040 1.915135e-039 3.511080e-039 1.730652e-038 
2.775558e-042 1.734723e-041 5.204170e-041 9.974660e-041 5.627729e-040 
6.938894e-044 4.510281e-043 1.409463e-042 2.818926e-042 1.821007e-041 
1.734723e-045 1.170938e-044 3.805550e-044 7.928228e-044 5.866829e-043 
4.336809e-047 3.035766e-046 1.024571e-045 2.219904e-045 1.882936e-044 
1.084202e-048 7.860466e-048 2.751163e-047 6.190117e-047 6.022918e-046 
2.710505e-050 2.032879e-049 7.369187e-049 1.719477e-048 1.920850e-047 
6.776264e-052 5.251604e-051 1.969352e-050 4.759266e-050 6.110124e-049 
1.694066e-053 1.355253e-052 5.251604e-052 1.312901e-051 1.939159e-050 
4.235165e-055 3.494011e-054 1.397604e-053 3.610478e-053 6.141928e-052 
1.058791e-056 8.999725e-056 3.712387e-055 9.899698e-055 1.941918e-053 
2.646978e-058 2.316106e-057 9.843449e-057 2.706949e-056 6.130367e-055 
6.617445e-060 5.955700e-059 2.605619e-058 7.382587e-058 1.932658e-056 
1.654361e-061 1.530284e-060 6.886279e-060 2.008498e-059 6.085698e-058 
4.135903e-063 3.929108e-062 1.817212e-061 5.451637e-061 1.914334e-059 
1.033976e-064 1.008126e-063 4.788600e-063 1.476485e-062 6.016366e-061 
2.584939e-066 2.584939e-065 1.260158e-064 3.990500e-064 1.889342e-062 
6.462349e-068 6.623907e-067 3.311954e-066 1.076385e-065 5.929135e-064 
1.615587e-069 1.696366e-068 8.693878e-068 2.897959e-067 1.859582e-065 
4.038968e-071 4.341890e-070 2.279492e-069 7.788266e-069 5.829306e-067 
1.009742e-072 1.110716e-071 5.970099e-071 2.089535e-070 1.826526e-068 
2.524355e-074 2.839899e-073 1.561945e-072 5.596968e-072 5.720953e-070 
6.310887e-076 7.257520e-075 4.082355e-074 1.496864e-073 1.791296e-071 
1.577722e-077 1.853823e-076 1.065948e-075 3.997306e-075 5.607155e-073 
3.944305e-079 4.733165e-078 2.780735e-077 1.065948e-076 1.754734e-074 
9.860761e-081 1.207943e-079 7.247660e-079 2.838667e-078 5.490207e-076 
2.465190e-082 3.081488e-081 1.887411e-080 7.549645e-080 1.717464e-077 


5.527148e-076 5.527148e-076 5.527148e-076 5.527148e-076 5.527148e-076 
1.768687e-074 1.768687e-074 1.768687e-074 1.768687e-074 1.768687e-074 
5.659799e-073 5.659799e-073 5.659799e-073 5.659799e-073 5.659799e-073 
1.811136e-071 1.811136e-071 1.811136e-071 1.811136e-071 1.811136e-071 
5.795635e-070 5.795635e-070 5.795635e-070 5.795635e-070 5.795635e-070 
1.854603e-068 1.854603e-068 1.854603e-068 1.854603e-068 1.854603e-068 
5.934730e-067 5.934730e-067 5.934730e-067 5.934730e-067 5.934730e-067 
1.899114e-065 1.899114e-065 1.899114e-065 1.899114e-065 1.899114e-065 
6.077163e-064 6.077163e-064 6.077163e-064 6.077163e-064 6.077163e-064 
1.944692e-062 1.944692e-062 1.944692e-062 1.944692e-062 1.944692e-062 
6.223015e-061 6.223015e-061 6.223015e-061 6.223015e-061 6.223015e-061 
1.991365e-059 1.991365e-059 1.991365e-059 1.991365e-059 1.991365e-059 
6.372368e-058 6.372368e-058 6.372368e-058 6.372368e-058 6.372368e-058 
2.039158e-056 2.039158e-056 2.039158e-056 2.039158e-056 2.039158e-056 
6.525304e-055 6.525304e-055 6.525304e-055 6.525304e-055 6.525304e-055 
2.088097e-053 2.088097e-053 2.088097e-053 2.088097e-053 2.088097e-053 
6.681912e-052 6.681912e-052 6.681912e-052 6.681912e-052 6.681912e-052 
2.138212e-050 2.138212e-050 2.138212e-050 2.138212e-050 2.138212e-050 
6.842278e-049 6.842278e-049 6.842278e-049 6.842278e-049 6.842278e-049 
2.189529e-047 2.189529e-047 2.189529e-047 2.189529e-047 2.189529e-047 
7.006492e-046 7.006492e-046 7.006492e-046 7.006492e-046 7.006492e-046 
2.242078e-044 2.242078e-044 2.242078e-044 2.242078e-044 2.242078e-044 
7.174648e-043 7.174648e-043 7.174648e-043 7.174648e-043 7.174648e-043 
2.295887e-041 2.295887e-041 2.295887e-041 2.295887e-041 2.295887e-041 
7.346840e-040 7.346840e-040 7.346840e-040 7.346840e-040 7.346840e-040 
2.350989e-038 2.350989e-038 2.350989e-038 2.350989e-038 2.350989e-038 
7.523164e-037 7.523164e-037 7.523164e-037 7.523164e-037 7.523164e-037 
2.407412e-035 2.407412e-035 2.407412e-035 2.407412e-035 2.407412e-035 
7.703720e-034 7.703720e-034 7.703720e-034 7.703720e-034 7.703720e-034 
2.465190e-032 2.465190e-032 2.465190e-032 2.465190e-032 2.465190e-032 
7.888609e-031 7.888609e-031 7.888609e-031 7.888609e-031 7.888609e-031 
2.524355e-029 2.524355e-029 2.524355e-029 2.524355e-029 2.524355e-029 
8.077936e-028 8.077936e-028 8.077936e-028 8.077936e-028 8.077936e-028 
2.584939e-026 2.584939e-026 2.584939e-026 2.584939e-026 2.584939e-026 
8.271806e-025 8.271806e-025 8.271806e-025 8.271806e-025 8.271806e-025 
2.646978e-023 2.646978e-023 2.646978e-023 2.646978e-023 2.646978e-023 
8.470329e-022 8.470329e-022 8.470329e-022 8.470329e-022 8.470329e-022 
2.710505e-020 2.710505e-020 2.710505e-020 2.710505e-020 2.710505e-020 
8.673617e-019 8.673617e-019 8.673617e-019 8.673617e-019 8.673617e-019 
2.775558e-017 2.775558e-017 2.775558e-017 2.775558e-017 2.775558e-017 
8.881784e-016 8.881784e-016 8.881784e-016 8.881784e-016 8.881784e-016 
2.842171e-014 2.842171e-014 2.842171e-014 2.842171e-014 2.842171e-014 
9.094947e-013 9.094947e-013 9.094947e-013 9.094947e-013 9.094947e-013 
2.910383e-011 2.910383e-011 2.910383e-011 2.910383e-011 2.910383e-011 
9.313226e-010 9.313226e-010 9.313226e-010 9.313226e-010 9.313226e-010 
2.980232e-008 2.980232e-008 2.980232e-008 2.980232e-008 2.980232e-008 
9.536743e-007 9.536743e-007 9.536743e-007 9.536743e-007 9.536743e-007 
3.051758e-005 3.051758e-005 3.051758e-005 3.051758e-005 3.051758e-005 
9.765625e-004 9.765625e-004 9.765625e-004 9.765625e-004 9.765625e-004 
3.125000e-002 3.125000e-002 3.125000e-002 3.125000e-002 3.125000e-002 
1.000000e+000 1.000000e+000 1.000000e+000 1.000000e+000 1.000000e+000 


1.000000e+000 0.000000e+000 0.000000e+000 0.000000e+000 0.000000e+000 
8.000000e-001 2.000000e-001 0.000000e+000 0.000000e+000 0.000000e+000 
6.400000e-001 3.200000e-001 4.000000e-002 0.000000e+000 0.000000e+000 
5.120000e-001 3.840000e-001 9.600000e-002 8.000000e-003 0.000000e+000 
4.096000e-001 4.096000e-001 1.536000e-001 2.560000e-002 1.600000e-003 
3.276800e-001 4.096000e-001 2.048000e-001 5.120000e-002 6.720000e-003 
2.621440e-001 3.932160e-001 2.457600e-001 8.192000e-002 1.696000e-002 
2.097152e-001 3.670016e-001 2.752512e-001 1.146880e-001 3.334400e-002 
1.677722e-001 3.355443e-001 2.936013e-001 1.468006e-001 5.628160e-002 
1.342177e-001 3.019899e-001 3.019899e-001 1.761608e-001 8.564173e-002 
1.073742e-001 2.684355e-001 3.019899e-001 2.013266e-001 1.208739e-001 
8.589935e-002 2.362232e-001 2.952790e-001 2.214593e-001 1.611392e-001 
6.871948e-002 2.061584e-001 2.834678e-001 2.362232e-001 2.054311e-001 
5.497558e-002 1.786706e-001 2.680060e-001 2.456721e-001 2.526757e-001 
4.398047e-002 1.539316e-001 2.501389e-001 2.501389e-001 3.018101e-001 
3.518437e-002 1.319414e-001 2.308974e-001 2.501389e-001 3.518379e-001 
2.814750e-002 1.125900e-001 2.111062e-001 2.462906e-001 4.018657e-001 
2.251800e-002 9.570149e-002 1.914030e-001 2.392537e-001 4.511238e-001 
1.801440e-002 8.106479e-002 1.722627e-001 2.296836e-001 4.989745e-001 
1.441152e-002 6.845471e-002 1.540231e-001 2.181994e-001 5.449113e-001 
1.152922e-002 5.764608e-002 1.369094e-001 2.053641e-001 5.885511e-001 
9.223372e-003 4.842270e-002 1.210568e-001 1.916732e-001 6.296240e-001 
7.378698e-003 4.058284e-002 1.065299e-001 1.775499e-001 6.679586e-001 
5.902958e-003 3.394201e-002 9.334053e-002 1.633459e-001 7.034686e-001 
4.722366e-003 2.833420e-002 8.146082e-002 1.493448e-001 7.361378e-001 
3.777893e-003 2.361183e-002 7.083550e-002 1.357680e-001 7.660067e-001 
3.022315e-003 1.964504e-002 6.139076e-002 1.227815e-001 7.931603e-001 
2.417852e-003 1.632050e-002 5.304162e-002 1.105034e-001 8.177167e-001 
1.934281e-003 1.353997e-002 4.569740e-002 9.901102e-002 8.398173e-001 
1.547425e-003 1.121883e-002 3.926591e-002 8.834830e-002 8.596195e-001 
1.237940e-003 9.284550e-003 3.365649e-002 7.853182e-002 8.772892e-001 
9.903520e-004 7.675228e-003 2.878211e-002 6.955676e-002 8.929956e-001 
7.922816e-004 6.338253e-003 2.456073e-002 6.140183e-002 9.069069e-001 
6.338253e-004 5.229059e-003 2.091623e-002 5.403361e-002 9.191873e-001 
5.070602e-004 4.310012e-003 1.777880e-002 4.741013e-002 9.299940e-001 
4.056482e-004 3.549422e-003 1.508504e-002 4.148387e-002 9.394760e-001 
3.245186e-004 2.920667e-003 1.277792e-002 3.620410e-002 9.477728e-001 
2.596148e-004 2.401437e-003 1.080647e-002 3.151886e-002 9.550136e-001 
2.076919e-004 1.973073e-003 9.125462e-003 2.737639e-002 9.613174e-001 
1.661535e-004 1.619997e-003 7.694984e-003 2.372620e-002 9.667927e-001 
1.329228e-004 1.329228e-003 6.479986e-003 2.051996e-002 9.715379e-001 
1.063382e-004 1.089967e-003 5.449835e-003 1.771196e-002 9.756419e-001 
8.507059e-005 8.932412e-004 4.577861e-003 1.525954e-002 9.791843e-001 
6.805647e-005 7.316071e-004 3.840937e-003 1.312320e-002 9.822362e-001 
5.444518e-005 5.988970e-004 3.219071e-003 1.126675e-002 9.848608e-001 
4.355614e-005 4.900066e-004 2.695036e-003 9.657214e-003 9.871142e-001 
3.484491e-005 4.007165e-004 2.254030e-003 8.264778e-003 9.890456e-001 
2.787593e-005 3.275422e-004 1.883368e-003 7.062629e-003 9.906986e-001 
2.230075e-005 2.676089e-004 1.572203e-003 6.026776e-003 9.921111e-001 
1.784060e-005 2.185473e-004 1.311284e-003 5.135862e-003 9.933165e-001 
1.427248e-005 1.784060e-004 1.092737e-003 4.370946e-003 9.943436e-001 



Q star

------------
1  2  3  4  5  5  5  5  5  5  5  5  5  5  5  5  5  5  5  5  5  5  5  5  5  5  5  5  5  5  5  5  5  5  5  5  5  5  5  5  5  5  5  5  5  5  5  5  5  5  5  
------------

P star

-----------
2.763574e-080

A Martrix

8.000000e-001 2.000000e-001 0.000000e+000 0.000000e+000 0.000000e+000 
0.000000e+000 8.000000e-001 2.000000e-001 0.000000e+000 0.000000e+000 
0.000000e+000 0.000000e+000 8.000000e-001 2.000000e-001 0.000000e+000 
0.000000e+000 0.000000e+000 0.000000e+000 8.000000e-001 2.000000e-001 
0.000000e+000 0.000000e+000 0.000000e+000 0.000000e+000 1.000000e+000 

B Martrix

1.000000e-030 1.000000e-030 1.000000e-030 1.000000e-030 1.000000e-030 1.000000e-030 1.000000e-030 1.000000e-030 1.000000e-030 1.000000e-030 1.000000e-030 1.000000e-030 1.000000e-030 1.000000e-030 1.000000e-030 1.000000e-030 1.000000e-030 1.000000e-030 1.000000e-030 1.000000e-030 1.000000e-030 1.000000e-030 1.000000e-030 1.000000e-030 1.000000e-030 1.000000e-030 1.000000e-030 1.000000e+000 1.000000e-030 1.000000e-030 1.000000e-030 1.000000e-030 
1.000000e-030 1.000000e-030 1.000000e-030 1.000000e-030 1.000000e-030 1.000000e-030 1.000000e-030 1.000000e-030 1.000000e-030 1.000000e-030 1.000000e-030 1.000000e-030 1.000000e-030 1.000000e-030 1.000000e-030 1.000000e-030 1.000000e-030 1.000000e-030 1.000000e-030 1.000000e-030 1.000000e-030 1.000000e-030 1.000000e-030 1.000000e-030 1.000000e-030 1.000000e-030 1.000000e-030 1.000000e+000 1.000000e-030 1.000000e-030 1.000000e-030 1.000000e-030 
1.000000e-030 1.000000e-030 1.000000e-030 1.000000e-030 1.000000e-030 1.000000e-030 1.000000e-030 1.000000e-030 1.000000e-030 1.000000e-030 1.000000e-030 1.000000e-030 1.000000e-030 1.000000e-030 1.000000e-030 1.000000e-030 1.000000e-030 1.000000e-030 1.000000e-030 1.000000e+000 1.000000e-030 1.000000e-030 1.000000e-030 1.000000e-030 1.000000e-030 1.000000e-030 1.000000e-030 1.000000e-030 1.000000e-030 1.000000e-030 1.000000e-030 1.000000e-030 
1.000000e-030 1.000000e-030 1.000000e-030 1.000000e-030 1.000000e-030 1.000000e-030 1.000000e-030 1.000000e-030 1.000000e-030 1.000000e-030 1.000000e-030 1.000000e+000 1.000000e-030 1.000000e-030 1.000000e-030 1.000000e-030 1.000000e-030 1.000000e-030 1.000000e-030 1.000000e-030 1.000000e-030 1.000000e-030 1.000000e-030 1.000000e-030 1.000000e-030 1.000000e-030 1.000000e-030 1.000000e-030 1.000000e-030 1.000000e-030 1.000000e-030 1.000000e-030 
1.000000e-030 1.000000e-030 1.000000e-030 2.671916e-002 1.000000e-030 1.000000e-030 1.000000e-030 1.000000e-030 1.000000e-030 1.000000e-030 1.000000e-030 6.326184e-002 1.000000e-030 1.000000e-030 1.000000e-030 1.000000e-030 1.000000e-030 1.000000e-030 5.781372e-002 6.226288e-001 1.000000e-030 1.000000e-030 1.000000e-030 1.000000e-030 1.000000e-030 1.000000e-030 1.000000e-030 2.295765e-001 1.000000e-030 1.000000e-030 1.000000e-030 1.000000e-030 
Iteraion 2
-----------------

P(O|lamda) = 4.220885e-027

1.000000e+000 0.000000e+000 0.000000e+000 0.000000e+000 0.000000e+000 
8.000000e-001 2.000000e-001 0.000000e+000 0.000000e+000 0.000000e+000 
6.400000e-031 3.200000e-031 4.000000e-002 0.000000e+000 0.000000e+000 
5.120000e-061 3.840000e-061 3.200000e-032 8.000000e-003 0.000000e+000 
4.096000e-091 4.096000e-091 2.560000e-062 6.400000e-003 1.012189e-004 
3.276800e-121 4.096000e-121 2.048000e-092 5.120000e-033 7.985340e-005 
2.621440e-151 3.932160e-151 1.638400e-122 4.096000e-063 4.616622e-006 
2.097152e-181 3.670016e-181 1.310720e-122 3.276800e-093 2.874442e-006 
1.677722e-181 3.355443e-181 1.048576e-152 2.621440e-123 6.599043e-007 
1.342177e-181 3.019899e-181 8.388608e-183 2.097152e-153 1.514985e-007 
1.073742e-181 2.684355e-181 6.710886e-212 1.677722e-183 3.478050e-008 
8.589935e-212 2.362232e-211 5.368709e-212 1.342177e-213 9.293058e-010 
6.871948e-242 2.061584e-241 9.019431e-212 1.181116e-242 5.786125e-010 
5.497558e-242 1.786706e-241 7.215545e-242 1.803886e-242 1.328358e-010 
4.398047e-272 1.539316e-271 9.345849e-242 2.886218e-272 8.270742e-011 
3.518437e-302 1.319414e-301 7.476679e-242 1.869170e-272 5.149602e-011 
0.000000e+000 0.000000e+000 5.981343e-242 1.495336e-272 3.206290e-011 
0.000000e+000 0.000000e+000 4.785075e-242 1.196269e-272 1.996329e-011 
0.000000e+000 0.000000e+000 3.828060e-272 9.570149e-273 4.583101e-012 
0.000000e+000 0.000000e+000 3.062448e-272 1.531224e-302 2.853571e-012 
0.000000e+000 0.000000e+000 2.449958e-272 6.124895e-303 1.776715e-012 
0.000000e+000 0.000000e+000 1.959967e-272 4.899916e-303 1.106234e-012 
0.000000e+000 0.000000e+000 1.567973e-302 3.919933e-303 2.955764e-014 
0.000000e+000 0.000000e+000 0.000000e+000 0.000000e+000 6.785740e-015 
0.000000e+000 0.000000e+000 0.000000e+000 0.000000e+000 1.557847e-015 
0.000000e+000 0.000000e+000 0.000000e+000 0.000000e+000 9.699601e-016 
0.000000e+000 0.000000e+000 0.000000e+000 0.000000e+000 6.039251e-016 
0.000000e+000 0.000000e+000 0.000000e+000 0.000000e+000 3.760211e-016 
0.000000e+000 0.000000e+000 0.000000e+000 0.000000e+000 8.632562e-017 
0.000000e+000 0.000000e+000 0.000000e+000 0.000000e+000 1.981833e-017 
0.000000e+000 0.000000e+000 0.000000e+000 0.000000e+000 1.145772e-018 
0.000000e+000 0.000000e+000 0.000000e+000 0.000000e+000 6.624132e-020 
0.000000e+000 0.000000e+000 0.000000e+000 0.000000e+000 4.124375e-020 
0.000000e+000 0.000000e+000 0.000000e+000 0.000000e+000 2.567954e-020 
0.000000e+000 0.000000e+000 0.000000e+000 0.000000e+000 1.598882e-020 
0.000000e+000 0.000000e+000 0.000000e+000 0.000000e+000 9.955101e-021 
0.000000e+000 0.000000e+000 0.000000e+000 0.000000e+000 6.198333e-021 
0.000000e+000 0.000000e+000 0.000000e+000 0.000000e+000 3.859260e-021 
0.000000e+000 0.000000e+000 0.000000e+000 0.000000e+000 2.402886e-021 
0.000000e+000 0.000000e+000 0.000000e+000 0.000000e+000 1.496106e-021 
0.000000e+000 0.000000e+000 0.000000e+000 0.000000e+000 9.315188e-022 
0.000000e+000 0.000000e+000 0.000000e+000 0.000000e+000 5.799904e-022 
0.000000e+000 0.000000e+000 0.000000e+000 0.000000e+000 3.669126e-023 
0.000000e+000 0.000000e+000 0.000000e+000 0.000000e+000 2.321157e-024 
0.000000e+000 0.000000e+000 0.000000e+000 0.000000e+000 5.328831e-025 
0.000000e+000 0.000000e+000 0.000000e+000 0.000000e+000 3.317883e-025 
0.000000e+000 0.000000e+000 0.000000e+000 0.000000e+000 2.065810e-025 
0.000000e+000 0.000000e+000 0.000000e+000 0.000000e+000 1.286233e-025 
0.000000e+000 0.000000e+000 0.000000e+000 0.000000e+000 2.952888e-026 
0.000000e+000 0.000000e+000 0.000000e+000 0.000000e+000 6.779136e-027 
0.000000e+000 0.000000e+000 0.000000e+000 0.000000e+000 4.220885e-027 


4.220885e-027 1.688354e-026 6.783875e-056 3.496321e-028 1.748161e-027 
4.889461e-087 2.110443e-026 8.441771e-026 1.522944e-027 7.614719e-027 
8.457268e-116 2.444731e-056 1.055221e-025 4.245345e-025 1.222995e-026 
1.462848e-114 4.228634e-085 1.222365e-025 5.276107e-025 1.933227e-025 
2.691091e-113 7.314240e-084 2.114317e-054 6.111827e-025 3.055913e-024 
1.023393e-083 9.361882e-083 3.657120e-053 1.057159e-023 5.285793e-023 
2.256297e-109 5.116966e-053 2.634154e-052 1.828560e-022 9.142800e-022 
2.164431e-079 2.623761e-079 2.558483e-052 2.936838e-022 1.468419e-021 
1.886310e-079 3.276915e-079 1.114436e-051 1.279242e-021 6.396208e-021 
1.336885e-079 4.084008e-079 4.854312e-051 5.572180e-021 2.786090e-020 
5.084032e-080 4.650813e-079 1.816791e-049 2.427156e-020 1.213578e-019 
2.032979e-078 2.542016e-049 1.308600e-048 9.083954e-019 4.541977e-018 
1.270612e-048 5.082447e-048 1.271008e-048 1.458968e-018 7.294839e-018 
1.424334e-078 6.353058e-048 2.745359e-047 6.355040e-018 3.177520e-017 
1.517130e-078 7.121670e-048 3.176529e-047 1.020679e-017 5.103394e-017 
1.473547e-078 7.585648e-048 3.560835e-047 1.639306e-017 8.196528e-017 
2.478625e-076 7.367737e-048 3.792824e-047 2.632878e-017 1.316439e-016 
1.549140e-046 6.196562e-046 3.683868e-047 4.228648e-017 2.114324e-016 
1.888912e-076 7.745702e-046 3.157447e-045 1.841934e-016 9.209671e-016 
2.284829e-076 9.444561e-046 3.872851e-045 2.958318e-016 1.479159e-015 
1.558632e-103 1.142415e-045 4.722280e-045 4.751336e-016 2.375668e-015 
1.451887e-073 1.985611e-073 5.712073e-045 7.631089e-016 3.815545e-015 
1.209906e-043 2.419812e-043 2.488091e-044 2.856037e-014 1.428018e-013 
7.561912e-044 3.024765e-043 1.083774e-043 1.244046e-013 6.220228e-013 
8.054572e-074 3.780956e-043 1.686447e-042 5.418872e-013 2.709436e-012 
7.823190e-074 4.027286e-043 1.890478e-042 8.703215e-013 4.351607e-012 
1.657168e-096 3.911595e-043 2.013643e-042 1.397818e-012 6.989088e-012 
1.553571e-066 2.071555e-066 1.955797e-042 2.245026e-012 1.122513e-011 
1.294604e-066 2.589441e-066 8.519153e-042 9.778987e-012 4.889494e-011 
8.090637e-067 3.236765e-066 1.473552e-040 4.259577e-011 2.129788e-010 
3.371099e-037 2.696879e-036 5.396307e-036 7.367761e-010 3.683880e-009 
4.213874e-037 1.685549e-006 6.742198e-006 1.274397e-008 6.371983e-008 
5.267342e-037 2.106937e-006 8.427747e-006 2.046800e-008 1.023400e-007 
6.584178e-037 2.633671e-006 1.053468e-005 3.287352e-008 1.643676e-007 
8.230222e-037 3.292089e-006 1.316836e-005 5.279795e-008 2.639897e-007 
1.028778e-036 4.115111e-006 1.646044e-005 8.479844e-008 4.239922e-007 
1.285972e-036 5.143889e-006 2.057555e-005 1.361942e-007 6.809711e-007 
1.607465e-036 6.429861e-006 2.571944e-005 2.187406e-007 1.093703e-006 
2.009332e-036 8.037326e-006 3.214930e-005 3.513179e-007 1.756590e-006 
2.511664e-036 1.004666e-005 4.018663e-005 5.642494e-007 2.821247e-006 
2.909505e-066 1.255832e-005 5.023329e-005 9.062373e-007 4.531187e-006 
4.371224e-094 1.454752e-035 6.279161e-005 2.526219e-004 7.277509e-006 
3.537076e-064 7.707819e-064 7.273762e-005 3.139580e-004 1.150379e-004 
2.210672e-034 8.842689e-034 3.168339e-034 3.636881e-004 1.818440e-003 
2.354698e-064 1.105336e-033 4.930209e-033 1.584169e-003 7.920847e-003 
8.214871e-062 1.177349e-033 5.526681e-033 2.544324e-003 1.272162e-002 
7.680000e-032 1.035435e-031 5.886745e-033 4.086422e-003 2.043211e-002 
6.400000e-002 1.280000e-001 5.717638e-033 6.563176e-003 3.281588e-002 
4.000000e-002 1.600000e-001 6.649052e-031 2.858819e-002 1.429409e-001 
1.000000e-030 2.000000e-001 8.000000e-001 1.245258e-001 6.226288e-001 
1.000000e+000 1.000000e+000 1.000000e+000 1.000000e+000 1.000000e+000 


1.000000e+000 0.000000e+000 0.000000e+000 0.000000e+000 0.000000e+000 
9.267177e-061 1.000000e+000 0.000000e+000 0.000000e+000 0.000000e+000 
1.282350e-119 1.853435e-060 1.000000e+000 0.000000e+000 0.000000e+000 
1.774457e-148 3.847050e-119 9.267177e-031 1.000000e+000 0.000000e+000 
2.611468e-177 7.097830e-148 1.282350e-089 9.267177e-001 7.328233e-002 
7.944909e-178 9.084887e-177 1.774457e-118 1.282350e-029 1.000000e+000 
1.401305e-233 4.766946e-177 1.022486e-147 1.774457e-058 1.000000e+000 
1.075400e-233 2.281333e-233 7.944909e-148 2.279956e-088 1.000000e+000 
7.497722e-234 2.605023e-233 2.768544e-177 7.944909e-118 1.000000e+000 
4.251091e-234 2.921968e-233 9.647483e-207 2.768544e-147 1.000000e+000 
1.293316e-234 2.957775e-233 2.888559e-234 9.647483e-177 1.000000e+000 
4.137320e-263 1.422647e-233 1.664459e-233 2.888559e-205 1.000000e+000 
2.068660e-263 2.482392e-262 2.715963e-233 4.082580e-234 1.000000e+000 
1.855146e-293 2.689258e-262 4.693153e-262 2.715963e-233 1.000000e+000 
1.482197e-323 2.597204e-292 7.033444e-262 6.979345e-263 1.000000e+000 
0.000000e+000 2.371515e-322 6.307497e-262 7.259473e-263 1.000000e+000 
0.000000e+000 0.000000e+000 5.374745e-262 9.327514e-263 1.000000e+000 
0.000000e+000 0.000000e+000 4.176277e-262 1.198469e-262 1.000000e+000 
0.000000e+000 0.000000e+000 2.863593e-290 4.176277e-262 1.000000e+000 
0.000000e+000 0.000000e+000 2.809933e-290 1.073198e-291 1.000000e+000 
0.000000e+000 0.000000e+000 2.740986e-290 6.894628e-292 1.000000e+000 
0.000000e+000 0.000000e+000 2.652399e-290 8.858734e-292 1.000000e+000 
0.000000e+000 0.000000e+000 9.242980e-320 2.652399e-290 1.000000e+000 
0.000000e+000 0.000000e+000 0.000000e+000 0.000000e+000 1.000000e+000 
0.000000e+000 0.000000e+000 0.000000e+000 0.000000e+000 1.000000e+000 
0.000000e+000 0.000000e+000 0.000000e+000 0.000000e+000 1.000000e+000 
0.000000e+000 0.000000e+000 0.000000e+000 0.000000e+000 1.000000e+000 
0.000000e+000 0.000000e+000 0.000000e+000 0.000000e+000 1.000000e+000 
0.000000e+000 0.000000e+000 0.000000e+000 0.000000e+000 1.000000e+000 
0.000000e+000 0.000000e+000 0.000000e+000 0.000000e+000 1.000000e+000 
0.000000e+000 0.000000e+000 0.000000e+000 0.000000e+000 1.000000e+000 
0.000000e+000 0.000000e+000 0.000000e+000 0.000000e+000 1.000000e+000 
0.000000e+000 0.000000e+000 0.000000e+000 0.000000e+000 1.000000e+000 
0.000000e+000 0.000000e+000 0.000000e+000 0.000000e+000 1.000000e+000 
0.000000e+000 0.000000e+000 0.000000e+000 0.000000e+000 1.000000e+000 
0.000000e+000 0.000000e+000 0.000000e+000 0.000000e+000 1.000000e+000 
0.000000e+000 0.000000e+000 0.000000e+000 0.000000e+000 1.000000e+000 
0.000000e+000 0.000000e+000 0.000000e+000 0.000000e+000 1.000000e+000 
0.000000e+000 0.000000e+000 0.000000e+000 0.000000e+000 1.000000e+000 
0.000000e+000 0.000000e+000 0.000000e+000 0.000000e+000 1.000000e+000 
0.000000e+000 0.000000e+000 0.000000e+000 0.000000e+000 1.000000e+000 
0.000000e+000 0.000000e+000 0.000000e+000 0.000000e+000 1.000000e+000 
0.000000e+000 0.000000e+000 0.000000e+000 0.000000e+000 1.000000e+000 
0.000000e+000 0.000000e+000 0.000000e+000 0.000000e+000 1.000000e+000 
0.000000e+000 0.000000e+000 0.000000e+000 0.000000e+000 1.000000e+000 
0.000000e+000 0.000000e+000 0.000000e+000 0.000000e+000 1.000000e+000 
0.000000e+000 0.000000e+000 0.000000e+000 0.000000e+000 1.000000e+000 
0.000000e+000 0.000000e+000 0.000000e+000 0.000000e+000 1.000000e+000 
0.000000e+000 0.000000e+000 0.000000e+000 0.000000e+000 1.000000e+000 
0.000000e+000 0.000000e+000 0.000000e+000 0.000000e+000 1.000000e+000 
0.000000e+000 0.000000e+000 0.000000e+000 0.000000e+000 1.000000e+000 



Q star

------------
1  2  3  4  4  5  5  5  5  5  5  5  5  5  5  5  5  5  5  5  5  5  5  5  5  5  5  5  5  5  5  5  5  5  5  5  5  5  5  5  5  5  5  5  5  5  5  5  5  5  5  
------------

P star

-----------
3.911569e-027

A Martrix

9.267177e-061 1.000000e+000 0.000000e+000 0.000000e+000 0.000000e+000 
0.000000e+000 9.267177e-061 1.000000e+000 0.000000e+000 0.000000e+000 
0.000000e+000 0.000000e+000 9.267177e-031 1.000000e+000 0.000000e+000 
0.000000e+000 0.000000e+000 0.000000e+000 4.809826e-001 5.190174e-001 
0.000000e+000 0.000000e+000 0.000000e+000 0.000000e+000 1.000000e+000 

B Martrix

1.000000e-030 1.000000e-030 1.000000e-030 1.000000e-030 1.000000e-030 1.000000e-030 1.000000e-030 1.000000e-030 1.000000e-030 1.000000e-030 1.000000e-030 1.000000e-030 1.000000e-030 1.000000e-030 1.000000e-030 1.000000e-030 1.000000e-030 1.000000e-030 1.000000e-030 1.000000e-030 1.000000e-030 1.000000e-030 1.000000e-030 1.000000e-030 1.000000e-030 1.000000e-030 1.000000e-030 1.000000e+000 1.000000e-030 1.000000e-030 1.000000e-030 1.000000e-030 
1.000000e-030 1.000000e-030 1.000000e-030 1.000000e-030 1.000000e-030 1.000000e-030 1.000000e-030 1.000000e-030 1.000000e-030 1.000000e-030 1.000000e-030 1.000000e-030 1.000000e-030 1.000000e-030 1.000000e-030 1.000000e-030 1.000000e-030 1.000000e-030 1.000000e-030 1.000000e-030 1.000000e-030 1.000000e-030 1.000000e-030 1.000000e-030 1.000000e-030 1.000000e-030 1.000000e-030 1.000000e+000 1.000000e-030 1.000000e-030 1.000000e-030 1.000000e-030 
1.000000e-030 1.000000e-030 1.000000e-030 1.000000e-030 1.000000e-030 1.000000e-030 1.000000e-030 1.000000e-030 1.000000e-030 1.000000e-030 1.000000e-030 1.000000e-030 1.000000e-030 1.000000e-030 1.000000e-030 1.000000e-030 1.000000e-030 1.000000e-030 1.000000e-030 1.000000e+000 1.000000e-030 1.000000e-030 1.000000e-030 1.000000e-030 1.000000e-030 1.000000e-030 1.000000e-030 1.000000e-030 1.000000e-030 1.000000e-030 1.000000e-030 1.000000e-030 
1.000000e-030 1.000000e-030 1.000000e-030 1.000000e-030 1.000000e-030 1.000000e-030 1.000000e-030 1.000000e-030 1.000000e-030 1.000000e-030 1.000000e-030 1.000000e+000 1.000000e-030 1.000000e-030 1.000000e-030 1.000000e-030 1.000000e-030 1.000000e-030 1.000000e-030 1.000000e-030 1.000000e-030 1.000000e-030 1.000000e-030 1.000000e-030 1.000000e-030 1.000000e-030 1.000000e-030 1.000000e-030 1.000000e-030 1.000000e-030 1.000000e-030 1.000000e-030 
1.000000e-030 1.000000e-030 1.000000e-030 4.340911e-002 1.000000e-030 1.000000e-030 1.000000e-030 1.000000e-030 1.000000e-030 1.000000e-030 1.000000e-030 4.340911e-002 1.000000e-030 1.000000e-030 1.000000e-030 1.000000e-030 1.000000e-030 1.000000e-030 8.681821e-002 5.659089e-001 1.000000e-030 1.000000e-030 1.000000e-030 1.000000e-030 1.000000e-030 1.000000e-030 1.000000e-030 2.604546e-001 1.000000e-030 1.000000e-030 1.000000e-030 1.000000e-030 
Iteraion 3
-----------------

P(O|lamda) = 1.994344e-024

1.000000e+000 0.000000e+000 0.000000e+000 0.000000e+000 0.000000e+000 
9.267177e-061 1.000000e+000 0.000000e+000 0.000000e+000 0.000000e+000 
8.588056e-151 1.853435e-090 1.000000e+000 0.000000e+000 0.000000e+000 
7.958704e-241 2.576417e-180 9.267177e-061 1.000000e+000 0.000000e+000 
0.000000e+000 3.183481e-270 8.588056e-121 4.809826e-001 2.253008e-002 
0.000000e+000 0.000000e+000 7.958704e-181 2.313443e-031 2.362918e-002 
0.000000e+000 0.000000e+000 7.375471e-241 1.112726e-061 2.051443e-003 
0.000000e+000 0.000000e+000 6.834979e-271 5.352017e-092 1.160930e-003 
0.000000e+000 0.000000e+000 0.000000e+000 2.574227e-122 3.023696e-004 
0.000000e+000 0.000000e+000 0.000000e+000 1.238158e-152 7.875355e-005 
0.000000e+000 0.000000e+000 0.000000e+000 5.955326e-183 2.051173e-005 
0.000000e+000 0.000000e+000 0.000000e+000 2.864408e-213 8.903958e-007 
0.000000e+000 0.000000e+000 0.000000e+000 1.377730e-243 5.038829e-007 
0.000000e+000 0.000000e+000 0.000000e+000 6.626644e-274 1.312386e-007 
0.000000e+000 0.000000e+000 0.000000e+000 3.187300e-304 7.426912e-008 
0.000000e+000 0.000000e+000 0.000000e+000 0.000000e+000 4.202956e-008 
0.000000e+000 0.000000e+000 0.000000e+000 0.000000e+000 2.378490e-008 
0.000000e+000 0.000000e+000 0.000000e+000 0.000000e+000 1.346009e-008 
0.000000e+000 0.000000e+000 0.000000e+000 0.000000e+000 3.505743e-009 
0.000000e+000 0.000000e+000 0.000000e+000 0.000000e+000 1.983931e-009 
0.000000e+000 0.000000e+000 0.000000e+000 0.000000e+000 1.122724e-009 
0.000000e+000 0.000000e+000 0.000000e+000 0.000000e+000 6.353598e-010 
0.000000e+000 0.000000e+000 0.000000e+000 0.000000e+000 2.758040e-011 
0.000000e+000 0.000000e+000 0.000000e+000 0.000000e+000 7.183443e-012 
0.000000e+000 0.000000e+000 0.000000e+000 0.000000e+000 1.870961e-012 
0.000000e+000 0.000000e+000 0.000000e+000 0.000000e+000 1.058794e-012 
0.000000e+000 0.000000e+000 0.000000e+000 0.000000e+000 5.991807e-013 
0.000000e+000 0.000000e+000 0.000000e+000 0.000000e+000 3.390817e-013 
0.000000e+000 0.000000e+000 0.000000e+000 0.000000e+000 8.831541e-014 
0.000000e+000 0.000000e+000 0.000000e+000 0.000000e+000 2.300216e-014 
0.000000e+000 0.000000e+000 0.000000e+000 0.000000e+000 1.997006e-015 
0.000000e+000 0.000000e+000 0.000000e+000 0.000000e+000 1.733765e-016 
0.000000e+000 0.000000e+000 0.000000e+000 0.000000e+000 9.811532e-017 
0.000000e+000 0.000000e+000 0.000000e+000 0.000000e+000 5.552433e-017 
0.000000e+000 0.000000e+000 0.000000e+000 0.000000e+000 3.142172e-017 
0.000000e+000 0.000000e+000 0.000000e+000 0.000000e+000 1.778183e-017 
0.000000e+000 0.000000e+000 0.000000e+000 0.000000e+000 1.006290e-017 
0.000000e+000 0.000000e+000 0.000000e+000 0.000000e+000 5.694683e-018 
0.000000e+000 0.000000e+000 0.000000e+000 0.000000e+000 3.222672e-018 
0.000000e+000 0.000000e+000 0.000000e+000 0.000000e+000 1.823739e-018 
0.000000e+000 0.000000e+000 0.000000e+000 0.000000e+000 1.032070e-018 
0.000000e+000 0.000000e+000 0.000000e+000 0.000000e+000 5.840578e-019 
0.000000e+000 0.000000e+000 0.000000e+000 0.000000e+000 2.535343e-020 
0.000000e+000 0.000000e+000 0.000000e+000 0.000000e+000 1.100570e-021 
0.000000e+000 0.000000e+000 0.000000e+000 0.000000e+000 2.866484e-022 
0.000000e+000 0.000000e+000 0.000000e+000 0.000000e+000 1.622169e-022 
0.000000e+000 0.000000e+000 0.000000e+000 0.000000e+000 9.180000e-023 
0.000000e+000 0.000000e+000 0.000000e+000 0.000000e+000 5.195044e-023 
0.000000e+000 0.000000e+000 0.000000e+000 0.000000e+000 1.353073e-023 
0.000000e+000 0.000000e+000 0.000000e+000 0.000000e+000 3.524142e-024 
0.000000e+000 0.000000e+000 0.000000e+000 0.000000e+000 1.994344e-024 


1.994344e-024 4.662798e-084 4.055575e-057 1.056293e-027 2.035179e-027 
3.803156e-084 1.994344e-024 2.814604e-054 4.055575e-027 7.813947e-027 
4.380597e-113 3.803156e-054 1.994344e-024 9.664110e-025 1.380778e-026 
5.045712e-112 4.380597e-083 3.803156e-024 1.994344e-024 3.180849e-025 
8.916121e-112 5.045712e-082 4.380597e-053 3.803156e-024 7.327608e-024 
3.423291e-081 8.916121e-082 5.045712e-052 4.380597e-023 8.440174e-023 
1.314352e-110 3.423291e-051 8.916121e-052 5.045712e-022 9.721663e-022 
5.046377e-080 1.314352e-080 3.423291e-051 8.916121e-022 1.717885e-021 
1.162516e-078 5.046377e-080 1.314352e-050 3.423291e-021 6.595716e-021 
2.054245e-078 1.162516e-078 5.046377e-050 1.314352e-020 2.532386e-020 
7.887151e-078 2.054245e-078 1.162516e-048 5.046377e-020 9.722943e-020 
1.393714e-107 7.887151e-048 2.054245e-048 1.162516e-018 2.239839e-018 
2.462788e-047 1.393714e-077 7.887151e-048 2.054245e-018 3.957950e-018 
4.351916e-077 2.462788e-047 1.393714e-047 7.887151e-018 1.519631e-017 
7.690135e-077 4.351916e-047 2.462788e-047 1.393714e-017 2.685293e-017 
2.952581e-076 7.690135e-047 4.351916e-047 2.462788e-017 4.745097e-017 
5.217414e-106 2.952581e-046 7.690135e-047 4.351916e-017 8.384913e-017 
9.219529e-046 5.217414e-076 2.952581e-046 7.690135e-017 1.481672e-016 
1.629154e-075 9.219529e-046 5.217414e-046 2.952581e-016 5.688790e-016 
3.753024e-074 1.629154e-045 9.219529e-046 5.217414e-016 1.005248e-015 
1.440951e-103 3.753024e-044 1.629154e-045 9.219529e-016 1.776343e-015 
5.532446e-103 1.440951e-073 3.753024e-044 1.629154e-015 3.138920e-015 
9.776212e-073 5.532446e-073 1.440951e-043 3.753024e-014 7.231018e-014 
1.727524e-042 9.776212e-073 5.532446e-043 1.440951e-013 2.776306e-013 
3.052653e-072 1.727524e-042 9.776212e-043 5.532446e-013 1.065946e-012 
1.172048e-071 3.052653e-042 1.727524e-042 9.776212e-013 1.883600e-012 
4.500008e-101 1.172048e-041 3.052653e-042 1.727524e-012 3.328451e-012 
5.183254e-070 4.500008e-071 1.172048e-041 3.052653e-012 5.881601e-012 
5.970238e-069 5.183254e-070 4.500008e-041 1.172048e-011 2.258206e-011 
1.054982e-098 5.970238e-069 5.183254e-040 4.500008e-011 8.670246e-011 
1.864226e-068 1.054982e-068 5.970238e-039 5.183254e-010 9.986667e-010 
3.294215e-068 1.864226e-038 1.054982e-038 5.970238e-009 1.150296e-008 
5.821105e-068 3.294215e-038 1.864226e-038 1.054982e-008 2.032653e-008 
1.028629e-067 5.821105e-038 3.294215e-038 1.864226e-008 3.591837e-008 
1.817659e-067 1.028629e-037 5.821105e-038 3.294215e-008 6.347023e-008 
3.211928e-067 1.817659e-037 1.028629e-037 5.821105e-008 1.121563e-007 
5.675697e-067 3.211928e-037 1.817659e-037 1.028629e-007 1.981878e-007 
1.002935e-066 5.675697e-037 3.211928e-037 1.817659e-007 3.502115e-007 
6.960455e-064 1.002935e-036 5.675697e-037 3.211928e-007 6.188478e-007 
4.931968e-034 6.960455e-034 1.002935e-036 5.675697e-007 1.093547e-006 
9.405122e-064 4.931968e-004 6.960455e-034 1.002935e-006 1.932372e-006 
3.611040e-093 9.405122e-034 4.931968e-004 2.389913e-004 3.414634e-006 
6.380956e-093 3.611040e-063 9.405122e-004 4.931968e-004 7.866170e-005 
1.127559e-032 6.380956e-063 3.611040e-033 9.405122e-004 1.812101e-003 
1.992474e-062 1.127559e-032 6.380956e-033 3.611040e-003 6.957455e-003 
7.649985e-062 1.992474e-032 1.127559e-032 6.380956e-003 1.229430e-002 
2.937166e-091 7.649985e-032 1.992474e-032 1.127559e-002 2.172488e-002 
3.780153e-060 2.937166e-061 7.649985e-032 1.992474e-002 3.838935e-002 
1.000000e+000 2.853435e-060 2.937166e-031 7.649985e-002 1.473936e-001 
1.000000e-030 1.000000e+000 1.926718e-030 2.937166e-001 5.659089e-001 
1.000000e+000 1.000000e+000 1.000000e+000 1.000000e+000 1.000000e+000 


1.000000e+000 0.000000e+000 0.000000e+000 0.000000e+000 0.000000e+000 
1.767224e-120 1.000000e+000 0.000000e+000 0.000000e+000 0.000000e+000 
1.886376e-239 3.534448e-120 1.000000e+000 0.000000e+000 0.000000e+000 
0.000000e+000 5.659128e-239 1.767224e-060 1.000000e+000 0.000000e+000 
0.000000e+000 0.000000e+000 1.886376e-149 9.172201e-001 8.277993e-002 
0.000000e+000 0.000000e+000 2.013561e-208 5.081502e-030 1.000000e+000 
0.000000e+000 0.000000e+000 3.297355e-268 2.815209e-059 1.000000e+000 
0.000000e+000 0.000000e+000 1.173224e-297 2.392728e-089 1.000000e+000 
0.000000e+000 0.000000e+000 0.000000e+000 4.418661e-119 1.000000e+000 
0.000000e+000 0.000000e+000 0.000000e+000 8.159958e-149 1.000000e+000 
0.000000e+000 0.000000e+000 0.000000e+000 1.506903e-178 1.000000e+000 
0.000000e+000 0.000000e+000 0.000000e+000 1.669682e-207 1.000000e+000 
0.000000e+000 0.000000e+000 0.000000e+000 1.419112e-237 1.000000e+000 
0.000000e+000 0.000000e+000 0.000000e+000 2.620679e-267 1.000000e+000 
0.000000e+000 0.000000e+000 0.000000e+000 2.227392e-297 1.000000e+000 
0.000000e+000 0.000000e+000 0.000000e+000 0.000000e+000 1.000000e+000 
0.000000e+000 0.000000e+000 0.000000e+000 0.000000e+000 1.000000e+000 
0.000000e+000 0.000000e+000 0.000000e+000 0.000000e+000 1.000000e+000 
0.000000e+000 0.000000e+000 0.000000e+000 0.000000e+000 1.000000e+000 
0.000000e+000 0.000000e+000 0.000000e+000 0.000000e+000 1.000000e+000 
0.000000e+000 0.000000e+000 0.000000e+000 0.000000e+000 1.000000e+000 
0.000000e+000 0.000000e+000 0.000000e+000 0.000000e+000 1.000000e+000 
0.000000e+000 0.000000e+000 0.000000e+000 0.000000e+000 1.000000e+000 
0.000000e+000 0.000000e+000 0.000000e+000 0.000000e+000 1.000000e+000 
0.000000e+000 0.000000e+000 0.000000e+000 0.000000e+000 1.000000e+000 
0.000000e+000 0.000000e+000 0.000000e+000 0.000000e+000 1.000000e+000 
0.000000e+000 0.000000e+000 0.000000e+000 0.000000e+000 1.000000e+000 
0.000000e+000 0.000000e+000 0.000000e+000 0.000000e+000 1.000000e+000 
0.000000e+000 0.000000e+000 0.000000e+000 0.000000e+000 1.000000e+000 
0.000000e+000 0.000000e+000 0.000000e+000 0.000000e+000 1.000000e+000 
0.000000e+000 0.000000e+000 0.000000e+000 0.000000e+000 1.000000e+000 
0.000000e+000 0.000000e+000 0.000000e+000 0.000000e+000 1.000000e+000 
0.000000e+000 0.000000e+000 0.000000e+000 0.000000e+000 1.000000e+000 
0.000000e+000 0.000000e+000 0.000000e+000 0.000000e+000 1.000000e+000 
0.000000e+000 0.000000e+000 0.000000e+000 0.000000e+000 1.000000e+000 
0.000000e+000 0.000000e+000 0.000000e+000 0.000000e+000 1.000000e+000 
0.000000e+000 0.000000e+000 0.000000e+000 0.000000e+000 1.000000e+000 
0.000000e+000 0.000000e+000 0.000000e+000 0.000000e+000 1.000000e+000 
0.000000e+000 0.000000e+000 0.000000e+000 0.000000e+000 1.000000e+000 
0.000000e+000 0.000000e+000 0.000000e+000 0.000000e+000 1.000000e+000 
0.000000e+000 0.000000e+000 0.000000e+000 0.000000e+000 1.000000e+000 
0.000000e+000 0.000000e+000 0.000000e+000 0.000000e+000 1.000000e+000 
0.000000e+000 0.000000e+000 0.000000e+000 0.000000e+000 1.000000e+000 
0.000000e+000 0.000000e+000 0.000000e+000 0.000000e+000 1.000000e+000 
0.000000e+000 0.000000e+000 0.000000e+000 0.000000e+000 1.000000e+000 
0.000000e+000 0.000000e+000 0.000000e+000 0.000000e+000 1.000000e+000 
0.000000e+000 0.000000e+000 0.000000e+000 0.000000e+000 1.000000e+000 
0.000000e+000 0.000000e+000 0.000000e+000 0.000000e+000 1.000000e+000 
0.000000e+000 0.000000e+000 0.000000e+000 0.000000e+000 1.000000e+000 
0.000000e+000 0.000000e+000 0.000000e+000 0.000000e+000 1.000000e+000 
0.000000e+000 0.000000e+000 0.000000e+000 0.000000e+000 1.000000e+000 



Q star

------------
1  2  3  4  4  5  5  5  5  5  5  5  5  5  5  5  5  5  5  5  5  5  5  5  5  5  5  5  5  5  5  5  5  5  5  5  5  5  5  5  5  5  5  5  5  5  5  5  5  5  5  
------------

P star

-----------
1.829252e-024

A Martrix

1.767224e-120 1.000000e+000 0.000000e+000 0.000000e+000 0.000000e+000 
0.000000e+000 1.767224e-120 1.000000e+000 0.000000e+000 0.000000e+000 
0.000000e+000 0.000000e+000 1.767224e-060 1.000000e+000 0.000000e+000 
0.000000e+000 0.000000e+000 0.000000e+000 4.784115e-001 5.215885e-001 
0.000000e+000 0.000000e+000 0.000000e+000 0.000000e+000 1.000000e+000 

B Martrix

1.000000e-030 1.000000e-030 1.000000e-030 1.000000e-030 1.000000e-030 1.000000e-030 1.000000e-030 1.000000e-030 1.000000e-030 1.000000e-030 1.000000e-030 1.000000e-030 1.000000e-030 1.000000e-030 1.000000e-030 1.000000e-030 1.000000e-030 1.000000e-030 1.000000e-030 1.000000e-030 1.000000e-030 1.000000e-030 1.000000e-030 1.000000e-030 1.000000e-030 1.000000e-030 1.000000e-030 1.000000e+000 1.000000e-030 1.000000e-030 1.000000e-030 1.000000e-030 
1.000000e-030 1.000000e-030 1.000000e-030 1.000000e-030 1.000000e-030 1.000000e-030 1.000000e-030 1.000000e-030 1.000000e-030 1.000000e-030 1.000000e-030 1.000000e-030 1.000000e-030 1.000000e-030 1.000000e-030 1.000000e-030 1.000000e-030 1.000000e-030 1.000000e-030 1.000000e-030 1.000000e-030 1.000000e-030 1.000000e-030 1.000000e-030 1.000000e-030 1.000000e-030 1.000000e-030 1.000000e+000 1.000000e-030 1.000000e-030 1.000000e-030 1.000000e-030 
1.000000e-030 1.000000e-030 1.000000e-030 1.000000e-030 1.000000e-030 1.000000e-030 1.000000e-030 1.000000e-030 1.000000e-030 1.000000e-030 1.000000e-030 1.000000e-030 1.000000e-030 1.000000e-030 1.000000e-030 1.000000e-030 1.000000e-030 1.000000e-030 1.000000e-030 1.000000e+000 1.000000e-030 1.000000e-030 1.000000e-030 1.000000e-030 1.000000e-030 1.000000e-030 1.000000e-030 1.000000e-030 1.000000e-030 1.000000e-030 1.000000e-030 1.000000e-030 
1.000000e-030 1.000000e-030 1.000000e-030 1.000000e-030 1.000000e-030 1.000000e-030 1.000000e-030 1.000000e-030 1.000000e-030 1.000000e-030 1.000000e-030 1.000000e+000 1.000000e-030 1.000000e-030 1.000000e-030 1.000000e-030 1.000000e-030 1.000000e-030 1.000000e-030 1.000000e-030 1.000000e-030 1.000000e-030 1.000000e-030 1.000000e-030 1.000000e-030 1.000000e-030 1.000000e-030 1.000000e-030 1.000000e-030 1.000000e-030 1.000000e-030 1.000000e-030 
1.000000e-030 1.000000e-030 1.000000e-030 4.340016e-002 1.000000e-030 1.000000e-030 1.000000e-030 1.000000e-030 1.000000e-030 1.000000e-030 1.000000e-030 4.340016e-002 1.000000e-030 1.000000e-030 1.000000e-030 1.000000e-030 1.000000e-030 1.000000e-030 8.680032e-002 5.659984e-001 1.000000e-030 1.000000e-030 1.000000e-030 1.000000e-030 1.000000e-030 1.000000e-030 1.000000e-030 2.604010e-001 1.000000e-030 1.000000e-030 1.000000e-030 1.000000e-030 
Iteraion 4
-----------------

P(O|lamda) = 1.994338e-024

1.000000e+000 0.000000e+000 0.000000e+000 0.000000e+000 0.000000e+000 
1.767224e-120 1.000000e+000 0.000000e+000 0.000000e+000 0.000000e+000 
3.123081e-270 3.534448e-150 1.000000e+000 0.000000e+000 0.000000e+000 
0.000000e+000 9.369243e-300 1.767224e-090 1.000000e+000 0.000000e+000 
0.000000e+000 0.000000e+000 3.123081e-180 4.784115e-001 2.263703e-002 
0.000000e+000 0.000000e+000 5.519184e-270 2.288775e-031 2.362453e-002 
0.000000e+000 0.000000e+000 0.000000e+000 1.094976e-061 2.050616e-003 
0.000000e+000 0.000000e+000 0.000000e+000 5.238493e-092 1.160646e-003 
0.000000e+000 0.000000e+000 0.000000e+000 2.506155e-122 3.022332e-004 
0.000000e+000 0.000000e+000 0.000000e+000 1.198973e-152 7.870182e-005 
0.000000e+000 0.000000e+000 0.000000e+000 5.736026e-183 2.049403e-005 
0.000000e+000 0.000000e+000 0.000000e+000 2.744180e-213 8.894442e-007 
0.000000e+000 0.000000e+000 0.000000e+000 1.312847e-243 5.034240e-007 
0.000000e+000 0.000000e+000 0.000000e+000 6.280813e-274 1.310921e-007 
0.000000e+000 0.000000e+000 0.000000e+000 3.004813e-304 7.419791e-008 
0.000000e+000 0.000000e+000 0.000000e+000 0.000000e+000 4.199590e-008 
0.000000e+000 0.000000e+000 0.000000e+000 0.000000e+000 2.376961e-008 
0.000000e+000 0.000000e+000 0.000000e+000 0.000000e+000 1.345356e-008 
0.000000e+000 0.000000e+000 0.000000e+000 0.000000e+000 3.503321e-009 
0.000000e+000 0.000000e+000 0.000000e+000 0.000000e+000 1.982874e-009 
0.000000e+000 0.000000e+000 0.000000e+000 0.000000e+000 1.122303e-009 
0.000000e+000 0.000000e+000 0.000000e+000 0.000000e+000 6.352220e-010 
0.000000e+000 0.000000e+000 0.000000e+000 0.000000e+000 2.756873e-011 
0.000000e+000 0.000000e+000 0.000000e+000 0.000000e+000 7.178925e-012 
0.000000e+000 0.000000e+000 0.000000e+000 0.000000e+000 1.869399e-012 
0.000000e+000 0.000000e+000 0.000000e+000 0.000000e+000 1.058077e-012 
0.000000e+000 0.000000e+000 0.000000e+000 0.000000e+000 5.988698e-013 
0.000000e+000 0.000000e+000 0.000000e+000 0.000000e+000 3.389593e-013 
0.000000e+000 0.000000e+000 0.000000e+000 0.000000e+000 8.826534e-014 
0.000000e+000 0.000000e+000 0.000000e+000 0.000000e+000 2.298438e-014 
0.000000e+000 0.000000e+000 0.000000e+000 0.000000e+000 1.995051e-015 
0.000000e+000 0.000000e+000 0.000000e+000 0.000000e+000 1.731711e-016 
0.000000e+000 0.000000e+000 0.000000e+000 0.000000e+000 9.801456e-017 
0.000000e+000 0.000000e+000 0.000000e+000 0.000000e+000 5.547609e-017 
0.000000e+000 0.000000e+000 0.000000e+000 0.000000e+000 3.139938e-017 
0.000000e+000 0.000000e+000 0.000000e+000 0.000000e+000 1.777200e-017 
0.000000e+000 0.000000e+000 0.000000e+000 0.000000e+000 1.005892e-017 
0.000000e+000 0.000000e+000 0.000000e+000 0.000000e+000 5.693334e-018 
0.000000e+000 0.000000e+000 0.000000e+000 0.000000e+000 3.222418e-018 
0.000000e+000 0.000000e+000 0.000000e+000 0.000000e+000 1.823883e-018 
0.000000e+000 0.000000e+000 0.000000e+000 0.000000e+000 1.032315e-018 
0.000000e+000 0.000000e+000 0.000000e+000 0.000000e+000 5.842887e-019 
0.000000e+000 0.000000e+000 0.000000e+000 0.000000e+000 2.535822e-020 
0.000000e+000 0.000000e+000 0.000000e+000 0.000000e+000 1.100551e-021 
0.000000e+000 0.000000e+000 0.000000e+000 0.000000e+000 2.865845e-022 
0.000000e+000 0.000000e+000 0.000000e+000 0.000000e+000 1.622064e-022 
0.000000e+000 0.000000e+000 0.000000e+000 0.000000e+000 9.180855e-023 
0.000000e+000 0.000000e+000 0.000000e+000 0.000000e+000 5.196349e-023 
0.000000e+000 0.000000e+000 0.000000e+000 0.000000e+000 1.353134e-023 
0.000000e+000 0.000000e+000 0.000000e+000 0.000000e+000 3.523575e-024 
0.000000e+000 0.000000e+000 0.000000e+000 0.000000e+000 1.994338e-024 


1.994338e-024 9.613129e-085 4.074579e-057 1.061024e-027 2.034217e-027 
3.821949e-084 1.994338e-024 9.613129e-055 4.074579e-027 7.811865e-027 
4.403151e-113 3.821949e-054 1.994338e-024 9.613129e-025 1.380192e-026 
5.072736e-112 4.403151e-083 3.821949e-024 1.994338e-024 3.180154e-025 
8.962457e-112 5.072736e-082 4.403151e-053 3.821949e-024 7.327518e-024 
3.441791e-081 8.962457e-082 5.072736e-052 4.403151e-023 8.441810e-023 
1.321727e-110 3.441791e-051 8.962457e-052 5.072736e-022 9.725552e-022 
5.075740e-080 1.321727e-080 3.441791e-051 8.962457e-022 1.718300e-021 
1.169521e-078 5.075740e-080 1.321727e-050 3.441791e-021 6.598671e-021 
2.066297e-078 1.169521e-078 5.075740e-050 1.321727e-020 2.534042e-020 
7.935060e-078 2.066297e-078 1.169521e-048 5.075740e-020 9.731310e-020 
1.401958e-107 7.935060e-048 2.066297e-048 1.169521e-018 2.242229e-018 
2.476965e-047 1.401958e-077 7.935060e-048 2.066297e-018 3.961547e-018 
4.376275e-077 2.476965e-047 1.401958e-047 7.935060e-018 1.521326e-017 
7.731957e-077 4.376275e-047 2.476965e-047 1.401958e-017 2.687862e-017 
2.969250e-076 7.731957e-047 4.376275e-047 2.476965e-017 4.748886e-017 
5.246040e-106 2.969250e-046 7.731957e-047 4.376275e-017 8.390282e-017 
9.268649e-046 5.246040e-076 2.969250e-046 7.731957e-017 1.482386e-016 
1.637575e-075 9.268649e-046 5.246040e-046 2.969250e-016 5.692707e-016 
3.773200e-074 1.637575e-045 9.268649e-046 5.246040e-016 1.005781e-015 
1.448996e-103 3.773200e-044 1.637575e-045 9.268649e-016 1.777004e-015 
5.564482e-103 1.448996e-073 3.773200e-044 1.637575e-015 3.139592e-015 
9.831268e-073 5.564482e-073 1.448996e-043 3.773200e-014 7.234056e-014 
1.736978e-042 9.831268e-073 5.564482e-043 1.448996e-013 2.778045e-013 
3.068874e-072 1.736978e-042 9.831268e-043 5.564482e-013 1.066834e-012 
1.178519e-071 3.068874e-042 1.736978e-042 9.831268e-013 1.884870e-012 
4.525785e-101 1.178519e-041 3.068874e-042 1.736978e-012 3.330169e-012 
5.214019e-070 4.525785e-071 1.178519e-041 3.068874e-012 5.883708e-012 
6.006913e-069 5.214019e-070 4.525785e-041 1.178519e-011 2.259480e-011 
1.061295e-098 6.006913e-069 5.214019e-040 4.525785e-011 8.676927e-011 
1.875085e-068 1.061295e-068 6.006913e-039 5.214019e-010 9.996422e-010 
3.312880e-068 1.875085e-038 1.061295e-038 6.006913e-009 1.151657e-008 
5.853161e-068 3.312880e-038 1.875085e-038 1.061295e-008 2.034736e-008 
1.034130e-067 5.853161e-038 3.312880e-038 1.875085e-008 3.594950e-008 
1.827091e-067 1.034130e-037 5.853161e-038 3.312880e-008 6.351520e-008 
3.228084e-067 1.827091e-037 1.034130e-037 5.853161e-008 1.122180e-007 
5.703345e-067 3.228084e-037 1.827091e-037 1.034130e-007 1.982655e-007 
1.007661e-066 5.703345e-037 3.228084e-037 1.827091e-007 3.502935e-007 
2.377368e-064 1.007661e-036 5.703345e-037 3.228084e-007 6.188948e-007 
4.932083e-034 2.377368e-034 1.007661e-036 5.703345e-007 1.093457e-006 
9.451845e-064 4.932083e-004 2.377368e-034 1.007661e-006 1.931908e-006 
3.629727e-093 9.451845e-034 4.932083e-004 2.377368e-004 3.413274e-006 
6.412964e-093 3.629727e-063 9.451845e-004 4.932083e-004 7.864659e-005 
1.133036e-032 6.412964e-063 3.629727e-033 9.451845e-004 1.812127e-003 
2.001836e-062 1.133036e-032 6.412964e-033 3.629727e-003 6.958986e-003 
7.687512e-062 2.001836e-032 1.133036e-032 6.412964e-003 1.229506e-002 
2.952183e-091 7.687512e-032 2.001836e-032 1.133036e-002 2.172279e-002 
1.000000e-060 2.952183e-061 7.687512e-032 2.001836e-002 3.837959e-002 
1.000000e+000 1.000000e-060 2.952183e-031 7.687512e-002 1.473865e-001 
1.000000e-030 1.000000e+000 1.000000e-030 2.952183e-001 5.659984e-001 
1.000000e+000 1.000000e+000 1.000000e+000 1.000000e+000 1.000000e+000 


1.000000e+000 0.000000e+000 0.000000e+000 0.000000e+000 0.000000e+000 
3.386709e-180 1.000000e+000 0.000000e+000 0.000000e+000 0.000000e+000 
0.000000e+000 6.773418e-180 1.000000e+000 0.000000e+000 0.000000e+000 
0.000000e+000 0.000000e+000 3.386709e-090 1.000000e+000 0.000000e+000 
0.000000e+000 0.000000e+000 6.895221e-209 9.168279e-001 8.317208e-002 
0.000000e+000 0.000000e+000 1.403843e-297 5.053219e-030 1.000000e+000 
0.000000e+000 0.000000e+000 0.000000e+000 2.785148e-059 1.000000e+000 
0.000000e+000 0.000000e+000 0.000000e+000 2.354153e-089 1.000000e+000 
0.000000e+000 0.000000e+000 0.000000e+000 4.325076e-119 1.000000e+000 
0.000000e+000 0.000000e+000 0.000000e+000 7.946077e-149 1.000000e+000 
0.000000e+000 0.000000e+000 0.000000e+000 1.459862e-178 1.000000e+000 
0.000000e+000 0.000000e+000 0.000000e+000 1.609244e-207 1.000000e+000 
0.000000e+000 0.000000e+000 0.000000e+000 1.360218e-237 1.000000e+000 
0.000000e+000 0.000000e+000 0.000000e+000 2.499007e-267 1.000000e+000 
0.000000e+000 0.000000e+000 0.000000e+000 2.112291e-297 1.000000e+000 
0.000000e+000 0.000000e+000 0.000000e+000 0.000000e+000 1.000000e+000 
0.000000e+000 0.000000e+000 0.000000e+000 0.000000e+000 1.000000e+000 
0.000000e+000 0.000000e+000 0.000000e+000 0.000000e+000 1.000000e+000 
0.000000e+000 0.000000e+000 0.000000e+000 0.000000e+000 1.000000e+000 
0.000000e+000 0.000000e+000 0.000000e+000 0.000000e+000 1.000000e+000 
0.000000e+000 0.000000e+000 0.000000e+000 0.000000e+000 1.000000e+000 
0.000000e+000 0.000000e+000 0.000000e+000 0.000000e+000 1.000000e+000 
0.000000e+000 0.000000e+000 0.000000e+000 0.000000e+000 1.000000e+000 
0.000000e+000 0.000000e+000 0.000000e+000 0.000000e+000 1.000000e+000 
0.000000e+000 0.000000e+000 0.000000e+000 0.000000e+000 1.000000e+000 
0.000000e+000 0.000000e+000 0.000000e+000 0.000000e+000 1.000000e+000 
0.000000e+000 0.000000e+000 0.000000e+000 0.000000e+000 1.000000e+000 
0.000000e+000 0.000000e+000 0.000000e+000 0.000000e+000 1.000000e+000 
0.000000e+000 0.000000e+000 0.000000e+000 0.000000e+000 1.000000e+000 
0.000000e+000 0.000000e+000 0.000000e+000 0.000000e+000 1.000000e+000 
0.000000e+000 0.000000e+000 0.000000e+000 0.000000e+000 1.000000e+000 
0.000000e+000 0.000000e+000 0.000000e+000 0.000000e+000 1.000000e+000 
0.000000e+000 0.000000e+000 0.000000e+000 0.000000e+000 1.000000e+000 
0.000000e+000 0.000000e+000 0.000000e+000 0.000000e+000 1.000000e+000 
0.000000e+000 0.000000e+000 0.000000e+000 0.000000e+000 1.000000e+000 
0.000000e+000 0.000000e+000 0.000000e+000 0.000000e+000 1.000000e+000 
0.000000e+000 0.000000e+000 0.000000e+000 0.000000e+000 1.000000e+000 
0.000000e+000 0.000000e+000 0.000000e+000 0.000000e+000 1.000000e+000 
0.000000e+000 0.000000e+000 0.000000e+000 0.000000e+000 1.000000e+000 
0.000000e+000 0.000000e+000 0.000000e+000 0.000000e+000 1.000000e+000 
0.000000e+000 0.000000e+000 0.000000e+000 0.000000e+000 1.000000e+000 
0.000000e+000 0.000000e+000 0.000000e+000 0.000000e+000 1.000000e+000 
0.000000e+000 0.000000e+000 0.000000e+000 0.000000e+000 1.000000e+000 
0.000000e+000 0.000000e+000 0.000000e+000 0.000000e+000 1.000000e+000 
0.000000e+000 0.000000e+000 0.000000e+000 0.000000e+000 1.000000e+000 
0.000000e+000 0.000000e+000 0.000000e+000 0.000000e+000 1.000000e+000 
0.000000e+000 0.000000e+000 0.000000e+000 0.000000e+000 1.000000e+000 
0.000000e+000 0.000000e+000 0.000000e+000 0.000000e+000 1.000000e+000 
0.000000e+000 0.000000e+000 0.000000e+000 0.000000e+000 1.000000e+000 
0.000000e+000 0.000000e+000 0.000000e+000 0.000000e+000 1.000000e+000 
0.000000e+000 0.000000e+000 0.000000e+000 0.000000e+000 1.000000e+000 



Q star

------------
1  2  3  4  4  5  5  5  5  5  5  5  5  5  5  5  5  5  5  5  5  5  5  5  5  5  5  5  5  5  5  5  5  5  5  5  5  5  5  5  5  5  5  5  5  5  5  5  5  5  5  
------------

P star

-----------
1.828464e-024

A Martrix

3.386709e-180 1.000000e+000 0.000000e+000 0.000000e+000 0.000000e+000 
0.000000e+000 3.386709e-180 1.000000e+000 0.000000e+000 0.000000e+000 
0.000000e+000 0.000000e+000 3.386709e-090 1.000000e+000 0.000000e+000 
0.000000e+000 0.000000e+000 0.000000e+000 4.783048e-001 5.216952e-001 
0.000000e+000 0.000000e+000 0.000000e+000 0.000000e+000 1.000000e+000 

B Martrix

1.000000e-030 1.000000e-030 1.000000e-030 1.000000e-030 1.000000e-030 1.000000e-030 1.000000e-030 1.000000e-030 1.000000e-030 1.000000e-030 1.000000e-030 1.000000e-030 1.000000e-030 1.000000e-030 1.000000e-030 1.000000e-030 1.000000e-030 1.000000e-030 1.000000e-030 1.000000e-030 1.000000e-030 1.000000e-030 1.000000e-030 1.000000e-030 1.000000e-030 1.000000e-030 1.000000e-030 1.000000e+000 1.000000e-030 1.000000e-030 1.000000e-030 1.000000e-030 
1.000000e-030 1.000000e-030 1.000000e-030 1.000000e-030 1.000000e-030 1.000000e-030 1.000000e-030 1.000000e-030 1.000000e-030 1.000000e-030 1.000000e-030 1.000000e-030 1.000000e-030 1.000000e-030 1.000000e-030 1.000000e-030 1.000000e-030 1.000000e-030 1.000000e-030 1.000000e-030 1.000000e-030 1.000000e-030 1.000000e-030 1.000000e-030 1.000000e-030 1.000000e-030 1.000000e-030 1.000000e+000 1.000000e-030 1.000000e-030 1.000000e-030 1.000000e-030 
1.000000e-030 1.000000e-030 1.000000e-030 1.000000e-030 1.000000e-030 1.000000e-030 1.000000e-030 1.000000e-030 1.000000e-030 1.000000e-030 1.000000e-030 1.000000e-030 1.000000e-030 1.000000e-030 1.000000e-030 1.000000e-030 1.000000e-030 1.000000e-030 1.000000e-030 1.000000e+000 1.000000e-030 1.000000e-030 1.000000e-030 1.000000e-030 1.000000e-030 1.000000e-030 1.000000e-030 1.000000e-030 1.000000e-030 1.000000e-030 1.000000e-030 1.000000e-030 
1.000000e-030 1.000000e-030 1.000000e-030 1.000000e-030 1.000000e-030 1.000000e-030 1.000000e-030 1.000000e-030 1.000000e-030 1.000000e-030 1.000000e-030 1.000000e+000 1.000000e-030 1.000000e-030 1.000000e-030 1.000000e-030 1.000000e-030 1.000000e-030 1.000000e-030 1.000000e-030 1.000000e-030 1.000000e-030 1.000000e-030 1.000000e-030 1.000000e-030 1.000000e-030 1.000000e-030 1.000000e-030 1.000000e-030 1.000000e-030 1.000000e-030 1.000000e-030 
1.000000e-030 1.000000e-030 1.000000e-030 4.339979e-002 1.000000e-030 1.000000e-030 1.000000e-030 1.000000e-030 1.000000e-030 1.000000e-030 1.000000e-030 4.339979e-002 1.000000e-030 1.000000e-030 1.000000e-030 1.000000e-030 1.000000e-030 1.000000e-030 8.679958e-002 5.660021e-001 1.000000e-030 1.000000e-030 1.000000e-030 1.000000e-030 1.000000e-030 1.000000e-030 1.000000e-030 2.603987e-001 1.000000e-030 1.000000e-030 1.000000e-030 1.000000e-030 
=================
