10	10	6	12	12	12	6	6	6	6	6	7	14	26	26	10	10	26	26	26	6	6	6	6	6	6	6	6	6	6	6	26	26	26	6	6	22	

P(O|lamda) = 7.675035e-045

5.000000e-002 0.000000e+000 0.000000e+000 0.000000e+000 0.000000e+000 
6.427658e-005 2.435724e-003 0.000000e+000 0.000000e+000 0.000000e+000 
4.131478e-007 3.878534e-005 1.171603e-003 0.000000e+000 0.000000e+000 
1.062229e-038 9.378648e-008 1.895078e-034 1.019407e-004 0.000000e+000 
2.731058e-070 1.781171e-010 9.022415e-038 2.278900e-006 2.024124e-005 
7.021722e-102 3.382758e-013 1.713516e-040 5.094512e-008 5.628727e-006 
4.513322e-104 3.212227e-015 1.627134e-013 4.555541e-009 6.000354e-007 
2.901009e-106 3.050293e-017 1.211366e-014 4.074157e-010 6.389322e-008 
1.864669e-108 2.896522e-019 8.014771e-016 3.643555e-011 6.797121e-009 
1.198545e-110 2.750504e-021 5.219678e-017 3.258366e-012 7.225271e-010 
7.703840e-113 2.611846e-023 3.391603e-018 2.913831e-013 7.675338e-011 
1.980706e-144 9.920713e-055 4.406073e-049 3.257103e-015 5.394802e-013 
1.527756e-146 7.536474e-057 1.144750e-050 1.092195e-016 1.860977e-014 
3.927956e-178 1.431309e-059 1.487081e-081 1.220808e-018 3.967842e-016 
1.009902e-209 2.718309e-062 1.376943e-089 1.364567e-020 8.441693e-018 
1.298261e-212 5.162549e-065 2.615058e-092 1.525254e-022 8.208665e-019 
1.668956e-215 9.804592e-068 4.966457e-095 1.704864e-024 7.973215e-020 
4.290990e-247 1.862065e-070 9.432179e-098 1.905624e-026 1.692309e-021 
1.103241e-278 3.536390e-073 1.791337e-100 2.130024e-028 3.591884e-023 
2.836501e-310 6.716229e-076 3.402066e-103 2.380849e-030 7.623654e-025 
1.823206e-312 6.377652e-078 3.230562e-076 2.128969e-031 8.070298e-026 
1.171894e-314 6.056144e-080 2.405082e-077 1.903736e-032 8.543105e-027 
7.532535e-317 5.750843e-082 1.591277e-078 1.702331e-033 9.043610e-028 
4.841646e-319 5.460933e-084 1.036331e-079 1.522234e-034 9.573435e-029 
3.112614e-321 5.185638e-086 6.733791e-081 1.361190e-035 1.013430e-029 
1.976263e-323 4.924221e-088 4.373975e-082 1.217184e-036 1.072802e-030 
0.000000e+000 4.675982e-090 2.841003e-083 1.088413e-037 1.135652e-031 
0.000000e+000 4.440258e-092 1.845288e-084 9.732647e-039 1.202184e-032 
0.000000e+000 4.216416e-094 1.198550e-085 8.702988e-040 1.272613e-033 
0.000000e+000 4.003859e-096 7.784809e-087 7.782260e-041 1.347169e-034 
0.000000e+000 3.802018e-098 5.056381e-088 6.958941e-042 1.426092e-035 
0.000000e+000 7.220703e-101 6.568431e-119 7.778405e-044 3.026820e-037 
0.000000e+000 1.371339e-103 6.946436e-131 8.694366e-046 6.424296e-039 
0.000000e+000 2.604415e-106 1.319251e-133 9.718189e-048 1.363529e-040 
0.000000e+000 2.473122e-108 1.252745e-106 8.690059e-049 1.443410e-041 
0.000000e+000 2.348447e-110 9.326409e-108 7.770699e-050 1.527971e-042 
0.000000e+000 3.122081e-112 2.468257e-109 3.474301e-051 7.675032e-045 



P(O|lamda) = 5.021128e-070

2.500000e-003 0.000000e+000 0.000000e+000 0.000000e+000 0.000000e+000 
4.938271e-127 6.250000e-006 0.000000e+000 0.000000e+000 0.000000e+000 
4.877305e-250 1.364877e-093 1.562500e-007 0.000000e+000 0.000000e+000 
0.000000e+000 5.961249e-182 4.101563e-039 7.617188e-010 0.000000e+000 
0.000000e+000 2.603639e-270 1.076660e-070 6.038251e-013 8.809480e-011 
0.000000e+000 0.000000e+000 2.826233e-102 4.786606e-016 1.217787e-011 
0.000000e+000 0.000000e+000 1.766396e-105 1.517764e-018 5.251085e-013 
0.000000e+000 0.000000e+000 1.103997e-108 4.812611e-021 2.264193e-014 
0.000000e+000 0.000000e+000 6.899983e-112 1.526010e-023 9.762851e-016 
0.000000e+000 0.000000e+000 4.312489e-115 4.838757e-026 4.209591e-017 
0.000000e+000 0.000000e+000 2.695306e-118 1.534300e-028 1.815111e-018 
0.000000e+000 0.000000e+000 7.075178e-150 6.081306e-032 1.990814e-020 
0.000000e+000 0.000000e+000 1.768794e-153 7.231104e-035 1.028681e-022 
0.000000e+000 0.000000e+000 4.643085e-185 2.866099e-038 1.091666e-025 
0.000000e+000 0.000000e+000 1.218810e-216 1.135998e-041 1.158508e-028 
0.000000e+000 0.000000e+000 3.199376e-248 4.502609e-045 9.788811e-031 
0.000000e+000 0.000000e+000 8.398362e-280 1.784641e-048 8.271055e-033 
0.000000e+000 0.000000e+000 2.204570e-311 7.073548e-052 8.777483e-036 
0.000000e+000 0.000000e+000 0.000000e+000 2.803650e-055 9.314919e-039 
0.000000e+000 0.000000e+000 0.000000e+000 1.111246e-058 9.885263e-042 
0.000000e+000 0.000000e+000 0.000000e+000 3.523602e-061 4.262373e-043 
0.000000e+000 0.000000e+000 0.000000e+000 1.117284e-063 1.837870e-044 
0.000000e+000 0.000000e+000 0.000000e+000 3.542745e-066 7.924611e-046 
0.000000e+000 0.000000e+000 0.000000e+000 1.123353e-068 3.416970e-047 
0.000000e+000 0.000000e+000 0.000000e+000 3.561992e-071 1.473345e-048 
0.000000e+000 0.000000e+000 0.000000e+000 1.129456e-073 6.352836e-050 
0.000000e+000 0.000000e+000 0.000000e+000 3.581344e-076 2.739245e-051 
0.000000e+000 0.000000e+000 0.000000e+000 1.135592e-078 1.181120e-052 
0.000000e+000 0.000000e+000 0.000000e+000 3.600800e-081 5.092809e-054 
0.000000e+000 0.000000e+000 0.000000e+000 1.141762e-083 2.195941e-055 
0.000000e+000 0.000000e+000 0.000000e+000 3.620363e-086 9.468559e-057 
0.000000e+000 0.000000e+000 0.000000e+000 1.434956e-089 1.004831e-059 
0.000000e+000 0.000000e+000 0.000000e+000 5.687549e-093 1.066356e-062 
0.000000e+000 0.000000e+000 0.000000e+000 2.254300e-096 1.131648e-065 
0.000000e+000 0.000000e+000 0.000000e+000 7.148060e-099 4.879490e-067 
0.000000e+000 0.000000e+000 0.000000e+000 2.266547e-101 2.103961e-068 
0.000000e+000 0.000000e+000 0.000000e+000 3.593447e-104 5.021128e-070 



P(O|lamda) = 6.655295e-111

1.250000e-004 0.000000e+000 0.000000e+000 0.000000e+000 0.000000e+000 
9.279969e-011 1.553220e-008 0.000000e+000 0.000000e+000 0.000000e+000 
5.545988e-014 1.153107e-013 1.929994e-011 0.000000e+000 0.000000e+000 
3.293862e-017 1.396081e-014 9.783643e-014 4.613659e-012 0.000000e+000 
1.956284e-020 2.892915e-017 1.825641e-015 2.029018e-013 3.595161e-013 
1.161872e-023 4.783943e-020 1.104610e-017 8.331178e-015 4.898377e-014 
6.943697e-027 1.847979e-025 6.773829e-022 1.305896e-018 1.207739e-016 
4.149761e-030 5.000003e-030 3.812364e-026 2.036897e-022 2.627570e-019 
2.480022e-033 2.596757e-033 2.138917e-030 3.170640e-026 5.668547e-022 
1.482135e-036 1.550447e-036 1.228815e-034 4.931802e-030 1.222153e-024 
8.857686e-040 9.265882e-040 8.800760e-039 7.669213e-034 2.634876e-027 
5.536928e-072 9.325266e-070 1.383984e-069 1.490631e-038 1.444967e-030 
2.466361e-077 5.521243e-075 4.944631e-073 8.691208e-043 3.733171e-034 
1.541719e-109 7.163598e-081 2.906728e-104 1.689153e-047 1.980874e-038 
9.637265e-142 5.318237e-087 7.494907e-111 3.282900e-052 1.051080e-042 
7.154681e-148 3.948246e-093 5.564200e-117 6.380377e-057 3.476016e-045 
5.311617e-154 2.931168e-099 4.130848e-123 1.240038e-061 1.149550e-047 
3.320285e-186 2.176092e-105 3.066731e-129 2.410038e-066 6.099676e-052 
2.075506e-218 1.615525e-111 2.276734e-135 4.683953e-071 3.236575e-056 
1.297396e-250 1.199362e-117 1.690241e-141 9.103351e-076 1.717373e-060 
7.753628e-254 4.452016e-123 1.490298e-120 1.415403e-079 3.702524e-063 
4.633800e-257 1.652583e-128 8.890191e-125 2.200689e-083 7.982357e-066 
2.769298e-260 6.134366e-134 4.993866e-129 3.421665e-087 1.720935e-068 
1.655016e-263 2.277069e-139 2.794420e-133 5.320056e-091 3.710203e-071 
9.890870e-267 8.452452e-145 1.563277e-137 8.271702e-095 7.998911e-074 
5.911080e-270 3.137540e-150 8.745261e-142 1.286097e-098 1.724504e-076 
3.532639e-273 1.164651e-155 4.892256e-146 1.999642e-102 3.717897e-079 
2.111211e-276 4.323169e-161 2.736815e-150 3.109074e-106 8.015500e-082 
1.261723e-279 1.604755e-166 1.531023e-154 4.834035e-110 1.728080e-084 
7.540435e-283 5.956831e-172 8.564819e-159 7.516030e-114 3.725607e-087 
4.506390e-286 2.211168e-177 4.791313e-163 1.168604e-117 8.032123e-090 
2.816940e-318 1.641566e-183 2.256851e-194 2.271203e-122 4.261959e-094 
0.000000e+000 1.218694e-189 1.717486e-213 4.414126e-127 2.261457e-098 
0.000000e+000 9.047555e-196 1.275058e-219 8.578936e-132 1.199961e-102 
0.000000e+000 3.358441e-201 1.124228e-198 1.333866e-135 2.587024e-105 
0.000000e+000 1.246649e-206 6.706442e-203 2.073915e-139 5.577424e-108 
0.000000e+000 6.478565e-212 1.506878e-207 1.612277e-143 6.655295e-111 



P(O|lamda) = 3.347320e-032

1.490852e-001 0.000000e+000 0.000000e+000 0.000000e+000 0.000000e+000 
6.056209e-003 2.169322e-002 0.000000e+000 0.000000e+000 0.000000e+000 
3.851852e-004 1.575470e-003 3.120636e-003 0.000000e+000 0.000000e+000 
1.944422e-005 1.536152e-004 4.385094e-004 6.607738e-004 0.000000e+000 
9.815476e-007 1.217782e-005 5.162970e-005 1.676789e-004 3.875879e-005 
4.954870e-008 8.788348e-007 5.207874e-006 2.992058e-005 1.340092e-005 
3.151382e-009 4.245357e-008 4.623821e-007 2.156315e-006 1.046325e-005 
2.004332e-010 2.133510e-009 3.593527e-008 1.642524e-007 3.813673e-006 
1.274789e-011 1.118107e-010 2.625090e-009 1.258418e-008 1.262314e-006 
8.107877e-013 6.104573e-012 1.854284e-010 9.511139e-010 4.092389e-007 
5.156747e-014 3.458227e-013 1.284012e-011 7.056604e-011 1.320316e-007 
1.479045e-044 1.417661e-043 4.619904e-042 2.141887e-016 1.035187e-009 
1.298922e-045 5.060355e-045 7.962060e-044 1.455254e-021 2.953009e-011 
3.725534e-076 1.183522e-046 3.085469e-074 3.295792e-027 1.068209e-012 
1.068548e-106 1.662817e-048 8.957844e-077 7.464158e-033 3.864095e-014 
4.340705e-108 9.343974e-050 2.989082e-049 6.761960e-034 4.589042e-015 
1.763301e-109 5.250720e-051 4.089236e-050 6.125821e-035 5.449996e-016 
5.057454e-140 7.377120e-053 1.785374e-080 1.387348e-040 1.971459e-017 
1.450566e-170 1.036465e-054 5.583594e-083 3.142001e-046 7.131472e-019 
4.160474e-201 1.456206e-056 7.844800e-085 7.115858e-052 2.579709e-020 
2.646132e-202 6.138305e-058 2.094797e-057 3.869049e-053 8.310524e-021 
1.682985e-203 2.587462e-059 2.234364e-058 2.103900e-054 2.677233e-021 
1.070407e-204 1.090686e-060 1.813599e-059 1.144164e-055 8.624698e-022 
6.807971e-206 4.597537e-062 1.326848e-060 6.222918e-057 2.778444e-022 
4.329985e-207 1.937987e-063 9.220843e-062 3.384887e-058 8.950748e-023 
2.753944e-208 8.169141e-065 6.227136e-063 1.841375e-059 2.883481e-023 
1.751555e-209 3.443515e-066 4.134631e-064 1.001829e-060 9.289125e-024 
1.114019e-210 1.451535e-067 2.716779e-065 5.451371e-062 2.992489e-024 
7.085349e-212 6.118616e-069 1.773471e-066 2.966793e-063 9.640294e-025 
4.506402e-213 2.579163e-070 1.152865e-067 1.614914e-064 3.105618e-025 
2.866148e-214 1.087187e-071 7.474213e-069 8.792364e-066 1.000474e-025 
8.220611e-245 1.527469e-073 2.545106e-099 1.994419e-071 3.619072e-027 
2.357814e-275 2.146053e-075 1.156111e-103 4.516868e-077 1.309148e-028 
6.762620e-306 3.015146e-077 1.624304e-105 1.022959e-082 4.735657e-030 
4.301141e-307 1.270966e-078 4.337380e-078 5.562056e-084 1.525590e-030 
2.735599e-308 5.357468e-080 4.626360e-079 4.409670e-079 4.914685e-031 
4.661955e-310 6.585388e-085 4.692465e-084 1.183122e-083 3.347320e-032 



P(O|lamda) = 3.734814e-078

7.454260e-003 0.000000e+000 0.000000e+000 0.000000e+000 0.000000e+000 
8.521028e-007 7.340176e-005 0.000000e+000 0.000000e+000 0.000000e+000 
1.525042e-010 4.344248e-008 6.847103e-007 0.000000e+000 0.000000e+000 
2.166326e-014 3.273695e-011 1.636906e-009 8.836666e-009 0.000000e+000 
3.077272e-018 2.369387e-014 3.233486e-012 5.701046e-011 2.224206e-010 
4.371273e-022 1.701696e-017 5.995670e-015 2.732457e-013 8.999195e-012 
7.823440e-026 8.615460e-021 1.059857e-017 5.699312e-016 1.482118e-013 
1.400192e-029 4.360835e-024 1.853489e-020 1.176935e-018 2.394113e-015 
2.505980e-033 2.207108e-027 3.231415e-023 2.409660e-021 3.857716e-017 
4.485051e-037 1.117029e-030 5.628690e-026 4.898628e-024 6.214095e-019 
8.027075e-041 5.653282e-034 9.801875e-029 9.900207e-027 1.000940e-020 
1.295736e-072 4.014760e-065 1.796052e-059 8.293468e-034 2.679702e-023 
3.202133e-076 1.354628e-068 7.819904e-063 2.020668e-040 3.822102e-026 
5.168904e-108 2.285054e-072 1.432853e-093 1.641091e-047 6.912956e-029 
8.343678e-140 3.854540e-076 2.243042e-102 1.332816e-054 1.250332e-031 
9.537729e-144 2.600566e-079 4.493114e-078 4.329907e-057 8.928890e-034 
1.090266e-147 1.754540e-082 1.280777e-080 1.406653e-059 6.376313e-036 
1.759914e-179 2.959642e-086 2.518994e-111 1.142416e-066 1.153270e-038 
2.840865e-211 4.992468e-090 2.905229e-116 9.278164e-074 2.085896e-041 
4.585743e-243 8.421538e-094 4.900681e-120 7.535284e-081 3.772716e-044 
8.207286e-247 4.262114e-097 7.855825e-096 1.469242e-083 6.076895e-046 
1.468891e-250 2.157042e-100 1.765459e-098 2.864750e-086 9.788347e-048 
2.628932e-254 1.091672e-103 3.275281e-101 5.585735e-089 1.576656e-049 
4.705104e-258 5.524919e-107 5.804846e-104 1.089115e-091 2.539595e-051 
8.420912e-262 2.796144e-110 1.015910e-106 2.123574e-094 4.090648e-053 
1.507124e-265 1.415120e-113 1.771539e-109 4.140579e-097 6.589004e-055 
2.697360e-269 7.161877e-117 3.085974e-112 8.073365e-100 1.061322e-056 
4.827572e-273 3.624603e-120 5.374052e-115 1.574157e-102 1.709523e-058 
8.640098e-277 1.834400e-123 9.357789e-118 3.069317e-105 2.753611e-060 
1.546353e-280 9.283842e-127 1.629422e-120 5.984603e-108 4.435373e-062 
2.767569e-284 4.698523e-130 2.837203e-123 1.166887e-110 7.144268e-064 
4.467427e-316 7.925697e-134 5.198609e-154 9.476904e-118 1.292169e-066 
0.000000e+000 1.336945e-137 7.779981e-164 7.696691e-125 2.337119e-069 
0.000000e+000 2.255224e-141 1.312365e-167 6.250887e-132 4.227097e-072 
0.000000e+000 1.141362e-144 2.103730e-143 1.218808e-134 6.808788e-074 
0.000000e+000 5.776395e-148 4.727765e-146 2.376451e-137 1.096724e-075 
0.000000e+000 8.524851e-155 1.096027e-152 7.720161e-144 3.734814e-078 



P(O|lamda) = 3.940844e-063

3.727130e-004 0.000000e+000 0.000000e+000 0.000000e+000 0.000000e+000 
7.877105e-092 1.863623e-007 0.000000e+000 0.000000e+000 0.000000e+000 
2.606520e-179 1.747511e-012 9.088001e-011 0.000000e+000 0.000000e+000 
6.845540e-267 2.320981e-017 2.754606e-015 6.813476e-014 0.000000e+000 
0.000000e+000 3.082643e-022 6.862346e-020 8.521141e-018 4.554138e-015 
0.000000e+000 4.094255e-027 1.574678e-024 8.588497e-022 3.469812e-016 
0.000000e+000 3.839164e-032 3.381037e-029 3.963989e-026 7.865890e-018 
0.000000e+000 3.599966e-037 7.018052e-034 1.815573e-030 1.783154e-019 
0.000000e+000 3.375671e-042 1.435438e-038 8.285147e-035 4.042312e-021 
0.000000e+000 3.165350e-047 2.916531e-043 3.774465e-039 9.163700e-023 
0.000000e+000 2.968134e-052 5.907810e-048 1.718229e-043 2.077360e-024 
0.000000e+000 7.810882e-084 2.515056e-079 3.256892e-052 9.780192e-026 
0.000000e+000 4.883022e-089 1.271506e-084 1.851522e-060 2.080377e-027 
0.000000e+000 1.526135e-094 5.411472e-116 3.508593e-069 1.459327e-028 
0.000000e+000 4.769766e-100 1.566297e-124 6.648707e-078 1.023677e-029 
0.000000e+000 5.962394e-105 2.906576e-103 5.039787e-082 2.182265e-030 
0.000000e+000 7.453225e-110 1.097137e-107 3.820210e-086 4.652131e-031 
0.000000e+000 2.329423e-115 5.429979e-139 7.239215e-095 3.263341e-032 
0.000000e+000 7.280357e-121 2.390725e-145 1.371815e-103 2.289143e-033 
0.000000e+000 2.275395e-126 7.471948e-151 2.599560e-112 1.605771e-034 
0.000000e+000 2.133627e-131 1.109602e-129 1.182660e-116 3.640193e-036 
0.000000e+000 2.000692e-136 3.282238e-134 5.380470e-121 8.252118e-038 
0.000000e+000 1.876040e-141 7.606869e-139 2.447825e-125 1.870710e-039 
0.000000e+000 1.759154e-146 1.628329e-143 1.113629e-129 4.240796e-041 
0.000000e+000 1.649550e-151 3.375559e-148 5.066415e-134 9.613652e-043 
0.000000e+000 1.546775e-156 6.900208e-153 2.304947e-138 2.179362e-044 
0.000000e+000 1.450404e-161 1.401617e-157 1.048627e-142 4.940494e-046 
0.000000e+000 1.360037e-166 2.838812e-162 4.770691e-147 1.119983e-047 
0.000000e+000 1.275300e-171 5.741990e-167 2.170409e-151 2.538939e-049 
0.000000e+000 1.195843e-176 1.160697e-171 9.874195e-156 5.755636e-051 
0.000000e+000 1.121336e-181 2.345583e-176 4.492229e-160 1.304771e-052 
0.000000e+000 3.504612e-187 9.974603e-208 8.512675e-169 9.152607e-054 
0.000000e+000 1.095328e-192 3.596840e-217 1.613133e-177 6.420300e-055 
0.000000e+000 3.423327e-198 1.124153e-222 3.056852e-186 4.503663e-056 
0.000000e+000 3.210038e-203 1.669393e-201 1.390704e-190 1.020956e-057 
0.000000e+000 3.010037e-208 4.938119e-206 6.326956e-195 2.314450e-059 
0.000000e+000 8.230570e-217 1.430118e-214 4.795778e-203 3.940844e-063 



P(O|lamda) = 1.414355e-075

1.749928e-001 0.000000e+000 0.000000e+000 0.000000e+000 0.000000e+000 
3.062248e-002 3.830334e-096 0.000000e+000 0.000000e+000 0.000000e+000 
8.728387e-004 5.028573e-097 1.915765e-101 0.000000e+000 0.000000e+000 
1.668134e-004 2.030987e-098 2.577536e-102 1.496751e-106 0.000000e+000 
3.188072e-005 3.879930e-099 1.041409e-103 2.014248e-107 1.138508e-109 
6.092915e-006 7.415167e-100 1.988678e-104 8.142629e-109 1.575443e-110 
1.736676e-007 1.000525e-100 3.709140e-105 7.461250e-110 2.024461e-112 
4.950082e-009 2.853002e-102 5.004932e-106 1.391503e-110 1.714370e-113 
1.410932e-010 8.131970e-104 1.427948e-107 1.877684e-111 3.173891e-114 
4.021607e-012 2.317872e-105 4.070112e-109 5.359407e-113 4.292580e-115 
1.146287e-013 6.606676e-107 1.160112e-110 1.527605e-114 1.263603e-116 
1.206618e-043 1.056967e-133 1.391857e-137 1.813630e-120 7.489400e-118 
2.405543e-044 2.378073e-138 1.322565e-139 3.400556e-129 7.969336e-121 
2.079048e-045 1.316587e-139 6.120212e-169 2.125348e-138 2.795135e-123 
1.796868e-046 1.137855e-140 2.771763e-170 1.328342e-147 9.803549e-126 
3.144389e-047 3.933306e-141 7.111593e-146 3.320938e-152 1.044955e-127 
5.502455e-048 6.883391e-142 2.458494e-146 4.444865e-151 1.113813e-129 
4.755630e-049 3.011642e-143 1.449342e-172 3.841675e-156 3.906545e-132 
4.110168e-050 2.602737e-144 6.340301e-174 2.401047e-165 1.370167e-134 
3.552312e-051 2.249479e-145 5.479449e-175 1.500654e-174 4.805670e-137 
1.012523e-052 5.832987e-146 1.125091e-150 2.457279e-179 5.447093e-140 
2.886014e-054 1.663367e-147 2.917630e-151 4.220497e-156 6.174127e-143 
8.226063e-056 4.741129e-149 8.325270e-153 1.094539e-156 6.998200e-146 
2.344691e-057 1.351373e-150 2.372971e-154 3.124659e-158 7.932264e-149 
6.683120e-059 3.851847e-152 6.763726e-156 8.906295e-160 8.990999e-152 
1.904903e-060 1.097900e-153 1.927878e-157 2.538579e-161 1.019105e-154 
5.429583e-062 3.129365e-155 5.495070e-159 7.235762e-163 1.155127e-157 
1.547605e-063 8.919692e-157 1.566271e-160 2.062424e-164 1.309305e-160 
4.411169e-065 2.542398e-158 4.464373e-162 5.878568e-166 1.484108e-163 
1.257324e-066 7.246647e-160 1.272489e-163 1.675580e-167 1.683527e-166 
3.583777e-068 2.065526e-161 3.627001e-165 4.775939e-169 1.946215e-169 
3.097366e-069 1.962306e-163 4.351533e-192 5.670174e-175 1.017627e-171 
2.676973e-070 1.695176e-164 4.131173e-194 3.543859e-184 3.569584e-174 
2.313639e-071 1.465097e-165 3.568793e-195 2.214912e-193 1.251982e-176 
6.594612e-073 3.799054e-166 7.327773e-171 3.336863e-198 1.419087e-179 
1.879675e-074 1.083359e-167 1.900267e-171 2.748831e-176 1.608495e-182 
1.414355e-075 9.004560e-173 6.775746e-177 1.187736e-180 4.680485e-182 



P(O|lamda) = 8.812225e-106

8.749639e-003 0.000000e+000 0.000000e+000 0.000000e+000 0.000000e+000 
3.827809e-006 4.156182e-004 0.000000e+000 0.000000e+000 0.000000e+000 
9.842285e-009 1.013076e-006 4.988979e-010 0.000000e+000 0.000000e+000 
3.545969e-011 6.623983e-014 1.246129e-012 9.055256e-016 0.000000e+000 
1.277538e-013 4.474498e-017 1.944035e-019 2.262321e-018 1.220586e-016 
4.602701e-016 1.611965e-019 5.505395e-023 1.681453e-024 2.383131e-017 
1.183473e-018 2.186356e-017 1.935011e-025 2.583324e-024 2.055958e-020 
3.043015e-021 9.994398e-020 2.624448e-023 4.782828e-026 1.773857e-023 
7.824377e-024 3.444377e-022 1.199726e-025 1.220152e-024 1.533214e-026 
2.011849e-026 1.060553e-024 4.134651e-028 2.391806e-026 7.493685e-028 
5.172983e-029 3.076792e-027 1.273098e-030 3.787924e-028 1.507672e-029 
2.586492e-031 1.812791e-058 1.476905e-028 4.495127e-039 3.295320e-032 
7.755352e-034 1.536113e-037 5.223142e-031 1.608332e-038 1.752396e-036 
1.675688e-037 2.302677e-040 3.888809e-062 1.895979e-041 3.092869e-040 
3.620634e-041 4.975608e-044 2.326917e-070 2.226826e-052 5.656428e-044 
1.583962e-044 1.719944e-042 7.463412e-050 1.046188e-058 6.509021e-046 
6.929548e-048 4.192374e-045 2.579915e-048 1.083702e-055 7.490126e-048 
1.497257e-051 5.446870e-053 4.236698e-075 9.364987e-059 1.313529e-051 
3.235102e-055 4.452348e-058 5.504208e-083 1.099917e-069 2.303511e-055 
6.990038e-059 9.605968e-062 4.499217e-088 1.291852e-080 4.039624e-059 
1.797319e-061 3.320523e-060 1.153077e-067 1.942154e-082 3.485035e-062 
4.621371e-064 1.517860e-062 3.985874e-066 5.357696e-069 3.006585e-065 
1.188274e-066 5.230969e-065 1.822037e-068 1.852816e-067 2.594142e-068 
3.055359e-069 1.610654e-067 6.279288e-071 3.632097e-069 1.341640e-070 
7.856115e-072 4.672692e-070 1.933445e-073 5.752211e-071 2.307060e-072 
2.020010e-074 1.307728e-072 5.609155e-076 8.737638e-073 3.669454e-074 
5.193967e-077 3.575029e-075 1.569815e-078 1.316212e-074 5.588155e-076 
1.335503e-079 9.617372e-078 4.291515e-081 1.979505e-076 8.423057e-078 
3.433922e-082 2.557886e-080 1.154484e-083 2.976162e-078 1.266941e-079 
8.829500e-085 6.747013e-083 3.070526e-086 4.474378e-080 1.904877e-081 
2.270292e-087 1.768837e-085 8.099219e-089 6.726737e-082 2.863815e-083 
4.905388e-091 2.885400e-093 1.787517e-115 7.900550e-093 8.751883e-086 
1.059900e-094 1.456830e-097 2.915774e-123 9.279190e-104 1.534801e-089 
2.290111e-098 3.147154e-101 1.472166e-127 1.089840e-114 2.691552e-093 
5.888465e-101 1.087886e-099 3.777766e-107 1.638452e-116 2.322036e-096 
1.514076e-103 4.972886e-102 1.305871e-105 1.755314e-108 2.003250e-099 
2.848154e-107 9.372144e-113 7.459474e-112 1.896929e-115 8.527401e-106 



P(O|lamda) = 4.011755e-078

4.374819e-004 0.000000e+000 0.000000e+000 0.000000e+000 0.000000e+000 
1.913904e-008 9.843591e-007 0.000000e+000 0.000000e+000 0.000000e+000 
1.403497e-011 2.399392e-010 5.661833e-014 0.000000e+000 0.000000e+000 
5.056505e-015 2.113548e-018 1.414170e-017 5.087007e-021 0.000000e+000 
1.821753e-018 3.022253e-022 1.970435e-025 1.270668e-024 1.215898e-022 
6.563392e-022 1.088830e-025 1.781341e-029 3.606655e-032 3.441353e-024 
4.813043e-025 1.476813e-024 6.262817e-033 4.098496e-032 1.712393e-025 
3.529483e-028 1.378323e-027 8.494327e-032 2.956688e-035 8.520750e-027 
2.588227e-031 1.069818e-030 7.927877e-035 1.953841e-034 4.239866e-028 
1.897989e-034 7.963297e-034 6.153417e-038 2.546257e-037 2.109728e-029 
1.391826e-037 5.863245e-037 4.580358e-041 2.357284e-040 1.049786e-030 
6.959132e-041 1.812320e-067 1.348556e-039 1.504319e-052 6.177977e-036 
2.086630e-044 1.957745e-048 2.697128e-043 7.269557e-051 1.642673e-041 
2.438910e-046 2.816974e-045 1.078941e-045 1.240679e-044 1.456532e-042 
2.850664e-048 6.672897e-047 1.338966e-046 1.414259e-046 1.300856e-043 
1.247114e-052 1.976029e-050 3.605125e-048 1.125906e-053 2.098545e-045 
5.455897e-057 4.232764e-054 1.532950e-050 2.591250e-055 3.382246e-047 
6.377000e-059 5.152972e-056 6.151270e-053 7.051588e-052 2.998983e-048 
7.453609e-061 6.269656e-058 2.484212e-055 8.046867e-054 2.659683e-049 
8.711980e-063 7.624211e-060 1.022525e-057 7.096401e-056 2.358359e-050 
6.388637e-066 1.544473e-063 5.552752e-066 2.860454e-059 1.173506e-051 
4.684891e-069 3.232751e-067 8.886273e-071 1.058208e-062 5.839282e-053 
3.435507e-072 7.519745e-071 1.859457e-074 3.914775e-066 2.905586e-054 
2.519313e-075 2.276981e-074 4.325297e-078 1.448246e-069 1.445799e-055 
1.847454e-078 1.022261e-077 1.309695e-081 5.357697e-073 7.194196e-057 
1.354768e-081 6.201409e-081 5.879903e-085 1.982046e-076 3.579782e-058 
9.934734e-085 4.288590e-084 3.566954e-088 7.332455e-080 1.781274e-059 
7.285302e-088 3.093091e-087 2.466728e-091 2.712596e-083 8.863496e-061 
5.342431e-091 2.257854e-090 1.779096e-094 1.003508e-086 4.410414e-062 
3.917692e-094 1.653649e-093 1.298680e-097 3.712414e-090 2.194591e-063 
2.872907e-097 1.212233e-096 9.511516e-101 1.373385e-093 1.092013e-064 
3.357931e-099 5.333104e-098 5.576310e-098 1.016131e-095 9.682704e-066 
3.924841e-101 1.093293e-099 2.676280e-099 7.774596e-098 8.585498e-067 
4.587460e-103 1.841805e-101 6.099661e-101 6.983307e-100 7.612623e-068 
3.364059e-106 4.715878e-105 1.364447e-108 3.986379e-103 3.787988e-069 
2.466919e-109 1.700121e-108 2.712545e-112 1.474767e-106 1.884876e-070 
4.640564e-114 4.894973e-120 1.221979e-119 1.704927e-118 4.011755e-078 



P(O|lamda) = 3.577827e-084

2.187410e-005 0.000000e+000 0.000000e+000 0.000000e+000 0.000000e+000 
9.649588e-093 2.734330e-009 0.000000e+000 0.000000e+000 0.000000e+000 
7.135403e-179 8.522401e-015 8.334331e-018 0.000000e+000 0.000000e+000 
2.592244e-265 7.055807e-025 2.661832e-023 3.968187e-026 0.000000e+000 
0.000000e+000 5.841595e-035 4.329634e-033 1.267630e-031 5.244214e-027 
0.000000e+000 4.836332e-045 5.282425e-043 1.049592e-040 8.024098e-028 
0.000000e+000 1.507395e-050 5.591427e-053 1.852175e-045 1.429744e-029 
0.000000e+000 4.698272e-056 4.595027e-059 3.154846e-050 2.547537e-031 
0.000000e+000 1.464364e-061 1.432085e-064 5.373708e-055 4.539234e-033 
0.000000e+000 4.564152e-067 4.463543e-070 9.153138e-060 8.088067e-035 
0.000000e+000 1.422562e-072 1.391204e-075 1.559071e-064 1.441142e-036 
0.000000e+000 3.733711e-104 1.733908e-076 2.074646e-078 2.461834e-038 
0.000000e+000 1.454998e-114 5.404205e-082 4.961430e-089 3.427742e-040 
0.000000e+000 2.720926e-118 3.368719e-086 1.317364e-084 1.714147e-041 
0.000000e+000 5.088280e-122 2.099896e-090 5.308880e-088 8.572118e-043 
0.000000e+000 1.585933e-127 1.308975e-094 2.905851e-097 1.004891e-043 
0.000000e+000 4.943091e-133 8.159531e-099 4.987364e-103 1.178013e-044 
0.000000e+000 9.243851e-137 5.086256e-103 1.989037e-101 5.891015e-046 
0.000000e+000 1.728651e-140 3.170525e-107 8.015663e-105 2.945982e-047 
0.000000e+000 3.232672e-144 1.976352e-111 2.807882e-108 1.473229e-048 
0.000000e+000 1.007564e-149 1.540434e-121 4.806808e-113 2.625018e-050 
0.000000e+000 3.140390e-155 1.200665e-131 8.187527e-118 4.677291e-052 
0.000000e+000 9.788014e-161 9.358378e-142 1.394597e-122 8.334058e-054 
0.000000e+000 3.050743e-166 7.294228e-152 2.375443e-127 1.484973e-055 
0.000000e+000 9.508600e-172 5.685362e-162 4.046137e-132 2.645945e-057 
0.000000e+000 2.963655e-177 4.431359e-172 6.891861e-137 4.714579e-059 
0.000000e+000 9.237163e-183 3.454850e-182 1.173904e-141 8.400498e-061 
0.000000e+000 2.879053e-188 3.084801e-191 1.999532e-146 1.496812e-062 
0.000000e+000 8.973474e-194 8.775690e-197 3.405841e-151 2.667038e-064 
0.000000e+000 2.796866e-199 2.735213e-202 5.801233e-156 4.752164e-066 
0.000000e+000 8.717313e-205 8.525154e-208 9.881350e-161 8.467467e-068 
0.000000e+000 1.630185e-208 2.125042e-207 3.366156e-164 4.234416e-069 
0.000000e+000 3.048536e-212 5.298493e-211 1.146706e-167 2.117549e-070 
0.000000e+000 5.700928e-216 1.073413e-214 3.906341e-171 1.058945e-071 
0.000000e+000 1.776874e-221 2.574316e-224 6.653744e-176 1.886842e-073 
0.000000e+000 5.538187e-227 5.416172e-230 1.133345e-180 3.362000e-075 
0.000000e+000 9.439710e-241 2.109466e-239 6.032537e-194 3.577827e-084 



Max probability = 3.347320e-032

Utterance recognised as 3