6	6	12	12	10	6	6	22	22	10	12	12	28	12	12	28	
Iteraion 1
-----------------

P(O|lamda) = 8.271806e-025

3.125000e-002 0.000000e+000 0.000000e+000 0.000000e+000 0.000000e+000 
7.812500e-004 1.953125e-004 0.000000e+000 0.000000e+000 0.000000e+000 
1.953125e-005 9.765625e-006 1.220703e-006 0.000000e+000 0.000000e+000 
4.882813e-007 3.662109e-007 9.155273e-008 7.629395e-009 0.000000e+000 
1.220703e-008 1.220703e-008 4.577637e-009 7.629395e-010 4.768372e-011 
3.051758e-010 3.814697e-010 1.907349e-010 4.768372e-011 6.258488e-012 
7.629395e-012 1.144409e-011 7.152557e-012 2.384186e-012 4.936010e-013 
1.907349e-013 3.337860e-013 2.503395e-013 1.043081e-013 3.032619e-014 
4.768372e-015 9.536743e-015 8.344650e-015 4.172325e-015 1.599619e-015 
1.192093e-016 2.682209e-016 2.682209e-016 1.564622e-016 7.606513e-017 
2.980232e-018 7.450581e-018 8.381903e-018 5.587935e-018 3.354924e-018 
7.450581e-020 2.048910e-019 2.561137e-019 1.920853e-019 1.397660e-019 
1.862645e-021 5.587935e-021 7.683411e-021 6.402843e-021 5.568220e-021 
4.656613e-023 1.513399e-022 2.270099e-022 2.080924e-022 2.140246e-022 
1.164153e-024 4.074536e-024 6.621121e-024 6.621121e-024 7.988847e-024 
2.910383e-026 1.091394e-025 1.909939e-025 2.069100e-025 2.910335e-025 


2.646978e-023 2.646978e-023 2.646978e-023 2.646978e-023 2.646978e-023 
8.470329e-022 8.470329e-022 8.470329e-022 8.470329e-022 8.470329e-022 
2.710505e-020 2.710505e-020 2.710505e-020 2.710505e-020 2.710505e-020 
8.673617e-019 8.673617e-019 8.673617e-019 8.673617e-019 8.673617e-019 
2.775558e-017 2.775558e-017 2.775558e-017 2.775558e-017 2.775558e-017 
8.881784e-016 8.881784e-016 8.881784e-016 8.881784e-016 8.881784e-016 
2.842171e-014 2.842171e-014 2.842171e-014 2.842171e-014 2.842171e-014 
9.094947e-013 9.094947e-013 9.094947e-013 9.094947e-013 9.094947e-013 
2.910383e-011 2.910383e-011 2.910383e-011 2.910383e-011 2.910383e-011 
9.313226e-010 9.313226e-010 9.313226e-010 9.313226e-010 9.313226e-010 
2.980232e-008 2.980232e-008 2.980232e-008 2.980232e-008 2.980232e-008 
9.536743e-007 9.536743e-007 9.536743e-007 9.536743e-007 9.536743e-007 
3.051758e-005 3.051758e-005 3.051758e-005 3.051758e-005 3.051758e-005 
9.765625e-004 9.765625e-004 9.765625e-004 9.765625e-004 9.765625e-004 
3.125000e-002 3.125000e-002 3.125000e-002 3.125000e-002 3.125000e-002 
1.000000e+000 1.000000e+000 1.000000e+000 1.000000e+000 1.000000e+000 


1.000000e+000 0.000000e+000 0.000000e+000 0.000000e+000 0.000000e+000 
8.000000e-001 2.000000e-001 0.000000e+000 0.000000e+000 0.000000e+000 
6.400000e-001 3.200000e-001 4.000000e-002 0.000000e+000 0.000000e+000 
5.120000e-001 3.840000e-001 9.600000e-002 8.000000e-003 0.000000e+000 
4.096000e-001 4.096000e-001 1.536000e-001 2.560000e-002 1.600000e-003 
3.276800e-001 4.096000e-001 2.048000e-001 5.120000e-002 6.720000e-003 
2.621440e-001 3.932160e-001 2.457600e-001 8.192000e-002 1.696000e-002 
2.097152e-001 3.670016e-001 2.752512e-001 1.146880e-001 3.334400e-002 
1.677722e-001 3.355443e-001 2.936013e-001 1.468006e-001 5.628160e-002 
1.342177e-001 3.019899e-001 3.019899e-001 1.761608e-001 8.564173e-002 
1.073742e-001 2.684355e-001 3.019899e-001 2.013266e-001 1.208739e-001 
8.589935e-002 2.362232e-001 2.952790e-001 2.214593e-001 1.611392e-001 
6.871948e-002 2.061584e-001 2.834678e-001 2.362232e-001 2.054311e-001 
5.497558e-002 1.786706e-001 2.680060e-001 2.456721e-001 2.526757e-001 
4.398047e-002 1.539316e-001 2.501389e-001 2.501389e-001 3.018101e-001 
3.518437e-002 1.319414e-001 2.308974e-001 2.501389e-001 3.518379e-001 



Q star

------------
1  1  1  1  1  1  1  1  1  1  1  1  1  1  1  1  
------------

P star

-----------
2.910383e-026

A Martrix

8.000000e-001 2.000000e-001 0.000000e+000 0.000000e+000 0.000000e+000 
0.000000e+000 8.000000e-001 2.000000e-001 0.000000e+000 0.000000e+000 
0.000000e+000 0.000000e+000 8.000000e-001 2.000000e-001 0.000000e+000 
0.000000e+000 0.000000e+000 0.000000e+000 8.000000e-001 2.000000e-001 
0.000000e+000 0.000000e+000 0.000000e+000 0.000000e+000 1.000000e+000 

B Martrix

1.000000e-030 1.000000e-030 1.000000e-030 1.000000e-030 1.000000e-030 4.918080e-001 1.000000e-030 1.000000e-030 1.000000e-030 1.119136e-001 1.000000e-030 2.972117e-001 1.000000e-030 1.000000e-030 1.000000e-030 1.000000e-030 1.000000e-030 1.000000e-030 1.000000e-030 1.000000e-030 1.000000e-030 7.768408e-002 1.000000e-030 1.000000e-030 1.000000e-030 1.000000e-030 1.000000e-030 2.138264e-002 1.000000e-030 1.000000e-030 1.000000e-030 1.000000e-030 
1.000000e+000 1.000000e-030 1.000000e-030 1.000000e-030 1.000000e-030 1.000000e-030 1.000000e-030 1.000000e-030 1.000000e-030 1.000000e-030 1.000000e-030 1.000000e-030 1.000000e-030 1.000000e-030 1.000000e-030 1.000000e-030 1.000000e-030 1.000000e-030 1.000000e-030 1.000000e-030 1.000000e-030 1.000000e-030 1.000000e-030 1.000000e-030 1.000000e-030 1.000000e-030 1.000000e-030 1.000000e-030 1.000000e-030 1.000000e-030 1.000000e-030 1.000000e-030 
1.000000e+000 1.000000e-030 1.000000e-030 1.000000e-030 1.000000e-030 1.000000e-030 1.000000e-030 1.000000e-030 1.000000e-030 1.000000e-030 1.000000e-030 1.000000e-030 1.000000e-030 1.000000e-030 1.000000e-030 1.000000e-030 1.000000e-030 1.000000e-030 1.000000e-030 1.000000e-030 1.000000e-030 1.000000e-030 1.000000e-030 1.000000e-030 1.000000e-030 1.000000e-030 1.000000e-030 1.000000e-030 1.000000e-030 1.000000e-030 1.000000e-030 1.000000e-030 
1.000000e+000 1.000000e-030 1.000000e-030 1.000000e-030 1.000000e-030 1.000000e-030 1.000000e-030 1.000000e-030 1.000000e-030 1.000000e-030 1.000000e-030 1.000000e-030 1.000000e-030 1.000000e-030 1.000000e-030 1.000000e-030 1.000000e-030 1.000000e-030 1.000000e-030 1.000000e-030 1.000000e-030 1.000000e-030 1.000000e-030 1.000000e-030 1.000000e-030 1.000000e-030 1.000000e-030 1.000000e-030 1.000000e-030 1.000000e-030 1.000000e-030 1.000000e-030 
1.000000e+000 1.000000e-030 1.000000e-030 1.000000e-030 1.000000e-030 1.000000e-030 1.000000e-030 1.000000e-030 1.000000e-030 1.000000e-030 1.000000e-030 1.000000e-030 1.000000e-030 1.000000e-030 1.000000e-030 1.000000e-030 1.000000e-030 1.000000e-030 1.000000e-030 1.000000e-030 1.000000e-030 1.000000e-030 1.000000e-030 1.000000e-030 1.000000e-030 1.000000e-030 1.000000e-030 1.000000e-030 1.000000e-030 1.000000e-030 1.000000e-030 1.000000e-030 
Iteraion 2
-----------------

P(O|lamda) = 4.903204e-014

4.918080e-001 0.000000e+000 0.000000e+000 0.000000e+000 0.000000e+000 
1.935001e-001 9.836159e-032 0.000000e+000 0.000000e+000 0.000000e+000 
4.600838e-002 3.870001e-032 1.967232e-062 0.000000e+000 0.000000e+000 
1.093938e-002 9.201676e-033 7.740002e-063 3.934464e-093 0.000000e+000 
9.794129e-004 2.187877e-033 1.840335e-063 1.548000e-093 7.868927e-124 
3.853464e-004 1.958826e-034 4.375753e-064 3.680671e-094 3.096001e-124 
1.516132e-004 7.706929e-035 3.917651e-065 8.751506e-095 7.361341e-125 
9.422344e-006 3.032263e-035 1.541386e-065 7.835303e-096 1.750301e-125 
5.855729e-007 1.884469e-036 6.064526e-066 3.082772e-096 1.567061e-126 
5.242687e-008 1.171146e-037 3.768937e-067 1.212905e-096 6.165543e-127 
1.246550e-008 1.048537e-038 2.342292e-068 7.537875e-098 2.425811e-127 
2.963915e-009 2.493101e-039 2.097075e-069 4.684583e-099 1.507575e-128 
5.070105e-011 5.927829e-040 4.986201e-070 4.194150e-100 9.369166e-130 
1.205515e-011 1.014021e-041 1.185566e-070 9.972403e-101 8.388300e-131 
2.866346e-012 2.411031e-042 2.028042e-072 2.371132e-101 1.994481e-131 
4.903204e-014 5.732693e-043 4.822062e-073 4.056084e-103 4.742263e-132 


9.969752e-014 0.000000e+000 0.000000e+000 0.000000e+000 0.000000e+000 
2.533955e-013 0.000000e+000 0.000000e+000 0.000000e+000 0.000000e+000 
1.065720e-012 0.000000e+000 0.000000e+000 0.000000e+000 0.000000e+000 
4.482157e-012 0.000000e+000 0.000000e+000 0.000000e+000 0.000000e+000 
5.006268e-011 0.000000e+000 0.000000e+000 0.000000e+000 0.000000e+000 
1.272414e-010 1.000000e-300 1.000000e-300 1.000000e-300 1.000000e-300 
3.234022e-010 1.000000e-270 1.000000e-270 1.000000e-270 1.000000e-270 
5.203805e-009 1.000000e-240 1.000000e-240 1.000000e-240 1.000000e-240 
8.373344e-008 1.000000e-210 1.000000e-210 1.000000e-210 1.000000e-210 
9.352462e-007 1.000000e-180 1.000000e-180 1.000000e-180 1.000000e-180 
3.933418e-006 1.000000e-150 1.000000e-150 1.000000e-150 1.000000e-150 
1.654300e-005 1.000000e-120 1.000000e-120 1.000000e-120 1.000000e-120 
9.670813e-004 1.000000e-090 1.000000e-090 1.000000e-090 1.000000e-090 
4.067309e-003 1.000000e-060 1.000000e-060 1.000000e-060 1.000000e-060 
1.710611e-002 1.000000e-030 1.000000e-030 1.000000e-030 1.000000e-030 
1.000000e+000 1.000000e+000 1.000000e+000 1.000000e+000 1.000000e+000 


1.000000e+000 0.000000e+000 0.000000e+000 0.000000e+000 0.000000e+000 
1.000000e+000 0.000000e+000 0.000000e+000 0.000000e+000 0.000000e+000 
1.000000e+000 0.000000e+000 0.000000e+000 0.000000e+000 0.000000e+000 
1.000000e+000 0.000000e+000 0.000000e+000 0.000000e+000 0.000000e+000 
1.000000e+000 0.000000e+000 0.000000e+000 0.000000e+000 0.000000e+000 
1.000000e+000 3.996991e-321 0.000000e+000 0.000000e+000 0.000000e+000 
1.000000e+000 1.571815e-291 8.003863e-322 0.000000e+000 0.000000e+000 
1.000000e+000 6.184249e-262 3.143630e-292 1.581010e-322 0.000000e+000 
1.000000e+000 3.843342e-233 1.236850e-262 6.287260e-293 2.964394e-323 
1.000000e+000 2.388532e-204 7.686684e-234 2.473700e-263 1.257452e-293 
1.000000e+000 2.138474e-175 4.777064e-205 1.537337e-234 4.947399e-264 
1.000000e+000 5.084636e-146 4.276949e-176 9.554128e-206 3.074673e-235 
1.000000e+000 1.208971e-116 1.016927e-146 8.553897e-177 1.910826e-206 
1.000000e+000 2.068078e-088 2.417941e-117 2.033855e-147 1.710779e-177 
1.000000e+000 4.917257e-059 4.136157e-089 4.835883e-118 4.067709e-148 
1.000000e+000 1.169173e-029 9.834513e-060 8.272314e-090 9.671765e-119 



Q star

------------
1  1  1  1  1  1  1  1  1  1  1  1  1  1  1  1  
------------

P star

-----------
4.903204e-014

A Martrix

1.000000e+000 7.794486e-031 0.000000e+000 0.000000e+000 0.000000e+000 
0.000000e+000 8.000000e-001 2.000000e-001 0.000000e+000 0.000000e+000 
0.000000e+000 0.000000e+000 8.000000e-001 2.000000e-001 0.000000e+000 
0.000000e+000 0.000000e+000 0.000000e+000 8.000000e-001 2.000000e-001 
0.000000e+000 0.000000e+000 0.000000e+000 0.000000e+000 1.000000e+000 

B Martrix

1.000000e-030 1.000000e-030 1.000000e-030 1.000000e-030 1.000000e-030 2.500000e-001 1.000000e-030 1.000000e-030 1.000000e-030 1.250000e-001 1.000000e-030 3.750000e-001 1.000000e-030 1.000000e-030 1.000000e-030 1.000000e-030 1.000000e-030 1.000000e-030 1.000000e-030 1.000000e-030 1.000000e-030 1.250000e-001 1.000000e-030 1.000000e-030 1.000000e-030 1.000000e-030 1.000000e-030 1.250000e-001 1.000000e-030 1.000000e-030 1.000000e-030 1.000000e-030 
1.000000e+000 1.000000e-030 1.000000e-030 1.000000e-030 1.000000e-030 1.000000e-030 1.000000e-030 1.000000e-030 1.000000e-030 1.000000e-030 1.000000e-030 1.000000e-030 1.000000e-030 1.000000e-030 1.000000e-030 1.000000e-030 1.000000e-030 1.000000e-030 1.000000e-030 1.000000e-030 1.000000e-030 1.000000e-030 1.000000e-030 1.000000e-030 1.000000e-030 1.000000e-030 1.000000e-030 1.000000e-030 1.000000e-030 1.000000e-030 1.000000e-030 1.000000e-030 
1.000000e+000 1.000000e-030 1.000000e-030 1.000000e-030 1.000000e-030 1.000000e-030 1.000000e-030 1.000000e-030 1.000000e-030 1.000000e-030 1.000000e-030 1.000000e-030 1.000000e-030 1.000000e-030 1.000000e-030 1.000000e-030 1.000000e-030 1.000000e-030 1.000000e-030 1.000000e-030 1.000000e-030 1.000000e-030 1.000000e-030 1.000000e-030 1.000000e-030 1.000000e-030 1.000000e-030 1.000000e-030 1.000000e-030 1.000000e-030 1.000000e-030 1.000000e-030 
1.000000e+000 1.000000e-030 1.000000e-030 1.000000e-030 1.000000e-030 1.000000e-030 1.000000e-030 1.000000e-030 1.000000e-030 1.000000e-030 1.000000e-030 1.000000e-030 1.000000e-030 1.000000e-030 1.000000e-030 1.000000e-030 1.000000e-030 1.000000e-030 1.000000e-030 1.000000e-030 1.000000e-030 1.000000e-030 1.000000e-030 1.000000e-030 1.000000e-030 1.000000e-030 1.000000e-030 1.000000e-030 1.000000e-030 1.000000e-030 1.000000e-030 1.000000e-030 
1.000000e+000 1.000000e-030 1.000000e-030 1.000000e-030 1.000000e-030 1.000000e-030 1.000000e-030 1.000000e-030 1.000000e-030 1.000000e-030 1.000000e-030 1.000000e-030 1.000000e-030 1.000000e-030 1.000000e-030 1.000000e-030 1.000000e-030 1.000000e-030 1.000000e-030 1.000000e-030 1.000000e-030 1.000000e-030 1.000000e-030 1.000000e-030 1.000000e-030 1.000000e-030 1.000000e-030 1.000000e-030 1.000000e-030 1.000000e-030 1.000000e-030 1.000000e-030 
Iteraion 3
-----------------

P(O|lamda) = 4.143885e-011

2.500000e-001 0.000000e+000 0.000000e+000 0.000000e+000 0.000000e+000 
6.250000e-002 1.948621e-061 0.000000e+000 0.000000e+000 0.000000e+000 
2.343750e-002 4.871554e-062 3.897243e-092 0.000000e+000 0.000000e+000 
8.789063e-003 1.826833e-062 9.743107e-093 7.794486e-123 0.000000e+000 
1.098633e-003 6.850622e-063 3.653665e-093 1.948621e-123 1.558897e-153 
2.746582e-004 8.563278e-064 1.370124e-093 7.307331e-124 3.897243e-154 
6.866455e-005 2.140819e-064 1.712656e-094 2.740249e-124 1.461466e-154 
8.583069e-006 5.352049e-065 4.281639e-095 3.425311e-125 5.480498e-155 
1.072884e-006 6.690061e-066 1.070410e-095 8.563278e-126 6.850622e-156 
1.341105e-007 8.362576e-067 1.338012e-096 2.140819e-126 1.712656e-156 
5.029142e-008 1.045322e-067 1.672515e-097 2.676024e-127 4.281639e-157 
1.885928e-008 3.919958e-068 2.090644e-098 3.345030e-128 5.352049e-158 
2.357410e-009 1.469984e-068 7.839915e-099 4.181288e-129 6.690061e-159 
8.840289e-010 1.837480e-069 2.939968e-099 1.567983e-129 8.362576e-160 
3.315108e-010 6.890550e-070 3.674960e-100 5.879936e-130 3.135966e-160 
4.143885e-011 2.583956e-070 1.378110e-100 7.349920e-131 1.175987e-160 


1.657554e-010 0.000000e+000 0.000000e+000 0.000000e+000 0.000000e+000 
6.630216e-010 0.000000e+000 0.000000e+000 0.000000e+000 0.000000e+000 
1.768058e-009 0.000000e+000 0.000000e+000 0.000000e+000 0.000000e+000 
4.714821e-009 0.000000e+000 0.000000e+000 0.000000e+000 0.000000e+000 
3.771856e-008 0.000000e+000 0.000000e+000 0.000000e+000 0.000000e+000 
1.508743e-007 1.000000e-300 1.000000e-300 1.000000e-300 1.000000e-300 
6.034970e-007 1.000000e-270 1.000000e-270 1.000000e-270 1.000000e-270 
4.827976e-006 1.000000e-240 1.000000e-240 1.000000e-240 1.000000e-240 
3.862381e-005 1.000000e-210 1.000000e-210 1.000000e-210 1.000000e-210 
3.089905e-004 1.000000e-180 1.000000e-180 1.000000e-180 1.000000e-180 
8.239746e-004 1.000000e-150 1.000000e-150 1.000000e-150 1.000000e-150 
2.197266e-003 1.000000e-120 1.000000e-120 1.000000e-120 1.000000e-120 
1.757813e-002 1.000000e-090 1.000000e-090 1.000000e-090 1.000000e-090 
4.687500e-002 1.000000e-060 1.000000e-060 1.000000e-060 1.000000e-060 
1.250000e-001 1.000000e-030 1.000000e-030 1.000000e-030 1.000000e-030 
1.000000e+000 1.000000e+000 1.000000e+000 1.000000e+000 1.000000e+000 


1.000000e+000 0.000000e+000 0.000000e+000 0.000000e+000 0.000000e+000 
1.000000e+000 0.000000e+000 0.000000e+000 0.000000e+000 0.000000e+000 
1.000000e+000 0.000000e+000 0.000000e+000 0.000000e+000 0.000000e+000 
1.000000e+000 0.000000e+000 0.000000e+000 0.000000e+000 0.000000e+000 
1.000000e+000 0.000000e+000 0.000000e+000 0.000000e+000 0.000000e+000 
1.000000e+000 0.000000e+000 0.000000e+000 0.000000e+000 0.000000e+000 
1.000000e+000 4.940656e-324 0.000000e+000 0.000000e+000 0.000000e+000 
1.000000e+000 1.291553e-294 0.000000e+000 0.000000e+000 0.000000e+000 
1.000000e+000 1.614442e-265 2.583107e-295 0.000000e+000 0.000000e+000 
1.000000e+000 2.018052e-236 3.228883e-266 5.166213e-296 0.000000e+000 
1.000000e+000 2.522565e-207 4.036104e-237 6.457767e-267 1.033243e-296 
1.000000e+000 9.459619e-178 5.045130e-208 8.072208e-238 1.291553e-267 
1.000000e+000 3.547357e-148 1.891924e-178 1.009026e-208 1.614442e-238 
1.000000e+000 4.434196e-119 7.094714e-149 3.783848e-179 2.018052e-209 
1.000000e+000 1.662824e-089 8.868393e-120 1.418943e-149 7.567695e-180 
1.000000e+000 6.235589e-060 3.325647e-090 1.773679e-120 2.837886e-150 



Q star

------------
1  1  1  1  1  1  1  1  1  1  1  1  1  1  1  1  
------------

P star

-----------
4.143885e-011

A Martrix

1.000000e+000 4.157059e-061 0.000000e+000 0.000000e+000 0.000000e+000 
0.000000e+000 8.000000e-001 2.000000e-001 0.000000e+000 0.000000e+000 
0.000000e+000 0.000000e+000 8.000000e-001 2.000000e-001 0.000000e+000 
0.000000e+000 0.000000e+000 0.000000e+000 8.000000e-001 2.000000e-001 
0.000000e+000 0.000000e+000 0.000000e+000 0.000000e+000 1.000000e+000 

B Martrix

1.000000e-030 1.000000e-030 1.000000e-030 1.000000e-030 1.000000e-030 2.500000e-001 1.000000e-030 1.000000e-030 1.000000e-030 1.250000e-001 1.000000e-030 3.750000e-001 1.000000e-030 1.000000e-030 1.000000e-030 1.000000e-030 1.000000e-030 1.000000e-030 1.000000e-030 1.000000e-030 1.000000e-030 1.250000e-001 1.000000e-030 1.000000e-030 1.000000e-030 1.000000e-030 1.000000e-030 1.250000e-001 1.000000e-030 1.000000e-030 1.000000e-030 1.000000e-030 
1.000000e+000 1.000000e-030 1.000000e-030 1.000000e-030 1.000000e-030 1.000000e-030 1.000000e-030 1.000000e-030 1.000000e-030 1.000000e-030 1.000000e-030 1.000000e-030 1.000000e-030 1.000000e-030 1.000000e-030 1.000000e-030 1.000000e-030 1.000000e-030 1.000000e-030 1.000000e-030 1.000000e-030 1.000000e-030 1.000000e-030 1.000000e-030 1.000000e-030 1.000000e-030 1.000000e-030 1.000000e-030 1.000000e-030 1.000000e-030 1.000000e-030 1.000000e-030 
1.000000e+000 1.000000e-030 1.000000e-030 1.000000e-030 1.000000e-030 1.000000e-030 1.000000e-030 1.000000e-030 1.000000e-030 1.000000e-030 1.000000e-030 1.000000e-030 1.000000e-030 1.000000e-030 1.000000e-030 1.000000e-030 1.000000e-030 1.000000e-030 1.000000e-030 1.000000e-030 1.000000e-030 1.000000e-030 1.000000e-030 1.000000e-030 1.000000e-030 1.000000e-030 1.000000e-030 1.000000e-030 1.000000e-030 1.000000e-030 1.000000e-030 1.000000e-030 
1.000000e+000 1.000000e-030 1.000000e-030 1.000000e-030 1.000000e-030 1.000000e-030 1.000000e-030 1.000000e-030 1.000000e-030 1.000000e-030 1.000000e-030 1.000000e-030 1.000000e-030 1.000000e-030 1.000000e-030 1.000000e-030 1.000000e-030 1.000000e-030 1.000000e-030 1.000000e-030 1.000000e-030 1.000000e-030 1.000000e-030 1.000000e-030 1.000000e-030 1.000000e-030 1.000000e-030 1.000000e-030 1.000000e-030 1.000000e-030 1.000000e-030 1.000000e-030 
1.000000e+000 1.000000e-030 1.000000e-030 1.000000e-030 1.000000e-030 1.000000e-030 1.000000e-030 1.000000e-030 1.000000e-030 1.000000e-030 1.000000e-030 1.000000e-030 1.000000e-030 1.000000e-030 1.000000e-030 1.000000e-030 1.000000e-030 1.000000e-030 1.000000e-030 1.000000e-030 1.000000e-030 1.000000e-030 1.000000e-030 1.000000e-030 1.000000e-030 1.000000e-030 1.000000e-030 1.000000e-030 1.000000e-030 1.000000e-030 1.000000e-030 1.000000e-030 
Iteraion 4
-----------------

P(O|lamda) = 4.143885e-011

2.500000e-001 0.000000e+000 0.000000e+000 0.000000e+000 0.000000e+000 
6.250000e-002 1.039265e-091 0.000000e+000 0.000000e+000 0.000000e+000 
2.343750e-002 2.598162e-092 2.078530e-122 0.000000e+000 0.000000e+000 
8.789063e-003 9.743107e-093 5.196324e-123 4.157059e-153 0.000000e+000 
1.098633e-003 3.653665e-093 1.948621e-123 1.039265e-153 8.314118e-184 
2.746582e-004 4.567082e-094 7.307331e-124 3.897243e-154 2.078530e-184 
6.866455e-005 1.141770e-094 9.134163e-125 1.461466e-154 7.794486e-185 
8.583069e-006 2.854426e-095 2.283541e-125 1.826833e-155 2.922932e-185 
1.072884e-006 3.568032e-096 5.708852e-126 4.567082e-156 3.653665e-186 
1.341105e-007 4.460041e-097 7.136065e-127 1.141770e-156 9.134163e-187 
5.029142e-008 5.575051e-098 8.920081e-128 1.427213e-157 2.283541e-187 
1.885928e-008 2.090644e-098 1.115010e-128 1.784016e-158 2.854426e-188 
2.357410e-009 7.839915e-099 4.181288e-129 2.230020e-159 3.568032e-189 
8.840289e-010 9.799894e-100 1.567983e-129 8.362576e-160 4.460041e-190 
3.315108e-010 3.674960e-100 1.959979e-130 3.135966e-160 1.672515e-190 
4.143885e-011 1.378110e-100 7.349920e-131 3.919958e-161 6.271932e-191 


1.657554e-010 0.000000e+000 0.000000e+000 0.000000e+000 0.000000e+000 
6.630216e-010 0.000000e+000 0.000000e+000 0.000000e+000 0.000000e+000 
1.768058e-009 0.000000e+000 0.000000e+000 0.000000e+000 0.000000e+000 
4.714821e-009 0.000000e+000 0.000000e+000 0.000000e+000 0.000000e+000 
3.771856e-008 0.000000e+000 0.000000e+000 0.000000e+000 0.000000e+000 
1.508743e-007 1.000000e-300 1.000000e-300 1.000000e-300 1.000000e-300 
6.034970e-007 1.000000e-270 1.000000e-270 1.000000e-270 1.000000e-270 
4.827976e-006 1.000000e-240 1.000000e-240 1.000000e-240 1.000000e-240 
3.862381e-005 1.000000e-210 1.000000e-210 1.000000e-210 1.000000e-210 
3.089905e-004 1.000000e-180 1.000000e-180 1.000000e-180 1.000000e-180 
8.239746e-004 1.000000e-150 1.000000e-150 1.000000e-150 1.000000e-150 
2.197266e-003 1.000000e-120 1.000000e-120 1.000000e-120 1.000000e-120 
1.757813e-002 1.000000e-090 1.000000e-090 1.000000e-090 1.000000e-090 
4.687500e-002 1.000000e-060 1.000000e-060 1.000000e-060 1.000000e-060 
1.250000e-001 1.000000e-030 1.000000e-030 1.000000e-030 1.000000e-030 
1.000000e+000 1.000000e+000 1.000000e+000 1.000000e+000 1.000000e+000 


1.000000e+000 0.000000e+000 0.000000e+000 0.000000e+000 0.000000e+000 
1.000000e+000 0.000000e+000 0.000000e+000 0.000000e+000 0.000000e+000 
1.000000e+000 0.000000e+000 0.000000e+000 0.000000e+000 0.000000e+000 
1.000000e+000 0.000000e+000 0.000000e+000 0.000000e+000 0.000000e+000 
1.000000e+000 0.000000e+000 0.000000e+000 0.000000e+000 0.000000e+000 
1.000000e+000 0.000000e+000 0.000000e+000 0.000000e+000 0.000000e+000 
1.000000e+000 0.000000e+000 0.000000e+000 0.000000e+000 0.000000e+000 
1.000000e+000 0.000000e+000 0.000000e+000 0.000000e+000 0.000000e+000 
1.000000e+000 8.610355e-296 0.000000e+000 0.000000e+000 0.000000e+000 
1.000000e+000 1.076294e-266 1.722071e-296 0.000000e+000 0.000000e+000 
1.000000e+000 1.345368e-237 2.152589e-267 3.444142e-297 0.000000e+000 
1.000000e+000 5.045130e-208 2.690736e-238 4.305178e-268 6.888284e-298 
1.000000e+000 1.891924e-178 1.009026e-208 5.381472e-239 8.610355e-269 
1.000000e+000 2.364905e-149 3.783848e-179 2.018052e-209 1.076294e-239 
1.000000e+000 8.868393e-120 4.729810e-150 7.567695e-180 4.036104e-210 
1.000000e+000 3.325647e-090 1.773679e-120 9.459619e-151 1.513539e-180 



Q star

------------
1  1  1  1  1  1  1  1  1  1  1  1  1  1  1  1  
------------

P star

-----------
4.143885e-011

A Martrix

1.000000e+000 2.217098e-091 0.000000e+000 0.000000e+000 0.000000e+000 
0.000000e+000 8.000000e-001 2.000000e-001 0.000000e+000 0.000000e+000 
0.000000e+000 0.000000e+000 8.000000e-001 2.000000e-001 0.000000e+000 
0.000000e+000 0.000000e+000 0.000000e+000 8.000000e-001 2.000000e-001 
0.000000e+000 0.000000e+000 0.000000e+000 0.000000e+000 1.000000e+000 

B Martrix

1.000000e-030 1.000000e-030 1.000000e-030 1.000000e-030 1.000000e-030 2.500000e-001 1.000000e-030 1.000000e-030 1.000000e-030 1.250000e-001 1.000000e-030 3.750000e-001 1.000000e-030 1.000000e-030 1.000000e-030 1.000000e-030 1.000000e-030 1.000000e-030 1.000000e-030 1.000000e-030 1.000000e-030 1.250000e-001 1.000000e-030 1.000000e-030 1.000000e-030 1.000000e-030 1.000000e-030 1.250000e-001 1.000000e-030 1.000000e-030 1.000000e-030 1.000000e-030 
1.000000e+000 1.000000e-030 1.000000e-030 1.000000e-030 1.000000e-030 1.000000e-030 1.000000e-030 1.000000e-030 1.000000e-030 1.000000e-030 1.000000e-030 1.000000e-030 1.000000e-030 1.000000e-030 1.000000e-030 1.000000e-030 1.000000e-030 1.000000e-030 1.000000e-030 1.000000e-030 1.000000e-030 1.000000e-030 1.000000e-030 1.000000e-030 1.000000e-030 1.000000e-030 1.000000e-030 1.000000e-030 1.000000e-030 1.000000e-030 1.000000e-030 1.000000e-030 
1.000000e+000 1.000000e-030 1.000000e-030 1.000000e-030 1.000000e-030 1.000000e-030 1.000000e-030 1.000000e-030 1.000000e-030 1.000000e-030 1.000000e-030 1.000000e-030 1.000000e-030 1.000000e-030 1.000000e-030 1.000000e-030 1.000000e-030 1.000000e-030 1.000000e-030 1.000000e-030 1.000000e-030 1.000000e-030 1.000000e-030 1.000000e-030 1.000000e-030 1.000000e-030 1.000000e-030 1.000000e-030 1.000000e-030 1.000000e-030 1.000000e-030 1.000000e-030 
1.000000e+000 1.000000e-030 1.000000e-030 1.000000e-030 1.000000e-030 1.000000e-030 1.000000e-030 1.000000e-030 1.000000e-030 1.000000e-030 1.000000e-030 1.000000e-030 1.000000e-030 1.000000e-030 1.000000e-030 1.000000e-030 1.000000e-030 1.000000e-030 1.000000e-030 1.000000e-030 1.000000e-030 1.000000e-030 1.000000e-030 1.000000e-030 1.000000e-030 1.000000e-030 1.000000e-030 1.000000e-030 1.000000e-030 1.000000e-030 1.000000e-030 1.000000e-030 
1.000000e+000 1.000000e-030 1.000000e-030 1.000000e-030 1.000000e-030 1.000000e-030 1.000000e-030 1.000000e-030 1.000000e-030 1.000000e-030 1.000000e-030 1.000000e-030 1.000000e-030 1.000000e-030 1.000000e-030 1.000000e-030 1.000000e-030 1.000000e-030 1.000000e-030 1.000000e-030 1.000000e-030 1.000000e-030 1.000000e-030 1.000000e-030 1.000000e-030 1.000000e-030 1.000000e-030 1.000000e-030 1.000000e-030 1.000000e-030 1.000000e-030 1.000000e-030 
=================
