7	5	5	13	13	5	3	23	10	10	10	14	14	7	10	10	26	26	26	26	26	12	10	10	4	28	12	12	28	28	4	4	12	28	28	28	28	28	28	12	12	28	28	28	28	28	12	12	28	28	12	12	12	28	28	12	12	12	28	28	28	12	12	28	28	12	28	28	28	28	28	28	28	28	28	
Iteraion 1
-----------------

P(O|lamda) = 1.299426e-113

3.125000e-002 0.000000e+000 0.000000e+000 0.000000e+000 0.000000e+000 
7.812500e-004 1.953125e-004 0.000000e+000 0.000000e+000 0.000000e+000 
1.953125e-005 9.765625e-006 1.220703e-006 0.000000e+000 0.000000e+000 
4.882813e-007 3.662109e-007 9.155273e-008 7.629395e-009 0.000000e+000 
1.220703e-008 1.220703e-008 4.577637e-009 7.629395e-010 4.768372e-011 
3.051758e-010 3.814697e-010 1.907349e-010 4.768372e-011 6.258488e-012 
7.629395e-012 1.144409e-011 7.152557e-012 2.384186e-012 4.936010e-013 
1.907349e-013 3.337860e-013 2.503395e-013 1.043081e-013 3.032619e-014 
4.768372e-015 9.536743e-015 8.344650e-015 4.172325e-015 1.599619e-015 
1.192093e-016 2.682209e-016 2.682209e-016 1.564622e-016 7.606513e-017 
2.980232e-018 7.450581e-018 8.381903e-018 5.587935e-018 3.354924e-018 
7.450581e-020 2.048910e-019 2.561137e-019 1.920853e-019 1.397660e-019 
1.862645e-021 5.587935e-021 7.683411e-021 6.402843e-021 5.568220e-021 
4.656613e-023 1.513399e-022 2.270099e-022 2.080924e-022 2.140246e-022 
1.164153e-024 4.074536e-024 6.621121e-024 6.621121e-024 7.988847e-024 
2.910383e-026 1.091394e-025 1.909939e-025 2.069100e-025 2.910335e-025 
7.275958e-028 2.910383e-027 5.456968e-027 6.366463e-027 1.038798e-026 
1.818989e-029 7.730705e-029 1.546141e-028 1.932676e-028 3.644149e-028 
4.547474e-031 2.046363e-030 4.348522e-030 5.798029e-030 1.259589e-029 
1.136868e-032 5.400125e-032 1.215028e-031 1.721290e-031 4.298592e-031 
2.842171e-034 1.421085e-033 3.375078e-033 5.062617e-033 1.450891e-032 
7.105427e-036 3.730349e-035 9.325873e-035 1.476597e-034 4.850447e-034 
1.776357e-037 9.769963e-037 2.564615e-036 4.274359e-036 1.608052e-035 
4.440892e-039 2.553513e-038 7.022161e-038 1.228878e-037 5.292309e-037 
1.110223e-040 6.661338e-040 1.915135e-039 3.511080e-039 1.730652e-038 
2.775558e-042 1.734723e-041 5.204170e-041 9.974660e-041 5.627729e-040 
6.938894e-044 4.510281e-043 1.409463e-042 2.818926e-042 1.821007e-041 
1.734723e-045 1.170938e-044 3.805550e-044 7.928228e-044 5.866829e-043 
4.336809e-047 3.035766e-046 1.024571e-045 2.219904e-045 1.882936e-044 
1.084202e-048 7.860466e-048 2.751163e-047 6.190117e-047 6.022918e-046 
2.710505e-050 2.032879e-049 7.369187e-049 1.719477e-048 1.920850e-047 
6.776264e-052 5.251604e-051 1.969352e-050 4.759266e-050 6.110124e-049 
1.694066e-053 1.355253e-052 5.251604e-052 1.312901e-051 1.939159e-050 
4.235165e-055 3.494011e-054 1.397604e-053 3.610478e-053 6.141928e-052 
1.058791e-056 8.999725e-056 3.712387e-055 9.899698e-055 1.941918e-053 
2.646978e-058 2.316106e-057 9.843449e-057 2.706949e-056 6.130367e-055 
6.617445e-060 5.955700e-059 2.605619e-058 7.382587e-058 1.932658e-056 
1.654361e-061 1.530284e-060 6.886279e-060 2.008498e-059 6.085698e-058 
4.135903e-063 3.929108e-062 1.817212e-061 5.451637e-061 1.914334e-059 
1.033976e-064 1.008126e-063 4.788600e-063 1.476485e-062 6.016366e-061 
2.584939e-066 2.584939e-065 1.260158e-064 3.990500e-064 1.889342e-062 
6.462349e-068 6.623907e-067 3.311954e-066 1.076385e-065 5.929135e-064 
1.615587e-069 1.696366e-068 8.693878e-068 2.897959e-067 1.859582e-065 
4.038968e-071 4.341890e-070 2.279492e-069 7.788266e-069 5.829306e-067 
1.009742e-072 1.110716e-071 5.970099e-071 2.089535e-070 1.826526e-068 
2.524355e-074 2.839899e-073 1.561945e-072 5.596968e-072 5.720953e-070 
6.310887e-076 7.257520e-075 4.082355e-074 1.496864e-073 1.791296e-071 
1.577722e-077 1.853823e-076 1.065948e-075 3.997306e-075 5.607155e-073 
3.944305e-079 4.733165e-078 2.780735e-077 1.065948e-076 1.754734e-074 
9.860761e-081 1.207943e-079 7.247660e-079 2.838667e-078 5.490207e-076 
2.465190e-082 3.081488e-081 1.887411e-080 7.549645e-080 1.717464e-077 
6.162976e-084 7.857794e-083 4.911121e-082 2.005375e-081 5.371793e-079 
1.540744e-085 2.002967e-084 1.276892e-083 5.320381e-083 1.679939e-080 
3.851860e-087 5.103714e-086 3.317414e-085 1.409901e-084 5.253134e-082 
9.629650e-089 1.300003e-087 8.612518e-087 3.732091e-086 1.642485e-083 
2.407412e-090 3.310192e-089 2.234380e-088 9.868510e-088 5.135100e-085 
6.018531e-092 8.425944e-091 5.792836e-090 2.606776e-089 1.605335e-086 
1.504633e-093 2.144102e-092 1.500871e-091 6.878993e-091 5.018302e-088 
3.761582e-095 5.454294e-094 3.886184e-093 1.813553e-092 1.568649e-089 
9.403955e-097 1.387083e-095 1.005635e-094 4.776768e-094 4.903163e-091 
2.350989e-098 3.526483e-097 2.600781e-096 1.257044e-095 1.532537e-092 
5.877472e-100 8.963144e-099 6.722358e-098 3.305160e-097 4.789964e-094 
1.469368e-101 2.277520e-100 1.736609e-099 8.683046e-099 1.497070e-095 
3.673420e-103 5.785636e-102 4.483868e-101 2.279300e-100 4.678887e-097 
9.183550e-105 1.469368e-103 1.157127e-102 5.978491e-102 1.462295e-098 
2.295887e-106 3.730817e-105 2.984654e-104 1.566943e-103 4.570045e-100 
5.739719e-108 9.470536e-107 7.694810e-106 4.103899e-105 1.428237e-101 
1.434930e-109 2.403507e-108 1.982893e-107 1.074067e-106 4.463497e-103 
3.587324e-111 6.098451e-110 5.107453e-109 2.809099e-108 1.394910e-104 
8.968310e-113 1.547034e-111 1.314978e-110 7.341963e-110 4.359269e-106 
2.242078e-114 3.923636e-113 3.384136e-112 1.917677e-111 1.362317e-107 
5.605194e-116 9.949219e-115 8.705567e-114 5.005701e-113 4.257362e-109 
1.401298e-117 2.522337e-116 2.238574e-115 1.305835e-114 1.330457e-110 
3.503246e-119 6.393424e-118 5.754082e-117 3.404498e-116 4.157759e-112 
8.758115e-121 1.620251e-119 1.478479e-118 8.870876e-118 1.299321e-113 


4.158164e-112 4.158164e-112 4.158164e-112 4.158164e-112 4.158164e-112 
1.330612e-110 1.330612e-110 1.330612e-110 1.330612e-110 1.330612e-110 
4.257960e-109 4.257960e-109 4.257960e-109 4.257960e-109 4.257960e-109 
1.362547e-107 1.362547e-107 1.362547e-107 1.362547e-107 1.362547e-107 
4.360151e-106 4.360151e-106 4.360151e-106 4.360151e-106 4.360151e-106 
1.395248e-104 1.395248e-104 1.395248e-104 1.395248e-104 1.395248e-104 
4.464794e-103 4.464794e-103 4.464794e-103 4.464794e-103 4.464794e-103 
1.428734e-101 1.428734e-101 1.428734e-101 1.428734e-101 1.428734e-101 
4.571950e-100 4.571950e-100 4.571950e-100 4.571950e-100 4.571950e-100 
1.463024e-098 1.463024e-098 1.463024e-098 1.463024e-098 1.463024e-098 
4.681676e-097 4.681676e-097 4.681676e-097 4.681676e-097 4.681676e-097 
1.498136e-095 1.498136e-095 1.498136e-095 1.498136e-095 1.498136e-095 
4.794037e-094 4.794037e-094 4.794037e-094 4.794037e-094 4.794037e-094 
1.534092e-092 1.534092e-092 1.534092e-092 1.534092e-092 1.534092e-092 
4.909093e-091 4.909093e-091 4.909093e-091 4.909093e-091 4.909093e-091 
1.570910e-089 1.570910e-089 1.570910e-089 1.570910e-089 1.570910e-089 
5.026912e-088 5.026912e-088 5.026912e-088 5.026912e-088 5.026912e-088 
1.608612e-086 1.608612e-086 1.608612e-086 1.608612e-086 1.608612e-086 
5.147558e-085 5.147558e-085 5.147558e-085 5.147558e-085 5.147558e-085 
1.647218e-083 1.647218e-083 1.647218e-083 1.647218e-083 1.647218e-083 
5.271099e-082 5.271099e-082 5.271099e-082 5.271099e-082 5.271099e-082 
1.686752e-080 1.686752e-080 1.686752e-080 1.686752e-080 1.686752e-080 
5.397605e-079 5.397605e-079 5.397605e-079 5.397605e-079 5.397605e-079 
1.727234e-077 1.727234e-077 1.727234e-077 1.727234e-077 1.727234e-077 
5.527148e-076 5.527148e-076 5.527148e-076 5.527148e-076 5.527148e-076 
1.768687e-074 1.768687e-074 1.768687e-074 1.768687e-074 1.768687e-074 
5.659799e-073 5.659799e-073 5.659799e-073 5.659799e-073 5.659799e-073 
1.811136e-071 1.811136e-071 1.811136e-071 1.811136e-071 1.811136e-071 
5.795635e-070 5.795635e-070 5.795635e-070 5.795635e-070 5.795635e-070 
1.854603e-068 1.854603e-068 1.854603e-068 1.854603e-068 1.854603e-068 
5.934730e-067 5.934730e-067 5.934730e-067 5.934730e-067 5.934730e-067 
1.899114e-065 1.899114e-065 1.899114e-065 1.899114e-065 1.899114e-065 
6.077163e-064 6.077163e-064 6.077163e-064 6.077163e-064 6.077163e-064 
1.944692e-062 1.944692e-062 1.944692e-062 1.944692e-062 1.944692e-062 
6.223015e-061 6.223015e-061 6.223015e-061 6.223015e-061 6.223015e-061 
1.991365e-059 1.991365e-059 1.991365e-059 1.991365e-059 1.991365e-059 
6.372368e-058 6.372368e-058 6.372368e-058 6.372368e-058 6.372368e-058 
2.039158e-056 2.039158e-056 2.039158e-056 2.039158e-056 2.039158e-056 
6.525304e-055 6.525304e-055 6.525304e-055 6.525304e-055 6.525304e-055 
2.088097e-053 2.088097e-053 2.088097e-053 2.088097e-053 2.088097e-053 
6.681912e-052 6.681912e-052 6.681912e-052 6.681912e-052 6.681912e-052 
2.138212e-050 2.138212e-050 2.138212e-050 2.138212e-050 2.138212e-050 
6.842278e-049 6.842278e-049 6.842278e-049 6.842278e-049 6.842278e-049 
2.189529e-047 2.189529e-047 2.189529e-047 2.189529e-047 2.189529e-047 
7.006492e-046 7.006492e-046 7.006492e-046 7.006492e-046 7.006492e-046 
2.242078e-044 2.242078e-044 2.242078e-044 2.242078e-044 2.242078e-044 
7.174648e-043 7.174648e-043 7.174648e-043 7.174648e-043 7.174648e-043 
2.295887e-041 2.295887e-041 2.295887e-041 2.295887e-041 2.295887e-041 
7.346840e-040 7.346840e-040 7.346840e-040 7.346840e-040 7.346840e-040 
2.350989e-038 2.350989e-038 2.350989e-038 2.350989e-038 2.350989e-038 
7.523164e-037 7.523164e-037 7.523164e-037 7.523164e-037 7.523164e-037 
2.407412e-035 2.407412e-035 2.407412e-035 2.407412e-035 2.407412e-035 
7.703720e-034 7.703720e-034 7.703720e-034 7.703720e-034 7.703720e-034 
2.465190e-032 2.465190e-032 2.465190e-032 2.465190e-032 2.465190e-032 
7.888609e-031 7.888609e-031 7.888609e-031 7.888609e-031 7.888609e-031 
2.524355e-029 2.524355e-029 2.524355e-029 2.524355e-029 2.524355e-029 
8.077936e-028 8.077936e-028 8.077936e-028 8.077936e-028 8.077936e-028 
2.584939e-026 2.584939e-026 2.584939e-026 2.584939e-026 2.584939e-026 
8.271806e-025 8.271806e-025 8.271806e-025 8.271806e-025 8.271806e-025 
2.646978e-023 2.646978e-023 2.646978e-023 2.646978e-023 2.646978e-023 
8.470329e-022 8.470329e-022 8.470329e-022 8.470329e-022 8.470329e-022 
2.710505e-020 2.710505e-020 2.710505e-020 2.710505e-020 2.710505e-020 
8.673617e-019 8.673617e-019 8.673617e-019 8.673617e-019 8.673617e-019 
2.775558e-017 2.775558e-017 2.775558e-017 2.775558e-017 2.775558e-017 
8.881784e-016 8.881784e-016 8.881784e-016 8.881784e-016 8.881784e-016 
2.842171e-014 2.842171e-014 2.842171e-014 2.842171e-014 2.842171e-014 
9.094947e-013 9.094947e-013 9.094947e-013 9.094947e-013 9.094947e-013 
2.910383e-011 2.910383e-011 2.910383e-011 2.910383e-011 2.910383e-011 
9.313226e-010 9.313226e-010 9.313226e-010 9.313226e-010 9.313226e-010 
2.980232e-008 2.980232e-008 2.980232e-008 2.980232e-008 2.980232e-008 
9.536743e-007 9.536743e-007 9.536743e-007 9.536743e-007 9.536743e-007 
3.051758e-005 3.051758e-005 3.051758e-005 3.051758e-005 3.051758e-005 
9.765625e-004 9.765625e-004 9.765625e-004 9.765625e-004 9.765625e-004 
3.125000e-002 3.125000e-002 3.125000e-002 3.125000e-002 3.125000e-002 
1.000000e+000 1.000000e+000 1.000000e+000 1.000000e+000 1.000000e+000 


1.000000e+000 0.000000e+000 0.000000e+000 0.000000e+000 0.000000e+000 
8.000000e-001 2.000000e-001 0.000000e+000 0.000000e+000 0.000000e+000 
6.400000e-001 3.200000e-001 4.000000e-002 0.000000e+000 0.000000e+000 
5.120000e-001 3.840000e-001 9.600000e-002 8.000000e-003 0.000000e+000 
4.096000e-001 4.096000e-001 1.536000e-001 2.560000e-002 1.600000e-003 
3.276800e-001 4.096000e-001 2.048000e-001 5.120000e-002 6.720000e-003 
2.621440e-001 3.932160e-001 2.457600e-001 8.192000e-002 1.696000e-002 
2.097152e-001 3.670016e-001 2.752512e-001 1.146880e-001 3.334400e-002 
1.677722e-001 3.355443e-001 2.936013e-001 1.468006e-001 5.628160e-002 
1.342177e-001 3.019899e-001 3.019899e-001 1.761608e-001 8.564173e-002 
1.073742e-001 2.684355e-001 3.019899e-001 2.013266e-001 1.208739e-001 
8.589935e-002 2.362232e-001 2.952790e-001 2.214593e-001 1.611392e-001 
6.871948e-002 2.061584e-001 2.834678e-001 2.362232e-001 2.054311e-001 
5.497558e-002 1.786706e-001 2.680060e-001 2.456721e-001 2.526757e-001 
4.398047e-002 1.539316e-001 2.501389e-001 2.501389e-001 3.018101e-001 
3.518437e-002 1.319414e-001 2.308974e-001 2.501389e-001 3.518379e-001 
2.814750e-002 1.125900e-001 2.111062e-001 2.462906e-001 4.018657e-001 
2.251800e-002 9.570149e-002 1.914030e-001 2.392537e-001 4.511238e-001 
1.801440e-002 8.106479e-002 1.722627e-001 2.296836e-001 4.989745e-001 
1.441152e-002 6.845471e-002 1.540231e-001 2.181994e-001 5.449113e-001 
1.152922e-002 5.764608e-002 1.369094e-001 2.053641e-001 5.885511e-001 
9.223372e-003 4.842270e-002 1.210568e-001 1.916732e-001 6.296240e-001 
7.378698e-003 4.058284e-002 1.065299e-001 1.775499e-001 6.679586e-001 
5.902958e-003 3.394201e-002 9.334053e-002 1.633459e-001 7.034686e-001 
4.722366e-003 2.833420e-002 8.146082e-002 1.493448e-001 7.361378e-001 
3.777893e-003 2.361183e-002 7.083550e-002 1.357680e-001 7.660067e-001 
3.022315e-003 1.964504e-002 6.139076e-002 1.227815e-001 7.931603e-001 
2.417852e-003 1.632050e-002 5.304162e-002 1.105034e-001 8.177167e-001 
1.934281e-003 1.353997e-002 4.569740e-002 9.901102e-002 8.398173e-001 
1.547425e-003 1.121883e-002 3.926591e-002 8.834830e-002 8.596195e-001 
1.237940e-003 9.284550e-003 3.365649e-002 7.853182e-002 8.772892e-001 
9.903520e-004 7.675228e-003 2.878211e-002 6.955676e-002 8.929956e-001 
7.922816e-004 6.338253e-003 2.456073e-002 6.140183e-002 9.069069e-001 
6.338253e-004 5.229059e-003 2.091623e-002 5.403361e-002 9.191873e-001 
5.070602e-004 4.310012e-003 1.777880e-002 4.741013e-002 9.299940e-001 
4.056482e-004 3.549422e-003 1.508504e-002 4.148387e-002 9.394760e-001 
3.245186e-004 2.920667e-003 1.277792e-002 3.620410e-002 9.477728e-001 
2.596148e-004 2.401437e-003 1.080647e-002 3.151886e-002 9.550136e-001 
2.076919e-004 1.973073e-003 9.125462e-003 2.737639e-002 9.613174e-001 
1.661535e-004 1.619997e-003 7.694984e-003 2.372620e-002 9.667927e-001 
1.329228e-004 1.329228e-003 6.479986e-003 2.051996e-002 9.715379e-001 
1.063382e-004 1.089967e-003 5.449835e-003 1.771196e-002 9.756419e-001 
8.507059e-005 8.932412e-004 4.577861e-003 1.525954e-002 9.791843e-001 
6.805647e-005 7.316071e-004 3.840937e-003 1.312320e-002 9.822362e-001 
5.444518e-005 5.988970e-004 3.219071e-003 1.126675e-002 9.848608e-001 
4.355614e-005 4.900066e-004 2.695036e-003 9.657214e-003 9.871142e-001 
3.484491e-005 4.007165e-004 2.254030e-003 8.264778e-003 9.890456e-001 
2.787593e-005 3.275422e-004 1.883368e-003 7.062629e-003 9.906986e-001 
2.230075e-005 2.676089e-004 1.572203e-003 6.026776e-003 9.921111e-001 
1.784060e-005 2.185473e-004 1.311284e-003 5.135862e-003 9.933165e-001 
1.427248e-005 1.784060e-004 1.092737e-003 4.370946e-003 9.943436e-001 
1.141798e-005 1.455793e-004 9.098704e-004 3.715304e-003 9.952178e-001 
9.134385e-006 1.187470e-004 7.570122e-004 3.154217e-003 9.959609e-001 
7.307508e-006 9.682448e-005 6.293591e-004 2.674776e-003 9.965917e-001 
5.846007e-006 7.892109e-005 5.228522e-004 2.265693e-003 9.971267e-001 
4.676805e-006 6.430607e-005 4.340660e-004 1.917125e-003 9.975798e-001 
3.741444e-006 5.238022e-005 3.601140e-004 1.620513e-003 9.979633e-001 
2.993155e-006 4.265246e-005 2.985672e-004 1.368433e-003 9.982874e-001 
2.394524e-006 3.472060e-005 2.473843e-004 1.154460e-003 9.985610e-001 
1.915619e-006 2.825539e-005 2.048516e-004 9.730449e-004 9.987919e-001 
1.532496e-006 2.298743e-005 1.695323e-004 8.194062e-004 9.989865e-001 
1.225996e-006 1.869645e-005 1.402233e-004 6.894314e-004 9.991504e-001 
9.807971e-007 1.520236e-005 1.159180e-004 5.795898e-004 9.992883e-001 
7.846377e-007 1.235804e-005 9.577484e-005 4.868554e-004 9.994042e-001 
6.277102e-007 1.004336e-005 7.909148e-005 4.086393e-004 9.995016e-001 
5.021681e-007 8.160232e-006 6.528186e-005 3.427298e-004 9.995833e-001 
4.017345e-007 6.628619e-006 5.385753e-005 2.872402e-004 9.996519e-001 
3.213876e-007 5.383242e-006 4.441175e-005 2.405636e-004 9.997093e-001 
2.571101e-007 4.370871e-006 3.660605e-005 2.013333e-004 9.997574e-001 
2.056881e-007 3.548119e-006 3.015901e-005 1.683878e-004 9.997977e-001 
1.645505e-007 2.879633e-006 2.483683e-005 1.407421e-004 9.998314e-001 
1.316404e-007 2.336616e-006 2.044539e-005 1.175610e-004 9.998595e-001 
1.053123e-007 1.895621e-006 1.682364e-005 9.813789e-005 9.998830e-001 
8.424983e-008 1.537559e-006 1.383804e-005 8.187504e-005 9.999027e-001 
6.739987e-008 1.246898e-006 1.137794e-005 6.826764e-005 9.999190e-001 



Q star

------------
1  2  3  4  5  5  5  5  5  5  5  5  5  5  5  5  5  5  5  5  5  5  5  5  5  5  5  5  5  5  5  5  5  5  5  5  5  5  5  5  5  5  5  5  5  5  5  5  5  5  5  5  5  5  5  5  5  5  5  5  5  5  5  5  5  5  5  5  5  5  5  5  5  5  5  
------------

P star

-----------
2.079082e-116

A Martrix

8.000000e-001 2.000000e-001 0.000000e+000 0.000000e+000 0.000000e+000 
0.000000e+000 8.000000e-001 2.000000e-001 0.000000e+000 0.000000e+000 
0.000000e+000 0.000000e+000 8.000000e-001 2.000000e-001 0.000000e+000 
0.000000e+000 0.000000e+000 0.000000e+000 8.000000e-001 2.000000e-001 
0.000000e+000 0.000000e+000 0.000000e+000 0.000000e+000 1.000000e+000 

B Martrix

1.000000e-030 1.000000e-030 1.000000e-030 1.000000e-030 1.000000e-030 1.000000e-030 1.000000e+000 1.000000e-030 1.000000e-030 1.000000e-030 1.000000e-030 1.000000e-030 1.000000e-030 1.000000e-030 1.000000e-030 1.000000e-030 1.000000e-030 1.000000e-030 1.000000e-030 1.000000e-030 1.000000e-030 1.000000e-030 1.000000e-030 1.000000e-030 1.000000e-030 1.000000e-030 1.000000e-030 1.000000e-030 1.000000e-030 1.000000e-030 1.000000e-030 1.000000e-030 
1.000000e-030 1.000000e-030 1.000000e-030 1.000000e-030 1.000000e+000 1.000000e-030 1.000000e-030 1.000000e-030 1.000000e-030 1.000000e-030 1.000000e-030 1.000000e-030 1.000000e-030 1.000000e-030 1.000000e-030 1.000000e-030 1.000000e-030 1.000000e-030 1.000000e-030 1.000000e-030 1.000000e-030 1.000000e-030 1.000000e-030 1.000000e-030 1.000000e-030 1.000000e-030 1.000000e-030 1.000000e-030 1.000000e-030 1.000000e-030 1.000000e-030 1.000000e-030 
1.000000e-030 1.000000e-030 1.000000e-030 1.000000e-030 1.000000e+000 1.000000e-030 1.000000e-030 1.000000e-030 1.000000e-030 1.000000e-030 1.000000e-030 1.000000e-030 1.000000e-030 1.000000e-030 1.000000e-030 1.000000e-030 1.000000e-030 1.000000e-030 1.000000e-030 1.000000e-030 1.000000e-030 1.000000e-030 1.000000e-030 1.000000e-030 1.000000e-030 1.000000e-030 1.000000e-030 1.000000e-030 1.000000e-030 1.000000e-030 1.000000e-030 1.000000e-030 
1.000000e-030 1.000000e-030 1.000000e-030 1.000000e-030 1.000000e-030 1.000000e-030 1.000000e-030 1.000000e-030 1.000000e-030 1.000000e-030 1.000000e-030 1.000000e-030 1.000000e+000 1.000000e-030 1.000000e-030 1.000000e-030 1.000000e-030 1.000000e-030 1.000000e-030 1.000000e-030 1.000000e-030 1.000000e-030 1.000000e-030 1.000000e-030 1.000000e-030 1.000000e-030 1.000000e-030 1.000000e-030 1.000000e-030 1.000000e-030 1.000000e-030 1.000000e-030 
1.000000e-030 1.000000e-030 3.083614e-004 4.557099e-002 1.221809e-004 1.000000e-030 4.594071e-003 1.000000e-030 1.000000e-030 4.159738e-002 1.000000e-030 2.916862e-001 2.909070e-005 6.664866e-003 1.000000e-030 1.000000e-030 1.000000e-030 1.000000e-030 1.000000e-030 1.000000e-030 1.000000e-030 1.000000e-030 6.062502e-004 1.000000e-030 1.000000e-030 4.518925e-002 1.000000e-030 5.636313e-001 1.000000e-030 1.000000e-030 1.000000e-030 1.000000e-030 
Iteraion 2
-----------------

P(O|lamda) = 1.976239e-058

1.000000e+000 0.000000e+000 0.000000e+000 0.000000e+000 0.000000e+000 
8.000000e-031 2.000000e-001 0.000000e+000 0.000000e+000 0.000000e+000 
6.400000e-061 1.600000e-001 4.000000e-002 0.000000e+000 0.000000e+000 
5.120000e-091 1.280000e-031 6.400000e-032 8.000000e-003 0.000000e+000 
4.096000e-121 1.024000e-061 7.680000e-062 6.400000e-003 4.654512e-008 
3.276800e-151 8.192000e-062 8.192000e-062 5.120000e-033 1.563973e-007 
2.621440e-181 6.553600e-092 8.192000e-092 4.096000e-063 4.822689e-011 
2.097152e-211 5.242880e-122 7.864320e-122 3.276800e-093 2.923756e-014 
1.677722e-241 4.194304e-152 7.340032e-152 2.621440e-123 1.216206e-015 
1.342177e-271 3.355443e-182 6.710886e-182 2.097152e-153 5.059099e-017 
1.073742e-301 2.684355e-212 6.039798e-212 1.677722e-183 2.104453e-018 
0.000000e+000 2.147484e-242 5.368709e-242 1.342177e-213 1.402590e-020 
0.000000e+000 1.717987e-272 4.724464e-272 1.073742e-243 9.348071e-023 
0.000000e+000 1.374390e-302 4.123169e-302 8.589935e-274 4.294570e-025 
0.000000e+000 0.000000e+000 0.000000e+000 6.871948e-304 1.786429e-026 
0.000000e+000 0.000000e+000 0.000000e+000 0.000000e+000 7.431075e-028 
0.000000e+000 0.000000e+000 0.000000e+000 0.000000e+000 3.358047e-029 
0.000000e+000 0.000000e+000 0.000000e+000 0.000000e+000 1.517476e-030 
0.000000e+000 0.000000e+000 0.000000e+000 0.000000e+000 6.857360e-032 
0.000000e+000 0.000000e+000 0.000000e+000 0.000000e+000 3.098790e-033 
0.000000e+000 0.000000e+000 0.000000e+000 0.000000e+000 1.400320e-034 
0.000000e+000 0.000000e+000 0.000000e+000 0.000000e+000 4.084540e-035 
0.000000e+000 0.000000e+000 0.000000e+000 0.000000e+000 1.699062e-036 
0.000000e+000 0.000000e+000 0.000000e+000 0.000000e+000 7.067651e-038 
0.000000e+000 0.000000e+000 0.000000e+000 0.000000e+000 3.220799e-039 
0.000000e+000 0.000000e+000 0.000000e+000 0.000000e+000 1.815343e-039 
0.000000e+000 0.000000e+000 0.000000e+000 0.000000e+000 5.295106e-040 
0.000000e+000 0.000000e+000 0.000000e+000 0.000000e+000 1.544509e-040 
0.000000e+000 0.000000e+000 0.000000e+000 0.000000e+000 8.705339e-041 
0.000000e+000 0.000000e+000 0.000000e+000 0.000000e+000 4.906602e-041 
0.000000e+000 0.000000e+000 0.000000e+000 0.000000e+000 2.235987e-042 
0.000000e+000 0.000000e+000 0.000000e+000 0.000000e+000 1.018962e-043 
0.000000e+000 0.000000e+000 0.000000e+000 0.000000e+000 2.972170e-044 
0.000000e+000 0.000000e+000 0.000000e+000 0.000000e+000 1.675208e-044 
0.000000e+000 0.000000e+000 0.000000e+000 0.000000e+000 9.441999e-045 
0.000000e+000 0.000000e+000 0.000000e+000 0.000000e+000 5.321807e-045 
0.000000e+000 0.000000e+000 0.000000e+000 0.000000e+000 2.999537e-045 
0.000000e+000 0.000000e+000 0.000000e+000 0.000000e+000 1.690633e-045 
0.000000e+000 0.000000e+000 0.000000e+000 0.000000e+000 9.528937e-046 
0.000000e+000 0.000000e+000 0.000000e+000 0.000000e+000 2.779460e-046 
0.000000e+000 0.000000e+000 0.000000e+000 0.000000e+000 8.107301e-047 
0.000000e+000 0.000000e+000 0.000000e+000 0.000000e+000 4.569529e-047 
0.000000e+000 0.000000e+000 0.000000e+000 0.000000e+000 2.575530e-047 
0.000000e+000 0.000000e+000 0.000000e+000 0.000000e+000 1.451649e-047 
0.000000e+000 0.000000e+000 0.000000e+000 0.000000e+000 8.181950e-048 
0.000000e+000 0.000000e+000 0.000000e+000 0.000000e+000 4.611603e-048 
0.000000e+000 0.000000e+000 0.000000e+000 0.000000e+000 1.345141e-048 
0.000000e+000 0.000000e+000 0.000000e+000 0.000000e+000 3.923592e-049 
0.000000e+000 0.000000e+000 0.000000e+000 0.000000e+000 2.211459e-049 
0.000000e+000 0.000000e+000 0.000000e+000 0.000000e+000 1.246448e-049 
0.000000e+000 0.000000e+000 0.000000e+000 0.000000e+000 3.635716e-050 
0.000000e+000 0.000000e+000 0.000000e+000 0.000000e+000 1.060488e-050 
0.000000e+000 0.000000e+000 0.000000e+000 0.000000e+000 3.093298e-051 
0.000000e+000 0.000000e+000 0.000000e+000 0.000000e+000 1.743480e-051 
0.000000e+000 0.000000e+000 0.000000e+000 0.000000e+000 9.826799e-052 
0.000000e+000 0.000000e+000 0.000000e+000 0.000000e+000 2.866342e-052 
0.000000e+000 0.000000e+000 0.000000e+000 0.000000e+000 8.360725e-053 
0.000000e+000 0.000000e+000 0.000000e+000 0.000000e+000 2.438708e-053 
0.000000e+000 0.000000e+000 0.000000e+000 0.000000e+000 1.374532e-053 
0.000000e+000 0.000000e+000 0.000000e+000 0.000000e+000 7.747295e-054 
0.000000e+000 0.000000e+000 0.000000e+000 0.000000e+000 4.366618e-054 
0.000000e+000 0.000000e+000 0.000000e+000 0.000000e+000 1.273682e-054 
0.000000e+000 0.000000e+000 0.000000e+000 0.000000e+000 3.715156e-055 
0.000000e+000 0.000000e+000 0.000000e+000 0.000000e+000 2.093978e-055 
0.000000e+000 0.000000e+000 0.000000e+000 0.000000e+000 1.180232e-055 
0.000000e+000 0.000000e+000 0.000000e+000 0.000000e+000 3.442574e-056 
0.000000e+000 0.000000e+000 0.000000e+000 0.000000e+000 1.940342e-056 
0.000000e+000 0.000000e+000 0.000000e+000 0.000000e+000 1.093638e-056 
0.000000e+000 0.000000e+000 0.000000e+000 0.000000e+000 6.164085e-057 
0.000000e+000 0.000000e+000 0.000000e+000 0.000000e+000 3.474272e-057 
0.000000e+000 0.000000e+000 0.000000e+000 0.000000e+000 1.958208e-057 
0.000000e+000 0.000000e+000 0.000000e+000 0.000000e+000 1.103708e-057 
0.000000e+000 0.000000e+000 0.000000e+000 0.000000e+000 6.220842e-058 
0.000000e+000 0.000000e+000 0.000000e+000 0.000000e+000 3.506261e-058 
0.000000e+000 0.000000e+000 0.000000e+000 0.000000e+000 1.976239e-058 


1.976239e-058 1.580991e-057 3.161982e-057 3.900847e-073 1.950424e-072 
2.470209e-088 9.881194e-058 3.952477e-057 3.192681e-069 1.596340e-068 
1.573755e-140 1.235104e-087 4.940597e-057 1.976239e-056 1.306538e-064 
6.556470e-111 5.246187e-110 6.175521e-057 2.470298e-056 4.491256e-060 
1.081479e-107 3.278235e-080 1.311800e-079 3.087761e-056 1.543880e-055 
2.599873e-136 5.407397e-107 1.639118e-079 2.527203e-052 1.263602e-051 
6.250089e-135 1.299937e-105 2.703698e-076 8.195588e-049 4.097794e-048 
1.502520e-133 3.125045e-104 6.499684e-075 1.351849e-045 6.759246e-045 
2.254389e-131 7.512599e-103 1.562522e-073 3.249842e-044 1.624921e-043 
3.382497e-129 1.127194e-100 3.756300e-072 7.812611e-043 3.906306e-042 
7.362744e-127 1.691248e-098 5.635972e-070 1.878150e-041 9.390749e-041 
1.770002e-125 3.681372e-096 8.456242e-068 2.817986e-039 1.408993e-038 
7.958415e-123 8.850009e-095 1.840686e-065 4.228121e-037 2.114060e-036 
9.416134e-123 2.127540e-093 4.425005e-064 9.203431e-035 4.601715e-034 
2.083711e-121 4.708067e-092 1.063770e-062 2.212502e-033 1.106251e-032 
4.611077e-120 1.041856e-090 2.354033e-061 5.318850e-032 2.659425e-031 
1.020393e-118 2.305539e-089 5.209278e-060 1.177017e-030 5.885084e-030 
2.258043e-117 5.101963e-088 1.152769e-058 2.604639e-029 1.302319e-028 
7.741342e-117 1.129021e-086 2.550982e-057 5.763847e-028 2.881923e-027 
1.861017e-115 3.870671e-086 5.645107e-056 1.275491e-026 6.377454e-026 
4.473879e-114 9.305084e-085 1.935336e-055 2.822554e-025 1.411277e-024 
9.817384e-113 2.236940e-083 4.652542e-054 9.676678e-025 4.838339e-024 
1.741810e-112 4.908692e-082 1.118470e-052 2.326271e-023 1.163135e-022 
5.971518e-112 8.709048e-082 2.454346e-051 5.592349e-022 2.796175e-021 
2.047240e-111 2.985759e-081 4.354524e-051 1.227173e-020 6.135865e-020 
3.632233e-111 1.023620e-080 1.492879e-050 2.177262e-020 1.088631e-019 
6.444342e-111 1.816116e-080 5.118101e-050 7.464397e-020 3.732199e-019 
1.414132e-109 3.222171e-080 9.080582e-050 2.559050e-019 1.279525e-018 
3.103142e-108 7.070662e-079 1.611085e-049 4.540291e-019 2.270146e-018 
1.063863e-107 1.551571e-077 3.535331e-048 8.055427e-019 4.027714e-018 
1.887516e-107 5.319315e-077 7.757854e-047 1.767666e-017 8.838328e-017 
3.348848e-107 9.437578e-077 2.659657e-046 3.878927e-016 1.939464e-015 
5.941557e-107 1.674424e-076 4.718789e-046 1.329829e-015 6.649143e-015 
1.054157e-106 2.970779e-076 8.372120e-046 2.359394e-015 1.179697e-014 
1.870295e-106 5.270783e-076 1.485389e-045 4.186060e-015 2.093030e-014 
3.318294e-106 9.351473e-076 2.635392e-045 7.426947e-015 3.713473e-014 
1.137625e-105 1.659147e-075 4.675737e-045 1.317696e-014 6.588479e-014 
3.900166e-105 5.688123e-075 8.295736e-045 2.337868e-014 1.168934e-013 
6.919711e-105 1.950083e-074 2.844062e-044 4.147868e-014 2.073934e-013 
1.227702e-104 3.459855e-074 9.750414e-044 1.422031e-013 7.110154e-013 
2.178200e-104 6.138508e-074 1.729928e-043 4.875207e-013 2.437604e-012 
3.864582e-104 1.089100e-073 3.069254e-043 8.649638e-013 4.324819e-012 
6.856578e-104 1.932291e-073 5.445499e-043 1.534627e-012 7.673135e-012 
2.350669e-103 3.428289e-073 9.661456e-043 2.722750e-012 1.361375e-011 
8.058897e-103 1.175335e-072 1.714145e-042 4.830728e-012 2.415364e-011 
1.429817e-102 4.029448e-072 5.876673e-042 8.570723e-012 4.285361e-011 
2.536795e-102 7.149085e-072 2.014724e-041 2.938336e-011 1.469168e-010 
8.696999e-102 1.268397e-071 3.574542e-041 1.007362e-010 5.036810e-010 
2.981628e-101 4.348499e-071 6.341987e-041 1.787271e-010 8.936356e-010 
1.022204e-100 1.490814e-070 2.174250e-040 3.170993e-010 1.585497e-009 
1.813604e-100 5.111020e-070 7.454070e-040 1.087125e-009 5.435624e-009 
3.217713e-100 9.068019e-070 2.555510e-039 3.727035e-009 1.863518e-008 
1.103142e-099 1.608856e-069 4.534010e-039 1.277755e-008 6.388775e-008 
3.781947e-099 5.515709e-069 8.044282e-039 2.267005e-008 1.133502e-007 
1.296581e-098 1.890974e-068 2.757855e-038 4.022141e-008 2.011071e-007 
2.300406e-098 6.482903e-068 9.454868e-038 1.378927e-007 6.894637e-007 
4.081401e-098 1.150203e-067 3.241452e-037 4.727434e-007 2.363717e-006 
7.241260e-098 2.040701e-067 5.751014e-037 1.620726e-006 8.103629e-006 
2.482551e-097 3.620630e-067 1.020350e-036 2.875507e-006 1.437753e-005 
8.511034e-097 1.241276e-066 1.810315e-036 5.101751e-006 2.550876e-005 
1.510036e-096 4.255517e-066 6.206378e-036 9.051575e-006 4.525788e-005 
2.679119e-096 7.550178e-066 2.127758e-035 3.103189e-005 1.551595e-004 
9.184936e-096 1.339560e-065 3.775089e-035 1.063879e-004 5.319396e-004 
1.629600e-095 4.592468e-065 6.697798e-035 1.887544e-004 9.437722e-004 
2.891251e-095 8.148000e-065 2.296234e-034 3.348899e-004 1.674450e-003 
5.129686e-095 1.445626e-064 4.074000e-034 1.148117e-003 5.740585e-003 
9.101136e-095 2.564843e-064 7.228129e-034 2.037000e-003 1.018500e-002 
1.614732e-094 4.550568e-064 1.282421e-033 3.614064e-003 1.807032e-002 
2.864873e-094 8.073661e-064 2.275284e-033 6.412107e-003 3.206053e-002 
5.082884e-094 1.432436e-063 4.036830e-033 1.137642e-002 5.688210e-002 
9.018101e-094 2.541442e-063 7.162182e-033 2.018415e-002 1.009208e-001 
1.000000e-090 4.509051e-063 1.270721e-032 3.581091e-002 1.790546e-001 
1.000000e-060 1.000000e-060 2.254525e-032 6.353606e-002 3.176803e-001 
1.000000e-030 1.000000e-030 1.000000e-030 1.127263e-001 5.636313e-001 
1.000000e+000 1.000000e+000 1.000000e+000 1.000000e+000 1.000000e+000 


1.000000e+000 0.000000e+000 0.000000e+000 0.000000e+000 0.000000e+000 
9.999636e-061 1.000000e+000 0.000000e+000 0.000000e+000 0.000000e+000 
5.096567e-143 9.999636e-031 1.000000e+000 0.000000e+000 0.000000e+000 
1.698637e-143 3.397929e-083 1.999927e-030 1.000000e+000 0.000000e+000 
2.241500e-170 1.698637e-083 5.097876e-083 9.999636e-001 3.636205e-005 
4.310848e-229 2.241500e-110 6.794549e-083 6.547428e-027 1.000000e+000 
8.290615e-258 4.310848e-139 1.120750e-109 1.698637e-053 1.000000e+000 
1.594449e-286 8.290615e-168 2.586509e-138 2.241500e-080 1.000000e+000 
1.913856e-314 1.594449e-196 5.803430e-167 4.310848e-109 1.000000e+000 
0.000000e+000 1.913856e-224 1.275559e-195 8.290615e-138 1.000000e+000 
0.000000e+000 2.297248e-252 1.722471e-223 1.594449e-166 1.000000e+000 
0.000000e+000 4.000370e-280 2.297248e-251 1.913856e-194 1.000000e+000 
0.000000e+000 7.693504e-309 4.400407e-279 2.297248e-222 1.000000e+000 
0.000000e+000 0.000000e+000 9.232205e-308 4.000370e-250 1.000000e+000 
0.000000e+000 0.000000e+000 0.000000e+000 7.693504e-279 1.000000e+000 
0.000000e+000 0.000000e+000 0.000000e+000 0.000000e+000 1.000000e+000 
0.000000e+000 0.000000e+000 0.000000e+000 0.000000e+000 1.000000e+000 
0.000000e+000 0.000000e+000 0.000000e+000 0.000000e+000 1.000000e+000 
0.000000e+000 0.000000e+000 0.000000e+000 0.000000e+000 1.000000e+000 
0.000000e+000 0.000000e+000 0.000000e+000 0.000000e+000 1.000000e+000 
0.000000e+000 0.000000e+000 0.000000e+000 0.000000e+000 1.000000e+000 
0.000000e+000 0.000000e+000 0.000000e+000 0.000000e+000 1.000000e+000 
0.000000e+000 0.000000e+000 0.000000e+000 0.000000e+000 1.000000e+000 
0.000000e+000 0.000000e+000 0.000000e+000 0.000000e+000 1.000000e+000 
0.000000e+000 0.000000e+000 0.000000e+000 0.000000e+000 1.000000e+000 
0.000000e+000 0.000000e+000 0.000000e+000 0.000000e+000 1.000000e+000 
0.000000e+000 0.000000e+000 0.000000e+000 0.000000e+000 1.000000e+000 
0.000000e+000 0.000000e+000 0.000000e+000 0.000000e+000 1.000000e+000 
0.000000e+000 0.000000e+000 0.000000e+000 0.000000e+000 1.000000e+000 
0.000000e+000 0.000000e+000 0.000000e+000 0.000000e+000 1.000000e+000 
0.000000e+000 0.000000e+000 0.000000e+000 0.000000e+000 1.000000e+000 
0.000000e+000 0.000000e+000 0.000000e+000 0.000000e+000 1.000000e+000 
0.000000e+000 0.000000e+000 0.000000e+000 0.000000e+000 1.000000e+000 
0.000000e+000 0.000000e+000 0.000000e+000 0.000000e+000 1.000000e+000 
0.000000e+000 0.000000e+000 0.000000e+000 0.000000e+000 1.000000e+000 
0.000000e+000 0.000000e+000 0.000000e+000 0.000000e+000 1.000000e+000 
0.000000e+000 0.000000e+000 0.000000e+000 0.000000e+000 1.000000e+000 
0.000000e+000 0.000000e+000 0.000000e+000 0.000000e+000 1.000000e+000 
0.000000e+000 0.000000e+000 0.000000e+000 0.000000e+000 1.000000e+000 
0.000000e+000 0.000000e+000 0.000000e+000 0.000000e+000 1.000000e+000 
0.000000e+000 0.000000e+000 0.000000e+000 0.000000e+000 1.000000e+000 
0.000000e+000 0.000000e+000 0.000000e+000 0.000000e+000 1.000000e+000 
0.000000e+000 0.000000e+000 0.000000e+000 0.000000e+000 1.000000e+000 
0.000000e+000 0.000000e+000 0.000000e+000 0.000000e+000 1.000000e+000 
0.000000e+000 0.000000e+000 0.000000e+000 0.000000e+000 1.000000e+000 
0.000000e+000 0.000000e+000 0.000000e+000 0.000000e+000 1.000000e+000 
0.000000e+000 0.000000e+000 0.000000e+000 0.000000e+000 1.000000e+000 
0.000000e+000 0.000000e+000 0.000000e+000 0.000000e+000 1.000000e+000 
0.000000e+000 0.000000e+000 0.000000e+000 0.000000e+000 1.000000e+000 
0.000000e+000 0.000000e+000 0.000000e+000 0.000000e+000 1.000000e+000 
0.000000e+000 0.000000e+000 0.000000e+000 0.000000e+000 1.000000e+000 
0.000000e+000 0.000000e+000 0.000000e+000 0.000000e+000 1.000000e+000 
0.000000e+000 0.000000e+000 0.000000e+000 0.000000e+000 1.000000e+000 
0.000000e+000 0.000000e+000 0.000000e+000 0.000000e+000 1.000000e+000 
0.000000e+000 0.000000e+000 0.000000e+000 0.000000e+000 1.000000e+000 
0.000000e+000 0.000000e+000 0.000000e+000 0.000000e+000 1.000000e+000 
0.000000e+000 0.000000e+000 0.000000e+000 0.000000e+000 1.000000e+000 
0.000000e+000 0.000000e+000 0.000000e+000 0.000000e+000 1.000000e+000 
0.000000e+000 0.000000e+000 0.000000e+000 0.000000e+000 1.000000e+000 
0.000000e+000 0.000000e+000 0.000000e+000 0.000000e+000 1.000000e+000 
0.000000e+000 0.000000e+000 0.000000e+000 0.000000e+000 1.000000e+000 
0.000000e+000 0.000000e+000 0.000000e+000 0.000000e+000 1.000000e+000 
0.000000e+000 0.000000e+000 0.000000e+000 0.000000e+000 1.000000e+000 
0.000000e+000 0.000000e+000 0.000000e+000 0.000000e+000 1.000000e+000 
0.000000e+000 0.000000e+000 0.000000e+000 0.000000e+000 1.000000e+000 
0.000000e+000 0.000000e+000 0.000000e+000 0.000000e+000 1.000000e+000 
0.000000e+000 0.000000e+000 0.000000e+000 0.000000e+000 1.000000e+000 
0.000000e+000 0.000000e+000 0.000000e+000 0.000000e+000 1.000000e+000 
0.000000e+000 0.000000e+000 0.000000e+000 0.000000e+000 1.000000e+000 
0.000000e+000 0.000000e+000 0.000000e+000 0.000000e+000 1.000000e+000 
0.000000e+000 0.000000e+000 0.000000e+000 0.000000e+000 1.000000e+000 
0.000000e+000 0.000000e+000 0.000000e+000 0.000000e+000 1.000000e+000 
0.000000e+000 0.000000e+000 0.000000e+000 0.000000e+000 1.000000e+000 
0.000000e+000 0.000000e+000 0.000000e+000 0.000000e+000 1.000000e+000 
0.000000e+000 0.000000e+000 0.000000e+000 0.000000e+000 1.000000e+000 



Q star

------------
1  2  3  4  4  5  5  5  5  5  5  5  5  5  5  5  5  5  5  5  5  5  5  5  5  5  5  5  5  5  5  5  5  5  5  5  5  5  5  5  5  5  5  5  5  5  5  5  5  5  5  5  5  5  5  5  5  5  5  5  5  5  5  5  5  5  5  5  5  5  5  5  5  5  5  
------------

P star

-----------
1.976167e-058

A Martrix

9.999636e-061 1.000000e+000 0.000000e+000 0.000000e+000 0.000000e+000 
0.000000e+000 9.999636e-031 1.000000e+000 0.000000e+000 0.000000e+000 
0.000000e+000 0.000000e+000 9.999636e-031 1.000000e+000 0.000000e+000 
0.000000e+000 0.000000e+000 0.000000e+000 4.999909e-001 5.000091e-001 
0.000000e+000 0.000000e+000 0.000000e+000 0.000000e+000 1.000000e+000 

B Martrix

1.000000e-030 1.000000e-030 1.000000e-030 1.000000e-030 1.000000e-030 1.000000e-030 1.000000e+000 1.000000e-030 1.000000e-030 1.000000e-030 1.000000e-030 1.000000e-030 1.000000e-030 1.000000e-030 1.000000e-030 1.000000e-030 1.000000e-030 1.000000e-030 1.000000e-030 1.000000e-030 1.000000e-030 1.000000e-030 1.000000e-030 1.000000e-030 1.000000e-030 1.000000e-030 1.000000e-030 1.000000e-030 1.000000e-030 1.000000e-030 1.000000e-030 1.000000e-030 
1.000000e-030 1.000000e-030 1.000000e-030 1.000000e-030 1.000000e+000 1.000000e-030 1.000000e-030 1.000000e-030 1.000000e-030 1.000000e-030 1.000000e-030 1.000000e-030 1.000000e-030 1.000000e-030 1.000000e-030 1.000000e-030 1.000000e-030 1.000000e-030 1.000000e-030 1.000000e-030 1.000000e-030 1.000000e-030 1.000000e-030 1.000000e-030 1.000000e-030 1.000000e-030 1.000000e-030 1.000000e-030 1.000000e-030 1.000000e-030 1.000000e-030 1.000000e-030 
1.000000e-030 1.000000e-030 1.000000e-030 1.000000e-030 1.000000e+000 1.000000e-030 1.000000e-030 1.000000e-030 1.000000e-030 1.000000e-030 1.000000e-030 1.000000e-030 1.000000e-030 1.000000e-030 1.000000e-030 1.000000e-030 1.000000e-030 1.000000e-030 1.000000e-030 1.000000e-030 1.000000e-030 1.000000e-030 1.000000e-030 1.000000e-030 1.000000e-030 1.000000e-030 1.000000e-030 1.000000e-030 1.000000e-030 1.000000e-030 1.000000e-030 1.000000e-030 
1.000000e-030 1.000000e-030 1.000000e-030 1.000000e-030 1.000000e-030 1.000000e-030 1.000000e-030 1.000000e-030 1.000000e-030 1.000000e-030 1.000000e-030 1.000000e-030 1.000000e+000 1.000000e-030 1.000000e-030 1.000000e-030 1.000000e-030 1.000000e-030 1.000000e-030 1.000000e-030 1.000000e-030 1.000000e-030 1.000000e-030 1.000000e-030 1.000000e-030 1.000000e-030 1.000000e-030 1.000000e-030 1.000000e-030 1.000000e-030 1.000000e-030 1.000000e-030 
1.000000e-030 1.000000e-030 1.428571e-002 4.285712e-002 1.428571e-002 1.000000e-030 1.428571e-002 1.000000e-030 1.000000e-030 9.999995e-002 1.000000e-030 2.428570e-001 1.000000e-030 2.857141e-002 1.000000e-030 1.000000e-030 1.000000e-030 1.000000e-030 1.000000e-030 1.000000e-030 1.000000e-030 1.000000e-030 1.428571e-002 1.000000e-030 1.000000e-030 7.142853e-002 1.000000e-030 4.571431e-001 1.000000e-030 1.000000e-030 1.000000e-030 1.000000e-030 
Iteraion 3
-----------------

P(O|lamda) = 5.854209e-050

1.000000e+000 0.000000e+000 0.000000e+000 0.000000e+000 0.000000e+000 
9.999636e-091 1.000000e+000 0.000000e+000 0.000000e+000 0.000000e+000 
9.999273e-181 9.999636e-031 1.000000e+000 0.000000e+000 0.000000e+000 
9.998909e-271 9.999273e-091 1.999927e-060 1.000000e+000 0.000000e+000 
0.000000e+000 9.998909e-151 2.999782e-120 4.999909e-001 5.000091e-031 
0.000000e+000 9.998546e-181 3.999564e-150 2.499909e-031 3.571427e-003 
0.000000e+000 9.998182e-241 4.999273e-210 1.249932e-061 5.102036e-005 
0.000000e+000 9.997818e-301 5.998909e-270 6.249545e-092 7.288618e-007 
0.000000e+000 0.000000e+000 0.000000e+000 3.124716e-122 7.288615e-008 
0.000000e+000 0.000000e+000 0.000000e+000 1.562330e-152 7.288611e-009 
0.000000e+000 0.000000e+000 0.000000e+000 7.811506e-183 7.288607e-010 
0.000000e+000 0.000000e+000 0.000000e+000 3.905682e-213 2.082458e-011 
0.000000e+000 0.000000e+000 0.000000e+000 1.952805e-243 5.949877e-013 
0.000000e+000 0.000000e+000 0.000000e+000 9.763850e-274 8.499820e-015 
0.000000e+000 0.000000e+000 0.000000e+000 4.881836e-304 8.499816e-016 
0.000000e+000 0.000000e+000 0.000000e+000 0.000000e+000 8.499811e-017 
0.000000e+000 0.000000e+000 0.000000e+000 0.000000e+000 6.071291e-018 
0.000000e+000 0.000000e+000 0.000000e+000 0.000000e+000 4.336634e-019 
0.000000e+000 0.000000e+000 0.000000e+000 0.000000e+000 3.097594e-020 
0.000000e+000 0.000000e+000 0.000000e+000 0.000000e+000 2.212566e-021 
0.000000e+000 0.000000e+000 0.000000e+000 0.000000e+000 1.580403e-022 
0.000000e+000 0.000000e+000 0.000000e+000 0.000000e+000 3.838121e-023 
0.000000e+000 0.000000e+000 0.000000e+000 0.000000e+000 3.838119e-024 
0.000000e+000 0.000000e+000 0.000000e+000 0.000000e+000 3.838117e-025 
0.000000e+000 0.000000e+000 0.000000e+000 0.000000e+000 1.644906e-026 
0.000000e+000 0.000000e+000 0.000000e+000 0.000000e+000 7.519576e-027 
0.000000e+000 0.000000e+000 0.000000e+000 0.000000e+000 1.826182e-027 
0.000000e+000 0.000000e+000 0.000000e+000 0.000000e+000 4.435011e-028 
0.000000e+000 0.000000e+000 0.000000e+000 0.000000e+000 2.027435e-028 
0.000000e+000 0.000000e+000 0.000000e+000 0.000000e+000 9.268279e-029 
0.000000e+000 0.000000e+000 0.000000e+000 0.000000e+000 3.972117e-030 
0.000000e+000 0.000000e+000 0.000000e+000 0.000000e+000 1.702335e-031 
0.000000e+000 0.000000e+000 0.000000e+000 0.000000e+000 4.134240e-032 
0.000000e+000 0.000000e+000 0.000000e+000 0.000000e+000 1.889940e-032 
0.000000e+000 0.000000e+000 0.000000e+000 0.000000e+000 8.639729e-033 
0.000000e+000 0.000000e+000 0.000000e+000 0.000000e+000 3.949593e-033 
0.000000e+000 0.000000e+000 0.000000e+000 0.000000e+000 1.805529e-033 
0.000000e+000 0.000000e+000 0.000000e+000 0.000000e+000 8.253854e-034 
0.000000e+000 0.000000e+000 0.000000e+000 0.000000e+000 3.773193e-034 
0.000000e+000 0.000000e+000 0.000000e+000 0.000000e+000 9.163463e-035 
0.000000e+000 0.000000e+000 0.000000e+000 0.000000e+000 2.225411e-035 
0.000000e+000 0.000000e+000 0.000000e+000 0.000000e+000 1.017331e-035 
0.000000e+000 0.000000e+000 0.000000e+000 0.000000e+000 4.650661e-036 
0.000000e+000 0.000000e+000 0.000000e+000 0.000000e+000 2.126018e-036 
0.000000e+000 0.000000e+000 0.000000e+000 0.000000e+000 9.718945e-037 
0.000000e+000 0.000000e+000 0.000000e+000 0.000000e+000 4.442949e-037 
0.000000e+000 0.000000e+000 0.000000e+000 0.000000e+000 1.079001e-037 
0.000000e+000 0.000000e+000 0.000000e+000 0.000000e+000 2.620430e-038 
0.000000e+000 0.000000e+000 0.000000e+000 0.000000e+000 1.197912e-038 
0.000000e+000 0.000000e+000 0.000000e+000 0.000000e+000 5.476171e-039 
0.000000e+000 0.000000e+000 0.000000e+000 0.000000e+000 1.329927e-039 
0.000000e+000 0.000000e+000 0.000000e+000 0.000000e+000 3.229820e-040 
0.000000e+000 0.000000e+000 0.000000e+000 0.000000e+000 7.843845e-041 
0.000000e+000 0.000000e+000 0.000000e+000 0.000000e+000 3.585760e-041 
0.000000e+000 0.000000e+000 0.000000e+000 0.000000e+000 1.639206e-041 
0.000000e+000 0.000000e+000 0.000000e+000 0.000000e+000 3.980926e-042 
0.000000e+000 0.000000e+000 0.000000e+000 0.000000e+000 9.667957e-043 
0.000000e+000 0.000000e+000 0.000000e+000 0.000000e+000 2.347931e-043 
0.000000e+000 0.000000e+000 0.000000e+000 0.000000e+000 1.073341e-043 
0.000000e+000 0.000000e+000 0.000000e+000 0.000000e+000 4.906703e-044 
0.000000e+000 0.000000e+000 0.000000e+000 0.000000e+000 2.243066e-044 
0.000000e+000 0.000000e+000 0.000000e+000 0.000000e+000 5.447442e-045 
0.000000e+000 0.000000e+000 0.000000e+000 0.000000e+000 1.322950e-045 
0.000000e+000 0.000000e+000 0.000000e+000 0.000000e+000 6.047773e-046 
0.000000e+000 0.000000e+000 0.000000e+000 0.000000e+000 2.764698e-046 
0.000000e+000 0.000000e+000 0.000000e+000 0.000000e+000 6.714263e-047 
0.000000e+000 0.000000e+000 0.000000e+000 0.000000e+000 3.069379e-047 
0.000000e+000 0.000000e+000 0.000000e+000 0.000000e+000 1.403146e-047 
0.000000e+000 0.000000e+000 0.000000e+000 0.000000e+000 6.414385e-048 
0.000000e+000 0.000000e+000 0.000000e+000 0.000000e+000 2.932292e-048 
0.000000e+000 0.000000e+000 0.000000e+000 0.000000e+000 1.340477e-048 
0.000000e+000 0.000000e+000 0.000000e+000 0.000000e+000 6.127899e-049 
0.000000e+000 0.000000e+000 0.000000e+000 0.000000e+000 2.801327e-049 
0.000000e+000 0.000000e+000 0.000000e+000 0.000000e+000 1.280607e-049 
0.000000e+000 0.000000e+000 0.000000e+000 0.000000e+000 5.854209e-050 


5.854209e-050 1.463504e-079 1.024423e-109 7.341257e-111 4.778941e-113 
1.170863e-079 5.854209e-050 8.781048e-080 1.463499e-080 3.345261e-111 
8.196046e-138 1.170863e-079 5.854209e-050 2.927051e-050 2.341684e-109 
5.737235e-106 8.196046e-108 1.170863e-049 5.854209e-050 2.341684e-079 
4.016067e-104 5.737235e-076 8.196046e-078 1.170863e-049 2.341684e-049 
4.016069e-133 4.016067e-104 5.737235e-076 8.196046e-048 1.639179e-047 
4.016071e-132 4.016069e-103 4.016067e-074 5.737235e-046 1.147426e-045 
4.016073e-131 4.016071e-102 4.016069e-073 4.016067e-044 8.031987e-044 
1.405626e-129 4.016073e-101 4.016071e-072 4.016069e-043 8.031992e-043 
4.919695e-128 1.405626e-099 4.016073e-071 4.016071e-042 8.031996e-042 
3.443788e-126 4.919695e-098 1.405626e-069 4.016073e-041 8.032000e-041 
3.443790e-125 3.443788e-096 4.919695e-068 1.405626e-039 2.811201e-039 
3.443792e-124 3.443790e-095 3.443788e-066 4.919695e-038 9.839210e-038 
4.821311e-123 3.443792e-094 3.443790e-065 3.443788e-036 6.887451e-036 
6.749838e-122 4.821311e-093 3.443792e-064 3.443790e-035 6.887454e-035 
9.449779e-121 6.749838e-092 4.821311e-063 3.443792e-034 6.887458e-034 
1.322970e-119 9.449779e-091 6.749838e-062 4.821311e-033 9.642446e-033 
1.852159e-118 1.322970e-089 9.449779e-061 6.749838e-032 1.349943e-031 
7.626539e-118 1.852159e-088 1.322970e-059 9.449779e-031 1.889921e-030 
7.626543e-117 7.626539e-088 1.852159e-058 1.322970e-029 2.645891e-029 
7.626547e-116 7.626543e-087 7.626539e-058 1.852159e-028 3.704250e-028 
1.779529e-114 7.626547e-086 7.626543e-057 7.626539e-028 1.525280e-027 
3.892716e-114 1.779529e-084 7.626547e-056 7.626543e-027 1.525281e-026 
1.602884e-113 3.892716e-084 1.779529e-054 7.626547e-026 1.525282e-025 
6.600114e-113 1.602884e-083 3.892716e-054 1.779529e-024 3.558992e-024 
1.443774e-112 6.600114e-083 1.602884e-053 3.892716e-024 7.785291e-024 
3.158254e-112 1.443774e-082 6.600114e-053 1.602884e-023 3.205710e-023 
7.369263e-111 3.158254e-082 1.443774e-052 6.600114e-023 1.319999e-022 
1.719496e-109 7.369263e-081 3.158254e-052 1.443774e-022 2.887496e-022 
7.080280e-109 1.719496e-079 7.369263e-051 3.158254e-022 6.316393e-022 
1.548810e-108 7.080280e-079 1.719496e-049 7.369263e-021 1.473826e-020 
3.388020e-108 1.548810e-078 7.080280e-049 1.719496e-019 3.438929e-019 
7.411290e-108 3.388020e-078 1.548810e-048 7.080280e-019 1.416030e-018 
1.621219e-107 7.411290e-078 3.388020e-048 1.548810e-018 3.097564e-018 
3.546414e-107 1.621219e-077 7.411290e-048 3.388020e-018 6.775917e-018 
7.757775e-107 3.546414e-077 1.621219e-047 7.411290e-018 1.482231e-017 
3.194380e-106 7.757775e-077 3.546414e-047 1.621219e-017 3.242378e-017 
1.315333e-105 3.194380e-076 7.757775e-047 3.546414e-017 7.092698e-017 
2.877290e-105 1.315333e-075 3.194380e-046 7.757775e-017 1.551527e-016 
6.294068e-105 2.877290e-075 1.315333e-045 3.194380e-016 6.388643e-016 
1.376827e-104 6.294068e-075 2.877290e-045 1.315333e-015 2.630619e-015 
3.011806e-104 1.376827e-074 6.294068e-045 2.877290e-015 5.754476e-015 
6.588322e-104 3.011806e-074 1.376827e-044 6.294068e-015 1.258791e-014 
2.712840e-103 6.588322e-074 3.011806e-044 1.376827e-014 2.753603e-014 
1.117052e-102 2.712840e-073 6.588322e-044 3.011806e-014 6.023503e-014 
2.443550e-102 1.117052e-072 2.712840e-043 6.588322e-014 1.317640e-013 
5.345263e-102 2.443550e-072 1.117052e-042 2.712840e-013 5.425581e-013 
2.200992e-101 5.345263e-072 2.443550e-042 1.117052e-012 2.234064e-012 
9.062913e-101 2.200992e-071 5.345263e-042 2.443550e-012 4.887012e-012 
3.731789e-100 9.062913e-071 2.200992e-041 5.345263e-012 1.069033e-011 
8.163284e-100 3.731789e-070 9.062913e-041 2.200992e-011 4.401904e-011 
1.785717e-099 8.163284e-070 3.731789e-040 9.062913e-011 1.812550e-010 
7.352958e-099 1.785717e-069 8.163284e-040 3.731789e-010 7.463443e-010 
3.027690e-098 7.352958e-069 1.785717e-039 8.163284e-010 1.632627e-009 
1.246697e-097 3.027690e-068 7.352958e-039 1.785717e-009 3.571370e-009 
2.727147e-097 1.246697e-067 3.027690e-038 7.352958e-009 1.470565e-008 
5.965630e-097 2.727147e-067 1.246697e-037 3.027690e-008 6.055270e-008 
1.304981e-096 5.965630e-067 2.727147e-037 1.246697e-007 2.493348e-007 
5.373453e-096 1.304981e-066 5.965630e-037 2.727147e-007 5.454195e-007 
2.212600e-095 5.373453e-066 1.304981e-036 5.965630e-007 1.193104e-006 
4.840059e-095 2.212600e-065 5.373453e-036 1.304981e-006 2.609914e-006 
1.058762e-094 4.840059e-065 2.212600e-035 5.373453e-006 1.074671e-005 
4.359611e-094 1.058762e-064 4.840059e-035 2.212600e-005 4.425119e-005 
9.536644e-094 4.359611e-064 1.058762e-034 4.840059e-005 9.679941e-005 
2.086139e-093 9.536644e-064 4.359611e-034 1.058762e-004 2.117486e-004 
4.563427e-093 2.086139e-063 9.536644e-034 4.359611e-004 8.719064e-004 
9.982491e-093 4.563427e-063 2.086139e-033 9.536644e-004 1.907294e-003 
2.183669e-092 9.982491e-063 4.563427e-033 2.086139e-003 4.172203e-003 
4.776772e-092 2.183669e-062 9.982491e-033 4.563427e-003 9.126689e-003 
1.044918e-091 4.776772e-062 2.183669e-032 9.982491e-003 1.996462e-002 
2.285757e-091 1.044918e-061 4.776772e-032 2.183669e-002 4.367258e-002 
1.000000e-090 2.285757e-061 1.044918e-031 4.776772e-002 9.553370e-002 
1.000000e-060 1.000000e-060 2.285757e-031 1.044918e-001 2.089798e-001 
1.000000e-030 1.000000e-030 1.000000e-030 2.285757e-001 4.571431e-001 
1.000000e+000 1.000000e+000 1.000000e+000 1.000000e+000 1.000000e+000 


1.000000e+000 0.000000e+000 0.000000e+000 0.000000e+000 0.000000e+000 
1.999964e-120 1.000000e+000 0.000000e+000 0.000000e+000 0.000000e+000 
1.399924e-268 1.999964e-060 1.000000e+000 0.000000e+000 0.000000e+000 
0.000000e+000 1.399924e-148 3.999927e-060 1.000000e+000 0.000000e+000 
0.000000e+000 9.799119e-177 4.199773e-148 1.000000e+000 2.000036e-030 
0.000000e+000 6.859138e-235 3.919648e-176 3.499938e-029 1.000000e+000 
0.000000e+000 6.858892e-294 3.429569e-234 1.224957e-057 1.000000e+000 
0.000000e+000 0.000000e+000 4.115335e-293 4.287273e-086 1.000000e+000 
0.000000e+000 0.000000e+000 0.000000e+000 2.143599e-115 1.000000e+000 
0.000000e+000 0.000000e+000 0.000000e+000 1.071780e-144 1.000000e+000 
0.000000e+000 0.000000e+000 0.000000e+000 5.358807e-174 1.000000e+000 
0.000000e+000 0.000000e+000 0.000000e+000 9.377747e-203 1.000000e+000 
0.000000e+000 0.000000e+000 0.000000e+000 1.641077e-231 1.000000e+000 
0.000000e+000 0.000000e+000 0.000000e+000 5.743667e-260 1.000000e+000 
0.000000e+000 0.000000e+000 0.000000e+000 2.871783e-289 1.000000e+000 
0.000000e+000 0.000000e+000 0.000000e+000 0.000000e+000 1.000000e+000 
0.000000e+000 0.000000e+000 0.000000e+000 0.000000e+000 1.000000e+000 
0.000000e+000 0.000000e+000 0.000000e+000 0.000000e+000 1.000000e+000 
0.000000e+000 0.000000e+000 0.000000e+000 0.000000e+000 1.000000e+000 
0.000000e+000 0.000000e+000 0.000000e+000 0.000000e+000 1.000000e+000 
0.000000e+000 0.000000e+000 0.000000e+000 0.000000e+000 1.000000e+000 
0.000000e+000 0.000000e+000 0.000000e+000 0.000000e+000 1.000000e+000 
0.000000e+000 0.000000e+000 0.000000e+000 0.000000e+000 1.000000e+000 
0.000000e+000 0.000000e+000 0.000000e+000 0.000000e+000 1.000000e+000 
0.000000e+000 0.000000e+000 0.000000e+000 0.000000e+000 1.000000e+000 
0.000000e+000 0.000000e+000 0.000000e+000 0.000000e+000 1.000000e+000 
0.000000e+000 0.000000e+000 0.000000e+000 0.000000e+000 1.000000e+000 
0.000000e+000 0.000000e+000 0.000000e+000 0.000000e+000 1.000000e+000 
0.000000e+000 0.000000e+000 0.000000e+000 0.000000e+000 1.000000e+000 
0.000000e+000 0.000000e+000 0.000000e+000 0.000000e+000 1.000000e+000 
0.000000e+000 0.000000e+000 0.000000e+000 0.000000e+000 1.000000e+000 
0.000000e+000 0.000000e+000 0.000000e+000 0.000000e+000 1.000000e+000 
0.000000e+000 0.000000e+000 0.000000e+000 0.000000e+000 1.000000e+000 
0.000000e+000 0.000000e+000 0.000000e+000 0.000000e+000 1.000000e+000 
0.000000e+000 0.000000e+000 0.000000e+000 0.000000e+000 1.000000e+000 
0.000000e+000 0.000000e+000 0.000000e+000 0.000000e+000 1.000000e+000 
0.000000e+000 0.000000e+000 0.000000e+000 0.000000e+000 1.000000e+000 
0.000000e+000 0.000000e+000 0.000000e+000 0.000000e+000 1.000000e+000 
0.000000e+000 0.000000e+000 0.000000e+000 0.000000e+000 1.000000e+000 
0.000000e+000 0.000000e+000 0.000000e+000 0.000000e+000 1.000000e+000 
0.000000e+000 0.000000e+000 0.000000e+000 0.000000e+000 1.000000e+000 
0.000000e+000 0.000000e+000 0.000000e+000 0.000000e+000 1.000000e+000 
0.000000e+000 0.000000e+000 0.000000e+000 0.000000e+000 1.000000e+000 
0.000000e+000 0.000000e+000 0.000000e+000 0.000000e+000 1.000000e+000 
0.000000e+000 0.000000e+000 0.000000e+000 0.000000e+000 1.000000e+000 
0.000000e+000 0.000000e+000 0.000000e+000 0.000000e+000 1.000000e+000 
0.000000e+000 0.000000e+000 0.000000e+000 0.000000e+000 1.000000e+000 
0.000000e+000 0.000000e+000 0.000000e+000 0.000000e+000 1.000000e+000 
0.000000e+000 0.000000e+000 0.000000e+000 0.000000e+000 1.000000e+000 
0.000000e+000 0.000000e+000 0.000000e+000 0.000000e+000 1.000000e+000 
0.000000e+000 0.000000e+000 0.000000e+000 0.000000e+000 1.000000e+000 
0.000000e+000 0.000000e+000 0.000000e+000 0.000000e+000 1.000000e+000 
0.000000e+000 0.000000e+000 0.000000e+000 0.000000e+000 1.000000e+000 
0.000000e+000 0.000000e+000 0.000000e+000 0.000000e+000 1.000000e+000 
0.000000e+000 0.000000e+000 0.000000e+000 0.000000e+000 1.000000e+000 
0.000000e+000 0.000000e+000 0.000000e+000 0.000000e+000 1.000000e+000 
0.000000e+000 0.000000e+000 0.000000e+000 0.000000e+000 1.000000e+000 
0.000000e+000 0.000000e+000 0.000000e+000 0.000000e+000 1.000000e+000 
0.000000e+000 0.000000e+000 0.000000e+000 0.000000e+000 1.000000e+000 
0.000000e+000 0.000000e+000 0.000000e+000 0.000000e+000 1.000000e+000 
0.000000e+000 0.000000e+000 0.000000e+000 0.000000e+000 1.000000e+000 
0.000000e+000 0.000000e+000 0.000000e+000 0.000000e+000 1.000000e+000 
0.000000e+000 0.000000e+000 0.000000e+000 0.000000e+000 1.000000e+000 
0.000000e+000 0.000000e+000 0.000000e+000 0.000000e+000 1.000000e+000 
0.000000e+000 0.000000e+000 0.000000e+000 0.000000e+000 1.000000e+000 
0.000000e+000 0.000000e+000 0.000000e+000 0.000000e+000 1.000000e+000 
0.000000e+000 0.000000e+000 0.000000e+000 0.000000e+000 1.000000e+000 
0.000000e+000 0.000000e+000 0.000000e+000 0.000000e+000 1.000000e+000 
0.000000e+000 0.000000e+000 0.000000e+000 0.000000e+000 1.000000e+000 
0.000000e+000 0.000000e+000 0.000000e+000 0.000000e+000 1.000000e+000 
0.000000e+000 0.000000e+000 0.000000e+000 0.000000e+000 1.000000e+000 
0.000000e+000 0.000000e+000 0.000000e+000 0.000000e+000 1.000000e+000 
0.000000e+000 0.000000e+000 0.000000e+000 0.000000e+000 1.000000e+000 
0.000000e+000 0.000000e+000 0.000000e+000 0.000000e+000 1.000000e+000 
0.000000e+000 0.000000e+000 0.000000e+000 0.000000e+000 1.000000e+000 



Q star

------------
1  2  3  4  4  5  5  5  5  5  5  5  5  5  5  5  5  5  5  5  5  5  5  5  5  5  5  5  5  5  5  5  5  5  5  5  5  5  5  5  5  5  5  5  5  5  5  5  5  5  5  5  5  5  5  5  5  5  5  5  5  5  5  5  5  5  5  5  5  5  5  5  5  5  5  
------------

P star

-----------
5.854209e-050

A Martrix

1.999964e-120 1.000000e+000 0.000000e+000 0.000000e+000 0.000000e+000 
0.000000e+000 1.999964e-060 1.000000e+000 0.000000e+000 0.000000e+000 
0.000000e+000 0.000000e+000 1.999964e-060 1.000000e+000 0.000000e+000 
0.000000e+000 0.000000e+000 0.000000e+000 5.000000e-001 5.000000e-001 
0.000000e+000 0.000000e+000 0.000000e+000 0.000000e+000 1.000000e+000 

B Martrix

1.000000e-030 1.000000e-030 1.000000e-030 1.000000e-030 1.000000e-030 1.000000e-030 1.000000e+000 1.000000e-030 1.000000e-030 1.000000e-030 1.000000e-030 1.000000e-030 1.000000e-030 1.000000e-030 1.000000e-030 1.000000e-030 1.000000e-030 1.000000e-030 1.000000e-030 1.000000e-030 1.000000e-030 1.000000e-030 1.000000e-030 1.000000e-030 1.000000e-030 1.000000e-030 1.000000e-030 1.000000e-030 1.000000e-030 1.000000e-030 1.000000e-030 1.000000e-030 
1.000000e-030 1.000000e-030 1.000000e-030 1.000000e-030 1.000000e+000 1.000000e-030 1.000000e-030 1.000000e-030 1.000000e-030 1.000000e-030 1.000000e-030 1.000000e-030 1.000000e-030 1.000000e-030 1.000000e-030 1.000000e-030 1.000000e-030 1.000000e-030 1.000000e-030 1.000000e-030 1.000000e-030 1.000000e-030 1.000000e-030 1.000000e-030 1.000000e-030 1.000000e-030 1.000000e-030 1.000000e-030 1.000000e-030 1.000000e-030 1.000000e-030 1.000000e-030 
1.000000e-030 1.000000e-030 1.000000e-030 1.000000e-030 1.000000e+000 1.000000e-030 1.000000e-030 1.000000e-030 1.000000e-030 1.000000e-030 1.000000e-030 1.000000e-030 1.000000e-030 1.000000e-030 1.000000e-030 1.000000e-030 1.000000e-030 1.000000e-030 1.000000e-030 1.000000e-030 1.000000e-030 1.000000e-030 1.000000e-030 1.000000e-030 1.000000e-030 1.000000e-030 1.000000e-030 1.000000e-030 1.000000e-030 1.000000e-030 1.000000e-030 1.000000e-030 
1.000000e-030 1.000000e-030 1.000000e-030 1.000000e-030 1.000000e-030 1.000000e-030 1.000000e-030 1.000000e-030 1.000000e-030 1.000000e-030 1.000000e-030 1.000000e-030 1.000000e+000 1.000000e-030 1.000000e-030 1.000000e-030 1.000000e-030 1.000000e-030 1.000000e-030 1.000000e-030 1.000000e-030 1.000000e-030 1.000000e-030 1.000000e-030 1.000000e-030 1.000000e-030 1.000000e-030 1.000000e-030 1.000000e-030 1.000000e-030 1.000000e-030 1.000000e-030 
1.000000e-030 1.000000e-030 1.428571e-002 4.285714e-002 1.428571e-002 1.000000e-030 1.428571e-002 1.000000e-030 1.000000e-030 1.000000e-001 1.000000e-030 2.428571e-001 1.000000e-030 2.857143e-002 1.000000e-030 1.000000e-030 1.000000e-030 1.000000e-030 1.000000e-030 1.000000e-030 1.000000e-030 1.000000e-030 1.428571e-002 1.000000e-030 1.000000e-030 7.142857e-002 1.000000e-030 4.571429e-001 1.000000e-030 1.000000e-030 1.000000e-030 1.000000e-030 
Iteraion 4
-----------------

P(O|lamda) = 5.854209e-050

1.000000e+000 0.000000e+000 0.000000e+000 0.000000e+000 0.000000e+000 
1.999964e-150 1.000000e+000 0.000000e+000 0.000000e+000 0.000000e+000 
3.999855e-300 1.999964e-060 1.000000e+000 0.000000e+000 0.000000e+000 
0.000000e+000 3.999855e-150 3.999927e-090 1.000000e+000 0.000000e+000 
0.000000e+000 7.999564e-240 1.199956e-179 5.000000e-001 5.000000e-031 
0.000000e+000 1.599884e-299 3.199825e-239 2.500000e-031 3.571429e-003 
0.000000e+000 0.000000e+000 0.000000e+000 1.250000e-061 5.102041e-005 
0.000000e+000 0.000000e+000 0.000000e+000 6.250000e-092 7.288630e-007 
0.000000e+000 0.000000e+000 0.000000e+000 3.125000e-122 7.288630e-008 
0.000000e+000 0.000000e+000 0.000000e+000 1.562500e-152 7.288630e-009 
0.000000e+000 0.000000e+000 0.000000e+000 7.812500e-183 7.288630e-010 
0.000000e+000 0.000000e+000 0.000000e+000 3.906250e-213 2.082466e-011 
0.000000e+000 0.000000e+000 0.000000e+000 1.953125e-243 5.949902e-013 
0.000000e+000 0.000000e+000 0.000000e+000 9.765625e-274 8.499860e-015 
0.000000e+000 0.000000e+000 0.000000e+000 4.882813e-304 8.499860e-016 
0.000000e+000 0.000000e+000 0.000000e+000 0.000000e+000 8.499860e-017 
0.000000e+000 0.000000e+000 0.000000e+000 0.000000e+000 6.071328e-018 
0.000000e+000 0.000000e+000 0.000000e+000 0.000000e+000 4.336663e-019 
0.000000e+000 0.000000e+000 0.000000e+000 0.000000e+000 3.097617e-020 
0.000000e+000 0.000000e+000 0.000000e+000 0.000000e+000 2.212583e-021 
0.000000e+000 0.000000e+000 0.000000e+000 0.000000e+000 1.580417e-022 
0.000000e+000 0.000000e+000 0.000000e+000 0.000000e+000 3.838155e-023 
0.000000e+000 0.000000e+000 0.000000e+000 0.000000e+000 3.838155e-024 
0.000000e+000 0.000000e+000 0.000000e+000 0.000000e+000 3.838155e-025 
0.000000e+000 0.000000e+000 0.000000e+000 0.000000e+000 1.644923e-026 
0.000000e+000 0.000000e+000 0.000000e+000 0.000000e+000 7.519650e-027 
0.000000e+000 0.000000e+000 0.000000e+000 0.000000e+000 1.826201e-027 
0.000000e+000 0.000000e+000 0.000000e+000 0.000000e+000 4.435059e-028 
0.000000e+000 0.000000e+000 0.000000e+000 0.000000e+000 2.027455e-028 
0.000000e+000 0.000000e+000 0.000000e+000 0.000000e+000 9.268368e-029 
0.000000e+000 0.000000e+000 0.000000e+000 0.000000e+000 3.972158e-030 
0.000000e+000 0.000000e+000 0.000000e+000 0.000000e+000 1.702353e-031 
0.000000e+000 0.000000e+000 0.000000e+000 0.000000e+000 4.134286e-032 
0.000000e+000 0.000000e+000 0.000000e+000 0.000000e+000 1.889960e-032 
0.000000e+000 0.000000e+000 0.000000e+000 0.000000e+000 8.639815e-033 
0.000000e+000 0.000000e+000 0.000000e+000 0.000000e+000 3.949630e-033 
0.000000e+000 0.000000e+000 0.000000e+000 0.000000e+000 1.805545e-033 
0.000000e+000 0.000000e+000 0.000000e+000 0.000000e+000 8.253920e-034 
0.000000e+000 0.000000e+000 0.000000e+000 0.000000e+000 3.773221e-034 
0.000000e+000 0.000000e+000 0.000000e+000 0.000000e+000 9.163536e-035 
0.000000e+000 0.000000e+000 0.000000e+000 0.000000e+000 2.225430e-035 
0.000000e+000 0.000000e+000 0.000000e+000 0.000000e+000 1.017339e-035 
0.000000e+000 0.000000e+000 0.000000e+000 0.000000e+000 4.650695e-036 
0.000000e+000 0.000000e+000 0.000000e+000 0.000000e+000 2.126032e-036 
0.000000e+000 0.000000e+000 0.000000e+000 0.000000e+000 9.719003e-037 
0.000000e+000 0.000000e+000 0.000000e+000 0.000000e+000 4.442973e-037 
0.000000e+000 0.000000e+000 0.000000e+000 0.000000e+000 1.079008e-037 
0.000000e+000 0.000000e+000 0.000000e+000 0.000000e+000 2.620447e-038 
0.000000e+000 0.000000e+000 0.000000e+000 0.000000e+000 1.197919e-038 
0.000000e+000 0.000000e+000 0.000000e+000 0.000000e+000 5.476200e-039 
0.000000e+000 0.000000e+000 0.000000e+000 0.000000e+000 1.329934e-039 
0.000000e+000 0.000000e+000 0.000000e+000 0.000000e+000 3.229840e-040 
0.000000e+000 0.000000e+000 0.000000e+000 0.000000e+000 7.843898e-041 
0.000000e+000 0.000000e+000 0.000000e+000 0.000000e+000 3.585782e-041 
0.000000e+000 0.000000e+000 0.000000e+000 0.000000e+000 1.639215e-041 
0.000000e+000 0.000000e+000 0.000000e+000 0.000000e+000 3.980950e-042 
0.000000e+000 0.000000e+000 0.000000e+000 0.000000e+000 9.668021e-043 
0.000000e+000 0.000000e+000 0.000000e+000 0.000000e+000 2.347948e-043 
0.000000e+000 0.000000e+000 0.000000e+000 0.000000e+000 1.073348e-043 
0.000000e+000 0.000000e+000 0.000000e+000 0.000000e+000 4.906732e-044 
0.000000e+000 0.000000e+000 0.000000e+000 0.000000e+000 2.243077e-044 
0.000000e+000 0.000000e+000 0.000000e+000 0.000000e+000 5.447474e-045 
0.000000e+000 0.000000e+000 0.000000e+000 0.000000e+000 1.322958e-045 
0.000000e+000 0.000000e+000 0.000000e+000 0.000000e+000 6.047808e-046 
0.000000e+000 0.000000e+000 0.000000e+000 0.000000e+000 2.764712e-046 
0.000000e+000 0.000000e+000 0.000000e+000 0.000000e+000 6.714301e-047 
0.000000e+000 0.000000e+000 0.000000e+000 0.000000e+000 3.069395e-047 
0.000000e+000 0.000000e+000 0.000000e+000 0.000000e+000 1.403152e-047 
0.000000e+000 0.000000e+000 0.000000e+000 0.000000e+000 6.414408e-048 
0.000000e+000 0.000000e+000 0.000000e+000 0.000000e+000 2.932301e-048 
0.000000e+000 0.000000e+000 0.000000e+000 0.000000e+000 1.340480e-048 
0.000000e+000 0.000000e+000 0.000000e+000 0.000000e+000 6.127911e-049 
0.000000e+000 0.000000e+000 0.000000e+000 0.000000e+000 2.801331e-049 
0.000000e+000 0.000000e+000 0.000000e+000 0.000000e+000 1.280608e-049 
0.000000e+000 0.000000e+000 0.000000e+000 0.000000e+000 5.854209e-050 


5.854209e-050 2.927105e-080 1.463552e-110 7.341656e-111 4.778946e-113 
1.170842e-079 5.854209e-050 2.927105e-080 1.463552e-080 3.345262e-111 
8.195893e-138 1.170842e-079 5.854209e-050 2.927105e-050 2.341684e-109 
5.737125e-106 8.195893e-108 1.170842e-049 5.854209e-050 2.341684e-079 
4.015987e-104 5.737125e-076 8.195893e-078 1.170842e-049 2.341684e-049 
4.015987e-133 4.015987e-104 5.737125e-076 8.195893e-048 1.639179e-047 
4.015987e-132 4.015987e-103 4.015987e-074 5.737125e-046 1.147425e-045 
4.015987e-131 4.015987e-102 4.015987e-073 4.015987e-044 8.031975e-044 
1.405596e-129 4.015987e-101 4.015987e-072 4.015987e-043 8.031975e-043 
4.919585e-128 1.405596e-099 4.015987e-071 4.015987e-042 8.031975e-042 
3.443709e-126 4.919585e-098 1.405596e-069 4.015987e-041 8.031975e-041 
3.443709e-125 3.443709e-096 4.919585e-068 1.405596e-039 2.811191e-039 
3.443709e-124 3.443709e-095 3.443709e-066 4.919585e-038 9.839169e-038 
4.821193e-123 3.443709e-094 3.443709e-065 3.443709e-036 6.887419e-036 
6.749670e-122 4.821193e-093 3.443709e-064 3.443709e-035 6.887419e-035 
9.449538e-121 6.749670e-092 4.821193e-063 3.443709e-034 6.887419e-034 
1.322935e-119 9.449538e-091 6.749670e-062 4.821193e-033 9.642386e-033 
1.852109e-118 1.322935e-089 9.449538e-061 6.749670e-032 1.349934e-031 
7.626333e-118 1.852109e-088 1.322935e-059 9.449538e-031 1.889908e-030 
7.626333e-117 7.626333e-088 1.852109e-058 1.322935e-029 2.645871e-029 
7.626333e-116 7.626333e-087 7.626333e-058 1.852109e-028 3.704219e-028 
1.779478e-114 7.626333e-086 7.626333e-057 7.626333e-028 1.525267e-027 
3.892608e-114 1.779478e-084 7.626333e-056 7.626333e-027 1.525267e-026 
1.602838e-113 3.892608e-084 1.779478e-054 7.626333e-026 1.525267e-025 
6.599923e-113 1.602838e-083 3.892608e-054 1.779478e-024 3.558955e-024 
1.443733e-112 6.599923e-083 1.602838e-053 3.892608e-024 7.785215e-024 
3.158166e-112 1.443733e-082 6.599923e-053 1.602838e-023 3.205677e-023 
7.369055e-111 3.158166e-082 1.443733e-052 6.599923e-023 1.319985e-022 
1.719446e-109 7.369055e-081 3.158166e-052 1.443733e-022 2.887466e-022 
7.080072e-109 1.719446e-079 7.369055e-051 3.158166e-022 6.316332e-022 
1.548766e-108 7.080072e-079 1.719446e-049 7.369055e-021 1.473811e-020 
3.387925e-108 1.548766e-078 7.080072e-049 1.719446e-019 3.438892e-019 
7.411086e-108 3.387925e-078 1.548766e-048 7.080072e-019 1.416014e-018 
1.621175e-107 7.411086e-078 3.387925e-048 1.548766e-018 3.097531e-018 
3.546320e-107 1.621175e-077 7.411086e-048 3.387925e-018 6.775850e-018 
7.757576e-107 3.546320e-077 1.621175e-047 7.411086e-018 1.482217e-017 
3.194296e-106 7.757576e-077 3.546320e-047 1.621175e-017 3.242350e-017 
1.315298e-105 3.194296e-076 7.757576e-047 3.546320e-017 7.092641e-017 
2.877215e-105 1.315298e-075 3.194296e-046 7.757576e-017 1.551515e-016 
6.293908e-105 2.877215e-075 1.315298e-045 3.194296e-016 6.388592e-016 
1.376792e-104 6.293908e-075 2.877215e-045 1.315298e-015 2.630597e-015 
3.011733e-104 1.376792e-074 6.293908e-045 2.877215e-015 5.754430e-015 
6.588167e-104 3.011733e-074 1.376792e-044 6.293908e-015 1.258782e-014 
2.712775e-103 6.588167e-074 3.011733e-044 1.376792e-014 2.753585e-014 
1.117025e-102 2.712775e-073 6.588167e-044 3.011733e-014 6.023467e-014 
2.443492e-102 1.117025e-072 2.712775e-043 6.588167e-014 1.317633e-013 
5.345138e-102 2.443492e-072 1.117025e-042 2.712775e-013 5.425549e-013 
2.200939e-101 5.345138e-072 2.443492e-042 1.117025e-012 2.234050e-012 
9.062691e-101 2.200939e-071 5.345138e-042 2.443492e-012 4.886984e-012 
3.731696e-100 9.062691e-071 2.200939e-041 5.345138e-012 1.069028e-011 
8.163086e-100 3.731696e-070 9.062691e-041 2.200939e-011 4.401879e-011 
1.785675e-099 8.163086e-070 3.731696e-040 9.062691e-011 1.812538e-010 
7.352780e-099 1.785675e-069 8.163086e-040 3.731696e-010 7.463393e-010 
3.027615e-098 7.352780e-069 1.785675e-039 8.163086e-010 1.632617e-009 
1.246665e-097 3.027615e-068 7.352780e-039 1.785675e-009 3.571350e-009 
2.727080e-097 1.246665e-067 3.027615e-038 7.352780e-009 1.470556e-008 
5.965487e-097 2.727080e-067 1.246665e-037 3.027615e-008 6.055230e-008 
1.304950e-096 5.965487e-067 2.727080e-037 1.246665e-007 2.493330e-007 
5.373325e-096 1.304950e-066 5.965487e-037 2.727080e-007 5.454160e-007 
2.212545e-095 5.373325e-066 1.304950e-036 5.965487e-007 1.193097e-006 
4.839943e-095 2.212545e-065 5.373325e-036 1.304950e-006 2.609901e-006 
1.058738e-094 4.839943e-065 2.212545e-035 5.373325e-006 1.074665e-005 
4.359508e-094 1.058738e-064 4.839943e-035 2.212545e-005 4.425091e-005 
9.536423e-094 4.359508e-064 1.058738e-034 4.839943e-005 9.679886e-005 
2.086093e-093 9.536423e-064 4.359508e-034 1.058738e-004 2.117475e-004 
4.563327e-093 2.086093e-063 9.536423e-034 4.359508e-004 8.719015e-004 
9.982279e-093 4.563327e-063 2.086093e-033 9.536423e-004 1.907285e-003 
2.183623e-092 9.982279e-063 4.563327e-033 2.086093e-003 4.172185e-003 
4.776676e-092 2.183623e-062 9.982279e-033 4.563327e-003 9.126655e-003 
1.044898e-091 4.776676e-062 2.183623e-032 9.982279e-003 1.996456e-002 
2.285714e-091 1.044898e-061 4.776676e-032 2.183623e-002 4.367247e-002 
1.000000e-090 2.285714e-061 1.044898e-031 4.776676e-002 9.553353e-002 
1.000000e-060 1.000000e-060 2.285714e-031 1.044898e-001 2.089796e-001 
1.000000e-030 1.000000e-030 1.000000e-030 2.285714e-001 4.571429e-001 
1.000000e+000 1.000000e+000 1.000000e+000 1.000000e+000 1.000000e+000 


1.000000e+000 0.000000e+000 0.000000e+000 0.000000e+000 0.000000e+000 
3.999927e-180 1.000000e+000 0.000000e+000 0.000000e+000 0.000000e+000 
0.000000e+000 3.999927e-090 1.000000e+000 0.000000e+000 0.000000e+000 
0.000000e+000 5.599796e-208 7.999855e-090 1.000000e+000 0.000000e+000 
0.000000e+000 7.839572e-266 1.679939e-207 1.000000e+000 2.000000e-030 
0.000000e+000 0.000000e+000 3.135829e-265 3.500000e-029 1.000000e+000 
0.000000e+000 0.000000e+000 0.000000e+000 1.225000e-057 1.000000e+000 
0.000000e+000 0.000000e+000 0.000000e+000 4.287500e-086 1.000000e+000 
0.000000e+000 0.000000e+000 0.000000e+000 2.143750e-115 1.000000e+000 
0.000000e+000 0.000000e+000 0.000000e+000 1.071875e-144 1.000000e+000 
0.000000e+000 0.000000e+000 0.000000e+000 5.359375e-174 1.000000e+000 
0.000000e+000 0.000000e+000 0.000000e+000 9.378906e-203 1.000000e+000 
0.000000e+000 0.000000e+000 0.000000e+000 1.641309e-231 1.000000e+000 
0.000000e+000 0.000000e+000 0.000000e+000 5.744580e-260 1.000000e+000 
0.000000e+000 0.000000e+000 0.000000e+000 2.872290e-289 1.000000e+000 
0.000000e+000 0.000000e+000 0.000000e+000 0.000000e+000 1.000000e+000 
0.000000e+000 0.000000e+000 0.000000e+000 0.000000e+000 1.000000e+000 
0.000000e+000 0.000000e+000 0.000000e+000 0.000000e+000 1.000000e+000 
0.000000e+000 0.000000e+000 0.000000e+000 0.000000e+000 1.000000e+000 
0.000000e+000 0.000000e+000 0.000000e+000 0.000000e+000 1.000000e+000 
0.000000e+000 0.000000e+000 0.000000e+000 0.000000e+000 1.000000e+000 
0.000000e+000 0.000000e+000 0.000000e+000 0.000000e+000 1.000000e+000 
0.000000e+000 0.000000e+000 0.000000e+000 0.000000e+000 1.000000e+000 
0.000000e+000 0.000000e+000 0.000000e+000 0.000000e+000 1.000000e+000 
0.000000e+000 0.000000e+000 0.000000e+000 0.000000e+000 1.000000e+000 
0.000000e+000 0.000000e+000 0.000000e+000 0.000000e+000 1.000000e+000 
0.000000e+000 0.000000e+000 0.000000e+000 0.000000e+000 1.000000e+000 
0.000000e+000 0.000000e+000 0.000000e+000 0.000000e+000 1.000000e+000 
0.000000e+000 0.000000e+000 0.000000e+000 0.000000e+000 1.000000e+000 
0.000000e+000 0.000000e+000 0.000000e+000 0.000000e+000 1.000000e+000 
0.000000e+000 0.000000e+000 0.000000e+000 0.000000e+000 1.000000e+000 
0.000000e+000 0.000000e+000 0.000000e+000 0.000000e+000 1.000000e+000 
0.000000e+000 0.000000e+000 0.000000e+000 0.000000e+000 1.000000e+000 
0.000000e+000 0.000000e+000 0.000000e+000 0.000000e+000 1.000000e+000 
0.000000e+000 0.000000e+000 0.000000e+000 0.000000e+000 1.000000e+000 
0.000000e+000 0.000000e+000 0.000000e+000 0.000000e+000 1.000000e+000 
0.000000e+000 0.000000e+000 0.000000e+000 0.000000e+000 1.000000e+000 
0.000000e+000 0.000000e+000 0.000000e+000 0.000000e+000 1.000000e+000 
0.000000e+000 0.000000e+000 0.000000e+000 0.000000e+000 1.000000e+000 
0.000000e+000 0.000000e+000 0.000000e+000 0.000000e+000 1.000000e+000 
0.000000e+000 0.000000e+000 0.000000e+000 0.000000e+000 1.000000e+000 
0.000000e+000 0.000000e+000 0.000000e+000 0.000000e+000 1.000000e+000 
0.000000e+000 0.000000e+000 0.000000e+000 0.000000e+000 1.000000e+000 
0.000000e+000 0.000000e+000 0.000000e+000 0.000000e+000 1.000000e+000 
0.000000e+000 0.000000e+000 0.000000e+000 0.000000e+000 1.000000e+000 
0.000000e+000 0.000000e+000 0.000000e+000 0.000000e+000 1.000000e+000 
0.000000e+000 0.000000e+000 0.000000e+000 0.000000e+000 1.000000e+000 
0.000000e+000 0.000000e+000 0.000000e+000 0.000000e+000 1.000000e+000 
0.000000e+000 0.000000e+000 0.000000e+000 0.000000e+000 1.000000e+000 
0.000000e+000 0.000000e+000 0.000000e+000 0.000000e+000 1.000000e+000 
0.000000e+000 0.000000e+000 0.000000e+000 0.000000e+000 1.000000e+000 
0.000000e+000 0.000000e+000 0.000000e+000 0.000000e+000 1.000000e+000 
0.000000e+000 0.000000e+000 0.000000e+000 0.000000e+000 1.000000e+000 
0.000000e+000 0.000000e+000 0.000000e+000 0.000000e+000 1.000000e+000 
0.000000e+000 0.000000e+000 0.000000e+000 0.000000e+000 1.000000e+000 
0.000000e+000 0.000000e+000 0.000000e+000 0.000000e+000 1.000000e+000 
0.000000e+000 0.000000e+000 0.000000e+000 0.000000e+000 1.000000e+000 
0.000000e+000 0.000000e+000 0.000000e+000 0.000000e+000 1.000000e+000 
0.000000e+000 0.000000e+000 0.000000e+000 0.000000e+000 1.000000e+000 
0.000000e+000 0.000000e+000 0.000000e+000 0.000000e+000 1.000000e+000 
0.000000e+000 0.000000e+000 0.000000e+000 0.000000e+000 1.000000e+000 
0.000000e+000 0.000000e+000 0.000000e+000 0.000000e+000 1.000000e+000 
0.000000e+000 0.000000e+000 0.000000e+000 0.000000e+000 1.000000e+000 
0.000000e+000 0.000000e+000 0.000000e+000 0.000000e+000 1.000000e+000 
0.000000e+000 0.000000e+000 0.000000e+000 0.000000e+000 1.000000e+000 
0.000000e+000 0.000000e+000 0.000000e+000 0.000000e+000 1.000000e+000 
0.000000e+000 0.000000e+000 0.000000e+000 0.000000e+000 1.000000e+000 
0.000000e+000 0.000000e+000 0.000000e+000 0.000000e+000 1.000000e+000 
0.000000e+000 0.000000e+000 0.000000e+000 0.000000e+000 1.000000e+000 
0.000000e+000 0.000000e+000 0.000000e+000 0.000000e+000 1.000000e+000 
0.000000e+000 0.000000e+000 0.000000e+000 0.000000e+000 1.000000e+000 
0.000000e+000 0.000000e+000 0.000000e+000 0.000000e+000 1.000000e+000 
0.000000e+000 0.000000e+000 0.000000e+000 0.000000e+000 1.000000e+000 
0.000000e+000 0.000000e+000 0.000000e+000 0.000000e+000 1.000000e+000 
0.000000e+000 0.000000e+000 0.000000e+000 0.000000e+000 1.000000e+000 



Q star

------------
1  2  3  4  4  5  5  5  5  5  5  5  5  5  5  5  5  5  5  5  5  5  5  5  5  5  5  5  5  5  5  5  5  5  5  5  5  5  5  5  5  5  5  5  5  5  5  5  5  5  5  5  5  5  5  5  5  5  5  5  5  5  5  5  5  5  5  5  5  5  5  5  5  5  5  
------------

P star

-----------
5.854209e-050

A Martrix

3.999927e-180 1.000000e+000 0.000000e+000 0.000000e+000 0.000000e+000 
0.000000e+000 3.999927e-090 1.000000e+000 0.000000e+000 0.000000e+000 
0.000000e+000 0.000000e+000 3.999927e-090 1.000000e+000 0.000000e+000 
0.000000e+000 0.000000e+000 0.000000e+000 5.000000e-001 5.000000e-001 
0.000000e+000 0.000000e+000 0.000000e+000 0.000000e+000 1.000000e+000 

B Martrix

1.000000e-030 1.000000e-030 1.000000e-030 1.000000e-030 1.000000e-030 1.000000e-030 1.000000e+000 1.000000e-030 1.000000e-030 1.000000e-030 1.000000e-030 1.000000e-030 1.000000e-030 1.000000e-030 1.000000e-030 1.000000e-030 1.000000e-030 1.000000e-030 1.000000e-030 1.000000e-030 1.000000e-030 1.000000e-030 1.000000e-030 1.000000e-030 1.000000e-030 1.000000e-030 1.000000e-030 1.000000e-030 1.000000e-030 1.000000e-030 1.000000e-030 1.000000e-030 
1.000000e-030 1.000000e-030 1.000000e-030 1.000000e-030 1.000000e+000 1.000000e-030 1.000000e-030 1.000000e-030 1.000000e-030 1.000000e-030 1.000000e-030 1.000000e-030 1.000000e-030 1.000000e-030 1.000000e-030 1.000000e-030 1.000000e-030 1.000000e-030 1.000000e-030 1.000000e-030 1.000000e-030 1.000000e-030 1.000000e-030 1.000000e-030 1.000000e-030 1.000000e-030 1.000000e-030 1.000000e-030 1.000000e-030 1.000000e-030 1.000000e-030 1.000000e-030 
1.000000e-030 1.000000e-030 1.000000e-030 1.000000e-030 1.000000e+000 1.000000e-030 1.000000e-030 1.000000e-030 1.000000e-030 1.000000e-030 1.000000e-030 1.000000e-030 1.000000e-030 1.000000e-030 1.000000e-030 1.000000e-030 1.000000e-030 1.000000e-030 1.000000e-030 1.000000e-030 1.000000e-030 1.000000e-030 1.000000e-030 1.000000e-030 1.000000e-030 1.000000e-030 1.000000e-030 1.000000e-030 1.000000e-030 1.000000e-030 1.000000e-030 1.000000e-030 
1.000000e-030 1.000000e-030 1.000000e-030 1.000000e-030 1.000000e-030 1.000000e-030 1.000000e-030 1.000000e-030 1.000000e-030 1.000000e-030 1.000000e-030 1.000000e-030 1.000000e+000 1.000000e-030 1.000000e-030 1.000000e-030 1.000000e-030 1.000000e-030 1.000000e-030 1.000000e-030 1.000000e-030 1.000000e-030 1.000000e-030 1.000000e-030 1.000000e-030 1.000000e-030 1.000000e-030 1.000000e-030 1.000000e-030 1.000000e-030 1.000000e-030 1.000000e-030 
1.000000e-030 1.000000e-030 1.428571e-002 4.285714e-002 1.428571e-002 1.000000e-030 1.428571e-002 1.000000e-030 1.000000e-030 1.000000e-001 1.000000e-030 2.428571e-001 1.000000e-030 2.857143e-002 1.000000e-030 1.000000e-030 1.000000e-030 1.000000e-030 1.000000e-030 1.000000e-030 1.000000e-030 1.000000e-030 1.428571e-002 1.000000e-030 1.000000e-030 7.142857e-002 1.000000e-030 4.571429e-001 1.000000e-030 1.000000e-030 1.000000e-030 1.000000e-030 
Iteraion 5
-----------------

P(O|lamda) = 5.854209e-050

1.000000e+000 0.000000e+000 0.000000e+000 0.000000e+000 0.000000e+000 
3.999927e-210 1.000000e+000 0.000000e+000 0.000000e+000 0.000000e+000 
0.000000e+000 3.999927e-090 1.000000e+000 0.000000e+000 0.000000e+000 
0.000000e+000 1.599942e-209 7.999855e-120 1.000000e+000 0.000000e+000 
0.000000e+000 0.000000e+000 4.799825e-239 5.000000e-001 5.000000e-031 
0.000000e+000 0.000000e+000 0.000000e+000 2.500000e-031 3.571429e-003 
0.000000e+000 0.000000e+000 0.000000e+000 1.250000e-061 5.102041e-005 
0.000000e+000 0.000000e+000 0.000000e+000 6.250000e-092 7.288630e-007 
0.000000e+000 0.000000e+000 0.000000e+000 3.125000e-122 7.288630e-008 
0.000000e+000 0.000000e+000 0.000000e+000 1.562500e-152 7.288630e-009 
0.000000e+000 0.000000e+000 0.000000e+000 7.812500e-183 7.288630e-010 
0.000000e+000 0.000000e+000 0.000000e+000 3.906250e-213 2.082466e-011 
0.000000e+000 0.000000e+000 0.000000e+000 1.953125e-243 5.949902e-013 
0.000000e+000 0.000000e+000 0.000000e+000 9.765625e-274 8.499860e-015 
0.000000e+000 0.000000e+000 0.000000e+000 4.882813e-304 8.499860e-016 
0.000000e+000 0.000000e+000 0.000000e+000 0.000000e+000 8.499860e-017 
0.000000e+000 0.000000e+000 0.000000e+000 0.000000e+000 6.071328e-018 
0.000000e+000 0.000000e+000 0.000000e+000 0.000000e+000 4.336663e-019 
0.000000e+000 0.000000e+000 0.000000e+000 0.000000e+000 3.097617e-020 
0.000000e+000 0.000000e+000 0.000000e+000 0.000000e+000 2.212583e-021 
0.000000e+000 0.000000e+000 0.000000e+000 0.000000e+000 1.580417e-022 
0.000000e+000 0.000000e+000 0.000000e+000 0.000000e+000 3.838155e-023 
0.000000e+000 0.000000e+000 0.000000e+000 0.000000e+000 3.838155e-024 
0.000000e+000 0.000000e+000 0.000000e+000 0.000000e+000 3.838155e-025 
0.000000e+000 0.000000e+000 0.000000e+000 0.000000e+000 1.644923e-026 
0.000000e+000 0.000000e+000 0.000000e+000 0.000000e+000 7.519650e-027 
0.000000e+000 0.000000e+000 0.000000e+000 0.000000e+000 1.826201e-027 
0.000000e+000 0.000000e+000 0.000000e+000 0.000000e+000 4.435059e-028 
0.000000e+000 0.000000e+000 0.000000e+000 0.000000e+000 2.027455e-028 
0.000000e+000 0.000000e+000 0.000000e+000 0.000000e+000 9.268368e-029 
0.000000e+000 0.000000e+000 0.000000e+000 0.000000e+000 3.972158e-030 
0.000000e+000 0.000000e+000 0.000000e+000 0.000000e+000 1.702353e-031 
0.000000e+000 0.000000e+000 0.000000e+000 0.000000e+000 4.134286e-032 
0.000000e+000 0.000000e+000 0.000000e+000 0.000000e+000 1.889960e-032 
0.000000e+000 0.000000e+000 0.000000e+000 0.000000e+000 8.639815e-033 
0.000000e+000 0.000000e+000 0.000000e+000 0.000000e+000 3.949630e-033 
0.000000e+000 0.000000e+000 0.000000e+000 0.000000e+000 1.805545e-033 
0.000000e+000 0.000000e+000 0.000000e+000 0.000000e+000 8.253920e-034 
0.000000e+000 0.000000e+000 0.000000e+000 0.000000e+000 3.773221e-034 
0.000000e+000 0.000000e+000 0.000000e+000 0.000000e+000 9.163536e-035 
0.000000e+000 0.000000e+000 0.000000e+000 0.000000e+000 2.225430e-035 
0.000000e+000 0.000000e+000 0.000000e+000 0.000000e+000 1.017339e-035 
0.000000e+000 0.000000e+000 0.000000e+000 0.000000e+000 4.650695e-036 
0.000000e+000 0.000000e+000 0.000000e+000 0.000000e+000 2.126032e-036 
0.000000e+000 0.000000e+000 0.000000e+000 0.000000e+000 9.719003e-037 
0.000000e+000 0.000000e+000 0.000000e+000 0.000000e+000 4.442973e-037 
0.000000e+000 0.000000e+000 0.000000e+000 0.000000e+000 1.079008e-037 
0.000000e+000 0.000000e+000 0.000000e+000 0.000000e+000 2.620447e-038 
0.000000e+000 0.000000e+000 0.000000e+000 0.000000e+000 1.197919e-038 
0.000000e+000 0.000000e+000 0.000000e+000 0.000000e+000 5.476200e-039 
0.000000e+000 0.000000e+000 0.000000e+000 0.000000e+000 1.329934e-039 
0.000000e+000 0.000000e+000 0.000000e+000 0.000000e+000 3.229840e-040 
0.000000e+000 0.000000e+000 0.000000e+000 0.000000e+000 7.843898e-041 
0.000000e+000 0.000000e+000 0.000000e+000 0.000000e+000 3.585782e-041 
0.000000e+000 0.000000e+000 0.000000e+000 0.000000e+000 1.639215e-041 
0.000000e+000 0.000000e+000 0.000000e+000 0.000000e+000 3.980950e-042 
0.000000e+000 0.000000e+000 0.000000e+000 0.000000e+000 9.668021e-043 
0.000000e+000 0.000000e+000 0.000000e+000 0.000000e+000 2.347948e-043 
0.000000e+000 0.000000e+000 0.000000e+000 0.000000e+000 1.073348e-043 
0.000000e+000 0.000000e+000 0.000000e+000 0.000000e+000 4.906732e-044 
0.000000e+000 0.000000e+000 0.000000e+000 0.000000e+000 2.243077e-044 
0.000000e+000 0.000000e+000 0.000000e+000 0.000000e+000 5.447474e-045 
0.000000e+000 0.000000e+000 0.000000e+000 0.000000e+000 1.322958e-045 
0.000000e+000 0.000000e+000 0.000000e+000 0.000000e+000 6.047808e-046 
0.000000e+000 0.000000e+000 0.000000e+000 0.000000e+000 2.764712e-046 
0.000000e+000 0.000000e+000 0.000000e+000 0.000000e+000 6.714301e-047 
0.000000e+000 0.000000e+000 0.000000e+000 0.000000e+000 3.069395e-047 
0.000000e+000 0.000000e+000 0.000000e+000 0.000000e+000 1.403152e-047 
0.000000e+000 0.000000e+000 0.000000e+000 0.000000e+000 6.414408e-048 
0.000000e+000 0.000000e+000 0.000000e+000 0.000000e+000 2.932301e-048 
0.000000e+000 0.000000e+000 0.000000e+000 0.000000e+000 1.340480e-048 
0.000000e+000 0.000000e+000 0.000000e+000 0.000000e+000 6.127911e-049 
0.000000e+000 0.000000e+000 0.000000e+000 0.000000e+000 2.801331e-049 
0.000000e+000 0.000000e+000 0.000000e+000 0.000000e+000 1.280608e-049 
0.000000e+000 0.000000e+000 0.000000e+000 0.000000e+000 5.854209e-050 


5.854209e-050 2.927105e-080 1.463552e-110 7.341656e-111 4.778946e-113 
1.170842e-079 5.854209e-050 2.927105e-080 1.463552e-080 3.345262e-111 
8.195893e-138 1.170842e-079 5.854209e-050 2.927105e-050 2.341684e-109 
5.737125e-106 8.195893e-108 1.170842e-049 5.854209e-050 2.341684e-079 
4.015987e-104 5.737125e-076 8.195893e-078 1.170842e-049 2.341684e-049 
4.015987e-133 4.015987e-104 5.737125e-076 8.195893e-048 1.639179e-047 
4.015987e-132 4.015987e-103 4.015987e-074 5.737125e-046 1.147425e-045 
4.015987e-131 4.015987e-102 4.015987e-073 4.015987e-044 8.031975e-044 
1.405596e-129 4.015987e-101 4.015987e-072 4.015987e-043 8.031975e-043 
4.919585e-128 1.405596e-099 4.015987e-071 4.015987e-042 8.031975e-042 
3.443709e-126 4.919585e-098 1.405596e-069 4.015987e-041 8.031975e-041 
3.443709e-125 3.443709e-096 4.919585e-068 1.405596e-039 2.811191e-039 
3.443709e-124 3.443709e-095 3.443709e-066 4.919585e-038 9.839169e-038 
4.821193e-123 3.443709e-094 3.443709e-065 3.443709e-036 6.887419e-036 
6.749670e-122 4.821193e-093 3.443709e-064 3.443709e-035 6.887419e-035 
9.449538e-121 6.749670e-092 4.821193e-063 3.443709e-034 6.887419e-034 
1.322935e-119 9.449538e-091 6.749670e-062 4.821193e-033 9.642386e-033 
1.852109e-118 1.322935e-089 9.449538e-061 6.749670e-032 1.349934e-031 
7.626333e-118 1.852109e-088 1.322935e-059 9.449538e-031 1.889908e-030 
7.626333e-117 7.626333e-088 1.852109e-058 1.322935e-029 2.645871e-029 
7.626333e-116 7.626333e-087 7.626333e-058 1.852109e-028 3.704219e-028 
1.779478e-114 7.626333e-086 7.626333e-057 7.626333e-028 1.525267e-027 
3.892608e-114 1.779478e-084 7.626333e-056 7.626333e-027 1.525267e-026 
1.602838e-113 3.892608e-084 1.779478e-054 7.626333e-026 1.525267e-025 
6.599923e-113 1.602838e-083 3.892608e-054 1.779478e-024 3.558955e-024 
1.443733e-112 6.599923e-083 1.602838e-053 3.892608e-024 7.785215e-024 
3.158166e-112 1.443733e-082 6.599923e-053 1.602838e-023 3.205677e-023 
7.369055e-111 3.158166e-082 1.443733e-052 6.599923e-023 1.319985e-022 
1.719446e-109 7.369055e-081 3.158166e-052 1.443733e-022 2.887466e-022 
7.080072e-109 1.719446e-079 7.369055e-051 3.158166e-022 6.316332e-022 
1.548766e-108 7.080072e-079 1.719446e-049 7.369055e-021 1.473811e-020 
3.387925e-108 1.548766e-078 7.080072e-049 1.719446e-019 3.438892e-019 
7.411086e-108 3.387925e-078 1.548766e-048 7.080072e-019 1.416014e-018 
1.621175e-107 7.411086e-078 3.387925e-048 1.548766e-018 3.097531e-018 
3.546320e-107 1.621175e-077 7.411086e-048 3.387925e-018 6.775850e-018 
7.757576e-107 3.546320e-077 1.621175e-047 7.411086e-018 1.482217e-017 
3.194296e-106 7.757576e-077 3.546320e-047 1.621175e-017 3.242350e-017 
1.315298e-105 3.194296e-076 7.757576e-047 3.546320e-017 7.092641e-017 
2.877215e-105 1.315298e-075 3.194296e-046 7.757576e-017 1.551515e-016 
6.293908e-105 2.877215e-075 1.315298e-045 3.194296e-016 6.388592e-016 
1.376792e-104 6.293908e-075 2.877215e-045 1.315298e-015 2.630597e-015 
3.011733e-104 1.376792e-074 6.293908e-045 2.877215e-015 5.754430e-015 
6.588167e-104 3.011733e-074 1.376792e-044 6.293908e-015 1.258782e-014 
2.712775e-103 6.588167e-074 3.011733e-044 1.376792e-014 2.753585e-014 
1.117025e-102 2.712775e-073 6.588167e-044 3.011733e-014 6.023467e-014 
2.443492e-102 1.117025e-072 2.712775e-043 6.588167e-014 1.317633e-013 
5.345138e-102 2.443492e-072 1.117025e-042 2.712775e-013 5.425549e-013 
2.200939e-101 5.345138e-072 2.443492e-042 1.117025e-012 2.234050e-012 
9.062691e-101 2.200939e-071 5.345138e-042 2.443492e-012 4.886984e-012 
3.731696e-100 9.062691e-071 2.200939e-041 5.345138e-012 1.069028e-011 
8.163086e-100 3.731696e-070 9.062691e-041 2.200939e-011 4.401879e-011 
1.785675e-099 8.163086e-070 3.731696e-040 9.062691e-011 1.812538e-010 
7.352780e-099 1.785675e-069 8.163086e-040 3.731696e-010 7.463393e-010 
3.027615e-098 7.352780e-069 1.785675e-039 8.163086e-010 1.632617e-009 
1.246665e-097 3.027615e-068 7.352780e-039 1.785675e-009 3.571350e-009 
2.727080e-097 1.246665e-067 3.027615e-038 7.352780e-009 1.470556e-008 
5.965487e-097 2.727080e-067 1.246665e-037 3.027615e-008 6.055230e-008 
1.304950e-096 5.965487e-067 2.727080e-037 1.246665e-007 2.493330e-007 
5.373325e-096 1.304950e-066 5.965487e-037 2.727080e-007 5.454160e-007 
2.212545e-095 5.373325e-066 1.304950e-036 5.965487e-007 1.193097e-006 
4.839943e-095 2.212545e-065 5.373325e-036 1.304950e-006 2.609901e-006 
1.058738e-094 4.839943e-065 2.212545e-035 5.373325e-006 1.074665e-005 
4.359508e-094 1.058738e-064 4.839943e-035 2.212545e-005 4.425091e-005 
9.536423e-094 4.359508e-064 1.058738e-034 4.839943e-005 9.679886e-005 
2.086093e-093 9.536423e-064 4.359508e-034 1.058738e-004 2.117475e-004 
4.563327e-093 2.086093e-063 9.536423e-034 4.359508e-004 8.719015e-004 
9.982279e-093 4.563327e-063 2.086093e-033 9.536423e-004 1.907285e-003 
2.183623e-092 9.982279e-063 4.563327e-033 2.086093e-003 4.172185e-003 
4.776676e-092 2.183623e-062 9.982279e-033 4.563327e-003 9.126655e-003 
1.044898e-091 4.776676e-062 2.183623e-032 9.982279e-003 1.996456e-002 
2.285714e-091 1.044898e-061 4.776676e-032 2.183623e-002 4.367247e-002 
1.000000e-090 2.285714e-061 1.044898e-031 4.776676e-002 9.553353e-002 
1.000000e-060 1.000000e-060 2.285714e-031 1.044898e-001 2.089796e-001 
1.000000e-030 1.000000e-030 1.000000e-030 2.285714e-001 4.571429e-001 
1.000000e+000 1.000000e+000 1.000000e+000 1.000000e+000 1.000000e+000 


1.000000e+000 0.000000e+000 0.000000e+000 0.000000e+000 0.000000e+000 
7.999855e-240 1.000000e+000 0.000000e+000 0.000000e+000 0.000000e+000 
0.000000e+000 7.999855e-120 1.000000e+000 0.000000e+000 0.000000e+000 
0.000000e+000 2.239919e-267 1.599971e-119 1.000000e+000 0.000000e+000 
0.000000e+000 0.000000e+000 6.719756e-267 1.000000e+000 2.000000e-030 
0.000000e+000 0.000000e+000 0.000000e+000 3.500000e-029 1.000000e+000 
0.000000e+000 0.000000e+000 0.000000e+000 1.225000e-057 1.000000e+000 
0.000000e+000 0.000000e+000 0.000000e+000 4.287500e-086 1.000000e+000 
0.000000e+000 0.000000e+000 0.000000e+000 2.143750e-115 1.000000e+000 
0.000000e+000 0.000000e+000 0.000000e+000 1.071875e-144 1.000000e+000 
0.000000e+000 0.000000e+000 0.000000e+000 5.359375e-174 1.000000e+000 
0.000000e+000 0.000000e+000 0.000000e+000 9.378906e-203 1.000000e+000 
0.000000e+000 0.000000e+000 0.000000e+000 1.641309e-231 1.000000e+000 
0.000000e+000 0.000000e+000 0.000000e+000 5.744580e-260 1.000000e+000 
0.000000e+000 0.000000e+000 0.000000e+000 2.872290e-289 1.000000e+000 
0.000000e+000 0.000000e+000 0.000000e+000 0.000000e+000 1.000000e+000 
0.000000e+000 0.000000e+000 0.000000e+000 0.000000e+000 1.000000e+000 
0.000000e+000 0.000000e+000 0.000000e+000 0.000000e+000 1.000000e+000 
0.000000e+000 0.000000e+000 0.000000e+000 0.000000e+000 1.000000e+000 
0.000000e+000 0.000000e+000 0.000000e+000 0.000000e+000 1.000000e+000 
0.000000e+000 0.000000e+000 0.000000e+000 0.000000e+000 1.000000e+000 
0.000000e+000 0.000000e+000 0.000000e+000 0.000000e+000 1.000000e+000 
0.000000e+000 0.000000e+000 0.000000e+000 0.000000e+000 1.000000e+000 
0.000000e+000 0.000000e+000 0.000000e+000 0.000000e+000 1.000000e+000 
0.000000e+000 0.000000e+000 0.000000e+000 0.000000e+000 1.000000e+000 
0.000000e+000 0.000000e+000 0.000000e+000 0.000000e+000 1.000000e+000 
0.000000e+000 0.000000e+000 0.000000e+000 0.000000e+000 1.000000e+000 
0.000000e+000 0.000000e+000 0.000000e+000 0.000000e+000 1.000000e+000 
0.000000e+000 0.000000e+000 0.000000e+000 0.000000e+000 1.000000e+000 
0.000000e+000 0.000000e+000 0.000000e+000 0.000000e+000 1.000000e+000 
0.000000e+000 0.000000e+000 0.000000e+000 0.000000e+000 1.000000e+000 
0.000000e+000 0.000000e+000 0.000000e+000 0.000000e+000 1.000000e+000 
0.000000e+000 0.000000e+000 0.000000e+000 0.000000e+000 1.000000e+000 
0.000000e+000 0.000000e+000 0.000000e+000 0.000000e+000 1.000000e+000 
0.000000e+000 0.000000e+000 0.000000e+000 0.000000e+000 1.000000e+000 
0.000000e+000 0.000000e+000 0.000000e+000 0.000000e+000 1.000000e+000 
0.000000e+000 0.000000e+000 0.000000e+000 0.000000e+000 1.000000e+000 
0.000000e+000 0.000000e+000 0.000000e+000 0.000000e+000 1.000000e+000 
0.000000e+000 0.000000e+000 0.000000e+000 0.000000e+000 1.000000e+000 
0.000000e+000 0.000000e+000 0.000000e+000 0.000000e+000 1.000000e+000 
0.000000e+000 0.000000e+000 0.000000e+000 0.000000e+000 1.000000e+000 
0.000000e+000 0.000000e+000 0.000000e+000 0.000000e+000 1.000000e+000 
0.000000e+000 0.000000e+000 0.000000e+000 0.000000e+000 1.000000e+000 
0.000000e+000 0.000000e+000 0.000000e+000 0.000000e+000 1.000000e+000 
0.000000e+000 0.000000e+000 0.000000e+000 0.000000e+000 1.000000e+000 
0.000000e+000 0.000000e+000 0.000000e+000 0.000000e+000 1.000000e+000 
0.000000e+000 0.000000e+000 0.000000e+000 0.000000e+000 1.000000e+000 
0.000000e+000 0.000000e+000 0.000000e+000 0.000000e+000 1.000000e+000 
0.000000e+000 0.000000e+000 0.000000e+000 0.000000e+000 1.000000e+000 
0.000000e+000 0.000000e+000 0.000000e+000 0.000000e+000 1.000000e+000 
0.000000e+000 0.000000e+000 0.000000e+000 0.000000e+000 1.000000e+000 
0.000000e+000 0.000000e+000 0.000000e+000 0.000000e+000 1.000000e+000 
0.000000e+000 0.000000e+000 0.000000e+000 0.000000e+000 1.000000e+000 
0.000000e+000 0.000000e+000 0.000000e+000 0.000000e+000 1.000000e+000 
0.000000e+000 0.000000e+000 0.000000e+000 0.000000e+000 1.000000e+000 
0.000000e+000 0.000000e+000 0.000000e+000 0.000000e+000 1.000000e+000 
0.000000e+000 0.000000e+000 0.000000e+000 0.000000e+000 1.000000e+000 
0.000000e+000 0.000000e+000 0.000000e+000 0.000000e+000 1.000000e+000 
0.000000e+000 0.000000e+000 0.000000e+000 0.000000e+000 1.000000e+000 
0.000000e+000 0.000000e+000 0.000000e+000 0.000000e+000 1.000000e+000 
0.000000e+000 0.000000e+000 0.000000e+000 0.000000e+000 1.000000e+000 
0.000000e+000 0.000000e+000 0.000000e+000 0.000000e+000 1.000000e+000 
0.000000e+000 0.000000e+000 0.000000e+000 0.000000e+000 1.000000e+000 
0.000000e+000 0.000000e+000 0.000000e+000 0.000000e+000 1.000000e+000 
0.000000e+000 0.000000e+000 0.000000e+000 0.000000e+000 1.000000e+000 
0.000000e+000 0.000000e+000 0.000000e+000 0.000000e+000 1.000000e+000 
0.000000e+000 0.000000e+000 0.000000e+000 0.000000e+000 1.000000e+000 
0.000000e+000 0.000000e+000 0.000000e+000 0.000000e+000 1.000000e+000 
0.000000e+000 0.000000e+000 0.000000e+000 0.000000e+000 1.000000e+000 
0.000000e+000 0.000000e+000 0.000000e+000 0.000000e+000 1.000000e+000 
0.000000e+000 0.000000e+000 0.000000e+000 0.000000e+000 1.000000e+000 
0.000000e+000 0.000000e+000 0.000000e+000 0.000000e+000 1.000000e+000 
0.000000e+000 0.000000e+000 0.000000e+000 0.000000e+000 1.000000e+000 
0.000000e+000 0.000000e+000 0.000000e+000 0.000000e+000 1.000000e+000 
0.000000e+000 0.000000e+000 0.000000e+000 0.000000e+000 1.000000e+000 



Q star

------------
1  2  3  4  4  5  5  5  5  5  5  5  5  5  5  5  5  5  5  5  5  5  5  5  5  5  5  5  5  5  5  5  5  5  5  5  5  5  5  5  5  5  5  5  5  5  5  5  5  5  5  5  5  5  5  5  5  5  5  5  5  5  5  5  5  5  5  5  5  5  5  5  5  5  5  
------------

P star

-----------
5.854209e-050

A Martrix

7.999855e-240 1.000000e+000 0.000000e+000 0.000000e+000 0.000000e+000 
0.000000e+000 7.999855e-120 1.000000e+000 0.000000e+000 0.000000e+000 
0.000000e+000 0.000000e+000 7.999855e-120 1.000000e+000 0.000000e+000 
0.000000e+000 0.000000e+000 0.000000e+000 5.000000e-001 5.000000e-001 
0.000000e+000 0.000000e+000 0.000000e+000 0.000000e+000 1.000000e+000 

B Martrix

1.000000e-030 1.000000e-030 1.000000e-030 1.000000e-030 1.000000e-030 1.000000e-030 1.000000e+000 1.000000e-030 1.000000e-030 1.000000e-030 1.000000e-030 1.000000e-030 1.000000e-030 1.000000e-030 1.000000e-030 1.000000e-030 1.000000e-030 1.000000e-030 1.000000e-030 1.000000e-030 1.000000e-030 1.000000e-030 1.000000e-030 1.000000e-030 1.000000e-030 1.000000e-030 1.000000e-030 1.000000e-030 1.000000e-030 1.000000e-030 1.000000e-030 1.000000e-030 
1.000000e-030 1.000000e-030 1.000000e-030 1.000000e-030 1.000000e+000 1.000000e-030 1.000000e-030 1.000000e-030 1.000000e-030 1.000000e-030 1.000000e-030 1.000000e-030 1.000000e-030 1.000000e-030 1.000000e-030 1.000000e-030 1.000000e-030 1.000000e-030 1.000000e-030 1.000000e-030 1.000000e-030 1.000000e-030 1.000000e-030 1.000000e-030 1.000000e-030 1.000000e-030 1.000000e-030 1.000000e-030 1.000000e-030 1.000000e-030 1.000000e-030 1.000000e-030 
1.000000e-030 1.000000e-030 1.000000e-030 1.000000e-030 1.000000e+000 1.000000e-030 1.000000e-030 1.000000e-030 1.000000e-030 1.000000e-030 1.000000e-030 1.000000e-030 1.000000e-030 1.000000e-030 1.000000e-030 1.000000e-030 1.000000e-030 1.000000e-030 1.000000e-030 1.000000e-030 1.000000e-030 1.000000e-030 1.000000e-030 1.000000e-030 1.000000e-030 1.000000e-030 1.000000e-030 1.000000e-030 1.000000e-030 1.000000e-030 1.000000e-030 1.000000e-030 
1.000000e-030 1.000000e-030 1.000000e-030 1.000000e-030 1.000000e-030 1.000000e-030 1.000000e-030 1.000000e-030 1.000000e-030 1.000000e-030 1.000000e-030 1.000000e-030 1.000000e+000 1.000000e-030 1.000000e-030 1.000000e-030 1.000000e-030 1.000000e-030 1.000000e-030 1.000000e-030 1.000000e-030 1.000000e-030 1.000000e-030 1.000000e-030 1.000000e-030 1.000000e-030 1.000000e-030 1.000000e-030 1.000000e-030 1.000000e-030 1.000000e-030 1.000000e-030 
1.000000e-030 1.000000e-030 1.428571e-002 4.285714e-002 1.428571e-002 1.000000e-030 1.428571e-002 1.000000e-030 1.000000e-030 1.000000e-001 1.000000e-030 2.428571e-001 1.000000e-030 2.857143e-002 1.000000e-030 1.000000e-030 1.000000e-030 1.000000e-030 1.000000e-030 1.000000e-030 1.000000e-030 1.000000e-030 1.428571e-002 1.000000e-030 1.000000e-030 7.142857e-002 1.000000e-030 4.571429e-001 1.000000e-030 1.000000e-030 1.000000e-030 1.000000e-030 
=================
