26	26	26	18	6	26	18	2	25	18	18	10	25	18	18	6	26	18	18	6	6	26	26	6	26	10	10	26	18	18	18	26	26	
Iteraion 1
-----------------

P(O|lamda) = 2.138212e-050

3.125000e-002 0.000000e+000 0.000000e+000 0.000000e+000 0.000000e+000 
7.812500e-004 1.953125e-004 0.000000e+000 0.000000e+000 0.000000e+000 
1.953125e-005 9.765625e-006 1.220703e-006 0.000000e+000 0.000000e+000 
4.882813e-007 3.662109e-007 9.155273e-008 7.629395e-009 0.000000e+000 
1.220703e-008 1.220703e-008 4.577637e-009 7.629395e-010 4.768372e-011 
3.051758e-010 3.814697e-010 1.907349e-010 4.768372e-011 6.258488e-012 
7.629395e-012 1.144409e-011 7.152557e-012 2.384186e-012 4.936010e-013 
1.907349e-013 3.337860e-013 2.503395e-013 1.043081e-013 3.032619e-014 
4.768372e-015 9.536743e-015 8.344650e-015 4.172325e-015 1.599619e-015 
1.192093e-016 2.682209e-016 2.682209e-016 1.564622e-016 7.606513e-017 
2.980232e-018 7.450581e-018 8.381903e-018 5.587935e-018 3.354924e-018 
7.450581e-020 2.048910e-019 2.561137e-019 1.920853e-019 1.397660e-019 
1.862645e-021 5.587935e-021 7.683411e-021 6.402843e-021 5.568220e-021 
4.656613e-023 1.513399e-022 2.270099e-022 2.080924e-022 2.140246e-022 
1.164153e-024 4.074536e-024 6.621121e-024 6.621121e-024 7.988847e-024 
2.910383e-026 1.091394e-025 1.909939e-025 2.069100e-025 2.910335e-025 
7.275958e-028 2.910383e-027 5.456968e-027 6.366463e-027 1.038798e-026 
1.818989e-029 7.730705e-029 1.546141e-028 1.932676e-028 3.644149e-028 
4.547474e-031 2.046363e-030 4.348522e-030 5.798029e-030 1.259589e-029 
1.136868e-032 5.400125e-032 1.215028e-031 1.721290e-031 4.298592e-031 
2.842171e-034 1.421085e-033 3.375078e-033 5.062617e-033 1.450891e-032 
7.105427e-036 3.730349e-035 9.325873e-035 1.476597e-034 4.850447e-034 
1.776357e-037 9.769963e-037 2.564615e-036 4.274359e-036 1.608052e-035 
4.440892e-039 2.553513e-038 7.022161e-038 1.228878e-037 5.292309e-037 
1.110223e-040 6.661338e-040 1.915135e-039 3.511080e-039 1.730652e-038 
2.775558e-042 1.734723e-041 5.204170e-041 9.974660e-041 5.627729e-040 
6.938894e-044 4.510281e-043 1.409463e-042 2.818926e-042 1.821007e-041 
1.734723e-045 1.170938e-044 3.805550e-044 7.928228e-044 5.866829e-043 
4.336809e-047 3.035766e-046 1.024571e-045 2.219904e-045 1.882936e-044 
1.084202e-048 7.860466e-048 2.751163e-047 6.190117e-047 6.022918e-046 
2.710505e-050 2.032879e-049 7.369187e-049 1.719477e-048 1.920850e-047 
6.776264e-052 5.251604e-051 1.969352e-050 4.759266e-050 6.110124e-049 
1.694066e-053 1.355253e-052 5.251604e-052 1.312901e-051 1.939159e-050 


6.842278e-049 6.842278e-049 6.842278e-049 6.842278e-049 6.842278e-049 
2.189529e-047 2.189529e-047 2.189529e-047 2.189529e-047 2.189529e-047 
7.006492e-046 7.006492e-046 7.006492e-046 7.006492e-046 7.006492e-046 
2.242078e-044 2.242078e-044 2.242078e-044 2.242078e-044 2.242078e-044 
7.174648e-043 7.174648e-043 7.174648e-043 7.174648e-043 7.174648e-043 
2.295887e-041 2.295887e-041 2.295887e-041 2.295887e-041 2.295887e-041 
7.346840e-040 7.346840e-040 7.346840e-040 7.346840e-040 7.346840e-040 
2.350989e-038 2.350989e-038 2.350989e-038 2.350989e-038 2.350989e-038 
7.523164e-037 7.523164e-037 7.523164e-037 7.523164e-037 7.523164e-037 
2.407412e-035 2.407412e-035 2.407412e-035 2.407412e-035 2.407412e-035 
7.703720e-034 7.703720e-034 7.703720e-034 7.703720e-034 7.703720e-034 
2.465190e-032 2.465190e-032 2.465190e-032 2.465190e-032 2.465190e-032 
7.888609e-031 7.888609e-031 7.888609e-031 7.888609e-031 7.888609e-031 
2.524355e-029 2.524355e-029 2.524355e-029 2.524355e-029 2.524355e-029 
8.077936e-028 8.077936e-028 8.077936e-028 8.077936e-028 8.077936e-028 
2.584939e-026 2.584939e-026 2.584939e-026 2.584939e-026 2.584939e-026 
8.271806e-025 8.271806e-025 8.271806e-025 8.271806e-025 8.271806e-025 
2.646978e-023 2.646978e-023 2.646978e-023 2.646978e-023 2.646978e-023 
8.470329e-022 8.470329e-022 8.470329e-022 8.470329e-022 8.470329e-022 
2.710505e-020 2.710505e-020 2.710505e-020 2.710505e-020 2.710505e-020 
8.673617e-019 8.673617e-019 8.673617e-019 8.673617e-019 8.673617e-019 
2.775558e-017 2.775558e-017 2.775558e-017 2.775558e-017 2.775558e-017 
8.881784e-016 8.881784e-016 8.881784e-016 8.881784e-016 8.881784e-016 
2.842171e-014 2.842171e-014 2.842171e-014 2.842171e-014 2.842171e-014 
9.094947e-013 9.094947e-013 9.094947e-013 9.094947e-013 9.094947e-013 
2.910383e-011 2.910383e-011 2.910383e-011 2.910383e-011 2.910383e-011 
9.313226e-010 9.313226e-010 9.313226e-010 9.313226e-010 9.313226e-010 
2.980232e-008 2.980232e-008 2.980232e-008 2.980232e-008 2.980232e-008 
9.536743e-007 9.536743e-007 9.536743e-007 9.536743e-007 9.536743e-007 
3.051758e-005 3.051758e-005 3.051758e-005 3.051758e-005 3.051758e-005 
9.765625e-004 9.765625e-004 9.765625e-004 9.765625e-004 9.765625e-004 
3.125000e-002 3.125000e-002 3.125000e-002 3.125000e-002 3.125000e-002 
1.000000e+000 1.000000e+000 1.000000e+000 1.000000e+000 1.000000e+000 


1.000000e+000 0.000000e+000 0.000000e+000 0.000000e+000 0.000000e+000 
8.000000e-001 2.000000e-001 0.000000e+000 0.000000e+000 0.000000e+000 
6.400000e-001 3.200000e-001 4.000000e-002 0.000000e+000 0.000000e+000 
5.120000e-001 3.840000e-001 9.600000e-002 8.000000e-003 0.000000e+000 
4.096000e-001 4.096000e-001 1.536000e-001 2.560000e-002 1.600000e-003 
3.276800e-001 4.096000e-001 2.048000e-001 5.120000e-002 6.720000e-003 
2.621440e-001 3.932160e-001 2.457600e-001 8.192000e-002 1.696000e-002 
2.097152e-001 3.670016e-001 2.752512e-001 1.146880e-001 3.334400e-002 
1.677722e-001 3.355443e-001 2.936013e-001 1.468006e-001 5.628160e-002 
1.342177e-001 3.019899e-001 3.019899e-001 1.761608e-001 8.564173e-002 
1.073742e-001 2.684355e-001 3.019899e-001 2.013266e-001 1.208739e-001 
8.589935e-002 2.362232e-001 2.952790e-001 2.214593e-001 1.611392e-001 
6.871948e-002 2.061584e-001 2.834678e-001 2.362232e-001 2.054311e-001 
5.497558e-002 1.786706e-001 2.680060e-001 2.456721e-001 2.526757e-001 
4.398047e-002 1.539316e-001 2.501389e-001 2.501389e-001 3.018101e-001 
3.518437e-002 1.319414e-001 2.308974e-001 2.501389e-001 3.518379e-001 
2.814750e-002 1.125900e-001 2.111062e-001 2.462906e-001 4.018657e-001 
2.251800e-002 9.570149e-002 1.914030e-001 2.392537e-001 4.511238e-001 
1.801440e-002 8.106479e-002 1.722627e-001 2.296836e-001 4.989745e-001 
1.441152e-002 6.845471e-002 1.540231e-001 2.181994e-001 5.449113e-001 
1.152922e-002 5.764608e-002 1.369094e-001 2.053641e-001 5.885511e-001 
9.223372e-003 4.842270e-002 1.210568e-001 1.916732e-001 6.296240e-001 
7.378698e-003 4.058284e-002 1.065299e-001 1.775499e-001 6.679586e-001 
5.902958e-003 3.394201e-002 9.334053e-002 1.633459e-001 7.034686e-001 
4.722366e-003 2.833420e-002 8.146082e-002 1.493448e-001 7.361378e-001 
3.777893e-003 2.361183e-002 7.083550e-002 1.357680e-001 7.660067e-001 
3.022315e-003 1.964504e-002 6.139076e-002 1.227815e-001 7.931603e-001 
2.417852e-003 1.632050e-002 5.304162e-002 1.105034e-001 8.177167e-001 
1.934281e-003 1.353997e-002 4.569740e-002 9.901102e-002 8.398173e-001 
1.547425e-003 1.121883e-002 3.926591e-002 8.834830e-002 8.596195e-001 
1.237940e-003 9.284550e-003 3.365649e-002 7.853182e-002 8.772892e-001 
9.903520e-004 7.675228e-003 2.878211e-002 6.955676e-002 8.929956e-001 
7.922816e-004 6.338253e-003 2.456073e-002 6.140183e-002 9.069069e-001 



Q star

------------
1  2  3  4  5  5  5  5  5  5  5  5  5  5  5  5  5  5  5  5  5  5  5  5  5  5  5  5  5  5  5  5  5  
------------

P star

-----------
3.421139e-053

A Martrix

8.000000e-001 2.000000e-001 0.000000e+000 0.000000e+000 0.000000e+000 
0.000000e+000 8.000000e-001 2.000000e-001 0.000000e+000 0.000000e+000 
0.000000e+000 0.000000e+000 8.000000e-001 2.000000e-001 0.000000e+000 
0.000000e+000 0.000000e+000 0.000000e+000 8.000000e-001 2.000000e-001 
0.000000e+000 0.000000e+000 0.000000e+000 0.000000e+000 1.000000e+000 

B Martrix

1.000000e-030 1.000000e-030 1.000000e-030 1.000000e-030 1.000000e-030 1.000000e-030 1.000000e-030 1.000000e-030 1.000000e-030 1.000000e-030 1.000000e-030 1.000000e-030 1.000000e-030 1.000000e-030 1.000000e-030 1.000000e-030 1.000000e-030 1.000000e-030 1.000000e-030 1.000000e-030 1.000000e-030 1.000000e-030 1.000000e-030 1.000000e-030 1.000000e-030 1.000000e+000 1.000000e-030 1.000000e-030 1.000000e-030 1.000000e-030 1.000000e-030 1.000000e-030 
1.000000e-030 1.000000e-030 1.000000e-030 1.000000e-030 1.000000e-030 1.000000e-030 1.000000e-030 1.000000e-030 1.000000e-030 1.000000e-030 1.000000e-030 1.000000e-030 1.000000e-030 1.000000e-030 1.000000e-030 1.000000e-030 1.000000e-030 1.000000e-030 1.000000e-030 1.000000e-030 1.000000e-030 1.000000e-030 1.000000e-030 1.000000e-030 1.000000e-030 1.000000e+000 1.000000e-030 1.000000e-030 1.000000e-030 1.000000e-030 1.000000e-030 1.000000e-030 
1.000000e-030 1.000000e-030 1.000000e-030 1.000000e-030 1.000000e-030 1.000000e-030 1.000000e-030 1.000000e-030 1.000000e-030 1.000000e-030 1.000000e-030 1.000000e-030 1.000000e-030 1.000000e-030 1.000000e-030 1.000000e-030 1.000000e-030 1.000000e-030 1.000000e-030 1.000000e-030 1.000000e-030 1.000000e-030 1.000000e-030 1.000000e-030 1.000000e-030 1.000000e+000 1.000000e-030 1.000000e-030 1.000000e-030 1.000000e-030 1.000000e-030 1.000000e-030 
1.000000e-030 1.000000e-030 1.000000e-030 1.000000e-030 1.000000e-030 1.000000e-030 1.000000e-030 1.000000e-030 1.000000e-030 1.000000e-030 1.000000e-030 1.000000e-030 1.000000e-030 1.000000e-030 1.000000e-030 1.000000e-030 1.000000e-030 1.000000e+000 1.000000e-030 1.000000e-030 1.000000e-030 1.000000e-030 1.000000e-030 1.000000e-030 1.000000e-030 1.000000e-030 1.000000e-030 1.000000e-030 1.000000e-030 1.000000e-030 1.000000e-030 1.000000e-030 
1.000000e-030 2.457105e-003 1.000000e-030 1.000000e-030 1.000000e-030 1.614073e-001 1.000000e-030 1.000000e-030 1.000000e-030 1.267686e-001 1.000000e-030 1.000000e-030 1.000000e-030 1.000000e-030 1.000000e-030 1.000000e-030 1.000000e-030 3.172178e-001 1.000000e-030 1.000000e-030 1.000000e-030 1.000000e-030 1.000000e-030 1.000000e-030 1.928549e-002 3.728637e-001 1.000000e-030 1.000000e-030 1.000000e-030 1.000000e-030 1.000000e-030 1.000000e-030 
Iteraion 2
-----------------

P(O|lamda) = 1.257860e-024

1.000000e+000 0.000000e+000 0.000000e+000 0.000000e+000 0.000000e+000 
8.000000e-001 2.000000e-001 0.000000e+000 0.000000e+000 0.000000e+000 
6.400000e-001 3.200000e-001 4.000000e-002 0.000000e+000 0.000000e+000 
5.120000e-031 3.840000e-031 9.600000e-032 8.000000e-003 0.000000e+000 
4.096000e-061 4.096000e-061 1.536000e-061 6.400000e-033 2.582517e-004 
3.276800e-061 4.096000e-061 2.048000e-061 5.120000e-063 9.629269e-005 
2.621440e-091 3.932160e-091 2.457600e-091 4.505600e-062 3.054575e-005 
2.097152e-121 3.670016e-121 2.752512e-121 3.604480e-092 7.505411e-008 
1.677722e-151 3.355443e-151 2.936013e-151 2.883584e-122 1.447455e-009 
1.342177e-181 3.019899e-181 3.019899e-181 2.306867e-122 4.591586e-010 
1.073742e-211 2.684355e-211 3.019899e-211 1.845494e-122 1.456533e-010 
8.589935e-242 2.362232e-241 2.952790e-241 1.476395e-152 1.846426e-011 
6.871948e-272 2.061584e-271 2.834678e-271 1.181116e-182 3.560924e-013 
5.497558e-302 1.786706e-301 2.680060e-301 9.448928e-183 1.129588e-013 
0.000000e+000 0.000000e+000 0.000000e+000 7.559142e-183 3.583256e-014 
0.000000e+000 0.000000e+000 0.000000e+000 6.047314e-213 5.783637e-015 
0.000000e+000 0.000000e+000 0.000000e+000 4.837851e-243 2.156508e-015 
0.000000e+000 0.000000e+000 0.000000e+000 3.870281e-243 6.840827e-016 
0.000000e+000 0.000000e+000 0.000000e+000 3.096225e-243 2.170032e-016 
0.000000e+000 0.000000e+000 0.000000e+000 2.476980e-273 3.502591e-017 
0.000000e+000 0.000000e+000 0.000000e+000 1.981584e-303 5.653438e-018 
0.000000e+000 0.000000e+000 0.000000e+000 0.000000e+000 2.107962e-018 
0.000000e+000 0.000000e+000 0.000000e+000 0.000000e+000 7.859823e-019 
0.000000e+000 0.000000e+000 0.000000e+000 0.000000e+000 1.268633e-019 
0.000000e+000 0.000000e+000 0.000000e+000 0.000000e+000 4.730272e-020 
0.000000e+000 0.000000e+000 0.000000e+000 0.000000e+000 5.996500e-021 
0.000000e+000 0.000000e+000 0.000000e+000 0.000000e+000 7.601681e-022 
0.000000e+000 0.000000e+000 0.000000e+000 0.000000e+000 2.834391e-022 
0.000000e+000 0.000000e+000 0.000000e+000 0.000000e+000 8.991191e-023 
0.000000e+000 0.000000e+000 0.000000e+000 0.000000e+000 2.852166e-023 
0.000000e+000 0.000000e+000 0.000000e+000 0.000000e+000 9.047577e-024 
0.000000e+000 0.000000e+000 0.000000e+000 0.000000e+000 3.373513e-024 
0.000000e+000 0.000000e+000 0.000000e+000 0.000000e+000 1.257860e-024 


1.257860e-024 1.006288e-023 2.012577e-023 6.934260e-024 3.467130e-023 
2.608002e-082 6.289302e-024 2.515721e-023 1.859731e-023 9.298653e-023 
1.581295e-082 6.714833e-082 3.144651e-023 1.756630e-022 2.493848e-022 
6.588728e-053 5.270983e-052 1.249024e-051 1.572325e-022 7.861627e-022 
2.681501e-080 3.294364e-022 1.317746e-021 9.741351e-022 4.870676e-021 
5.078963e-107 1.340750e-079 1.647182e-021 9.201305e-021 1.306289e-020 
1.543725e-077 1.921991e-076 6.703752e-049 8.235910e-021 4.117955e-020 
1.381759e-077 7.718626e-047 6.522507e-046 3.351876e-018 1.675938e-017 
1.089985e-106 6.908793e-047 3.859313e-016 1.717528e-015 8.690149e-016 
2.064513e-103 5.449923e-076 3.454396e-016 1.929656e-015 2.739490e-015 
6.274982e-074 7.812570e-073 2.724962e-045 1.727198e-015 8.635991e-015 
5.616615e-074 3.137491e-043 2.651289e-042 1.362481e-014 6.812404e-014 
4.013627e-101 2.808307e-043 1.568745e-012 6.981462e-012 3.532399e-012 
2.486768e-071 1.012106e-070 1.404154e-012 7.843727e-012 1.113556e-011 
1.036154e-041 8.289228e-041 1.744840e-040 7.020768e-012 3.510384e-011 
9.274409e-042 5.180768e-011 2.072307e-010 4.349721e-011 2.174861e-010 
5.745966e-101 4.637205e-041 2.590384e-010 1.152811e-009 5.832857e-010 
3.559916e-100 2.872983e-070 2.318602e-010 1.295192e-009 1.838755e-009 
6.801844e-098 1.779958e-069 1.436491e-039 1.159301e-009 5.796506e-009 
4.063451e-068 1.775541e-067 8.899791e-039 7.182457e-009 3.591228e-008 
1.586413e-038 1.397160e-037 3.289067e-037 4.449895e-008 2.224948e-007 
8.480472e-067 7.932067e-038 3.812974e-037 1.193438e-007 5.967188e-007 
3.356252e-067 2.897735e-066 3.966034e-037 3.200734e-007 1.600367e-006 
8.520491e-064 1.678126e-036 7.776172e-036 1.983017e-006 9.915084e-006 
5.308760e-064 2.136742e-063 8.390630e-036 5.318343e-006 2.659171e-005 
2.211983e-034 1.769587e-033 3.605362e-033 4.195315e-005 2.097657e-004 
2.485181e-034 1.105992e-003 4.423967e-003 3.309427e-004 1.654714e-003 
2.224437e-064 1.242590e-033 5.529958e-003 2.300740e-002 4.437851e-003 
9.728000e-061 1.112219e-033 6.212952e-003 2.764979e-002 1.398992e-002 
9.920000e-031 8.960000e-031 5.561093e-003 3.106476e-002 4.410194e-002 
1.000000e+000 9.600000e-001 6.400000e-001 2.780546e-002 1.390273e-001 
1.000000e+000 1.000000e+000 8.000000e-001 7.457273e-002 3.728637e-001 
1.000000e+000 1.000000e+000 1.000000e+000 1.000000e+000 1.000000e+000 


1.000000e+000 0.000000e+000 0.000000e+000 0.000000e+000 0.000000e+000 
1.658691e-058 1.000000e+000 0.000000e+000 0.000000e+000 0.000000e+000 
8.045636e-059 1.708255e-058 1.000000e+000 0.000000e+000 0.000000e+000 
2.681879e-059 1.609127e-058 9.532557e-059 1.000000e+000 0.000000e+000 
8.731833e-117 1.072751e-058 1.609127e-058 4.956405e-030 1.000000e+000 
1.323100e-143 4.365917e-116 2.681879e-058 3.745303e-059 1.000000e+000 
3.217196e-144 6.008280e-143 1.309775e-115 2.950066e-058 1.000000e+000 
2.303720e-174 2.252037e-143 1.427287e-142 9.605016e-086 1.000000e+000 
1.453811e-233 1.842976e-173 9.008148e-143 3.937350e-113 1.000000e+000 
2.202901e-260 1.308430e-232 8.293391e-173 3.538915e-113 1.000000e+000 
5.356485e-261 1.667252e-259 6.542148e-232 2.534092e-113 1.000000e+000 
3.835589e-291 5.892134e-260 6.223822e-259 1.599192e-142 1.000000e+000 
0.000000e+000 4.602707e-290 3.535280e-259 6.555510e-170 1.000000e+000 
0.000000e+000 0.000000e+000 2.991759e-289 5.892134e-170 1.000000e+000 
0.000000e+000 0.000000e+000 0.000000e+000 4.219148e-170 1.000000e+000 
0.000000e+000 0.000000e+000 0.000000e+000 2.091180e-199 1.000000e+000 
0.000000e+000 0.000000e+000 0.000000e+000 4.433820e-228 1.000000e+000 
0.000000e+000 0.000000e+000 0.000000e+000 3.985145e-228 1.000000e+000 
0.000000e+000 0.000000e+000 0.000000e+000 2.853621e-228 1.000000e+000 
0.000000e+000 0.000000e+000 0.000000e+000 1.414370e-257 1.000000e+000 
0.000000e+000 0.000000e+000 0.000000e+000 7.010190e-287 1.000000e+000 
0.000000e+000 0.000000e+000 0.000000e+000 0.000000e+000 1.000000e+000 
0.000000e+000 0.000000e+000 0.000000e+000 0.000000e+000 1.000000e+000 
0.000000e+000 0.000000e+000 0.000000e+000 0.000000e+000 1.000000e+000 
0.000000e+000 0.000000e+000 0.000000e+000 0.000000e+000 1.000000e+000 
0.000000e+000 0.000000e+000 0.000000e+000 0.000000e+000 1.000000e+000 
0.000000e+000 0.000000e+000 0.000000e+000 0.000000e+000 1.000000e+000 
0.000000e+000 0.000000e+000 0.000000e+000 0.000000e+000 1.000000e+000 
0.000000e+000 0.000000e+000 0.000000e+000 0.000000e+000 1.000000e+000 
0.000000e+000 0.000000e+000 0.000000e+000 0.000000e+000 1.000000e+000 
0.000000e+000 0.000000e+000 0.000000e+000 0.000000e+000 1.000000e+000 
0.000000e+000 0.000000e+000 0.000000e+000 0.000000e+000 1.000000e+000 
0.000000e+000 0.000000e+000 0.000000e+000 0.000000e+000 1.000000e+000 



Q star

------------
1  2  3  4  5  5  5  5  5  5  5  5  5  5  5  5  5  5  5  5  5  5  5  5  5  5  5  5  5  5  5  5  5  
------------

P star

-----------
1.257860e-024

A Martrix

2.731443e-058 1.000000e+000 0.000000e+000 0.000000e+000 0.000000e+000 
0.000000e+000 2.731443e-058 1.000000e+000 0.000000e+000 0.000000e+000 
0.000000e+000 0.000000e+000 2.731443e-058 1.000000e+000 0.000000e+000 
0.000000e+000 0.000000e+000 0.000000e+000 4.956405e-030 1.000000e+000 
0.000000e+000 0.000000e+000 0.000000e+000 0.000000e+000 1.000000e+000 

B Martrix

1.000000e-030 1.000000e-030 1.000000e-030 1.000000e-030 1.000000e-030 1.000000e-030 1.000000e-030 1.000000e-030 1.000000e-030 1.000000e-030 1.000000e-030 1.000000e-030 1.000000e-030 1.000000e-030 1.000000e-030 1.000000e-030 1.000000e-030 1.000000e-030 1.000000e-030 1.000000e-030 1.000000e-030 1.000000e-030 1.000000e-030 1.000000e-030 1.000000e-030 1.000000e+000 1.000000e-030 1.000000e-030 1.000000e-030 1.000000e-030 1.000000e-030 1.000000e-030 
1.000000e-030 1.000000e-030 1.000000e-030 1.000000e-030 1.000000e-030 1.000000e-030 1.000000e-030 1.000000e-030 1.000000e-030 1.000000e-030 1.000000e-030 1.000000e-030 1.000000e-030 1.000000e-030 1.000000e-030 1.000000e-030 1.000000e-030 1.000000e-030 1.000000e-030 1.000000e-030 1.000000e-030 1.000000e-030 1.000000e-030 1.000000e-030 1.000000e-030 1.000000e+000 1.000000e-030 1.000000e-030 1.000000e-030 1.000000e-030 1.000000e-030 1.000000e-030 
1.000000e-030 1.000000e-030 1.000000e-030 1.000000e-030 1.000000e-030 1.000000e-030 1.000000e-030 1.000000e-030 1.000000e-030 1.000000e-030 1.000000e-030 1.000000e-030 1.000000e-030 1.000000e-030 1.000000e-030 1.000000e-030 1.000000e-030 1.000000e-030 1.000000e-030 1.000000e-030 1.000000e-030 1.000000e-030 1.000000e-030 1.000000e-030 1.000000e-030 1.000000e+000 1.000000e-030 1.000000e-030 1.000000e-030 1.000000e-030 1.000000e-030 1.000000e-030 
1.000000e-030 1.000000e-030 1.000000e-030 1.000000e-030 1.000000e-030 1.000000e-030 1.000000e-030 1.000000e-030 1.000000e-030 1.000000e-030 1.000000e-030 1.000000e-030 1.000000e-030 1.000000e-030 1.000000e-030 1.000000e-030 1.000000e-030 1.000000e+000 1.000000e-030 1.000000e-030 1.000000e-030 1.000000e-030 1.000000e-030 1.000000e-030 1.000000e-030 1.000000e-030 1.000000e-030 1.000000e-030 1.000000e-030 1.000000e-030 1.000000e-030 1.000000e-030 
1.000000e-030 3.448276e-002 1.000000e-030 1.000000e-030 1.000000e-030 1.724138e-001 1.000000e-030 1.000000e-030 1.000000e-030 1.034483e-001 1.000000e-030 1.000000e-030 1.000000e-030 1.000000e-030 1.000000e-030 1.000000e-030 1.000000e-030 3.448276e-001 1.000000e-030 1.000000e-030 1.000000e-030 1.000000e-030 1.000000e-030 1.000000e-030 6.896552e-002 2.758621e-001 1.000000e-030 1.000000e-030 1.000000e-030 1.000000e-030 1.000000e-030 1.000000e-030 
Iteraion 3
-----------------

P(O|lamda) = 2.205219e-020

1.000000e+000 0.000000e+000 0.000000e+000 0.000000e+000 0.000000e+000 
2.731443e-058 1.000000e+000 0.000000e+000 0.000000e+000 0.000000e+000 
7.460779e-116 5.462885e-058 1.000000e+000 0.000000e+000 0.000000e+000 
2.037869e-203 2.238234e-145 8.194328e-088 1.000000e+000 0.000000e+000 
5.566322e-291 8.151476e-233 4.476467e-175 4.956405e-060 1.724138e-001 
0.000000e+000 2.783161e-290 2.037869e-232 2.456595e-119 4.756243e-002 
0.000000e+000 0.000000e+000 8.349709e-320 1.217588e-148 1.640084e-002 
0.000000e+000 0.000000e+000 0.000000e+000 6.034857e-208 5.655461e-004 
0.000000e+000 0.000000e+000 0.000000e+000 2.991119e-267 3.900318e-005 
0.000000e+000 0.000000e+000 0.000000e+000 1.482520e-296 1.344937e-005 
0.000000e+000 0.000000e+000 0.000000e+000 0.000000e+000 4.637714e-006 
0.000000e+000 0.000000e+000 0.000000e+000 0.000000e+000 4.797636e-007 
0.000000e+000 0.000000e+000 0.000000e+000 0.000000e+000 3.308714e-008 
0.000000e+000 0.000000e+000 0.000000e+000 0.000000e+000 1.140936e-008 
0.000000e+000 0.000000e+000 0.000000e+000 0.000000e+000 3.934262e-009 
0.000000e+000 0.000000e+000 0.000000e+000 0.000000e+000 6.783210e-010 
0.000000e+000 0.000000e+000 0.000000e+000 0.000000e+000 1.871230e-010 
0.000000e+000 0.000000e+000 0.000000e+000 0.000000e+000 6.452518e-011 
0.000000e+000 0.000000e+000 0.000000e+000 0.000000e+000 2.225006e-011 
0.000000e+000 0.000000e+000 0.000000e+000 0.000000e+000 3.836218e-012 
0.000000e+000 0.000000e+000 0.000000e+000 0.000000e+000 6.614169e-013 
0.000000e+000 0.000000e+000 0.000000e+000 0.000000e+000 1.824598e-013 
0.000000e+000 0.000000e+000 0.000000e+000 0.000000e+000 5.033375e-014 
0.000000e+000 0.000000e+000 0.000000e+000 0.000000e+000 8.678232e-015 
0.000000e+000 0.000000e+000 0.000000e+000 0.000000e+000 2.393995e-015 
0.000000e+000 0.000000e+000 0.000000e+000 0.000000e+000 2.476547e-016 
0.000000e+000 0.000000e+000 0.000000e+000 0.000000e+000 2.561945e-017 
0.000000e+000 0.000000e+000 0.000000e+000 0.000000e+000 7.067434e-018 
0.000000e+000 0.000000e+000 0.000000e+000 0.000000e+000 2.437046e-018 
0.000000e+000 0.000000e+000 0.000000e+000 0.000000e+000 8.403607e-019 
0.000000e+000 0.000000e+000 0.000000e+000 0.000000e+000 2.897796e-019 
0.000000e+000 0.000000e+000 0.000000e+000 0.000000e+000 7.993919e-020 
0.000000e+000 0.000000e+000 0.000000e+000 0.000000e+000 2.205219e-020 


2.205219e-020 7.604204e-051 2.097711e-051 5.786790e-022 5.786790e-022 
1.279027e-079 2.205219e-020 7.604204e-051 2.097711e-021 2.097711e-021 
4.636473e-109 1.279027e-079 2.205219e-020 7.604204e-021 7.604204e-021 
1.344577e-048 4.636473e-079 1.279027e-049 2.205219e-020 2.205219e-020 
3.899274e-077 1.344577e-018 4.636473e-049 1.279027e-019 1.279027e-019 
5.653947e-106 3.899274e-077 1.344577e-018 4.636473e-019 4.636473e-019 
1.639645e-075 5.653947e-076 3.899274e-047 1.344577e-018 1.344577e-018 
4.754969e-075 1.639645e-045 5.653947e-046 3.899274e-017 3.899274e-017 
4.596470e-104 4.754969e-045 1.639645e-015 5.653947e-016 5.653947e-016 
6.664882e-103 4.596470e-074 4.754969e-015 1.639645e-015 1.639645e-015 
1.932816e-072 6.664882e-073 4.596470e-044 4.754969e-015 4.754969e-015 
5.605166e-072 1.932816e-042 6.664882e-043 4.596470e-014 4.596470e-014 
3.250996e-101 5.605166e-042 1.932816e-012 6.664882e-013 6.664882e-013 
1.178486e-100 3.250996e-071 5.605166e-012 1.932816e-012 1.932816e-012 
3.417610e-040 1.178486e-070 3.250996e-041 5.605166e-012 5.605166e-012 
9.911068e-040 3.417610e-010 1.178486e-040 3.250996e-011 3.250996e-011 
5.748420e-099 9.911068e-040 3.417610e-010 1.178486e-010 1.178486e-010 
3.334083e-098 5.748420e-069 9.911068e-010 3.417610e-010 3.417610e-010 
1.208605e-097 3.334083e-068 5.748420e-039 9.911068e-010 9.911068e-010 
4.381194e-067 1.208605e-067 3.334083e-038 5.748420e-009 5.748420e-009 
2.541093e-036 4.381194e-037 1.208605e-037 3.334083e-008 3.334083e-008 
9.211460e-066 2.541093e-036 4.381194e-037 1.208605e-007 1.208605e-007 
8.904412e-065 9.211460e-066 2.541093e-036 4.381194e-007 4.381194e-007 
8.607598e-064 8.904412e-035 9.211460e-036 2.541093e-006 2.541093e-006 
3.120254e-093 8.607598e-064 8.904412e-035 9.211460e-006 9.211460e-006 
9.048737e-033 3.120254e-063 8.607598e-034 8.904412e-005 8.904412e-005 
2.624134e-032 9.048737e-003 3.120254e-033 8.607598e-004 8.607598e-004 
7.609988e-062 2.624134e-032 9.048737e-003 3.120254e-003 3.120254e-003 
2.758621e-091 7.609988e-032 2.624134e-002 9.048737e-003 9.048737e-003 
1.000000e-060 2.758621e-061 7.609988e-002 2.624134e-002 2.624134e-002 
1.000000e+000 1.000000e-030 2.758621e-031 7.609988e-002 7.609988e-002 
1.000000e+000 1.000000e+000 1.000000e-030 2.758621e-001 2.758621e-001 
1.000000e+000 1.000000e+000 1.000000e+000 1.000000e+000 1.000000e+000 


1.000000e+000 0.000000e+000 0.000000e+000 0.000000e+000 0.000000e+000 
1.584237e-117 1.000000e+000 0.000000e+000 0.000000e+000 0.000000e+000 
1.568629e-204 3.168473e-117 1.000000e+000 0.000000e+000 0.000000e+000 
1.242540e-231 4.705886e-204 4.752710e-117 1.000000e+000 0.000000e+000 
0.000000e+000 4.970159e-231 9.411773e-204 2.874715e-059 1.000000e+000 
0.000000e+000 0.000000e+000 1.242540e-230 5.164990e-118 1.000000e+000 
0.000000e+000 0.000000e+000 0.000000e+000 7.423936e-147 1.000000e+000 
0.000000e+000 0.000000e+000 0.000000e+000 1.067085e-204 1.000000e+000 
0.000000e+000 0.000000e+000 0.000000e+000 7.668911e-263 1.000000e+000 
0.000000e+000 0.000000e+000 0.000000e+000 1.102297e-291 1.000000e+000 
0.000000e+000 0.000000e+000 0.000000e+000 0.000000e+000 1.000000e+000 
0.000000e+000 0.000000e+000 0.000000e+000 0.000000e+000 1.000000e+000 
0.000000e+000 0.000000e+000 0.000000e+000 0.000000e+000 1.000000e+000 
0.000000e+000 0.000000e+000 0.000000e+000 0.000000e+000 1.000000e+000 
0.000000e+000 0.000000e+000 0.000000e+000 0.000000e+000 1.000000e+000 
0.000000e+000 0.000000e+000 0.000000e+000 0.000000e+000 1.000000e+000 
0.000000e+000 0.000000e+000 0.000000e+000 0.000000e+000 1.000000e+000 
0.000000e+000 0.000000e+000 0.000000e+000 0.000000e+000 1.000000e+000 
0.000000e+000 0.000000e+000 0.000000e+000 0.000000e+000 1.000000e+000 
0.000000e+000 0.000000e+000 0.000000e+000 0.000000e+000 1.000000e+000 
0.000000e+000 0.000000e+000 0.000000e+000 0.000000e+000 1.000000e+000 
0.000000e+000 0.000000e+000 0.000000e+000 0.000000e+000 1.000000e+000 
0.000000e+000 0.000000e+000 0.000000e+000 0.000000e+000 1.000000e+000 
0.000000e+000 0.000000e+000 0.000000e+000 0.000000e+000 1.000000e+000 
0.000000e+000 0.000000e+000 0.000000e+000 0.000000e+000 1.000000e+000 
0.000000e+000 0.000000e+000 0.000000e+000 0.000000e+000 1.000000e+000 
0.000000e+000 0.000000e+000 0.000000e+000 0.000000e+000 1.000000e+000 
0.000000e+000 0.000000e+000 0.000000e+000 0.000000e+000 1.000000e+000 
0.000000e+000 0.000000e+000 0.000000e+000 0.000000e+000 1.000000e+000 
0.000000e+000 0.000000e+000 0.000000e+000 0.000000e+000 1.000000e+000 
0.000000e+000 0.000000e+000 0.000000e+000 0.000000e+000 1.000000e+000 
0.000000e+000 0.000000e+000 0.000000e+000 0.000000e+000 1.000000e+000 
0.000000e+000 0.000000e+000 0.000000e+000 0.000000e+000 1.000000e+000 



Q star

------------
1  2  3  4  5  5  5  5  5  5  5  5  5  5  5  5  5  5  5  5  5  5  5  5  5  5  5  5  5  5  5  5  5  
------------

P star

-----------
2.205219e-020

A Martrix

1.584237e-117 1.000000e+000 0.000000e+000 0.000000e+000 0.000000e+000 
0.000000e+000 1.584237e-117 1.000000e+000 0.000000e+000 0.000000e+000 
0.000000e+000 0.000000e+000 1.584237e-117 1.000000e+000 0.000000e+000 
0.000000e+000 0.000000e+000 0.000000e+000 2.874715e-059 1.000000e+000 
0.000000e+000 0.000000e+000 0.000000e+000 0.000000e+000 1.000000e+000 

B Martrix

1.000000e-030 1.000000e-030 1.000000e-030 1.000000e-030 1.000000e-030 1.000000e-030 1.000000e-030 1.000000e-030 1.000000e-030 1.000000e-030 1.000000e-030 1.000000e-030 1.000000e-030 1.000000e-030 1.000000e-030 1.000000e-030 1.000000e-030 1.000000e-030 1.000000e-030 1.000000e-030 1.000000e-030 1.000000e-030 1.000000e-030 1.000000e-030 1.000000e-030 1.000000e+000 1.000000e-030 1.000000e-030 1.000000e-030 1.000000e-030 1.000000e-030 1.000000e-030 
1.000000e-030 1.000000e-030 1.000000e-030 1.000000e-030 1.000000e-030 1.000000e-030 1.000000e-030 1.000000e-030 1.000000e-030 1.000000e-030 1.000000e-030 1.000000e-030 1.000000e-030 1.000000e-030 1.000000e-030 1.000000e-030 1.000000e-030 1.000000e-030 1.000000e-030 1.000000e-030 1.000000e-030 1.000000e-030 1.000000e-030 1.000000e-030 1.000000e-030 1.000000e+000 1.000000e-030 1.000000e-030 1.000000e-030 1.000000e-030 1.000000e-030 1.000000e-030 
1.000000e-030 1.000000e-030 1.000000e-030 1.000000e-030 1.000000e-030 1.000000e-030 1.000000e-030 1.000000e-030 1.000000e-030 1.000000e-030 1.000000e-030 1.000000e-030 1.000000e-030 1.000000e-030 1.000000e-030 1.000000e-030 1.000000e-030 1.000000e-030 1.000000e-030 1.000000e-030 1.000000e-030 1.000000e-030 1.000000e-030 1.000000e-030 1.000000e-030 1.000000e+000 1.000000e-030 1.000000e-030 1.000000e-030 1.000000e-030 1.000000e-030 1.000000e-030 
1.000000e-030 1.000000e-030 1.000000e-030 1.000000e-030 1.000000e-030 1.000000e-030 1.000000e-030 1.000000e-030 1.000000e-030 1.000000e-030 1.000000e-030 1.000000e-030 1.000000e-030 1.000000e-030 1.000000e-030 1.000000e-030 1.000000e-030 1.000000e+000 1.000000e-030 1.000000e-030 1.000000e-030 1.000000e-030 1.000000e-030 1.000000e-030 1.000000e-030 1.000000e-030 1.000000e-030 1.000000e-030 1.000000e-030 1.000000e-030 1.000000e-030 1.000000e-030 
1.000000e-030 3.448276e-002 1.000000e-030 1.000000e-030 1.000000e-030 1.724138e-001 1.000000e-030 1.000000e-030 1.000000e-030 1.034483e-001 1.000000e-030 1.000000e-030 1.000000e-030 1.000000e-030 1.000000e-030 1.000000e-030 1.000000e-030 3.448276e-001 1.000000e-030 1.000000e-030 1.000000e-030 1.000000e-030 1.000000e-030 1.000000e-030 6.896552e-002 2.758621e-001 1.000000e-030 1.000000e-030 1.000000e-030 1.000000e-030 1.000000e-030 1.000000e-030 
Iteraion 4
-----------------

P(O|lamda) = 2.205219e-020

1.000000e+000 0.000000e+000 0.000000e+000 0.000000e+000 0.000000e+000 
1.584237e-117 1.000000e+000 0.000000e+000 0.000000e+000 0.000000e+000 
2.509806e-234 3.168473e-117 1.000000e+000 0.000000e+000 0.000000e+000 
0.000000e+000 7.529418e-264 4.752710e-147 1.000000e+000 0.000000e+000 
0.000000e+000 0.000000e+000 1.505884e-293 2.874715e-089 1.724138e-001 
0.000000e+000 0.000000e+000 0.000000e+000 8.263984e-178 4.756243e-002 
0.000000e+000 0.000000e+000 0.000000e+000 2.375660e-236 1.640084e-002 
0.000000e+000 0.000000e+000 0.000000e+000 0.000000e+000 5.655461e-004 
0.000000e+000 0.000000e+000 0.000000e+000 0.000000e+000 3.900318e-005 
0.000000e+000 0.000000e+000 0.000000e+000 0.000000e+000 1.344937e-005 
0.000000e+000 0.000000e+000 0.000000e+000 0.000000e+000 4.637714e-006 
0.000000e+000 0.000000e+000 0.000000e+000 0.000000e+000 4.797636e-007 
0.000000e+000 0.000000e+000 0.000000e+000 0.000000e+000 3.308714e-008 
0.000000e+000 0.000000e+000 0.000000e+000 0.000000e+000 1.140936e-008 
0.000000e+000 0.000000e+000 0.000000e+000 0.000000e+000 3.934262e-009 
0.000000e+000 0.000000e+000 0.000000e+000 0.000000e+000 6.783210e-010 
0.000000e+000 0.000000e+000 0.000000e+000 0.000000e+000 1.871230e-010 
0.000000e+000 0.000000e+000 0.000000e+000 0.000000e+000 6.452518e-011 
0.000000e+000 0.000000e+000 0.000000e+000 0.000000e+000 2.225006e-011 
0.000000e+000 0.000000e+000 0.000000e+000 0.000000e+000 3.836218e-012 
0.000000e+000 0.000000e+000 0.000000e+000 0.000000e+000 6.614169e-013 
0.000000e+000 0.000000e+000 0.000000e+000 0.000000e+000 1.824598e-013 
0.000000e+000 0.000000e+000 0.000000e+000 0.000000e+000 5.033375e-014 
0.000000e+000 0.000000e+000 0.000000e+000 0.000000e+000 8.678232e-015 
0.000000e+000 0.000000e+000 0.000000e+000 0.000000e+000 2.393995e-015 
0.000000e+000 0.000000e+000 0.000000e+000 0.000000e+000 2.476547e-016 
0.000000e+000 0.000000e+000 0.000000e+000 0.000000e+000 2.561945e-017 
0.000000e+000 0.000000e+000 0.000000e+000 0.000000e+000 7.067434e-018 
0.000000e+000 0.000000e+000 0.000000e+000 0.000000e+000 2.437046e-018 
0.000000e+000 0.000000e+000 0.000000e+000 0.000000e+000 8.403607e-019 
0.000000e+000 0.000000e+000 0.000000e+000 0.000000e+000 2.897796e-019 
0.000000e+000 0.000000e+000 0.000000e+000 0.000000e+000 7.993919e-020 
0.000000e+000 0.000000e+000 0.000000e+000 0.000000e+000 2.205219e-020 


2.205219e-020 7.604204e-051 2.097711e-051 5.786790e-022 5.786790e-022 
1.279027e-079 2.205219e-020 7.604204e-051 2.097711e-021 2.097711e-021 
4.636473e-109 1.279027e-079 2.205219e-020 7.604204e-021 7.604204e-021 
1.344577e-048 4.636473e-079 1.279027e-049 2.205219e-020 2.205219e-020 
3.899274e-077 1.344577e-018 4.636473e-049 1.279027e-019 1.279027e-019 
5.653947e-106 3.899274e-077 1.344577e-018 4.636473e-019 4.636473e-019 
1.639645e-075 5.653947e-076 3.899274e-047 1.344577e-018 1.344577e-018 
4.754969e-075 1.639645e-045 5.653947e-046 3.899274e-017 3.899274e-017 
4.596470e-104 4.754969e-045 1.639645e-015 5.653947e-016 5.653947e-016 
6.664882e-103 4.596470e-074 4.754969e-015 1.639645e-015 1.639645e-015 
1.932816e-072 6.664882e-073 4.596470e-044 4.754969e-015 4.754969e-015 
5.605166e-072 1.932816e-042 6.664882e-043 4.596470e-014 4.596470e-014 
3.250996e-101 5.605166e-042 1.932816e-012 6.664882e-013 6.664882e-013 
1.178486e-100 3.250996e-071 5.605166e-012 1.932816e-012 1.932816e-012 
3.417610e-040 1.178486e-070 3.250996e-041 5.605166e-012 5.605166e-012 
9.911068e-040 3.417610e-010 1.178486e-040 3.250996e-011 3.250996e-011 
5.748420e-099 9.911068e-040 3.417610e-010 1.178486e-010 1.178486e-010 
3.334083e-098 5.748420e-069 9.911068e-010 3.417610e-010 3.417610e-010 
1.208605e-097 3.334083e-068 5.748420e-039 9.911068e-010 9.911068e-010 
4.381194e-067 1.208605e-067 3.334083e-038 5.748420e-009 5.748420e-009 
2.541093e-036 4.381194e-037 1.208605e-037 3.334083e-008 3.334083e-008 
9.211460e-066 2.541093e-036 4.381194e-037 1.208605e-007 1.208605e-007 
8.904412e-065 9.211460e-066 2.541093e-036 4.381194e-007 4.381194e-007 
8.607598e-064 8.904412e-035 9.211460e-036 2.541093e-006 2.541093e-006 
3.120254e-093 8.607598e-064 8.904412e-035 9.211460e-006 9.211460e-006 
9.048737e-033 3.120254e-063 8.607598e-034 8.904412e-005 8.904412e-005 
2.624134e-032 9.048737e-003 3.120254e-033 8.607598e-004 8.607598e-004 
7.609988e-062 2.624134e-032 9.048737e-003 3.120254e-003 3.120254e-003 
2.758621e-091 7.609988e-032 2.624134e-002 9.048737e-003 9.048737e-003 
1.000000e-060 2.758621e-061 7.609988e-002 2.624134e-002 2.624134e-002 
1.000000e+000 1.000000e-030 2.758621e-031 7.609988e-002 7.609988e-002 
1.000000e+000 1.000000e+000 1.000000e-030 2.758621e-001 2.758621e-001 
1.000000e+000 1.000000e+000 1.000000e+000 1.000000e+000 1.000000e+000 


1.000000e+000 0.000000e+000 0.000000e+000 0.000000e+000 0.000000e+000 
9.188573e-177 1.000000e+000 0.000000e+000 0.000000e+000 0.000000e+000 
5.434722e-323 1.837715e-176 1.000000e+000 0.000000e+000 0.000000e+000 
0.000000e+000 1.581010e-322 2.756572e-176 1.000000e+000 0.000000e+000 
0.000000e+000 0.000000e+000 3.162020e-322 1.667334e-088 1.000000e+000 
0.000000e+000 0.000000e+000 0.000000e+000 1.737503e-176 1.000000e+000 
0.000000e+000 0.000000e+000 0.000000e+000 1.448499e-234 1.000000e+000 
0.000000e+000 0.000000e+000 0.000000e+000 0.000000e+000 1.000000e+000 
0.000000e+000 0.000000e+000 0.000000e+000 0.000000e+000 1.000000e+000 
0.000000e+000 0.000000e+000 0.000000e+000 0.000000e+000 1.000000e+000 
0.000000e+000 0.000000e+000 0.000000e+000 0.000000e+000 1.000000e+000 
0.000000e+000 0.000000e+000 0.000000e+000 0.000000e+000 1.000000e+000 
0.000000e+000 0.000000e+000 0.000000e+000 0.000000e+000 1.000000e+000 
0.000000e+000 0.000000e+000 0.000000e+000 0.000000e+000 1.000000e+000 
0.000000e+000 0.000000e+000 0.000000e+000 0.000000e+000 1.000000e+000 
0.000000e+000 0.000000e+000 0.000000e+000 0.000000e+000 1.000000e+000 
0.000000e+000 0.000000e+000 0.000000e+000 0.000000e+000 1.000000e+000 
0.000000e+000 0.000000e+000 0.000000e+000 0.000000e+000 1.000000e+000 
0.000000e+000 0.000000e+000 0.000000e+000 0.000000e+000 1.000000e+000 
0.000000e+000 0.000000e+000 0.000000e+000 0.000000e+000 1.000000e+000 
0.000000e+000 0.000000e+000 0.000000e+000 0.000000e+000 1.000000e+000 
0.000000e+000 0.000000e+000 0.000000e+000 0.000000e+000 1.000000e+000 
0.000000e+000 0.000000e+000 0.000000e+000 0.000000e+000 1.000000e+000 
0.000000e+000 0.000000e+000 0.000000e+000 0.000000e+000 1.000000e+000 
0.000000e+000 0.000000e+000 0.000000e+000 0.000000e+000 1.000000e+000 
0.000000e+000 0.000000e+000 0.000000e+000 0.000000e+000 1.000000e+000 
0.000000e+000 0.000000e+000 0.000000e+000 0.000000e+000 1.000000e+000 
0.000000e+000 0.000000e+000 0.000000e+000 0.000000e+000 1.000000e+000 
0.000000e+000 0.000000e+000 0.000000e+000 0.000000e+000 1.000000e+000 
0.000000e+000 0.000000e+000 0.000000e+000 0.000000e+000 1.000000e+000 
0.000000e+000 0.000000e+000 0.000000e+000 0.000000e+000 1.000000e+000 
0.000000e+000 0.000000e+000 0.000000e+000 0.000000e+000 1.000000e+000 
0.000000e+000 0.000000e+000 0.000000e+000 0.000000e+000 1.000000e+000 



Q star

------------
1  2  3  4  5  5  5  5  5  5  5  5  5  5  5  5  5  5  5  5  5  5  5  5  5  5  5  5  5  5  5  5  5  
------------

P star

-----------
2.205219e-020

A Martrix

9.188573e-177 1.000000e+000 0.000000e+000 0.000000e+000 0.000000e+000 
0.000000e+000 9.188573e-177 1.000000e+000 0.000000e+000 0.000000e+000 
0.000000e+000 0.000000e+000 9.188573e-177 1.000000e+000 0.000000e+000 
0.000000e+000 0.000000e+000 0.000000e+000 1.667334e-088 1.000000e+000 
0.000000e+000 0.000000e+000 0.000000e+000 0.000000e+000 1.000000e+000 

B Martrix

1.000000e-030 1.000000e-030 1.000000e-030 1.000000e-030 1.000000e-030 1.000000e-030 1.000000e-030 1.000000e-030 1.000000e-030 1.000000e-030 1.000000e-030 1.000000e-030 1.000000e-030 1.000000e-030 1.000000e-030 1.000000e-030 1.000000e-030 1.000000e-030 1.000000e-030 1.000000e-030 1.000000e-030 1.000000e-030 1.000000e-030 1.000000e-030 1.000000e-030 1.000000e+000 1.000000e-030 1.000000e-030 1.000000e-030 1.000000e-030 1.000000e-030 1.000000e-030 
1.000000e-030 1.000000e-030 1.000000e-030 1.000000e-030 1.000000e-030 1.000000e-030 1.000000e-030 1.000000e-030 1.000000e-030 1.000000e-030 1.000000e-030 1.000000e-030 1.000000e-030 1.000000e-030 1.000000e-030 1.000000e-030 1.000000e-030 1.000000e-030 1.000000e-030 1.000000e-030 1.000000e-030 1.000000e-030 1.000000e-030 1.000000e-030 1.000000e-030 1.000000e+000 1.000000e-030 1.000000e-030 1.000000e-030 1.000000e-030 1.000000e-030 1.000000e-030 
1.000000e-030 1.000000e-030 1.000000e-030 1.000000e-030 1.000000e-030 1.000000e-030 1.000000e-030 1.000000e-030 1.000000e-030 1.000000e-030 1.000000e-030 1.000000e-030 1.000000e-030 1.000000e-030 1.000000e-030 1.000000e-030 1.000000e-030 1.000000e-030 1.000000e-030 1.000000e-030 1.000000e-030 1.000000e-030 1.000000e-030 1.000000e-030 1.000000e-030 1.000000e+000 1.000000e-030 1.000000e-030 1.000000e-030 1.000000e-030 1.000000e-030 1.000000e-030 
1.000000e-030 1.000000e-030 1.000000e-030 1.000000e-030 1.000000e-030 1.000000e-030 1.000000e-030 1.000000e-030 1.000000e-030 1.000000e-030 1.000000e-030 1.000000e-030 1.000000e-030 1.000000e-030 1.000000e-030 1.000000e-030 1.000000e-030 1.000000e+000 1.000000e-030 1.000000e-030 1.000000e-030 1.000000e-030 1.000000e-030 1.000000e-030 1.000000e-030 1.000000e-030 1.000000e-030 1.000000e-030 1.000000e-030 1.000000e-030 1.000000e-030 1.000000e-030 
1.000000e-030 3.448276e-002 1.000000e-030 1.000000e-030 1.000000e-030 1.724138e-001 1.000000e-030 1.000000e-030 1.000000e-030 1.034483e-001 1.000000e-030 1.000000e-030 1.000000e-030 1.000000e-030 1.000000e-030 1.000000e-030 1.000000e-030 3.448276e-001 1.000000e-030 1.000000e-030 1.000000e-030 1.000000e-030 1.000000e-030 1.000000e-030 6.896552e-002 2.758621e-001 1.000000e-030 1.000000e-030 1.000000e-030 1.000000e-030 1.000000e-030 1.000000e-030 
=================
