28	12	4	12	12	20	11	20	3	12	4	20	20	20	19	20	12	12	20	4	20	12	28	12	20	20	19	20	19	20	19	19	20	20	28	20	4	12	20	4	4	4	4	4	20	19	20	20	20	28	28	12	12	4	28	28	28	28	28	28	
Iteraion 1
-----------------

P(O|lamda) = 4.909093e-091

3.125000e-002 0.000000e+000 0.000000e+000 0.000000e+000 0.000000e+000 
7.812500e-004 1.953125e-004 0.000000e+000 0.000000e+000 0.000000e+000 
1.953125e-005 9.765625e-006 1.220703e-006 0.000000e+000 0.000000e+000 
4.882813e-007 3.662109e-007 9.155273e-008 7.629395e-009 0.000000e+000 
1.220703e-008 1.220703e-008 4.577637e-009 7.629395e-010 4.768372e-011 
3.051758e-010 3.814697e-010 1.907349e-010 4.768372e-011 6.258488e-012 
7.629395e-012 1.144409e-011 7.152557e-012 2.384186e-012 4.936010e-013 
1.907349e-013 3.337860e-013 2.503395e-013 1.043081e-013 3.032619e-014 
4.768372e-015 9.536743e-015 8.344650e-015 4.172325e-015 1.599619e-015 
1.192093e-016 2.682209e-016 2.682209e-016 1.564622e-016 7.606513e-017 
2.980232e-018 7.450581e-018 8.381903e-018 5.587935e-018 3.354924e-018 
7.450581e-020 2.048910e-019 2.561137e-019 1.920853e-019 1.397660e-019 
1.862645e-021 5.587935e-021 7.683411e-021 6.402843e-021 5.568220e-021 
4.656613e-023 1.513399e-022 2.270099e-022 2.080924e-022 2.140246e-022 
1.164153e-024 4.074536e-024 6.621121e-024 6.621121e-024 7.988847e-024 
2.910383e-026 1.091394e-025 1.909939e-025 2.069100e-025 2.910335e-025 
7.275958e-028 2.910383e-027 5.456968e-027 6.366463e-027 1.038798e-026 
1.818989e-029 7.730705e-029 1.546141e-028 1.932676e-028 3.644149e-028 
4.547474e-031 2.046363e-030 4.348522e-030 5.798029e-030 1.259589e-029 
1.136868e-032 5.400125e-032 1.215028e-031 1.721290e-031 4.298592e-031 
2.842171e-034 1.421085e-033 3.375078e-033 5.062617e-033 1.450891e-032 
7.105427e-036 3.730349e-035 9.325873e-035 1.476597e-034 4.850447e-034 
1.776357e-037 9.769963e-037 2.564615e-036 4.274359e-036 1.608052e-035 
4.440892e-039 2.553513e-038 7.022161e-038 1.228878e-037 5.292309e-037 
1.110223e-040 6.661338e-040 1.915135e-039 3.511080e-039 1.730652e-038 
2.775558e-042 1.734723e-041 5.204170e-041 9.974660e-041 5.627729e-040 
6.938894e-044 4.510281e-043 1.409463e-042 2.818926e-042 1.821007e-041 
1.734723e-045 1.170938e-044 3.805550e-044 7.928228e-044 5.866829e-043 
4.336809e-047 3.035766e-046 1.024571e-045 2.219904e-045 1.882936e-044 
1.084202e-048 7.860466e-048 2.751163e-047 6.190117e-047 6.022918e-046 
2.710505e-050 2.032879e-049 7.369187e-049 1.719477e-048 1.920850e-047 
6.776264e-052 5.251604e-051 1.969352e-050 4.759266e-050 6.110124e-049 
1.694066e-053 1.355253e-052 5.251604e-052 1.312901e-051 1.939159e-050 
4.235165e-055 3.494011e-054 1.397604e-053 3.610478e-053 6.141928e-052 
1.058791e-056 8.999725e-056 3.712387e-055 9.899698e-055 1.941918e-053 
2.646978e-058 2.316106e-057 9.843449e-057 2.706949e-056 6.130367e-055 
6.617445e-060 5.955700e-059 2.605619e-058 7.382587e-058 1.932658e-056 
1.654361e-061 1.530284e-060 6.886279e-060 2.008498e-059 6.085698e-058 
4.135903e-063 3.929108e-062 1.817212e-061 5.451637e-061 1.914334e-059 
1.033976e-064 1.008126e-063 4.788600e-063 1.476485e-062 6.016366e-061 
2.584939e-066 2.584939e-065 1.260158e-064 3.990500e-064 1.889342e-062 
6.462349e-068 6.623907e-067 3.311954e-066 1.076385e-065 5.929135e-064 
1.615587e-069 1.696366e-068 8.693878e-068 2.897959e-067 1.859582e-065 
4.038968e-071 4.341890e-070 2.279492e-069 7.788266e-069 5.829306e-067 
1.009742e-072 1.110716e-071 5.970099e-071 2.089535e-070 1.826526e-068 
2.524355e-074 2.839899e-073 1.561945e-072 5.596968e-072 5.720953e-070 
6.310887e-076 7.257520e-075 4.082355e-074 1.496864e-073 1.791296e-071 
1.577722e-077 1.853823e-076 1.065948e-075 3.997306e-075 5.607155e-073 
3.944305e-079 4.733165e-078 2.780735e-077 1.065948e-076 1.754734e-074 
9.860761e-081 1.207943e-079 7.247660e-079 2.838667e-078 5.490207e-076 
2.465190e-082 3.081488e-081 1.887411e-080 7.549645e-080 1.717464e-077 
6.162976e-084 7.857794e-083 4.911121e-082 2.005375e-081 5.371793e-079 
1.540744e-085 2.002967e-084 1.276892e-083 5.320381e-083 1.679939e-080 
3.851860e-087 5.103714e-086 3.317414e-085 1.409901e-084 5.253134e-082 
9.629650e-089 1.300003e-087 8.612518e-087 3.732091e-086 1.642485e-083 
2.407412e-090 3.310192e-089 2.234380e-088 9.868510e-088 5.135100e-085 
6.018531e-092 8.425944e-091 5.792836e-090 2.606776e-089 1.605335e-086 
1.504633e-093 2.144102e-092 1.500871e-091 6.878993e-091 5.018302e-088 
3.761582e-095 5.454294e-094 3.886184e-093 1.813553e-092 1.568649e-089 
9.403955e-097 1.387083e-095 1.005635e-094 4.776768e-094 4.903163e-091 


1.570910e-089 1.570910e-089 1.570910e-089 1.570910e-089 1.570910e-089 
5.026912e-088 5.026912e-088 5.026912e-088 5.026912e-088 5.026912e-088 
1.608612e-086 1.608612e-086 1.608612e-086 1.608612e-086 1.608612e-086 
5.147558e-085 5.147558e-085 5.147558e-085 5.147558e-085 5.147558e-085 
1.647218e-083 1.647218e-083 1.647218e-083 1.647218e-083 1.647218e-083 
5.271099e-082 5.271099e-082 5.271099e-082 5.271099e-082 5.271099e-082 
1.686752e-080 1.686752e-080 1.686752e-080 1.686752e-080 1.686752e-080 
5.397605e-079 5.397605e-079 5.397605e-079 5.397605e-079 5.397605e-079 
1.727234e-077 1.727234e-077 1.727234e-077 1.727234e-077 1.727234e-077 
5.527148e-076 5.527148e-076 5.527148e-076 5.527148e-076 5.527148e-076 
1.768687e-074 1.768687e-074 1.768687e-074 1.768687e-074 1.768687e-074 
5.659799e-073 5.659799e-073 5.659799e-073 5.659799e-073 5.659799e-073 
1.811136e-071 1.811136e-071 1.811136e-071 1.811136e-071 1.811136e-071 
5.795635e-070 5.795635e-070 5.795635e-070 5.795635e-070 5.795635e-070 
1.854603e-068 1.854603e-068 1.854603e-068 1.854603e-068 1.854603e-068 
5.934730e-067 5.934730e-067 5.934730e-067 5.934730e-067 5.934730e-067 
1.899114e-065 1.899114e-065 1.899114e-065 1.899114e-065 1.899114e-065 
6.077163e-064 6.077163e-064 6.077163e-064 6.077163e-064 6.077163e-064 
1.944692e-062 1.944692e-062 1.944692e-062 1.944692e-062 1.944692e-062 
6.223015e-061 6.223015e-061 6.223015e-061 6.223015e-061 6.223015e-061 
1.991365e-059 1.991365e-059 1.991365e-059 1.991365e-059 1.991365e-059 
6.372368e-058 6.372368e-058 6.372368e-058 6.372368e-058 6.372368e-058 
2.039158e-056 2.039158e-056 2.039158e-056 2.039158e-056 2.039158e-056 
6.525304e-055 6.525304e-055 6.525304e-055 6.525304e-055 6.525304e-055 
2.088097e-053 2.088097e-053 2.088097e-053 2.088097e-053 2.088097e-053 
6.681912e-052 6.681912e-052 6.681912e-052 6.681912e-052 6.681912e-052 
2.138212e-050 2.138212e-050 2.138212e-050 2.138212e-050 2.138212e-050 
6.842278e-049 6.842278e-049 6.842278e-049 6.842278e-049 6.842278e-049 
2.189529e-047 2.189529e-047 2.189529e-047 2.189529e-047 2.189529e-047 
7.006492e-046 7.006492e-046 7.006492e-046 7.006492e-046 7.006492e-046 
2.242078e-044 2.242078e-044 2.242078e-044 2.242078e-044 2.242078e-044 
7.174648e-043 7.174648e-043 7.174648e-043 7.174648e-043 7.174648e-043 
2.295887e-041 2.295887e-041 2.295887e-041 2.295887e-041 2.295887e-041 
7.346840e-040 7.346840e-040 7.346840e-040 7.346840e-040 7.346840e-040 
2.350989e-038 2.350989e-038 2.350989e-038 2.350989e-038 2.350989e-038 
7.523164e-037 7.523164e-037 7.523164e-037 7.523164e-037 7.523164e-037 
2.407412e-035 2.407412e-035 2.407412e-035 2.407412e-035 2.407412e-035 
7.703720e-034 7.703720e-034 7.703720e-034 7.703720e-034 7.703720e-034 
2.465190e-032 2.465190e-032 2.465190e-032 2.465190e-032 2.465190e-032 
7.888609e-031 7.888609e-031 7.888609e-031 7.888609e-031 7.888609e-031 
2.524355e-029 2.524355e-029 2.524355e-029 2.524355e-029 2.524355e-029 
8.077936e-028 8.077936e-028 8.077936e-028 8.077936e-028 8.077936e-028 
2.584939e-026 2.584939e-026 2.584939e-026 2.584939e-026 2.584939e-026 
8.271806e-025 8.271806e-025 8.271806e-025 8.271806e-025 8.271806e-025 
2.646978e-023 2.646978e-023 2.646978e-023 2.646978e-023 2.646978e-023 
8.470329e-022 8.470329e-022 8.470329e-022 8.470329e-022 8.470329e-022 
2.710505e-020 2.710505e-020 2.710505e-020 2.710505e-020 2.710505e-020 
8.673617e-019 8.673617e-019 8.673617e-019 8.673617e-019 8.673617e-019 
2.775558e-017 2.775558e-017 2.775558e-017 2.775558e-017 2.775558e-017 
8.881784e-016 8.881784e-016 8.881784e-016 8.881784e-016 8.881784e-016 
2.842171e-014 2.842171e-014 2.842171e-014 2.842171e-014 2.842171e-014 
9.094947e-013 9.094947e-013 9.094947e-013 9.094947e-013 9.094947e-013 
2.910383e-011 2.910383e-011 2.910383e-011 2.910383e-011 2.910383e-011 
9.313226e-010 9.313226e-010 9.313226e-010 9.313226e-010 9.313226e-010 
2.980232e-008 2.980232e-008 2.980232e-008 2.980232e-008 2.980232e-008 
9.536743e-007 9.536743e-007 9.536743e-007 9.536743e-007 9.536743e-007 
3.051758e-005 3.051758e-005 3.051758e-005 3.051758e-005 3.051758e-005 
9.765625e-004 9.765625e-004 9.765625e-004 9.765625e-004 9.765625e-004 
3.125000e-002 3.125000e-002 3.125000e-002 3.125000e-002 3.125000e-002 
1.000000e+000 1.000000e+000 1.000000e+000 1.000000e+000 1.000000e+000 


1.000000e+000 0.000000e+000 0.000000e+000 0.000000e+000 0.000000e+000 
8.000000e-001 2.000000e-001 0.000000e+000 0.000000e+000 0.000000e+000 
6.400000e-001 3.200000e-001 4.000000e-002 0.000000e+000 0.000000e+000 
5.120000e-001 3.840000e-001 9.600000e-002 8.000000e-003 0.000000e+000 
4.096000e-001 4.096000e-001 1.536000e-001 2.560000e-002 1.600000e-003 
3.276800e-001 4.096000e-001 2.048000e-001 5.120000e-002 6.720000e-003 
2.621440e-001 3.932160e-001 2.457600e-001 8.192000e-002 1.696000e-002 
2.097152e-001 3.670016e-001 2.752512e-001 1.146880e-001 3.334400e-002 
1.677722e-001 3.355443e-001 2.936013e-001 1.468006e-001 5.628160e-002 
1.342177e-001 3.019899e-001 3.019899e-001 1.761608e-001 8.564173e-002 
1.073742e-001 2.684355e-001 3.019899e-001 2.013266e-001 1.208739e-001 
8.589935e-002 2.362232e-001 2.952790e-001 2.214593e-001 1.611392e-001 
6.871948e-002 2.061584e-001 2.834678e-001 2.362232e-001 2.054311e-001 
5.497558e-002 1.786706e-001 2.680060e-001 2.456721e-001 2.526757e-001 
4.398047e-002 1.539316e-001 2.501389e-001 2.501389e-001 3.018101e-001 
3.518437e-002 1.319414e-001 2.308974e-001 2.501389e-001 3.518379e-001 
2.814750e-002 1.125900e-001 2.111062e-001 2.462906e-001 4.018657e-001 
2.251800e-002 9.570149e-002 1.914030e-001 2.392537e-001 4.511238e-001 
1.801440e-002 8.106479e-002 1.722627e-001 2.296836e-001 4.989745e-001 
1.441152e-002 6.845471e-002 1.540231e-001 2.181994e-001 5.449113e-001 
1.152922e-002 5.764608e-002 1.369094e-001 2.053641e-001 5.885511e-001 
9.223372e-003 4.842270e-002 1.210568e-001 1.916732e-001 6.296240e-001 
7.378698e-003 4.058284e-002 1.065299e-001 1.775499e-001 6.679586e-001 
5.902958e-003 3.394201e-002 9.334053e-002 1.633459e-001 7.034686e-001 
4.722366e-003 2.833420e-002 8.146082e-002 1.493448e-001 7.361378e-001 
3.777893e-003 2.361183e-002 7.083550e-002 1.357680e-001 7.660067e-001 
3.022315e-003 1.964504e-002 6.139076e-002 1.227815e-001 7.931603e-001 
2.417852e-003 1.632050e-002 5.304162e-002 1.105034e-001 8.177167e-001 
1.934281e-003 1.353997e-002 4.569740e-002 9.901102e-002 8.398173e-001 
1.547425e-003 1.121883e-002 3.926591e-002 8.834830e-002 8.596195e-001 
1.237940e-003 9.284550e-003 3.365649e-002 7.853182e-002 8.772892e-001 
9.903520e-004 7.675228e-003 2.878211e-002 6.955676e-002 8.929956e-001 
7.922816e-004 6.338253e-003 2.456073e-002 6.140183e-002 9.069069e-001 
6.338253e-004 5.229059e-003 2.091623e-002 5.403361e-002 9.191873e-001 
5.070602e-004 4.310012e-003 1.777880e-002 4.741013e-002 9.299940e-001 
4.056482e-004 3.549422e-003 1.508504e-002 4.148387e-002 9.394760e-001 
3.245186e-004 2.920667e-003 1.277792e-002 3.620410e-002 9.477728e-001 
2.596148e-004 2.401437e-003 1.080647e-002 3.151886e-002 9.550136e-001 
2.076919e-004 1.973073e-003 9.125462e-003 2.737639e-002 9.613174e-001 
1.661535e-004 1.619997e-003 7.694984e-003 2.372620e-002 9.667927e-001 
1.329228e-004 1.329228e-003 6.479986e-003 2.051996e-002 9.715379e-001 
1.063382e-004 1.089967e-003 5.449835e-003 1.771196e-002 9.756419e-001 
8.507059e-005 8.932412e-004 4.577861e-003 1.525954e-002 9.791843e-001 
6.805647e-005 7.316071e-004 3.840937e-003 1.312320e-002 9.822362e-001 
5.444518e-005 5.988970e-004 3.219071e-003 1.126675e-002 9.848608e-001 
4.355614e-005 4.900066e-004 2.695036e-003 9.657214e-003 9.871142e-001 
3.484491e-005 4.007165e-004 2.254030e-003 8.264778e-003 9.890456e-001 
2.787593e-005 3.275422e-004 1.883368e-003 7.062629e-003 9.906986e-001 
2.230075e-005 2.676089e-004 1.572203e-003 6.026776e-003 9.921111e-001 
1.784060e-005 2.185473e-004 1.311284e-003 5.135862e-003 9.933165e-001 
1.427248e-005 1.784060e-004 1.092737e-003 4.370946e-003 9.943436e-001 
1.141798e-005 1.455793e-004 9.098704e-004 3.715304e-003 9.952178e-001 
9.134385e-006 1.187470e-004 7.570122e-004 3.154217e-003 9.959609e-001 
7.307508e-006 9.682448e-005 6.293591e-004 2.674776e-003 9.965917e-001 
5.846007e-006 7.892109e-005 5.228522e-004 2.265693e-003 9.971267e-001 
4.676805e-006 6.430607e-005 4.340660e-004 1.917125e-003 9.975798e-001 
3.741444e-006 5.238022e-005 3.601140e-004 1.620513e-003 9.979633e-001 
2.993155e-006 4.265246e-005 2.985672e-004 1.368433e-003 9.982874e-001 
2.394524e-006 3.472060e-005 2.473843e-004 1.154460e-003 9.985610e-001 
1.915619e-006 2.825539e-005 2.048516e-004 9.730449e-004 9.987919e-001 



Q star

------------
1  2  3  4  5  5  5  5  5  5  5  5  5  5  5  5  5  5  5  5  5  5  5  5  5  5  5  5  5  5  5  5  5  5  5  5  5  5  5  5  5  5  5  5  5  5  5  5  5  5  5  5  5  5  5  5  5  5  5  5  
------------

P star

-----------
7.854550e-094

A Martrix

8.000000e-001 2.000000e-001 0.000000e+000 0.000000e+000 0.000000e+000 
0.000000e+000 8.000000e-001 2.000000e-001 0.000000e+000 0.000000e+000 
0.000000e+000 0.000000e+000 8.000000e-001 2.000000e-001 0.000000e+000 
0.000000e+000 0.000000e+000 0.000000e+000 8.000000e-001 2.000000e-001 
0.000000e+000 0.000000e+000 0.000000e+000 0.000000e+000 1.000000e+000 

B Martrix

1.000000e-030 1.000000e-030 1.000000e-030 1.000000e-030 1.000000e-030 1.000000e-030 1.000000e-030 1.000000e-030 1.000000e-030 1.000000e-030 1.000000e-030 1.000000e-030 1.000000e-030 1.000000e-030 1.000000e-030 1.000000e-030 1.000000e-030 1.000000e-030 1.000000e-030 1.000000e-030 1.000000e-030 1.000000e-030 1.000000e-030 1.000000e-030 1.000000e-030 1.000000e-030 1.000000e-030 1.000000e+000 1.000000e-030 1.000000e-030 1.000000e-030 1.000000e-030 
1.000000e-030 1.000000e-030 1.000000e-030 1.000000e-030 1.000000e-030 1.000000e-030 1.000000e-030 1.000000e-030 1.000000e-030 1.000000e-030 1.000000e-030 1.000000e+000 1.000000e-030 1.000000e-030 1.000000e-030 1.000000e-030 1.000000e-030 1.000000e-030 1.000000e-030 1.000000e-030 1.000000e-030 1.000000e-030 1.000000e-030 1.000000e-030 1.000000e-030 1.000000e-030 1.000000e-030 1.000000e-030 1.000000e-030 1.000000e-030 1.000000e-030 1.000000e-030 
1.000000e-030 1.000000e-030 1.000000e-030 1.000000e+000 1.000000e-030 1.000000e-030 1.000000e-030 1.000000e-030 1.000000e-030 1.000000e-030 1.000000e-030 1.000000e-030 1.000000e-030 1.000000e-030 1.000000e-030 1.000000e-030 1.000000e-030 1.000000e-030 1.000000e-030 1.000000e-030 1.000000e-030 1.000000e-030 1.000000e-030 1.000000e-030 1.000000e-030 1.000000e-030 1.000000e-030 1.000000e-030 1.000000e-030 1.000000e-030 1.000000e-030 1.000000e-030 
1.000000e-030 1.000000e-030 1.000000e-030 1.000000e-030 1.000000e-030 1.000000e-030 1.000000e-030 1.000000e-030 1.000000e-030 1.000000e-030 1.000000e-030 1.000000e+000 1.000000e-030 1.000000e-030 1.000000e-030 1.000000e-030 1.000000e-030 1.000000e-030 1.000000e-030 1.000000e-030 1.000000e-030 1.000000e-030 1.000000e-030 1.000000e-030 1.000000e-030 1.000000e-030 1.000000e-030 1.000000e-030 1.000000e-030 1.000000e-030 1.000000e-030 1.000000e-030 
1.000000e-030 1.000000e-030 1.406823e-003 1.871097e-001 1.000000e-030 1.000000e-030 1.000000e-030 1.000000e-030 1.000000e-030 1.000000e-030 4.239346e-004 1.304678e-001 1.000000e-030 1.000000e-030 1.000000e-030 1.000000e-030 1.000000e-030 1.000000e-030 1.172866e-001 3.239940e-001 1.000000e-030 1.000000e-030 1.000000e-030 1.000000e-030 1.000000e-030 1.000000e-030 1.000000e-030 2.393112e-001 1.000000e-030 1.000000e-030 1.000000e-030 1.000000e-030 
Iteraion 2
-----------------

P(O|lamda) = 5.458984e-045

1.000000e+000 0.000000e+000 0.000000e+000 0.000000e+000 0.000000e+000 
8.000000e-031 2.000000e-001 0.000000e+000 0.000000e+000 0.000000e+000 
6.400000e-061 1.600000e-031 4.000000e-002 0.000000e+000 0.000000e+000 
5.120000e-091 1.280000e-031 3.200000e-032 8.000000e-003 0.000000e+000 
4.096000e-121 1.024000e-031 5.120000e-062 6.400000e-003 2.087485e-004 
3.276800e-151 8.192000e-062 2.048000e-062 5.120000e-033 4.823456e-004 
2.621440e-181 6.553600e-092 3.276800e-092 4.096000e-063 2.044830e-007 
2.097152e-211 5.242880e-122 3.932160e-122 3.276800e-093 6.625126e-008 
1.677722e-241 4.194304e-152 4.194304e-152 2.621440e-123 9.320380e-011 
1.342177e-271 3.355443e-152 4.194304e-182 2.097152e-123 1.216009e-011 
1.073742e-301 2.684355e-182 6.710886e-153 1.677722e-153 2.275272e-012 
0.000000e+000 2.147484e-212 5.368709e-183 2.684355e-183 7.371743e-013 
0.000000e+000 1.717987e-242 4.294967e-213 3.221225e-213 2.388400e-013 
0.000000e+000 1.374390e-272 3.435974e-243 3.435974e-243 7.738274e-014 
0.000000e+000 1.099512e-302 2.748779e-273 3.435974e-273 9.075957e-015 
0.000000e+000 0.000000e+000 2.199023e-303 3.298535e-303 2.940556e-015 
0.000000e+000 0.000000e+000 0.000000e+000 3.078633e-303 3.836478e-016 
0.000000e+000 0.000000e+000 0.000000e+000 2.462906e-303 5.005368e-017 
0.000000e+000 0.000000e+000 0.000000e+000 0.000000e+000 1.621709e-017 
0.000000e+000 0.000000e+000 0.000000e+000 0.000000e+000 3.034375e-018 
0.000000e+000 0.000000e+000 0.000000e+000 0.000000e+000 9.831193e-019 
0.000000e+000 0.000000e+000 0.000000e+000 0.000000e+000 1.282654e-019 
0.000000e+000 0.000000e+000 0.000000e+000 0.000000e+000 3.069534e-020 
0.000000e+000 0.000000e+000 0.000000e+000 0.000000e+000 4.004753e-021 
0.000000e+000 0.000000e+000 0.000000e+000 0.000000e+000 1.297516e-021 
0.000000e+000 0.000000e+000 0.000000e+000 0.000000e+000 4.203874e-022 
0.000000e+000 0.000000e+000 0.000000e+000 0.000000e+000 4.930580e-023 
0.000000e+000 0.000000e+000 0.000000e+000 0.000000e+000 1.597478e-023 
0.000000e+000 0.000000e+000 0.000000e+000 0.000000e+000 1.873628e-024 
0.000000e+000 0.000000e+000 0.000000e+000 0.000000e+000 6.070441e-025 
0.000000e+000 0.000000e+000 0.000000e+000 0.000000e+000 7.119813e-026 
0.000000e+000 0.000000e+000 0.000000e+000 0.000000e+000 8.350585e-027 
0.000000e+000 0.000000e+000 0.000000e+000 0.000000e+000 2.705539e-027 
0.000000e+000 0.000000e+000 0.000000e+000 0.000000e+000 8.765785e-028 
0.000000e+000 0.000000e+000 0.000000e+000 0.000000e+000 2.097750e-028 
0.000000e+000 0.000000e+000 0.000000e+000 0.000000e+000 6.796585e-029 
0.000000e+000 0.000000e+000 0.000000e+000 0.000000e+000 1.271707e-029 
0.000000e+000 0.000000e+000 0.000000e+000 0.000000e+000 1.659168e-030 
0.000000e+000 0.000000e+000 0.000000e+000 0.000000e+000 5.375605e-031 
0.000000e+000 0.000000e+000 0.000000e+000 0.000000e+000 1.005828e-031 
0.000000e+000 0.000000e+000 0.000000e+000 0.000000e+000 1.882002e-032 
0.000000e+000 0.000000e+000 0.000000e+000 0.000000e+000 3.521408e-033 
0.000000e+000 0.000000e+000 0.000000e+000 0.000000e+000 6.588896e-034 
0.000000e+000 0.000000e+000 0.000000e+000 0.000000e+000 1.232847e-034 
0.000000e+000 0.000000e+000 0.000000e+000 0.000000e+000 3.994349e-035 
0.000000e+000 0.000000e+000 0.000000e+000 0.000000e+000 4.684835e-036 
0.000000e+000 0.000000e+000 0.000000e+000 0.000000e+000 1.517858e-036 
0.000000e+000 0.000000e+000 0.000000e+000 0.000000e+000 4.917770e-037 
0.000000e+000 0.000000e+000 0.000000e+000 0.000000e+000 1.593328e-037 
0.000000e+000 0.000000e+000 0.000000e+000 0.000000e+000 3.813012e-038 
0.000000e+000 0.000000e+000 0.000000e+000 0.000000e+000 9.124963e-039 
0.000000e+000 0.000000e+000 0.000000e+000 0.000000e+000 1.190514e-039 
0.000000e+000 0.000000e+000 0.000000e+000 0.000000e+000 1.553237e-040 
0.000000e+000 0.000000e+000 0.000000e+000 0.000000e+000 2.906257e-041 
0.000000e+000 0.000000e+000 0.000000e+000 0.000000e+000 6.954998e-042 
0.000000e+000 0.000000e+000 0.000000e+000 0.000000e+000 1.664409e-042 
0.000000e+000 0.000000e+000 0.000000e+000 0.000000e+000 3.983116e-043 
0.000000e+000 0.000000e+000 0.000000e+000 0.000000e+000 9.532041e-044 
0.000000e+000 0.000000e+000 0.000000e+000 0.000000e+000 2.281124e-044 
0.000000e+000 0.000000e+000 0.000000e+000 0.000000e+000 5.458984e-045 


5.458984e-045 2.183594e-044 4.671468e-046 2.173325e-045 1.523690e-045 
5.866924e-105 2.729492e-044 1.091797e-043 2.335734e-045 1.167867e-044 
3.418965e-101 2.933462e-074 1.364746e-043 5.583816e-043 6.241617e-044 
4.271443e-101 1.709483e-100 1.466731e-043 6.823730e-043 4.784029e-043 
1.318371e-130 2.135722e-100 4.527032e-073 7.333655e-043 3.666828e-042 
2.392215e-126 6.591856e-100 1.067861e-069 2.263516e-042 1.131758e-041 
7.182819e-097 9.087946e-096 3.295928e-069 5.339304e-039 2.669652e-038 
1.895752e-095 3.591409e-066 3.107409e-065 1.647964e-038 8.239820e-038 
1.184845e-065 4.739381e-065 1.795705e-035 8.354227e-035 5.857040e-035 
3.656998e-125 5.924226e-065 3.329397e-064 8.978524e-035 4.489262e-034 
1.128724e-124 1.828499e-094 2.962113e-064 4.798534e-034 2.399267e-033 
9.623640e-124 5.643619e-094 9.142494e-064 1.481057e-033 7.405283e-033 
5.225440e-121 4.811820e-093 2.821810e-063 4.571247e-033 2.285623e-032 
1.623668e-091 1.963253e-090 2.405910e-062 1.410905e-032 7.054524e-032 
1.745002e-091 8.118339e-061 6.568929e-060 1.202955e-031 6.014775e-031 
1.536742e-088 8.725008e-061 4.059170e-030 1.660797e-029 1.856446e-030 
1.914195e-088 7.683709e-088 4.362504e-030 2.029585e-029 1.422916e-029 
1.178381e-088 9.570974e-088 1.346477e-059 2.181252e-029 1.090626e-028 
6.809611e-089 5.891906e-058 2.428724e-057 6.732384e-029 3.366192e-028 
3.489603e-087 3.404806e-058 2.945953e-057 3.598095e-028 1.799047e-027 
2.181002e-057 8.724008e-057 1.702403e-027 7.920155e-027 5.552718e-027 
1.662157e-086 1.090501e-056 9.435384e-056 8.512014e-027 4.256007e-026 
2.077697e-086 1.167659e-085 5.452505e-026 2.536690e-025 1.778441e-025 
1.771470e-115 1.038848e-085 1.682903e-055 2.726252e-025 1.363126e-024 
5.467601e-115 8.857350e-085 5.194242e-055 8.414515e-025 4.207258e-024 
4.661745e-114 2.733801e-084 4.428675e-054 2.597121e-024 1.298560e-023 
1.438837e-113 2.330873e-083 1.366900e-053 2.214338e-023 1.107169e-022 
1.226770e-112 7.194184e-083 1.165436e-052 6.834502e-023 3.417251e-022 
1.045960e-111 6.133851e-082 3.597092e-052 5.827181e-022 2.913591e-021 
3.228330e-111 5.229798e-081 3.066926e-051 1.798546e-021 8.992731e-021 
9.964167e-111 1.614165e-080 2.614899e-050 1.533463e-020 7.667314e-020 
2.736963e-108 4.982083e-080 8.070825e-050 1.307449e-019 6.537247e-019 
3.369158e-078 2.081843e-079 2.491042e-049 4.035413e-019 2.017706e-018 
4.211448e-048 5.117993e-077 1.040922e-048 1.245521e-018 6.227604e-018 
5.264310e-048 4.211448e-047 8.744174e-047 5.204608e-018 2.602304e-017 
3.502932e-103 2.632155e-017 1.052862e-016 1.606390e-017 8.031951e-017 
2.189231e-073 8.757737e-073 1.316077e-016 6.122838e-016 4.292643e-016 
1.367727e-073 1.094616e-072 4.062043e-046 6.580387e-016 3.290194e-015 
1.703857e-073 6.838634e-043 2.737624e-042 2.031021e-015 1.015511e-014 
2.098817e-073 8.519286e-043 3.419317e-042 1.085471e-014 5.427354e-014 
2.457819e-073 1.049408e-042 4.259643e-042 5.801253e-014 2.900627e-013 
2.186683e-073 1.228909e-042 5.247042e-042 3.100455e-013 1.550228e-012 
1.864393e-102 1.093342e-042 6.144547e-042 1.657025e-012 8.285127e-012 
5.754407e-102 9.321966e-072 5.466708e-042 8.855902e-012 4.427951e-011 
1.776084e-101 2.877203e-071 4.660983e-041 2.733354e-011 1.366677e-010 
5.481844e-101 8.880422e-071 1.438602e-040 2.330492e-010 1.165246e-009 
4.117432e-097 2.740922e-070 4.440211e-040 7.193008e-010 3.596504e-009 
5.143927e-067 1.145338e-069 1.370461e-039 2.220106e-009 1.110053e-008 
6.429908e-037 6.326661e-067 5.726690e-039 6.852305e-009 3.426152e-008 
8.037386e-037 2.616167e-037 2.116864e-036 2.863345e-008 1.431673e-007 
1.004673e-036 4.299860e-036 1.308084e-006 5.351984e-006 5.982473e-007 
1.255841e-036 5.023366e-036 1.405834e-006 6.540418e-006 4.585402e-006 
2.097152e-031 6.279207e-036 3.263025e-035 7.029172e-006 3.514586e-005 
2.621440e-001 2.623867e-065 3.139604e-035 3.756711e-005 1.878356e-004 
3.276800e-001 1.096425e-064 1.311934e-034 1.569802e-004 7.849009e-004 
4.096000e-001 4.581587e-064 5.482125e-034 6.559668e-004 3.279834e-003 
5.120000e-001 1.914489e-063 2.290793e-033 2.741062e-003 1.370531e-002 
6.400000e-001 1.000000e-060 9.572447e-033 1.145397e-002 5.726984e-002 
8.000000e-001 1.000000e-030 1.000000e-030 4.786223e-002 2.393112e-001 
1.000000e+000 1.000000e+000 1.000000e+000 1.000000e+000 1.000000e+000 


1.000000e+000 0.000000e+000 0.000000e+000 0.000000e+000 0.000000e+000 
8.597826e-091 1.000000e+000 0.000000e+000 0.000000e+000 0.000000e+000 
4.008324e-117 8.597826e-061 1.000000e+000 0.000000e+000 0.000000e+000 
4.006201e-147 4.008324e-087 8.597826e-031 1.000000e+000 0.000000e+000 
9.892039e-207 4.006201e-087 4.245919e-090 8.597826e-001 1.402174e-001 
1.435946e-232 9.892039e-117 4.006201e-087 2.122959e-030 1.000000e+000 
3.449237e-233 1.091023e-142 1.978408e-116 4.006201e-057 1.000000e+000 
7.282822e-262 3.449237e-143 2.238297e-142 9.892039e-087 1.000000e+000 
3.641411e-262 3.641411e-172 1.379695e-142 4.011755e-113 1.000000e+000 
0.000000e+000 3.641411e-172 2.558077e-201 3.449237e-113 1.000000e+000 
0.000000e+000 8.991305e-232 3.641411e-172 1.474744e-142 1.000000e+000 
0.000000e+000 2.220116e-261 8.991305e-202 7.282822e-172 1.000000e+000 
0.000000e+000 1.514319e-290 2.220116e-231 2.697391e-201 1.000000e+000 
0.000000e+000 4.942816e-318 1.514319e-260 8.880466e-231 1.000000e+000 
0.000000e+000 1.635140e-318 3.307673e-288 7.571596e-260 1.000000e+000 
0.000000e+000 0.000000e+000 1.635141e-288 1.003519e-287 1.000000e+000 
0.000000e+000 0.000000e+000 0.000000e+000 1.144599e-287 1.000000e+000 
0.000000e+000 0.000000e+000 0.000000e+000 9.841060e-288 1.000000e+000 
0.000000e+000 0.000000e+000 0.000000e+000 0.000000e+000 1.000000e+000 
0.000000e+000 0.000000e+000 0.000000e+000 0.000000e+000 1.000000e+000 
0.000000e+000 0.000000e+000 0.000000e+000 0.000000e+000 1.000000e+000 
0.000000e+000 0.000000e+000 0.000000e+000 0.000000e+000 1.000000e+000 
0.000000e+000 0.000000e+000 0.000000e+000 0.000000e+000 1.000000e+000 
0.000000e+000 0.000000e+000 0.000000e+000 0.000000e+000 1.000000e+000 
0.000000e+000 0.000000e+000 0.000000e+000 0.000000e+000 1.000000e+000 
0.000000e+000 0.000000e+000 0.000000e+000 0.000000e+000 1.000000e+000 
0.000000e+000 0.000000e+000 0.000000e+000 0.000000e+000 1.000000e+000 
0.000000e+000 0.000000e+000 0.000000e+000 0.000000e+000 1.000000e+000 
0.000000e+000 0.000000e+000 0.000000e+000 0.000000e+000 1.000000e+000 
0.000000e+000 0.000000e+000 0.000000e+000 0.000000e+000 1.000000e+000 
0.000000e+000 0.000000e+000 0.000000e+000 0.000000e+000 1.000000e+000 
0.000000e+000 0.000000e+000 0.000000e+000 0.000000e+000 1.000000e+000 
0.000000e+000 0.000000e+000 0.000000e+000 0.000000e+000 1.000000e+000 
0.000000e+000 0.000000e+000 0.000000e+000 0.000000e+000 1.000000e+000 
0.000000e+000 0.000000e+000 0.000000e+000 0.000000e+000 1.000000e+000 
0.000000e+000 0.000000e+000 0.000000e+000 0.000000e+000 1.000000e+000 
0.000000e+000 0.000000e+000 0.000000e+000 0.000000e+000 1.000000e+000 
0.000000e+000 0.000000e+000 0.000000e+000 0.000000e+000 1.000000e+000 
0.000000e+000 0.000000e+000 0.000000e+000 0.000000e+000 1.000000e+000 
0.000000e+000 0.000000e+000 0.000000e+000 0.000000e+000 1.000000e+000 
0.000000e+000 0.000000e+000 0.000000e+000 0.000000e+000 1.000000e+000 
0.000000e+000 0.000000e+000 0.000000e+000 0.000000e+000 1.000000e+000 
0.000000e+000 0.000000e+000 0.000000e+000 0.000000e+000 1.000000e+000 
0.000000e+000 0.000000e+000 0.000000e+000 0.000000e+000 1.000000e+000 
0.000000e+000 0.000000e+000 0.000000e+000 0.000000e+000 1.000000e+000 
0.000000e+000 0.000000e+000 0.000000e+000 0.000000e+000 1.000000e+000 
0.000000e+000 0.000000e+000 0.000000e+000 0.000000e+000 1.000000e+000 
0.000000e+000 0.000000e+000 0.000000e+000 0.000000e+000 1.000000e+000 
0.000000e+000 0.000000e+000 0.000000e+000 0.000000e+000 1.000000e+000 
0.000000e+000 0.000000e+000 0.000000e+000 0.000000e+000 1.000000e+000 
0.000000e+000 0.000000e+000 0.000000e+000 0.000000e+000 1.000000e+000 
0.000000e+000 0.000000e+000 0.000000e+000 0.000000e+000 1.000000e+000 
0.000000e+000 0.000000e+000 0.000000e+000 0.000000e+000 1.000000e+000 
0.000000e+000 0.000000e+000 0.000000e+000 0.000000e+000 1.000000e+000 
0.000000e+000 0.000000e+000 0.000000e+000 0.000000e+000 1.000000e+000 
0.000000e+000 0.000000e+000 0.000000e+000 0.000000e+000 1.000000e+000 
0.000000e+000 0.000000e+000 0.000000e+000 0.000000e+000 1.000000e+000 
0.000000e+000 0.000000e+000 0.000000e+000 0.000000e+000 1.000000e+000 
0.000000e+000 0.000000e+000 0.000000e+000 0.000000e+000 1.000000e+000 
0.000000e+000 0.000000e+000 0.000000e+000 0.000000e+000 1.000000e+000 



Q star

------------
1  2  3  4  4  5  5  5  5  5  5  5  5  5  5  5  5  5  5  5  5  5  5  5  5  5  5  5  5  5  5  5  5  5  5  5  5  5  5  5  5  5  5  5  5  5  5  5  5  5  5  5  5  5  5  5  5  5  5  5  
------------

P star

-----------
4.693539e-045

A Martrix

8.597826e-091 1.000000e+000 0.000000e+000 0.000000e+000 0.000000e+000 
0.000000e+000 8.597826e-061 1.000000e+000 0.000000e+000 0.000000e+000 
0.000000e+000 0.000000e+000 8.597826e-031 1.000000e+000 0.000000e+000 
0.000000e+000 0.000000e+000 0.000000e+000 4.623027e-001 5.376973e-001 
0.000000e+000 0.000000e+000 0.000000e+000 0.000000e+000 1.000000e+000 

B Martrix

1.000000e-030 1.000000e-030 1.000000e-030 1.000000e-030 1.000000e-030 1.000000e-030 1.000000e-030 1.000000e-030 1.000000e-030 1.000000e-030 1.000000e-030 1.000000e-030 1.000000e-030 1.000000e-030 1.000000e-030 1.000000e-030 1.000000e-030 1.000000e-030 1.000000e-030 1.000000e-030 1.000000e-030 1.000000e-030 1.000000e-030 1.000000e-030 1.000000e-030 1.000000e-030 1.000000e-030 1.000000e+000 1.000000e-030 1.000000e-030 1.000000e-030 1.000000e-030 
1.000000e-030 1.000000e-030 1.000000e-030 1.000000e-030 1.000000e-030 1.000000e-030 1.000000e-030 1.000000e-030 1.000000e-030 1.000000e-030 1.000000e-030 1.000000e+000 1.000000e-030 1.000000e-030 1.000000e-030 1.000000e-030 1.000000e-030 1.000000e-030 1.000000e-030 1.000000e-030 1.000000e-030 1.000000e-030 1.000000e-030 1.000000e-030 1.000000e-030 1.000000e-030 1.000000e-030 1.000000e-030 1.000000e-030 1.000000e-030 1.000000e-030 1.000000e-030 
1.000000e-030 1.000000e-030 1.000000e-030 1.000000e+000 1.000000e-030 1.000000e-030 1.000000e-030 1.000000e-030 1.000000e-030 1.000000e-030 1.000000e-030 1.000000e-030 1.000000e-030 1.000000e-030 1.000000e-030 1.000000e-030 1.000000e-030 1.000000e-030 1.000000e-030 1.000000e-030 1.000000e-030 1.000000e-030 1.000000e-030 1.000000e-030 1.000000e-030 1.000000e-030 1.000000e-030 1.000000e-030 1.000000e-030 1.000000e-030 1.000000e-030 1.000000e-030 
1.000000e-030 1.000000e-030 1.000000e-030 1.000000e-030 1.000000e-030 1.000000e-030 1.000000e-030 1.000000e-030 1.000000e-030 1.000000e-030 1.000000e-030 1.000000e+000 1.000000e-030 1.000000e-030 1.000000e-030 1.000000e-030 1.000000e-030 1.000000e-030 1.000000e-030 1.000000e-030 1.000000e-030 1.000000e-030 1.000000e-030 1.000000e-030 1.000000e-030 1.000000e-030 1.000000e-030 1.000000e-030 1.000000e-030 1.000000e-030 1.000000e-030 1.000000e-030 
1.000000e-030 1.000000e-030 1.813558e-002 1.632202e-001 1.000000e-030 1.000000e-030 1.000000e-030 1.000000e-030 1.000000e-030 1.000000e-030 1.813558e-002 1.450847e-001 1.000000e-030 1.000000e-030 1.000000e-030 1.000000e-030 1.000000e-030 1.000000e-030 1.088135e-001 3.652546e-001 1.000000e-030 1.000000e-030 1.000000e-030 1.000000e-030 1.000000e-030 1.000000e-030 1.000000e-030 1.813558e-001 1.000000e-030 1.000000e-030 1.000000e-030 1.000000e-030 
Iteraion 3
-----------------

P(O|lamda) = 1.978475e-040

1.000000e+000 0.000000e+000 0.000000e+000 0.000000e+000 0.000000e+000 
8.597826e-121 1.000000e+000 0.000000e+000 0.000000e+000 0.000000e+000 
7.392261e-241 8.597826e-091 1.000000e+000 0.000000e+000 0.000000e+000 
0.000000e+000 7.392261e-151 8.597826e-061 1.000000e+000 0.000000e+000 
0.000000e+000 6.355737e-211 7.392261e-121 4.623027e-001 7.801163e-002 
0.000000e+000 5.464552e-301 6.355737e-181 2.137238e-031 1.192887e-001 
0.000000e+000 0.000000e+000 5.464552e-241 9.880511e-062 2.163370e-003 
0.000000e+000 0.000000e+000 4.698327e-301 4.567787e-092 7.901808e-004 
0.000000e+000 0.000000e+000 0.000000e+000 2.111701e-122 1.433039e-005 
0.000000e+000 0.000000e+000 0.000000e+000 9.762450e-123 2.079120e-006 
0.000000e+000 0.000000e+000 0.000000e+000 4.513207e-153 3.393545e-007 
0.000000e+000 0.000000e+000 0.000000e+000 2.086468e-183 1.239508e-007 
0.000000e+000 0.000000e+000 0.000000e+000 9.645799e-214 4.527359e-008 
0.000000e+000 0.000000e+000 0.000000e+000 4.459279e-244 1.653639e-008 
0.000000e+000 0.000000e+000 0.000000e+000 2.061537e-274 1.799382e-009 
0.000000e+000 0.000000e+000 0.000000e+000 9.530542e-305 6.572325e-010 
0.000000e+000 0.000000e+000 0.000000e+000 4.405996e-305 9.535436e-011 
0.000000e+000 0.000000e+000 0.000000e+000 2.036904e-305 1.383446e-011 
0.000000e+000 0.000000e+000 0.000000e+000 0.000000e+000 5.053099e-012 
0.000000e+000 0.000000e+000 0.000000e+000 0.000000e+000 8.247680e-013 
0.000000e+000 0.000000e+000 0.000000e+000 0.000000e+000 3.012503e-013 
0.000000e+000 0.000000e+000 0.000000e+000 0.000000e+000 4.370680e-014 
0.000000e+000 0.000000e+000 0.000000e+000 0.000000e+000 7.926483e-015 
0.000000e+000 0.000000e+000 0.000000e+000 0.000000e+000 1.150011e-015 
0.000000e+000 0.000000e+000 0.000000e+000 0.000000e+000 4.200468e-016 
0.000000e+000 0.000000e+000 0.000000e+000 0.000000e+000 1.534240e-016 
0.000000e+000 0.000000e+000 0.000000e+000 0.000000e+000 1.669461e-017 
0.000000e+000 0.000000e+000 0.000000e+000 0.000000e+000 6.097781e-018 
0.000000e+000 0.000000e+000 0.000000e+000 0.000000e+000 6.635209e-019 
0.000000e+000 0.000000e+000 0.000000e+000 0.000000e+000 2.423541e-019 
0.000000e+000 0.000000e+000 0.000000e+000 0.000000e+000 2.637139e-020 
0.000000e+000 0.000000e+000 0.000000e+000 0.000000e+000 2.869564e-021 
0.000000e+000 0.000000e+000 0.000000e+000 0.000000e+000 1.048121e-021 
0.000000e+000 0.000000e+000 0.000000e+000 0.000000e+000 3.828311e-022 
0.000000e+000 0.000000e+000 0.000000e+000 0.000000e+000 6.942865e-023 
0.000000e+000 0.000000e+000 0.000000e+000 0.000000e+000 2.535913e-023 
0.000000e+000 0.000000e+000 0.000000e+000 0.000000e+000 4.139124e-024 
0.000000e+000 0.000000e+000 0.000000e+000 0.000000e+000 6.005235e-025 
0.000000e+000 0.000000e+000 0.000000e+000 0.000000e+000 2.193439e-025 
0.000000e+000 0.000000e+000 0.000000e+000 0.000000e+000 3.580137e-026 
0.000000e+000 0.000000e+000 0.000000e+000 0.000000e+000 5.843509e-027 
0.000000e+000 0.000000e+000 0.000000e+000 0.000000e+000 9.537790e-028 
0.000000e+000 0.000000e+000 0.000000e+000 0.000000e+000 1.556760e-028 
0.000000e+000 0.000000e+000 0.000000e+000 0.000000e+000 2.540948e-029 
0.000000e+000 0.000000e+000 0.000000e+000 0.000000e+000 9.280930e-030 
0.000000e+000 0.000000e+000 0.000000e+000 0.000000e+000 1.009891e-030 
0.000000e+000 0.000000e+000 0.000000e+000 0.000000e+000 3.688671e-031 
0.000000e+000 0.000000e+000 0.000000e+000 0.000000e+000 1.347304e-031 
0.000000e+000 0.000000e+000 0.000000e+000 0.000000e+000 4.921090e-032 
0.000000e+000 0.000000e+000 0.000000e+000 0.000000e+000 8.924684e-033 
0.000000e+000 0.000000e+000 0.000000e+000 0.000000e+000 1.618544e-033 
0.000000e+000 0.000000e+000 0.000000e+000 0.000000e+000 2.348258e-034 
0.000000e+000 0.000000e+000 0.000000e+000 0.000000e+000 3.406963e-035 
0.000000e+000 0.000000e+000 0.000000e+000 0.000000e+000 5.560853e-036 
0.000000e+000 0.000000e+000 0.000000e+000 0.000000e+000 1.008493e-036 
0.000000e+000 0.000000e+000 0.000000e+000 0.000000e+000 1.828961e-037 
0.000000e+000 0.000000e+000 0.000000e+000 0.000000e+000 3.316928e-038 
0.000000e+000 0.000000e+000 0.000000e+000 0.000000e+000 6.015442e-039 
0.000000e+000 0.000000e+000 0.000000e+000 0.000000e+000 1.090935e-039 
0.000000e+000 0.000000e+000 0.000000e+000 0.000000e+000 1.978475e-040 


1.978475e-040 4.385337e-100 1.119133e-042 6.797476e-043 3.019712e-043 
3.257353e-100 1.978475e-040 2.684279e-070 1.119133e-042 2.081345e-042 
8.918034e-100 3.257353e-070 1.978475e-040 9.832203e-041 1.275176e-041 
4.917423e-098 8.918034e-100 3.257353e-040 1.978475e-040 8.789183e-041 
1.346300e-127 4.917423e-098 8.918034e-070 3.257353e-040 6.057968e-040 
3.107812e-125 1.346300e-097 4.917423e-068 8.918034e-040 1.658560e-039 
5.116687e-095 3.107812e-095 1.346300e-067 4.917423e-038 9.145339e-038 
3.134836e-124 5.116687e-065 3.107812e-065 1.346300e-037 2.503826e-037 
8.582606e-064 3.134836e-094 5.116687e-035 3.107812e-035 1.380615e-035 
2.349760e-123 8.582606e-064 3.134836e-064 5.116687e-035 9.515926e-035 
6.433211e-123 2.349760e-093 8.582606e-064 3.134836e-034 5.830114e-034 
5.912144e-122 6.433211e-093 2.349760e-063 8.582606e-034 1.596178e-033 
2.321092e-120 5.912144e-092 6.433211e-063 2.349760e-033 4.370043e-033 
4.670594e-090 2.321092e-090 5.912144e-062 6.433211e-033 1.196437e-032 
7.689646e-090 4.670594e-060 2.321092e-060 5.912144e-032 1.099530e-031 
2.105284e-089 7.689646e-060 4.670594e-030 2.321092e-030 3.010312e-031 
1.289842e-088 2.105284e-089 7.689646e-030 4.670594e-030 2.074866e-030 
1.478377e-087 1.289842e-088 2.105284e-059 7.689646e-030 1.430107e-029 
2.433994e-087 1.478377e-057 1.289842e-058 2.105284e-029 3.915370e-029 
5.618652e-116 2.433994e-057 1.478377e-057 1.289842e-028 2.398826e-028 
9.250525e-056 5.618652e-086 2.433994e-027 1.478377e-027 6.567546e-028 
2.532624e-115 9.250525e-056 5.618652e-056 2.433994e-027 4.526699e-027 
6.933859e-085 2.532624e-085 9.250525e-026 5.618652e-026 2.496032e-026 
6.372242e-114 6.933859e-085 2.532624e-055 9.250525e-026 1.720397e-025 
1.744603e-113 6.372242e-084 6.933859e-055 2.532624e-025 4.710130e-025 
1.603296e-112 1.744603e-083 6.372242e-054 6.933859e-025 1.289547e-024 
4.389531e-112 1.603296e-082 1.744603e-053 6.372242e-024 1.185098e-023 
4.033995e-111 4.389531e-082 1.603296e-052 1.744603e-023 3.244582e-023 
3.707256e-110 4.033995e-081 4.389531e-052 1.603296e-022 2.981783e-022 
1.014979e-109 3.707256e-080 4.033995e-051 4.389531e-022 8.163573e-022 
2.778825e-109 1.014979e-079 3.707256e-050 4.033995e-021 7.502353e-021 
1.532250e-108 2.778825e-079 1.014979e-049 3.707256e-020 6.894690e-020 
4.195020e-108 1.532250e-078 2.778825e-049 1.014979e-019 1.887639e-019 
2.599075e-106 4.195020e-078 1.532250e-048 2.778825e-019 5.168010e-019 
1.771489e-046 2.599075e-076 4.195020e-048 1.532250e-018 2.849652e-018 
4.850011e-106 1.771489e-016 2.599075e-046 4.195020e-018 7.801824e-018 
2.971452e-075 4.850011e-076 1.771489e-016 1.075980e-016 4.779937e-017 
1.820517e-074 2.971452e-075 4.850011e-046 1.771489e-016 3.294584e-016 
1.115374e-073 1.820517e-044 2.971452e-045 4.850011e-016 9.019967e-016 
6.833554e-073 1.115374e-043 1.820517e-044 2.971452e-015 5.526255e-015 
4.186707e-072 6.833554e-043 1.115374e-043 1.820517e-014 3.385765e-014 
1.146244e-071 4.186707e-042 6.833554e-043 1.115374e-013 2.074354e-013 
1.053402e-100 1.146244e-041 4.186707e-042 6.833554e-013 1.270892e-012 
2.884021e-100 1.053402e-070 1.146244e-041 4.186707e-012 7.786365e-012 
7.895921e-100 2.884021e-070 1.053402e-040 1.146244e-011 2.131764e-011 
2.161758e-099 7.895921e-070 2.884021e-040 1.053402e-010 1.959099e-010 
1.191998e-098 2.161758e-069 7.895921e-040 2.884021e-010 5.363652e-010 
9.425123e-097 1.191998e-068 2.161758e-039 7.895921e-010 1.468470e-009 
1.896561e-066 9.425123e-067 1.191998e-038 2.161758e-009 4.020400e-009 
3.122490e-066 1.896561e-036 9.425123e-037 1.191998e-008 2.216857e-008 
1.913053e-065 3.122490e-036 1.896561e-006 9.425123e-007 1.222380e-007 
1.054862e-034 1.913053e-065 3.122490e-006 1.896561e-006 8.425287e-007 
5.816529e-094 1.054862e-034 1.913053e-035 3.122490e-006 5.807152e-006 
3.207247e-093 5.816529e-064 1.054862e-034 1.913053e-005 3.557862e-005 
1.768483e-092 3.207247e-063 5.816529e-034 1.054862e-004 1.961813e-004 
9.751453e-092 1.768483e-062 3.207247e-033 5.816529e-004 1.081748e-003 
1.000000e-090 9.751453e-062 1.768483e-032 3.207247e-003 5.964782e-003 
1.000000e-060 1.000000e-060 9.751453e-032 1.768483e-002 3.288994e-002 
1.000000e-030 1.000000e-030 1.000000e-030 9.751453e-002 1.813558e-001 
1.000000e+000 1.000000e+000 1.000000e+000 1.000000e+000 1.000000e+000 


1.000000e+000 0.000000e+000 0.000000e+000 0.000000e+000 0.000000e+000 
1.415542e-180 1.000000e+000 0.000000e+000 0.000000e+000 0.000000e+000 
3.332083e-300 1.415542e-120 1.000000e+000 0.000000e+000 0.000000e+000 
0.000000e+000 3.332083e-210 1.415542e-060 1.000000e+000 0.000000e+000 
0.000000e+000 1.579694e-268 3.332083e-150 7.611332e-001 2.388668e-001 
0.000000e+000 0.000000e+000 1.579694e-208 9.633664e-031 1.000000e+000 
0.000000e+000 0.000000e+000 3.718484e-268 2.455763e-059 1.000000e+000 
0.000000e+000 0.000000e+000 0.000000e+000 3.108259e-089 1.000000e+000 
0.000000e+000 0.000000e+000 0.000000e+000 3.317084e-117 1.000000e+000 
0.000000e+000 0.000000e+000 0.000000e+000 2.524743e-117 1.000000e+000 
0.000000e+000 0.000000e+000 0.000000e+000 7.151045e-147 1.000000e+000 
0.000000e+000 0.000000e+000 0.000000e+000 9.051078e-177 1.000000e+000 
0.000000e+000 0.000000e+000 0.000000e+000 1.145595e-206 1.000000e+000 
0.000000e+000 0.000000e+000 0.000000e+000 1.449980e-236 1.000000e+000 
0.000000e+000 0.000000e+000 0.000000e+000 6.160353e-266 1.000000e+000 
0.000000e+000 0.000000e+000 0.000000e+000 1.118097e-294 1.000000e+000 
0.000000e+000 0.000000e+000 0.000000e+000 1.040125e-294 1.000000e+000 
0.000000e+000 0.000000e+000 0.000000e+000 7.916738e-295 1.000000e+000 
0.000000e+000 0.000000e+000 0.000000e+000 0.000000e+000 1.000000e+000 
0.000000e+000 0.000000e+000 0.000000e+000 0.000000e+000 1.000000e+000 
0.000000e+000 0.000000e+000 0.000000e+000 0.000000e+000 1.000000e+000 
0.000000e+000 0.000000e+000 0.000000e+000 0.000000e+000 1.000000e+000 
0.000000e+000 0.000000e+000 0.000000e+000 0.000000e+000 1.000000e+000 
0.000000e+000 0.000000e+000 0.000000e+000 0.000000e+000 1.000000e+000 
0.000000e+000 0.000000e+000 0.000000e+000 0.000000e+000 1.000000e+000 
0.000000e+000 0.000000e+000 0.000000e+000 0.000000e+000 1.000000e+000 
0.000000e+000 0.000000e+000 0.000000e+000 0.000000e+000 1.000000e+000 
0.000000e+000 0.000000e+000 0.000000e+000 0.000000e+000 1.000000e+000 
0.000000e+000 0.000000e+000 0.000000e+000 0.000000e+000 1.000000e+000 
0.000000e+000 0.000000e+000 0.000000e+000 0.000000e+000 1.000000e+000 
0.000000e+000 0.000000e+000 0.000000e+000 0.000000e+000 1.000000e+000 
0.000000e+000 0.000000e+000 0.000000e+000 0.000000e+000 1.000000e+000 
0.000000e+000 0.000000e+000 0.000000e+000 0.000000e+000 1.000000e+000 
0.000000e+000 0.000000e+000 0.000000e+000 0.000000e+000 1.000000e+000 
0.000000e+000 0.000000e+000 0.000000e+000 0.000000e+000 1.000000e+000 
0.000000e+000 0.000000e+000 0.000000e+000 0.000000e+000 1.000000e+000 
0.000000e+000 0.000000e+000 0.000000e+000 0.000000e+000 1.000000e+000 
0.000000e+000 0.000000e+000 0.000000e+000 0.000000e+000 1.000000e+000 
0.000000e+000 0.000000e+000 0.000000e+000 0.000000e+000 1.000000e+000 
0.000000e+000 0.000000e+000 0.000000e+000 0.000000e+000 1.000000e+000 
0.000000e+000 0.000000e+000 0.000000e+000 0.000000e+000 1.000000e+000 
0.000000e+000 0.000000e+000 0.000000e+000 0.000000e+000 1.000000e+000 
0.000000e+000 0.000000e+000 0.000000e+000 0.000000e+000 1.000000e+000 
0.000000e+000 0.000000e+000 0.000000e+000 0.000000e+000 1.000000e+000 
0.000000e+000 0.000000e+000 0.000000e+000 0.000000e+000 1.000000e+000 
0.000000e+000 0.000000e+000 0.000000e+000 0.000000e+000 1.000000e+000 
0.000000e+000 0.000000e+000 0.000000e+000 0.000000e+000 1.000000e+000 
0.000000e+000 0.000000e+000 0.000000e+000 0.000000e+000 1.000000e+000 
0.000000e+000 0.000000e+000 0.000000e+000 0.000000e+000 1.000000e+000 
0.000000e+000 0.000000e+000 0.000000e+000 0.000000e+000 1.000000e+000 
0.000000e+000 0.000000e+000 0.000000e+000 0.000000e+000 1.000000e+000 
0.000000e+000 0.000000e+000 0.000000e+000 0.000000e+000 1.000000e+000 
0.000000e+000 0.000000e+000 0.000000e+000 0.000000e+000 1.000000e+000 
0.000000e+000 0.000000e+000 0.000000e+000 0.000000e+000 1.000000e+000 
0.000000e+000 0.000000e+000 0.000000e+000 0.000000e+000 1.000000e+000 
0.000000e+000 0.000000e+000 0.000000e+000 0.000000e+000 1.000000e+000 
0.000000e+000 0.000000e+000 0.000000e+000 0.000000e+000 1.000000e+000 
0.000000e+000 0.000000e+000 0.000000e+000 0.000000e+000 1.000000e+000 
0.000000e+000 0.000000e+000 0.000000e+000 0.000000e+000 1.000000e+000 
0.000000e+000 0.000000e+000 0.000000e+000 0.000000e+000 1.000000e+000 



Q star

------------
1  2  3  4  4  5  5  5  5  5  5  5  5  5  5  5  5  5  5  5  5  5  5  5  5  5  5  5  5  5  5  5  5  5  5  5  5  5  5  5  5  5  5  5  5  5  5  5  5  5  5  5  5  5  5  5  5  5  5  5  
------------

P star

-----------
1.505883e-040

A Martrix

1.415542e-180 1.000000e+000 0.000000e+000 0.000000e+000 0.000000e+000 
0.000000e+000 1.415542e-120 1.000000e+000 0.000000e+000 0.000000e+000 
0.000000e+000 0.000000e+000 1.415542e-060 1.000000e+000 0.000000e+000 
0.000000e+000 0.000000e+000 0.000000e+000 4.321838e-001 5.678162e-001 
0.000000e+000 0.000000e+000 0.000000e+000 0.000000e+000 1.000000e+000 

B Martrix

1.000000e-030 1.000000e-030 1.000000e-030 1.000000e-030 1.000000e-030 1.000000e-030 1.000000e-030 1.000000e-030 1.000000e-030 1.000000e-030 1.000000e-030 1.000000e-030 1.000000e-030 1.000000e-030 1.000000e-030 1.000000e-030 1.000000e-030 1.000000e-030 1.000000e-030 1.000000e-030 1.000000e-030 1.000000e-030 1.000000e-030 1.000000e-030 1.000000e-030 1.000000e-030 1.000000e-030 1.000000e+000 1.000000e-030 1.000000e-030 1.000000e-030 1.000000e-030 
1.000000e-030 1.000000e-030 1.000000e-030 1.000000e-030 1.000000e-030 1.000000e-030 1.000000e-030 1.000000e-030 1.000000e-030 1.000000e-030 1.000000e-030 1.000000e+000 1.000000e-030 1.000000e-030 1.000000e-030 1.000000e-030 1.000000e-030 1.000000e-030 1.000000e-030 1.000000e-030 1.000000e-030 1.000000e-030 1.000000e-030 1.000000e-030 1.000000e-030 1.000000e-030 1.000000e-030 1.000000e-030 1.000000e-030 1.000000e-030 1.000000e-030 1.000000e-030 
1.000000e-030 1.000000e-030 1.000000e-030 1.000000e+000 1.000000e-030 1.000000e-030 1.000000e-030 1.000000e-030 1.000000e-030 1.000000e-030 1.000000e-030 1.000000e-030 1.000000e-030 1.000000e-030 1.000000e-030 1.000000e-030 1.000000e-030 1.000000e-030 1.000000e-030 1.000000e-030 1.000000e-030 1.000000e-030 1.000000e-030 1.000000e-030 1.000000e-030 1.000000e-030 1.000000e-030 1.000000e-030 1.000000e-030 1.000000e-030 1.000000e-030 1.000000e-030 
1.000000e-030 1.000000e-030 1.000000e-030 1.000000e-030 1.000000e-030 1.000000e-030 1.000000e-030 1.000000e-030 1.000000e-030 1.000000e-030 1.000000e-030 1.000000e+000 1.000000e-030 1.000000e-030 1.000000e-030 1.000000e-030 1.000000e-030 1.000000e-030 1.000000e-030 1.000000e-030 1.000000e-030 1.000000e-030 1.000000e-030 1.000000e-030 1.000000e-030 1.000000e-030 1.000000e-030 1.000000e-030 1.000000e-030 1.000000e-030 1.000000e-030 1.000000e-030 
1.000000e-030 1.000000e-030 1.810320e-002 1.629288e-001 1.000000e-030 1.000000e-030 1.000000e-030 1.000000e-030 1.000000e-030 1.000000e-030 1.810320e-002 1.448256e-001 1.000000e-030 1.000000e-030 1.000000e-030 1.000000e-030 1.000000e-030 1.000000e-030 1.086192e-001 3.663882e-001 1.000000e-030 1.000000e-030 1.000000e-030 1.000000e-030 1.000000e-030 1.000000e-030 1.000000e-030 1.810320e-001 1.000000e-030 1.000000e-030 1.000000e-030 1.000000e-030 
Iteraion 4
-----------------

P(O|lamda) = 1.983639e-040

1.000000e+000 0.000000e+000 0.000000e+000 0.000000e+000 0.000000e+000 
1.415542e-210 1.000000e+000 0.000000e+000 0.000000e+000 0.000000e+000 
0.000000e+000 1.415542e-150 1.000000e+000 0.000000e+000 0.000000e+000 
0.000000e+000 2.003760e-270 1.415542e-090 1.000000e+000 0.000000e+000 
0.000000e+000 0.000000e+000 2.003760e-180 4.321838e-001 8.223430e-002 
0.000000e+000 0.000000e+000 2.836407e-270 1.867828e-031 1.200417e-001 
0.000000e+000 0.000000e+000 0.000000e+000 8.072451e-062 2.173138e-003 
0.000000e+000 0.000000e+000 0.000000e+000 3.488782e-092 7.962120e-004 
0.000000e+000 0.000000e+000 0.000000e+000 1.507795e-122 1.441398e-005 
0.000000e+000 0.000000e+000 0.000000e+000 6.516447e-123 2.087513e-006 
0.000000e+000 0.000000e+000 0.000000e+000 2.816303e-153 3.401159e-007 
0.000000e+000 0.000000e+000 0.000000e+000 1.217160e-183 1.246144e-007 
0.000000e+000 0.000000e+000 0.000000e+000 5.260370e-214 4.565726e-008 
0.000000e+000 0.000000e+000 0.000000e+000 2.273446e-244 1.672828e-008 
0.000000e+000 0.000000e+000 0.000000e+000 9.825467e-275 1.817012e-009 
0.000000e+000 0.000000e+000 0.000000e+000 4.246408e-305 6.657316e-010 
0.000000e+000 0.000000e+000 0.000000e+000 1.835228e-305 9.641495e-011 
0.000000e+000 0.000000e+000 0.000000e+000 7.931560e-306 1.396335e-011 
0.000000e+000 0.000000e+000 0.000000e+000 0.000000e+000 5.116006e-012 
0.000000e+000 0.000000e+000 0.000000e+000 0.000000e+000 8.335445e-013 
0.000000e+000 0.000000e+000 0.000000e+000 0.000000e+000 3.054008e-013 
0.000000e+000 0.000000e+000 0.000000e+000 0.000000e+000 4.422985e-014 
0.000000e+000 0.000000e+000 0.000000e+000 0.000000e+000 8.007016e-015 
0.000000e+000 0.000000e+000 0.000000e+000 0.000000e+000 1.159621e-015 
0.000000e+000 0.000000e+000 0.000000e+000 0.000000e+000 4.248713e-016 
0.000000e+000 0.000000e+000 0.000000e+000 0.000000e+000 1.556678e-016 
0.000000e+000 0.000000e+000 0.000000e+000 0.000000e+000 1.690851e-017 
0.000000e+000 0.000000e+000 0.000000e+000 0.000000e+000 6.195077e-018 
0.000000e+000 0.000000e+000 0.000000e+000 0.000000e+000 6.729041e-019 
0.000000e+000 0.000000e+000 0.000000e+000 0.000000e+000 2.465441e-019 
0.000000e+000 0.000000e+000 0.000000e+000 0.000000e+000 2.677942e-020 
0.000000e+000 0.000000e+000 0.000000e+000 0.000000e+000 2.908758e-021 
0.000000e+000 0.000000e+000 0.000000e+000 0.000000e+000 1.065735e-021 
0.000000e+000 0.000000e+000 0.000000e+000 0.000000e+000 3.904725e-022 
0.000000e+000 0.000000e+000 0.000000e+000 0.000000e+000 7.068800e-023 
0.000000e+000 0.000000e+000 0.000000e+000 0.000000e+000 2.589925e-023 
0.000000e+000 0.000000e+000 0.000000e+000 0.000000e+000 4.219732e-024 
0.000000e+000 0.000000e+000 0.000000e+000 0.000000e+000 6.111251e-025 
0.000000e+000 0.000000e+000 0.000000e+000 0.000000e+000 2.239090e-025 
0.000000e+000 0.000000e+000 0.000000e+000 0.000000e+000 3.648122e-026 
0.000000e+000 0.000000e+000 0.000000e+000 0.000000e+000 5.943839e-027 
0.000000e+000 0.000000e+000 0.000000e+000 0.000000e+000 9.684223e-028 
0.000000e+000 0.000000e+000 0.000000e+000 0.000000e+000 1.577838e-028 
0.000000e+000 0.000000e+000 0.000000e+000 0.000000e+000 2.570753e-029 
0.000000e+000 0.000000e+000 0.000000e+000 0.000000e+000 9.418933e-030 
0.000000e+000 0.000000e+000 0.000000e+000 0.000000e+000 1.023077e-030 
0.000000e+000 0.000000e+000 0.000000e+000 0.000000e+000 3.748432e-031 
0.000000e+000 0.000000e+000 0.000000e+000 0.000000e+000 1.373381e-031 
0.000000e+000 0.000000e+000 0.000000e+000 0.000000e+000 5.031906e-032 
0.000000e+000 0.000000e+000 0.000000e+000 0.000000e+000 9.109358e-033 
0.000000e+000 0.000000e+000 0.000000e+000 0.000000e+000 1.649085e-033 
0.000000e+000 0.000000e+000 0.000000e+000 0.000000e+000 2.388296e-034 
0.000000e+000 0.000000e+000 0.000000e+000 0.000000e+000 3.458864e-035 
0.000000e+000 0.000000e+000 0.000000e+000 0.000000e+000 5.635484e-036 
0.000000e+000 0.000000e+000 0.000000e+000 0.000000e+000 1.020203e-036 
0.000000e+000 0.000000e+000 0.000000e+000 0.000000e+000 1.846893e-037 
0.000000e+000 0.000000e+000 0.000000e+000 0.000000e+000 3.343466e-038 
0.000000e+000 0.000000e+000 0.000000e+000 0.000000e+000 6.052742e-039 
0.000000e+000 0.000000e+000 0.000000e+000 0.000000e+000 1.095740e-039 
0.000000e+000 0.000000e+000 0.000000e+000 0.000000e+000 1.983639e-040 


1.983639e-040 9.294024e-101 1.174811e-042 6.778769e-043 2.996439e-043 
3.437793e-100 1.983639e-040 9.294024e-071 1.174811e-042 2.068999e-042 
9.382927e-100 3.437793e-070 1.983639e-040 9.294024e-041 1.269879e-041 
5.183023e-098 9.382927e-100 3.437793e-040 1.983639e-040 8.768337e-041 
1.414626e-127 5.183023e-098 9.382927e-070 3.437793e-040 6.054412e-040 
3.113322e-125 1.414626e-097 5.183023e-068 9.382927e-040 1.652458e-039 
5.395618e-095 3.113322e-095 1.414626e-067 5.183023e-038 9.127993e-038 
3.311643e-124 5.395618e-065 3.113322e-065 1.414626e-037 2.491345e-037 
9.038618e-064 3.311643e-094 5.395618e-035 3.113322e-035 1.376191e-035 
2.466951e-123 9.038618e-064 3.311643e-064 5.395618e-035 9.502403e-035 
6.733164e-123 2.466951e-093 9.038618e-064 3.311643e-034 5.832244e-034 
6.198872e-122 6.733164e-093 2.466951e-063 9.038618e-034 1.591821e-033 
2.180745e-120 6.198872e-092 6.733164e-063 2.466951e-033 4.344630e-033 
4.654399e-090 2.180745e-090 6.198872e-062 6.733164e-033 1.185800e-032 
8.066419e-090 4.654399e-060 2.180745e-060 6.198872e-032 1.091704e-031 
2.201605e-089 8.066419e-060 4.654399e-030 2.180745e-030 2.979638e-031 
1.351268e-088 2.201605e-089 8.066419e-030 4.654399e-030 2.057398e-030 
1.469392e-087 1.351268e-088 2.201605e-059 8.066419e-030 1.420604e-029 
2.546566e-087 1.469392e-057 1.351268e-058 2.201605e-029 3.877319e-029 
5.604506e-116 2.546566e-057 1.469392e-057 1.351268e-028 2.379764e-028 
9.713025e-056 5.604506e-086 2.546566e-027 1.469392e-027 6.495198e-028 
2.651020e-115 9.713025e-056 5.604506e-056 2.546566e-027 4.484842e-027 
7.235551e-085 2.651020e-085 9.713025e-026 5.604506e-026 2.477376e-026 
6.661394e-114 7.235551e-085 2.651020e-055 9.713025e-026 1.710593e-025 
1.818125e-113 6.661394e-084 7.235551e-055 2.651020e-025 4.668800e-025 
1.673853e-112 1.818125e-083 6.661394e-054 7.235551e-025 1.274277e-024 
4.568523e-112 1.673853e-082 1.818125e-053 6.661394e-024 1.173160e-023 
4.206000e-111 4.568523e-082 1.673853e-052 1.818125e-023 3.201960e-023 
3.872245e-110 4.206000e-081 4.568523e-052 1.673853e-022 2.947877e-022 
1.056870e-109 3.872245e-080 4.206000e-051 4.568523e-022 8.045777e-022 
2.884562e-109 1.056870e-079 3.872245e-050 4.206000e-021 7.407327e-021 
1.593400e-108 2.884562e-079 1.056870e-049 3.872245e-020 6.819539e-020 
4.348939e-108 1.593400e-078 2.884562e-049 1.056870e-019 1.861288e-019 
1.063465e-106 4.348939e-078 1.593400e-048 2.884562e-019 5.080099e-019 
1.843063e-046 1.063465e-076 4.348939e-048 1.593400e-018 2.806189e-018 
5.030358e-106 1.843063e-016 1.063465e-046 4.348939e-018 7.659060e-018 
3.087458e-075 5.030358e-076 1.843063e-016 1.063465e-016 4.700865e-017 
1.894974e-074 3.087458e-075 5.030358e-046 1.843063e-016 3.245880e-016 
1.163069e-073 1.894974e-044 3.087458e-045 5.030358e-016 8.859130e-016 
7.138515e-073 1.163069e-043 1.894974e-044 3.087458e-015 5.437426e-015 
4.381372e-072 7.138515e-043 1.163069e-043 1.894974e-014 3.337303e-014 
1.195828e-071 4.381372e-042 7.138515e-043 1.163069e-013 2.048320e-013 
1.100936e-100 1.195828e-041 4.381372e-042 7.138515e-013 1.257188e-012 
3.004836e-100 1.100936e-070 1.195828e-041 4.381372e-012 7.716180e-012 
8.201237e-100 3.004836e-070 1.100936e-040 1.195828e-011 2.106012e-011 
2.238401e-099 8.201237e-070 3.004836e-040 1.100936e-010 1.938896e-010 
1.236467e-098 2.238401e-069 8.201237e-040 3.004836e-010 5.291916e-010 
8.803614e-097 1.236467e-068 2.238401e-039 8.201237e-010 1.444347e-009 
1.878970e-066 8.803614e-067 1.236467e-038 2.238401e-009 3.942123e-009 
3.256394e-066 1.878970e-036 8.803614e-037 1.236467e-008 2.177584e-008 
1.998661e-065 3.256394e-036 1.878970e-006 8.803614e-007 1.202873e-007 
1.104038e-034 1.998661e-065 3.256394e-006 1.878970e-006 8.305665e-007 
6.098580e-094 1.104038e-034 1.998661e-035 3.256394e-006 5.734944e-006 
3.368787e-093 6.098580e-064 1.104038e-034 1.998661e-005 3.519909e-005 
1.860880e-092 3.368787e-063 6.098580e-034 1.104038e-004 1.944358e-004 
1.027929e-091 1.860880e-062 3.368787e-033 6.098580e-004 1.074041e-003 
1.000000e-090 1.027929e-061 1.860880e-032 3.368787e-003 5.932882e-003 
1.000000e-060 1.000000e-060 1.027929e-031 1.860880e-002 3.277257e-002 
1.000000e-030 1.000000e-030 1.000000e-030 1.027929e-001 1.810320e-001 
1.000000e+000 1.000000e+000 1.000000e+000 1.000000e+000 1.000000e+000 


1.000000e+000 0.000000e+000 0.000000e+000 0.000000e+000 0.000000e+000 
2.453240e-270 1.000000e+000 0.000000e+000 0.000000e+000 0.000000e+000 
0.000000e+000 2.453240e-180 1.000000e+000 0.000000e+000 0.000000e+000 
0.000000e+000 0.000000e+000 2.453240e-090 1.000000e+000 0.000000e+000 
0.000000e+000 0.000000e+000 9.478103e-210 7.490066e-001 2.509934e-001 
0.000000e+000 0.000000e+000 7.411209e-298 8.835124e-031 1.000000e+000 
0.000000e+000 0.000000e+000 0.000000e+000 2.109239e-059 1.000000e+000 
0.000000e+000 0.000000e+000 0.000000e+000 2.488015e-089 1.000000e+000 
0.000000e+000 0.000000e+000 0.000000e+000 2.366485e-117 1.000000e+000 
0.000000e+000 0.000000e+000 0.000000e+000 1.772513e-117 1.000000e+000 
0.000000e+000 0.000000e+000 0.000000e+000 4.701757e-147 1.000000e+000 
0.000000e+000 0.000000e+000 0.000000e+000 5.546093e-177 1.000000e+000 
0.000000e+000 0.000000e+000 0.000000e+000 6.542055e-207 1.000000e+000 
0.000000e+000 0.000000e+000 0.000000e+000 7.716871e-237 1.000000e+000 
0.000000e+000 0.000000e+000 0.000000e+000 3.070459e-266 1.000000e+000 
0.000000e+000 0.000000e+000 0.000000e+000 4.668355e-295 1.000000e+000 
0.000000e+000 0.000000e+000 0.000000e+000 4.306170e-295 1.000000e+000 
0.000000e+000 0.000000e+000 0.000000e+000 3.225349e-295 1.000000e+000 
0.000000e+000 0.000000e+000 0.000000e+000 0.000000e+000 1.000000e+000 
0.000000e+000 0.000000e+000 0.000000e+000 0.000000e+000 1.000000e+000 
0.000000e+000 0.000000e+000 0.000000e+000 0.000000e+000 1.000000e+000 
0.000000e+000 0.000000e+000 0.000000e+000 0.000000e+000 1.000000e+000 
0.000000e+000 0.000000e+000 0.000000e+000 0.000000e+000 1.000000e+000 
0.000000e+000 0.000000e+000 0.000000e+000 0.000000e+000 1.000000e+000 
0.000000e+000 0.000000e+000 0.000000e+000 0.000000e+000 1.000000e+000 
0.000000e+000 0.000000e+000 0.000000e+000 0.000000e+000 1.000000e+000 
0.000000e+000 0.000000e+000 0.000000e+000 0.000000e+000 1.000000e+000 
0.000000e+000 0.000000e+000 0.000000e+000 0.000000e+000 1.000000e+000 
0.000000e+000 0.000000e+000 0.000000e+000 0.000000e+000 1.000000e+000 
0.000000e+000 0.000000e+000 0.000000e+000 0.000000e+000 1.000000e+000 
0.000000e+000 0.000000e+000 0.000000e+000 0.000000e+000 1.000000e+000 
0.000000e+000 0.000000e+000 0.000000e+000 0.000000e+000 1.000000e+000 
0.000000e+000 0.000000e+000 0.000000e+000 0.000000e+000 1.000000e+000 
0.000000e+000 0.000000e+000 0.000000e+000 0.000000e+000 1.000000e+000 
0.000000e+000 0.000000e+000 0.000000e+000 0.000000e+000 1.000000e+000 
0.000000e+000 0.000000e+000 0.000000e+000 0.000000e+000 1.000000e+000 
0.000000e+000 0.000000e+000 0.000000e+000 0.000000e+000 1.000000e+000 
0.000000e+000 0.000000e+000 0.000000e+000 0.000000e+000 1.000000e+000 
0.000000e+000 0.000000e+000 0.000000e+000 0.000000e+000 1.000000e+000 
0.000000e+000 0.000000e+000 0.000000e+000 0.000000e+000 1.000000e+000 
0.000000e+000 0.000000e+000 0.000000e+000 0.000000e+000 1.000000e+000 
0.000000e+000 0.000000e+000 0.000000e+000 0.000000e+000 1.000000e+000 
0.000000e+000 0.000000e+000 0.000000e+000 0.000000e+000 1.000000e+000 
0.000000e+000 0.000000e+000 0.000000e+000 0.000000e+000 1.000000e+000 
0.000000e+000 0.000000e+000 0.000000e+000 0.000000e+000 1.000000e+000 
0.000000e+000 0.000000e+000 0.000000e+000 0.000000e+000 1.000000e+000 
0.000000e+000 0.000000e+000 0.000000e+000 0.000000e+000 1.000000e+000 
0.000000e+000 0.000000e+000 0.000000e+000 0.000000e+000 1.000000e+000 
0.000000e+000 0.000000e+000 0.000000e+000 0.000000e+000 1.000000e+000 
0.000000e+000 0.000000e+000 0.000000e+000 0.000000e+000 1.000000e+000 
0.000000e+000 0.000000e+000 0.000000e+000 0.000000e+000 1.000000e+000 
0.000000e+000 0.000000e+000 0.000000e+000 0.000000e+000 1.000000e+000 
0.000000e+000 0.000000e+000 0.000000e+000 0.000000e+000 1.000000e+000 
0.000000e+000 0.000000e+000 0.000000e+000 0.000000e+000 1.000000e+000 
0.000000e+000 0.000000e+000 0.000000e+000 0.000000e+000 1.000000e+000 
0.000000e+000 0.000000e+000 0.000000e+000 0.000000e+000 1.000000e+000 
0.000000e+000 0.000000e+000 0.000000e+000 0.000000e+000 1.000000e+000 
0.000000e+000 0.000000e+000 0.000000e+000 0.000000e+000 1.000000e+000 
0.000000e+000 0.000000e+000 0.000000e+000 0.000000e+000 1.000000e+000 
0.000000e+000 0.000000e+000 0.000000e+000 0.000000e+000 1.000000e+000 



Q star

------------
1  2  3  4  4  5  5  5  5  5  5  5  5  5  5  5  5  5  5  5  5  5  5  5  5  5  5  5  5  5  5  5  5  5  5  5  5  5  5  5  5  5  5  5  5  5  5  5  5  5  5  5  5  5  5  5  5  5  5  5  
------------

P star

-----------
1.485759e-040

A Martrix

2.453240e-270 1.000000e+000 0.000000e+000 0.000000e+000 0.000000e+000 
0.000000e+000 2.453240e-180 1.000000e+000 0.000000e+000 0.000000e+000 
0.000000e+000 0.000000e+000 2.453240e-090 1.000000e+000 0.000000e+000 
0.000000e+000 0.000000e+000 0.000000e+000 4.282469e-001 5.717531e-001 
0.000000e+000 0.000000e+000 0.000000e+000 0.000000e+000 1.000000e+000 

B Martrix

1.000000e-030 1.000000e-030 1.000000e-030 1.000000e-030 1.000000e-030 1.000000e-030 1.000000e-030 1.000000e-030 1.000000e-030 1.000000e-030 1.000000e-030 1.000000e-030 1.000000e-030 1.000000e-030 1.000000e-030 1.000000e-030 1.000000e-030 1.000000e-030 1.000000e-030 1.000000e-030 1.000000e-030 1.000000e-030 1.000000e-030 1.000000e-030 1.000000e-030 1.000000e-030 1.000000e-030 1.000000e+000 1.000000e-030 1.000000e-030 1.000000e-030 1.000000e-030 
1.000000e-030 1.000000e-030 1.000000e-030 1.000000e-030 1.000000e-030 1.000000e-030 1.000000e-030 1.000000e-030 1.000000e-030 1.000000e-030 1.000000e-030 1.000000e+000 1.000000e-030 1.000000e-030 1.000000e-030 1.000000e-030 1.000000e-030 1.000000e-030 1.000000e-030 1.000000e-030 1.000000e-030 1.000000e-030 1.000000e-030 1.000000e-030 1.000000e-030 1.000000e-030 1.000000e-030 1.000000e-030 1.000000e-030 1.000000e-030 1.000000e-030 1.000000e-030 
1.000000e-030 1.000000e-030 1.000000e-030 1.000000e+000 1.000000e-030 1.000000e-030 1.000000e-030 1.000000e-030 1.000000e-030 1.000000e-030 1.000000e-030 1.000000e-030 1.000000e-030 1.000000e-030 1.000000e-030 1.000000e-030 1.000000e-030 1.000000e-030 1.000000e-030 1.000000e-030 1.000000e-030 1.000000e-030 1.000000e-030 1.000000e-030 1.000000e-030 1.000000e-030 1.000000e-030 1.000000e-030 1.000000e-030 1.000000e-030 1.000000e-030 1.000000e-030 
1.000000e-030 1.000000e-030 1.000000e-030 1.000000e-030 1.000000e-030 1.000000e-030 1.000000e-030 1.000000e-030 1.000000e-030 1.000000e-030 1.000000e-030 1.000000e+000 1.000000e-030 1.000000e-030 1.000000e-030 1.000000e-030 1.000000e-030 1.000000e-030 1.000000e-030 1.000000e-030 1.000000e-030 1.000000e-030 1.000000e-030 1.000000e-030 1.000000e-030 1.000000e-030 1.000000e-030 1.000000e-030 1.000000e-030 1.000000e-030 1.000000e-030 1.000000e-030 
1.000000e-030 1.000000e-030 1.809922e-002 1.628930e-001 1.000000e-030 1.000000e-030 1.000000e-030 1.000000e-030 1.000000e-030 1.000000e-030 1.809922e-002 1.447938e-001 1.000000e-030 1.000000e-030 1.000000e-030 1.000000e-030 1.000000e-030 1.000000e-030 1.085953e-001 3.665272e-001 1.000000e-030 1.000000e-030 1.000000e-030 1.000000e-030 1.000000e-030 1.000000e-030 1.000000e-030 1.809922e-001 1.000000e-030 1.000000e-030 1.000000e-030 1.000000e-030 
=================
