29	29	29	29	5	5	5	23	5	5	5	1	9	5	29	7	7	19	7	14	2	10	26	10	2	10	10	10	10	10	10	10	14	14	10	10	10	10	10	10	12	28	28	
Iteraion 1
-----------------

P(O|lamda) = 1.899114e-065

3.125000e-002 0.000000e+000 0.000000e+000 0.000000e+000 0.000000e+000 
7.812500e-004 1.953125e-004 0.000000e+000 0.000000e+000 0.000000e+000 
1.953125e-005 9.765625e-006 1.220703e-006 0.000000e+000 0.000000e+000 
4.882813e-007 3.662109e-007 9.155273e-008 7.629395e-009 0.000000e+000 
1.220703e-008 1.220703e-008 4.577637e-009 7.629395e-010 4.768372e-011 
3.051758e-010 3.814697e-010 1.907349e-010 4.768372e-011 6.258488e-012 
7.629395e-012 1.144409e-011 7.152557e-012 2.384186e-012 4.936010e-013 
1.907349e-013 3.337860e-013 2.503395e-013 1.043081e-013 3.032619e-014 
4.768372e-015 9.536743e-015 8.344650e-015 4.172325e-015 1.599619e-015 
1.192093e-016 2.682209e-016 2.682209e-016 1.564622e-016 7.606513e-017 
2.980232e-018 7.450581e-018 8.381903e-018 5.587935e-018 3.354924e-018 
7.450581e-020 2.048910e-019 2.561137e-019 1.920853e-019 1.397660e-019 
1.862645e-021 5.587935e-021 7.683411e-021 6.402843e-021 5.568220e-021 
4.656613e-023 1.513399e-022 2.270099e-022 2.080924e-022 2.140246e-022 
1.164153e-024 4.074536e-024 6.621121e-024 6.621121e-024 7.988847e-024 
2.910383e-026 1.091394e-025 1.909939e-025 2.069100e-025 2.910335e-025 
7.275958e-028 2.910383e-027 5.456968e-027 6.366463e-027 1.038798e-026 
1.818989e-029 7.730705e-029 1.546141e-028 1.932676e-028 3.644149e-028 
4.547474e-031 2.046363e-030 4.348522e-030 5.798029e-030 1.259589e-029 
1.136868e-032 5.400125e-032 1.215028e-031 1.721290e-031 4.298592e-031 
2.842171e-034 1.421085e-033 3.375078e-033 5.062617e-033 1.450891e-032 
7.105427e-036 3.730349e-035 9.325873e-035 1.476597e-034 4.850447e-034 
1.776357e-037 9.769963e-037 2.564615e-036 4.274359e-036 1.608052e-035 
4.440892e-039 2.553513e-038 7.022161e-038 1.228878e-037 5.292309e-037 
1.110223e-040 6.661338e-040 1.915135e-039 3.511080e-039 1.730652e-038 
2.775558e-042 1.734723e-041 5.204170e-041 9.974660e-041 5.627729e-040 
6.938894e-044 4.510281e-043 1.409463e-042 2.818926e-042 1.821007e-041 
1.734723e-045 1.170938e-044 3.805550e-044 7.928228e-044 5.866829e-043 
4.336809e-047 3.035766e-046 1.024571e-045 2.219904e-045 1.882936e-044 
1.084202e-048 7.860466e-048 2.751163e-047 6.190117e-047 6.022918e-046 
2.710505e-050 2.032879e-049 7.369187e-049 1.719477e-048 1.920850e-047 
6.776264e-052 5.251604e-051 1.969352e-050 4.759266e-050 6.110124e-049 
1.694066e-053 1.355253e-052 5.251604e-052 1.312901e-051 1.939159e-050 
4.235165e-055 3.494011e-054 1.397604e-053 3.610478e-053 6.141928e-052 
1.058791e-056 8.999725e-056 3.712387e-055 9.899698e-055 1.941918e-053 
2.646978e-058 2.316106e-057 9.843449e-057 2.706949e-056 6.130367e-055 
6.617445e-060 5.955700e-059 2.605619e-058 7.382587e-058 1.932658e-056 
1.654361e-061 1.530284e-060 6.886279e-060 2.008498e-059 6.085698e-058 
4.135903e-063 3.929108e-062 1.817212e-061 5.451637e-061 1.914334e-059 
1.033976e-064 1.008126e-063 4.788600e-063 1.476485e-062 6.016366e-061 
2.584939e-066 2.584939e-065 1.260158e-064 3.990500e-064 1.889342e-062 
6.462349e-068 6.623907e-067 3.311954e-066 1.076385e-065 5.929135e-064 
1.615587e-069 1.696366e-068 8.693878e-068 2.897959e-067 1.859582e-065 


6.077163e-064 6.077163e-064 6.077163e-064 6.077163e-064 6.077163e-064 
1.944692e-062 1.944692e-062 1.944692e-062 1.944692e-062 1.944692e-062 
6.223015e-061 6.223015e-061 6.223015e-061 6.223015e-061 6.223015e-061 
1.991365e-059 1.991365e-059 1.991365e-059 1.991365e-059 1.991365e-059 
6.372368e-058 6.372368e-058 6.372368e-058 6.372368e-058 6.372368e-058 
2.039158e-056 2.039158e-056 2.039158e-056 2.039158e-056 2.039158e-056 
6.525304e-055 6.525304e-055 6.525304e-055 6.525304e-055 6.525304e-055 
2.088097e-053 2.088097e-053 2.088097e-053 2.088097e-053 2.088097e-053 
6.681912e-052 6.681912e-052 6.681912e-052 6.681912e-052 6.681912e-052 
2.138212e-050 2.138212e-050 2.138212e-050 2.138212e-050 2.138212e-050 
6.842278e-049 6.842278e-049 6.842278e-049 6.842278e-049 6.842278e-049 
2.189529e-047 2.189529e-047 2.189529e-047 2.189529e-047 2.189529e-047 
7.006492e-046 7.006492e-046 7.006492e-046 7.006492e-046 7.006492e-046 
2.242078e-044 2.242078e-044 2.242078e-044 2.242078e-044 2.242078e-044 
7.174648e-043 7.174648e-043 7.174648e-043 7.174648e-043 7.174648e-043 
2.295887e-041 2.295887e-041 2.295887e-041 2.295887e-041 2.295887e-041 
7.346840e-040 7.346840e-040 7.346840e-040 7.346840e-040 7.346840e-040 
2.350989e-038 2.350989e-038 2.350989e-038 2.350989e-038 2.350989e-038 
7.523164e-037 7.523164e-037 7.523164e-037 7.523164e-037 7.523164e-037 
2.407412e-035 2.407412e-035 2.407412e-035 2.407412e-035 2.407412e-035 
7.703720e-034 7.703720e-034 7.703720e-034 7.703720e-034 7.703720e-034 
2.465190e-032 2.465190e-032 2.465190e-032 2.465190e-032 2.465190e-032 
7.888609e-031 7.888609e-031 7.888609e-031 7.888609e-031 7.888609e-031 
2.524355e-029 2.524355e-029 2.524355e-029 2.524355e-029 2.524355e-029 
8.077936e-028 8.077936e-028 8.077936e-028 8.077936e-028 8.077936e-028 
2.584939e-026 2.584939e-026 2.584939e-026 2.584939e-026 2.584939e-026 
8.271806e-025 8.271806e-025 8.271806e-025 8.271806e-025 8.271806e-025 
2.646978e-023 2.646978e-023 2.646978e-023 2.646978e-023 2.646978e-023 
8.470329e-022 8.470329e-022 8.470329e-022 8.470329e-022 8.470329e-022 
2.710505e-020 2.710505e-020 2.710505e-020 2.710505e-020 2.710505e-020 
8.673617e-019 8.673617e-019 8.673617e-019 8.673617e-019 8.673617e-019 
2.775558e-017 2.775558e-017 2.775558e-017 2.775558e-017 2.775558e-017 
8.881784e-016 8.881784e-016 8.881784e-016 8.881784e-016 8.881784e-016 
2.842171e-014 2.842171e-014 2.842171e-014 2.842171e-014 2.842171e-014 
9.094947e-013 9.094947e-013 9.094947e-013 9.094947e-013 9.094947e-013 
2.910383e-011 2.910383e-011 2.910383e-011 2.910383e-011 2.910383e-011 
9.313226e-010 9.313226e-010 9.313226e-010 9.313226e-010 9.313226e-010 
2.980232e-008 2.980232e-008 2.980232e-008 2.980232e-008 2.980232e-008 
9.536743e-007 9.536743e-007 9.536743e-007 9.536743e-007 9.536743e-007 
3.051758e-005 3.051758e-005 3.051758e-005 3.051758e-005 3.051758e-005 
9.765625e-004 9.765625e-004 9.765625e-004 9.765625e-004 9.765625e-004 
3.125000e-002 3.125000e-002 3.125000e-002 3.125000e-002 3.125000e-002 
1.000000e+000 1.000000e+000 1.000000e+000 1.000000e+000 1.000000e+000 


1.000000e+000 0.000000e+000 0.000000e+000 0.000000e+000 0.000000e+000 
8.000000e-001 2.000000e-001 0.000000e+000 0.000000e+000 0.000000e+000 
6.400000e-001 3.200000e-001 4.000000e-002 0.000000e+000 0.000000e+000 
5.120000e-001 3.840000e-001 9.600000e-002 8.000000e-003 0.000000e+000 
4.096000e-001 4.096000e-001 1.536000e-001 2.560000e-002 1.600000e-003 
3.276800e-001 4.096000e-001 2.048000e-001 5.120000e-002 6.720000e-003 
2.621440e-001 3.932160e-001 2.457600e-001 8.192000e-002 1.696000e-002 
2.097152e-001 3.670016e-001 2.752512e-001 1.146880e-001 3.334400e-002 
1.677722e-001 3.355443e-001 2.936013e-001 1.468006e-001 5.628160e-002 
1.342177e-001 3.019899e-001 3.019899e-001 1.761608e-001 8.564173e-002 
1.073742e-001 2.684355e-001 3.019899e-001 2.013266e-001 1.208739e-001 
8.589935e-002 2.362232e-001 2.952790e-001 2.214593e-001 1.611392e-001 
6.871948e-002 2.061584e-001 2.834678e-001 2.362232e-001 2.054311e-001 
5.497558e-002 1.786706e-001 2.680060e-001 2.456721e-001 2.526757e-001 
4.398047e-002 1.539316e-001 2.501389e-001 2.501389e-001 3.018101e-001 
3.518437e-002 1.319414e-001 2.308974e-001 2.501389e-001 3.518379e-001 
2.814750e-002 1.125900e-001 2.111062e-001 2.462906e-001 4.018657e-001 
2.251800e-002 9.570149e-002 1.914030e-001 2.392537e-001 4.511238e-001 
1.801440e-002 8.106479e-002 1.722627e-001 2.296836e-001 4.989745e-001 
1.441152e-002 6.845471e-002 1.540231e-001 2.181994e-001 5.449113e-001 
1.152922e-002 5.764608e-002 1.369094e-001 2.053641e-001 5.885511e-001 
9.223372e-003 4.842270e-002 1.210568e-001 1.916732e-001 6.296240e-001 
7.378698e-003 4.058284e-002 1.065299e-001 1.775499e-001 6.679586e-001 
5.902958e-003 3.394201e-002 9.334053e-002 1.633459e-001 7.034686e-001 
4.722366e-003 2.833420e-002 8.146082e-002 1.493448e-001 7.361378e-001 
3.777893e-003 2.361183e-002 7.083550e-002 1.357680e-001 7.660067e-001 
3.022315e-003 1.964504e-002 6.139076e-002 1.227815e-001 7.931603e-001 
2.417852e-003 1.632050e-002 5.304162e-002 1.105034e-001 8.177167e-001 
1.934281e-003 1.353997e-002 4.569740e-002 9.901102e-002 8.398173e-001 
1.547425e-003 1.121883e-002 3.926591e-002 8.834830e-002 8.596195e-001 
1.237940e-003 9.284550e-003 3.365649e-002 7.853182e-002 8.772892e-001 
9.903520e-004 7.675228e-003 2.878211e-002 6.955676e-002 8.929956e-001 
7.922816e-004 6.338253e-003 2.456073e-002 6.140183e-002 9.069069e-001 
6.338253e-004 5.229059e-003 2.091623e-002 5.403361e-002 9.191873e-001 
5.070602e-004 4.310012e-003 1.777880e-002 4.741013e-002 9.299940e-001 
4.056482e-004 3.549422e-003 1.508504e-002 4.148387e-002 9.394760e-001 
3.245186e-004 2.920667e-003 1.277792e-002 3.620410e-002 9.477728e-001 
2.596148e-004 2.401437e-003 1.080647e-002 3.151886e-002 9.550136e-001 
2.076919e-004 1.973073e-003 9.125462e-003 2.737639e-002 9.613174e-001 
1.661535e-004 1.619997e-003 7.694984e-003 2.372620e-002 9.667927e-001 
1.329228e-004 1.329228e-003 6.479986e-003 2.051996e-002 9.715379e-001 
1.063382e-004 1.089967e-003 5.449835e-003 1.771196e-002 9.756419e-001 
8.507059e-005 8.932412e-004 4.577861e-003 1.525954e-002 9.791843e-001 



Q star

------------
1  2  3  4  5  5  5  5  5  5  5  5  5  5  5  5  5  5  5  5  5  5  5  5  5  5  5  5  5  5  5  5  5  5  5  5  5  5  5  5  5  5  5  
------------

P star

-----------
3.038582e-068

A Martrix

8.000000e-001 2.000000e-001 0.000000e+000 0.000000e+000 0.000000e+000 
0.000000e+000 8.000000e-001 2.000000e-001 0.000000e+000 0.000000e+000 
0.000000e+000 0.000000e+000 8.000000e-001 2.000000e-001 0.000000e+000 
0.000000e+000 0.000000e+000 0.000000e+000 8.000000e-001 2.000000e-001 
0.000000e+000 0.000000e+000 0.000000e+000 0.000000e+000 1.000000e+000 

B Martrix

1.000000e-030 1.000000e-030 1.000000e-030 1.000000e-030 1.000000e-030 1.000000e-030 1.000000e-030 1.000000e-030 1.000000e-030 1.000000e-030 1.000000e-030 1.000000e-030 1.000000e-030 1.000000e-030 1.000000e-030 1.000000e-030 1.000000e-030 1.000000e-030 1.000000e-030 1.000000e-030 1.000000e-030 1.000000e-030 1.000000e-030 1.000000e-030 1.000000e-030 1.000000e-030 1.000000e-030 1.000000e-030 1.000000e+000 1.000000e-030 1.000000e-030 1.000000e-030 
1.000000e-030 1.000000e-030 1.000000e-030 1.000000e-030 1.000000e-030 1.000000e-030 1.000000e-030 1.000000e-030 1.000000e-030 1.000000e-030 1.000000e-030 1.000000e-030 1.000000e-030 1.000000e-030 1.000000e-030 1.000000e-030 1.000000e-030 1.000000e-030 1.000000e-030 1.000000e-030 1.000000e-030 1.000000e-030 1.000000e-030 1.000000e-030 1.000000e-030 1.000000e-030 1.000000e-030 1.000000e-030 1.000000e+000 1.000000e-030 1.000000e-030 1.000000e-030 
1.000000e-030 1.000000e-030 1.000000e-030 1.000000e-030 1.000000e-030 1.000000e-030 1.000000e-030 1.000000e-030 1.000000e-030 1.000000e-030 1.000000e-030 1.000000e-030 1.000000e-030 1.000000e-030 1.000000e-030 1.000000e-030 1.000000e-030 1.000000e-030 1.000000e-030 1.000000e-030 1.000000e-030 1.000000e-030 1.000000e-030 1.000000e-030 1.000000e-030 1.000000e-030 1.000000e-030 1.000000e-030 1.000000e+000 1.000000e-030 1.000000e-030 1.000000e-030 
1.000000e-030 1.000000e-030 1.000000e-030 1.000000e-030 1.000000e-030 1.000000e-030 1.000000e-030 1.000000e-030 1.000000e-030 1.000000e-030 1.000000e-030 1.000000e-030 1.000000e-030 1.000000e-030 1.000000e-030 1.000000e-030 1.000000e-030 1.000000e-030 1.000000e-030 1.000000e-030 1.000000e-030 1.000000e-030 1.000000e-030 1.000000e-030 1.000000e-030 1.000000e-030 1.000000e-030 1.000000e-030 1.000000e+000 1.000000e-030 1.000000e-030 1.000000e-030 
6.970786e-003 5.730525e-002 1.000000e-030 1.000000e-030 2.339265e-002 1.000000e-030 5.419011e-002 1.000000e-030 8.886825e-003 5.571839e-001 1.000000e-030 4.202815e-002 1.000000e-030 1.025683e-001 1.000000e-030 1.000000e-030 1.000000e-030 1.000000e-030 1.951535e-002 1.000000e-030 1.000000e-030 1.000000e-030 1.442442e-003 1.000000e-030 1.000000e-030 2.889549e-002 1.000000e-030 8.456462e-002 1.305613e-002 1.000000e-030 1.000000e-030 1.000000e-030 
Iteraion 2
-----------------

P(O|lamda) = 1.059028e-043

1.000000e+000 0.000000e+000 0.000000e+000 0.000000e+000 0.000000e+000 
8.000000e-001 2.000000e-001 0.000000e+000 0.000000e+000 0.000000e+000 
6.400000e-001 3.200000e-001 4.000000e-002 0.000000e+000 0.000000e+000 
5.120000e-001 3.840000e-001 9.600000e-002 8.000000e-003 0.000000e+000 
4.096000e-031 4.096000e-031 1.536000e-031 2.560000e-032 3.742824e-005 
3.276800e-061 4.096000e-061 2.048000e-061 5.120000e-062 8.755456e-007 
2.621440e-091 3.932160e-091 2.457600e-091 8.192000e-092 2.048133e-008 
2.097152e-121 3.670016e-121 2.752512e-121 1.146880e-121 2.954312e-011 
1.677722e-151 3.355443e-151 2.936013e-151 1.468006e-151 6.910919e-013 
1.342177e-181 3.019899e-181 3.019899e-181 1.761608e-181 1.616647e-014 
1.073742e-211 2.684355e-211 3.019899e-211 2.013266e-211 3.781766e-016 
8.589935e-242 2.362232e-241 2.952790e-241 2.214593e-241 2.636188e-018 
6.871948e-272 2.061584e-271 2.834678e-271 2.362232e-271 2.342734e-020 
5.497558e-302 1.786706e-301 2.680060e-301 2.456721e-301 5.480275e-022 
4.398047e-302 1.539316e-301 2.501389e-301 2.501389e-301 7.155116e-024 
0.000000e+000 0.000000e+000 0.000000e+000 0.000000e+000 3.877365e-025 
0.000000e+000 0.000000e+000 0.000000e+000 0.000000e+000 2.101149e-026 
0.000000e+000 0.000000e+000 0.000000e+000 0.000000e+000 4.100464e-028 
0.000000e+000 0.000000e+000 0.000000e+000 0.000000e+000 2.222046e-029 
0.000000e+000 0.000000e+000 0.000000e+000 0.000000e+000 2.279114e-030 
0.000000e+000 0.000000e+000 0.000000e+000 0.000000e+000 1.306052e-031 
0.000000e+000 0.000000e+000 0.000000e+000 0.000000e+000 7.277114e-032 
0.000000e+000 0.000000e+000 0.000000e+000 0.000000e+000 2.102758e-033 
0.000000e+000 0.000000e+000 0.000000e+000 0.000000e+000 1.171623e-033 
0.000000e+000 0.000000e+000 0.000000e+000 0.000000e+000 6.714014e-035 
0.000000e+000 0.000000e+000 0.000000e+000 0.000000e+000 3.740941e-035 
0.000000e+000 0.000000e+000 0.000000e+000 0.000000e+000 2.084392e-035 
0.000000e+000 0.000000e+000 0.000000e+000 0.000000e+000 1.161390e-035 
0.000000e+000 0.000000e+000 0.000000e+000 0.000000e+000 6.471077e-036 
0.000000e+000 0.000000e+000 0.000000e+000 0.000000e+000 3.605580e-036 
0.000000e+000 0.000000e+000 0.000000e+000 0.000000e+000 2.008971e-036 
0.000000e+000 0.000000e+000 0.000000e+000 0.000000e+000 1.119366e-036 
0.000000e+000 0.000000e+000 0.000000e+000 0.000000e+000 1.148115e-037 
0.000000e+000 0.000000e+000 0.000000e+000 0.000000e+000 1.177602e-038 
0.000000e+000 0.000000e+000 0.000000e+000 0.000000e+000 6.561408e-039 
0.000000e+000 0.000000e+000 0.000000e+000 0.000000e+000 3.655911e-039 
0.000000e+000 0.000000e+000 0.000000e+000 0.000000e+000 2.037015e-039 
0.000000e+000 0.000000e+000 0.000000e+000 0.000000e+000 1.134992e-039 
0.000000e+000 0.000000e+000 0.000000e+000 0.000000e+000 6.323992e-040 
0.000000e+000 0.000000e+000 0.000000e+000 0.000000e+000 3.523627e-040 
0.000000e+000 0.000000e+000 0.000000e+000 0.000000e+000 1.480915e-041 
0.000000e+000 0.000000e+000 0.000000e+000 0.000000e+000 1.252330e-042 
0.000000e+000 0.000000e+000 0.000000e+000 0.000000e+000 1.059028e-043 


1.059028e-043 1.277747e-042 5.139094e-042 6.890230e-042 1.473094e-046 
4.527184e-072 5.295141e-043 4.270680e-042 8.612751e-042 1.128278e-044 
1.935302e-100 2.263592e-071 2.647571e-042 1.076312e-041 8.641754e-043 
8.273121e-129 9.676510e-100 1.131796e-070 1.323785e-041 6.618927e-041 
5.735498e-126 4.136560e-098 4.838255e-069 5.658980e-040 2.829490e-039 
2.451838e-124 2.867749e-095 2.068280e-067 2.419128e-038 1.209564e-037 
1.048123e-122 1.225919e-093 1.433874e-064 1.034140e-036 5.170700e-036 
4.480567e-121 5.240616e-092 6.129594e-063 7.169372e-034 3.584686e-033 
6.427635e-119 2.240283e-090 2.620308e-061 3.064797e-032 1.532399e-031 
7.232769e-117 3.213817e-088 1.120142e-059 1.310154e-030 6.550770e-030 
7.609028e-113 3.616384e-086 1.606909e-057 5.600708e-029 2.800354e-028 
2.368159e-083 2.857250e-082 1.808192e-055 8.034544e-027 4.017272e-026 
4.370094e-082 1.184079e-052 9.549933e-052 9.040961e-025 4.520480e-024 
8.064376e-081 2.185047e-051 5.920397e-022 2.406808e-021 1.932436e-022 
4.132325e-109 4.032188e-080 1.092524e-050 2.960199e-021 1.480099e-020 
7.625608e-108 2.066163e-078 2.016094e-049 5.462618e-020 2.731309e-019 
7.434665e-107 3.812804e-077 1.033081e-047 1.008047e-018 5.040235e-018 
1.297379e-105 3.717332e-076 1.906402e-046 5.165407e-017 2.582703e-016 
2.328458e-105 6.486896e-075 1.858666e-045 9.532010e-016 4.766005e-015 
8.058205e-104 1.164229e-074 3.243448e-044 9.293331e-015 4.646666e-014 
1.446238e-103 4.029102e-073 5.821145e-044 1.621724e-013 8.108620e-013 
2.523744e-102 7.231189e-073 2.014551e-042 2.910572e-013 1.455286e-012 
4.529463e-102 1.261872e-071 3.615595e-042 1.007276e-011 5.036378e-011 
8.129206e-102 2.264731e-071 6.309360e-041 1.807797e-011 9.038986e-011 
1.458981e-101 4.064603e-071 1.132366e-040 3.154680e-010 1.577340e-009 
2.618490e-101 7.294904e-071 2.032302e-040 5.661829e-010 2.830914e-009 
4.699508e-101 1.309245e-070 3.647452e-040 1.016151e-009 5.080754e-009 
8.434393e-101 2.349754e-070 6.546226e-040 1.823726e-009 9.118630e-009 
1.513754e-100 4.217197e-070 1.174877e-039 3.273113e-009 1.636556e-008 
1.475850e-099 7.568769e-070 2.108598e-039 5.874385e-009 2.937193e-008 
1.438895e-098 7.379249e-069 3.784385e-039 1.054299e-008 5.271496e-008 
2.582442e-098 7.194475e-068 3.689625e-038 1.892192e-008 9.460962e-008 
4.634810e-098 1.291221e-067 3.597237e-037 1.844812e-007 9.224062e-007 
8.318277e-098 2.317405e-067 6.456104e-037 1.798619e-006 8.993093e-006 
1.492914e-097 4.159138e-067 1.158703e-036 3.228052e-006 1.614026e-005 
2.679392e-097 7.464570e-067 2.079569e-036 5.793513e-006 2.896756e-005 
4.808810e-097 1.339696e-066 3.732285e-036 1.039785e-005 5.198923e-005 
1.144188e-095 2.404405e-066 6.698479e-036 1.866143e-005 9.330713e-005 
1.353034e-094 5.720940e-065 1.202203e-035 3.349240e-005 1.674620e-004 
1.000000e-090 6.765169e-064 2.860470e-034 6.011013e-005 3.005506e-004 
1.000000e-060 1.000000e-060 3.382585e-033 1.430235e-003 7.151174e-003 
1.000000e-030 1.000000e-030 1.000000e-030 1.691292e-002 8.456462e-002 
1.000000e+000 1.000000e+000 1.000000e+000 1.000000e+000 1.000000e+000 


1.000000e+000 0.000000e+000 0.000000e+000 0.000000e+000 0.000000e+000 
3.419878e-029 1.000000e+000 0.000000e+000 0.000000e+000 0.000000e+000 
1.169556e-057 6.839756e-029 1.000000e+000 0.000000e+000 0.000000e+000 
3.999740e-086 3.508669e-057 1.025963e-028 1.000000e+000 0.000000e+000 
2.218317e-113 1.599896e-085 7.017339e-057 1.367951e-028 1.000000e+000 
7.586372e-142 1.109158e-112 3.999740e-085 1.169556e-056 1.000000e+000 
2.594446e-170 4.551823e-141 3.327475e-112 7.999480e-085 1.000000e+000 
8.872690e-199 1.816112e-169 1.593138e-140 7.764108e-112 1.000000e+000 
1.018271e-226 7.098152e-198 7.264450e-169 4.248368e-140 1.000000e+000 
9.166571e-255 9.164442e-226 3.194168e-197 2.179335e-168 1.000000e+000 
7.714743e-281 9.166571e-254 4.582221e-225 1.064723e-196 1.000000e+000 
1.920849e-281 6.373284e-280 5.041614e-253 1.680148e-224 1.000000e+000 
2.835718e-310 2.305018e-280 2.556210e-279 2.016646e-252 1.000000e+000 
0.000000e+000 3.686434e-309 1.498262e-279 5.583284e-279 1.000000e+000 
0.000000e+000 0.000000e+000 2.580504e-308 6.991889e-279 1.000000e+000 
0.000000e+000 0.000000e+000 0.000000e+000 0.000000e+000 1.000000e+000 
0.000000e+000 0.000000e+000 0.000000e+000 0.000000e+000 1.000000e+000 
0.000000e+000 0.000000e+000 0.000000e+000 0.000000e+000 1.000000e+000 
0.000000e+000 0.000000e+000 0.000000e+000 0.000000e+000 1.000000e+000 
0.000000e+000 0.000000e+000 0.000000e+000 0.000000e+000 1.000000e+000 
0.000000e+000 0.000000e+000 0.000000e+000 0.000000e+000 1.000000e+000 
0.000000e+000 0.000000e+000 0.000000e+000 0.000000e+000 1.000000e+000 
0.000000e+000 0.000000e+000 0.000000e+000 0.000000e+000 1.000000e+000 
0.000000e+000 0.000000e+000 0.000000e+000 0.000000e+000 1.000000e+000 
0.000000e+000 0.000000e+000 0.000000e+000 0.000000e+000 1.000000e+000 
0.000000e+000 0.000000e+000 0.000000e+000 0.000000e+000 1.000000e+000 
0.000000e+000 0.000000e+000 0.000000e+000 0.000000e+000 1.000000e+000 
0.000000e+000 0.000000e+000 0.000000e+000 0.000000e+000 1.000000e+000 
0.000000e+000 0.000000e+000 0.000000e+000 0.000000e+000 1.000000e+000 
0.000000e+000 0.000000e+000 0.000000e+000 0.000000e+000 1.000000e+000 
0.000000e+000 0.000000e+000 0.000000e+000 0.000000e+000 1.000000e+000 
0.000000e+000 0.000000e+000 0.000000e+000 0.000000e+000 1.000000e+000 
0.000000e+000 0.000000e+000 0.000000e+000 0.000000e+000 1.000000e+000 
0.000000e+000 0.000000e+000 0.000000e+000 0.000000e+000 1.000000e+000 
0.000000e+000 0.000000e+000 0.000000e+000 0.000000e+000 1.000000e+000 
0.000000e+000 0.000000e+000 0.000000e+000 0.000000e+000 1.000000e+000 
0.000000e+000 0.000000e+000 0.000000e+000 0.000000e+000 1.000000e+000 
0.000000e+000 0.000000e+000 0.000000e+000 0.000000e+000 1.000000e+000 
0.000000e+000 0.000000e+000 0.000000e+000 0.000000e+000 1.000000e+000 
0.000000e+000 0.000000e+000 0.000000e+000 0.000000e+000 1.000000e+000 
0.000000e+000 0.000000e+000 0.000000e+000 0.000000e+000 1.000000e+000 
0.000000e+000 0.000000e+000 0.000000e+000 0.000000e+000 1.000000e+000 
0.000000e+000 0.000000e+000 0.000000e+000 0.000000e+000 1.000000e+000 



Q star

------------
1  2  3  4  5  5  5  5  5  5  5  5  5  5  5  5  5  5  5  5  5  5  5  5  5  5  5  5  5  5  5  5  5  5  5  5  5  5  5  5  5  5  5  
------------

P star

-----------
1.059028e-043

A Martrix

3.419878e-029 1.000000e+000 0.000000e+000 0.000000e+000 0.000000e+000 
0.000000e+000 3.419878e-029 1.000000e+000 0.000000e+000 0.000000e+000 
0.000000e+000 0.000000e+000 3.419878e-029 1.000000e+000 0.000000e+000 
0.000000e+000 0.000000e+000 0.000000e+000 3.419878e-029 1.000000e+000 
0.000000e+000 0.000000e+000 0.000000e+000 0.000000e+000 1.000000e+000 

B Martrix

1.000000e-030 1.000000e-030 1.000000e-030 1.000000e-030 1.000000e-030 1.000000e-030 1.000000e-030 1.000000e-030 1.000000e-030 1.000000e-030 1.000000e-030 1.000000e-030 1.000000e-030 1.000000e-030 1.000000e-030 1.000000e-030 1.000000e-030 1.000000e-030 1.000000e-030 1.000000e-030 1.000000e-030 1.000000e-030 1.000000e-030 1.000000e-030 1.000000e-030 1.000000e-030 1.000000e-030 1.000000e-030 1.000000e+000 1.000000e-030 1.000000e-030 1.000000e-030 
1.000000e-030 1.000000e-030 1.000000e-030 1.000000e-030 1.000000e-030 1.000000e-030 1.000000e-030 1.000000e-030 1.000000e-030 1.000000e-030 1.000000e-030 1.000000e-030 1.000000e-030 1.000000e-030 1.000000e-030 1.000000e-030 1.000000e-030 1.000000e-030 1.000000e-030 1.000000e-030 1.000000e-030 1.000000e-030 1.000000e-030 1.000000e-030 1.000000e-030 1.000000e-030 1.000000e-030 1.000000e-030 1.000000e+000 1.000000e-030 1.000000e-030 1.000000e-030 
1.000000e-030 1.000000e-030 1.000000e-030 1.000000e-030 1.000000e-030 1.000000e-030 1.000000e-030 1.000000e-030 1.000000e-030 1.000000e-030 1.000000e-030 1.000000e-030 1.000000e-030 1.000000e-030 1.000000e-030 1.000000e-030 1.000000e-030 1.000000e-030 1.000000e-030 1.000000e-030 1.000000e-030 1.000000e-030 1.000000e-030 1.000000e-030 1.000000e-030 1.000000e-030 1.000000e-030 1.000000e-030 1.000000e+000 1.000000e-030 1.000000e-030 1.000000e-030 
1.000000e-030 1.000000e-030 1.000000e-030 1.000000e-030 1.000000e-030 1.000000e-030 1.000000e-030 1.000000e-030 1.000000e-030 1.000000e-030 1.000000e-030 1.000000e-030 1.000000e-030 1.000000e-030 1.000000e-030 1.000000e-030 1.000000e-030 1.000000e-030 1.000000e-030 1.000000e-030 1.000000e-030 1.000000e-030 1.000000e-030 1.000000e-030 1.000000e-030 1.000000e-030 1.000000e-030 1.000000e-030 1.000000e+000 1.000000e-030 1.000000e-030 1.000000e-030 
2.564103e-002 5.128205e-002 1.000000e-030 1.000000e-030 1.794872e-001 1.000000e-030 7.692308e-002 1.000000e-030 2.564103e-002 3.846154e-001 1.000000e-030 2.564103e-002 1.000000e-030 7.692308e-002 1.000000e-030 1.000000e-030 1.000000e-030 1.000000e-030 2.564103e-002 1.000000e-030 1.000000e-030 1.000000e-030 2.564103e-002 1.000000e-030 1.000000e-030 2.564103e-002 1.000000e-030 5.128205e-002 2.564103e-002 1.000000e-030 1.000000e-030 1.000000e-030 
Iteraion 3
-----------------

P(O|lamda) = 3.735795e-035

1.000000e+000 0.000000e+000 0.000000e+000 0.000000e+000 0.000000e+000 
3.419878e-029 1.000000e+000 0.000000e+000 0.000000e+000 0.000000e+000 
1.169556e-057 6.839756e-029 1.000000e+000 0.000000e+000 0.000000e+000 
3.999740e-086 3.508669e-057 1.025963e-028 1.000000e+000 0.000000e+000 
1.367862e-144 1.599896e-115 7.017339e-087 1.367951e-058 1.794872e-001 
4.677922e-203 6.839311e-174 3.999740e-145 1.169556e-116 3.221565e-002 
1.599792e-261 2.806753e-232 2.051793e-203 7.999480e-175 5.782296e-003 
5.471283e-320 1.119854e-290 9.823636e-262 4.787518e-233 1.482640e-004 
0.000000e+000 0.000000e+000 4.479199e-320 2.619636e-291 2.661149e-005 
0.000000e+000 0.000000e+000 0.000000e+000 0.000000e+000 4.776421e-006 
0.000000e+000 0.000000e+000 0.000000e+000 0.000000e+000 8.573063e-007 
0.000000e+000 0.000000e+000 0.000000e+000 0.000000e+000 2.198221e-008 
0.000000e+000 0.000000e+000 0.000000e+000 0.000000e+000 5.636465e-010 
0.000000e+000 0.000000e+000 0.000000e+000 0.000000e+000 1.011673e-010 
0.000000e+000 0.000000e+000 0.000000e+000 0.000000e+000 2.594034e-012 
0.000000e+000 0.000000e+000 0.000000e+000 0.000000e+000 1.995410e-013 
0.000000e+000 0.000000e+000 0.000000e+000 0.000000e+000 1.534931e-014 
0.000000e+000 0.000000e+000 0.000000e+000 0.000000e+000 3.935721e-016 
0.000000e+000 0.000000e+000 0.000000e+000 0.000000e+000 3.027478e-017 
0.000000e+000 0.000000e+000 0.000000e+000 0.000000e+000 2.328829e-018 
0.000000e+000 0.000000e+000 0.000000e+000 0.000000e+000 1.194271e-019 
0.000000e+000 0.000000e+000 0.000000e+000 0.000000e+000 4.593351e-020 
0.000000e+000 0.000000e+000 0.000000e+000 0.000000e+000 1.177782e-021 
0.000000e+000 0.000000e+000 0.000000e+000 0.000000e+000 4.529932e-022 
0.000000e+000 0.000000e+000 0.000000e+000 0.000000e+000 2.323042e-023 
0.000000e+000 0.000000e+000 0.000000e+000 0.000000e+000 8.934777e-024 
0.000000e+000 0.000000e+000 0.000000e+000 0.000000e+000 3.436453e-024 
0.000000e+000 0.000000e+000 0.000000e+000 0.000000e+000 1.321713e-024 
0.000000e+000 0.000000e+000 0.000000e+000 0.000000e+000 5.083510e-025 
0.000000e+000 0.000000e+000 0.000000e+000 0.000000e+000 1.955196e-025 
0.000000e+000 0.000000e+000 0.000000e+000 0.000000e+000 7.519985e-026 
0.000000e+000 0.000000e+000 0.000000e+000 0.000000e+000 2.892302e-026 
0.000000e+000 0.000000e+000 0.000000e+000 0.000000e+000 2.224848e-027 
0.000000e+000 0.000000e+000 0.000000e+000 0.000000e+000 1.711421e-028 
0.000000e+000 0.000000e+000 0.000000e+000 0.000000e+000 6.582389e-029 
0.000000e+000 0.000000e+000 0.000000e+000 0.000000e+000 2.531688e-029 
0.000000e+000 0.000000e+000 0.000000e+000 0.000000e+000 9.737262e-030 
0.000000e+000 0.000000e+000 0.000000e+000 0.000000e+000 3.745101e-030 
0.000000e+000 0.000000e+000 0.000000e+000 0.000000e+000 1.440423e-030 
0.000000e+000 0.000000e+000 0.000000e+000 0.000000e+000 5.540090e-031 
0.000000e+000 0.000000e+000 0.000000e+000 0.000000e+000 1.420536e-032 
0.000000e+000 0.000000e+000 0.000000e+000 0.000000e+000 7.284800e-034 
0.000000e+000 0.000000e+000 0.000000e+000 0.000000e+000 3.735795e-035 


3.735795e-035 9.578961e-037 2.456144e-038 6.297805e-040 6.297805e-040 
2.081371e-064 3.735795e-035 9.578961e-037 2.456144e-038 2.456144e-038 
1.159621e-093 2.081371e-064 3.735795e-035 9.578961e-037 9.578961e-037 
6.460747e-123 1.159621e-093 2.081371e-064 3.735795e-035 3.735795e-035 
2.519691e-121 6.460747e-093 1.159621e-063 2.081371e-034 2.081371e-034 
1.403828e-120 2.519691e-091 6.460747e-063 1.159621e-033 1.159621e-033 
7.821327e-120 1.403828e-090 2.519691e-061 6.460747e-033 6.460747e-033 
4.357596e-119 7.821327e-090 1.403828e-060 2.519691e-031 2.519691e-031 
1.699463e-117 4.357596e-089 7.821327e-060 1.403828e-030 1.403828e-030 
6.627904e-116 1.699463e-087 4.357596e-059 7.821327e-030 7.821327e-030 
3.692690e-115 6.627904e-086 1.699463e-057 4.357596e-029 4.357596e-029 
1.440149e-083 3.692690e-085 6.627904e-056 1.699463e-027 1.699463e-027 
1.872194e-082 1.440149e-053 3.692690e-055 6.627904e-026 6.627904e-026 
2.433852e-081 1.872194e-052 1.440149e-023 3.692690e-025 3.692690e-025 
9.492021e-110 2.433852e-081 1.872194e-052 1.440149e-023 1.440149e-023 
1.233963e-108 9.492021e-080 2.433852e-051 1.872194e-022 1.872194e-022 
1.604152e-107 1.233963e-078 9.492021e-050 2.433852e-021 2.433852e-021 
3.128096e-106 1.604152e-077 1.233963e-048 9.492021e-020 9.492021e-020 
8.133049e-106 3.128096e-076 1.604152e-047 1.233963e-018 1.233963e-018 
3.171889e-104 8.133049e-076 3.128096e-046 1.604152e-017 1.604152e-017 
8.246911e-104 3.171889e-074 8.133049e-046 3.128096e-016 3.128096e-016 
1.608148e-102 8.246911e-074 3.171889e-044 8.133049e-016 8.133049e-016 
4.181184e-102 1.608148e-072 8.246911e-044 3.171889e-014 3.171889e-014 
1.087108e-101 4.181184e-072 1.608148e-042 8.246911e-014 8.246911e-014 
2.826480e-101 1.087108e-071 4.181184e-042 1.608148e-012 1.608148e-012 
7.348849e-101 2.826480e-071 1.087108e-041 4.181184e-012 4.181184e-012 
1.910701e-100 7.348849e-071 2.826480e-041 1.087108e-011 1.087108e-011 
4.967822e-100 1.910701e-070 7.348849e-041 2.826480e-011 2.826480e-011 
1.291634e-099 4.967822e-070 1.910701e-040 7.348849e-011 7.348849e-011 
1.679124e-098 1.291634e-069 4.967822e-040 1.910701e-010 1.910701e-010 
2.182861e-097 1.679124e-068 1.291634e-039 4.967822e-010 4.967822e-010 
5.675439e-097 2.182861e-067 1.679124e-038 1.291634e-009 1.291634e-009 
1.475614e-096 5.675439e-067 2.182861e-037 1.679124e-008 1.679124e-008 
3.836597e-096 1.475614e-066 5.675439e-037 2.182861e-007 2.182861e-007 
9.975151e-096 3.836597e-066 1.475614e-036 5.675439e-007 5.675439e-007 
2.593539e-095 9.975151e-066 3.836597e-036 1.475614e-006 1.475614e-006 
6.743202e-095 2.593539e-065 9.975151e-036 3.836597e-006 3.836597e-006 
2.629849e-093 6.743202e-065 2.593539e-035 9.975151e-006 9.975151e-006 
5.128205e-092 2.629849e-063 6.743202e-035 2.593539e-005 2.593539e-005 
1.000000e-090 5.128205e-062 2.629849e-033 6.743202e-005 6.743202e-005 
1.000000e-060 1.000000e-060 5.128205e-032 2.629849e-003 2.629849e-003 
1.000000e-030 1.000000e-030 1.000000e-030 5.128205e-002 5.128205e-002 
1.000000e+000 1.000000e+000 1.000000e+000 1.000000e+000 1.000000e+000 


1.000000e+000 0.000000e+000 0.000000e+000 0.000000e+000 0.000000e+000 
1.905361e-058 1.000000e+000 0.000000e+000 0.000000e+000 0.000000e+000 
3.630399e-116 3.810721e-058 1.000000e+000 0.000000e+000 0.000000e+000 
6.917218e-174 1.089120e-115 5.716082e-058 1.000000e+000 0.000000e+000 
9.225856e-231 2.766887e-173 2.178239e-115 7.621442e-058 1.000000e+000 
1.757858e-288 4.612928e-230 6.917218e-173 3.630399e-115 1.000000e+000 
0.000000e+000 1.054715e-287 1.383878e-229 1.383444e-172 1.000000e+000 
0.000000e+000 0.000000e+000 3.691502e-287 3.229050e-229 1.000000e+000 
0.000000e+000 0.000000e+000 0.000000e+000 9.844006e-287 1.000000e+000 
0.000000e+000 0.000000e+000 0.000000e+000 0.000000e+000 1.000000e+000 
0.000000e+000 0.000000e+000 0.000000e+000 0.000000e+000 1.000000e+000 
0.000000e+000 0.000000e+000 0.000000e+000 0.000000e+000 1.000000e+000 
0.000000e+000 0.000000e+000 0.000000e+000 0.000000e+000 1.000000e+000 
0.000000e+000 0.000000e+000 0.000000e+000 0.000000e+000 1.000000e+000 
0.000000e+000 0.000000e+000 0.000000e+000 0.000000e+000 1.000000e+000 
0.000000e+000 0.000000e+000 0.000000e+000 0.000000e+000 1.000000e+000 
0.000000e+000 0.000000e+000 0.000000e+000 0.000000e+000 1.000000e+000 
0.000000e+000 0.000000e+000 0.000000e+000 0.000000e+000 1.000000e+000 
0.000000e+000 0.000000e+000 0.000000e+000 0.000000e+000 1.000000e+000 
0.000000e+000 0.000000e+000 0.000000e+000 0.000000e+000 1.000000e+000 
0.000000e+000 0.000000e+000 0.000000e+000 0.000000e+000 1.000000e+000 
0.000000e+000 0.000000e+000 0.000000e+000 0.000000e+000 1.000000e+000 
0.000000e+000 0.000000e+000 0.000000e+000 0.000000e+000 1.000000e+000 
0.000000e+000 0.000000e+000 0.000000e+000 0.000000e+000 1.000000e+000 
0.000000e+000 0.000000e+000 0.000000e+000 0.000000e+000 1.000000e+000 
0.000000e+000 0.000000e+000 0.000000e+000 0.000000e+000 1.000000e+000 
0.000000e+000 0.000000e+000 0.000000e+000 0.000000e+000 1.000000e+000 
0.000000e+000 0.000000e+000 0.000000e+000 0.000000e+000 1.000000e+000 
0.000000e+000 0.000000e+000 0.000000e+000 0.000000e+000 1.000000e+000 
0.000000e+000 0.000000e+000 0.000000e+000 0.000000e+000 1.000000e+000 
0.000000e+000 0.000000e+000 0.000000e+000 0.000000e+000 1.000000e+000 
0.000000e+000 0.000000e+000 0.000000e+000 0.000000e+000 1.000000e+000 
0.000000e+000 0.000000e+000 0.000000e+000 0.000000e+000 1.000000e+000 
0.000000e+000 0.000000e+000 0.000000e+000 0.000000e+000 1.000000e+000 
0.000000e+000 0.000000e+000 0.000000e+000 0.000000e+000 1.000000e+000 
0.000000e+000 0.000000e+000 0.000000e+000 0.000000e+000 1.000000e+000 
0.000000e+000 0.000000e+000 0.000000e+000 0.000000e+000 1.000000e+000 
0.000000e+000 0.000000e+000 0.000000e+000 0.000000e+000 1.000000e+000 
0.000000e+000 0.000000e+000 0.000000e+000 0.000000e+000 1.000000e+000 
0.000000e+000 0.000000e+000 0.000000e+000 0.000000e+000 1.000000e+000 
0.000000e+000 0.000000e+000 0.000000e+000 0.000000e+000 1.000000e+000 
0.000000e+000 0.000000e+000 0.000000e+000 0.000000e+000 1.000000e+000 
0.000000e+000 0.000000e+000 0.000000e+000 0.000000e+000 1.000000e+000 



Q star

------------
1  2  3  4  5  5  5  5  5  5  5  5  5  5  5  5  5  5  5  5  5  5  5  5  5  5  5  5  5  5  5  5  5  5  5  5  5  5  5  5  5  5  5  
------------

P star

-----------
3.735795e-035

A Martrix

1.905361e-058 1.000000e+000 0.000000e+000 0.000000e+000 0.000000e+000 
0.000000e+000 1.905361e-058 1.000000e+000 0.000000e+000 0.000000e+000 
0.000000e+000 0.000000e+000 1.905361e-058 1.000000e+000 0.000000e+000 
0.000000e+000 0.000000e+000 0.000000e+000 1.905361e-058 1.000000e+000 
0.000000e+000 0.000000e+000 0.000000e+000 0.000000e+000 1.000000e+000 

B Martrix

1.000000e-030 1.000000e-030 1.000000e-030 1.000000e-030 1.000000e-030 1.000000e-030 1.000000e-030 1.000000e-030 1.000000e-030 1.000000e-030 1.000000e-030 1.000000e-030 1.000000e-030 1.000000e-030 1.000000e-030 1.000000e-030 1.000000e-030 1.000000e-030 1.000000e-030 1.000000e-030 1.000000e-030 1.000000e-030 1.000000e-030 1.000000e-030 1.000000e-030 1.000000e-030 1.000000e-030 1.000000e-030 1.000000e+000 1.000000e-030 1.000000e-030 1.000000e-030 
1.000000e-030 1.000000e-030 1.000000e-030 1.000000e-030 1.000000e-030 1.000000e-030 1.000000e-030 1.000000e-030 1.000000e-030 1.000000e-030 1.000000e-030 1.000000e-030 1.000000e-030 1.000000e-030 1.000000e-030 1.000000e-030 1.000000e-030 1.000000e-030 1.000000e-030 1.000000e-030 1.000000e-030 1.000000e-030 1.000000e-030 1.000000e-030 1.000000e-030 1.000000e-030 1.000000e-030 1.000000e-030 1.000000e+000 1.000000e-030 1.000000e-030 1.000000e-030 
1.000000e-030 1.000000e-030 1.000000e-030 1.000000e-030 1.000000e-030 1.000000e-030 1.000000e-030 1.000000e-030 1.000000e-030 1.000000e-030 1.000000e-030 1.000000e-030 1.000000e-030 1.000000e-030 1.000000e-030 1.000000e-030 1.000000e-030 1.000000e-030 1.000000e-030 1.000000e-030 1.000000e-030 1.000000e-030 1.000000e-030 1.000000e-030 1.000000e-030 1.000000e-030 1.000000e-030 1.000000e-030 1.000000e+000 1.000000e-030 1.000000e-030 1.000000e-030 
1.000000e-030 1.000000e-030 1.000000e-030 1.000000e-030 1.000000e-030 1.000000e-030 1.000000e-030 1.000000e-030 1.000000e-030 1.000000e-030 1.000000e-030 1.000000e-030 1.000000e-030 1.000000e-030 1.000000e-030 1.000000e-030 1.000000e-030 1.000000e-030 1.000000e-030 1.000000e-030 1.000000e-030 1.000000e-030 1.000000e-030 1.000000e-030 1.000000e-030 1.000000e-030 1.000000e-030 1.000000e-030 1.000000e+000 1.000000e-030 1.000000e-030 1.000000e-030 
2.564103e-002 5.128205e-002 1.000000e-030 1.000000e-030 1.794872e-001 1.000000e-030 7.692308e-002 1.000000e-030 2.564103e-002 3.846154e-001 1.000000e-030 2.564103e-002 1.000000e-030 7.692308e-002 1.000000e-030 1.000000e-030 1.000000e-030 1.000000e-030 2.564103e-002 1.000000e-030 1.000000e-030 1.000000e-030 2.564103e-002 1.000000e-030 1.000000e-030 2.564103e-002 1.000000e-030 5.128205e-002 2.564103e-002 1.000000e-030 1.000000e-030 1.000000e-030 
Iteraion 4
-----------------

P(O|lamda) = 3.735795e-035

1.000000e+000 0.000000e+000 0.000000e+000 0.000000e+000 0.000000e+000 
1.905361e-058 1.000000e+000 0.000000e+000 0.000000e+000 0.000000e+000 
3.630399e-116 3.810721e-058 1.000000e+000 0.000000e+000 0.000000e+000 
6.917218e-174 1.089120e-115 5.716082e-058 1.000000e+000 0.000000e+000 
1.317979e-261 2.766887e-203 2.178239e-145 7.621442e-088 1.794872e-001 
0.000000e+000 6.589897e-291 6.917218e-233 3.630399e-175 3.221565e-002 
0.000000e+000 0.000000e+000 1.976757e-320 1.383444e-262 5.782296e-003 
0.000000e+000 0.000000e+000 0.000000e+000 0.000000e+000 1.482640e-004 
0.000000e+000 0.000000e+000 0.000000e+000 0.000000e+000 2.661149e-005 
0.000000e+000 0.000000e+000 0.000000e+000 0.000000e+000 4.776421e-006 
0.000000e+000 0.000000e+000 0.000000e+000 0.000000e+000 8.573063e-007 
0.000000e+000 0.000000e+000 0.000000e+000 0.000000e+000 2.198221e-008 
0.000000e+000 0.000000e+000 0.000000e+000 0.000000e+000 5.636465e-010 
0.000000e+000 0.000000e+000 0.000000e+000 0.000000e+000 1.011673e-010 
0.000000e+000 0.000000e+000 0.000000e+000 0.000000e+000 2.594034e-012 
0.000000e+000 0.000000e+000 0.000000e+000 0.000000e+000 1.995410e-013 
0.000000e+000 0.000000e+000 0.000000e+000 0.000000e+000 1.534931e-014 
0.000000e+000 0.000000e+000 0.000000e+000 0.000000e+000 3.935721e-016 
0.000000e+000 0.000000e+000 0.000000e+000 0.000000e+000 3.027478e-017 
0.000000e+000 0.000000e+000 0.000000e+000 0.000000e+000 2.328829e-018 
0.000000e+000 0.000000e+000 0.000000e+000 0.000000e+000 1.194271e-019 
0.000000e+000 0.000000e+000 0.000000e+000 0.000000e+000 4.593351e-020 
0.000000e+000 0.000000e+000 0.000000e+000 0.000000e+000 1.177782e-021 
0.000000e+000 0.000000e+000 0.000000e+000 0.000000e+000 4.529932e-022 
0.000000e+000 0.000000e+000 0.000000e+000 0.000000e+000 2.323042e-023 
0.000000e+000 0.000000e+000 0.000000e+000 0.000000e+000 8.934777e-024 
0.000000e+000 0.000000e+000 0.000000e+000 0.000000e+000 3.436453e-024 
0.000000e+000 0.000000e+000 0.000000e+000 0.000000e+000 1.321713e-024 
0.000000e+000 0.000000e+000 0.000000e+000 0.000000e+000 5.083510e-025 
0.000000e+000 0.000000e+000 0.000000e+000 0.000000e+000 1.955196e-025 
0.000000e+000 0.000000e+000 0.000000e+000 0.000000e+000 7.519985e-026 
0.000000e+000 0.000000e+000 0.000000e+000 0.000000e+000 2.892302e-026 
0.000000e+000 0.000000e+000 0.000000e+000 0.000000e+000 2.224848e-027 
0.000000e+000 0.000000e+000 0.000000e+000 0.000000e+000 1.711421e-028 
0.000000e+000 0.000000e+000 0.000000e+000 0.000000e+000 6.582389e-029 
0.000000e+000 0.000000e+000 0.000000e+000 0.000000e+000 2.531688e-029 
0.000000e+000 0.000000e+000 0.000000e+000 0.000000e+000 9.737262e-030 
0.000000e+000 0.000000e+000 0.000000e+000 0.000000e+000 3.745101e-030 
0.000000e+000 0.000000e+000 0.000000e+000 0.000000e+000 1.440423e-030 
0.000000e+000 0.000000e+000 0.000000e+000 0.000000e+000 5.540090e-031 
0.000000e+000 0.000000e+000 0.000000e+000 0.000000e+000 1.420536e-032 
0.000000e+000 0.000000e+000 0.000000e+000 0.000000e+000 7.284800e-034 
0.000000e+000 0.000000e+000 0.000000e+000 0.000000e+000 3.735795e-035 


3.735795e-035 9.578961e-037 2.456144e-038 6.297805e-040 6.297805e-040 
2.081371e-064 3.735795e-035 9.578961e-037 2.456144e-038 2.456144e-038 
1.159621e-093 2.081371e-064 3.735795e-035 9.578961e-037 9.578961e-037 
6.460747e-123 1.159621e-093 2.081371e-064 3.735795e-035 3.735795e-035 
2.519691e-121 6.460747e-093 1.159621e-063 2.081371e-034 2.081371e-034 
1.403828e-120 2.519691e-091 6.460747e-063 1.159621e-033 1.159621e-033 
7.821327e-120 1.403828e-090 2.519691e-061 6.460747e-033 6.460747e-033 
4.357596e-119 7.821327e-090 1.403828e-060 2.519691e-031 2.519691e-031 
1.699463e-117 4.357596e-089 7.821327e-060 1.403828e-030 1.403828e-030 
6.627904e-116 1.699463e-087 4.357596e-059 7.821327e-030 7.821327e-030 
3.692690e-115 6.627904e-086 1.699463e-057 4.357596e-029 4.357596e-029 
1.440149e-083 3.692690e-085 6.627904e-056 1.699463e-027 1.699463e-027 
1.872194e-082 1.440149e-053 3.692690e-055 6.627904e-026 6.627904e-026 
2.433852e-081 1.872194e-052 1.440149e-023 3.692690e-025 3.692690e-025 
9.492021e-110 2.433852e-081 1.872194e-052 1.440149e-023 1.440149e-023 
1.233963e-108 9.492021e-080 2.433852e-051 1.872194e-022 1.872194e-022 
1.604152e-107 1.233963e-078 9.492021e-050 2.433852e-021 2.433852e-021 
3.128096e-106 1.604152e-077 1.233963e-048 9.492021e-020 9.492021e-020 
8.133049e-106 3.128096e-076 1.604152e-047 1.233963e-018 1.233963e-018 
3.171889e-104 8.133049e-076 3.128096e-046 1.604152e-017 1.604152e-017 
8.246911e-104 3.171889e-074 8.133049e-046 3.128096e-016 3.128096e-016 
1.608148e-102 8.246911e-074 3.171889e-044 8.133049e-016 8.133049e-016 
4.181184e-102 1.608148e-072 8.246911e-044 3.171889e-014 3.171889e-014 
1.087108e-101 4.181184e-072 1.608148e-042 8.246911e-014 8.246911e-014 
2.826480e-101 1.087108e-071 4.181184e-042 1.608148e-012 1.608148e-012 
7.348849e-101 2.826480e-071 1.087108e-041 4.181184e-012 4.181184e-012 
1.910701e-100 7.348849e-071 2.826480e-041 1.087108e-011 1.087108e-011 
4.967822e-100 1.910701e-070 7.348849e-041 2.826480e-011 2.826480e-011 
1.291634e-099 4.967822e-070 1.910701e-040 7.348849e-011 7.348849e-011 
1.679124e-098 1.291634e-069 4.967822e-040 1.910701e-010 1.910701e-010 
2.182861e-097 1.679124e-068 1.291634e-039 4.967822e-010 4.967822e-010 
5.675439e-097 2.182861e-067 1.679124e-038 1.291634e-009 1.291634e-009 
1.475614e-096 5.675439e-067 2.182861e-037 1.679124e-008 1.679124e-008 
3.836597e-096 1.475614e-066 5.675439e-037 2.182861e-007 2.182861e-007 
9.975151e-096 3.836597e-066 1.475614e-036 5.675439e-007 5.675439e-007 
2.593539e-095 9.975151e-066 3.836597e-036 1.475614e-006 1.475614e-006 
6.743202e-095 2.593539e-065 9.975151e-036 3.836597e-006 3.836597e-006 
2.629849e-093 6.743202e-065 2.593539e-035 9.975151e-006 9.975151e-006 
5.128205e-092 2.629849e-063 6.743202e-035 2.593539e-005 2.593539e-005 
1.000000e-090 5.128205e-062 2.629849e-033 6.743202e-005 6.743202e-005 
1.000000e-060 1.000000e-060 5.128205e-032 2.629849e-003 2.629849e-003 
1.000000e-030 1.000000e-030 1.000000e-030 5.128205e-002 5.128205e-002 
1.000000e+000 1.000000e+000 1.000000e+000 1.000000e+000 1.000000e+000 


1.000000e+000 0.000000e+000 0.000000e+000 0.000000e+000 0.000000e+000 
1.061558e-087 1.000000e+000 0.000000e+000 0.000000e+000 0.000000e+000 
1.126905e-174 2.123116e-087 1.000000e+000 0.000000e+000 0.000000e+000 
1.196275e-261 3.380716e-174 3.184674e-087 1.000000e+000 0.000000e+000 
0.000000e+000 4.785102e-261 6.761432e-174 4.246232e-087 1.000000e+000 
0.000000e+000 0.000000e+000 1.196275e-260 1.126905e-173 1.000000e+000 
0.000000e+000 0.000000e+000 0.000000e+000 2.392551e-260 1.000000e+000 
0.000000e+000 0.000000e+000 0.000000e+000 0.000000e+000 1.000000e+000 
0.000000e+000 0.000000e+000 0.000000e+000 0.000000e+000 1.000000e+000 
0.000000e+000 0.000000e+000 0.000000e+000 0.000000e+000 1.000000e+000 
0.000000e+000 0.000000e+000 0.000000e+000 0.000000e+000 1.000000e+000 
0.000000e+000 0.000000e+000 0.000000e+000 0.000000e+000 1.000000e+000 
0.000000e+000 0.000000e+000 0.000000e+000 0.000000e+000 1.000000e+000 
0.000000e+000 0.000000e+000 0.000000e+000 0.000000e+000 1.000000e+000 
0.000000e+000 0.000000e+000 0.000000e+000 0.000000e+000 1.000000e+000 
0.000000e+000 0.000000e+000 0.000000e+000 0.000000e+000 1.000000e+000 
0.000000e+000 0.000000e+000 0.000000e+000 0.000000e+000 1.000000e+000 
0.000000e+000 0.000000e+000 0.000000e+000 0.000000e+000 1.000000e+000 
0.000000e+000 0.000000e+000 0.000000e+000 0.000000e+000 1.000000e+000 
0.000000e+000 0.000000e+000 0.000000e+000 0.000000e+000 1.000000e+000 
0.000000e+000 0.000000e+000 0.000000e+000 0.000000e+000 1.000000e+000 
0.000000e+000 0.000000e+000 0.000000e+000 0.000000e+000 1.000000e+000 
0.000000e+000 0.000000e+000 0.000000e+000 0.000000e+000 1.000000e+000 
0.000000e+000 0.000000e+000 0.000000e+000 0.000000e+000 1.000000e+000 
0.000000e+000 0.000000e+000 0.000000e+000 0.000000e+000 1.000000e+000 
0.000000e+000 0.000000e+000 0.000000e+000 0.000000e+000 1.000000e+000 
0.000000e+000 0.000000e+000 0.000000e+000 0.000000e+000 1.000000e+000 
0.000000e+000 0.000000e+000 0.000000e+000 0.000000e+000 1.000000e+000 
0.000000e+000 0.000000e+000 0.000000e+000 0.000000e+000 1.000000e+000 
0.000000e+000 0.000000e+000 0.000000e+000 0.000000e+000 1.000000e+000 
0.000000e+000 0.000000e+000 0.000000e+000 0.000000e+000 1.000000e+000 
0.000000e+000 0.000000e+000 0.000000e+000 0.000000e+000 1.000000e+000 
0.000000e+000 0.000000e+000 0.000000e+000 0.000000e+000 1.000000e+000 
0.000000e+000 0.000000e+000 0.000000e+000 0.000000e+000 1.000000e+000 
0.000000e+000 0.000000e+000 0.000000e+000 0.000000e+000 1.000000e+000 
0.000000e+000 0.000000e+000 0.000000e+000 0.000000e+000 1.000000e+000 
0.000000e+000 0.000000e+000 0.000000e+000 0.000000e+000 1.000000e+000 
0.000000e+000 0.000000e+000 0.000000e+000 0.000000e+000 1.000000e+000 
0.000000e+000 0.000000e+000 0.000000e+000 0.000000e+000 1.000000e+000 
0.000000e+000 0.000000e+000 0.000000e+000 0.000000e+000 1.000000e+000 
0.000000e+000 0.000000e+000 0.000000e+000 0.000000e+000 1.000000e+000 
0.000000e+000 0.000000e+000 0.000000e+000 0.000000e+000 1.000000e+000 
0.000000e+000 0.000000e+000 0.000000e+000 0.000000e+000 1.000000e+000 



Q star

------------
1  2  3  4  5  5  5  5  5  5  5  5  5  5  5  5  5  5  5  5  5  5  5  5  5  5  5  5  5  5  5  5  5  5  5  5  5  5  5  5  5  5  5  
------------

P star

-----------
3.735795e-035

A Martrix

1.061558e-087 1.000000e+000 0.000000e+000 0.000000e+000 0.000000e+000 
0.000000e+000 1.061558e-087 1.000000e+000 0.000000e+000 0.000000e+000 
0.000000e+000 0.000000e+000 1.061558e-087 1.000000e+000 0.000000e+000 
0.000000e+000 0.000000e+000 0.000000e+000 1.061558e-087 1.000000e+000 
0.000000e+000 0.000000e+000 0.000000e+000 0.000000e+000 1.000000e+000 

B Martrix

1.000000e-030 1.000000e-030 1.000000e-030 1.000000e-030 1.000000e-030 1.000000e-030 1.000000e-030 1.000000e-030 1.000000e-030 1.000000e-030 1.000000e-030 1.000000e-030 1.000000e-030 1.000000e-030 1.000000e-030 1.000000e-030 1.000000e-030 1.000000e-030 1.000000e-030 1.000000e-030 1.000000e-030 1.000000e-030 1.000000e-030 1.000000e-030 1.000000e-030 1.000000e-030 1.000000e-030 1.000000e-030 1.000000e+000 1.000000e-030 1.000000e-030 1.000000e-030 
1.000000e-030 1.000000e-030 1.000000e-030 1.000000e-030 1.000000e-030 1.000000e-030 1.000000e-030 1.000000e-030 1.000000e-030 1.000000e-030 1.000000e-030 1.000000e-030 1.000000e-030 1.000000e-030 1.000000e-030 1.000000e-030 1.000000e-030 1.000000e-030 1.000000e-030 1.000000e-030 1.000000e-030 1.000000e-030 1.000000e-030 1.000000e-030 1.000000e-030 1.000000e-030 1.000000e-030 1.000000e-030 1.000000e+000 1.000000e-030 1.000000e-030 1.000000e-030 
1.000000e-030 1.000000e-030 1.000000e-030 1.000000e-030 1.000000e-030 1.000000e-030 1.000000e-030 1.000000e-030 1.000000e-030 1.000000e-030 1.000000e-030 1.000000e-030 1.000000e-030 1.000000e-030 1.000000e-030 1.000000e-030 1.000000e-030 1.000000e-030 1.000000e-030 1.000000e-030 1.000000e-030 1.000000e-030 1.000000e-030 1.000000e-030 1.000000e-030 1.000000e-030 1.000000e-030 1.000000e-030 1.000000e+000 1.000000e-030 1.000000e-030 1.000000e-030 
1.000000e-030 1.000000e-030 1.000000e-030 1.000000e-030 1.000000e-030 1.000000e-030 1.000000e-030 1.000000e-030 1.000000e-030 1.000000e-030 1.000000e-030 1.000000e-030 1.000000e-030 1.000000e-030 1.000000e-030 1.000000e-030 1.000000e-030 1.000000e-030 1.000000e-030 1.000000e-030 1.000000e-030 1.000000e-030 1.000000e-030 1.000000e-030 1.000000e-030 1.000000e-030 1.000000e-030 1.000000e-030 1.000000e+000 1.000000e-030 1.000000e-030 1.000000e-030 
2.564103e-002 5.128205e-002 1.000000e-030 1.000000e-030 1.794872e-001 1.000000e-030 7.692308e-002 1.000000e-030 2.564103e-002 3.846154e-001 1.000000e-030 2.564103e-002 1.000000e-030 7.692308e-002 1.000000e-030 1.000000e-030 1.000000e-030 1.000000e-030 2.564103e-002 1.000000e-030 1.000000e-030 1.000000e-030 2.564103e-002 1.000000e-030 1.000000e-030 2.564103e-002 1.000000e-030 5.128205e-002 2.564103e-002 1.000000e-030 1.000000e-030 1.000000e-030 
=================
