6	6	11	11	3	13	3	19	29	19	4	3	11	11	20	20	12	4	4	4	4	4	4	10	28	20	20	28	28	28	12	28	28	12	10	4	15	28	28	28	28	28	28	28	12	28	28	28	28	28	28	
Iteraion 1
-----------------

P(O|lamda) = 1.727234e-077

3.125000e-002 0.000000e+000 0.000000e+000 0.000000e+000 0.000000e+000 
7.812500e-004 1.953125e-004 0.000000e+000 0.000000e+000 0.000000e+000 
1.953125e-005 9.765625e-006 1.220703e-006 0.000000e+000 0.000000e+000 
4.882813e-007 3.662109e-007 9.155273e-008 7.629395e-009 0.000000e+000 
1.220703e-008 1.220703e-008 4.577637e-009 7.629395e-010 4.768372e-011 
3.051758e-010 3.814697e-010 1.907349e-010 4.768372e-011 6.258488e-012 
7.629395e-012 1.144409e-011 7.152557e-012 2.384186e-012 4.936010e-013 
1.907349e-013 3.337860e-013 2.503395e-013 1.043081e-013 3.032619e-014 
4.768372e-015 9.536743e-015 8.344650e-015 4.172325e-015 1.599619e-015 
1.192093e-016 2.682209e-016 2.682209e-016 1.564622e-016 7.606513e-017 
2.980232e-018 7.450581e-018 8.381903e-018 5.587935e-018 3.354924e-018 
7.450581e-020 2.048910e-019 2.561137e-019 1.920853e-019 1.397660e-019 
1.862645e-021 5.587935e-021 7.683411e-021 6.402843e-021 5.568220e-021 
4.656613e-023 1.513399e-022 2.270099e-022 2.080924e-022 2.140246e-022 
1.164153e-024 4.074536e-024 6.621121e-024 6.621121e-024 7.988847e-024 
2.910383e-026 1.091394e-025 1.909939e-025 2.069100e-025 2.910335e-025 
7.275958e-028 2.910383e-027 5.456968e-027 6.366463e-027 1.038798e-026 
1.818989e-029 7.730705e-029 1.546141e-028 1.932676e-028 3.644149e-028 
4.547474e-031 2.046363e-030 4.348522e-030 5.798029e-030 1.259589e-029 
1.136868e-032 5.400125e-032 1.215028e-031 1.721290e-031 4.298592e-031 
2.842171e-034 1.421085e-033 3.375078e-033 5.062617e-033 1.450891e-032 
7.105427e-036 3.730349e-035 9.325873e-035 1.476597e-034 4.850447e-034 
1.776357e-037 9.769963e-037 2.564615e-036 4.274359e-036 1.608052e-035 
4.440892e-039 2.553513e-038 7.022161e-038 1.228878e-037 5.292309e-037 
1.110223e-040 6.661338e-040 1.915135e-039 3.511080e-039 1.730652e-038 
2.775558e-042 1.734723e-041 5.204170e-041 9.974660e-041 5.627729e-040 
6.938894e-044 4.510281e-043 1.409463e-042 2.818926e-042 1.821007e-041 
1.734723e-045 1.170938e-044 3.805550e-044 7.928228e-044 5.866829e-043 
4.336809e-047 3.035766e-046 1.024571e-045 2.219904e-045 1.882936e-044 
1.084202e-048 7.860466e-048 2.751163e-047 6.190117e-047 6.022918e-046 
2.710505e-050 2.032879e-049 7.369187e-049 1.719477e-048 1.920850e-047 
6.776264e-052 5.251604e-051 1.969352e-050 4.759266e-050 6.110124e-049 
1.694066e-053 1.355253e-052 5.251604e-052 1.312901e-051 1.939159e-050 
4.235165e-055 3.494011e-054 1.397604e-053 3.610478e-053 6.141928e-052 
1.058791e-056 8.999725e-056 3.712387e-055 9.899698e-055 1.941918e-053 
2.646978e-058 2.316106e-057 9.843449e-057 2.706949e-056 6.130367e-055 
6.617445e-060 5.955700e-059 2.605619e-058 7.382587e-058 1.932658e-056 
1.654361e-061 1.530284e-060 6.886279e-060 2.008498e-059 6.085698e-058 
4.135903e-063 3.929108e-062 1.817212e-061 5.451637e-061 1.914334e-059 
1.033976e-064 1.008126e-063 4.788600e-063 1.476485e-062 6.016366e-061 
2.584939e-066 2.584939e-065 1.260158e-064 3.990500e-064 1.889342e-062 
6.462349e-068 6.623907e-067 3.311954e-066 1.076385e-065 5.929135e-064 
1.615587e-069 1.696366e-068 8.693878e-068 2.897959e-067 1.859582e-065 
4.038968e-071 4.341890e-070 2.279492e-069 7.788266e-069 5.829306e-067 
1.009742e-072 1.110716e-071 5.970099e-071 2.089535e-070 1.826526e-068 
2.524355e-074 2.839899e-073 1.561945e-072 5.596968e-072 5.720953e-070 
6.310887e-076 7.257520e-075 4.082355e-074 1.496864e-073 1.791296e-071 
1.577722e-077 1.853823e-076 1.065948e-075 3.997306e-075 5.607155e-073 
3.944305e-079 4.733165e-078 2.780735e-077 1.065948e-076 1.754734e-074 
9.860761e-081 1.207943e-079 7.247660e-079 2.838667e-078 5.490207e-076 
2.465190e-082 3.081488e-081 1.887411e-080 7.549645e-080 1.717464e-077 


5.527148e-076 5.527148e-076 5.527148e-076 5.527148e-076 5.527148e-076 
1.768687e-074 1.768687e-074 1.768687e-074 1.768687e-074 1.768687e-074 
5.659799e-073 5.659799e-073 5.659799e-073 5.659799e-073 5.659799e-073 
1.811136e-071 1.811136e-071 1.811136e-071 1.811136e-071 1.811136e-071 
5.795635e-070 5.795635e-070 5.795635e-070 5.795635e-070 5.795635e-070 
1.854603e-068 1.854603e-068 1.854603e-068 1.854603e-068 1.854603e-068 
5.934730e-067 5.934730e-067 5.934730e-067 5.934730e-067 5.934730e-067 
1.899114e-065 1.899114e-065 1.899114e-065 1.899114e-065 1.899114e-065 
6.077163e-064 6.077163e-064 6.077163e-064 6.077163e-064 6.077163e-064 
1.944692e-062 1.944692e-062 1.944692e-062 1.944692e-062 1.944692e-062 
6.223015e-061 6.223015e-061 6.223015e-061 6.223015e-061 6.223015e-061 
1.991365e-059 1.991365e-059 1.991365e-059 1.991365e-059 1.991365e-059 
6.372368e-058 6.372368e-058 6.372368e-058 6.372368e-058 6.372368e-058 
2.039158e-056 2.039158e-056 2.039158e-056 2.039158e-056 2.039158e-056 
6.525304e-055 6.525304e-055 6.525304e-055 6.525304e-055 6.525304e-055 
2.088097e-053 2.088097e-053 2.088097e-053 2.088097e-053 2.088097e-053 
6.681912e-052 6.681912e-052 6.681912e-052 6.681912e-052 6.681912e-052 
2.138212e-050 2.138212e-050 2.138212e-050 2.138212e-050 2.138212e-050 
6.842278e-049 6.842278e-049 6.842278e-049 6.842278e-049 6.842278e-049 
2.189529e-047 2.189529e-047 2.189529e-047 2.189529e-047 2.189529e-047 
7.006492e-046 7.006492e-046 7.006492e-046 7.006492e-046 7.006492e-046 
2.242078e-044 2.242078e-044 2.242078e-044 2.242078e-044 2.242078e-044 
7.174648e-043 7.174648e-043 7.174648e-043 7.174648e-043 7.174648e-043 
2.295887e-041 2.295887e-041 2.295887e-041 2.295887e-041 2.295887e-041 
7.346840e-040 7.346840e-040 7.346840e-040 7.346840e-040 7.346840e-040 
2.350989e-038 2.350989e-038 2.350989e-038 2.350989e-038 2.350989e-038 
7.523164e-037 7.523164e-037 7.523164e-037 7.523164e-037 7.523164e-037 
2.407412e-035 2.407412e-035 2.407412e-035 2.407412e-035 2.407412e-035 
7.703720e-034 7.703720e-034 7.703720e-034 7.703720e-034 7.703720e-034 
2.465190e-032 2.465190e-032 2.465190e-032 2.465190e-032 2.465190e-032 
7.888609e-031 7.888609e-031 7.888609e-031 7.888609e-031 7.888609e-031 
2.524355e-029 2.524355e-029 2.524355e-029 2.524355e-029 2.524355e-029 
8.077936e-028 8.077936e-028 8.077936e-028 8.077936e-028 8.077936e-028 
2.584939e-026 2.584939e-026 2.584939e-026 2.584939e-026 2.584939e-026 
8.271806e-025 8.271806e-025 8.271806e-025 8.271806e-025 8.271806e-025 
2.646978e-023 2.646978e-023 2.646978e-023 2.646978e-023 2.646978e-023 
8.470329e-022 8.470329e-022 8.470329e-022 8.470329e-022 8.470329e-022 
2.710505e-020 2.710505e-020 2.710505e-020 2.710505e-020 2.710505e-020 
8.673617e-019 8.673617e-019 8.673617e-019 8.673617e-019 8.673617e-019 
2.775558e-017 2.775558e-017 2.775558e-017 2.775558e-017 2.775558e-017 
8.881784e-016 8.881784e-016 8.881784e-016 8.881784e-016 8.881784e-016 
2.842171e-014 2.842171e-014 2.842171e-014 2.842171e-014 2.842171e-014 
9.094947e-013 9.094947e-013 9.094947e-013 9.094947e-013 9.094947e-013 
2.910383e-011 2.910383e-011 2.910383e-011 2.910383e-011 2.910383e-011 
9.313226e-010 9.313226e-010 9.313226e-010 9.313226e-010 9.313226e-010 
2.980232e-008 2.980232e-008 2.980232e-008 2.980232e-008 2.980232e-008 
9.536743e-007 9.536743e-007 9.536743e-007 9.536743e-007 9.536743e-007 
3.051758e-005 3.051758e-005 3.051758e-005 3.051758e-005 3.051758e-005 
9.765625e-004 9.765625e-004 9.765625e-004 9.765625e-004 9.765625e-004 
3.125000e-002 3.125000e-002 3.125000e-002 3.125000e-002 3.125000e-002 
1.000000e+000 1.000000e+000 1.000000e+000 1.000000e+000 1.000000e+000 


1.000000e+000 0.000000e+000 0.000000e+000 0.000000e+000 0.000000e+000 
8.000000e-001 2.000000e-001 0.000000e+000 0.000000e+000 0.000000e+000 
6.400000e-001 3.200000e-001 4.000000e-002 0.000000e+000 0.000000e+000 
5.120000e-001 3.840000e-001 9.600000e-002 8.000000e-003 0.000000e+000 
4.096000e-001 4.096000e-001 1.536000e-001 2.560000e-002 1.600000e-003 
3.276800e-001 4.096000e-001 2.048000e-001 5.120000e-002 6.720000e-003 
2.621440e-001 3.932160e-001 2.457600e-001 8.192000e-002 1.696000e-002 
2.097152e-001 3.670016e-001 2.752512e-001 1.146880e-001 3.334400e-002 
1.677722e-001 3.355443e-001 2.936013e-001 1.468006e-001 5.628160e-002 
1.342177e-001 3.019899e-001 3.019899e-001 1.761608e-001 8.564173e-002 
1.073742e-001 2.684355e-001 3.019899e-001 2.013266e-001 1.208739e-001 
8.589935e-002 2.362232e-001 2.952790e-001 2.214593e-001 1.611392e-001 
6.871948e-002 2.061584e-001 2.834678e-001 2.362232e-001 2.054311e-001 
5.497558e-002 1.786706e-001 2.680060e-001 2.456721e-001 2.526757e-001 
4.398047e-002 1.539316e-001 2.501389e-001 2.501389e-001 3.018101e-001 
3.518437e-002 1.319414e-001 2.308974e-001 2.501389e-001 3.518379e-001 
2.814750e-002 1.125900e-001 2.111062e-001 2.462906e-001 4.018657e-001 
2.251800e-002 9.570149e-002 1.914030e-001 2.392537e-001 4.511238e-001 
1.801440e-002 8.106479e-002 1.722627e-001 2.296836e-001 4.989745e-001 
1.441152e-002 6.845471e-002 1.540231e-001 2.181994e-001 5.449113e-001 
1.152922e-002 5.764608e-002 1.369094e-001 2.053641e-001 5.885511e-001 
9.223372e-003 4.842270e-002 1.210568e-001 1.916732e-001 6.296240e-001 
7.378698e-003 4.058284e-002 1.065299e-001 1.775499e-001 6.679586e-001 
5.902958e-003 3.394201e-002 9.334053e-002 1.633459e-001 7.034686e-001 
4.722366e-003 2.833420e-002 8.146082e-002 1.493448e-001 7.361378e-001 
3.777893e-003 2.361183e-002 7.083550e-002 1.357680e-001 7.660067e-001 
3.022315e-003 1.964504e-002 6.139076e-002 1.227815e-001 7.931603e-001 
2.417852e-003 1.632050e-002 5.304162e-002 1.105034e-001 8.177167e-001 
1.934281e-003 1.353997e-002 4.569740e-002 9.901102e-002 8.398173e-001 
1.547425e-003 1.121883e-002 3.926591e-002 8.834830e-002 8.596195e-001 
1.237940e-003 9.284550e-003 3.365649e-002 7.853182e-002 8.772892e-001 
9.903520e-004 7.675228e-003 2.878211e-002 6.955676e-002 8.929956e-001 
7.922816e-004 6.338253e-003 2.456073e-002 6.140183e-002 9.069069e-001 
6.338253e-004 5.229059e-003 2.091623e-002 5.403361e-002 9.191873e-001 
5.070602e-004 4.310012e-003 1.777880e-002 4.741013e-002 9.299940e-001 
4.056482e-004 3.549422e-003 1.508504e-002 4.148387e-002 9.394760e-001 
3.245186e-004 2.920667e-003 1.277792e-002 3.620410e-002 9.477728e-001 
2.596148e-004 2.401437e-003 1.080647e-002 3.151886e-002 9.550136e-001 
2.076919e-004 1.973073e-003 9.125462e-003 2.737639e-002 9.613174e-001 
1.661535e-004 1.619997e-003 7.694984e-003 2.372620e-002 9.667927e-001 
1.329228e-004 1.329228e-003 6.479986e-003 2.051996e-002 9.715379e-001 
1.063382e-004 1.089967e-003 5.449835e-003 1.771196e-002 9.756419e-001 
8.507059e-005 8.932412e-004 4.577861e-003 1.525954e-002 9.791843e-001 
6.805647e-005 7.316071e-004 3.840937e-003 1.312320e-002 9.822362e-001 
5.444518e-005 5.988970e-004 3.219071e-003 1.126675e-002 9.848608e-001 
4.355614e-005 4.900066e-004 2.695036e-003 9.657214e-003 9.871142e-001 
3.484491e-005 4.007165e-004 2.254030e-003 8.264778e-003 9.890456e-001 
2.787593e-005 3.275422e-004 1.883368e-003 7.062629e-003 9.906986e-001 
2.230075e-005 2.676089e-004 1.572203e-003 6.026776e-003 9.921111e-001 
1.784060e-005 2.185473e-004 1.311284e-003 5.135862e-003 9.933165e-001 
1.427248e-005 1.784060e-004 1.092737e-003 4.370946e-003 9.943436e-001 



Q star

------------
1  2  3  4  5  5  5  5  5  5  5  5  5  5  5  5  5  5  5  5  5  5  5  5  5  5  5  5  5  5  5  5  5  5  5  5  5  5  5  5  5  5  5  5  5  5  5  5  5  5  5  
------------

P star

-----------
2.763574e-080

A Martrix

8.000000e-001 2.000000e-001 0.000000e+000 0.000000e+000 0.000000e+000 
0.000000e+000 8.000000e-001 2.000000e-001 0.000000e+000 0.000000e+000 
0.000000e+000 0.000000e+000 8.000000e-001 2.000000e-001 0.000000e+000 
0.000000e+000 0.000000e+000 0.000000e+000 8.000000e-001 2.000000e-001 
0.000000e+000 0.000000e+000 0.000000e+000 0.000000e+000 1.000000e+000 

B Martrix

1.000000e-030 1.000000e-030 1.000000e-030 1.000000e-030 1.000000e-030 1.000000e+000 1.000000e-030 1.000000e-030 1.000000e-030 1.000000e-030 1.000000e-030 1.000000e-030 1.000000e-030 1.000000e-030 1.000000e-030 1.000000e-030 1.000000e-030 1.000000e-030 1.000000e-030 1.000000e-030 1.000000e-030 1.000000e-030 1.000000e-030 1.000000e-030 1.000000e-030 1.000000e-030 1.000000e-030 1.000000e-030 1.000000e-030 1.000000e-030 1.000000e-030 1.000000e-030 
1.000000e-030 1.000000e-030 1.000000e-030 1.000000e-030 1.000000e-030 1.000000e+000 1.000000e-030 1.000000e-030 1.000000e-030 1.000000e-030 1.000000e-030 1.000000e-030 1.000000e-030 1.000000e-030 1.000000e-030 1.000000e-030 1.000000e-030 1.000000e-030 1.000000e-030 1.000000e-030 1.000000e-030 1.000000e-030 1.000000e-030 1.000000e-030 1.000000e-030 1.000000e-030 1.000000e-030 1.000000e-030 1.000000e-030 1.000000e-030 1.000000e-030 1.000000e-030 
1.000000e-030 1.000000e-030 1.000000e-030 1.000000e-030 1.000000e-030 1.000000e-030 1.000000e-030 1.000000e-030 1.000000e-030 1.000000e-030 1.000000e+000 1.000000e-030 1.000000e-030 1.000000e-030 1.000000e-030 1.000000e-030 1.000000e-030 1.000000e-030 1.000000e-030 1.000000e-030 1.000000e-030 1.000000e-030 1.000000e-030 1.000000e-030 1.000000e-030 1.000000e-030 1.000000e-030 1.000000e-030 1.000000e-030 1.000000e-030 1.000000e-030 1.000000e-030 
1.000000e-030 1.000000e-030 1.000000e-030 1.000000e-030 1.000000e-030 1.000000e-030 1.000000e-030 1.000000e-030 1.000000e-030 1.000000e-030 1.000000e+000 1.000000e-030 1.000000e-030 1.000000e-030 1.000000e-030 1.000000e-030 1.000000e-030 1.000000e-030 1.000000e-030 1.000000e-030 1.000000e-030 1.000000e-030 1.000000e-030 1.000000e-030 1.000000e-030 1.000000e-030 1.000000e-030 1.000000e-030 1.000000e-030 1.000000e-030 1.000000e-030 1.000000e-030 
1.000000e-030 1.000000e-030 5.791128e-003 1.431351e-001 1.000000e-030 1.000000e-030 1.000000e-030 1.000000e-030 1.000000e-030 5.264125e-002 1.476331e-002 1.025844e-001 2.165640e-004 1.000000e-030 3.054367e-002 1.000000e-030 1.000000e-030 1.000000e-030 3.834528e-003 7.131192e-002 1.000000e-030 1.000000e-030 1.000000e-030 1.000000e-030 1.000000e-030 1.000000e-030 1.000000e-030 5.733644e-001 1.813775e-003 1.000000e-030 1.000000e-030 1.000000e-030 
Iteraion 2
-----------------

P(O|lamda) = 4.296052e-049

1.000000e+000 0.000000e+000 0.000000e+000 0.000000e+000 0.000000e+000 
8.000000e-001 2.000000e-001 0.000000e+000 0.000000e+000 0.000000e+000 
6.400000e-031 3.200000e-031 4.000000e-002 0.000000e+000 0.000000e+000 
5.120000e-061 3.840000e-061 3.200000e-002 8.000000e-003 0.000000e+000 
4.096000e-091 4.096000e-091 2.560000e-032 1.280000e-032 9.265804e-006 
3.276800e-121 4.096000e-121 2.048000e-062 1.536000e-062 2.006640e-009 
2.621440e-151 3.932160e-151 1.638400e-092 1.638400e-092 1.162071e-011 
2.097152e-181 3.670016e-181 1.310720e-122 1.638400e-122 4.455992e-014 
1.677722e-211 3.355443e-211 1.048576e-152 1.572864e-152 8.082168e-017 
1.342177e-241 3.019899e-241 8.388608e-183 1.468006e-182 3.099130e-019 
1.073742e-271 2.684355e-271 6.710886e-213 1.342177e-212 4.435941e-020 
8.589935e-302 2.362232e-301 5.368709e-243 1.207960e-242 2.568910e-022 
0.000000e+000 0.000000e+000 4.294967e-243 1.073742e-242 3.792561e-024 
0.000000e+000 0.000000e+000 3.435974e-243 9.448928e-243 5.599075e-026 
0.000000e+000 0.000000e+000 2.748779e-273 8.246337e-273 3.992808e-027 
0.000000e+000 0.000000e+000 2.199023e-303 7.146826e-303 2.847348e-028 
0.000000e+000 0.000000e+000 0.000000e+000 0.000000e+000 2.920935e-029 
0.000000e+000 0.000000e+000 0.000000e+000 0.000000e+000 4.180882e-030 
0.000000e+000 0.000000e+000 0.000000e+000 0.000000e+000 5.984307e-031 
0.000000e+000 0.000000e+000 0.000000e+000 0.000000e+000 8.565641e-032 
0.000000e+000 0.000000e+000 0.000000e+000 0.000000e+000 1.226043e-032 
0.000000e+000 0.000000e+000 0.000000e+000 0.000000e+000 1.754898e-033 
0.000000e+000 0.000000e+000 0.000000e+000 0.000000e+000 2.511874e-034 
0.000000e+000 0.000000e+000 0.000000e+000 0.000000e+000 1.322282e-035 
0.000000e+000 0.000000e+000 0.000000e+000 0.000000e+000 7.581494e-036 
0.000000e+000 0.000000e+000 0.000000e+000 0.000000e+000 5.406509e-037 
0.000000e+000 0.000000e+000 0.000000e+000 0.000000e+000 3.855485e-038 
0.000000e+000 0.000000e+000 0.000000e+000 0.000000e+000 2.210598e-038 
0.000000e+000 0.000000e+000 0.000000e+000 0.000000e+000 1.267478e-038 
0.000000e+000 0.000000e+000 0.000000e+000 0.000000e+000 7.267269e-039 
0.000000e+000 0.000000e+000 0.000000e+000 0.000000e+000 7.455085e-040 
0.000000e+000 0.000000e+000 0.000000e+000 0.000000e+000 4.274480e-040 
0.000000e+000 0.000000e+000 0.000000e+000 0.000000e+000 2.450835e-040 
0.000000e+000 0.000000e+000 0.000000e+000 0.000000e+000 2.514174e-041 
0.000000e+000 0.000000e+000 0.000000e+000 0.000000e+000 1.323493e-042 
0.000000e+000 0.000000e+000 0.000000e+000 0.000000e+000 1.894382e-043 
0.000000e+000 0.000000e+000 0.000000e+000 0.000000e+000 5.786138e-045 
0.000000e+000 0.000000e+000 0.000000e+000 0.000000e+000 3.317566e-045 
0.000000e+000 0.000000e+000 0.000000e+000 0.000000e+000 1.902174e-045 
0.000000e+000 0.000000e+000 0.000000e+000 0.000000e+000 1.090639e-045 
0.000000e+000 0.000000e+000 0.000000e+000 0.000000e+000 6.253335e-046 
0.000000e+000 0.000000e+000 0.000000e+000 0.000000e+000 3.585440e-046 
0.000000e+000 0.000000e+000 0.000000e+000 0.000000e+000 2.055763e-046 
0.000000e+000 0.000000e+000 0.000000e+000 0.000000e+000 1.178702e-046 
0.000000e+000 0.000000e+000 0.000000e+000 0.000000e+000 1.209164e-047 
0.000000e+000 0.000000e+000 0.000000e+000 0.000000e+000 6.932916e-048 
0.000000e+000 0.000000e+000 0.000000e+000 0.000000e+000 3.975087e-048 
0.000000e+000 0.000000e+000 0.000000e+000 0.000000e+000 2.279173e-048 
0.000000e+000 0.000000e+000 0.000000e+000 0.000000e+000 1.306797e-048 
0.000000e+000 0.000000e+000 0.000000e+000 0.000000e+000 7.492708e-049 
0.000000e+000 0.000000e+000 0.000000e+000 0.000000e+000 4.296052e-049 


4.296052e-049 1.718421e-048 2.087709e-077 2.802319e-077 5.852170e-080 
7.418334e-107 2.148026e-048 1.734277e-047 3.501436e-047 5.852170e-050 
3.425470e-133 3.709167e-076 1.074013e-047 4.375332e-047 3.963996e-048 
5.915030e-131 1.712735e-102 1.854584e-075 5.370065e-047 2.685033e-046 
1.542571e-128 2.957515e-100 8.563674e-072 9.272918e-045 4.636459e-044 
8.504752e-126 7.712854e-098 1.478758e-069 4.281837e-041 2.140918e-040 
2.217940e-123 4.252376e-095 3.856427e-067 7.393788e-039 3.696894e-038 
1.549543e-122 1.108970e-092 2.126188e-064 1.928213e-036 9.641067e-036 
7.915201e-116 7.747717e-092 5.544850e-062 1.063094e-033 5.315470e-033 
3.946592e-086 2.378964e-085 3.873859e-061 2.772425e-031 1.386212e-030 
1.227646e-056 1.482238e-055 5.965868e-055 1.936929e-030 9.684647e-030 
1.721516e-085 6.138231e-026 4.955895e-025 1.000576e-024 1.672325e-027 
2.414065e-114 8.607581e-055 3.069116e-025 1.250301e-024 1.132758e-025 
2.353248e-113 1.207033e-083 4.303791e-054 1.534558e-024 7.672789e-024 
1.644075e-112 1.176624e-082 6.035163e-053 2.151895e-023 1.075948e-022 
1.148618e-111 8.220376e-082 5.883119e-052 3.017581e-022 1.508791e-021 
8.024715e-111 5.743090e-081 4.110188e-051 2.941560e-021 1.470780e-020 
5.606394e-110 4.012358e-080 2.871545e-050 2.055094e-020 1.027547e-019 
3.916856e-109 2.803197e-079 2.006179e-049 1.435773e-019 7.178863e-019 
2.736476e-108 1.958428e-078 1.401599e-048 1.003089e-018 5.015447e-018 
5.198349e-107 1.368238e-077 9.792141e-048 7.007993e-018 3.503996e-017 
9.066397e-107 2.599174e-076 6.841190e-047 4.896070e-017 2.448035e-016 
1.271372e-105 4.533198e-076 1.299587e-045 3.420595e-016 1.710297e-015 
1.782832e-104 6.356859e-075 2.266599e-045 6.497936e-015 3.248968e-014 
3.109422e-104 8.914161e-074 3.178430e-044 1.133300e-014 5.666498e-014 
5.423117e-104 1.554711e-073 4.457080e-043 1.589215e-013 7.946074e-013 
9.458413e-104 2.711559e-073 7.773556e-043 2.228540e-012 1.114270e-011 
9.220128e-103 4.729207e-073 1.355779e-042 3.886778e-012 1.943389e-011 
1.608075e-102 4.610064e-072 2.364603e-042 6.778897e-012 3.389448e-011 
2.804630e-102 8.040374e-072 2.305032e-041 1.182302e-011 5.911508e-011 
2.733973e-101 1.402315e-071 4.020187e-041 1.152516e-010 5.762580e-010 
5.193594e-100 1.366986e-070 7.011574e-041 2.010093e-010 1.005047e-009 
3.628457e-099 2.596797e-069 6.834932e-040 3.505787e-010 1.752893e-009 
1.187957e-097 1.814228e-068 1.298398e-038 3.417466e-009 1.708733e-008 
2.071906e-097 5.939785e-067 9.071142e-038 6.491992e-008 3.245996e-007 
3.613593e-097 1.035953e-066 2.969893e-036 4.535571e-007 2.267786e-006 
6.302438e-097 1.806797e-066 5.179764e-036 1.484946e-005 7.424731e-005 
1.099203e-096 3.151219e-066 9.033983e-036 2.589882e-005 1.294941e-004 
1.917110e-096 5.496014e-066 1.575609e-035 4.516992e-005 2.258496e-004 
3.343616e-096 9.585552e-066 2.748007e-035 7.878047e-005 3.939023e-004 
5.831572e-096 1.671808e-065 4.792776e-035 1.374004e-004 6.870018e-004 
5.684658e-095 2.915786e-065 8.359040e-035 2.396388e-004 1.198194e-003 
9.914564e-095 2.842329e-064 1.457893e-034 4.179520e-004 2.089760e-003 
1.729191e-094 4.957282e-064 1.421164e-033 7.289465e-004 3.644733e-003 
3.015867e-094 8.645953e-064 2.478641e-033 7.105822e-003 3.552911e-002 
5.259948e-094 1.507933e-063 4.322977e-033 1.239320e-002 6.196602e-002 
9.173830e-094 2.629974e-063 7.539667e-033 2.161488e-002 1.080744e-001 
1.000000e-090 4.586915e-063 1.314987e-032 3.769833e-002 1.884917e-001 
1.000000e-060 1.000000e-060 2.293458e-032 6.574935e-002 3.287467e-001 
1.000000e-030 1.000000e-030 1.000000e-030 1.146729e-001 5.733644e-001 
1.000000e+000 1.000000e+000 1.000000e+000 1.000000e+000 1.000000e+000 


1.000000e+000 0.000000e+000 0.000000e+000 0.000000e+000 0.000000e+000 
1.381424e-058 1.000000e+000 0.000000e+000 0.000000e+000 0.000000e+000 
5.103059e-115 2.762847e-058 1.000000e+000 0.000000e+000 0.000000e+000 
7.049485e-143 1.530918e-114 1.381424e-028 1.000000e+000 0.000000e+000 
1.470739e-170 2.819794e-142 5.103059e-055 2.762847e-028 1.000000e+000 
6.486972e-198 7.353693e-170 7.049485e-083 1.530918e-054 1.000000e+000 
1.353381e-225 3.892183e-197 1.470739e-110 2.819794e-082 1.000000e+000 
7.564220e-255 9.473669e-225 6.486972e-138 7.353693e-110 1.000000e+000 
3.091095e-278 6.051376e-254 1.353381e-165 3.892183e-137 1.000000e+000 
1.232999e-278 1.672286e-277 7.564220e-195 9.473669e-165 1.000000e+000 
3.068341e-279 9.261646e-278 9.319314e-219 6.051376e-194 1.000000e+000 
0.000000e+000 3.375175e-278 6.193305e-219 2.813408e-218 1.000000e+000 
0.000000e+000 0.000000e+000 3.068341e-219 3.124964e-218 1.000000e+000 
0.000000e+000 0.000000e+000 3.442163e-248 3.375175e-218 1.000000e+000 
0.000000e+000 0.000000e+000 3.861529e-277 4.130596e-247 1.000000e+000 
0.000000e+000 0.000000e+000 3.011397e-306 5.019988e-276 1.000000e+000 
0.000000e+000 0.000000e+000 0.000000e+000 0.000000e+000 1.000000e+000 
0.000000e+000 0.000000e+000 0.000000e+000 0.000000e+000 1.000000e+000 
0.000000e+000 0.000000e+000 0.000000e+000 0.000000e+000 1.000000e+000 
0.000000e+000 0.000000e+000 0.000000e+000 0.000000e+000 1.000000e+000 
0.000000e+000 0.000000e+000 0.000000e+000 0.000000e+000 1.000000e+000 
0.000000e+000 0.000000e+000 0.000000e+000 0.000000e+000 1.000000e+000 
0.000000e+000 0.000000e+000 0.000000e+000 0.000000e+000 1.000000e+000 
0.000000e+000 0.000000e+000 0.000000e+000 0.000000e+000 1.000000e+000 
0.000000e+000 0.000000e+000 0.000000e+000 0.000000e+000 1.000000e+000 
0.000000e+000 0.000000e+000 0.000000e+000 0.000000e+000 1.000000e+000 
0.000000e+000 0.000000e+000 0.000000e+000 0.000000e+000 1.000000e+000 
0.000000e+000 0.000000e+000 0.000000e+000 0.000000e+000 1.000000e+000 
0.000000e+000 0.000000e+000 0.000000e+000 0.000000e+000 1.000000e+000 
0.000000e+000 0.000000e+000 0.000000e+000 0.000000e+000 1.000000e+000 
0.000000e+000 0.000000e+000 0.000000e+000 0.000000e+000 1.000000e+000 
0.000000e+000 0.000000e+000 0.000000e+000 0.000000e+000 1.000000e+000 
0.000000e+000 0.000000e+000 0.000000e+000 0.000000e+000 1.000000e+000 
0.000000e+000 0.000000e+000 0.000000e+000 0.000000e+000 1.000000e+000 
0.000000e+000 0.000000e+000 0.000000e+000 0.000000e+000 1.000000e+000 
0.000000e+000 0.000000e+000 0.000000e+000 0.000000e+000 1.000000e+000 
0.000000e+000 0.000000e+000 0.000000e+000 0.000000e+000 1.000000e+000 
0.000000e+000 0.000000e+000 0.000000e+000 0.000000e+000 1.000000e+000 
0.000000e+000 0.000000e+000 0.000000e+000 0.000000e+000 1.000000e+000 
0.000000e+000 0.000000e+000 0.000000e+000 0.000000e+000 1.000000e+000 
0.000000e+000 0.000000e+000 0.000000e+000 0.000000e+000 1.000000e+000 
0.000000e+000 0.000000e+000 0.000000e+000 0.000000e+000 1.000000e+000 
0.000000e+000 0.000000e+000 0.000000e+000 0.000000e+000 1.000000e+000 
0.000000e+000 0.000000e+000 0.000000e+000 0.000000e+000 1.000000e+000 
0.000000e+000 0.000000e+000 0.000000e+000 0.000000e+000 1.000000e+000 
0.000000e+000 0.000000e+000 0.000000e+000 0.000000e+000 1.000000e+000 
0.000000e+000 0.000000e+000 0.000000e+000 0.000000e+000 1.000000e+000 
0.000000e+000 0.000000e+000 0.000000e+000 0.000000e+000 1.000000e+000 
0.000000e+000 0.000000e+000 0.000000e+000 0.000000e+000 1.000000e+000 
0.000000e+000 0.000000e+000 0.000000e+000 0.000000e+000 1.000000e+000 
0.000000e+000 0.000000e+000 0.000000e+000 0.000000e+000 1.000000e+000 



Q star

------------
1  2  3  4  5  5  5  5  5  5  5  5  5  5  5  5  5  5  5  5  5  5  5  5  5  5  5  5  5  5  5  5  5  5  5  5  5  5  5  5  5  5  5  5  5  5  5  5  5  5  5  
------------

P star

-----------
4.296052e-049

A Martrix

1.381424e-058 1.000000e+000 0.000000e+000 0.000000e+000 0.000000e+000 
0.000000e+000 1.381424e-058 1.000000e+000 0.000000e+000 0.000000e+000 
0.000000e+000 0.000000e+000 1.381424e-028 1.000000e+000 0.000000e+000 
0.000000e+000 0.000000e+000 0.000000e+000 1.381424e-028 1.000000e+000 
0.000000e+000 0.000000e+000 0.000000e+000 0.000000e+000 1.000000e+000 

B Martrix

1.000000e-030 1.000000e-030 1.000000e-030 1.000000e-030 1.000000e-030 1.000000e+000 1.000000e-030 1.000000e-030 1.000000e-030 1.000000e-030 1.000000e-030 1.000000e-030 1.000000e-030 1.000000e-030 1.000000e-030 1.000000e-030 1.000000e-030 1.000000e-030 1.000000e-030 1.000000e-030 1.000000e-030 1.000000e-030 1.000000e-030 1.000000e-030 1.000000e-030 1.000000e-030 1.000000e-030 1.000000e-030 1.000000e-030 1.000000e-030 1.000000e-030 1.000000e-030 
1.000000e-030 1.000000e-030 1.000000e-030 1.000000e-030 1.000000e-030 1.000000e+000 1.000000e-030 1.000000e-030 1.000000e-030 1.000000e-030 1.000000e-030 1.000000e-030 1.000000e-030 1.000000e-030 1.000000e-030 1.000000e-030 1.000000e-030 1.000000e-030 1.000000e-030 1.000000e-030 1.000000e-030 1.000000e-030 1.000000e-030 1.000000e-030 1.000000e-030 1.000000e-030 1.000000e-030 1.000000e-030 1.000000e-030 1.000000e-030 1.000000e-030 1.000000e-030 
1.000000e-030 1.000000e-030 1.000000e-030 1.000000e-030 1.000000e-030 1.000000e-030 1.000000e-030 1.000000e-030 1.000000e-030 1.000000e-030 1.000000e+000 1.000000e-030 1.000000e-030 1.000000e-030 1.000000e-030 1.000000e-030 1.000000e-030 1.000000e-030 1.000000e-030 1.000000e-030 1.000000e-030 1.000000e-030 1.000000e-030 1.000000e-030 1.000000e-030 1.000000e-030 1.000000e-030 1.000000e-030 1.000000e-030 1.000000e-030 1.000000e-030 1.000000e-030 
1.000000e-030 1.000000e-030 1.000000e-030 1.000000e-030 1.000000e-030 1.000000e-030 1.000000e-030 1.000000e-030 1.000000e-030 1.000000e-030 1.000000e+000 1.000000e-030 1.000000e-030 1.000000e-030 1.000000e-030 1.000000e-030 1.000000e-030 1.000000e-030 1.000000e-030 1.000000e-030 1.000000e-030 1.000000e-030 1.000000e-030 1.000000e-030 1.000000e-030 1.000000e-030 1.000000e-030 1.000000e-030 1.000000e-030 1.000000e-030 1.000000e-030 1.000000e-030 
1.000000e-030 1.000000e-030 6.382979e-002 1.702128e-001 1.000000e-030 1.000000e-030 1.000000e-030 1.000000e-030 1.000000e-030 4.255319e-002 4.255319e-002 8.510638e-002 2.127660e-002 1.000000e-030 2.127660e-002 1.000000e-030 1.000000e-030 1.000000e-030 4.255319e-002 8.510638e-002 1.000000e-030 1.000000e-030 1.000000e-030 1.000000e-030 1.000000e-030 1.000000e-030 1.000000e-030 4.042553e-001 2.127660e-002 1.000000e-030 1.000000e-030 1.000000e-030 
Iteraion 3
-----------------

P(O|lamda) = 9.693099e-040

1.000000e+000 0.000000e+000 0.000000e+000 0.000000e+000 0.000000e+000 
1.381424e-058 1.000000e+000 0.000000e+000 0.000000e+000 0.000000e+000 
1.908331e-146 2.762847e-088 1.000000e+000 0.000000e+000 0.000000e+000 
2.636213e-234 5.724993e-176 1.381424e-028 1.000000e+000 0.000000e+000 
3.656086e-322 1.054485e-263 1.908331e-086 2.762847e-058 6.382979e-002 
0.000000e+000 0.000000e+000 2.636213e-144 5.724993e-116 1.358081e-003 
0.000000e+000 0.000000e+000 3.641727e-202 1.054485e-173 8.668599e-005 
0.000000e+000 0.000000e+000 5.030767e-260 1.820863e-231 3.688766e-006 
0.000000e+000 0.000000e+000 6.949621e-318 3.018460e-289 7.848438e-008 
0.000000e+000 0.000000e+000 0.000000e+000 0.000000e+000 3.339761e-009 
0.000000e+000 0.000000e+000 0.000000e+000 0.000000e+000 5.684699e-010 
0.000000e+000 0.000000e+000 0.000000e+000 0.000000e+000 3.628531e-011 
0.000000e+000 0.000000e+000 0.000000e+000 0.000000e+000 1.544056e-012 
0.000000e+000 0.000000e+000 0.000000e+000 0.000000e+000 6.570451e-014 
0.000000e+000 0.000000e+000 0.000000e+000 0.000000e+000 5.591873e-015 
0.000000e+000 0.000000e+000 0.000000e+000 0.000000e+000 4.759041e-016 
0.000000e+000 0.000000e+000 0.000000e+000 0.000000e+000 4.050247e-017 
0.000000e+000 0.000000e+000 0.000000e+000 0.000000e+000 6.894038e-018 
0.000000e+000 0.000000e+000 0.000000e+000 0.000000e+000 1.173453e-018 
0.000000e+000 0.000000e+000 0.000000e+000 0.000000e+000 1.997367e-019 
0.000000e+000 0.000000e+000 0.000000e+000 0.000000e+000 3.399774e-020 
0.000000e+000 0.000000e+000 0.000000e+000 0.000000e+000 5.786850e-021 
0.000000e+000 0.000000e+000 0.000000e+000 0.000000e+000 9.849957e-022 
0.000000e+000 0.000000e+000 0.000000e+000 0.000000e+000 4.191471e-023 
0.000000e+000 0.000000e+000 0.000000e+000 0.000000e+000 1.694424e-023 
0.000000e+000 0.000000e+000 0.000000e+000 0.000000e+000 1.442063e-024 
0.000000e+000 0.000000e+000 0.000000e+000 0.000000e+000 1.227288e-025 
0.000000e+000 0.000000e+000 0.000000e+000 0.000000e+000 4.961377e-026 
0.000000e+000 0.000000e+000 0.000000e+000 0.000000e+000 2.005663e-026 
0.000000e+000 0.000000e+000 0.000000e+000 0.000000e+000 8.107999e-027 
0.000000e+000 0.000000e+000 0.000000e+000 0.000000e+000 6.900425e-028 
0.000000e+000 0.000000e+000 0.000000e+000 0.000000e+000 2.789534e-028 
0.000000e+000 0.000000e+000 0.000000e+000 0.000000e+000 1.127684e-028 
0.000000e+000 0.000000e+000 0.000000e+000 0.000000e+000 9.597309e-030 
0.000000e+000 0.000000e+000 0.000000e+000 0.000000e+000 4.083961e-031 
0.000000e+000 0.000000e+000 0.000000e+000 0.000000e+000 6.951423e-032 
0.000000e+000 0.000000e+000 0.000000e+000 0.000000e+000 1.479026e-033 
0.000000e+000 0.000000e+000 0.000000e+000 0.000000e+000 5.979042e-034 
0.000000e+000 0.000000e+000 0.000000e+000 0.000000e+000 2.417060e-034 
0.000000e+000 0.000000e+000 0.000000e+000 0.000000e+000 9.771092e-035 
0.000000e+000 0.000000e+000 0.000000e+000 0.000000e+000 3.950016e-035 
0.000000e+000 0.000000e+000 0.000000e+000 0.000000e+000 1.596815e-035 
0.000000e+000 0.000000e+000 0.000000e+000 0.000000e+000 6.455209e-036 
0.000000e+000 0.000000e+000 0.000000e+000 0.000000e+000 2.609553e-036 
0.000000e+000 0.000000e+000 0.000000e+000 0.000000e+000 2.220896e-037 
0.000000e+000 0.000000e+000 0.000000e+000 0.000000e+000 8.978090e-038 
0.000000e+000 0.000000e+000 0.000000e+000 0.000000e+000 3.629441e-038 
0.000000e+000 0.000000e+000 0.000000e+000 0.000000e+000 1.467221e-038 
0.000000e+000 0.000000e+000 0.000000e+000 0.000000e+000 5.931318e-039 
0.000000e+000 0.000000e+000 0.000000e+000 0.000000e+000 2.397767e-039 
0.000000e+000 0.000000e+000 0.000000e+000 0.000000e+000 9.693099e-040 


9.693099e-040 4.124723e-071 1.755201e-072 1.755201e-072 1.755201e-072 
1.518586e-098 9.693099e-040 4.124723e-041 1.755201e-042 1.755201e-042 
7.137352e-127 1.518586e-068 9.693099e-040 4.124723e-041 4.124723e-041 
1.118185e-125 7.137352e-097 1.518586e-068 9.693099e-040 9.693099e-040 
2.627735e-124 1.118185e-095 7.137352e-067 1.518586e-038 1.518586e-038 
1.235036e-122 2.627735e-094 1.118185e-065 7.137352e-037 7.137352e-037 
2.902333e-121 1.235036e-092 2.627735e-064 1.118185e-035 1.118185e-035 
1.705121e-120 2.902333e-091 1.235036e-062 2.627735e-034 2.627735e-034 
2.671356e-119 1.705121e-090 2.902333e-061 1.235036e-032 1.235036e-032 
6.277687e-088 2.671356e-089 1.705121e-060 2.902333e-031 2.902333e-031 
1.475256e-056 6.277687e-058 2.671356e-059 1.705121e-030 1.705121e-030 
1.733426e-085 1.475256e-026 6.277687e-028 2.671356e-029 2.671356e-029 
2.036776e-114 1.733426e-055 1.475256e-026 6.277687e-028 6.277687e-028 
2.393212e-113 2.036776e-084 1.733426e-055 1.475256e-026 1.475256e-026 
1.406012e-112 2.393212e-083 2.036776e-054 1.733426e-025 1.733426e-025 
8.260320e-112 1.406012e-082 2.393212e-053 2.036776e-024 2.036776e-024 
4.852938e-111 8.260320e-082 1.406012e-052 2.393212e-023 2.393212e-023 
2.851101e-110 4.852938e-081 8.260320e-052 1.406012e-022 1.406012e-022 
1.675022e-109 2.851101e-080 4.852938e-051 8.260320e-022 8.260320e-022 
9.840753e-109 1.675022e-079 2.851101e-050 4.852938e-021 4.852938e-021 
2.312577e-107 9.840753e-079 1.675022e-049 2.851101e-020 2.851101e-020 
5.720585e-107 2.312577e-077 9.840753e-049 1.675022e-019 1.675022e-019 
6.721687e-106 5.720585e-077 2.312577e-047 9.840753e-019 9.840753e-019 
7.897983e-105 6.721687e-076 5.720585e-047 2.312577e-017 2.312577e-017 
1.953712e-104 7.897983e-075 6.721687e-046 5.720585e-017 5.720585e-017 
4.832865e-104 1.953712e-074 7.897983e-045 6.721687e-016 6.721687e-016 
1.195498e-103 4.832865e-074 1.953712e-044 7.897983e-015 7.897983e-015 
1.404710e-102 1.195498e-073 4.832865e-044 1.953712e-014 1.953712e-014 
3.474810e-102 1.404710e-072 1.195498e-043 4.832865e-014 4.832865e-014 
8.595583e-102 3.474810e-072 1.404710e-042 1.195498e-013 1.195498e-013 
1.009981e-100 8.595583e-072 3.474810e-042 1.404710e-012 1.404710e-012 
2.373455e-099 1.009981e-070 8.595583e-042 3.474810e-012 3.474810e-012 
1.394405e-098 2.373455e-069 1.009981e-040 8.595583e-012 8.595583e-012 
6.553704e-097 1.394405e-068 2.373455e-039 1.009981e-010 1.009981e-010 
1.621179e-096 6.553704e-067 1.394405e-038 2.373455e-009 2.373455e-009 
4.010286e-096 1.621179e-066 6.553704e-037 1.394405e-008 1.394405e-008 
9.920180e-096 4.010286e-066 1.621179e-036 6.553704e-007 6.553704e-007 
2.453939e-095 9.920180e-066 4.010286e-036 1.621179e-006 1.621179e-006 
6.070271e-095 2.453939e-065 9.920180e-036 4.010286e-006 4.010286e-006 
1.501593e-094 6.070271e-065 2.453939e-035 9.920180e-006 9.920180e-006 
3.714468e-094 1.501593e-064 6.070271e-035 2.453939e-005 2.453939e-005 
4.364500e-093 3.714468e-064 1.501593e-034 6.070271e-005 6.070271e-005 
1.079639e-092 4.364500e-063 3.714468e-034 1.501593e-004 1.501593e-004 
2.670687e-092 1.079639e-062 4.364500e-033 3.714468e-004 3.714468e-004 
6.606436e-092 2.670687e-062 1.079639e-032 4.364500e-003 4.364500e-003 
1.634224e-091 6.606436e-062 2.670687e-032 1.079639e-002 1.079639e-002 
4.042553e-091 1.634224e-061 6.606436e-032 2.670687e-002 2.670687e-002 
1.000000e-090 4.042553e-061 1.634224e-031 6.606436e-002 6.606436e-002 
1.000000e-060 1.000000e-060 4.042553e-031 1.634224e-001 1.634224e-001 
1.000000e-030 1.000000e-030 1.000000e-030 4.042553e-001 4.042553e-001 
1.000000e+000 1.000000e+000 1.000000e+000 1.000000e+000 1.000000e+000 


1.000000e+000 0.000000e+000 0.000000e+000 0.000000e+000 0.000000e+000 
2.164230e-117 1.000000e+000 0.000000e+000 0.000000e+000 0.000000e+000 
1.405168e-233 4.328460e-117 1.000000e+000 0.000000e+000 0.000000e+000 
3.040974e-320 4.215503e-233 2.164230e-057 1.000000e+000 0.000000e+000 
0.000000e+000 1.216439e-319 1.405168e-113 4.328460e-057 1.000000e+000 
0.000000e+000 0.000000e+000 3.041106e-170 4.215503e-113 1.000000e+000 
0.000000e+000 0.000000e+000 9.872481e-227 1.216442e-169 1.000000e+000 
0.000000e+000 0.000000e+000 6.409896e-283 4.936240e-226 1.000000e+000 
0.000000e+000 0.000000e+000 0.000000e+000 3.845938e-282 1.000000e+000 
0.000000e+000 0.000000e+000 0.000000e+000 0.000000e+000 1.000000e+000 
0.000000e+000 0.000000e+000 0.000000e+000 0.000000e+000 1.000000e+000 
0.000000e+000 0.000000e+000 0.000000e+000 0.000000e+000 1.000000e+000 
0.000000e+000 0.000000e+000 0.000000e+000 0.000000e+000 1.000000e+000 
0.000000e+000 0.000000e+000 0.000000e+000 0.000000e+000 1.000000e+000 
0.000000e+000 0.000000e+000 0.000000e+000 0.000000e+000 1.000000e+000 
0.000000e+000 0.000000e+000 0.000000e+000 0.000000e+000 1.000000e+000 
0.000000e+000 0.000000e+000 0.000000e+000 0.000000e+000 1.000000e+000 
0.000000e+000 0.000000e+000 0.000000e+000 0.000000e+000 1.000000e+000 
0.000000e+000 0.000000e+000 0.000000e+000 0.000000e+000 1.000000e+000 
0.000000e+000 0.000000e+000 0.000000e+000 0.000000e+000 1.000000e+000 
0.000000e+000 0.000000e+000 0.000000e+000 0.000000e+000 1.000000e+000 
0.000000e+000 0.000000e+000 0.000000e+000 0.000000e+000 1.000000e+000 
0.000000e+000 0.000000e+000 0.000000e+000 0.000000e+000 1.000000e+000 
0.000000e+000 0.000000e+000 0.000000e+000 0.000000e+000 1.000000e+000 
0.000000e+000 0.000000e+000 0.000000e+000 0.000000e+000 1.000000e+000 
0.000000e+000 0.000000e+000 0.000000e+000 0.000000e+000 1.000000e+000 
0.000000e+000 0.000000e+000 0.000000e+000 0.000000e+000 1.000000e+000 
0.000000e+000 0.000000e+000 0.000000e+000 0.000000e+000 1.000000e+000 
0.000000e+000 0.000000e+000 0.000000e+000 0.000000e+000 1.000000e+000 
0.000000e+000 0.000000e+000 0.000000e+000 0.000000e+000 1.000000e+000 
0.000000e+000 0.000000e+000 0.000000e+000 0.000000e+000 1.000000e+000 
0.000000e+000 0.000000e+000 0.000000e+000 0.000000e+000 1.000000e+000 
0.000000e+000 0.000000e+000 0.000000e+000 0.000000e+000 1.000000e+000 
0.000000e+000 0.000000e+000 0.000000e+000 0.000000e+000 1.000000e+000 
0.000000e+000 0.000000e+000 0.000000e+000 0.000000e+000 1.000000e+000 
0.000000e+000 0.000000e+000 0.000000e+000 0.000000e+000 1.000000e+000 
0.000000e+000 0.000000e+000 0.000000e+000 0.000000e+000 1.000000e+000 
0.000000e+000 0.000000e+000 0.000000e+000 0.000000e+000 1.000000e+000 
0.000000e+000 0.000000e+000 0.000000e+000 0.000000e+000 1.000000e+000 
0.000000e+000 0.000000e+000 0.000000e+000 0.000000e+000 1.000000e+000 
0.000000e+000 0.000000e+000 0.000000e+000 0.000000e+000 1.000000e+000 
0.000000e+000 0.000000e+000 0.000000e+000 0.000000e+000 1.000000e+000 
0.000000e+000 0.000000e+000 0.000000e+000 0.000000e+000 1.000000e+000 
0.000000e+000 0.000000e+000 0.000000e+000 0.000000e+000 1.000000e+000 
0.000000e+000 0.000000e+000 0.000000e+000 0.000000e+000 1.000000e+000 
0.000000e+000 0.000000e+000 0.000000e+000 0.000000e+000 1.000000e+000 
0.000000e+000 0.000000e+000 0.000000e+000 0.000000e+000 1.000000e+000 
0.000000e+000 0.000000e+000 0.000000e+000 0.000000e+000 1.000000e+000 
0.000000e+000 0.000000e+000 0.000000e+000 0.000000e+000 1.000000e+000 
0.000000e+000 0.000000e+000 0.000000e+000 0.000000e+000 1.000000e+000 
0.000000e+000 0.000000e+000 0.000000e+000 0.000000e+000 1.000000e+000 



Q star

------------
1  2  3  4  5  5  5  5  5  5  5  5  5  5  5  5  5  5  5  5  5  5  5  5  5  5  5  5  5  5  5  5  5  5  5  5  5  5  5  5  5  5  5  5  5  5  5  5  5  5  5  
------------

P star

-----------
9.693099e-040

A Martrix

2.164230e-117 1.000000e+000 0.000000e+000 0.000000e+000 0.000000e+000 
0.000000e+000 2.164230e-117 1.000000e+000 0.000000e+000 0.000000e+000 
0.000000e+000 0.000000e+000 2.164230e-057 1.000000e+000 0.000000e+000 
0.000000e+000 0.000000e+000 0.000000e+000 2.164230e-057 1.000000e+000 
0.000000e+000 0.000000e+000 0.000000e+000 0.000000e+000 1.000000e+000 

B Martrix

1.000000e-030 1.000000e-030 1.000000e-030 1.000000e-030 1.000000e-030 1.000000e+000 1.000000e-030 1.000000e-030 1.000000e-030 1.000000e-030 1.000000e-030 1.000000e-030 1.000000e-030 1.000000e-030 1.000000e-030 1.000000e-030 1.000000e-030 1.000000e-030 1.000000e-030 1.000000e-030 1.000000e-030 1.000000e-030 1.000000e-030 1.000000e-030 1.000000e-030 1.000000e-030 1.000000e-030 1.000000e-030 1.000000e-030 1.000000e-030 1.000000e-030 1.000000e-030 
1.000000e-030 1.000000e-030 1.000000e-030 1.000000e-030 1.000000e-030 1.000000e+000 1.000000e-030 1.000000e-030 1.000000e-030 1.000000e-030 1.000000e-030 1.000000e-030 1.000000e-030 1.000000e-030 1.000000e-030 1.000000e-030 1.000000e-030 1.000000e-030 1.000000e-030 1.000000e-030 1.000000e-030 1.000000e-030 1.000000e-030 1.000000e-030 1.000000e-030 1.000000e-030 1.000000e-030 1.000000e-030 1.000000e-030 1.000000e-030 1.000000e-030 1.000000e-030 
1.000000e-030 1.000000e-030 1.000000e-030 1.000000e-030 1.000000e-030 1.000000e-030 1.000000e-030 1.000000e-030 1.000000e-030 1.000000e-030 1.000000e+000 1.000000e-030 1.000000e-030 1.000000e-030 1.000000e-030 1.000000e-030 1.000000e-030 1.000000e-030 1.000000e-030 1.000000e-030 1.000000e-030 1.000000e-030 1.000000e-030 1.000000e-030 1.000000e-030 1.000000e-030 1.000000e-030 1.000000e-030 1.000000e-030 1.000000e-030 1.000000e-030 1.000000e-030 
1.000000e-030 1.000000e-030 1.000000e-030 1.000000e-030 1.000000e-030 1.000000e-030 1.000000e-030 1.000000e-030 1.000000e-030 1.000000e-030 1.000000e+000 1.000000e-030 1.000000e-030 1.000000e-030 1.000000e-030 1.000000e-030 1.000000e-030 1.000000e-030 1.000000e-030 1.000000e-030 1.000000e-030 1.000000e-030 1.000000e-030 1.000000e-030 1.000000e-030 1.000000e-030 1.000000e-030 1.000000e-030 1.000000e-030 1.000000e-030 1.000000e-030 1.000000e-030 
1.000000e-030 1.000000e-030 6.382979e-002 1.702128e-001 1.000000e-030 1.000000e-030 1.000000e-030 1.000000e-030 1.000000e-030 4.255319e-002 4.255319e-002 8.510638e-002 2.127660e-002 1.000000e-030 2.127660e-002 1.000000e-030 1.000000e-030 1.000000e-030 4.255319e-002 8.510638e-002 1.000000e-030 1.000000e-030 1.000000e-030 1.000000e-030 1.000000e-030 1.000000e-030 1.000000e-030 4.042553e-001 2.127660e-002 1.000000e-030 1.000000e-030 1.000000e-030 
Iteraion 4
-----------------

P(O|lamda) = 9.693099e-040

1.000000e+000 0.000000e+000 0.000000e+000 0.000000e+000 0.000000e+000 
2.164230e-117 1.000000e+000 0.000000e+000 0.000000e+000 0.000000e+000 
4.683892e-264 4.328460e-147 1.000000e+000 0.000000e+000 0.000000e+000 
0.000000e+000 1.405168e-293 2.164230e-057 1.000000e+000 0.000000e+000 
0.000000e+000 0.000000e+000 4.683892e-144 4.328460e-087 6.382979e-002 
0.000000e+000 0.000000e+000 1.013702e-230 1.405168e-173 1.358081e-003 
0.000000e+000 0.000000e+000 2.193885e-317 4.054808e-260 8.668599e-005 
0.000000e+000 0.000000e+000 0.000000e+000 0.000000e+000 3.688766e-006 
0.000000e+000 0.000000e+000 0.000000e+000 0.000000e+000 7.848438e-008 
0.000000e+000 0.000000e+000 0.000000e+000 0.000000e+000 3.339761e-009 
0.000000e+000 0.000000e+000 0.000000e+000 0.000000e+000 5.684699e-010 
0.000000e+000 0.000000e+000 0.000000e+000 0.000000e+000 3.628531e-011 
0.000000e+000 0.000000e+000 0.000000e+000 0.000000e+000 1.544056e-012 
0.000000e+000 0.000000e+000 0.000000e+000 0.000000e+000 6.570451e-014 
0.000000e+000 0.000000e+000 0.000000e+000 0.000000e+000 5.591873e-015 
0.000000e+000 0.000000e+000 0.000000e+000 0.000000e+000 4.759041e-016 
0.000000e+000 0.000000e+000 0.000000e+000 0.000000e+000 4.050247e-017 
0.000000e+000 0.000000e+000 0.000000e+000 0.000000e+000 6.894038e-018 
0.000000e+000 0.000000e+000 0.000000e+000 0.000000e+000 1.173453e-018 
0.000000e+000 0.000000e+000 0.000000e+000 0.000000e+000 1.997367e-019 
0.000000e+000 0.000000e+000 0.000000e+000 0.000000e+000 3.399774e-020 
0.000000e+000 0.000000e+000 0.000000e+000 0.000000e+000 5.786850e-021 
0.000000e+000 0.000000e+000 0.000000e+000 0.000000e+000 9.849957e-022 
0.000000e+000 0.000000e+000 0.000000e+000 0.000000e+000 4.191471e-023 
0.000000e+000 0.000000e+000 0.000000e+000 0.000000e+000 1.694424e-023 
0.000000e+000 0.000000e+000 0.000000e+000 0.000000e+000 1.442063e-024 
0.000000e+000 0.000000e+000 0.000000e+000 0.000000e+000 1.227288e-025 
0.000000e+000 0.000000e+000 0.000000e+000 0.000000e+000 4.961377e-026 
0.000000e+000 0.000000e+000 0.000000e+000 0.000000e+000 2.005663e-026 
0.000000e+000 0.000000e+000 0.000000e+000 0.000000e+000 8.107999e-027 
0.000000e+000 0.000000e+000 0.000000e+000 0.000000e+000 6.900425e-028 
0.000000e+000 0.000000e+000 0.000000e+000 0.000000e+000 2.789534e-028 
0.000000e+000 0.000000e+000 0.000000e+000 0.000000e+000 1.127684e-028 
0.000000e+000 0.000000e+000 0.000000e+000 0.000000e+000 9.597309e-030 
0.000000e+000 0.000000e+000 0.000000e+000 0.000000e+000 4.083961e-031 
0.000000e+000 0.000000e+000 0.000000e+000 0.000000e+000 6.951423e-032 
0.000000e+000 0.000000e+000 0.000000e+000 0.000000e+000 1.479026e-033 
0.000000e+000 0.000000e+000 0.000000e+000 0.000000e+000 5.979042e-034 
0.000000e+000 0.000000e+000 0.000000e+000 0.000000e+000 2.417060e-034 
0.000000e+000 0.000000e+000 0.000000e+000 0.000000e+000 9.771092e-035 
0.000000e+000 0.000000e+000 0.000000e+000 0.000000e+000 3.950016e-035 
0.000000e+000 0.000000e+000 0.000000e+000 0.000000e+000 1.596815e-035 
0.000000e+000 0.000000e+000 0.000000e+000 0.000000e+000 6.455209e-036 
0.000000e+000 0.000000e+000 0.000000e+000 0.000000e+000 2.609553e-036 
0.000000e+000 0.000000e+000 0.000000e+000 0.000000e+000 2.220896e-037 
0.000000e+000 0.000000e+000 0.000000e+000 0.000000e+000 8.978090e-038 
0.000000e+000 0.000000e+000 0.000000e+000 0.000000e+000 3.629441e-038 
0.000000e+000 0.000000e+000 0.000000e+000 0.000000e+000 1.467221e-038 
0.000000e+000 0.000000e+000 0.000000e+000 0.000000e+000 5.931318e-039 
0.000000e+000 0.000000e+000 0.000000e+000 0.000000e+000 2.397767e-039 
0.000000e+000 0.000000e+000 0.000000e+000 0.000000e+000 9.693099e-040 


9.693099e-040 4.124723e-071 1.755201e-072 1.755201e-072 1.755201e-072 
1.518586e-098 9.693099e-040 4.124723e-041 1.755201e-042 1.755201e-042 
7.137352e-127 1.518586e-068 9.693099e-040 4.124723e-041 4.124723e-041 
1.118185e-125 7.137352e-097 1.518586e-068 9.693099e-040 9.693099e-040 
2.627735e-124 1.118185e-095 7.137352e-067 1.518586e-038 1.518586e-038 
1.235036e-122 2.627735e-094 1.118185e-065 7.137352e-037 7.137352e-037 
2.902333e-121 1.235036e-092 2.627735e-064 1.118185e-035 1.118185e-035 
1.705121e-120 2.902333e-091 1.235036e-062 2.627735e-034 2.627735e-034 
2.671356e-119 1.705121e-090 2.902333e-061 1.235036e-032 1.235036e-032 
6.277687e-088 2.671356e-089 1.705121e-060 2.902333e-031 2.902333e-031 
1.475256e-056 6.277687e-058 2.671356e-059 1.705121e-030 1.705121e-030 
1.733426e-085 1.475256e-026 6.277687e-028 2.671356e-029 2.671356e-029 
2.036776e-114 1.733426e-055 1.475256e-026 6.277687e-028 6.277687e-028 
2.393212e-113 2.036776e-084 1.733426e-055 1.475256e-026 1.475256e-026 
1.406012e-112 2.393212e-083 2.036776e-054 1.733426e-025 1.733426e-025 
8.260320e-112 1.406012e-082 2.393212e-053 2.036776e-024 2.036776e-024 
4.852938e-111 8.260320e-082 1.406012e-052 2.393212e-023 2.393212e-023 
2.851101e-110 4.852938e-081 8.260320e-052 1.406012e-022 1.406012e-022 
1.675022e-109 2.851101e-080 4.852938e-051 8.260320e-022 8.260320e-022 
9.840753e-109 1.675022e-079 2.851101e-050 4.852938e-021 4.852938e-021 
2.312577e-107 9.840753e-079 1.675022e-049 2.851101e-020 2.851101e-020 
5.720585e-107 2.312577e-077 9.840753e-049 1.675022e-019 1.675022e-019 
6.721687e-106 5.720585e-077 2.312577e-047 9.840753e-019 9.840753e-019 
7.897983e-105 6.721687e-076 5.720585e-047 2.312577e-017 2.312577e-017 
1.953712e-104 7.897983e-075 6.721687e-046 5.720585e-017 5.720585e-017 
4.832865e-104 1.953712e-074 7.897983e-045 6.721687e-016 6.721687e-016 
1.195498e-103 4.832865e-074 1.953712e-044 7.897983e-015 7.897983e-015 
1.404710e-102 1.195498e-073 4.832865e-044 1.953712e-014 1.953712e-014 
3.474810e-102 1.404710e-072 1.195498e-043 4.832865e-014 4.832865e-014 
8.595583e-102 3.474810e-072 1.404710e-042 1.195498e-013 1.195498e-013 
1.009981e-100 8.595583e-072 3.474810e-042 1.404710e-012 1.404710e-012 
2.373455e-099 1.009981e-070 8.595583e-042 3.474810e-012 3.474810e-012 
1.394405e-098 2.373455e-069 1.009981e-040 8.595583e-012 8.595583e-012 
6.553704e-097 1.394405e-068 2.373455e-039 1.009981e-010 1.009981e-010 
1.621179e-096 6.553704e-067 1.394405e-038 2.373455e-009 2.373455e-009 
4.010286e-096 1.621179e-066 6.553704e-037 1.394405e-008 1.394405e-008 
9.920180e-096 4.010286e-066 1.621179e-036 6.553704e-007 6.553704e-007 
2.453939e-095 9.920180e-066 4.010286e-036 1.621179e-006 1.621179e-006 
6.070271e-095 2.453939e-065 9.920180e-036 4.010286e-006 4.010286e-006 
1.501593e-094 6.070271e-065 2.453939e-035 9.920180e-006 9.920180e-006 
3.714468e-094 1.501593e-064 6.070271e-035 2.453939e-005 2.453939e-005 
4.364500e-093 3.714468e-064 1.501593e-034 6.070271e-005 6.070271e-005 
1.079639e-092 4.364500e-063 3.714468e-034 1.501593e-004 1.501593e-004 
2.670687e-092 1.079639e-062 4.364500e-033 3.714468e-004 3.714468e-004 
6.606436e-092 2.670687e-062 1.079639e-032 4.364500e-003 4.364500e-003 
1.634224e-091 6.606436e-062 2.670687e-032 1.079639e-002 1.079639e-002 
4.042553e-091 1.634224e-061 6.606436e-032 2.670687e-002 2.670687e-002 
1.000000e-090 4.042553e-061 1.634224e-031 6.606436e-002 6.606436e-002 
1.000000e-060 1.000000e-060 4.042553e-031 1.634224e-001 1.634224e-001 
1.000000e-030 1.000000e-030 1.000000e-030 4.042553e-001 4.042553e-001 
1.000000e+000 1.000000e+000 1.000000e+000 1.000000e+000 1.000000e+000 


1.000000e+000 0.000000e+000 0.000000e+000 0.000000e+000 0.000000e+000 
3.390627e-176 1.000000e+000 0.000000e+000 0.000000e+000 0.000000e+000 
0.000000e+000 6.781254e-176 1.000000e+000 0.000000e+000 0.000000e+000 
0.000000e+000 0.000000e+000 3.390627e-086 1.000000e+000 0.000000e+000 
0.000000e+000 0.000000e+000 3.448906e-171 6.781254e-086 1.000000e+000 
0.000000e+000 0.000000e+000 1.169395e-256 1.034672e-170 1.000000e+000 
0.000000e+000 0.000000e+000 0.000000e+000 4.677582e-256 1.000000e+000 
0.000000e+000 0.000000e+000 0.000000e+000 0.000000e+000 1.000000e+000 
0.000000e+000 0.000000e+000 0.000000e+000 0.000000e+000 1.000000e+000 
0.000000e+000 0.000000e+000 0.000000e+000 0.000000e+000 1.000000e+000 
0.000000e+000 0.000000e+000 0.000000e+000 0.000000e+000 1.000000e+000 
0.000000e+000 0.000000e+000 0.000000e+000 0.000000e+000 1.000000e+000 
0.000000e+000 0.000000e+000 0.000000e+000 0.000000e+000 1.000000e+000 
0.000000e+000 0.000000e+000 0.000000e+000 0.000000e+000 1.000000e+000 
0.000000e+000 0.000000e+000 0.000000e+000 0.000000e+000 1.000000e+000 
0.000000e+000 0.000000e+000 0.000000e+000 0.000000e+000 1.000000e+000 
0.000000e+000 0.000000e+000 0.000000e+000 0.000000e+000 1.000000e+000 
0.000000e+000 0.000000e+000 0.000000e+000 0.000000e+000 1.000000e+000 
0.000000e+000 0.000000e+000 0.000000e+000 0.000000e+000 1.000000e+000 
0.000000e+000 0.000000e+000 0.000000e+000 0.000000e+000 1.000000e+000 
0.000000e+000 0.000000e+000 0.000000e+000 0.000000e+000 1.000000e+000 
0.000000e+000 0.000000e+000 0.000000e+000 0.000000e+000 1.000000e+000 
0.000000e+000 0.000000e+000 0.000000e+000 0.000000e+000 1.000000e+000 
0.000000e+000 0.000000e+000 0.000000e+000 0.000000e+000 1.000000e+000 
0.000000e+000 0.000000e+000 0.000000e+000 0.000000e+000 1.000000e+000 
0.000000e+000 0.000000e+000 0.000000e+000 0.000000e+000 1.000000e+000 
0.000000e+000 0.000000e+000 0.000000e+000 0.000000e+000 1.000000e+000 
0.000000e+000 0.000000e+000 0.000000e+000 0.000000e+000 1.000000e+000 
0.000000e+000 0.000000e+000 0.000000e+000 0.000000e+000 1.000000e+000 
0.000000e+000 0.000000e+000 0.000000e+000 0.000000e+000 1.000000e+000 
0.000000e+000 0.000000e+000 0.000000e+000 0.000000e+000 1.000000e+000 
0.000000e+000 0.000000e+000 0.000000e+000 0.000000e+000 1.000000e+000 
0.000000e+000 0.000000e+000 0.000000e+000 0.000000e+000 1.000000e+000 
0.000000e+000 0.000000e+000 0.000000e+000 0.000000e+000 1.000000e+000 
0.000000e+000 0.000000e+000 0.000000e+000 0.000000e+000 1.000000e+000 
0.000000e+000 0.000000e+000 0.000000e+000 0.000000e+000 1.000000e+000 
0.000000e+000 0.000000e+000 0.000000e+000 0.000000e+000 1.000000e+000 
0.000000e+000 0.000000e+000 0.000000e+000 0.000000e+000 1.000000e+000 
0.000000e+000 0.000000e+000 0.000000e+000 0.000000e+000 1.000000e+000 
0.000000e+000 0.000000e+000 0.000000e+000 0.000000e+000 1.000000e+000 
0.000000e+000 0.000000e+000 0.000000e+000 0.000000e+000 1.000000e+000 
0.000000e+000 0.000000e+000 0.000000e+000 0.000000e+000 1.000000e+000 
0.000000e+000 0.000000e+000 0.000000e+000 0.000000e+000 1.000000e+000 
0.000000e+000 0.000000e+000 0.000000e+000 0.000000e+000 1.000000e+000 
0.000000e+000 0.000000e+000 0.000000e+000 0.000000e+000 1.000000e+000 
0.000000e+000 0.000000e+000 0.000000e+000 0.000000e+000 1.000000e+000 
0.000000e+000 0.000000e+000 0.000000e+000 0.000000e+000 1.000000e+000 
0.000000e+000 0.000000e+000 0.000000e+000 0.000000e+000 1.000000e+000 
0.000000e+000 0.000000e+000 0.000000e+000 0.000000e+000 1.000000e+000 
0.000000e+000 0.000000e+000 0.000000e+000 0.000000e+000 1.000000e+000 
0.000000e+000 0.000000e+000 0.000000e+000 0.000000e+000 1.000000e+000 



Q star

------------
1  2  3  4  5  5  5  5  5  5  5  5  5  5  5  5  5  5  5  5  5  5  5  5  5  5  5  5  5  5  5  5  5  5  5  5  5  5  5  5  5  5  5  5  5  5  5  5  5  5  5  
------------

P star

-----------
9.693099e-040

A Martrix

3.390627e-176 1.000000e+000 0.000000e+000 0.000000e+000 0.000000e+000 
0.000000e+000 3.390627e-176 1.000000e+000 0.000000e+000 0.000000e+000 
0.000000e+000 0.000000e+000 3.390627e-086 1.000000e+000 0.000000e+000 
0.000000e+000 0.000000e+000 0.000000e+000 3.390627e-086 1.000000e+000 
0.000000e+000 0.000000e+000 0.000000e+000 0.000000e+000 1.000000e+000 

B Martrix

1.000000e-030 1.000000e-030 1.000000e-030 1.000000e-030 1.000000e-030 1.000000e+000 1.000000e-030 1.000000e-030 1.000000e-030 1.000000e-030 1.000000e-030 1.000000e-030 1.000000e-030 1.000000e-030 1.000000e-030 1.000000e-030 1.000000e-030 1.000000e-030 1.000000e-030 1.000000e-030 1.000000e-030 1.000000e-030 1.000000e-030 1.000000e-030 1.000000e-030 1.000000e-030 1.000000e-030 1.000000e-030 1.000000e-030 1.000000e-030 1.000000e-030 1.000000e-030 
1.000000e-030 1.000000e-030 1.000000e-030 1.000000e-030 1.000000e-030 1.000000e+000 1.000000e-030 1.000000e-030 1.000000e-030 1.000000e-030 1.000000e-030 1.000000e-030 1.000000e-030 1.000000e-030 1.000000e-030 1.000000e-030 1.000000e-030 1.000000e-030 1.000000e-030 1.000000e-030 1.000000e-030 1.000000e-030 1.000000e-030 1.000000e-030 1.000000e-030 1.000000e-030 1.000000e-030 1.000000e-030 1.000000e-030 1.000000e-030 1.000000e-030 1.000000e-030 
1.000000e-030 1.000000e-030 1.000000e-030 1.000000e-030 1.000000e-030 1.000000e-030 1.000000e-030 1.000000e-030 1.000000e-030 1.000000e-030 1.000000e+000 1.000000e-030 1.000000e-030 1.000000e-030 1.000000e-030 1.000000e-030 1.000000e-030 1.000000e-030 1.000000e-030 1.000000e-030 1.000000e-030 1.000000e-030 1.000000e-030 1.000000e-030 1.000000e-030 1.000000e-030 1.000000e-030 1.000000e-030 1.000000e-030 1.000000e-030 1.000000e-030 1.000000e-030 
1.000000e-030 1.000000e-030 1.000000e-030 1.000000e-030 1.000000e-030 1.000000e-030 1.000000e-030 1.000000e-030 1.000000e-030 1.000000e-030 1.000000e+000 1.000000e-030 1.000000e-030 1.000000e-030 1.000000e-030 1.000000e-030 1.000000e-030 1.000000e-030 1.000000e-030 1.000000e-030 1.000000e-030 1.000000e-030 1.000000e-030 1.000000e-030 1.000000e-030 1.000000e-030 1.000000e-030 1.000000e-030 1.000000e-030 1.000000e-030 1.000000e-030 1.000000e-030 
1.000000e-030 1.000000e-030 6.382979e-002 1.702128e-001 1.000000e-030 1.000000e-030 1.000000e-030 1.000000e-030 1.000000e-030 4.255319e-002 4.255319e-002 8.510638e-002 2.127660e-002 1.000000e-030 2.127660e-002 1.000000e-030 1.000000e-030 1.000000e-030 4.255319e-002 8.510638e-002 1.000000e-030 1.000000e-030 1.000000e-030 1.000000e-030 1.000000e-030 1.000000e-030 1.000000e-030 4.042553e-001 2.127660e-002 1.000000e-030 1.000000e-030 1.000000e-030 
=================
