11	20	4	4	4	20	16	20	19	20	20	20	11	4	19	12	28	20	27	19	19	19	11	20	19	4	12	16	11	11	11	16	16	16	16	16	16	16	11	20	15	16	16	16	16	
Iteraion 1
-----------------

P(O|lamda) = 1.854603e-068

3.125000e-002 0.000000e+000 0.000000e+000 0.000000e+000 0.000000e+000 
7.812500e-004 1.953125e-004 0.000000e+000 0.000000e+000 0.000000e+000 
1.953125e-005 9.765625e-006 1.220703e-006 0.000000e+000 0.000000e+000 
4.882813e-007 3.662109e-007 9.155273e-008 7.629395e-009 0.000000e+000 
1.220703e-008 1.220703e-008 4.577637e-009 7.629395e-010 4.768372e-011 
3.051758e-010 3.814697e-010 1.907349e-010 4.768372e-011 6.258488e-012 
7.629395e-012 1.144409e-011 7.152557e-012 2.384186e-012 4.936010e-013 
1.907349e-013 3.337860e-013 2.503395e-013 1.043081e-013 3.032619e-014 
4.768372e-015 9.536743e-015 8.344650e-015 4.172325e-015 1.599619e-015 
1.192093e-016 2.682209e-016 2.682209e-016 1.564622e-016 7.606513e-017 
2.980232e-018 7.450581e-018 8.381903e-018 5.587935e-018 3.354924e-018 
7.450581e-020 2.048910e-019 2.561137e-019 1.920853e-019 1.397660e-019 
1.862645e-021 5.587935e-021 7.683411e-021 6.402843e-021 5.568220e-021 
4.656613e-023 1.513399e-022 2.270099e-022 2.080924e-022 2.140246e-022 
1.164153e-024 4.074536e-024 6.621121e-024 6.621121e-024 7.988847e-024 
2.910383e-026 1.091394e-025 1.909939e-025 2.069100e-025 2.910335e-025 
7.275958e-028 2.910383e-027 5.456968e-027 6.366463e-027 1.038798e-026 
1.818989e-029 7.730705e-029 1.546141e-028 1.932676e-028 3.644149e-028 
4.547474e-031 2.046363e-030 4.348522e-030 5.798029e-030 1.259589e-029 
1.136868e-032 5.400125e-032 1.215028e-031 1.721290e-031 4.298592e-031 
2.842171e-034 1.421085e-033 3.375078e-033 5.062617e-033 1.450891e-032 
7.105427e-036 3.730349e-035 9.325873e-035 1.476597e-034 4.850447e-034 
1.776357e-037 9.769963e-037 2.564615e-036 4.274359e-036 1.608052e-035 
4.440892e-039 2.553513e-038 7.022161e-038 1.228878e-037 5.292309e-037 
1.110223e-040 6.661338e-040 1.915135e-039 3.511080e-039 1.730652e-038 
2.775558e-042 1.734723e-041 5.204170e-041 9.974660e-041 5.627729e-040 
6.938894e-044 4.510281e-043 1.409463e-042 2.818926e-042 1.821007e-041 
1.734723e-045 1.170938e-044 3.805550e-044 7.928228e-044 5.866829e-043 
4.336809e-047 3.035766e-046 1.024571e-045 2.219904e-045 1.882936e-044 
1.084202e-048 7.860466e-048 2.751163e-047 6.190117e-047 6.022918e-046 
2.710505e-050 2.032879e-049 7.369187e-049 1.719477e-048 1.920850e-047 
6.776264e-052 5.251604e-051 1.969352e-050 4.759266e-050 6.110124e-049 
1.694066e-053 1.355253e-052 5.251604e-052 1.312901e-051 1.939159e-050 
4.235165e-055 3.494011e-054 1.397604e-053 3.610478e-053 6.141928e-052 
1.058791e-056 8.999725e-056 3.712387e-055 9.899698e-055 1.941918e-053 
2.646978e-058 2.316106e-057 9.843449e-057 2.706949e-056 6.130367e-055 
6.617445e-060 5.955700e-059 2.605619e-058 7.382587e-058 1.932658e-056 
1.654361e-061 1.530284e-060 6.886279e-060 2.008498e-059 6.085698e-058 
4.135903e-063 3.929108e-062 1.817212e-061 5.451637e-061 1.914334e-059 
1.033976e-064 1.008126e-063 4.788600e-063 1.476485e-062 6.016366e-061 
2.584939e-066 2.584939e-065 1.260158e-064 3.990500e-064 1.889342e-062 
6.462349e-068 6.623907e-067 3.311954e-066 1.076385e-065 5.929135e-064 
1.615587e-069 1.696366e-068 8.693878e-068 2.897959e-067 1.859582e-065 
4.038968e-071 4.341890e-070 2.279492e-069 7.788266e-069 5.829306e-067 
1.009742e-072 1.110716e-071 5.970099e-071 2.089535e-070 1.826526e-068 


5.934730e-067 5.934730e-067 5.934730e-067 5.934730e-067 5.934730e-067 
1.899114e-065 1.899114e-065 1.899114e-065 1.899114e-065 1.899114e-065 
6.077163e-064 6.077163e-064 6.077163e-064 6.077163e-064 6.077163e-064 
1.944692e-062 1.944692e-062 1.944692e-062 1.944692e-062 1.944692e-062 
6.223015e-061 6.223015e-061 6.223015e-061 6.223015e-061 6.223015e-061 
1.991365e-059 1.991365e-059 1.991365e-059 1.991365e-059 1.991365e-059 
6.372368e-058 6.372368e-058 6.372368e-058 6.372368e-058 6.372368e-058 
2.039158e-056 2.039158e-056 2.039158e-056 2.039158e-056 2.039158e-056 
6.525304e-055 6.525304e-055 6.525304e-055 6.525304e-055 6.525304e-055 
2.088097e-053 2.088097e-053 2.088097e-053 2.088097e-053 2.088097e-053 
6.681912e-052 6.681912e-052 6.681912e-052 6.681912e-052 6.681912e-052 
2.138212e-050 2.138212e-050 2.138212e-050 2.138212e-050 2.138212e-050 
6.842278e-049 6.842278e-049 6.842278e-049 6.842278e-049 6.842278e-049 
2.189529e-047 2.189529e-047 2.189529e-047 2.189529e-047 2.189529e-047 
7.006492e-046 7.006492e-046 7.006492e-046 7.006492e-046 7.006492e-046 
2.242078e-044 2.242078e-044 2.242078e-044 2.242078e-044 2.242078e-044 
7.174648e-043 7.174648e-043 7.174648e-043 7.174648e-043 7.174648e-043 
2.295887e-041 2.295887e-041 2.295887e-041 2.295887e-041 2.295887e-041 
7.346840e-040 7.346840e-040 7.346840e-040 7.346840e-040 7.346840e-040 
2.350989e-038 2.350989e-038 2.350989e-038 2.350989e-038 2.350989e-038 
7.523164e-037 7.523164e-037 7.523164e-037 7.523164e-037 7.523164e-037 
2.407412e-035 2.407412e-035 2.407412e-035 2.407412e-035 2.407412e-035 
7.703720e-034 7.703720e-034 7.703720e-034 7.703720e-034 7.703720e-034 
2.465190e-032 2.465190e-032 2.465190e-032 2.465190e-032 2.465190e-032 
7.888609e-031 7.888609e-031 7.888609e-031 7.888609e-031 7.888609e-031 
2.524355e-029 2.524355e-029 2.524355e-029 2.524355e-029 2.524355e-029 
8.077936e-028 8.077936e-028 8.077936e-028 8.077936e-028 8.077936e-028 
2.584939e-026 2.584939e-026 2.584939e-026 2.584939e-026 2.584939e-026 
8.271806e-025 8.271806e-025 8.271806e-025 8.271806e-025 8.271806e-025 
2.646978e-023 2.646978e-023 2.646978e-023 2.646978e-023 2.646978e-023 
8.470329e-022 8.470329e-022 8.470329e-022 8.470329e-022 8.470329e-022 
2.710505e-020 2.710505e-020 2.710505e-020 2.710505e-020 2.710505e-020 
8.673617e-019 8.673617e-019 8.673617e-019 8.673617e-019 8.673617e-019 
2.775558e-017 2.775558e-017 2.775558e-017 2.775558e-017 2.775558e-017 
8.881784e-016 8.881784e-016 8.881784e-016 8.881784e-016 8.881784e-016 
2.842171e-014 2.842171e-014 2.842171e-014 2.842171e-014 2.842171e-014 
9.094947e-013 9.094947e-013 9.094947e-013 9.094947e-013 9.094947e-013 
2.910383e-011 2.910383e-011 2.910383e-011 2.910383e-011 2.910383e-011 
9.313226e-010 9.313226e-010 9.313226e-010 9.313226e-010 9.313226e-010 
2.980232e-008 2.980232e-008 2.980232e-008 2.980232e-008 2.980232e-008 
9.536743e-007 9.536743e-007 9.536743e-007 9.536743e-007 9.536743e-007 
3.051758e-005 3.051758e-005 3.051758e-005 3.051758e-005 3.051758e-005 
9.765625e-004 9.765625e-004 9.765625e-004 9.765625e-004 9.765625e-004 
3.125000e-002 3.125000e-002 3.125000e-002 3.125000e-002 3.125000e-002 
1.000000e+000 1.000000e+000 1.000000e+000 1.000000e+000 1.000000e+000 


1.000000e+000 0.000000e+000 0.000000e+000 0.000000e+000 0.000000e+000 
8.000000e-001 2.000000e-001 0.000000e+000 0.000000e+000 0.000000e+000 
6.400000e-001 3.200000e-001 4.000000e-002 0.000000e+000 0.000000e+000 
5.120000e-001 3.840000e-001 9.600000e-002 8.000000e-003 0.000000e+000 
4.096000e-001 4.096000e-001 1.536000e-001 2.560000e-002 1.600000e-003 
3.276800e-001 4.096000e-001 2.048000e-001 5.120000e-002 6.720000e-003 
2.621440e-001 3.932160e-001 2.457600e-001 8.192000e-002 1.696000e-002 
2.097152e-001 3.670016e-001 2.752512e-001 1.146880e-001 3.334400e-002 
1.677722e-001 3.355443e-001 2.936013e-001 1.468006e-001 5.628160e-002 
1.342177e-001 3.019899e-001 3.019899e-001 1.761608e-001 8.564173e-002 
1.073742e-001 2.684355e-001 3.019899e-001 2.013266e-001 1.208739e-001 
8.589935e-002 2.362232e-001 2.952790e-001 2.214593e-001 1.611392e-001 
6.871948e-002 2.061584e-001 2.834678e-001 2.362232e-001 2.054311e-001 
5.497558e-002 1.786706e-001 2.680060e-001 2.456721e-001 2.526757e-001 
4.398047e-002 1.539316e-001 2.501389e-001 2.501389e-001 3.018101e-001 
3.518437e-002 1.319414e-001 2.308974e-001 2.501389e-001 3.518379e-001 
2.814750e-002 1.125900e-001 2.111062e-001 2.462906e-001 4.018657e-001 
2.251800e-002 9.570149e-002 1.914030e-001 2.392537e-001 4.511238e-001 
1.801440e-002 8.106479e-002 1.722627e-001 2.296836e-001 4.989745e-001 
1.441152e-002 6.845471e-002 1.540231e-001 2.181994e-001 5.449113e-001 
1.152922e-002 5.764608e-002 1.369094e-001 2.053641e-001 5.885511e-001 
9.223372e-003 4.842270e-002 1.210568e-001 1.916732e-001 6.296240e-001 
7.378698e-003 4.058284e-002 1.065299e-001 1.775499e-001 6.679586e-001 
5.902958e-003 3.394201e-002 9.334053e-002 1.633459e-001 7.034686e-001 
4.722366e-003 2.833420e-002 8.146082e-002 1.493448e-001 7.361378e-001 
3.777893e-003 2.361183e-002 7.083550e-002 1.357680e-001 7.660067e-001 
3.022315e-003 1.964504e-002 6.139076e-002 1.227815e-001 7.931603e-001 
2.417852e-003 1.632050e-002 5.304162e-002 1.105034e-001 8.177167e-001 
1.934281e-003 1.353997e-002 4.569740e-002 9.901102e-002 8.398173e-001 
1.547425e-003 1.121883e-002 3.926591e-002 8.834830e-002 8.596195e-001 
1.237940e-003 9.284550e-003 3.365649e-002 7.853182e-002 8.772892e-001 
9.903520e-004 7.675228e-003 2.878211e-002 6.955676e-002 8.929956e-001 
7.922816e-004 6.338253e-003 2.456073e-002 6.140183e-002 9.069069e-001 
6.338253e-004 5.229059e-003 2.091623e-002 5.403361e-002 9.191873e-001 
5.070602e-004 4.310012e-003 1.777880e-002 4.741013e-002 9.299940e-001 
4.056482e-004 3.549422e-003 1.508504e-002 4.148387e-002 9.394760e-001 
3.245186e-004 2.920667e-003 1.277792e-002 3.620410e-002 9.477728e-001 
2.596148e-004 2.401437e-003 1.080647e-002 3.151886e-002 9.550136e-001 
2.076919e-004 1.973073e-003 9.125462e-003 2.737639e-002 9.613174e-001 
1.661535e-004 1.619997e-003 7.694984e-003 2.372620e-002 9.667927e-001 
1.329228e-004 1.329228e-003 6.479986e-003 2.051996e-002 9.715379e-001 
1.063382e-004 1.089967e-003 5.449835e-003 1.771196e-002 9.756419e-001 
8.507059e-005 8.932412e-004 4.577861e-003 1.525954e-002 9.791843e-001 
6.805647e-005 7.316071e-004 3.840937e-003 1.312320e-002 9.822362e-001 
5.444518e-005 5.988970e-004 3.219071e-003 1.126675e-002 9.848608e-001 



Q star

------------
1  2  3  4  5  5  5  5  5  5  5  5  5  5  5  5  5  5  5  5  5  5  5  5  5  5  5  5  5  5  5  5  5  5  5  5  5  5  5  5  5  5  5  5  5  
------------

P star

-----------
2.967365e-071

A Martrix

8.000000e-001 2.000000e-001 0.000000e+000 0.000000e+000 0.000000e+000 
0.000000e+000 8.000000e-001 2.000000e-001 0.000000e+000 0.000000e+000 
0.000000e+000 0.000000e+000 8.000000e-001 2.000000e-001 0.000000e+000 
0.000000e+000 0.000000e+000 0.000000e+000 8.000000e-001 2.000000e-001 
0.000000e+000 0.000000e+000 0.000000e+000 0.000000e+000 1.000000e+000 

B Martrix

1.000000e-030 1.000000e-030 1.000000e-030 1.000000e-030 1.000000e-030 1.000000e-030 1.000000e-030 1.000000e-030 1.000000e-030 1.000000e-030 1.000000e+000 1.000000e-030 1.000000e-030 1.000000e-030 1.000000e-030 1.000000e-030 1.000000e-030 1.000000e-030 1.000000e-030 1.000000e-030 1.000000e-030 1.000000e-030 1.000000e-030 1.000000e-030 1.000000e-030 1.000000e-030 1.000000e-030 1.000000e-030 1.000000e-030 1.000000e-030 1.000000e-030 1.000000e-030 
1.000000e-030 1.000000e-030 1.000000e-030 1.000000e-030 1.000000e-030 1.000000e-030 1.000000e-030 1.000000e-030 1.000000e-030 1.000000e-030 1.000000e-030 1.000000e-030 1.000000e-030 1.000000e-030 1.000000e-030 1.000000e-030 1.000000e-030 1.000000e-030 1.000000e-030 1.000000e+000 1.000000e-030 1.000000e-030 1.000000e-030 1.000000e-030 1.000000e-030 1.000000e-030 1.000000e-030 1.000000e-030 1.000000e-030 1.000000e-030 1.000000e-030 1.000000e-030 
1.000000e-030 1.000000e-030 1.000000e-030 1.000000e+000 1.000000e-030 1.000000e-030 1.000000e-030 1.000000e-030 1.000000e-030 1.000000e-030 1.000000e-030 1.000000e-030 1.000000e-030 1.000000e-030 1.000000e-030 1.000000e-030 1.000000e-030 1.000000e-030 1.000000e-030 1.000000e-030 1.000000e-030 1.000000e-030 1.000000e-030 1.000000e-030 1.000000e-030 1.000000e-030 1.000000e-030 1.000000e-030 1.000000e-030 1.000000e-030 1.000000e-030 1.000000e-030 
1.000000e-030 1.000000e-030 1.000000e-030 1.000000e+000 1.000000e-030 1.000000e-030 1.000000e-030 1.000000e-030 1.000000e-030 1.000000e-030 1.000000e-030 1.000000e-030 1.000000e-030 1.000000e-030 1.000000e-030 1.000000e-030 1.000000e-030 1.000000e-030 1.000000e-030 1.000000e-030 1.000000e-030 1.000000e-030 1.000000e-030 1.000000e-030 1.000000e-030 1.000000e-030 1.000000e-030 1.000000e-030 1.000000e-030 1.000000e-030 1.000000e-030 1.000000e-030 
1.000000e-030 1.000000e-030 1.000000e-030 4.067551e-002 1.000000e-030 1.000000e-030 1.000000e-030 1.000000e-030 1.000000e-030 1.000000e-030 1.758702e-001 4.564754e-002 1.000000e-030 1.000000e-030 3.873222e-002 4.484209e-001 1.000000e-030 1.000000e-030 1.139124e-001 1.008276e-001 1.000000e-030 1.000000e-030 1.000000e-030 1.000000e-030 1.000000e-030 1.000000e-030 1.989257e-002 1.602114e-002 1.000000e-030 1.000000e-030 1.000000e-030 1.000000e-030 
Iteraion 2
-----------------

P(O|lamda) = 2.286804e-036

1.000000e+000 0.000000e+000 0.000000e+000 0.000000e+000 0.000000e+000 
8.000000e-031 2.000000e-001 0.000000e+000 0.000000e+000 0.000000e+000 
6.400000e-061 1.600000e-031 4.000000e-002 0.000000e+000 0.000000e+000 
5.120000e-091 1.280000e-061 3.200000e-002 8.000000e-003 0.000000e+000 
4.096000e-121 1.024000e-091 2.560000e-002 1.280000e-002 6.508082e-005 
3.276800e-151 8.192000e-092 2.048000e-032 1.536000e-032 2.646805e-004 
2.621440e-181 6.553600e-122 1.638400e-062 1.638400e-062 1.186883e-004 
2.097152e-211 5.242880e-122 1.310720e-092 1.638400e-092 1.196705e-005 
1.677722e-241 4.194304e-152 1.048576e-122 1.572864e-122 1.363195e-006 
1.342177e-271 3.355443e-152 8.388608e-153 1.468006e-152 1.374476e-007 
1.073742e-301 2.684355e-152 1.342177e-182 1.342177e-182 1.385851e-008 
0.000000e+000 2.147484e-152 5.368709e-183 1.342177e-212 1.397319e-009 
0.000000e+000 1.717987e-182 4.294967e-183 1.073742e-213 2.457468e-010 
0.000000e+000 1.374390e-212 6.871948e-183 8.589935e-184 9.995878e-012 
0.000000e+000 1.099512e-242 5.497558e-213 2.061584e-213 1.138654e-012 
0.000000e+000 8.796093e-273 4.398047e-243 2.748779e-243 5.197676e-014 
0.000000e+000 7.036874e-303 3.518437e-273 3.078633e-273 8.327272e-016 
0.000000e+000 5.629500e-303 2.814750e-303 3.166593e-303 8.396185e-017 
0.000000e+000 0.000000e+000 0.000000e+000 0.000000e+000 1.670217e-018 
0.000000e+000 0.000000e+000 0.000000e+000 0.000000e+000 1.902584e-019 
0.000000e+000 0.000000e+000 0.000000e+000 0.000000e+000 2.167278e-020 
0.000000e+000 0.000000e+000 0.000000e+000 0.000000e+000 2.468798e-021 
0.000000e+000 0.000000e+000 0.000000e+000 0.000000e+000 4.341880e-022 
0.000000e+000 0.000000e+000 0.000000e+000 0.000000e+000 4.377812e-023 
0.000000e+000 0.000000e+000 0.000000e+000 0.000000e+000 4.986869e-024 
0.000000e+000 0.000000e+000 0.000000e+000 0.000000e+000 2.028434e-025 
0.000000e+000 0.000000e+000 0.000000e+000 0.000000e+000 9.259304e-027 
0.000000e+000 0.000000e+000 0.000000e+000 0.000000e+000 4.152065e-027 
0.000000e+000 0.000000e+000 0.000000e+000 0.000000e+000 7.302246e-028 
0.000000e+000 0.000000e+000 0.000000e+000 0.000000e+000 1.284248e-028 
0.000000e+000 0.000000e+000 0.000000e+000 0.000000e+000 2.258609e-029 
0.000000e+000 0.000000e+000 0.000000e+000 0.000000e+000 1.012807e-029 
0.000000e+000 0.000000e+000 0.000000e+000 0.000000e+000 4.541640e-030 
0.000000e+000 0.000000e+000 0.000000e+000 0.000000e+000 2.036566e-030 
0.000000e+000 0.000000e+000 0.000000e+000 0.000000e+000 9.132388e-031 
0.000000e+000 0.000000e+000 0.000000e+000 0.000000e+000 4.095154e-031 
0.000000e+000 0.000000e+000 0.000000e+000 0.000000e+000 1.836352e-031 
0.000000e+000 0.000000e+000 0.000000e+000 0.000000e+000 8.234587e-032 
0.000000e+000 0.000000e+000 0.000000e+000 0.000000e+000 1.448219e-032 
0.000000e+000 0.000000e+000 0.000000e+000 0.000000e+000 1.460204e-033 
0.000000e+000 0.000000e+000 0.000000e+000 0.000000e+000 5.655692e-035 
0.000000e+000 0.000000e+000 0.000000e+000 0.000000e+000 2.536130e-035 
0.000000e+000 0.000000e+000 0.000000e+000 0.000000e+000 1.137254e-035 
0.000000e+000 0.000000e+000 0.000000e+000 0.000000e+000 5.099683e-036 
0.000000e+000 0.000000e+000 0.000000e+000 0.000000e+000 2.286804e-036 


2.286804e-036 9.147218e-036 7.417944e-065 1.182210e-039 5.911050e-039 
1.393819e-066 1.143402e-035 6.922873e-035 9.398228e-035 5.862534e-038 
1.382379e-095 6.969094e-036 5.717011e-035 1.174632e-034 1.441293e-036 
5.200227e-124 6.911894e-065 3.484547e-035 1.464687e-034 3.543393e-035 
3.057468e-094 1.377126e-093 3.455947e-064 1.742274e-034 8.711368e-034 
2.399330e-118 1.528734e-093 7.706927e-064 1.727974e-033 8.639868e-033 
1.499564e-088 5.998391e-088 7.643671e-063 3.853464e-033 1.926732e-032 
3.748245e-088 7.497822e-088 6.710133e-062 3.821836e-032 1.910918e-031 
2.342653e-058 9.370613e-058 6.655059e-061 3.355067e-031 1.677533e-030 
2.928317e-058 1.171327e-057 6.600436e-060 3.327529e-030 1.663765e-029 
3.660396e-058 1.464158e-057 6.546262e-059 3.300218e-029 1.650109e-028 
3.213344e-087 1.830198e-057 1.501380e-056 3.273131e-028 1.636565e-027 
7.039467e-116 1.606672e-056 9.150989e-027 3.846506e-026 9.305529e-027 
4.393861e-114 3.519734e-085 8.033360e-056 4.575495e-026 2.287747e-025 
4.357797e-113 2.196930e-083 1.759867e-054 4.016680e-025 2.008340e-024 
3.296050e-110 2.178899e-082 1.098465e-052 8.799334e-024 4.399667e-023 
1.923115e-080 8.787791e-080 1.089449e-051 5.492326e-022 2.746163e-021 
1.688241e-109 9.615573e-080 5.476663e-050 5.447246e-021 2.723623e-020 
1.482052e-108 8.441203e-079 4.807787e-049 2.738332e-019 1.369166e-018 
9.243876e-105 7.410261e-078 4.220601e-048 2.403893e-018 1.201947e-017 
1.154431e-074 4.213482e-077 3.705130e-047 2.110301e-017 1.055150e-016 
1.443039e-044 5.813945e-074 2.106741e-046 1.852565e-016 9.262826e-016 
1.803799e-044 7.215195e-044 2.089450e-045 1.053371e-015 5.266853e-015 
3.951579e-073 9.018993e-044 7.398621e-043 1.044725e-014 5.223624e-014 
8.812210e-103 1.975789e-042 4.509497e-013 1.895512e-012 4.585652e-013 
5.010632e-102 4.406105e-072 9.878947e-042 2.254748e-012 1.127374e-011 
2.849051e-101 2.505316e-071 2.203052e-041 4.939473e-011 2.469737e-010 
1.886468e-099 1.424526e-070 1.252658e-040 1.101526e-010 5.507631e-010 
2.155588e-099 8.099868e-070 7.122628e-040 6.263290e-010 3.131645e-009 
2.242908e-099 1.806309e-069 4.049934e-039 3.561314e-009 1.780657e-008 
1.796596e-099 4.028156e-069 9.031546e-039 2.024967e-008 1.012483e-007 
4.006495e-099 8.982981e-069 2.014078e-038 4.515773e-008 2.257887e-007 
8.934676e-099 2.003248e-068 4.491490e-038 1.007039e-007 5.035195e-007 
1.992476e-098 4.467338e-068 1.001624e-037 2.245745e-007 1.122873e-006 
4.443316e-098 9.962378e-068 2.233669e-037 5.008119e-007 2.504060e-006 
2.526474e-097 2.221658e-067 4.981189e-037 1.116835e-006 5.584173e-006 
9.483884e-095 1.263237e-066 1.110829e-036 2.490594e-006 1.245297e-005 
1.154164e-064 1.252869e-065 6.316186e-036 5.554145e-006 2.777072e-005 
1.442705e-064 9.005513e-064 6.264344e-035 3.158093e-005 1.579046e-004 
3.217301e-094 7.213524e-064 1.617347e-033 3.132172e-004 1.566086e-003 
7.174734e-094 1.608650e-063 3.606762e-033 8.086736e-003 4.043368e-002 
1.000000e-090 3.587367e-063 8.043251e-033 1.803381e-002 9.016904e-002 
1.000000e-060 1.000000e-060 1.793684e-032 4.021626e-002 2.010813e-001 
1.000000e-030 1.000000e-030 1.000000e-030 8.968418e-002 4.484209e-001 
1.000000e+000 1.000000e+000 1.000000e+000 1.000000e+000 1.000000e+000 


1.000000e+000 0.000000e+000 0.000000e+000 0.000000e+000 0.000000e+000 
4.876040e-061 1.000000e+000 0.000000e+000 0.000000e+000 0.000000e+000 
3.868815e-120 4.876040e-031 1.000000e+000 0.000000e+000 0.000000e+000 
1.164295e-178 3.868815e-090 4.876040e-001 5.123960e-001 0.000000e+000 
5.476372e-179 6.166583e-149 3.868815e-030 9.752081e-001 2.479193e-002 
3.438039e-233 5.476372e-149 6.902115e-060 1.160645e-029 1.000000e+000 
1.719000e-233 1.719039e-173 5.476372e-089 2.760846e-059 1.000000e+000 
3.437391e-263 1.719000e-173 3.846024e-118 2.738186e-088 1.000000e+000 
1.718695e-263 1.718695e-173 3.051566e-147 2.307615e-117 1.000000e+000 
1.718695e-293 1.718695e-173 2.421216e-176 2.136096e-146 1.000000e+000 
1.482197e-323 1.718695e-173 3.842149e-205 1.936973e-175 1.000000e+000 
0.000000e+000 1.718695e-173 3.524777e-203 1.921075e-204 1.000000e+000 
0.000000e+000 1.207030e-202 1.718695e-173 1.806081e-203 1.000000e+000 
0.000000e+000 2.115391e-261 2.414060e-202 1.718695e-173 1.000000e+000 
0.000000e+000 1.056299e-289 4.230781e-231 3.621090e-202 1.000000e+000 
0.000000e+000 8.381033e-319 2.112599e-259 1.057695e-230 1.000000e+000 
0.000000e+000 0.000000e+000 1.676208e-288 7.394096e-259 1.000000e+000 
0.000000e+000 0.000000e+000 6.741038e-317 7.542934e-288 1.000000e+000 
0.000000e+000 0.000000e+000 0.000000e+000 0.000000e+000 1.000000e+000 
0.000000e+000 0.000000e+000 0.000000e+000 0.000000e+000 1.000000e+000 
0.000000e+000 0.000000e+000 0.000000e+000 0.000000e+000 1.000000e+000 
0.000000e+000 0.000000e+000 0.000000e+000 0.000000e+000 1.000000e+000 
0.000000e+000 0.000000e+000 0.000000e+000 0.000000e+000 1.000000e+000 
0.000000e+000 0.000000e+000 0.000000e+000 0.000000e+000 1.000000e+000 
0.000000e+000 0.000000e+000 0.000000e+000 0.000000e+000 1.000000e+000 
0.000000e+000 0.000000e+000 0.000000e+000 0.000000e+000 1.000000e+000 
0.000000e+000 0.000000e+000 0.000000e+000 0.000000e+000 1.000000e+000 
0.000000e+000 0.000000e+000 0.000000e+000 0.000000e+000 1.000000e+000 
0.000000e+000 0.000000e+000 0.000000e+000 0.000000e+000 1.000000e+000 
0.000000e+000 0.000000e+000 0.000000e+000 0.000000e+000 1.000000e+000 
0.000000e+000 0.000000e+000 0.000000e+000 0.000000e+000 1.000000e+000 
0.000000e+000 0.000000e+000 0.000000e+000 0.000000e+000 1.000000e+000 
0.000000e+000 0.000000e+000 0.000000e+000 0.000000e+000 1.000000e+000 
0.000000e+000 0.000000e+000 0.000000e+000 0.000000e+000 1.000000e+000 
0.000000e+000 0.000000e+000 0.000000e+000 0.000000e+000 1.000000e+000 
0.000000e+000 0.000000e+000 0.000000e+000 0.000000e+000 1.000000e+000 
0.000000e+000 0.000000e+000 0.000000e+000 0.000000e+000 1.000000e+000 
0.000000e+000 0.000000e+000 0.000000e+000 0.000000e+000 1.000000e+000 
0.000000e+000 0.000000e+000 0.000000e+000 0.000000e+000 1.000000e+000 
0.000000e+000 0.000000e+000 0.000000e+000 0.000000e+000 1.000000e+000 
0.000000e+000 0.000000e+000 0.000000e+000 0.000000e+000 1.000000e+000 
0.000000e+000 0.000000e+000 0.000000e+000 0.000000e+000 1.000000e+000 
0.000000e+000 0.000000e+000 0.000000e+000 0.000000e+000 1.000000e+000 
0.000000e+000 0.000000e+000 0.000000e+000 0.000000e+000 1.000000e+000 
0.000000e+000 0.000000e+000 0.000000e+000 0.000000e+000 1.000000e+000 



Q star

------------
1  2  3  3  4  5  5  5  5  5  5  5  5  5  5  5  5  5  5  5  5  5  5  5  5  5  5  5  5  5  5  5  5  5  5  5  5  5  5  5  5  5  5  5  5  
------------

P star

-----------
1.115055e-036

A Martrix

4.876040e-061 1.000000e+000 0.000000e+000 0.000000e+000 0.000000e+000 
0.000000e+000 4.876040e-031 1.000000e+000 0.000000e+000 0.000000e+000 
0.000000e+000 0.000000e+000 3.277781e-001 6.722219e-001 0.000000e+000 
0.000000e+000 0.000000e+000 0.000000e+000 3.277781e-001 6.722219e-001 
0.000000e+000 0.000000e+000 0.000000e+000 0.000000e+000 1.000000e+000 

B Martrix

1.000000e-030 1.000000e-030 1.000000e-030 1.000000e-030 1.000000e-030 1.000000e-030 1.000000e-030 1.000000e-030 1.000000e-030 1.000000e-030 1.000000e+000 1.000000e-030 1.000000e-030 1.000000e-030 1.000000e-030 1.000000e-030 1.000000e-030 1.000000e-030 1.000000e-030 1.000000e-030 1.000000e-030 1.000000e-030 1.000000e-030 1.000000e-030 1.000000e-030 1.000000e-030 1.000000e-030 1.000000e-030 1.000000e-030 1.000000e-030 1.000000e-030 1.000000e-030 
1.000000e-030 1.000000e-030 1.000000e-030 1.000000e-030 1.000000e-030 1.000000e-030 1.000000e-030 1.000000e-030 1.000000e-030 1.000000e-030 1.000000e-030 1.000000e-030 1.000000e-030 1.000000e-030 1.000000e-030 1.000000e-030 1.000000e-030 1.000000e-030 1.000000e-030 1.000000e+000 1.000000e-030 1.000000e-030 1.000000e-030 1.000000e-030 1.000000e-030 1.000000e-030 1.000000e-030 1.000000e-030 1.000000e-030 1.000000e-030 1.000000e-030 1.000000e-030 
1.000000e-030 1.000000e-030 1.000000e-030 1.000000e+000 1.000000e-030 1.000000e-030 1.000000e-030 1.000000e-030 1.000000e-030 1.000000e-030 1.000000e-030 1.000000e-030 1.000000e-030 1.000000e-030 1.000000e-030 1.000000e-030 1.000000e-030 1.000000e-030 1.000000e-030 1.000000e-030 1.000000e-030 1.000000e-030 1.000000e-030 1.000000e-030 1.000000e-030 1.000000e-030 1.000000e-030 1.000000e-030 1.000000e-030 1.000000e-030 1.000000e-030 1.000000e-030 
1.000000e-030 1.000000e-030 1.000000e-030 1.000000e+000 1.000000e-030 1.000000e-030 1.000000e-030 1.000000e-030 1.000000e-030 1.000000e-030 1.000000e-030 1.000000e-030 1.000000e-030 1.000000e-030 1.000000e-030 1.000000e-030 1.000000e-030 1.000000e-030 1.000000e-030 1.000000e-030 1.000000e-030 1.000000e-030 1.000000e-030 1.000000e-030 1.000000e-030 1.000000e-030 1.000000e-030 1.000000e-030 1.000000e-030 1.000000e-030 1.000000e-030 1.000000e-030 
1.000000e-030 1.000000e-030 1.000000e-030 4.996903e-002 1.000000e-030 1.000000e-030 1.000000e-030 1.000000e-030 1.000000e-030 1.000000e-030 1.499071e-001 4.996903e-002 1.000000e-030 1.000000e-030 2.498451e-002 3.254181e-001 1.000000e-030 1.000000e-030 1.499071e-001 1.998761e-001 1.000000e-030 1.000000e-030 1.000000e-030 1.000000e-030 1.000000e-030 1.000000e-030 2.498451e-002 2.498451e-002 1.000000e-030 1.000000e-030 1.000000e-030 1.000000e-030 
Iteraion 3
-----------------

P(O|lamda) = 4.667128e-033

1.000000e+000 0.000000e+000 0.000000e+000 0.000000e+000 0.000000e+000 
4.876040e-091 1.000000e+000 0.000000e+000 0.000000e+000 0.000000e+000 
2.377577e-181 4.876040e-061 1.000000e+000 0.000000e+000 0.000000e+000 
1.159316e-271 2.377577e-121 3.277781e-001 6.722219e-001 0.000000e+000 
0.000000e+000 1.159316e-181 1.074385e-001 4.406792e-001 2.258012e-002 
0.000000e+000 5.652872e-212 3.521598e-032 2.166675e-031 6.372337e-002 
0.000000e+000 2.756363e-272 1.154303e-062 9.469182e-062 2.073674e-002 
0.000000e+000 1.344014e-302 3.783552e-093 3.879738e-092 4.144779e-003 
0.000000e+000 0.000000e+000 1.240166e-123 1.526032e-122 6.213318e-004 
0.000000e+000 0.000000e+000 4.064991e-154 5.835665e-153 1.241894e-004 
0.000000e+000 0.000000e+000 1.332415e-184 2.186061e-183 2.482249e-005 
0.000000e+000 0.000000e+000 4.367365e-215 8.061107e-214 4.961423e-006 
0.000000e+000 0.000000e+000 1.431527e-245 2.935838e-244 7.437525e-007 
0.000000e+000 0.000000e+000 4.692231e-246 1.058534e-244 3.716459e-008 
0.000000e+000 0.000000e+000 1.538011e-276 3.785064e-275 5.571235e-009 
0.000000e+000 0.000000e+000 5.041262e-307 1.344050e-305 2.783892e-010 
0.000000e+000 0.000000e+000 0.000000e+000 0.000000e+000 6.955420e-012 
0.000000e+000 0.000000e+000 0.000000e+000 0.000000e+000 1.390222e-012 
0.000000e+000 0.000000e+000 0.000000e+000 0.000000e+000 3.473403e-014 
0.000000e+000 0.000000e+000 0.000000e+000 0.000000e+000 5.206877e-015 
0.000000e+000 0.000000e+000 0.000000e+000 0.000000e+000 7.805478e-016 
0.000000e+000 0.000000e+000 0.000000e+000 0.000000e+000 1.170096e-016 
0.000000e+000 0.000000e+000 0.000000e+000 0.000000e+000 1.754058e-017 
0.000000e+000 0.000000e+000 0.000000e+000 0.000000e+000 3.505942e-018 
0.000000e+000 0.000000e+000 0.000000e+000 0.000000e+000 5.255656e-019 
0.000000e+000 0.000000e+000 0.000000e+000 0.000000e+000 2.626200e-020 
0.000000e+000 0.000000e+000 0.000000e+000 0.000000e+000 1.312287e-021 
0.000000e+000 0.000000e+000 0.000000e+000 0.000000e+000 4.270419e-022 
0.000000e+000 0.000000e+000 0.000000e+000 0.000000e+000 6.401660e-023 
0.000000e+000 0.000000e+000 0.000000e+000 0.000000e+000 9.596542e-024 
0.000000e+000 0.000000e+000 0.000000e+000 0.000000e+000 1.438590e-024 
0.000000e+000 0.000000e+000 0.000000e+000 0.000000e+000 4.681431e-025 
0.000000e+000 0.000000e+000 0.000000e+000 0.000000e+000 1.523422e-025 
0.000000e+000 0.000000e+000 0.000000e+000 0.000000e+000 4.957493e-026 
0.000000e+000 0.000000e+000 0.000000e+000 0.000000e+000 1.613258e-026 
0.000000e+000 0.000000e+000 0.000000e+000 0.000000e+000 5.249833e-027 
0.000000e+000 0.000000e+000 0.000000e+000 0.000000e+000 1.708391e-027 
0.000000e+000 0.000000e+000 0.000000e+000 0.000000e+000 5.559413e-028 
0.000000e+000 0.000000e+000 0.000000e+000 0.000000e+000 8.333954e-029 
0.000000e+000 0.000000e+000 0.000000e+000 0.000000e+000 1.665758e-029 
0.000000e+000 0.000000e+000 0.000000e+000 0.000000e+000 4.161816e-031 
0.000000e+000 0.000000e+000 0.000000e+000 0.000000e+000 1.354330e-031 
0.000000e+000 0.000000e+000 0.000000e+000 0.000000e+000 4.407236e-032 
0.000000e+000 0.000000e+000 0.000000e+000 0.000000e+000 1.434194e-032 
0.000000e+000 0.000000e+000 0.000000e+000 0.000000e+000 4.667128e-033 


4.667128e-033 4.641075e-063 1.050026e-063 2.454077e-037 3.650695e-037 
6.615112e-063 4.667128e-033 2.365365e-033 4.086611e-034 1.826479e-036 
3.309606e-092 6.615112e-033 4.667128e-033 1.243015e-033 3.655222e-035 
1.017032e-121 3.309606e-062 6.615112e-033 3.717284e-033 7.314974e-034 
5.088311e-091 1.017032e-091 3.309606e-062 9.840667e-033 1.463902e-032 
3.394310e-120 5.088311e-091 1.017032e-061 4.923383e-032 7.324045e-032 
1.698207e-089 3.394310e-090 5.088311e-061 1.512941e-031 2.250657e-031 
8.496297e-119 1.698207e-089 3.394310e-060 7.569392e-031 1.126026e-030 
4.250782e-088 8.496297e-089 1.698207e-059 5.049389e-030 7.511492e-030 
6.770695e-086 4.250782e-088 8.496297e-059 2.526259e-029 3.758074e-029 
5.674737e-056 6.770695e-086 4.250782e-058 1.263913e-028 1.880202e-028 
3.785503e-085 5.674737e-056 4.003670e-056 6.323480e-028 9.406834e-028 
7.575698e-114 3.785503e-055 5.674737e-026 3.188851e-026 6.275110e-027 
3.032157e-112 7.575698e-084 3.785503e-055 8.441761e-026 1.255800e-025 
1.517018e-111 3.032157e-082 7.575698e-054 5.631329e-025 8.377188e-025 
6.071834e-110 1.517018e-081 3.032157e-052 1.126964e-023 1.676476e-023 
4.050398e-079 6.071834e-080 1.517018e-051 4.510649e-022 6.710060e-022 
2.701939e-108 4.050398e-079 6.071834e-050 2.256723e-021 3.357110e-021 
1.802409e-107 2.701939e-078 4.050398e-049 9.032485e-020 1.343676e-019 
1.202351e-106 1.802409e-077 2.701939e-048 6.025389e-019 8.963393e-019 
6.015481e-106 1.202351e-076 1.802409e-047 4.019416e-018 5.979299e-018 
1.349727e-103 6.015481e-076 1.202351e-046 2.681271e-017 3.988670e-017 
8.030586e-044 9.581527e-074 6.015481e-046 1.788622e-016 2.660761e-016 
1.607113e-072 8.030586e-044 5.665781e-044 8.948653e-016 1.331205e-015 
4.938609e-102 1.607113e-042 8.030586e-014 4.512693e-014 8.880202e-015 
3.294446e-101 4.938609e-072 1.607113e-042 1.194633e-013 1.777141e-013 
2.197659e-100 3.294446e-071 4.938609e-042 2.390747e-012 3.556485e-012 
1.466014e-099 2.197659e-070 3.294446e-041 7.346694e-012 1.092897e-011 
4.505017e-099 1.466014e-069 2.197659e-040 4.900832e-011 7.290497e-011 
1.384378e-098 4.505017e-069 1.466014e-039 3.269246e-010 4.863344e-010 
4.254152e-098 1.384378e-068 4.505017e-039 2.180848e-009 3.244239e-009 
1.307288e-097 4.254152e-068 1.384378e-038 6.701681e-009 9.969448e-009 
4.017256e-097 1.307288e-067 4.254152e-038 2.059406e-008 3.063581e-008 
1.234491e-096 4.017256e-067 1.307288e-037 6.328493e-008 9.414292e-008 
3.793553e-096 1.234491e-066 4.017256e-037 1.944727e-007 2.892984e-007 
2.530603e-095 3.793553e-066 1.234491e-036 5.976087e-007 8.890051e-007 
1.266086e-094 2.530603e-065 3.793553e-036 1.836433e-006 2.731886e-006 
5.067481e-093 1.266086e-064 2.530603e-035 5.643305e-006 8.395003e-006 
1.557222e-062 5.067481e-063 1.266086e-034 3.764535e-005 5.600137e-005 
4.785295e-092 1.557222e-062 5.067481e-033 1.883434e-004 2.801804e-004 
1.470507e-091 4.785295e-062 1.557222e-032 7.538406e-003 1.121416e-002 
1.000000e-090 1.470507e-061 4.785295e-032 2.316529e-002 3.446078e-002 
1.000000e-060 1.000000e-060 1.470507e-031 7.118624e-002 1.058969e-001 
1.000000e-030 1.000000e-030 1.000000e-030 2.187532e-001 3.254181e-001 
1.000000e+000 1.000000e+000 1.000000e+000 1.000000e+000 1.000000e+000 


1.000000e+000 0.000000e+000 0.000000e+000 0.000000e+000 0.000000e+000 
6.911220e-121 1.000000e+000 0.000000e+000 0.000000e+000 0.000000e+000 
1.686014e-240 6.911220e-061 1.000000e+000 0.000000e+000 0.000000e+000 
0.000000e+000 1.686014e-150 4.645874e-001 5.354126e-001 0.000000e+000 
0.000000e+000 2.526310e-240 7.618797e-031 9.291747e-001 7.082529e-002 
0.000000e+000 6.163013e-270 7.674051e-061 2.285639e-030 1.000000e+000 
0.000000e+000 0.000000e+000 1.258472e-090 3.069620e-060 1.000000e+000 
0.000000e+000 0.000000e+000 2.751702e-120 6.292362e-090 1.000000e+000 
0.000000e+000 0.000000e+000 4.512534e-150 1.651021e-119 1.000000e+000 
0.000000e+000 0.000000e+000 7.400133e-180 3.158774e-149 1.000000e+000 
0.000000e+000 0.000000e+000 1.213553e-209 5.920107e-179 1.000000e+000 
0.000000e+000 0.000000e+000 3.746520e-238 1.092197e-208 1.000000e+000 
0.000000e+000 0.000000e+000 1.740586e-238 2.005934e-237 1.000000e+000 
0.000000e+000 0.000000e+000 3.805863e-268 1.914644e-237 1.000000e+000 
0.000000e+000 0.000000e+000 2.496504e-297 4.567036e-267 1.000000e+000 
0.000000e+000 0.000000e+000 0.000000e+000 3.245455e-296 1.000000e+000 
0.000000e+000 0.000000e+000 0.000000e+000 0.000000e+000 1.000000e+000 
0.000000e+000 0.000000e+000 0.000000e+000 0.000000e+000 1.000000e+000 
0.000000e+000 0.000000e+000 0.000000e+000 0.000000e+000 1.000000e+000 
0.000000e+000 0.000000e+000 0.000000e+000 0.000000e+000 1.000000e+000 
0.000000e+000 0.000000e+000 0.000000e+000 0.000000e+000 1.000000e+000 
0.000000e+000 0.000000e+000 0.000000e+000 0.000000e+000 1.000000e+000 
0.000000e+000 0.000000e+000 0.000000e+000 0.000000e+000 1.000000e+000 
0.000000e+000 0.000000e+000 0.000000e+000 0.000000e+000 1.000000e+000 
0.000000e+000 0.000000e+000 0.000000e+000 0.000000e+000 1.000000e+000 
0.000000e+000 0.000000e+000 0.000000e+000 0.000000e+000 1.000000e+000 
0.000000e+000 0.000000e+000 0.000000e+000 0.000000e+000 1.000000e+000 
0.000000e+000 0.000000e+000 0.000000e+000 0.000000e+000 1.000000e+000 
0.000000e+000 0.000000e+000 0.000000e+000 0.000000e+000 1.000000e+000 
0.000000e+000 0.000000e+000 0.000000e+000 0.000000e+000 1.000000e+000 
0.000000e+000 0.000000e+000 0.000000e+000 0.000000e+000 1.000000e+000 
0.000000e+000 0.000000e+000 0.000000e+000 0.000000e+000 1.000000e+000 
0.000000e+000 0.000000e+000 0.000000e+000 0.000000e+000 1.000000e+000 
0.000000e+000 0.000000e+000 0.000000e+000 0.000000e+000 1.000000e+000 
0.000000e+000 0.000000e+000 0.000000e+000 0.000000e+000 1.000000e+000 
0.000000e+000 0.000000e+000 0.000000e+000 0.000000e+000 1.000000e+000 
0.000000e+000 0.000000e+000 0.000000e+000 0.000000e+000 1.000000e+000 
0.000000e+000 0.000000e+000 0.000000e+000 0.000000e+000 1.000000e+000 
0.000000e+000 0.000000e+000 0.000000e+000 0.000000e+000 1.000000e+000 
0.000000e+000 0.000000e+000 0.000000e+000 0.000000e+000 1.000000e+000 
0.000000e+000 0.000000e+000 0.000000e+000 0.000000e+000 1.000000e+000 
0.000000e+000 0.000000e+000 0.000000e+000 0.000000e+000 1.000000e+000 
0.000000e+000 0.000000e+000 0.000000e+000 0.000000e+000 1.000000e+000 
0.000000e+000 0.000000e+000 0.000000e+000 0.000000e+000 1.000000e+000 
0.000000e+000 0.000000e+000 0.000000e+000 0.000000e+000 1.000000e+000 



Q star

------------
1  2  3  3  4  5  5  5  5  5  5  5  5  5  5  5  5  5  5  5  5  5  5  5  5  5  5  5  5  5  5  5  5  5  5  5  5  5  5  5  5  5  5  5  5  
------------

P star

-----------
2.168289e-033

A Martrix

6.911220e-121 1.000000e+000 0.000000e+000 0.000000e+000 0.000000e+000 
0.000000e+000 6.911220e-061 1.000000e+000 0.000000e+000 0.000000e+000 
0.000000e+000 0.000000e+000 3.172138e-001 6.827862e-001 0.000000e+000 
0.000000e+000 0.000000e+000 0.000000e+000 3.172138e-001 6.827862e-001 
0.000000e+000 0.000000e+000 0.000000e+000 0.000000e+000 1.000000e+000 

B Martrix

1.000000e-030 1.000000e-030 1.000000e-030 1.000000e-030 1.000000e-030 1.000000e-030 1.000000e-030 1.000000e-030 1.000000e-030 1.000000e-030 1.000000e+000 1.000000e-030 1.000000e-030 1.000000e-030 1.000000e-030 1.000000e-030 1.000000e-030 1.000000e-030 1.000000e-030 1.000000e-030 1.000000e-030 1.000000e-030 1.000000e-030 1.000000e-030 1.000000e-030 1.000000e-030 1.000000e-030 1.000000e-030 1.000000e-030 1.000000e-030 1.000000e-030 1.000000e-030 
1.000000e-030 1.000000e-030 1.000000e-030 1.000000e-030 1.000000e-030 1.000000e-030 1.000000e-030 1.000000e-030 1.000000e-030 1.000000e-030 1.000000e-030 1.000000e-030 1.000000e-030 1.000000e-030 1.000000e-030 1.000000e-030 1.000000e-030 1.000000e-030 1.000000e-030 1.000000e+000 1.000000e-030 1.000000e-030 1.000000e-030 1.000000e-030 1.000000e-030 1.000000e-030 1.000000e-030 1.000000e-030 1.000000e-030 1.000000e-030 1.000000e-030 1.000000e-030 
1.000000e-030 1.000000e-030 1.000000e-030 1.000000e+000 1.000000e-030 1.000000e-030 1.000000e-030 1.000000e-030 1.000000e-030 1.000000e-030 1.000000e-030 1.000000e-030 1.000000e-030 1.000000e-030 1.000000e-030 1.000000e-030 1.000000e-030 1.000000e-030 1.000000e-030 1.000000e-030 1.000000e-030 1.000000e-030 1.000000e-030 1.000000e-030 1.000000e-030 1.000000e-030 1.000000e-030 1.000000e-030 1.000000e-030 1.000000e-030 1.000000e-030 1.000000e-030 
1.000000e-030 1.000000e-030 1.000000e-030 1.000000e+000 1.000000e-030 1.000000e-030 1.000000e-030 1.000000e-030 1.000000e-030 1.000000e-030 1.000000e-030 1.000000e-030 1.000000e-030 1.000000e-030 1.000000e-030 1.000000e-030 1.000000e-030 1.000000e-030 1.000000e-030 1.000000e-030 1.000000e-030 1.000000e-030 1.000000e-030 1.000000e-030 1.000000e-030 1.000000e-030 1.000000e-030 1.000000e-030 1.000000e-030 1.000000e-030 1.000000e-030 1.000000e-030 
1.000000e-030 1.000000e-030 1.000000e-030 4.991162e-002 1.000000e-030 1.000000e-030 1.000000e-030 1.000000e-030 1.000000e-030 1.000000e-030 1.497349e-001 4.991162e-002 1.000000e-030 1.000000e-030 2.495581e-002 3.261931e-001 1.000000e-030 1.000000e-030 1.497349e-001 1.996465e-001 1.000000e-030 1.000000e-030 1.000000e-030 1.000000e-030 1.000000e-030 1.000000e-030 2.495581e-002 2.495581e-002 1.000000e-030 1.000000e-030 1.000000e-030 1.000000e-030 
Iteraion 4
-----------------

P(O|lamda) = 4.669855e-033

1.000000e+000 0.000000e+000 0.000000e+000 0.000000e+000 0.000000e+000 
6.911220e-151 1.000000e+000 0.000000e+000 0.000000e+000 0.000000e+000 
4.776497e-301 6.911220e-091 1.000000e+000 0.000000e+000 0.000000e+000 
0.000000e+000 4.776497e-181 3.172138e-001 6.827862e-001 0.000000e+000 
0.000000e+000 3.301142e-271 1.006246e-001 4.331784e-001 2.326865e-002 
0.000000e+000 0.000000e+000 3.191952e-032 2.061153e-031 6.369460e-002 
0.000000e+000 0.000000e+000 1.012531e-062 8.717682e-062 2.077674e-002 
0.000000e+000 0.000000e+000 3.211889e-093 3.456712e-092 4.148003e-003 
0.000000e+000 0.000000e+000 1.018856e-123 1.315820e-122 6.211007e-004 
0.000000e+000 0.000000e+000 3.231951e-154 4.869624e-153 1.240006e-004 
0.000000e+000 0.000000e+000 1.025219e-184 1.765385e-183 2.475628e-005 
0.000000e+000 0.000000e+000 3.252138e-215 6.300051e-214 4.942505e-006 
0.000000e+000 0.000000e+000 1.031623e-245 2.220515e-244 7.400653e-007 
0.000000e+000 0.000000e+000 3.272451e-246 7.748158e-245 3.693786e-008 
0.000000e+000 0.000000e+000 1.038067e-276 2.681261e-275 5.530886e-009 
0.000000e+000 0.000000e+000 3.292891e-307 9.214109e-306 2.760555e-010 
0.000000e+000 0.000000e+000 0.000000e+000 0.000000e+000 6.889190e-012 
0.000000e+000 0.000000e+000 0.000000e+000 0.000000e+000 1.375403e-012 
0.000000e+000 0.000000e+000 0.000000e+000 0.000000e+000 3.432429e-014 
0.000000e+000 0.000000e+000 0.000000e+000 0.000000e+000 5.139543e-015 
0.000000e+000 0.000000e+000 0.000000e+000 0.000000e+000 7.695689e-016 
0.000000e+000 0.000000e+000 0.000000e+000 0.000000e+000 1.152313e-016 
0.000000e+000 0.000000e+000 0.000000e+000 0.000000e+000 1.725414e-017 
0.000000e+000 0.000000e+000 0.000000e+000 0.000000e+000 3.444729e-018 
0.000000e+000 0.000000e+000 0.000000e+000 0.000000e+000 5.157961e-019 
0.000000e+000 0.000000e+000 0.000000e+000 0.000000e+000 2.574422e-020 
0.000000e+000 0.000000e+000 0.000000e+000 0.000000e+000 1.284936e-021 
0.000000e+000 0.000000e+000 0.000000e+000 0.000000e+000 4.191372e-022 
0.000000e+000 0.000000e+000 0.000000e+000 0.000000e+000 6.275946e-023 
0.000000e+000 0.000000e+000 0.000000e+000 0.000000e+000 9.397279e-024 
0.000000e+000 0.000000e+000 0.000000e+000 0.000000e+000 1.407100e-024 
0.000000e+000 0.000000e+000 0.000000e+000 0.000000e+000 4.589864e-025 
0.000000e+000 0.000000e+000 0.000000e+000 0.000000e+000 1.497182e-025 
0.000000e+000 0.000000e+000 0.000000e+000 0.000000e+000 4.883703e-026 
0.000000e+000 0.000000e+000 0.000000e+000 0.000000e+000 1.593030e-026 
0.000000e+000 0.000000e+000 0.000000e+000 0.000000e+000 5.196354e-027 
0.000000e+000 0.000000e+000 0.000000e+000 0.000000e+000 1.695015e-027 
0.000000e+000 0.000000e+000 0.000000e+000 0.000000e+000 5.529020e-028 
0.000000e+000 0.000000e+000 0.000000e+000 0.000000e+000 8.278871e-029 
0.000000e+000 0.000000e+000 0.000000e+000 0.000000e+000 1.652848e-029 
0.000000e+000 0.000000e+000 0.000000e+000 0.000000e+000 4.124816e-031 
0.000000e+000 0.000000e+000 0.000000e+000 0.000000e+000 1.345486e-031 
0.000000e+000 0.000000e+000 0.000000e+000 0.000000e+000 4.388883e-032 
0.000000e+000 0.000000e+000 0.000000e+000 0.000000e+000 1.431623e-032 
0.000000e+000 0.000000e+000 0.000000e+000 0.000000e+000 4.669855e-033 


4.669855e-033 2.293034e-063 9.857100e-064 2.480927e-037 3.633535e-037 
6.823889e-063 4.669855e-033 2.293034e-033 3.783440e-034 1.819984e-036 
3.417986e-092 6.823889e-033 4.669855e-033 1.188792e-033 3.646414e-035 
1.047841e-121 3.417986e-062 6.823889e-033 3.669118e-033 7.305740e-034 
5.248484e-091 1.047841e-091 3.417986e-062 9.994182e-033 1.463735e-032 
3.505184e-120 5.248484e-091 1.047841e-061 5.005939e-032 7.331635e-032 
1.755695e-089 3.505184e-090 5.248484e-061 1.534655e-031 2.247637e-031 
8.794021e-119 1.755695e-089 3.505184e-060 7.686863e-031 1.125808e-030 
4.404796e-088 8.794021e-089 1.755695e-059 5.133649e-030 7.518677e-030 
4.033412e-086 4.404796e-088 8.794021e-059 2.571369e-029 3.765995e-029 
5.893878e-056 4.033412e-086 4.404796e-058 1.287961e-028 1.886332e-028 
3.936209e-085 5.893878e-056 4.033412e-056 6.451208e-028 9.448358e-028 
7.886357e-114 3.936209e-055 5.893878e-026 3.169063e-026 6.310058e-027 
3.160128e-112 7.886357e-084 3.936209e-055 8.632098e-026 1.264246e-025 
1.582862e-111 3.160128e-082 7.886357e-054 5.764922e-025 8.443232e-025 
6.342658e-110 1.582862e-081 3.160128e-052 1.155026e-023 1.691636e-023 
4.235926e-079 6.342658e-080 1.582862e-051 4.628284e-022 6.778526e-022 
2.828951e-108 4.235926e-079 6.342658e-050 2.318240e-021 3.395264e-021 
1.889307e-107 2.828951e-078 4.235926e-049 9.289377e-020 1.360510e-019 
1.261768e-106 1.889307e-077 2.828951e-048 6.203883e-019 9.086129e-019 
6.320010e-106 1.261768e-076 1.889307e-047 4.143245e-018 6.068145e-018 
5.787147e-104 6.320010e-076 1.261768e-046 2.767054e-017 4.052593e-017 
8.456547e-044 5.787147e-074 6.320010e-046 1.847969e-016 2.706512e-016 
1.694304e-072 8.456547e-044 5.787147e-044 9.256207e-016 1.355652e-015 
5.194176e-102 1.694304e-042 8.456547e-014 4.546978e-014 9.053684e-015 
3.468915e-101 5.194176e-072 1.694304e-042 1.238535e-013 1.813943e-013 
2.316705e-100 3.468915e-071 5.194176e-042 2.481456e-012 3.634310e-012 
1.547205e-099 2.316705e-070 3.468915e-041 7.607324e-012 1.114159e-011 
4.743218e-099 1.547205e-069 2.316705e-040 5.080529e-011 7.440879e-011 
1.454114e-098 4.743218e-069 1.547205e-039 3.393017e-010 4.969369e-010 
4.457831e-098 1.454114e-068 4.743218e-039 2.266016e-009 3.318779e-009 
1.366623e-097 4.457831e-068 1.454114e-038 6.946856e-009 1.017428e-008 
4.189615e-097 1.366623e-067 4.457831e-038 2.129676e-008 3.119097e-008 
1.284397e-096 4.189615e-067 1.366623e-037 6.528883e-008 9.562119e-008 
3.937538e-096 1.284397e-066 4.189615e-037 2.001539e-007 2.931429e-007 
2.629673e-095 3.937538e-066 1.284397e-036 6.136058e-007 8.986792e-007 
1.317165e-094 2.629673e-065 3.937538e-036 1.881112e-006 2.755053e-006 
5.277987e-093 1.317165e-064 2.629673e-035 5.766868e-006 8.446081e-006 
1.618056e-062 5.277987e-063 1.317165e-034 3.851386e-005 5.640691e-005 
4.960425e-092 1.618056e-062 5.277987e-033 1.929103e-004 2.825339e-004 
1.520702e-091 4.960425e-062 1.618056e-032 7.730073e-003 1.132137e-002 
1.000000e-090 1.520702e-061 4.960425e-032 2.369785e-002 3.470757e-002 
1.000000e-060 1.000000e-060 1.520702e-031 7.264976e-002 1.064019e-001 
1.000000e-030 1.000000e-030 1.000000e-030 2.227201e-001 3.261931e-001 
1.000000e+000 1.000000e+000 1.000000e+000 1.000000e+000 1.000000e+000 


1.000000e+000 0.000000e+000 0.000000e+000 0.000000e+000 0.000000e+000 
1.009911e-180 1.000000e+000 0.000000e+000 0.000000e+000 0.000000e+000 
0.000000e+000 1.009911e-090 1.000000e+000 0.000000e+000 0.000000e+000 
0.000000e+000 3.496039e-210 4.635330e-001 5.364670e-001 0.000000e+000 
0.000000e+000 0.000000e+000 7.364971e-031 9.270660e-001 7.293404e-002 
0.000000e+000 0.000000e+000 7.162233e-061 2.209491e-030 1.000000e+000 
0.000000e+000 0.000000e+000 1.137991e-090 2.864893e-060 1.000000e+000 
0.000000e+000 0.000000e+000 2.410838e-120 5.689955e-090 1.000000e+000 
0.000000e+000 0.000000e+000 3.830526e-150 1.446503e-119 1.000000e+000 
0.000000e+000 0.000000e+000 6.086236e-180 2.681368e-149 1.000000e+000 
0.000000e+000 0.000000e+000 9.670283e-210 4.868989e-179 1.000000e+000 
0.000000e+000 0.000000e+000 2.808912e-238 8.703255e-209 1.000000e+000 
0.000000e+000 0.000000e+000 1.302023e-238 1.506888e-237 1.000000e+000 
0.000000e+000 0.000000e+000 2.758340e-268 1.432226e-237 1.000000e+000 
0.000000e+000 0.000000e+000 1.753066e-297 3.310009e-267 1.000000e+000 
0.000000e+000 0.000000e+000 0.000000e+000 2.278986e-296 1.000000e+000 
0.000000e+000 0.000000e+000 0.000000e+000 0.000000e+000 1.000000e+000 
0.000000e+000 0.000000e+000 0.000000e+000 0.000000e+000 1.000000e+000 
0.000000e+000 0.000000e+000 0.000000e+000 0.000000e+000 1.000000e+000 
0.000000e+000 0.000000e+000 0.000000e+000 0.000000e+000 1.000000e+000 
0.000000e+000 0.000000e+000 0.000000e+000 0.000000e+000 1.000000e+000 
0.000000e+000 0.000000e+000 0.000000e+000 0.000000e+000 1.000000e+000 
0.000000e+000 0.000000e+000 0.000000e+000 0.000000e+000 1.000000e+000 
0.000000e+000 0.000000e+000 0.000000e+000 0.000000e+000 1.000000e+000 
0.000000e+000 0.000000e+000 0.000000e+000 0.000000e+000 1.000000e+000 
0.000000e+000 0.000000e+000 0.000000e+000 0.000000e+000 1.000000e+000 
0.000000e+000 0.000000e+000 0.000000e+000 0.000000e+000 1.000000e+000 
0.000000e+000 0.000000e+000 0.000000e+000 0.000000e+000 1.000000e+000 
0.000000e+000 0.000000e+000 0.000000e+000 0.000000e+000 1.000000e+000 
0.000000e+000 0.000000e+000 0.000000e+000 0.000000e+000 1.000000e+000 
0.000000e+000 0.000000e+000 0.000000e+000 0.000000e+000 1.000000e+000 
0.000000e+000 0.000000e+000 0.000000e+000 0.000000e+000 1.000000e+000 
0.000000e+000 0.000000e+000 0.000000e+000 0.000000e+000 1.000000e+000 
0.000000e+000 0.000000e+000 0.000000e+000 0.000000e+000 1.000000e+000 
0.000000e+000 0.000000e+000 0.000000e+000 0.000000e+000 1.000000e+000 
0.000000e+000 0.000000e+000 0.000000e+000 0.000000e+000 1.000000e+000 
0.000000e+000 0.000000e+000 0.000000e+000 0.000000e+000 1.000000e+000 
0.000000e+000 0.000000e+000 0.000000e+000 0.000000e+000 1.000000e+000 
0.000000e+000 0.000000e+000 0.000000e+000 0.000000e+000 1.000000e+000 
0.000000e+000 0.000000e+000 0.000000e+000 0.000000e+000 1.000000e+000 
0.000000e+000 0.000000e+000 0.000000e+000 0.000000e+000 1.000000e+000 
0.000000e+000 0.000000e+000 0.000000e+000 0.000000e+000 1.000000e+000 
0.000000e+000 0.000000e+000 0.000000e+000 0.000000e+000 1.000000e+000 
0.000000e+000 0.000000e+000 0.000000e+000 0.000000e+000 1.000000e+000 
0.000000e+000 0.000000e+000 0.000000e+000 0.000000e+000 1.000000e+000 



Q star

------------
1  2  3  3  4  5  5  5  5  5  5  5  5  5  5  5  5  5  5  5  5  5  5  5  5  5  5  5  5  5  5  5  5  5  5  5  5  5  5  5  5  5  5  5  5  
------------

P star

-----------
2.164632e-033

A Martrix

1.009911e-180 1.000000e+000 0.000000e+000 0.000000e+000 0.000000e+000 
0.000000e+000 1.009911e-090 1.000000e+000 0.000000e+000 0.000000e+000 
0.000000e+000 0.000000e+000 3.167219e-001 6.832781e-001 0.000000e+000 
0.000000e+000 0.000000e+000 0.000000e+000 3.167219e-001 6.832781e-001 
0.000000e+000 0.000000e+000 0.000000e+000 0.000000e+000 1.000000e+000 

B Martrix

1.000000e-030 1.000000e-030 1.000000e-030 1.000000e-030 1.000000e-030 1.000000e-030 1.000000e-030 1.000000e-030 1.000000e-030 1.000000e-030 1.000000e+000 1.000000e-030 1.000000e-030 1.000000e-030 1.000000e-030 1.000000e-030 1.000000e-030 1.000000e-030 1.000000e-030 1.000000e-030 1.000000e-030 1.000000e-030 1.000000e-030 1.000000e-030 1.000000e-030 1.000000e-030 1.000000e-030 1.000000e-030 1.000000e-030 1.000000e-030 1.000000e-030 1.000000e-030 
1.000000e-030 1.000000e-030 1.000000e-030 1.000000e-030 1.000000e-030 1.000000e-030 1.000000e-030 1.000000e-030 1.000000e-030 1.000000e-030 1.000000e-030 1.000000e-030 1.000000e-030 1.000000e-030 1.000000e-030 1.000000e-030 1.000000e-030 1.000000e-030 1.000000e-030 1.000000e+000 1.000000e-030 1.000000e-030 1.000000e-030 1.000000e-030 1.000000e-030 1.000000e-030 1.000000e-030 1.000000e-030 1.000000e-030 1.000000e-030 1.000000e-030 1.000000e-030 
1.000000e-030 1.000000e-030 1.000000e-030 1.000000e+000 1.000000e-030 1.000000e-030 1.000000e-030 1.000000e-030 1.000000e-030 1.000000e-030 1.000000e-030 1.000000e-030 1.000000e-030 1.000000e-030 1.000000e-030 1.000000e-030 1.000000e-030 1.000000e-030 1.000000e-030 1.000000e-030 1.000000e-030 1.000000e-030 1.000000e-030 1.000000e-030 1.000000e-030 1.000000e-030 1.000000e-030 1.000000e-030 1.000000e-030 1.000000e-030 1.000000e-030 1.000000e-030 
1.000000e-030 1.000000e-030 1.000000e-030 1.000000e+000 1.000000e-030 1.000000e-030 1.000000e-030 1.000000e-030 1.000000e-030 1.000000e-030 1.000000e-030 1.000000e-030 1.000000e-030 1.000000e-030 1.000000e-030 1.000000e-030 1.000000e-030 1.000000e-030 1.000000e-030 1.000000e-030 1.000000e-030 1.000000e-030 1.000000e-030 1.000000e-030 1.000000e-030 1.000000e-030 1.000000e-030 1.000000e-030 1.000000e-030 1.000000e-030 1.000000e-030 1.000000e-030 
1.000000e-030 1.000000e-030 1.000000e-030 4.990900e-002 1.000000e-030 1.000000e-030 1.000000e-030 1.000000e-030 1.000000e-030 1.000000e-030 1.497270e-001 4.990900e-002 1.000000e-030 1.000000e-030 2.495450e-002 3.262285e-001 1.000000e-030 1.000000e-030 1.497270e-001 1.996360e-001 1.000000e-030 1.000000e-030 1.000000e-030 1.000000e-030 1.000000e-030 1.000000e-030 2.495450e-002 2.495450e-002 1.000000e-030 1.000000e-030 1.000000e-030 1.000000e-030 
=================
