15	18	2	1	2	5	3	2	2	13	2	2	13	2	2	20	13	3	3	13	19	12	20	20	20	20	20	4	4	20	20	20	20	19	19	3	4	4	11	19	19	4	12	23	4	12	4	12	4	4	12	4	4	12	12	12	12	28	28	12	12	4	12	28	28	28	12	12	12	28	28	12	12	28	
Iteraion 1
-----------------

P(O|lamda) = 4.158164e-112

3.125000e-002 0.000000e+000 0.000000e+000 0.000000e+000 0.000000e+000 
7.812500e-004 1.953125e-004 0.000000e+000 0.000000e+000 0.000000e+000 
1.953125e-005 9.765625e-006 1.220703e-006 0.000000e+000 0.000000e+000 
4.882813e-007 3.662109e-007 9.155273e-008 7.629395e-009 0.000000e+000 
1.220703e-008 1.220703e-008 4.577637e-009 7.629395e-010 4.768372e-011 
3.051758e-010 3.814697e-010 1.907349e-010 4.768372e-011 6.258488e-012 
7.629395e-012 1.144409e-011 7.152557e-012 2.384186e-012 4.936010e-013 
1.907349e-013 3.337860e-013 2.503395e-013 1.043081e-013 3.032619e-014 
4.768372e-015 9.536743e-015 8.344650e-015 4.172325e-015 1.599619e-015 
1.192093e-016 2.682209e-016 2.682209e-016 1.564622e-016 7.606513e-017 
2.980232e-018 7.450581e-018 8.381903e-018 5.587935e-018 3.354924e-018 
7.450581e-020 2.048910e-019 2.561137e-019 1.920853e-019 1.397660e-019 
1.862645e-021 5.587935e-021 7.683411e-021 6.402843e-021 5.568220e-021 
4.656613e-023 1.513399e-022 2.270099e-022 2.080924e-022 2.140246e-022 
1.164153e-024 4.074536e-024 6.621121e-024 6.621121e-024 7.988847e-024 
2.910383e-026 1.091394e-025 1.909939e-025 2.069100e-025 2.910335e-025 
7.275958e-028 2.910383e-027 5.456968e-027 6.366463e-027 1.038798e-026 
1.818989e-029 7.730705e-029 1.546141e-028 1.932676e-028 3.644149e-028 
4.547474e-031 2.046363e-030 4.348522e-030 5.798029e-030 1.259589e-029 
1.136868e-032 5.400125e-032 1.215028e-031 1.721290e-031 4.298592e-031 
2.842171e-034 1.421085e-033 3.375078e-033 5.062617e-033 1.450891e-032 
7.105427e-036 3.730349e-035 9.325873e-035 1.476597e-034 4.850447e-034 
1.776357e-037 9.769963e-037 2.564615e-036 4.274359e-036 1.608052e-035 
4.440892e-039 2.553513e-038 7.022161e-038 1.228878e-037 5.292309e-037 
1.110223e-040 6.661338e-040 1.915135e-039 3.511080e-039 1.730652e-038 
2.775558e-042 1.734723e-041 5.204170e-041 9.974660e-041 5.627729e-040 
6.938894e-044 4.510281e-043 1.409463e-042 2.818926e-042 1.821007e-041 
1.734723e-045 1.170938e-044 3.805550e-044 7.928228e-044 5.866829e-043 
4.336809e-047 3.035766e-046 1.024571e-045 2.219904e-045 1.882936e-044 
1.084202e-048 7.860466e-048 2.751163e-047 6.190117e-047 6.022918e-046 
2.710505e-050 2.032879e-049 7.369187e-049 1.719477e-048 1.920850e-047 
6.776264e-052 5.251604e-051 1.969352e-050 4.759266e-050 6.110124e-049 
1.694066e-053 1.355253e-052 5.251604e-052 1.312901e-051 1.939159e-050 
4.235165e-055 3.494011e-054 1.397604e-053 3.610478e-053 6.141928e-052 
1.058791e-056 8.999725e-056 3.712387e-055 9.899698e-055 1.941918e-053 
2.646978e-058 2.316106e-057 9.843449e-057 2.706949e-056 6.130367e-055 
6.617445e-060 5.955700e-059 2.605619e-058 7.382587e-058 1.932658e-056 
1.654361e-061 1.530284e-060 6.886279e-060 2.008498e-059 6.085698e-058 
4.135903e-063 3.929108e-062 1.817212e-061 5.451637e-061 1.914334e-059 
1.033976e-064 1.008126e-063 4.788600e-063 1.476485e-062 6.016366e-061 
2.584939e-066 2.584939e-065 1.260158e-064 3.990500e-064 1.889342e-062 
6.462349e-068 6.623907e-067 3.311954e-066 1.076385e-065 5.929135e-064 
1.615587e-069 1.696366e-068 8.693878e-068 2.897959e-067 1.859582e-065 
4.038968e-071 4.341890e-070 2.279492e-069 7.788266e-069 5.829306e-067 
1.009742e-072 1.110716e-071 5.970099e-071 2.089535e-070 1.826526e-068 
2.524355e-074 2.839899e-073 1.561945e-072 5.596968e-072 5.720953e-070 
6.310887e-076 7.257520e-075 4.082355e-074 1.496864e-073 1.791296e-071 
1.577722e-077 1.853823e-076 1.065948e-075 3.997306e-075 5.607155e-073 
3.944305e-079 4.733165e-078 2.780735e-077 1.065948e-076 1.754734e-074 
9.860761e-081 1.207943e-079 7.247660e-079 2.838667e-078 5.490207e-076 
2.465190e-082 3.081488e-081 1.887411e-080 7.549645e-080 1.717464e-077 
6.162976e-084 7.857794e-083 4.911121e-082 2.005375e-081 5.371793e-079 
1.540744e-085 2.002967e-084 1.276892e-083 5.320381e-083 1.679939e-080 
3.851860e-087 5.103714e-086 3.317414e-085 1.409901e-084 5.253134e-082 
9.629650e-089 1.300003e-087 8.612518e-087 3.732091e-086 1.642485e-083 
2.407412e-090 3.310192e-089 2.234380e-088 9.868510e-088 5.135100e-085 
6.018531e-092 8.425944e-091 5.792836e-090 2.606776e-089 1.605335e-086 
1.504633e-093 2.144102e-092 1.500871e-091 6.878993e-091 5.018302e-088 
3.761582e-095 5.454294e-094 3.886184e-093 1.813553e-092 1.568649e-089 
9.403955e-097 1.387083e-095 1.005635e-094 4.776768e-094 4.903163e-091 
2.350989e-098 3.526483e-097 2.600781e-096 1.257044e-095 1.532537e-092 
5.877472e-100 8.963144e-099 6.722358e-098 3.305160e-097 4.789964e-094 
1.469368e-101 2.277520e-100 1.736609e-099 8.683046e-099 1.497070e-095 
3.673420e-103 5.785636e-102 4.483868e-101 2.279300e-100 4.678887e-097 
9.183550e-105 1.469368e-103 1.157127e-102 5.978491e-102 1.462295e-098 
2.295887e-106 3.730817e-105 2.984654e-104 1.566943e-103 4.570045e-100 
5.739719e-108 9.470536e-107 7.694810e-106 4.103899e-105 1.428237e-101 
1.434930e-109 2.403507e-108 1.982893e-107 1.074067e-106 4.463497e-103 
3.587324e-111 6.098451e-110 5.107453e-109 2.809099e-108 1.394910e-104 
8.968310e-113 1.547034e-111 1.314978e-110 7.341963e-110 4.359269e-106 
2.242078e-114 3.923636e-113 3.384136e-112 1.917677e-111 1.362317e-107 
5.605194e-116 9.949219e-115 8.705567e-114 5.005701e-113 4.257362e-109 
1.401298e-117 2.522337e-116 2.238574e-115 1.305835e-114 1.330457e-110 
3.503246e-119 6.393424e-118 5.754082e-117 3.404498e-116 4.157759e-112 


1.330612e-110 1.330612e-110 1.330612e-110 1.330612e-110 1.330612e-110 
4.257960e-109 4.257960e-109 4.257960e-109 4.257960e-109 4.257960e-109 
1.362547e-107 1.362547e-107 1.362547e-107 1.362547e-107 1.362547e-107 
4.360151e-106 4.360151e-106 4.360151e-106 4.360151e-106 4.360151e-106 
1.395248e-104 1.395248e-104 1.395248e-104 1.395248e-104 1.395248e-104 
4.464794e-103 4.464794e-103 4.464794e-103 4.464794e-103 4.464794e-103 
1.428734e-101 1.428734e-101 1.428734e-101 1.428734e-101 1.428734e-101 
4.571950e-100 4.571950e-100 4.571950e-100 4.571950e-100 4.571950e-100 
1.463024e-098 1.463024e-098 1.463024e-098 1.463024e-098 1.463024e-098 
4.681676e-097 4.681676e-097 4.681676e-097 4.681676e-097 4.681676e-097 
1.498136e-095 1.498136e-095 1.498136e-095 1.498136e-095 1.498136e-095 
4.794037e-094 4.794037e-094 4.794037e-094 4.794037e-094 4.794037e-094 
1.534092e-092 1.534092e-092 1.534092e-092 1.534092e-092 1.534092e-092 
4.909093e-091 4.909093e-091 4.909093e-091 4.909093e-091 4.909093e-091 
1.570910e-089 1.570910e-089 1.570910e-089 1.570910e-089 1.570910e-089 
5.026912e-088 5.026912e-088 5.026912e-088 5.026912e-088 5.026912e-088 
1.608612e-086 1.608612e-086 1.608612e-086 1.608612e-086 1.608612e-086 
5.147558e-085 5.147558e-085 5.147558e-085 5.147558e-085 5.147558e-085 
1.647218e-083 1.647218e-083 1.647218e-083 1.647218e-083 1.647218e-083 
5.271099e-082 5.271099e-082 5.271099e-082 5.271099e-082 5.271099e-082 
1.686752e-080 1.686752e-080 1.686752e-080 1.686752e-080 1.686752e-080 
5.397605e-079 5.397605e-079 5.397605e-079 5.397605e-079 5.397605e-079 
1.727234e-077 1.727234e-077 1.727234e-077 1.727234e-077 1.727234e-077 
5.527148e-076 5.527148e-076 5.527148e-076 5.527148e-076 5.527148e-076 
1.768687e-074 1.768687e-074 1.768687e-074 1.768687e-074 1.768687e-074 
5.659799e-073 5.659799e-073 5.659799e-073 5.659799e-073 5.659799e-073 
1.811136e-071 1.811136e-071 1.811136e-071 1.811136e-071 1.811136e-071 
5.795635e-070 5.795635e-070 5.795635e-070 5.795635e-070 5.795635e-070 
1.854603e-068 1.854603e-068 1.854603e-068 1.854603e-068 1.854603e-068 
5.934730e-067 5.934730e-067 5.934730e-067 5.934730e-067 5.934730e-067 
1.899114e-065 1.899114e-065 1.899114e-065 1.899114e-065 1.899114e-065 
6.077163e-064 6.077163e-064 6.077163e-064 6.077163e-064 6.077163e-064 
1.944692e-062 1.944692e-062 1.944692e-062 1.944692e-062 1.944692e-062 
6.223015e-061 6.223015e-061 6.223015e-061 6.223015e-061 6.223015e-061 
1.991365e-059 1.991365e-059 1.991365e-059 1.991365e-059 1.991365e-059 
6.372368e-058 6.372368e-058 6.372368e-058 6.372368e-058 6.372368e-058 
2.039158e-056 2.039158e-056 2.039158e-056 2.039158e-056 2.039158e-056 
6.525304e-055 6.525304e-055 6.525304e-055 6.525304e-055 6.525304e-055 
2.088097e-053 2.088097e-053 2.088097e-053 2.088097e-053 2.088097e-053 
6.681912e-052 6.681912e-052 6.681912e-052 6.681912e-052 6.681912e-052 
2.138212e-050 2.138212e-050 2.138212e-050 2.138212e-050 2.138212e-050 
6.842278e-049 6.842278e-049 6.842278e-049 6.842278e-049 6.842278e-049 
2.189529e-047 2.189529e-047 2.189529e-047 2.189529e-047 2.189529e-047 
7.006492e-046 7.006492e-046 7.006492e-046 7.006492e-046 7.006492e-046 
2.242078e-044 2.242078e-044 2.242078e-044 2.242078e-044 2.242078e-044 
7.174648e-043 7.174648e-043 7.174648e-043 7.174648e-043 7.174648e-043 
2.295887e-041 2.295887e-041 2.295887e-041 2.295887e-041 2.295887e-041 
7.346840e-040 7.346840e-040 7.346840e-040 7.346840e-040 7.346840e-040 
2.350989e-038 2.350989e-038 2.350989e-038 2.350989e-038 2.350989e-038 
7.523164e-037 7.523164e-037 7.523164e-037 7.523164e-037 7.523164e-037 
2.407412e-035 2.407412e-035 2.407412e-035 2.407412e-035 2.407412e-035 
7.703720e-034 7.703720e-034 7.703720e-034 7.703720e-034 7.703720e-034 
2.465190e-032 2.465190e-032 2.465190e-032 2.465190e-032 2.465190e-032 
7.888609e-031 7.888609e-031 7.888609e-031 7.888609e-031 7.888609e-031 
2.524355e-029 2.524355e-029 2.524355e-029 2.524355e-029 2.524355e-029 
8.077936e-028 8.077936e-028 8.077936e-028 8.077936e-028 8.077936e-028 
2.584939e-026 2.584939e-026 2.584939e-026 2.584939e-026 2.584939e-026 
8.271806e-025 8.271806e-025 8.271806e-025 8.271806e-025 8.271806e-025 
2.646978e-023 2.646978e-023 2.646978e-023 2.646978e-023 2.646978e-023 
8.470329e-022 8.470329e-022 8.470329e-022 8.470329e-022 8.470329e-022 
2.710505e-020 2.710505e-020 2.710505e-020 2.710505e-020 2.710505e-020 
8.673617e-019 8.673617e-019 8.673617e-019 8.673617e-019 8.673617e-019 
2.775558e-017 2.775558e-017 2.775558e-017 2.775558e-017 2.775558e-017 
8.881784e-016 8.881784e-016 8.881784e-016 8.881784e-016 8.881784e-016 
2.842171e-014 2.842171e-014 2.842171e-014 2.842171e-014 2.842171e-014 
9.094947e-013 9.094947e-013 9.094947e-013 9.094947e-013 9.094947e-013 
2.910383e-011 2.910383e-011 2.910383e-011 2.910383e-011 2.910383e-011 
9.313226e-010 9.313226e-010 9.313226e-010 9.313226e-010 9.313226e-010 
2.980232e-008 2.980232e-008 2.980232e-008 2.980232e-008 2.980232e-008 
9.536743e-007 9.536743e-007 9.536743e-007 9.536743e-007 9.536743e-007 
3.051758e-005 3.051758e-005 3.051758e-005 3.051758e-005 3.051758e-005 
9.765625e-004 9.765625e-004 9.765625e-004 9.765625e-004 9.765625e-004 
3.125000e-002 3.125000e-002 3.125000e-002 3.125000e-002 3.125000e-002 
1.000000e+000 1.000000e+000 1.000000e+000 1.000000e+000 1.000000e+000 


1.000000e+000 0.000000e+000 0.000000e+000 0.000000e+000 0.000000e+000 
8.000000e-001 2.000000e-001 0.000000e+000 0.000000e+000 0.000000e+000 
6.400000e-001 3.200000e-001 4.000000e-002 0.000000e+000 0.000000e+000 
5.120000e-001 3.840000e-001 9.600000e-002 8.000000e-003 0.000000e+000 
4.096000e-001 4.096000e-001 1.536000e-001 2.560000e-002 1.600000e-003 
3.276800e-001 4.096000e-001 2.048000e-001 5.120000e-002 6.720000e-003 
2.621440e-001 3.932160e-001 2.457600e-001 8.192000e-002 1.696000e-002 
2.097152e-001 3.670016e-001 2.752512e-001 1.146880e-001 3.334400e-002 
1.677722e-001 3.355443e-001 2.936013e-001 1.468006e-001 5.628160e-002 
1.342177e-001 3.019899e-001 3.019899e-001 1.761608e-001 8.564173e-002 
1.073742e-001 2.684355e-001 3.019899e-001 2.013266e-001 1.208739e-001 
8.589935e-002 2.362232e-001 2.952790e-001 2.214593e-001 1.611392e-001 
6.871948e-002 2.061584e-001 2.834678e-001 2.362232e-001 2.054311e-001 
5.497558e-002 1.786706e-001 2.680060e-001 2.456721e-001 2.526757e-001 
4.398047e-002 1.539316e-001 2.501389e-001 2.501389e-001 3.018101e-001 
3.518437e-002 1.319414e-001 2.308974e-001 2.501389e-001 3.518379e-001 
2.814750e-002 1.125900e-001 2.111062e-001 2.462906e-001 4.018657e-001 
2.251800e-002 9.570149e-002 1.914030e-001 2.392537e-001 4.511238e-001 
1.801440e-002 8.106479e-002 1.722627e-001 2.296836e-001 4.989745e-001 
1.441152e-002 6.845471e-002 1.540231e-001 2.181994e-001 5.449113e-001 
1.152922e-002 5.764608e-002 1.369094e-001 2.053641e-001 5.885511e-001 
9.223372e-003 4.842270e-002 1.210568e-001 1.916732e-001 6.296240e-001 
7.378698e-003 4.058284e-002 1.065299e-001 1.775499e-001 6.679586e-001 
5.902958e-003 3.394201e-002 9.334053e-002 1.633459e-001 7.034686e-001 
4.722366e-003 2.833420e-002 8.146082e-002 1.493448e-001 7.361378e-001 
3.777893e-003 2.361183e-002 7.083550e-002 1.357680e-001 7.660067e-001 
3.022315e-003 1.964504e-002 6.139076e-002 1.227815e-001 7.931603e-001 
2.417852e-003 1.632050e-002 5.304162e-002 1.105034e-001 8.177167e-001 
1.934281e-003 1.353997e-002 4.569740e-002 9.901102e-002 8.398173e-001 
1.547425e-003 1.121883e-002 3.926591e-002 8.834830e-002 8.596195e-001 
1.237940e-003 9.284550e-003 3.365649e-002 7.853182e-002 8.772892e-001 
9.903520e-004 7.675228e-003 2.878211e-002 6.955676e-002 8.929956e-001 
7.922816e-004 6.338253e-003 2.456073e-002 6.140183e-002 9.069069e-001 
6.338253e-004 5.229059e-003 2.091623e-002 5.403361e-002 9.191873e-001 
5.070602e-004 4.310012e-003 1.777880e-002 4.741013e-002 9.299940e-001 
4.056482e-004 3.549422e-003 1.508504e-002 4.148387e-002 9.394760e-001 
3.245186e-004 2.920667e-003 1.277792e-002 3.620410e-002 9.477728e-001 
2.596148e-004 2.401437e-003 1.080647e-002 3.151886e-002 9.550136e-001 
2.076919e-004 1.973073e-003 9.125462e-003 2.737639e-002 9.613174e-001 
1.661535e-004 1.619997e-003 7.694984e-003 2.372620e-002 9.667927e-001 
1.329228e-004 1.329228e-003 6.479986e-003 2.051996e-002 9.715379e-001 
1.063382e-004 1.089967e-003 5.449835e-003 1.771196e-002 9.756419e-001 
8.507059e-005 8.932412e-004 4.577861e-003 1.525954e-002 9.791843e-001 
6.805647e-005 7.316071e-004 3.840937e-003 1.312320e-002 9.822362e-001 
5.444518e-005 5.988970e-004 3.219071e-003 1.126675e-002 9.848608e-001 
4.355614e-005 4.900066e-004 2.695036e-003 9.657214e-003 9.871142e-001 
3.484491e-005 4.007165e-004 2.254030e-003 8.264778e-003 9.890456e-001 
2.787593e-005 3.275422e-004 1.883368e-003 7.062629e-003 9.906986e-001 
2.230075e-005 2.676089e-004 1.572203e-003 6.026776e-003 9.921111e-001 
1.784060e-005 2.185473e-004 1.311284e-003 5.135862e-003 9.933165e-001 
1.427248e-005 1.784060e-004 1.092737e-003 4.370946e-003 9.943436e-001 
1.141798e-005 1.455793e-004 9.098704e-004 3.715304e-003 9.952178e-001 
9.134385e-006 1.187470e-004 7.570122e-004 3.154217e-003 9.959609e-001 
7.307508e-006 9.682448e-005 6.293591e-004 2.674776e-003 9.965917e-001 
5.846007e-006 7.892109e-005 5.228522e-004 2.265693e-003 9.971267e-001 
4.676805e-006 6.430607e-005 4.340660e-004 1.917125e-003 9.975798e-001 
3.741444e-006 5.238022e-005 3.601140e-004 1.620513e-003 9.979633e-001 
2.993155e-006 4.265246e-005 2.985672e-004 1.368433e-003 9.982874e-001 
2.394524e-006 3.472060e-005 2.473843e-004 1.154460e-003 9.985610e-001 
1.915619e-006 2.825539e-005 2.048516e-004 9.730449e-004 9.987919e-001 
1.532496e-006 2.298743e-005 1.695323e-004 8.194062e-004 9.989865e-001 
1.225996e-006 1.869645e-005 1.402233e-004 6.894314e-004 9.991504e-001 
9.807971e-007 1.520236e-005 1.159180e-004 5.795898e-004 9.992883e-001 
7.846377e-007 1.235804e-005 9.577484e-005 4.868554e-004 9.994042e-001 
6.277102e-007 1.004336e-005 7.909148e-005 4.086393e-004 9.995016e-001 
5.021681e-007 8.160232e-006 6.528186e-005 3.427298e-004 9.995833e-001 
4.017345e-007 6.628619e-006 5.385753e-005 2.872402e-004 9.996519e-001 
3.213876e-007 5.383242e-006 4.441175e-005 2.405636e-004 9.997093e-001 
2.571101e-007 4.370871e-006 3.660605e-005 2.013333e-004 9.997574e-001 
2.056881e-007 3.548119e-006 3.015901e-005 1.683878e-004 9.997977e-001 
1.645505e-007 2.879633e-006 2.483683e-005 1.407421e-004 9.998314e-001 
1.316404e-007 2.336616e-006 2.044539e-005 1.175610e-004 9.998595e-001 
1.053123e-007 1.895621e-006 1.682364e-005 9.813789e-005 9.998830e-001 
8.424983e-008 1.537559e-006 1.383804e-005 8.187504e-005 9.999027e-001 



Q star

------------
1  2  3  4  5  5  5  5  5  5  5  5  5  5  5  5  5  5  5  5  5  5  5  5  5  5  5  5  5  5  5  5  5  5  5  5  5  5  5  5  5  5  5  5  5  5  5  5  5  5  5  5  5  5  5  5  5  5  5  5  5  5  5  5  5  5  5  5  5  5  5  5  5  5  
------------

P star

-----------
6.653062e-115

A Martrix

8.000000e-001 2.000000e-001 0.000000e+000 0.000000e+000 0.000000e+000 
0.000000e+000 8.000000e-001 2.000000e-001 0.000000e+000 0.000000e+000 
0.000000e+000 0.000000e+000 8.000000e-001 2.000000e-001 0.000000e+000 
0.000000e+000 0.000000e+000 0.000000e+000 8.000000e-001 2.000000e-001 
0.000000e+000 0.000000e+000 0.000000e+000 0.000000e+000 1.000000e+000 

B Martrix

1.000000e-030 1.000000e-030 1.000000e-030 1.000000e-030 1.000000e-030 1.000000e-030 1.000000e-030 1.000000e-030 1.000000e-030 1.000000e-030 1.000000e-030 1.000000e-030 1.000000e-030 1.000000e-030 1.000000e+000 1.000000e-030 1.000000e-030 1.000000e-030 1.000000e-030 1.000000e-030 1.000000e-030 1.000000e-030 1.000000e-030 1.000000e-030 1.000000e-030 1.000000e-030 1.000000e-030 1.000000e-030 1.000000e-030 1.000000e-030 1.000000e-030 1.000000e-030 
1.000000e-030 1.000000e-030 1.000000e-030 1.000000e-030 1.000000e-030 1.000000e-030 1.000000e-030 1.000000e-030 1.000000e-030 1.000000e-030 1.000000e-030 1.000000e-030 1.000000e-030 1.000000e-030 1.000000e-030 1.000000e-030 1.000000e-030 1.000000e+000 1.000000e-030 1.000000e-030 1.000000e-030 1.000000e-030 1.000000e-030 1.000000e-030 1.000000e-030 1.000000e-030 1.000000e-030 1.000000e-030 1.000000e-030 1.000000e-030 1.000000e-030 1.000000e-030 
1.000000e-030 1.000000e+000 1.000000e-030 1.000000e-030 1.000000e-030 1.000000e-030 1.000000e-030 1.000000e-030 1.000000e-030 1.000000e-030 1.000000e-030 1.000000e-030 1.000000e-030 1.000000e-030 1.000000e-030 1.000000e-030 1.000000e-030 1.000000e-030 1.000000e-030 1.000000e-030 1.000000e-030 1.000000e-030 1.000000e-030 1.000000e-030 1.000000e-030 1.000000e-030 1.000000e-030 1.000000e-030 1.000000e-030 1.000000e-030 1.000000e-030 1.000000e-030 
1.000000e+000 1.000000e-030 1.000000e-030 1.000000e-030 1.000000e-030 1.000000e-030 1.000000e-030 1.000000e-030 1.000000e-030 1.000000e-030 1.000000e-030 1.000000e-030 1.000000e-030 1.000000e-030 1.000000e-030 1.000000e-030 1.000000e-030 1.000000e-030 1.000000e-030 1.000000e-030 1.000000e-030 1.000000e-030 1.000000e-030 1.000000e-030 1.000000e-030 1.000000e-030 1.000000e-030 1.000000e-030 1.000000e-030 1.000000e-030 1.000000e-030 1.000000e-030 
1.000000e-030 1.717993e-002 3.530588e-002 2.126949e-001 1.244433e-004 1.000000e-030 1.000000e-030 1.000000e-030 1.000000e-030 1.000000e-030 1.780202e-002 3.067779e-001 2.292294e-002 1.000000e-030 1.000000e-030 1.000000e-030 1.000000e-030 1.000000e-030 8.103749e-002 1.399132e-001 1.000000e-030 1.000000e-030 1.818940e-002 1.000000e-030 1.000000e-030 1.000000e-030 1.000000e-030 1.480518e-001 1.000000e-030 1.000000e-030 1.000000e-030 1.000000e-030 
Iteraion 2
-----------------

P(O|lamda) = 4.585871e-073

1.000000e+000 0.000000e+000 0.000000e+000 0.000000e+000 0.000000e+000 
8.000000e-031 2.000000e-001 0.000000e+000 0.000000e+000 0.000000e+000 
6.400000e-061 1.600000e-031 4.000000e-002 0.000000e+000 0.000000e+000 
5.120000e-091 1.280000e-061 3.200000e-032 8.000000e-003 0.000000e+000 
4.096000e-121 1.024000e-091 2.560000e-032 6.400000e-033 2.748789e-005 
3.276800e-151 8.192000e-122 2.048000e-062 1.024000e-062 3.420685e-009 
2.621440e-181 6.553600e-152 1.638400e-092 1.228800e-092 1.207703e-010 
2.097152e-211 5.242880e-182 1.310720e-092 1.310720e-122 2.074826e-012 
1.677722e-241 4.194304e-212 1.048576e-092 2.621440e-123 3.564536e-014 
1.342177e-271 3.355443e-242 8.388608e-123 2.097152e-123 8.170966e-016 
1.073742e-301 2.684355e-272 6.710886e-123 3.355443e-153 1.403766e-017 
0.000000e+000 2.147484e-302 5.368709e-123 1.342177e-153 2.411661e-019 
0.000000e+000 0.000000e+000 4.294967e-153 1.073742e-153 5.528236e-021 
0.000000e+000 0.000000e+000 3.435974e-153 1.717987e-183 9.497472e-023 
0.000000e+000 0.000000e+000 2.748779e-153 6.871948e-184 1.631659e-024 
0.000000e+000 0.000000e+000 2.199023e-183 5.497558e-184 2.282907e-025 
0.000000e+000 0.000000e+000 1.759219e-213 8.796093e-214 5.233095e-027 
0.000000e+000 0.000000e+000 1.407375e-243 1.055531e-243 1.847590e-028 
0.000000e+000 0.000000e+000 1.125900e-273 1.125900e-273 6.523080e-030 
0.000000e+000 0.000000e+000 9.007199e-304 1.125900e-303 1.495282e-031 
0.000000e+000 0.000000e+000 0.000000e+000 0.000000e+000 1.211739e-032 
0.000000e+000 0.000000e+000 0.000000e+000 0.000000e+000 3.717348e-033 
0.000000e+000 0.000000e+000 0.000000e+000 0.000000e+000 5.201061e-034 
0.000000e+000 0.000000e+000 0.000000e+000 0.000000e+000 7.276973e-035 
0.000000e+000 0.000000e+000 0.000000e+000 0.000000e+000 1.018145e-035 
0.000000e+000 0.000000e+000 0.000000e+000 0.000000e+000 1.424519e-036 
0.000000e+000 0.000000e+000 0.000000e+000 0.000000e+000 1.993091e-037 
0.000000e+000 0.000000e+000 0.000000e+000 0.000000e+000 4.239203e-038 
0.000000e+000 0.000000e+000 0.000000e+000 0.000000e+000 9.016568e-039 
0.000000e+000 0.000000e+000 0.000000e+000 0.000000e+000 1.261537e-039 
0.000000e+000 0.000000e+000 0.000000e+000 0.000000e+000 1.765058e-040 
0.000000e+000 0.000000e+000 0.000000e+000 0.000000e+000 2.469549e-041 
0.000000e+000 0.000000e+000 0.000000e+000 0.000000e+000 3.455226e-042 
0.000000e+000 0.000000e+000 0.000000e+000 0.000000e+000 2.800029e-043 
0.000000e+000 0.000000e+000 0.000000e+000 0.000000e+000 2.269073e-044 
0.000000e+000 0.000000e+000 0.000000e+000 0.000000e+000 8.011162e-046 
0.000000e+000 0.000000e+000 0.000000e+000 0.000000e+000 1.703933e-046 
0.000000e+000 0.000000e+000 0.000000e+000 0.000000e+000 3.624179e-047 
0.000000e+000 0.000000e+000 0.000000e+000 0.000000e+000 6.451770e-049 
0.000000e+000 0.000000e+000 0.000000e+000 0.000000e+000 5.228352e-050 
0.000000e+000 0.000000e+000 0.000000e+000 0.000000e+000 4.236925e-051 
0.000000e+000 0.000000e+000 0.000000e+000 0.000000e+000 9.011724e-052 
0.000000e+000 0.000000e+000 0.000000e+000 0.000000e+000 2.764598e-052 
0.000000e+000 0.000000e+000 0.000000e+000 0.000000e+000 5.028638e-054 
0.000000e+000 0.000000e+000 0.000000e+000 0.000000e+000 1.069566e-054 
0.000000e+000 0.000000e+000 0.000000e+000 0.000000e+000 3.281191e-055 
0.000000e+000 0.000000e+000 0.000000e+000 0.000000e+000 6.978926e-056 
0.000000e+000 0.000000e+000 0.000000e+000 0.000000e+000 2.140981e-056 
0.000000e+000 0.000000e+000 0.000000e+000 0.000000e+000 4.553756e-057 
0.000000e+000 0.000000e+000 0.000000e+000 0.000000e+000 9.685607e-058 
0.000000e+000 0.000000e+000 0.000000e+000 0.000000e+000 2.971331e-058 
0.000000e+000 0.000000e+000 0.000000e+000 0.000000e+000 6.319869e-059 
0.000000e+000 0.000000e+000 0.000000e+000 0.000000e+000 1.344204e-059 
0.000000e+000 0.000000e+000 0.000000e+000 0.000000e+000 4.123721e-060 
0.000000e+000 0.000000e+000 0.000000e+000 0.000000e+000 1.265066e-060 
0.000000e+000 0.000000e+000 0.000000e+000 0.000000e+000 3.880945e-061 
0.000000e+000 0.000000e+000 0.000000e+000 0.000000e+000 1.190588e-061 
0.000000e+000 0.000000e+000 0.000000e+000 0.000000e+000 1.762688e-062 
0.000000e+000 0.000000e+000 0.000000e+000 0.000000e+000 2.609691e-063 
0.000000e+000 0.000000e+000 0.000000e+000 0.000000e+000 8.005957e-064 
0.000000e+000 0.000000e+000 0.000000e+000 0.000000e+000 2.456051e-064 
0.000000e+000 0.000000e+000 0.000000e+000 0.000000e+000 5.223895e-065 
0.000000e+000 0.000000e+000 0.000000e+000 0.000000e+000 1.602576e-065 
0.000000e+000 0.000000e+000 0.000000e+000 0.000000e+000 2.372643e-066 
0.000000e+000 0.000000e+000 0.000000e+000 0.000000e+000 3.512741e-067 
0.000000e+000 0.000000e+000 0.000000e+000 0.000000e+000 5.200678e-068 
0.000000e+000 0.000000e+000 0.000000e+000 0.000000e+000 1.595453e-068 
0.000000e+000 0.000000e+000 0.000000e+000 0.000000e+000 4.894498e-069 
0.000000e+000 0.000000e+000 0.000000e+000 0.000000e+000 1.501524e-069 
0.000000e+000 0.000000e+000 0.000000e+000 0.000000e+000 2.223034e-070 
0.000000e+000 0.000000e+000 0.000000e+000 0.000000e+000 3.291242e-071 
0.000000e+000 0.000000e+000 0.000000e+000 0.000000e+000 1.009681e-071 
0.000000e+000 0.000000e+000 0.000000e+000 0.000000e+000 3.097477e-072 
0.000000e+000 0.000000e+000 0.000000e+000 0.000000e+000 4.585871e-073 


4.585871e-073 1.834349e-072 7.337394e-102 3.112224e-131 4.924060e-132 
5.148284e-157 2.292936e-072 9.171743e-072 3.767178e-101 4.924060e-102 
2.145007e-127 1.716139e-126 1.146468e-071 4.585871e-071 2.866170e-100 
6.075495e-156 1.072504e-096 4.290682e-096 5.732339e-071 2.866170e-070 
1.773885e-150 3.037748e-125 5.362518e-096 3.336648e-069 1.668324e-068 
7.389714e-121 5.913540e-120 1.518874e-094 2.681259e-065 1.340629e-064 
8.979837e-121 3.694857e-090 1.478827e-089 7.594369e-064 3.797185e-063 
2.621877e-145 4.489919e-090 1.847429e-089 4.420488e-062 2.210244e-061 
1.092231e-115 8.740460e-115 2.244959e-089 2.573054e-060 1.286527e-059 
1.327258e-115 5.461154e-085 2.185768e-084 1.122480e-058 5.612398e-058 
7.257969e-141 6.636288e-085 2.730577e-084 6.533668e-057 3.266834e-056 
3.020935e-111 2.420611e-110 3.318144e-084 3.803081e-055 1.901541e-054 
3.214057e-111 1.510467e-080 6.061184e-080 1.659072e-053 8.295361e-053 
1.402114e-139 1.607029e-080 7.552337e-080 9.657035e-052 4.828518e-051 
3.971332e-138 7.010569e-109 8.035143e-080 5.621114e-050 2.810557e-049 
1.124836e-136 1.985666e-107 3.505284e-078 4.017571e-049 2.008786e-048 
4.907031e-135 5.624179e-106 9.928330e-077 1.752642e-047 8.763211e-047 
6.055260e-134 2.453515e-104 2.812090e-075 4.964165e-046 2.482082e-045 
1.973825e-133 3.027630e-103 1.226758e-073 1.406045e-044 7.030224e-044 
1.410749e-132 9.869126e-103 1.513815e-072 6.133789e-043 3.066894e-042 
1.008303e-131 7.053747e-102 4.934563e-072 7.569075e-042 3.784538e-041 
7.206631e-131 5.041515e-101 3.526874e-071 2.467282e-041 1.233641e-040 
5.150786e-130 3.603316e-100 2.520758e-070 1.763437e-040 8.817184e-040 
3.681414e-129 2.575393e-099 1.801658e-069 1.260379e-039 6.301894e-039 
1.730843e-128 1.840707e-098 1.287696e-068 9.008289e-039 4.504145e-038 
8.137679e-128 8.654214e-098 9.203536e-068 6.438482e-038 3.219241e-037 
5.816233e-127 4.068840e-097 4.327107e-067 4.601768e-037 2.300884e-036 
4.157028e-126 2.908116e-096 2.034420e-066 2.163554e-036 1.081777e-035 
2.971147e-125 2.078514e-095 1.454058e-065 1.017210e-035 5.086050e-035 
2.123564e-124 1.485574e-094 1.039257e-064 7.270291e-035 3.635145e-034 
2.620471e-123 1.061782e-093 7.427868e-064 5.196285e-034 2.598143e-033 
3.233653e-122 1.310236e-092 5.308910e-063 3.713934e-033 1.856967e-032 
9.158964e-121 1.616827e-091 6.551178e-062 2.654455e-032 1.327228e-031 
4.306151e-120 4.579482e-090 8.084133e-061 3.275589e-031 1.637795e-030 
2.024567e-119 2.153076e-089 2.289741e-059 4.042066e-030 2.021033e-029 
1.137268e-117 1.012284e-088 1.076538e-058 1.144871e-028 5.724353e-028 
1.403386e-116 5.686342e-087 5.061418e-058 5.382689e-028 2.691345e-027 
1.731773e-115 7.016928e-086 2.843171e-056 2.530709e-027 1.265355e-026 
8.142054e-115 8.658867e-085 3.508464e-055 1.421586e-025 7.107928e-025 
2.654055e-114 4.071027e-084 4.329433e-054 1.754232e-024 8.771160e-024 
1.459122e-112 1.327027e-083 2.035513e-053 2.164717e-023 1.082358e-022 
6.860163e-112 7.295608e-082 6.635137e-053 1.017757e-022 5.088784e-022 
2.236198e-111 3.430082e-081 3.647804e-051 3.317568e-022 1.658784e-021 
1.051364e-110 1.118099e-080 1.715041e-050 1.823902e-020 9.119510e-020 
3.427119e-110 5.256822e-080 5.590496e-050 8.575204e-020 4.287602e-019 
1.611284e-109 1.713559e-079 2.628411e-049 2.795248e-019 1.397624e-018 
7.575564e-109 8.056419e-079 8.567796e-049 1.314205e-018 6.571027e-018 
2.469397e-108 3.787782e-078 4.028210e-048 4.283898e-018 2.141949e-017 
1.161004e-107 1.234698e-077 1.893891e-047 2.014105e-017 1.007052e-016 
5.458543e-107 5.805021e-077 6.173492e-047 9.469456e-017 4.734728e-016 
1.779314e-106 2.729272e-076 2.902511e-046 3.086746e-016 1.543373e-015 
5.800007e-106 8.896571e-076 1.364636e-045 1.451255e-015 7.256277e-015 
1.890621e-105 2.900003e-075 4.448285e-045 6.823179e-015 3.411589e-014 
6.162831e-105 9.453103e-075 1.450002e-044 2.224143e-014 1.112071e-013 
4.162617e-104 3.081416e-074 4.726552e-044 7.250009e-014 3.625004e-013 
2.811595e-103 2.081309e-073 1.540708e-043 2.363276e-013 1.181638e-012 
9.164918e-103 1.405797e-072 1.040654e-042 7.703539e-013 3.851770e-012 
2.987476e-102 4.582459e-072 7.028987e-042 5.203272e-012 2.601636e-011 
1.404583e-101 1.493738e-071 2.291230e-041 3.514493e-011 1.757247e-010 
4.578501e-101 7.022915e-071 7.468691e-041 1.145615e-010 5.728074e-010 
3.092498e-100 2.289250e-070 3.511457e-040 3.734345e-010 1.867173e-009 
2.088794e-099 1.546249e-069 1.144625e-039 1.755729e-009 8.778644e-009 
1.410854e-098 1.044397e-068 7.731246e-039 5.723126e-009 2.861563e-008 
4.598941e-098 7.054268e-068 5.221986e-038 3.865623e-008 1.932812e-007 
1.499111e-097 2.299470e-067 3.527134e-037 2.610993e-007 1.305497e-006 
4.886631e-097 7.495553e-067 1.149735e-036 1.763567e-006 8.817834e-006 
3.300622e-096 2.443316e-066 3.747777e-036 5.748676e-006 2.874338e-005 
2.229369e-095 1.650311e-065 1.221658e-035 1.873888e-005 9.369442e-005 
7.267046e-095 1.114685e-064 8.251555e-035 6.108289e-005 3.054145e-004 
2.368829e-094 3.633523e-064 5.573423e-034 4.125777e-004 2.062889e-003 
1.000000e-090 1.184415e-063 1.816761e-033 2.786712e-003 1.393356e-002 
1.000000e-060 1.000000e-060 5.922073e-033 9.083807e-003 4.541904e-002 
1.000000e-030 1.000000e-030 1.000000e-030 2.961037e-002 1.480518e-001 
1.000000e+000 1.000000e+000 1.000000e+000 1.000000e+000 1.000000e+000 


1.000000e+000 0.000000e+000 0.000000e+000 0.000000e+000 0.000000e+000 
8.981122e-115 1.000000e+000 0.000000e+000 0.000000e+000 0.000000e+000 
2.993552e-115 5.987570e-085 1.000000e+000 0.000000e+000 0.000000e+000 
6.783124e-174 2.993552e-085 2.994018e-055 1.000000e+000 0.000000e+000 
1.584395e-198 6.783124e-144 2.993552e-055 4.656596e-029 1.000000e+000 
5.280265e-199 1.056369e-168 6.783124e-084 5.987105e-055 1.000000e+000 
5.133180e-229 5.280265e-169 5.283423e-109 2.034937e-083 1.000000e+000 
1.199003e-283 5.133180e-199 5.280265e-109 1.263451e-111 1.000000e+000 
3.995880e-284 7.994150e-254 5.133180e-109 1.470845e-110 1.000000e+000 
3.884573e-314 3.995880e-254 3.998270e-134 5.133180e-109 1.000000e+000 
0.000000e+000 3.884573e-284 3.995880e-134 4.780629e-137 1.000000e+000 
0.000000e+000 0.000000e+000 3.884573e-134 1.113073e-135 1.000000e+000 
0.000000e+000 0.000000e+000 5.676693e-160 3.884573e-134 1.000000e+000 
0.000000e+000 0.000000e+000 5.658604e-160 3.617777e-162 1.000000e+000 
0.000000e+000 0.000000e+000 4.816278e-160 8.423263e-161 1.000000e+000 
0.000000e+000 0.000000e+000 1.680859e-188 4.816278e-160 1.000000e+000 
0.000000e+000 0.000000e+000 3.808677e-217 3.361717e-188 1.000000e+000 
0.000000e+000 0.000000e+000 8.630125e-246 1.142603e-216 1.000000e+000 
0.000000e+000 0.000000e+000 3.011873e-274 3.452050e-245 1.000000e+000 
0.000000e+000 0.000000e+000 2.973314e-303 1.505937e-273 1.000000e+000 
0.000000e+000 0.000000e+000 0.000000e+000 0.000000e+000 1.000000e+000 
0.000000e+000 0.000000e+000 0.000000e+000 0.000000e+000 1.000000e+000 
0.000000e+000 0.000000e+000 0.000000e+000 0.000000e+000 1.000000e+000 
0.000000e+000 0.000000e+000 0.000000e+000 0.000000e+000 1.000000e+000 
0.000000e+000 0.000000e+000 0.000000e+000 0.000000e+000 1.000000e+000 
0.000000e+000 0.000000e+000 0.000000e+000 0.000000e+000 1.000000e+000 
0.000000e+000 0.000000e+000 0.000000e+000 0.000000e+000 1.000000e+000 
0.000000e+000 0.000000e+000 0.000000e+000 0.000000e+000 1.000000e+000 
0.000000e+000 0.000000e+000 0.000000e+000 0.000000e+000 1.000000e+000 
0.000000e+000 0.000000e+000 0.000000e+000 0.000000e+000 1.000000e+000 
0.000000e+000 0.000000e+000 0.000000e+000 0.000000e+000 1.000000e+000 
0.000000e+000 0.000000e+000 0.000000e+000 0.000000e+000 1.000000e+000 
0.000000e+000 0.000000e+000 0.000000e+000 0.000000e+000 1.000000e+000 
0.000000e+000 0.000000e+000 0.000000e+000 0.000000e+000 1.000000e+000 
0.000000e+000 0.000000e+000 0.000000e+000 0.000000e+000 1.000000e+000 
0.000000e+000 0.000000e+000 0.000000e+000 0.000000e+000 1.000000e+000 
0.000000e+000 0.000000e+000 0.000000e+000 0.000000e+000 1.000000e+000 
0.000000e+000 0.000000e+000 0.000000e+000 0.000000e+000 1.000000e+000 
0.000000e+000 0.000000e+000 0.000000e+000 0.000000e+000 1.000000e+000 
0.000000e+000 0.000000e+000 0.000000e+000 0.000000e+000 1.000000e+000 
0.000000e+000 0.000000e+000 0.000000e+000 0.000000e+000 1.000000e+000 
0.000000e+000 0.000000e+000 0.000000e+000 0.000000e+000 1.000000e+000 
0.000000e+000 0.000000e+000 0.000000e+000 0.000000e+000 1.000000e+000 
0.000000e+000 0.000000e+000 0.000000e+000 0.000000e+000 1.000000e+000 
0.000000e+000 0.000000e+000 0.000000e+000 0.000000e+000 1.000000e+000 
0.000000e+000 0.000000e+000 0.000000e+000 0.000000e+000 1.000000e+000 
0.000000e+000 0.000000e+000 0.000000e+000 0.000000e+000 1.000000e+000 
0.000000e+000 0.000000e+000 0.000000e+000 0.000000e+000 1.000000e+000 
0.000000e+000 0.000000e+000 0.000000e+000 0.000000e+000 1.000000e+000 
0.000000e+000 0.000000e+000 0.000000e+000 0.000000e+000 1.000000e+000 
0.000000e+000 0.000000e+000 0.000000e+000 0.000000e+000 1.000000e+000 
0.000000e+000 0.000000e+000 0.000000e+000 0.000000e+000 1.000000e+000 
0.000000e+000 0.000000e+000 0.000000e+000 0.000000e+000 1.000000e+000 
0.000000e+000 0.000000e+000 0.000000e+000 0.000000e+000 1.000000e+000 
0.000000e+000 0.000000e+000 0.000000e+000 0.000000e+000 1.000000e+000 
0.000000e+000 0.000000e+000 0.000000e+000 0.000000e+000 1.000000e+000 
0.000000e+000 0.000000e+000 0.000000e+000 0.000000e+000 1.000000e+000 
0.000000e+000 0.000000e+000 0.000000e+000 0.000000e+000 1.000000e+000 
0.000000e+000 0.000000e+000 0.000000e+000 0.000000e+000 1.000000e+000 
0.000000e+000 0.000000e+000 0.000000e+000 0.000000e+000 1.000000e+000 
0.000000e+000 0.000000e+000 0.000000e+000 0.000000e+000 1.000000e+000 
0.000000e+000 0.000000e+000 0.000000e+000 0.000000e+000 1.000000e+000 
0.000000e+000 0.000000e+000 0.000000e+000 0.000000e+000 1.000000e+000 
0.000000e+000 0.000000e+000 0.000000e+000 0.000000e+000 1.000000e+000 
0.000000e+000 0.000000e+000 0.000000e+000 0.000000e+000 1.000000e+000 
0.000000e+000 0.000000e+000 0.000000e+000 0.000000e+000 1.000000e+000 
0.000000e+000 0.000000e+000 0.000000e+000 0.000000e+000 1.000000e+000 
0.000000e+000 0.000000e+000 0.000000e+000 0.000000e+000 1.000000e+000 
0.000000e+000 0.000000e+000 0.000000e+000 0.000000e+000 1.000000e+000 
0.000000e+000 0.000000e+000 0.000000e+000 0.000000e+000 1.000000e+000 
0.000000e+000 0.000000e+000 0.000000e+000 0.000000e+000 1.000000e+000 
0.000000e+000 0.000000e+000 0.000000e+000 0.000000e+000 1.000000e+000 
0.000000e+000 0.000000e+000 0.000000e+000 0.000000e+000 1.000000e+000 
0.000000e+000 0.000000e+000 0.000000e+000 0.000000e+000 1.000000e+000 



Q star

------------
1  2  3  4  5  5  5  5  5  5  5  5  5  5  5  5  5  5  5  5  5  5  5  5  5  5  5  5  5  5  5  5  5  5  5  5  5  5  5  5  5  5  5  5  5  5  5  5  5  5  5  5  5  5  5  5  5  5  5  5  5  5  5  5  5  5  5  5  5  5  5  5  5  5  
------------

P star

-----------
4.585871e-073

A Martrix

1.197467e-114 1.000000e+000 0.000000e+000 0.000000e+000 0.000000e+000 
0.000000e+000 8.981122e-085 1.000000e+000 0.000000e+000 0.000000e+000 
0.000000e+000 0.000000e+000 5.987570e-055 1.000000e+000 0.000000e+000 
0.000000e+000 0.000000e+000 0.000000e+000 4.656596e-029 1.000000e+000 
0.000000e+000 0.000000e+000 0.000000e+000 0.000000e+000 1.000000e+000 

B Martrix

1.000000e-030 1.000000e-030 1.000000e-030 1.000000e-030 1.000000e-030 1.000000e-030 1.000000e-030 1.000000e-030 1.000000e-030 1.000000e-030 1.000000e-030 1.000000e-030 1.000000e-030 1.000000e-030 1.000000e+000 1.000000e-030 1.000000e-030 1.000000e-030 1.000000e-030 1.000000e-030 1.000000e-030 1.000000e-030 1.000000e-030 1.000000e-030 1.000000e-030 1.000000e-030 1.000000e-030 1.000000e-030 1.000000e-030 1.000000e-030 1.000000e-030 1.000000e-030 
1.000000e-030 1.000000e-030 1.000000e-030 1.000000e-030 1.000000e-030 1.000000e-030 1.000000e-030 1.000000e-030 1.000000e-030 1.000000e-030 1.000000e-030 1.000000e-030 1.000000e-030 1.000000e-030 1.000000e-030 1.000000e-030 1.000000e-030 1.000000e+000 1.000000e-030 1.000000e-030 1.000000e-030 1.000000e-030 1.000000e-030 1.000000e-030 1.000000e-030 1.000000e-030 1.000000e-030 1.000000e-030 1.000000e-030 1.000000e-030 1.000000e-030 1.000000e-030 
1.000000e-030 1.000000e+000 1.000000e-030 1.000000e-030 1.000000e-030 1.000000e-030 1.000000e-030 1.000000e-030 1.000000e-030 1.000000e-030 1.000000e-030 1.000000e-030 1.000000e-030 1.000000e-030 1.000000e-030 1.000000e-030 1.000000e-030 1.000000e-030 1.000000e-030 1.000000e-030 1.000000e-030 1.000000e-030 1.000000e-030 1.000000e-030 1.000000e-030 1.000000e-030 1.000000e-030 1.000000e-030 1.000000e-030 1.000000e-030 1.000000e-030 1.000000e-030 
1.000000e+000 1.000000e-030 1.000000e-030 1.000000e-030 1.000000e-030 1.000000e-030 1.000000e-030 1.000000e-030 1.000000e-030 1.000000e-030 1.000000e-030 1.000000e-030 1.000000e-030 1.000000e-030 1.000000e-030 1.000000e-030 1.000000e-030 1.000000e-030 1.000000e-030 1.000000e-030 1.000000e-030 1.000000e-030 1.000000e-030 1.000000e-030 1.000000e-030 1.000000e-030 1.000000e-030 1.000000e-030 1.000000e-030 1.000000e-030 1.000000e-030 1.000000e-030 
1.000000e-030 1.000000e-001 5.714286e-002 1.714286e-001 1.428571e-002 1.000000e-030 1.000000e-030 1.000000e-030 1.000000e-030 1.000000e-030 1.428571e-002 2.428571e-001 5.714286e-002 1.000000e-030 1.000000e-030 1.000000e-030 1.000000e-030 1.000000e-030 7.142857e-002 1.428571e-001 1.000000e-030 1.000000e-030 1.428571e-002 1.000000e-030 1.000000e-030 1.000000e-030 1.000000e-030 1.142857e-001 1.000000e-030 1.000000e-030 1.000000e-030 1.000000e-030 
Iteraion 3
-----------------

P(O|lamda) = 1.454387e-064

1.000000e+000 0.000000e+000 0.000000e+000 0.000000e+000 0.000000e+000 
1.197467e-144 1.000000e+000 0.000000e+000 0.000000e+000 0.000000e+000 
1.433928e-288 8.981122e-115 1.000000e+000 0.000000e+000 0.000000e+000 
0.000000e+000 8.066056e-229 5.987570e-085 1.000000e+000 0.000000e+000 
0.000000e+000 0.000000e+000 3.585100e-139 4.656596e-059 1.000000e-001 
0.000000e+000 0.000000e+000 2.146604e-223 2.168389e-117 1.428571e-003 
0.000000e+000 0.000000e+000 1.285294e-307 1.009731e-175 8.163265e-005 
0.000000e+000 0.000000e+000 0.000000e+000 4.701909e-234 8.163265e-006 
0.000000e+000 0.000000e+000 0.000000e+000 2.189489e-292 8.163265e-007 
0.000000e+000 0.000000e+000 0.000000e+000 0.000000e+000 4.664723e-008 
0.000000e+000 0.000000e+000 0.000000e+000 0.000000e+000 4.664723e-009 
0.000000e+000 0.000000e+000 0.000000e+000 0.000000e+000 4.664723e-010 
0.000000e+000 0.000000e+000 0.000000e+000 0.000000e+000 2.665556e-011 
0.000000e+000 0.000000e+000 0.000000e+000 0.000000e+000 2.665556e-012 
0.000000e+000 0.000000e+000 0.000000e+000 0.000000e+000 2.665556e-013 
0.000000e+000 0.000000e+000 0.000000e+000 0.000000e+000 3.807937e-014 
0.000000e+000 0.000000e+000 0.000000e+000 0.000000e+000 2.175964e-015 
0.000000e+000 0.000000e+000 0.000000e+000 0.000000e+000 1.243408e-016 
0.000000e+000 0.000000e+000 0.000000e+000 0.000000e+000 7.105189e-018 
0.000000e+000 0.000000e+000 0.000000e+000 0.000000e+000 4.060108e-019 
0.000000e+000 0.000000e+000 0.000000e+000 0.000000e+000 2.900077e-020 
0.000000e+000 0.000000e+000 0.000000e+000 0.000000e+000 7.043044e-021 
0.000000e+000 0.000000e+000 0.000000e+000 0.000000e+000 1.006149e-021 
0.000000e+000 0.000000e+000 0.000000e+000 0.000000e+000 1.437356e-022 
0.000000e+000 0.000000e+000 0.000000e+000 0.000000e+000 2.053366e-023 
0.000000e+000 0.000000e+000 0.000000e+000 0.000000e+000 2.933380e-024 
0.000000e+000 0.000000e+000 0.000000e+000 0.000000e+000 4.190542e-025 
0.000000e+000 0.000000e+000 0.000000e+000 0.000000e+000 7.183787e-026 
0.000000e+000 0.000000e+000 0.000000e+000 0.000000e+000 1.231506e-026 
0.000000e+000 0.000000e+000 0.000000e+000 0.000000e+000 1.759295e-027 
0.000000e+000 0.000000e+000 0.000000e+000 0.000000e+000 2.513278e-028 
0.000000e+000 0.000000e+000 0.000000e+000 0.000000e+000 3.590397e-029 
0.000000e+000 0.000000e+000 0.000000e+000 0.000000e+000 5.129139e-030 
0.000000e+000 0.000000e+000 0.000000e+000 0.000000e+000 3.663671e-031 
0.000000e+000 0.000000e+000 0.000000e+000 0.000000e+000 2.616908e-032 
0.000000e+000 0.000000e+000 0.000000e+000 0.000000e+000 1.495376e-033 
0.000000e+000 0.000000e+000 0.000000e+000 0.000000e+000 2.563501e-034 
0.000000e+000 0.000000e+000 0.000000e+000 0.000000e+000 4.394574e-035 
0.000000e+000 0.000000e+000 0.000000e+000 0.000000e+000 6.277963e-037 
0.000000e+000 0.000000e+000 0.000000e+000 0.000000e+000 4.484259e-038 
0.000000e+000 0.000000e+000 0.000000e+000 0.000000e+000 3.203042e-039 
0.000000e+000 0.000000e+000 0.000000e+000 0.000000e+000 5.490929e-040 
0.000000e+000 0.000000e+000 0.000000e+000 0.000000e+000 1.333511e-040 
0.000000e+000 0.000000e+000 0.000000e+000 0.000000e+000 1.905016e-042 
0.000000e+000 0.000000e+000 0.000000e+000 0.000000e+000 3.265742e-043 
0.000000e+000 0.000000e+000 0.000000e+000 0.000000e+000 7.931088e-044 
0.000000e+000 0.000000e+000 0.000000e+000 0.000000e+000 1.359615e-044 
0.000000e+000 0.000000e+000 0.000000e+000 0.000000e+000 3.301923e-045 
0.000000e+000 0.000000e+000 0.000000e+000 0.000000e+000 5.660439e-046 
0.000000e+000 0.000000e+000 0.000000e+000 0.000000e+000 9.703609e-047 
0.000000e+000 0.000000e+000 0.000000e+000 0.000000e+000 2.356591e-047 
0.000000e+000 0.000000e+000 0.000000e+000 0.000000e+000 4.039870e-048 
0.000000e+000 0.000000e+000 0.000000e+000 0.000000e+000 6.925491e-049 
0.000000e+000 0.000000e+000 0.000000e+000 0.000000e+000 1.681905e-049 
0.000000e+000 0.000000e+000 0.000000e+000 0.000000e+000 4.084626e-050 
0.000000e+000 0.000000e+000 0.000000e+000 0.000000e+000 9.919807e-051 
0.000000e+000 0.000000e+000 0.000000e+000 0.000000e+000 2.409096e-051 
0.000000e+000 0.000000e+000 0.000000e+000 0.000000e+000 2.753253e-052 
0.000000e+000 0.000000e+000 0.000000e+000 0.000000e+000 3.146574e-053 
0.000000e+000 0.000000e+000 0.000000e+000 0.000000e+000 7.641681e-054 
0.000000e+000 0.000000e+000 0.000000e+000 0.000000e+000 1.855837e-054 
0.000000e+000 0.000000e+000 0.000000e+000 0.000000e+000 3.181434e-055 
0.000000e+000 0.000000e+000 0.000000e+000 0.000000e+000 7.726341e-056 
0.000000e+000 0.000000e+000 0.000000e+000 0.000000e+000 8.830104e-057 
0.000000e+000 0.000000e+000 0.000000e+000 0.000000e+000 1.009155e-057 
0.000000e+000 0.000000e+000 0.000000e+000 0.000000e+000 1.153320e-058 
0.000000e+000 0.000000e+000 0.000000e+000 0.000000e+000 2.800919e-059 
0.000000e+000 0.000000e+000 0.000000e+000 0.000000e+000 6.802232e-060 
0.000000e+000 0.000000e+000 0.000000e+000 0.000000e+000 1.651971e-060 
0.000000e+000 0.000000e+000 0.000000e+000 0.000000e+000 1.887967e-061 
0.000000e+000 0.000000e+000 0.000000e+000 0.000000e+000 2.157676e-062 
0.000000e+000 0.000000e+000 0.000000e+000 0.000000e+000 5.240070e-063 
0.000000e+000 0.000000e+000 0.000000e+000 0.000000e+000 1.272589e-063 
0.000000e+000 0.000000e+000 0.000000e+000 0.000000e+000 1.454387e-064 


1.454387e-064 2.177096e-148 1.454387e-125 1.454387e-125 1.454387e-125 
1.454387e-153 1.454387e-064 8.708935e-119 1.454387e-095 1.454387e-095 
1.018071e-121 1.454387e-123 1.454387e-064 6.917931e-093 1.454387e-094 
1.781624e-150 1.018071e-091 1.454387e-093 1.454387e-064 1.454387e-064 
1.781624e-149 1.781624e-120 1.018071e-091 1.454387e-063 1.454387e-063 
1.781624e-118 1.781624e-119 1.781624e-090 1.018071e-061 1.018071e-061 
3.117842e-117 1.781624e-088 1.781624e-089 1.781624e-060 1.781624e-060 
3.117842e-146 3.117842e-087 1.781624e-088 1.781624e-059 1.781624e-059 
3.117842e-115 3.117842e-116 3.117842e-087 1.781624e-058 1.781624e-058 
5.456223e-114 3.117842e-085 3.117842e-086 3.117842e-057 3.117842e-057 
5.456223e-143 5.456223e-084 3.117842e-085 3.117842e-056 3.117842e-056 
5.456223e-112 5.456223e-113 5.456223e-084 3.117842e-055 3.117842e-055 
3.819356e-111 5.456223e-082 5.456223e-083 5.456223e-054 5.456223e-054 
6.683873e-140 3.819356e-081 5.456223e-082 5.456223e-053 5.456223e-053 
1.169678e-138 6.683873e-110 3.819356e-081 5.456223e-052 5.456223e-052 
2.046936e-137 1.169678e-108 6.683873e-080 3.819356e-051 3.819356e-051 
3.582138e-136 2.046936e-107 1.169678e-078 6.683873e-050 6.683873e-050 
5.014994e-135 3.582138e-106 2.046936e-077 1.169678e-048 1.169678e-048 
2.064997e-134 5.014994e-105 3.582138e-076 2.046936e-047 2.046936e-047 
1.445498e-133 2.064997e-104 5.014994e-075 3.582138e-046 3.582138e-046 
1.011849e-132 1.445498e-103 2.064997e-074 5.014994e-045 5.014994e-045 
7.082941e-132 1.011849e-102 1.445498e-073 2.064997e-044 2.064997e-044 
4.958059e-131 7.082941e-102 1.011849e-072 1.445498e-043 1.445498e-043 
3.470641e-130 4.958059e-101 7.082941e-072 1.011849e-042 1.011849e-042 
2.024541e-129 3.470641e-100 4.958059e-071 7.082941e-042 7.082941e-042 
1.180982e-128 2.024541e-099 3.470641e-070 4.958059e-041 4.958059e-041 
8.266875e-128 1.180982e-098 2.024541e-069 3.470641e-040 3.470641e-040 
5.786812e-127 8.266875e-098 1.180982e-068 2.024541e-039 2.024541e-039 
4.050769e-126 5.786812e-097 8.266875e-068 1.180982e-038 1.180982e-038 
2.835538e-125 4.050769e-096 5.786812e-067 8.266875e-038 8.266875e-038 
3.969753e-124 2.835538e-095 4.050769e-066 5.786812e-037 5.786812e-037 
5.557654e-123 3.969753e-094 2.835538e-065 4.050769e-036 4.050769e-036 
9.725895e-122 5.557654e-093 3.969753e-064 2.835538e-035 2.835538e-035 
5.673439e-121 9.725895e-092 5.557654e-063 3.969753e-034 3.969753e-034 
3.309506e-120 5.673439e-091 9.725895e-062 5.557654e-033 5.557654e-033 
2.316654e-118 3.309506e-090 5.673439e-061 9.725895e-032 9.725895e-032 
3.243316e-117 2.316654e-088 3.309506e-060 5.673439e-031 5.673439e-031 
4.540642e-116 3.243316e-087 2.316654e-058 3.309506e-030 3.309506e-030 
2.648708e-115 4.540642e-086 3.243316e-057 2.316654e-028 2.316654e-028 
1.090644e-114 2.648708e-085 4.540642e-056 3.243316e-027 3.243316e-027 
7.634511e-113 1.090644e-084 2.648708e-055 4.540642e-026 4.540642e-026 
4.453465e-112 7.634511e-083 1.090644e-054 2.648708e-025 2.648708e-025 
1.833780e-111 4.453465e-082 7.634511e-053 1.090644e-024 1.090644e-024 
1.069705e-110 1.833780e-081 4.453465e-052 7.634511e-023 7.634511e-023 
4.404667e-110 1.069705e-080 1.833780e-051 4.453465e-022 4.453465e-022 
2.569389e-109 4.404667e-080 1.069705e-050 1.833780e-021 1.833780e-021 
1.498810e-108 2.569389e-079 4.404667e-050 1.069705e-020 1.069705e-020 
6.171572e-108 1.498810e-078 2.569389e-049 4.404667e-020 4.404667e-020 
3.600083e-107 6.171572e-078 1.498810e-048 2.569389e-019 2.569389e-019 
2.100049e-106 3.600083e-077 6.171572e-048 1.498810e-018 1.498810e-018 
8.647259e-106 2.100049e-076 3.600083e-047 6.171572e-018 6.171572e-018 
3.560636e-105 8.647259e-076 2.100049e-046 3.600083e-017 3.600083e-017 
1.466144e-104 3.560636e-075 8.647259e-046 2.100049e-016 2.100049e-016 
6.037065e-104 1.466144e-074 3.560636e-045 8.647259e-016 8.647259e-016 
5.282432e-103 6.037065e-074 1.466144e-044 3.560636e-015 3.560636e-015 
4.622128e-102 5.282432e-073 6.037065e-044 1.466144e-014 1.466144e-014 
1.903229e-101 4.622128e-072 5.282432e-043 6.037065e-014 6.037065e-014 
7.836825e-101 1.903229e-071 4.622128e-042 5.282432e-013 5.282432e-013 
4.571482e-100 7.836825e-071 1.903229e-041 4.622128e-012 4.622128e-012 
1.882375e-099 4.571482e-070 7.836825e-041 1.903229e-011 1.903229e-011 
1.647078e-098 1.882375e-069 4.571482e-040 7.836825e-011 7.836825e-011 
1.441193e-097 1.647078e-068 1.882375e-039 4.571482e-010 4.571482e-010 
1.261044e-096 1.441193e-067 1.647078e-038 1.882375e-009 1.882375e-009 
5.192534e-096 1.261044e-066 1.441193e-037 1.647078e-008 1.647078e-008 
2.138102e-095 5.192534e-066 1.261044e-036 1.441193e-007 1.441193e-007 
8.803951e-095 2.138102e-065 5.192534e-036 1.261044e-006 1.261044e-006 
7.703457e-094 8.803951e-065 2.138102e-035 5.192534e-006 5.192534e-006 
6.740525e-093 7.703457e-064 8.803951e-035 2.138102e-005 2.138102e-005 
2.775510e-092 6.740525e-063 7.703457e-034 8.803951e-005 8.803951e-005 
1.142857e-091 2.775510e-062 6.740525e-033 7.703457e-004 7.703457e-004 
1.000000e-090 1.142857e-061 2.775510e-032 6.740525e-003 6.740525e-003 
1.000000e-060 1.000000e-060 1.142857e-031 2.775510e-002 2.775510e-002 
1.000000e-030 1.000000e-030 1.000000e-030 1.142857e-001 1.142857e-001 
1.000000e+000 1.000000e+000 1.000000e+000 1.000000e+000 1.000000e+000 


1.000000e+000 0.000000e+000 0.000000e+000 0.000000e+000 0.000000e+000 
1.197467e-233 1.000000e+000 0.000000e+000 0.000000e+000 0.000000e+000 
0.000000e+000 8.981122e-174 1.000000e+000 0.000000e+000 0.000000e+000 
0.000000e+000 5.646239e-256 5.987570e-114 1.000000e+000 0.000000e+000 
0.000000e+000 0.000000e+000 2.509570e-166 4.656596e-058 1.000000e+000 
0.000000e+000 0.000000e+000 2.629589e-249 1.517872e-114 1.000000e+000 
0.000000e+000 0.000000e+000 0.000000e+000 1.236920e-171 1.000000e+000 
0.000000e+000 0.000000e+000 0.000000e+000 5.759838e-229 1.000000e+000 
0.000000e+000 0.000000e+000 0.000000e+000 2.682124e-286 1.000000e+000 
0.000000e+000 0.000000e+000 0.000000e+000 0.000000e+000 1.000000e+000 
0.000000e+000 0.000000e+000 0.000000e+000 0.000000e+000 1.000000e+000 
0.000000e+000 0.000000e+000 0.000000e+000 0.000000e+000 1.000000e+000 
0.000000e+000 0.000000e+000 0.000000e+000 0.000000e+000 1.000000e+000 
0.000000e+000 0.000000e+000 0.000000e+000 0.000000e+000 1.000000e+000 
0.000000e+000 0.000000e+000 0.000000e+000 0.000000e+000 1.000000e+000 
0.000000e+000 0.000000e+000 0.000000e+000 0.000000e+000 1.000000e+000 
0.000000e+000 0.000000e+000 0.000000e+000 0.000000e+000 1.000000e+000 
0.000000e+000 0.000000e+000 0.000000e+000 0.000000e+000 1.000000e+000 
0.000000e+000 0.000000e+000 0.000000e+000 0.000000e+000 1.000000e+000 
0.000000e+000 0.000000e+000 0.000000e+000 0.000000e+000 1.000000e+000 
0.000000e+000 0.000000e+000 0.000000e+000 0.000000e+000 1.000000e+000 
0.000000e+000 0.000000e+000 0.000000e+000 0.000000e+000 1.000000e+000 
0.000000e+000 0.000000e+000 0.000000e+000 0.000000e+000 1.000000e+000 
0.000000e+000 0.000000e+000 0.000000e+000 0.000000e+000 1.000000e+000 
0.000000e+000 0.000000e+000 0.000000e+000 0.000000e+000 1.000000e+000 
0.000000e+000 0.000000e+000 0.000000e+000 0.000000e+000 1.000000e+000 
0.000000e+000 0.000000e+000 0.000000e+000 0.000000e+000 1.000000e+000 
0.000000e+000 0.000000e+000 0.000000e+000 0.000000e+000 1.000000e+000 
0.000000e+000 0.000000e+000 0.000000e+000 0.000000e+000 1.000000e+000 
0.000000e+000 0.000000e+000 0.000000e+000 0.000000e+000 1.000000e+000 
0.000000e+000 0.000000e+000 0.000000e+000 0.000000e+000 1.000000e+000 
0.000000e+000 0.000000e+000 0.000000e+000 0.000000e+000 1.000000e+000 
0.000000e+000 0.000000e+000 0.000000e+000 0.000000e+000 1.000000e+000 
0.000000e+000 0.000000e+000 0.000000e+000 0.000000e+000 1.000000e+000 
0.000000e+000 0.000000e+000 0.000000e+000 0.000000e+000 1.000000e+000 
0.000000e+000 0.000000e+000 0.000000e+000 0.000000e+000 1.000000e+000 
0.000000e+000 0.000000e+000 0.000000e+000 0.000000e+000 1.000000e+000 
0.000000e+000 0.000000e+000 0.000000e+000 0.000000e+000 1.000000e+000 
0.000000e+000 0.000000e+000 0.000000e+000 0.000000e+000 1.000000e+000 
0.000000e+000 0.000000e+000 0.000000e+000 0.000000e+000 1.000000e+000 
0.000000e+000 0.000000e+000 0.000000e+000 0.000000e+000 1.000000e+000 
0.000000e+000 0.000000e+000 0.000000e+000 0.000000e+000 1.000000e+000 
0.000000e+000 0.000000e+000 0.000000e+000 0.000000e+000 1.000000e+000 
0.000000e+000 0.000000e+000 0.000000e+000 0.000000e+000 1.000000e+000 
0.000000e+000 0.000000e+000 0.000000e+000 0.000000e+000 1.000000e+000 
0.000000e+000 0.000000e+000 0.000000e+000 0.000000e+000 1.000000e+000 
0.000000e+000 0.000000e+000 0.000000e+000 0.000000e+000 1.000000e+000 
0.000000e+000 0.000000e+000 0.000000e+000 0.000000e+000 1.000000e+000 
0.000000e+000 0.000000e+000 0.000000e+000 0.000000e+000 1.000000e+000 
0.000000e+000 0.000000e+000 0.000000e+000 0.000000e+000 1.000000e+000 
0.000000e+000 0.000000e+000 0.000000e+000 0.000000e+000 1.000000e+000 
0.000000e+000 0.000000e+000 0.000000e+000 0.000000e+000 1.000000e+000 
0.000000e+000 0.000000e+000 0.000000e+000 0.000000e+000 1.000000e+000 
0.000000e+000 0.000000e+000 0.000000e+000 0.000000e+000 1.000000e+000 
0.000000e+000 0.000000e+000 0.000000e+000 0.000000e+000 1.000000e+000 
0.000000e+000 0.000000e+000 0.000000e+000 0.000000e+000 1.000000e+000 
0.000000e+000 0.000000e+000 0.000000e+000 0.000000e+000 1.000000e+000 
0.000000e+000 0.000000e+000 0.000000e+000 0.000000e+000 1.000000e+000 
0.000000e+000 0.000000e+000 0.000000e+000 0.000000e+000 1.000000e+000 
0.000000e+000 0.000000e+000 0.000000e+000 0.000000e+000 1.000000e+000 
0.000000e+000 0.000000e+000 0.000000e+000 0.000000e+000 1.000000e+000 
0.000000e+000 0.000000e+000 0.000000e+000 0.000000e+000 1.000000e+000 
0.000000e+000 0.000000e+000 0.000000e+000 0.000000e+000 1.000000e+000 
0.000000e+000 0.000000e+000 0.000000e+000 0.000000e+000 1.000000e+000 
0.000000e+000 0.000000e+000 0.000000e+000 0.000000e+000 1.000000e+000 
0.000000e+000 0.000000e+000 0.000000e+000 0.000000e+000 1.000000e+000 
0.000000e+000 0.000000e+000 0.000000e+000 0.000000e+000 1.000000e+000 
0.000000e+000 0.000000e+000 0.000000e+000 0.000000e+000 1.000000e+000 
0.000000e+000 0.000000e+000 0.000000e+000 0.000000e+000 1.000000e+000 
0.000000e+000 0.000000e+000 0.000000e+000 0.000000e+000 1.000000e+000 
0.000000e+000 0.000000e+000 0.000000e+000 0.000000e+000 1.000000e+000 
0.000000e+000 0.000000e+000 0.000000e+000 0.000000e+000 1.000000e+000 
0.000000e+000 0.000000e+000 0.000000e+000 0.000000e+000 1.000000e+000 
0.000000e+000 0.000000e+000 0.000000e+000 0.000000e+000 1.000000e+000 



Q star

------------
1  2  3  4  5  5  5  5  5  5  5  5  5  5  5  5  5  5  5  5  5  5  5  5  5  5  5  5  5  5  5  5  5  5  5  5  5  5  5  5  5  5  5  5  5  5  5  5  5  5  5  5  5  5  5  5  5  5  5  5  5  5  5  5  5  5  5  5  5  5  5  5  5  5  
------------

P star

-----------
1.454387e-064

A Martrix

1.197467e-233 1.000000e+000 0.000000e+000 0.000000e+000 0.000000e+000 
0.000000e+000 8.981122e-174 1.000000e+000 0.000000e+000 0.000000e+000 
0.000000e+000 0.000000e+000 5.987570e-114 1.000000e+000 0.000000e+000 
0.000000e+000 0.000000e+000 0.000000e+000 4.656596e-058 1.000000e+000 
0.000000e+000 0.000000e+000 0.000000e+000 0.000000e+000 1.000000e+000 

B Martrix

1.000000e-030 1.000000e-030 1.000000e-030 1.000000e-030 1.000000e-030 1.000000e-030 1.000000e-030 1.000000e-030 1.000000e-030 1.000000e-030 1.000000e-030 1.000000e-030 1.000000e-030 1.000000e-030 1.000000e+000 1.000000e-030 1.000000e-030 1.000000e-030 1.000000e-030 1.000000e-030 1.000000e-030 1.000000e-030 1.000000e-030 1.000000e-030 1.000000e-030 1.000000e-030 1.000000e-030 1.000000e-030 1.000000e-030 1.000000e-030 1.000000e-030 1.000000e-030 
1.000000e-030 1.000000e-030 1.000000e-030 1.000000e-030 1.000000e-030 1.000000e-030 1.000000e-030 1.000000e-030 1.000000e-030 1.000000e-030 1.000000e-030 1.000000e-030 1.000000e-030 1.000000e-030 1.000000e-030 1.000000e-030 1.000000e-030 1.000000e+000 1.000000e-030 1.000000e-030 1.000000e-030 1.000000e-030 1.000000e-030 1.000000e-030 1.000000e-030 1.000000e-030 1.000000e-030 1.000000e-030 1.000000e-030 1.000000e-030 1.000000e-030 1.000000e-030 
1.000000e-030 1.000000e+000 1.000000e-030 1.000000e-030 1.000000e-030 1.000000e-030 1.000000e-030 1.000000e-030 1.000000e-030 1.000000e-030 1.000000e-030 1.000000e-030 1.000000e-030 1.000000e-030 1.000000e-030 1.000000e-030 1.000000e-030 1.000000e-030 1.000000e-030 1.000000e-030 1.000000e-030 1.000000e-030 1.000000e-030 1.000000e-030 1.000000e-030 1.000000e-030 1.000000e-030 1.000000e-030 1.000000e-030 1.000000e-030 1.000000e-030 1.000000e-030 
1.000000e+000 1.000000e-030 1.000000e-030 1.000000e-030 1.000000e-030 1.000000e-030 1.000000e-030 1.000000e-030 1.000000e-030 1.000000e-030 1.000000e-030 1.000000e-030 1.000000e-030 1.000000e-030 1.000000e-030 1.000000e-030 1.000000e-030 1.000000e-030 1.000000e-030 1.000000e-030 1.000000e-030 1.000000e-030 1.000000e-030 1.000000e-030 1.000000e-030 1.000000e-030 1.000000e-030 1.000000e-030 1.000000e-030 1.000000e-030 1.000000e-030 1.000000e-030 
1.000000e-030 1.000000e-001 5.714286e-002 1.714286e-001 1.428571e-002 1.000000e-030 1.000000e-030 1.000000e-030 1.000000e-030 1.000000e-030 1.428571e-002 2.428571e-001 5.714286e-002 1.000000e-030 1.000000e-030 1.000000e-030 1.000000e-030 1.000000e-030 7.142857e-002 1.428571e-001 1.000000e-030 1.000000e-030 1.428571e-002 1.000000e-030 1.000000e-030 1.000000e-030 1.000000e-030 1.142857e-001 1.000000e-030 1.000000e-030 1.000000e-030 1.000000e-030 
Iteraion 4
-----------------

P(O|lamda) = 1.454387e-064

1.000000e+000 0.000000e+000 0.000000e+000 0.000000e+000 0.000000e+000 
1.197467e-263 1.000000e+000 0.000000e+000 0.000000e+000 0.000000e+000 
0.000000e+000 8.981122e-204 1.000000e+000 0.000000e+000 0.000000e+000 
0.000000e+000 0.000000e+000 5.987570e-144 1.000000e+000 0.000000e+000 
0.000000e+000 0.000000e+000 3.585100e-257 4.656596e-088 1.000000e-001 
0.000000e+000 0.000000e+000 0.000000e+000 2.168389e-175 1.428571e-003 
0.000000e+000 0.000000e+000 0.000000e+000 1.009731e-262 8.163265e-005 
0.000000e+000 0.000000e+000 0.000000e+000 0.000000e+000 8.163265e-006 
0.000000e+000 0.000000e+000 0.000000e+000 0.000000e+000 8.163265e-007 
0.000000e+000 0.000000e+000 0.000000e+000 0.000000e+000 4.664723e-008 
0.000000e+000 0.000000e+000 0.000000e+000 0.000000e+000 4.664723e-009 
0.000000e+000 0.000000e+000 0.000000e+000 0.000000e+000 4.664723e-010 
0.000000e+000 0.000000e+000 0.000000e+000 0.000000e+000 2.665556e-011 
0.000000e+000 0.000000e+000 0.000000e+000 0.000000e+000 2.665556e-012 
0.000000e+000 0.000000e+000 0.000000e+000 0.000000e+000 2.665556e-013 
0.000000e+000 0.000000e+000 0.000000e+000 0.000000e+000 3.807937e-014 
0.000000e+000 0.000000e+000 0.000000e+000 0.000000e+000 2.175964e-015 
0.000000e+000 0.000000e+000 0.000000e+000 0.000000e+000 1.243408e-016 
0.000000e+000 0.000000e+000 0.000000e+000 0.000000e+000 7.105189e-018 
0.000000e+000 0.000000e+000 0.000000e+000 0.000000e+000 4.060108e-019 
0.000000e+000 0.000000e+000 0.000000e+000 0.000000e+000 2.900077e-020 
0.000000e+000 0.000000e+000 0.000000e+000 0.000000e+000 7.043044e-021 
0.000000e+000 0.000000e+000 0.000000e+000 0.000000e+000 1.006149e-021 
0.000000e+000 0.000000e+000 0.000000e+000 0.000000e+000 1.437356e-022 
0.000000e+000 0.000000e+000 0.000000e+000 0.000000e+000 2.053366e-023 
0.000000e+000 0.000000e+000 0.000000e+000 0.000000e+000 2.933380e-024 
0.000000e+000 0.000000e+000 0.000000e+000 0.000000e+000 4.190542e-025 
0.000000e+000 0.000000e+000 0.000000e+000 0.000000e+000 7.183787e-026 
0.000000e+000 0.000000e+000 0.000000e+000 0.000000e+000 1.231506e-026 
0.000000e+000 0.000000e+000 0.000000e+000 0.000000e+000 1.759295e-027 
0.000000e+000 0.000000e+000 0.000000e+000 0.000000e+000 2.513278e-028 
0.000000e+000 0.000000e+000 0.000000e+000 0.000000e+000 3.590397e-029 
0.000000e+000 0.000000e+000 0.000000e+000 0.000000e+000 5.129139e-030 
0.000000e+000 0.000000e+000 0.000000e+000 0.000000e+000 3.663671e-031 
0.000000e+000 0.000000e+000 0.000000e+000 0.000000e+000 2.616908e-032 
0.000000e+000 0.000000e+000 0.000000e+000 0.000000e+000 1.495376e-033 
0.000000e+000 0.000000e+000 0.000000e+000 0.000000e+000 2.563501e-034 
0.000000e+000 0.000000e+000 0.000000e+000 0.000000e+000 4.394574e-035 
0.000000e+000 0.000000e+000 0.000000e+000 0.000000e+000 6.277963e-037 
0.000000e+000 0.000000e+000 0.000000e+000 0.000000e+000 4.484259e-038 
0.000000e+000 0.000000e+000 0.000000e+000 0.000000e+000 3.203042e-039 
0.000000e+000 0.000000e+000 0.000000e+000 0.000000e+000 5.490929e-040 
0.000000e+000 0.000000e+000 0.000000e+000 0.000000e+000 1.333511e-040 
0.000000e+000 0.000000e+000 0.000000e+000 0.000000e+000 1.905016e-042 
0.000000e+000 0.000000e+000 0.000000e+000 0.000000e+000 3.265742e-043 
0.000000e+000 0.000000e+000 0.000000e+000 0.000000e+000 7.931088e-044 
0.000000e+000 0.000000e+000 0.000000e+000 0.000000e+000 1.359615e-044 
0.000000e+000 0.000000e+000 0.000000e+000 0.000000e+000 3.301923e-045 
0.000000e+000 0.000000e+000 0.000000e+000 0.000000e+000 5.660439e-046 
0.000000e+000 0.000000e+000 0.000000e+000 0.000000e+000 9.703609e-047 
0.000000e+000 0.000000e+000 0.000000e+000 0.000000e+000 2.356591e-047 
0.000000e+000 0.000000e+000 0.000000e+000 0.000000e+000 4.039870e-048 
0.000000e+000 0.000000e+000 0.000000e+000 0.000000e+000 6.925491e-049 
0.000000e+000 0.000000e+000 0.000000e+000 0.000000e+000 1.681905e-049 
0.000000e+000 0.000000e+000 0.000000e+000 0.000000e+000 4.084626e-050 
0.000000e+000 0.000000e+000 0.000000e+000 0.000000e+000 9.919807e-051 
0.000000e+000 0.000000e+000 0.000000e+000 0.000000e+000 2.409096e-051 
0.000000e+000 0.000000e+000 0.000000e+000 0.000000e+000 2.753253e-052 
0.000000e+000 0.000000e+000 0.000000e+000 0.000000e+000 3.146574e-053 
0.000000e+000 0.000000e+000 0.000000e+000 0.000000e+000 7.641681e-054 
0.000000e+000 0.000000e+000 0.000000e+000 0.000000e+000 1.855837e-054 
0.000000e+000 0.000000e+000 0.000000e+000 0.000000e+000 3.181434e-055 
0.000000e+000 0.000000e+000 0.000000e+000 0.000000e+000 7.726341e-056 
0.000000e+000 0.000000e+000 0.000000e+000 0.000000e+000 8.830104e-057 
0.000000e+000 0.000000e+000 0.000000e+000 0.000000e+000 1.009155e-057 
0.000000e+000 0.000000e+000 0.000000e+000 0.000000e+000 1.153320e-058 
0.000000e+000 0.000000e+000 0.000000e+000 0.000000e+000 2.800919e-059 
0.000000e+000 0.000000e+000 0.000000e+000 0.000000e+000 6.802232e-060 
0.000000e+000 0.000000e+000 0.000000e+000 0.000000e+000 1.651971e-060 
0.000000e+000 0.000000e+000 0.000000e+000 0.000000e+000 1.887967e-061 
0.000000e+000 0.000000e+000 0.000000e+000 0.000000e+000 2.157676e-062 
0.000000e+000 0.000000e+000 0.000000e+000 0.000000e+000 5.240070e-063 
0.000000e+000 0.000000e+000 0.000000e+000 0.000000e+000 1.272589e-063 
0.000000e+000 0.000000e+000 0.000000e+000 0.000000e+000 1.454387e-064 


1.454387e-064 1.454387e-154 1.454387e-125 1.454387e-125 1.454387e-125 
1.454387e-153 1.454387e-064 1.454387e-124 1.454387e-095 1.454387e-095 
1.018071e-121 1.454387e-123 1.454387e-064 1.454387e-094 1.454387e-094 
1.781624e-150 1.018071e-091 1.454387e-093 1.454387e-064 1.454387e-064 
1.781624e-149 1.781624e-120 1.018071e-091 1.454387e-063 1.454387e-063 
1.781624e-118 1.781624e-119 1.781624e-090 1.018071e-061 1.018071e-061 
3.117842e-117 1.781624e-088 1.781624e-089 1.781624e-060 1.781624e-060 
3.117842e-146 3.117842e-087 1.781624e-088 1.781624e-059 1.781624e-059 
3.117842e-115 3.117842e-116 3.117842e-087 1.781624e-058 1.781624e-058 
5.456223e-114 3.117842e-085 3.117842e-086 3.117842e-057 3.117842e-057 
5.456223e-143 5.456223e-084 3.117842e-085 3.117842e-056 3.117842e-056 
5.456223e-112 5.456223e-113 5.456223e-084 3.117842e-055 3.117842e-055 
3.819356e-111 5.456223e-082 5.456223e-083 5.456223e-054 5.456223e-054 
6.683873e-140 3.819356e-081 5.456223e-082 5.456223e-053 5.456223e-053 
1.169678e-138 6.683873e-110 3.819356e-081 5.456223e-052 5.456223e-052 
2.046936e-137 1.169678e-108 6.683873e-080 3.819356e-051 3.819356e-051 
3.582138e-136 2.046936e-107 1.169678e-078 6.683873e-050 6.683873e-050 
5.014994e-135 3.582138e-106 2.046936e-077 1.169678e-048 1.169678e-048 
2.064997e-134 5.014994e-105 3.582138e-076 2.046936e-047 2.046936e-047 
1.445498e-133 2.064997e-104 5.014994e-075 3.582138e-046 3.582138e-046 
1.011849e-132 1.445498e-103 2.064997e-074 5.014994e-045 5.014994e-045 
7.082941e-132 1.011849e-102 1.445498e-073 2.064997e-044 2.064997e-044 
4.958059e-131 7.082941e-102 1.011849e-072 1.445498e-043 1.445498e-043 
3.470641e-130 4.958059e-101 7.082941e-072 1.011849e-042 1.011849e-042 
2.024541e-129 3.470641e-100 4.958059e-071 7.082941e-042 7.082941e-042 
1.180982e-128 2.024541e-099 3.470641e-070 4.958059e-041 4.958059e-041 
8.266875e-128 1.180982e-098 2.024541e-069 3.470641e-040 3.470641e-040 
5.786812e-127 8.266875e-098 1.180982e-068 2.024541e-039 2.024541e-039 
4.050769e-126 5.786812e-097 8.266875e-068 1.180982e-038 1.180982e-038 
2.835538e-125 4.050769e-096 5.786812e-067 8.266875e-038 8.266875e-038 
3.969753e-124 2.835538e-095 4.050769e-066 5.786812e-037 5.786812e-037 
5.557654e-123 3.969753e-094 2.835538e-065 4.050769e-036 4.050769e-036 
9.725895e-122 5.557654e-093 3.969753e-064 2.835538e-035 2.835538e-035 
5.673439e-121 9.725895e-092 5.557654e-063 3.969753e-034 3.969753e-034 
3.309506e-120 5.673439e-091 9.725895e-062 5.557654e-033 5.557654e-033 
2.316654e-118 3.309506e-090 5.673439e-061 9.725895e-032 9.725895e-032 
3.243316e-117 2.316654e-088 3.309506e-060 5.673439e-031 5.673439e-031 
4.540642e-116 3.243316e-087 2.316654e-058 3.309506e-030 3.309506e-030 
2.648708e-115 4.540642e-086 3.243316e-057 2.316654e-028 2.316654e-028 
1.090644e-114 2.648708e-085 4.540642e-056 3.243316e-027 3.243316e-027 
7.634511e-113 1.090644e-084 2.648708e-055 4.540642e-026 4.540642e-026 
4.453465e-112 7.634511e-083 1.090644e-054 2.648708e-025 2.648708e-025 
1.833780e-111 4.453465e-082 7.634511e-053 1.090644e-024 1.090644e-024 
1.069705e-110 1.833780e-081 4.453465e-052 7.634511e-023 7.634511e-023 
4.404667e-110 1.069705e-080 1.833780e-051 4.453465e-022 4.453465e-022 
2.569389e-109 4.404667e-080 1.069705e-050 1.833780e-021 1.833780e-021 
1.498810e-108 2.569389e-079 4.404667e-050 1.069705e-020 1.069705e-020 
6.171572e-108 1.498810e-078 2.569389e-049 4.404667e-020 4.404667e-020 
3.600083e-107 6.171572e-078 1.498810e-048 2.569389e-019 2.569389e-019 
2.100049e-106 3.600083e-077 6.171572e-048 1.498810e-018 1.498810e-018 
8.647259e-106 2.100049e-076 3.600083e-047 6.171572e-018 6.171572e-018 
3.560636e-105 8.647259e-076 2.100049e-046 3.600083e-017 3.600083e-017 
1.466144e-104 3.560636e-075 8.647259e-046 2.100049e-016 2.100049e-016 
6.037065e-104 1.466144e-074 3.560636e-045 8.647259e-016 8.647259e-016 
5.282432e-103 6.037065e-074 1.466144e-044 3.560636e-015 3.560636e-015 
4.622128e-102 5.282432e-073 6.037065e-044 1.466144e-014 1.466144e-014 
1.903229e-101 4.622128e-072 5.282432e-043 6.037065e-014 6.037065e-014 
7.836825e-101 1.903229e-071 4.622128e-042 5.282432e-013 5.282432e-013 
4.571482e-100 7.836825e-071 1.903229e-041 4.622128e-012 4.622128e-012 
1.882375e-099 4.571482e-070 7.836825e-041 1.903229e-011 1.903229e-011 
1.647078e-098 1.882375e-069 4.571482e-040 7.836825e-011 7.836825e-011 
1.441193e-097 1.647078e-068 1.882375e-039 4.571482e-010 4.571482e-010 
1.261044e-096 1.441193e-067 1.647078e-038 1.882375e-009 1.882375e-009 
5.192534e-096 1.261044e-066 1.441193e-037 1.647078e-008 1.647078e-008 
2.138102e-095 5.192534e-066 1.261044e-036 1.441193e-007 1.441193e-007 
8.803951e-095 2.138102e-065 5.192534e-036 1.261044e-006 1.261044e-006 
7.703457e-094 8.803951e-065 2.138102e-035 5.192534e-006 5.192534e-006 
6.740525e-093 7.703457e-064 8.803951e-035 2.138102e-005 2.138102e-005 
2.775510e-092 6.740525e-063 7.703457e-034 8.803951e-005 8.803951e-005 
1.142857e-091 2.775510e-062 6.740525e-033 7.703457e-004 7.703457e-004 
1.000000e-090 1.142857e-061 2.775510e-032 6.740525e-003 6.740525e-003 
1.000000e-060 1.000000e-060 1.142857e-031 2.775510e-002 2.775510e-002 
1.000000e-030 1.000000e-030 1.000000e-030 1.142857e-001 1.142857e-001 
1.000000e+000 1.000000e+000 1.000000e+000 1.000000e+000 1.000000e+000 


1.000000e+000 0.000000e+000 0.000000e+000 0.000000e+000 0.000000e+000 
0.000000e+000 1.000000e+000 0.000000e+000 0.000000e+000 0.000000e+000 
0.000000e+000 8.981122e-263 1.000000e+000 0.000000e+000 0.000000e+000 
0.000000e+000 0.000000e+000 5.987570e-173 1.000000e+000 0.000000e+000 
0.000000e+000 0.000000e+000 2.509570e-284 4.656596e-087 1.000000e+000 
0.000000e+000 0.000000e+000 0.000000e+000 1.517872e-172 1.000000e+000 
0.000000e+000 0.000000e+000 0.000000e+000 1.236920e-258 1.000000e+000 
0.000000e+000 0.000000e+000 0.000000e+000 0.000000e+000 1.000000e+000 
0.000000e+000 0.000000e+000 0.000000e+000 0.000000e+000 1.000000e+000 
0.000000e+000 0.000000e+000 0.000000e+000 0.000000e+000 1.000000e+000 
0.000000e+000 0.000000e+000 0.000000e+000 0.000000e+000 1.000000e+000 
0.000000e+000 0.000000e+000 0.000000e+000 0.000000e+000 1.000000e+000 
0.000000e+000 0.000000e+000 0.000000e+000 0.000000e+000 1.000000e+000 
0.000000e+000 0.000000e+000 0.000000e+000 0.000000e+000 1.000000e+000 
0.000000e+000 0.000000e+000 0.000000e+000 0.000000e+000 1.000000e+000 
0.000000e+000 0.000000e+000 0.000000e+000 0.000000e+000 1.000000e+000 
0.000000e+000 0.000000e+000 0.000000e+000 0.000000e+000 1.000000e+000 
0.000000e+000 0.000000e+000 0.000000e+000 0.000000e+000 1.000000e+000 
0.000000e+000 0.000000e+000 0.000000e+000 0.000000e+000 1.000000e+000 
0.000000e+000 0.000000e+000 0.000000e+000 0.000000e+000 1.000000e+000 
0.000000e+000 0.000000e+000 0.000000e+000 0.000000e+000 1.000000e+000 
0.000000e+000 0.000000e+000 0.000000e+000 0.000000e+000 1.000000e+000 
0.000000e+000 0.000000e+000 0.000000e+000 0.000000e+000 1.000000e+000 
0.000000e+000 0.000000e+000 0.000000e+000 0.000000e+000 1.000000e+000 
0.000000e+000 0.000000e+000 0.000000e+000 0.000000e+000 1.000000e+000 
0.000000e+000 0.000000e+000 0.000000e+000 0.000000e+000 1.000000e+000 
0.000000e+000 0.000000e+000 0.000000e+000 0.000000e+000 1.000000e+000 
0.000000e+000 0.000000e+000 0.000000e+000 0.000000e+000 1.000000e+000 
0.000000e+000 0.000000e+000 0.000000e+000 0.000000e+000 1.000000e+000 
0.000000e+000 0.000000e+000 0.000000e+000 0.000000e+000 1.000000e+000 
0.000000e+000 0.000000e+000 0.000000e+000 0.000000e+000 1.000000e+000 
0.000000e+000 0.000000e+000 0.000000e+000 0.000000e+000 1.000000e+000 
0.000000e+000 0.000000e+000 0.000000e+000 0.000000e+000 1.000000e+000 
0.000000e+000 0.000000e+000 0.000000e+000 0.000000e+000 1.000000e+000 
0.000000e+000 0.000000e+000 0.000000e+000 0.000000e+000 1.000000e+000 
0.000000e+000 0.000000e+000 0.000000e+000 0.000000e+000 1.000000e+000 
0.000000e+000 0.000000e+000 0.000000e+000 0.000000e+000 1.000000e+000 
0.000000e+000 0.000000e+000 0.000000e+000 0.000000e+000 1.000000e+000 
0.000000e+000 0.000000e+000 0.000000e+000 0.000000e+000 1.000000e+000 
0.000000e+000 0.000000e+000 0.000000e+000 0.000000e+000 1.000000e+000 
0.000000e+000 0.000000e+000 0.000000e+000 0.000000e+000 1.000000e+000 
0.000000e+000 0.000000e+000 0.000000e+000 0.000000e+000 1.000000e+000 
0.000000e+000 0.000000e+000 0.000000e+000 0.000000e+000 1.000000e+000 
0.000000e+000 0.000000e+000 0.000000e+000 0.000000e+000 1.000000e+000 
0.000000e+000 0.000000e+000 0.000000e+000 0.000000e+000 1.000000e+000 
0.000000e+000 0.000000e+000 0.000000e+000 0.000000e+000 1.000000e+000 
0.000000e+000 0.000000e+000 0.000000e+000 0.000000e+000 1.000000e+000 
0.000000e+000 0.000000e+000 0.000000e+000 0.000000e+000 1.000000e+000 
0.000000e+000 0.000000e+000 0.000000e+000 0.000000e+000 1.000000e+000 
0.000000e+000 0.000000e+000 0.000000e+000 0.000000e+000 1.000000e+000 
0.000000e+000 0.000000e+000 0.000000e+000 0.000000e+000 1.000000e+000 
0.000000e+000 0.000000e+000 0.000000e+000 0.000000e+000 1.000000e+000 
0.000000e+000 0.000000e+000 0.000000e+000 0.000000e+000 1.000000e+000 
0.000000e+000 0.000000e+000 0.000000e+000 0.000000e+000 1.000000e+000 
0.000000e+000 0.000000e+000 0.000000e+000 0.000000e+000 1.000000e+000 
0.000000e+000 0.000000e+000 0.000000e+000 0.000000e+000 1.000000e+000 
0.000000e+000 0.000000e+000 0.000000e+000 0.000000e+000 1.000000e+000 
0.000000e+000 0.000000e+000 0.000000e+000 0.000000e+000 1.000000e+000 
0.000000e+000 0.000000e+000 0.000000e+000 0.000000e+000 1.000000e+000 
0.000000e+000 0.000000e+000 0.000000e+000 0.000000e+000 1.000000e+000 
0.000000e+000 0.000000e+000 0.000000e+000 0.000000e+000 1.000000e+000 
0.000000e+000 0.000000e+000 0.000000e+000 0.000000e+000 1.000000e+000 
0.000000e+000 0.000000e+000 0.000000e+000 0.000000e+000 1.000000e+000 
0.000000e+000 0.000000e+000 0.000000e+000 0.000000e+000 1.000000e+000 
0.000000e+000 0.000000e+000 0.000000e+000 0.000000e+000 1.000000e+000 
0.000000e+000 0.000000e+000 0.000000e+000 0.000000e+000 1.000000e+000 
0.000000e+000 0.000000e+000 0.000000e+000 0.000000e+000 1.000000e+000 
0.000000e+000 0.000000e+000 0.000000e+000 0.000000e+000 1.000000e+000 
0.000000e+000 0.000000e+000 0.000000e+000 0.000000e+000 1.000000e+000 
0.000000e+000 0.000000e+000 0.000000e+000 0.000000e+000 1.000000e+000 
0.000000e+000 0.000000e+000 0.000000e+000 0.000000e+000 1.000000e+000 
0.000000e+000 0.000000e+000 0.000000e+000 0.000000e+000 1.000000e+000 
0.000000e+000 0.000000e+000 0.000000e+000 0.000000e+000 1.000000e+000 
0.000000e+000 0.000000e+000 0.000000e+000 0.000000e+000 1.000000e+000 



Q star

------------
1  2  3  4  5  5  5  5  5  5  5  5  5  5  5  5  5  5  5  5  5  5  5  5  5  5  5  5  5  5  5  5  5  5  5  5  5  5  5  5  5  5  5  5  5  5  5  5  5  5  5  5  5  5  5  5  5  5  5  5  5  5  5  5  5  5  5  5  5  5  5  5  5  5  
------------

P star

-----------
1.454387e-064

A Martrix

0.000000e+000 1.000000e+000 0.000000e+000 0.000000e+000 0.000000e+000 
0.000000e+000 8.981122e-263 1.000000e+000 0.000000e+000 0.000000e+000 
0.000000e+000 0.000000e+000 5.987570e-173 1.000000e+000 0.000000e+000 
0.000000e+000 0.000000e+000 0.000000e+000 4.656596e-087 1.000000e+000 
0.000000e+000 0.000000e+000 0.000000e+000 0.000000e+000 1.000000e+000 

B Martrix

1.000000e-030 1.000000e-030 1.000000e-030 1.000000e-030 1.000000e-030 1.000000e-030 1.000000e-030 1.000000e-030 1.000000e-030 1.000000e-030 1.000000e-030 1.000000e-030 1.000000e-030 1.000000e-030 1.000000e+000 1.000000e-030 1.000000e-030 1.000000e-030 1.000000e-030 1.000000e-030 1.000000e-030 1.000000e-030 1.000000e-030 1.000000e-030 1.000000e-030 1.000000e-030 1.000000e-030 1.000000e-030 1.000000e-030 1.000000e-030 1.000000e-030 1.000000e-030 
1.000000e-030 1.000000e-030 1.000000e-030 1.000000e-030 1.000000e-030 1.000000e-030 1.000000e-030 1.000000e-030 1.000000e-030 1.000000e-030 1.000000e-030 1.000000e-030 1.000000e-030 1.000000e-030 1.000000e-030 1.000000e-030 1.000000e-030 1.000000e+000 1.000000e-030 1.000000e-030 1.000000e-030 1.000000e-030 1.000000e-030 1.000000e-030 1.000000e-030 1.000000e-030 1.000000e-030 1.000000e-030 1.000000e-030 1.000000e-030 1.000000e-030 1.000000e-030 
1.000000e-030 1.000000e+000 1.000000e-030 1.000000e-030 1.000000e-030 1.000000e-030 1.000000e-030 1.000000e-030 1.000000e-030 1.000000e-030 1.000000e-030 1.000000e-030 1.000000e-030 1.000000e-030 1.000000e-030 1.000000e-030 1.000000e-030 1.000000e-030 1.000000e-030 1.000000e-030 1.000000e-030 1.000000e-030 1.000000e-030 1.000000e-030 1.000000e-030 1.000000e-030 1.000000e-030 1.000000e-030 1.000000e-030 1.000000e-030 1.000000e-030 1.000000e-030 
1.000000e+000 1.000000e-030 1.000000e-030 1.000000e-030 1.000000e-030 1.000000e-030 1.000000e-030 1.000000e-030 1.000000e-030 1.000000e-030 1.000000e-030 1.000000e-030 1.000000e-030 1.000000e-030 1.000000e-030 1.000000e-030 1.000000e-030 1.000000e-030 1.000000e-030 1.000000e-030 1.000000e-030 1.000000e-030 1.000000e-030 1.000000e-030 1.000000e-030 1.000000e-030 1.000000e-030 1.000000e-030 1.000000e-030 1.000000e-030 1.000000e-030 1.000000e-030 
1.000000e-030 1.000000e-001 5.714286e-002 1.714286e-001 1.428571e-002 1.000000e-030 1.000000e-030 1.000000e-030 1.000000e-030 1.000000e-030 1.428571e-002 2.428571e-001 5.714286e-002 1.000000e-030 1.000000e-030 1.000000e-030 1.000000e-030 1.000000e-030 7.142857e-002 1.428571e-001 1.000000e-030 1.000000e-030 1.428571e-002 1.000000e-030 1.000000e-030 1.000000e-030 1.000000e-030 1.142857e-001 1.000000e-030 1.000000e-030 1.000000e-030 1.000000e-030 
=================
