6	28	28	12	20	4	28	28	20	28	12	20	28	20	28	28	12	19	12	28	20	20	20	4	28	28	12	12	12	28	28	20	11	16	16	16	16	28	12	12	16	16	28	16	

P(O|lamda) = 2.284110e-111

2.500000e-001 0.000000e+000 0.000000e+000 0.000000e+000 0.000000e+000 
6.427658e-033 2.435723e-031 0.000000e+000 0.000000e+000 0.000000e+000 
1.652591e-064 1.551414e-062 2.343206e-061 0.000000e+000 0.000000e+000 
4.248916e-096 3.751459e-065 4.536399e-092 2.038815e-062 0.000000e+000 
1.092423e-127 1.424937e-096 3.608966e-095 4.557799e-093 1.776871e-063 
2.808689e-159 5.412413e-128 6.058996e-126 1.050304e-123 1.468285e-064 
7.221315e-191 2.055825e-159 8.391549e-157 2.400688e-154 2.702641e-065 
1.856646e-222 7.808750e-191 1.109872e-187 5.439786e-185 4.974695e-066 
4.773553e-254 2.966039e-222 1.449277e-218 1.225729e-215 5.583827e-067 
1.227311e-285 1.126606e-253 1.885520e-249 2.752744e-246 1.027803e-067 
3.155493e-317 2.139624e-256 2.450446e-280 6.170203e-248 2.628370e-068 
0.000000e+000 8.127048e-288 2.058354e-286 1.379358e-278 2.950204e-069 
0.000000e+000 3.086922e-319 3.455715e-317 3.083573e-309 5.430378e-070 
0.000000e+000 0.000000e+000 0.000000e+000 0.000000e+000 6.095306e-071 
0.000000e+000 0.000000e+000 0.000000e+000 0.000000e+000 1.121950e-071 
0.000000e+000 0.000000e+000 0.000000e+000 0.000000e+000 2.065150e-072 
0.000000e+000 0.000000e+000 0.000000e+000 0.000000e+000 5.281147e-073 
0.000000e+000 0.000000e+000 0.000000e+000 0.000000e+000 3.045482e-074 
0.000000e+000 0.000000e+000 0.000000e+000 0.000000e+000 7.788119e-075 
0.000000e+000 0.000000e+000 0.000000e+000 0.000000e+000 1.433543e-075 
0.000000e+000 0.000000e+000 0.000000e+000 0.000000e+000 1.609074e-076 
0.000000e+000 0.000000e+000 0.000000e+000 0.000000e+000 1.806099e-077 
0.000000e+000 0.000000e+000 0.000000e+000 0.000000e+000 2.027249e-078 
0.000000e+000 0.000000e+000 0.000000e+000 0.000000e+000 1.675180e-079 
0.000000e+000 0.000000e+000 0.000000e+000 0.000000e+000 3.083468e-080 
0.000000e+000 0.000000e+000 0.000000e+000 0.000000e+000 5.675675e-081 
0.000000e+000 0.000000e+000 0.000000e+000 0.000000e+000 1.451423e-081 
0.000000e+000 0.000000e+000 0.000000e+000 0.000000e+000 3.711681e-082 
0.000000e+000 0.000000e+000 0.000000e+000 0.000000e+000 9.491771e-083 
0.000000e+000 0.000000e+000 0.000000e+000 0.000000e+000 1.747130e-083 
0.000000e+000 0.000000e+000 0.000000e+000 0.000000e+000 3.215906e-084 
0.000000e+000 0.000000e+000 0.000000e+000 0.000000e+000 3.609681e-085 
0.000000e+000 0.000000e+000 0.000000e+000 0.000000e+000 2.948133e-087 
0.000000e+000 0.000000e+000 0.000000e+000 0.000000e+000 2.537206e-090 
0.000000e+000 0.000000e+000 0.000000e+000 0.000000e+000 2.183556e-093 
0.000000e+000 0.000000e+000 0.000000e+000 0.000000e+000 1.879200e-096 
0.000000e+000 0.000000e+000 0.000000e+000 0.000000e+000 1.617267e-099 
0.000000e+000 0.000000e+000 0.000000e+000 0.000000e+000 2.976869e-100 
0.000000e+000 0.000000e+000 0.000000e+000 0.000000e+000 7.612658e-101 
0.000000e+000 0.000000e+000 0.000000e+000 0.000000e+000 1.946762e-101 
0.000000e+000 0.000000e+000 0.000000e+000 0.000000e+000 1.675412e-104 
0.000000e+000 0.000000e+000 0.000000e+000 0.000000e+000 1.441884e-107 
0.000000e+000 0.000000e+000 0.000000e+000 0.000000e+000 2.654045e-108 
0.000000e+000 0.000000e+000 0.000000e+000 0.000000e+000 2.284110e-111 



P(O|lamda) = 5.494264e-081

1.250000e-002 0.000000e+000 0.000000e+000 0.000000e+000 0.000000e+000 
1.037037e-153 1.250000e-003 0.000000e+000 0.000000e+000 0.000000e+000 
8.603565e-305 2.183804e-090 1.312500e-033 0.000000e+000 0.000000e+000 
0.000000e+000 9.537998e-179 3.445313e-065 6.398438e-036 0.000000e+000 
0.000000e+000 4.165823e-265 3.014648e-067 3.043279e-037 1.148346e-037 
0.000000e+000 0.000000e+000 7.913452e-099 2.412450e-039 8.154064e-039 
0.000000e+000 0.000000e+000 2.077281e-130 4.016003e-070 1.259081e-039 
0.000000e+000 0.000000e+000 5.452863e-162 6.685438e-101 1.556637e-040 
0.000000e+000 0.000000e+000 4.771255e-164 3.179784e-102 3.320122e-042 
0.000000e+000 0.000000e+000 1.252454e-195 5.293385e-133 4.104760e-043 
0.000000e+000 0.000000e+000 3.287693e-227 4.196140e-136 5.641717e-044 
0.000000e+000 0.000000e+000 2.876731e-229 1.995804e-137 1.203311e-045 
0.000000e+000 0.000000e+000 7.551420e-261 3.322413e-168 1.487687e-046 
0.000000e+000 0.000000e+000 6.607492e-263 1.580234e-169 3.173060e-048 
0.000000e+000 0.000000e+000 1.734467e-294 2.630615e-200 3.922943e-049 
0.000000e+000 0.000000e+000 0.000000e+000 4.379182e-231 4.850044e-050 
0.000000e+000 0.000000e+000 0.000000e+000 3.471439e-234 6.666060e-051 
0.000000e+000 0.000000e+000 0.000000e+000 1.375929e-235 2.975391e-052 
0.000000e+000 0.000000e+000 0.000000e+000 1.090718e-238 4.089475e-053 
0.000000e+000 0.000000e+000 0.000000e+000 1.815718e-269 5.055933e-054 
0.000000e+000 0.000000e+000 0.000000e+000 8.636072e-271 1.078370e-055 
0.000000e+000 0.000000e+000 0.000000e+000 4.107561e-272 2.300035e-057 
0.000000e+000 0.000000e+000 0.000000e+000 1.953673e-273 4.905702e-059 
0.000000e+000 0.000000e+000 0.000000e+000 1.548704e-275 1.078457e-060 
0.000000e+000 0.000000e+000 0.000000e+000 2.578126e-306 1.333326e-061 
0.000000e+000 0.000000e+000 0.000000e+000 0.000000e+000 1.648429e-062 
0.000000e+000 0.000000e+000 0.000000e+000 0.000000e+000 2.265655e-063 
0.000000e+000 0.000000e+000 0.000000e+000 0.000000e+000 3.113991e-064 
0.000000e+000 0.000000e+000 0.000000e+000 0.000000e+000 4.279971e-065 
0.000000e+000 0.000000e+000 0.000000e+000 0.000000e+000 5.291448e-066 
0.000000e+000 0.000000e+000 0.000000e+000 0.000000e+000 6.541966e-067 
0.000000e+000 0.000000e+000 0.000000e+000 0.000000e+000 1.395323e-068 
0.000000e+000 0.000000e+000 0.000000e+000 0.000000e+000 1.558653e-069 
0.000000e+000 0.000000e+000 0.000000e+000 0.000000e+000 1.154171e-070 
0.000000e+000 0.000000e+000 0.000000e+000 0.000000e+000 8.546554e-072 
0.000000e+000 0.000000e+000 0.000000e+000 0.000000e+000 6.328661e-073 
0.000000e+000 0.000000e+000 0.000000e+000 0.000000e+000 4.686327e-074 
0.000000e+000 0.000000e+000 0.000000e+000 0.000000e+000 5.793837e-075 
0.000000e+000 0.000000e+000 0.000000e+000 0.000000e+000 7.963241e-076 
0.000000e+000 0.000000e+000 0.000000e+000 0.000000e+000 1.094494e-076 
0.000000e+000 0.000000e+000 0.000000e+000 0.000000e+000 8.104649e-078 
0.000000e+000 0.000000e+000 0.000000e+000 0.000000e+000 6.001433e-079 
0.000000e+000 0.000000e+000 0.000000e+000 0.000000e+000 7.419740e-080 
0.000000e+000 0.000000e+000 0.000000e+000 0.000000e+000 5.494264e-081 



P(O|lamda) = 2.943040e-035

1.006250e-001 0.000000e+000 0.000000e+000 0.000000e+000 0.000000e+000 
2.988150e-004 5.051382e-002 0.000000e+000 0.000000e+000 0.000000e+000 
8.873580e-007 3.015107e-004 1.757483e-002 0.000000e+000 0.000000e+000 
5.270179e-010 6.685377e-007 1.086254e-004 4.201272e-003 0.000000e+000 
3.294382e-042 5.056260e-010 1.754482e-006 1.249024e-004 1.039557e-003 
2.059314e-074 3.160662e-042 1.580434e-008 4.271934e-006 7.428381e-005 
6.115318e-077 9.479728e-045 2.475544e-010 1.018956e-007 1.700887e-005 
1.815999e-079 2.843241e-047 3.877619e-012 2.411903e-009 3.732952e-006 
1.135178e-111 1.899734e-050 5.509791e-014 6.248721e-011 1.094328e-006 
3.371014e-114 5.697845e-053 8.630372e-016 1.465235e-012 2.389756e-007 
2.002106e-117 8.464361e-056 3.862387e-018 5.721752e-014 2.205055e-008 
1.251514e-149 5.655529e-059 5.488149e-020 1.468493e-015 6.460685e-009 
3.716483e-152 1.696255e-061 8.596472e-022 3.425638e-017 1.410795e-009 
2.323169e-184 1.133366e-064 1.221491e-023 8.789639e-019 4.133539e-010 
6.898859e-187 3.399288e-067 1.913307e-025 2.050114e-020 9.026247e-011 
2.048678e-189 1.019544e-069 2.996947e-027 4.781597e-022 1.971026e-011 
1.216747e-192 1.514570e-072 1.341237e-029 1.860555e-023 1.818679e-012 
7.605869e-225 4.497652e-077 1.050436e-032 4.700852e-025 1.728314e-013 
4.517263e-228 6.681431e-080 4.701063e-035 1.829066e-026 1.594727e-014 
1.341442e-230 2.003952e-082 7.363605e-037 4.265789e-028 3.482343e-015 
8.385335e-263 1.338956e-085 1.046310e-038 1.094365e-029 1.020304e-015 
5.241662e-295 8.946339e-089 1.486725e-040 2.807532e-031 2.989426e-016 
0.000000e+000 5.977566e-092 2.112519e-042 7.202569e-033 8.758826e-017 
0.000000e+000 3.736569e-124 1.890849e-044 2.267729e-034 5.682244e-018 
0.000000e+000 1.120704e-126 2.961770e-046 5.288849e-036 1.240809e-018 
0.000000e+000 3.361311e-129 4.639228e-048 1.233477e-037 2.709507e-019 
0.000000e+000 4.993353e-132 2.076214e-050 4.799367e-039 2.500080e-020 
0.000000e+000 7.417813e-135 9.291768e-053 1.867397e-040 2.306840e-021 
0.000000e+000 1.101944e-137 4.158385e-055 7.265902e-042 2.128537e-022 
0.000000e+000 3.305045e-140 6.513569e-057 1.694570e-043 4.648003e-023 
0.000000e+000 9.912774e-143 1.020266e-058 3.952114e-045 1.014966e-023 
0.000000e+000 6.623297e-146 1.449718e-060 1.013893e-046 2.973786e-024 
0.000000e+000 3.933695e-150 4.865988e-064 1.182312e-049 1.661607e-025 
0.000000e+000 2.511514e-153 2.292026e-095 1.934786e-080 2.050803e-026 
0.000000e+000 1.603506e-156 1.079613e-126 3.166167e-111 2.531161e-027 
0.000000e+000 1.023777e-159 5.085297e-158 5.181251e-142 3.124032e-028 
0.000000e+000 6.536428e-163 3.466453e-189 8.478821e-173 3.855771e-029 
0.000000e+000 1.960462e-165 2.274163e-163 1.977450e-174 8.419698e-030 
0.000000e+000 2.912339e-168 1.212648e-165 5.436396e-164 7.768911e-031 
0.000000e+000 4.326389e-171 5.716518e-168 2.405145e-165 7.168425e-032 
0.000000e+000 2.762234e-174 2.737915e-199 3.993355e-196 8.847478e-033 
0.000000e+000 1.763581e-177 2.889985e-204 6.562424e-227 1.091981e-033 
0.000000e+000 5.289484e-180 6.135874e-178 4.140972e-205 2.384517e-034 
0.000000e+000 3.377134e-183 3.443592e-209 6.168990e-208 2.943040e-035 



P(O|lamda) = 2.324945e-066

2.334194e-001 0.000000e+000 0.000000e+000 0.000000e+000 0.000000e+000 
1.908051e-003 4.287897e-003 0.000000e+000 0.000000e+000 0.000000e+000 
1.559707e-005 6.547007e-005 5.395550e-005 0.000000e+000 0.000000e+000 
7.873429e-007 6.320284e-006 1.321707e-005 1.142472e-005 0.000000e+000 
2.258236e-037 1.321061e-008 1.398010e-007 1.080347e-007 1.067207e-007 
6.477013e-068 3.906972e-039 5.457757e-010 1.355433e-009 8.723958e-010 
5.294535e-070 2.771695e-041 3.079729e-012 6.457100e-012 9.621904e-011 
4.327936e-072 1.966303e-043 1.737844e-014 3.319855e-014 5.559058e-012 
1.241327e-102 3.107540e-046 8.895794e-017 1.963883e-016 8.174853e-014 
1.014704e-104 2.204560e-048 5.019761e-019 9.857772e-019 4.536152e-015 
5.122243e-106 1.316246e-049 3.318158e-020 2.179217e-019 4.173401e-016 
1.469148e-136 2.080192e-052 1.698522e-022 8.369499e-022 6.115934e-018 
1.200933e-138 1.475735e-054 9.584497e-025 3.137709e-024 3.388782e-019 
3.444483e-169 2.332248e-057 4.906178e-027 1.473765e-026 4.964486e-021 
2.815640e-171 1.654550e-059 2.768481e-029 6.498398e-029 2.750541e-022 
2.301602e-173 1.173775e-061 1.562212e-031 3.172914e-031 1.523916e-023 
1.161853e-174 7.008100e-063 1.032652e-032 6.900957e-032 1.401856e-024 
3.332395e-205 4.922481e-067 2.913548e-036 2.600252e-034 6.661008e-027 
1.682199e-206 2.938998e-068 1.925911e-037 3.006275e-035 6.127484e-028 
1.375088e-208 2.084992e-070 1.086762e-039 8.268036e-038 3.394886e-029 
3.943991e-239 3.295116e-073 5.562993e-042 2.532456e-040 4.973399e-031 
1.131205e-269 5.207592e-076 2.847623e-044 7.881675e-043 7.285870e-033 
3.244492e-300 8.230064e-079 1.457661e-046 2.515384e-045 1.067357e-034 
0.000000e+000 2.434000e-109 4.700204e-049 1.022868e-047 5.302481e-037 
0.000000e+000 1.726735e-111 2.652253e-051 3.018700e-050 2.937799e-038 
0.000000e+000 1.224985e-113 1.496626e-053 9.551713e-053 1.627665e-039 
0.000000e+000 7.313852e-115 9.892984e-055 1.398558e-053 1.497294e-040 
0.000000e+000 4.366782e-116 6.539453e-056 1.793235e-054 1.377366e-041 
0.000000e+000 2.607215e-117 4.322704e-057 2.169168e-055 1.267044e-042 
0.000000e+000 1.849617e-119 2.439236e-059 6.114821e-058 7.019961e-044 
0.000000e+000 1.312161e-121 1.376423e-061 1.785781e-060 3.889355e-045 
0.000000e+000 2.073735e-124 7.045730e-064 6.107940e-063 5.697781e-047 
0.000000e+000 2.913178e-128 8.519566e-068 1.008998e-066 1.591821e-049 
0.000000e+000 4.399357e-131 2.891688e-098 4.456242e-097 2.830654e-051 
0.000000e+000 6.643721e-134 9.814887e-129 1.905981e-127 5.033608e-053 
0.000000e+000 1.003306e-136 3.331392e-159 7.969985e-158 8.951008e-055 
0.000000e+000 1.515150e-139 7.593825e-167 3.277587e-188 1.591712e-056 
0.000000e+000 1.074882e-141 1.906545e-141 3.858906e-169 8.818758e-058 
0.000000e+000 6.417652e-143 2.844675e-142 4.036983e-142 8.112406e-059 
0.000000e+000 3.831700e-144 2.826368e-143 1.059498e-142 7.462631e-060 
0.000000e+000 5.786470e-147 1.249332e-173 6.057028e-173 1.327042e-061 
0.000000e+000 8.738480e-150 4.379663e-177 3.201364e-203 2.359810e-063 
0.000000e+000 6.199276e-152 1.099581e-151 2.225586e-179 1.307435e-064 
0.000000e+000 9.361882e-155 8.424276e-182 7.842298e-182 2.324945e-066 



P(O|lamda) = 5.503878e-075

1.167097e-002 0.000000e+000 0.000000e+000 0.000000e+000 0.000000e+000 
9.217160e-006 1.450864e-005 0.000000e+000 0.000000e+000 0.000000e+000 
7.279261e-009 1.269399e-008 1.183859e-008 0.000000e+000 0.000000e+000 
1.034021e-012 8.525791e-011 1.424577e-010 1.527852e-010 0.000000e+000 
3.171336e-015 5.418011e-012 4.180413e-011 4.727515e-011 2.947079e-011 
5.119190e-047 3.880541e-043 6.226279e-013 2.369940e-014 3.162971e-012 
4.042886e-050 3.311623e-047 9.483241e-017 1.951527e-016 6.072060e-014 
3.192873e-053 2.870941e-051 1.444392e-020 4.839115e-020 1.162002e-015 
9.792521e-056 1.801662e-052 1.007688e-021 7.361910e-021 3.028544e-016 
7.733653e-059 1.546743e-056 1.534809e-025 1.029585e-024 5.782036e-018 
1.098567e-062 1.189683e-059 2.738410e-028 6.161847e-027 1.966394e-019 
3.369300e-065 6.509831e-061 1.910468e-029 5.490246e-028 5.124882e-020 
2.660908e-068 5.548951e-065 2.909832e-033 5.942418e-032 9.784149e-022 
8.160987e-071 3.016924e-066 2.030061e-034 5.361462e-033 2.549978e-022 
6.445148e-074 2.570686e-070 3.091985e-038 5.853949e-037 4.868280e-024 
5.090061e-077 2.197600e-074 4.709400e-042 6.662822e-041 9.294258e-026 
7.230445e-081 1.628586e-077 8.402522e-045 3.313504e-043 3.160854e-027 
1.167143e-112 1.105992e-079 7.313712e-046 5.587031e-044 1.046161e-027 
1.657930e-116 7.928215e-083 1.304914e-048 2.363241e-046 3.557854e-029 
1.309352e-119 6.752874e-087 1.987514e-052 2.343590e-050 6.792463e-031 
4.015773e-122 3.645971e-088 1.386600e-053 1.879045e-051 1.770275e-031 
1.231635e-124 1.968510e-089 9.673698e-055 1.501447e-052 4.613751e-032 
3.777418e-127 1.062826e-090 6.748911e-056 1.196240e-053 1.202451e-032 
6.097533e-159 7.547796e-122 5.932603e-058 1.602097e-057 5.900309e-034 
4.815532e-162 6.428852e-126 9.035944e-062 3.398847e-061 1.126455e-035 
3.803071e-165 5.475789e-130 1.376264e-065 6.111110e-065 2.150567e-037 
5.402272e-169 3.925276e-133 2.455533e-068 4.257842e-067 7.313793e-039 
7.673941e-173 2.813803e-136 4.381167e-071 2.045982e-069 2.487324e-040 
1.090085e-176 2.017052e-139 7.816888e-074 8.874002e-072 8.459057e-042 
8.608959e-180 1.718029e-143 1.190590e-077 8.890559e-076 1.614958e-043 
6.798933e-183 1.463335e-147 1.813387e-081 9.033343e-080 3.083190e-045 
2.085229e-185 7.900746e-149 1.265120e-082 7.502616e-081 8.035514e-046 
3.997115e-191 1.332570e-154 4.129077e-088 3.851880e-086 2.972162e-047 
3.095430e-194 2.416130e-159 7.565704e-119 1.089646e-116 2.642623e-050 
2.397150e-197 4.380772e-164 1.386263e-149 3.046687e-147 2.349621e-053 
1.856392e-200 7.942936e-169 2.540049e-180 8.455252e-178 2.089106e-056 
1.437619e-203 1.440162e-173 7.796902e-199 2.335161e-208 1.857476e-059 
1.135361e-206 1.226661e-177 1.175126e-176 2.414890e-202 3.546193e-061 
1.612783e-210 8.793224e-181 3.269163e-179 1.516582e-178 1.206013e-062 
2.290963e-214 6.303353e-184 6.673347e-182 1.037781e-180 4.101490e-064 
1.774158e-217 1.142883e-188 1.284631e-212 3.419208e-211 3.646736e-067 
1.373937e-220 2.072203e-193 1.121871e-218 1.047069e-241 3.242403e-070 
1.085068e-223 1.765003e-197 1.690851e-196 3.474708e-222 6.190221e-072 
8.402938e-227 3.200191e-202 4.830697e-227 1.470027e-226 5.503878e-075 



P(O|lamda) = 1.152691e-095

5.835485e-004 0.000000e+000 0.000000e+000 0.000000e+000 0.000000e+000 
8.520630e-091 3.683650e-008 0.000000e+000 0.000000e+000 0.000000e+000 
1.244132e-177 5.813260e-014 1.571307e-012 0.000000e+000 0.000000e+000 
3.267481e-265 7.720963e-019 6.157731e-017 1.178044e-015 0.000000e+000 
0.000000e+000 7.723677e-022 6.493170e-020 3.033588e-018 1.348950e-017 
0.000000e+000 2.032547e-053 8.524192e-024 1.088990e-023 2.094090e-019 
0.000000e+000 3.207614e-059 1.506432e-029 1.781358e-028 9.625318e-021 
0.000000e+000 5.062015e-065 2.662230e-035 6.761225e-034 4.423999e-022 
0.000000e+000 5.063795e-068 2.155037e-038 1.615410e-036 5.764989e-024 
0.000000e+000 7.991301e-074 3.808474e-044 4.061148e-042 2.649710e-025 
0.000000e+000 1.061376e-078 7.884297e-049 4.133577e-046 2.015509e-026 
0.000000e+000 1.061749e-081 6.382226e-052 7.643702e-049 2.626444e-028 
0.000000e+000 1.675572e-087 1.127894e-057 1.749641e-054 1.207169e-029 
0.000000e+000 1.676161e-090 9.130141e-061 3.203545e-057 1.573082e-031 
0.000000e+000 2.645192e-096 1.613518e-066 7.301206e-063 7.230219e-033 
0.000000e+000 4.174444e-102 2.851477e-072 1.663178e-068 3.323161e-034 
0.000000e+000 5.544346e-107 5.903125e-077 1.578044e-072 2.527771e-035 
0.000000e+000 6.931299e-111 5.961810e-080 5.747077e-075 5.789235e-037 
0.000000e+000 9.205902e-116 1.234213e-084 5.445957e-079 4.403596e-038 
0.000000e+000 1.452806e-121 2.181154e-090 1.238419e-084 2.023986e-039 
0.000000e+000 1.453317e-124 1.765613e-093 2.256035e-087 2.637490e-041 
0.000000e+000 1.453828e-127 1.429238e-096 4.109802e-090 3.436958e-043 
0.000000e+000 1.454339e-130 1.156948e-099 7.486768e-093 4.478758e-045 
0.000000e+000 3.827209e-162 1.180031e-103 2.298339e-098 5.805519e-047 
0.000000e+000 6.039815e-168 2.085401e-109 5.226575e-104 2.668339e-048 
0.000000e+000 9.531582e-174 3.685410e-115 1.188547e-109 1.226425e-049 
0.000000e+000 1.265950e-178 7.629530e-120 1.126208e-113 9.328832e-051 
0.000000e+000 1.681390e-183 1.579464e-124 1.067118e-117 7.095999e-052 
0.000000e+000 2.233161e-188 3.269805e-129 1.011125e-121 5.397590e-053 
0.000000e+000 3.524208e-194 5.778539e-135 2.299271e-127 2.480846e-054 
0.000000e+000 5.561641e-200 1.021208e-140 5.228484e-133 1.140249e-055 
0.000000e+000 5.563596e-203 8.266533e-144 9.524631e-136 1.485878e-057 
0.000000e+000 1.738624e-210 3.130494e-151 1.082938e-142 2.747970e-060 
0.000000e+000 5.840689e-217 1.331090e-182 1.382498e-173 1.221644e-064 
0.000000e+000 1.962106e-223 5.659816e-214 1.764920e-204 5.430967e-069 
0.000000e+000 6.591451e-230 2.406562e-245 2.253128e-235 2.414403e-073 
0.000000e+000 2.214316e-236 6.764913e-260 2.876382e-266 1.073353e-077 
0.000000e+000 3.494467e-242 9.445440e-241 1.217185e-264 4.933355e-079 
0.000000e+000 4.641225e-247 3.701535e-245 7.081455e-244 3.752569e-080 
0.000000e+000 6.164308e-252 9.982075e-250 9.484993e-248 2.854401e-081 
0.000000e+000 2.070822e-258 4.877045e-281 1.311701e-278 1.268959e-085 
0.000000e+000 6.956668e-265 2.125318e-288 1.723804e-309 5.641314e-090 
0.000000e+000 1.097849e-270 2.967454e-269 3.824003e-293 2.592867e-091 
0.000000e+000 3.688087e-277 2.388506e-300 2.997460e-299 1.152691e-095 



P(O|lamda) = 1.297337e-115

2.850320e-002 0.000000e+000 0.000000e+000 0.000000e+000 0.000000e+000 
4.302991e-003 7.876403e-098 0.000000e+000 0.000000e+000 0.000000e+000 
6.496019e-004 1.189083e-098 3.445926e-104 0.000000e+000 0.000000e+000 
1.241493e-004 1.510773e-098 6.094119e-104 2.692237e-109 0.000000e+000 
6.207466e-008 2.174894e-097 3.027589e-102 9.153910e-108 3.508300e-113 
4.034853e-010 2.403567e-127 5.491914e-102 7.663678e-109 1.186584e-111 
6.091224e-011 1.114967e-105 9.610850e-108 1.029734e-108 3.549658e-112 
9.195628e-012 1.683240e-106 5.046170e-112 2.574335e-114 4.741035e-112 
4.597814e-015 1.610772e-104 3.373200e-110 7.734336e-116 3.092416e-115 
6.941099e-016 5.337733e-110 7.047189e-111 6.324808e-117 7.462186e-118 
1.326555e-016 1.614371e-110 4.180262e-115 5.505856e-116 7.649046e-120 
6.632776e-020 2.323909e-109 3.235483e-114 9.587071e-119 7.179757e-120 
1.001318e-020 7.700732e-115 1.016767e-115 6.067250e-121 6.056405e-122 
5.006592e-024 1.754075e-113 2.358229e-118 1.527284e-119 1.185244e-124 
7.558211e-025 5.812531e-119 7.674492e-120 5.567143e-125 7.019993e-123 
1.141027e-025 2.088737e-120 3.886018e-125 1.439009e-126 1.615828e-125 
2.180685e-026 2.653675e-120 1.070558e-125 3.485781e-130 6.254874e-128 
2.295459e-056 4.774177e-120 6.634873e-124 3.214267e-129 7.170602e-131 
4.386989e-057 1.014542e-124 2.448126e-125 5.183802e-129 2.717656e-132 
6.622826e-058 2.561719e-130 8.722842e-131 4.594123e-132 2.388831e-132 
3.311413e-061 4.100192e-133 1.212572e-133 1.586252e-134 2.155131e-135 
1.655707e-064 6.562613e-136 1.793648e-136 2.774419e-137 3.471265e-138 
8.278533e-068 1.050387e-138 2.752892e-139 4.361112e-140 5.877124e-141 
5.381046e-070 8.845368e-169 5.432648e-143 1.138388e-145 9.462085e-144 
8.123508e-071 1.486966e-165 9.507134e-149 1.027159e-149 2.179720e-146 
1.226367e-071 2.244839e-166 1.663748e-154 2.552957e-155 5.009699e-149 
2.343783e-072 2.852150e-166 3.410684e-159 2.097686e-159 1.905320e-151 
4.479345e-073 5.451429e-167 6.991903e-164 9.220235e-164 7.246431e-154 
8.560745e-074 1.041855e-167 1.433619e-168 3.427703e-168 2.756008e-156 
1.292375e-074 2.365888e-169 7.066951e-174 2.839581e-174 6.333598e-159 
1.951036e-075 3.571330e-170 1.035200e-175 3.454739e-180 1.455528e-161 
9.755180e-079 3.417575e-168 7.156914e-174 1.555142e-179 9.483615e-165 
3.048494e-085 2.242587e-175 3.204003e-176 6.709665e-182 8.769458e-169 
3.848723e-089 2.998623e-181 7.419347e-206 6.745330e-207 1.949286e-174 
4.859013e-093 2.280074e-185 6.312894e-212 2.129996e-236 4.332895e-180 
6.134504e-097 2.870500e-189 4.800158e-216 1.329031e-242 9.631212e-186 
7.744811e-101 3.623963e-193 6.043161e-220 1.010560e-246 2.140837e-191 
1.169197e-101 2.149305e-196 1.585484e-199 1.133093e-226 4.919871e-194 
2.234523e-102 2.719190e-196 1.104769e-201 1.238709e-204 1.871156e-196 
4.270530e-103 5.197298e-197 1.393608e-201 8.670064e-207 7.116496e-199 
5.391544e-107 2.512358e-199 1.094286e-227 2.933985e-232 1.581863e-204 
6.806825e-111 3.185003e-203 5.289176e-230 2.304008e-258 3.516185e-210 
1.027594e-111 1.888999e-206 1.393439e-209 9.917205e-237 8.080565e-213 
1.297337e-115 6.044774e-208 3.988576e-237 2.933556e-240 1.796158e-218 



P(O|lamda) = 1.887829e-061

5.142516e-002 0.000000e+000 0.000000e+000 0.000000e+000 0.000000e+000 
8.904675e-005 7.709756e-009 0.000000e+000 0.000000e+000 0.000000e+000 
1.541915e-007 1.335010e-011 8.095244e-016 0.000000e+000 0.000000e+000 
5.555197e-010 1.945528e-013 1.642070e-017 1.469329e-021 0.000000e+000 
1.164277e-013 5.279373e-014 9.357122e-018 5.730255e-022 1.019529e-022 
2.929612e-016 5.635902e-015 2.534452e-015 4.347736e-019 5.041637e-023 
5.072855e-019 7.949792e-023 6.113766e-022 1.104056e-022 6.174023e-020 
8.784052e-022 7.605370e-026 1.307698e-029 2.818732e-029 1.255056e-020 
1.840991e-025 8.347817e-026 3.657868e-030 7.745824e-034 1.245267e-021 
3.187822e-028 2.812744e-032 8.765237e-033 1.593459e-037 2.528218e-022 
1.148505e-030 4.022268e-034 3.539109e-038 1.590945e-038 4.873052e-023 
2.407076e-034 1.091480e-034 1.934533e-038 1.414619e-042 4.835043e-024 
4.168044e-037 3.677634e-041 1.146069e-041 8.426928e-046 9.816404e-025 
8.735526e-041 3.961050e-041 1.809379e-045 3.999364e-046 9.739838e-026 
1.512626e-043 1.334651e-047 4.159117e-048 8.445234e-053 1.977442e-026 
2.619232e-046 2.267765e-050 1.433559e-054 1.811703e-055 4.014726e-027 
9.436542e-049 3.304843e-052 2.789364e-056 2.708380e-060 7.738244e-028 
4.966603e-080 1.120746e-053 1.588318e-053 2.594099e-057 4.416899e-029 
1.789363e-082 5.954137e-061 1.522456e-059 2.883032e-059 8.513418e-030 
3.098424e-085 3.758549e-069 1.802978e-067 1.069509e-066 1.728447e-030 
6.493781e-089 1.503949e-074 8.196611e-073 1.836708e-071 1.714965e-031 
1.360988e-092 6.017912e-080 3.627830e-078 2.359796e-076 1.701589e-032 
2.852405e-096 2.408012e-085 1.574970e-083 2.790969e-081 1.688317e-033 
7.177364e-099 4.816025e-088 6.726611e-086 4.269012e-083 1.693281e-034 
1.242818e-101 3.040115e-096 5.709485e-094 6.046042e-091 3.437803e-035 
2.152037e-104 1.919259e-104 4.736152e-102 8.546156e-099 6.979641e-036 
7.753339e-107 2.817309e-110 4.528131e-109 5.027524e-105 1.345301e-036 
2.793365e-109 9.782970e-113 7.568837e-116 2.953351e-111 2.593021e-037 
1.006391e-111 3.524597e-115 1.203374e-118 1.734561e-117 4.997958e-038 
1.742646e-114 1.508822e-118 3.700920e-122 2.968872e-125 1.014716e-038 
3.017530e-117 2.612617e-121 1.584292e-125 1.612521e-129 2.060140e-039 
6.324240e-121 2.867673e-121 1.256550e-125 5.528651e-130 2.044072e-040 
1.581061e-123 6.122735e-122 2.752975e-122 1.751536e-126 5.813086e-042 
4.990222e-130 1.327323e-130 6.392155e-152 2.692957e-152 2.412543e-044 
1.575039e-136 1.610419e-137 1.341295e-160 7.104982e-182 1.001252e-046 
4.971217e-143 5.048229e-144 1.627371e-167 1.312027e-190 4.155391e-049 
1.569040e-149 1.593301e-150 5.101370e-174 1.591860e-197 1.724568e-051 
2.716918e-152 2.362392e-156 1.672966e-157 2.222132e-181 3.501325e-052 
9.788485e-155 3.428100e-158 2.920904e-162 3.036520e-163 6.748681e-053 
3.526586e-157 1.235086e-160 4.216589e-164 5.479918e-168 1.300785e-053 
1.113079e-163 1.125493e-164 1.248119e-190 4.124751e-194 5.398509e-056 
3.513154e-170 3.567410e-171 1.137341e-194 1.221014e-220 2.240486e-058 
6.083306e-173 5.289506e-177 3.745780e-178 4.954202e-202 4.548773e-059 
1.920043e-179 1.941437e-180 5.373076e-207 3.664043e-208 1.887829e-061 



P(O|lamda) = 7.298562e-089

7.333163e-003 0.000000e+000 0.000000e+000 0.000000e+000 0.000000e+000 
1.269796e-006 5.207692e-011 0.000000e+000 0.000000e+000 0.000000e+000 
2.198753e-010 9.017567e-015 2.620120e-019 0.000000e+000 0.000000e+000 
7.921646e-014 1.314142e-017 5.314742e-022 2.354108e-026 0.000000e+000 
1.660245e-018 3.566046e-019 3.028535e-023 2.444891e-023 5.614924e-028 
4.177591e-022 7.994430e-020 1.722424e-020 7.870095e-026 3.543714e-025 
7.233832e-026 5.343158e-029 4.097554e-028 3.713979e-029 2.629976e-026 
1.252596e-029 5.137488e-034 4.480956e-037 8.964156e-037 1.643252e-027 
2.625232e-034 5.638684e-035 1.184057e-039 2.724576e-038 4.600118e-029 
4.545799e-038 1.899919e-042 2.836968e-043 1.200238e-047 2.870774e-030 
1.637756e-041 2.716915e-045 1.134304e-049 2.548958e-050 8.053436e-032 
3.432463e-046 7.372602e-047 6.261328e-051 5.406593e-051 2.254479e-033 
5.943584e-050 2.484125e-054 3.709368e-055 1.537608e-059 1.406942e-034 
1.245676e-054 2.675563e-055 5.799159e-060 1.706385e-056 3.938593e-036 
2.156988e-058 9.015141e-063 1.346145e-063 5.930514e-066 2.457939e-037 
3.734997e-062 1.531804e-066 4.594637e-071 2.904683e-072 1.533914e-038 
1.345641e-065 2.232318e-069 9.028093e-074 4.170135e-078 4.303118e-040 
1.416465e-096 7.570287e-072 5.140767e-072 4.156071e-076 1.765974e-042 
5.103225e-100 4.021833e-080 4.725202e-079 4.618903e-079 4.954122e-044 
8.836641e-104 2.538782e-089 4.090761e-088 1.179063e-087 3.091695e-045 
1.852012e-108 1.015870e-095 1.404854e-094 2.754211e-089 8.654891e-047 
3.881509e-113 4.064908e-102 5.156422e-101 2.037909e-091 2.422850e-048 
8.134994e-118 1.626535e-108 1.970115e-107 1.507851e-093 6.782527e-050 
2.046968e-121 6.831447e-111 1.613075e-109 5.578103e-097 1.153789e-051 
3.544489e-125 4.312351e-120 1.049427e-118 1.934574e-106 7.200397e-053 
6.137566e-129 2.722423e-129 6.760896e-128 6.709405e-116 4.493517e-054 
2.211236e-132 3.812895e-136 5.069488e-136 9.695918e-124 1.260575e-055 
7.966619e-136 1.321618e-139 2.507036e-143 1.401180e-131 3.536315e-057 
2.870206e-139 4.761510e-143 7.789415e-147 2.024877e-139 9.920490e-059 
4.969991e-143 2.038325e-147 2.395669e-151 7.022594e-149 6.191033e-060 
8.605936e-147 3.529483e-151 1.025543e-155 2.487203e-158 3.863608e-061 
1.803661e-151 3.874047e-152 8.133940e-157 4.719513e-157 1.081578e-062 
4.509153e-155 8.271434e-154 1.782065e-154 6.136195e-159 1.537938e-065 
1.423201e-162 1.793132e-163 8.160303e-184 1.725799e-184 4.391724e-068 
4.491980e-170 2.175576e-171 1.736507e-193 8.171428e-214 1.254098e-070 
1.417781e-177 6.819846e-179 2.106875e-201 1.681671e-223 3.581192e-073 
4.474872e-185 2.152451e-186 6.604485e-209 2.040343e-231 1.022643e-075 
7.748598e-189 3.191445e-193 1.082952e-194 1.424092e-217 6.381957e-077 
2.791657e-192 4.631151e-196 1.886508e-200 9.730036e-202 1.790343e-078 
1.005775e-195 1.668525e-199 2.729494e-203 1.709039e-207 5.022482e-080 
3.174479e-203 1.520472e-204 1.615858e-229 2.643327e-233 1.434216e-082 
1.001945e-210 4.819352e-212 1.472458e-234 1.564873e-259 4.095539e-085 
1.734948e-214 7.145796e-219 2.424736e-220 3.174988e-243 2.555883e-086 
5.475929e-222 2.622763e-223 6.940561e-249 2.348167e-250 7.298562e-089 



P(O|lamda) = 2.806786e-079

3.666581e-004 0.000000e+000 0.000000e+000 0.000000e+000 0.000000e+000 
6.402096e-091 1.833291e-005 0.000000e+000 0.000000e+000 0.000000e+000 
1.117849e-177 2.285569e-008 8.937895e-007 0.000000e+000 0.000000e+000 
4.061069e-264 1.892252e-018 1.427684e-016 4.255559e-015 0.000000e+000 
0.000000e+000 1.179953e-026 6.769488e-025 1.797777e-018 3.710688e-017 
0.000000e+000 7.723017e-031 7.450950e-029 3.062145e-023 4.581853e-019 
0.000000e+000 9.628309e-034 1.305435e-031 2.086322e-025 1.627966e-019 
0.000000e+000 1.200364e-036 2.096901e-034 1.421449e-027 5.783954e-020 
0.000000e+000 7.485119e-045 8.014444e-043 4.842458e-031 5.839035e-022 
0.000000e+000 9.331720e-048 1.364087e-045 3.299239e-033 2.074532e-022 
0.000000e+000 7.725852e-058 1.380908e-055 2.195226e-042 3.174146e-023 
0.000000e+000 4.817615e-066 5.256015e-064 7.478483e-046 3.204373e-025 
0.000000e+000 6.006135e-069 8.901436e-067 5.095203e-048 1.138472e-025 
0.000000e+000 3.745250e-077 3.513365e-075 1.735784e-051 1.149313e-027 
0.000000e+000 4.669214e-080 6.206056e-078 1.182616e-053 4.083358e-028 
0.000000e+000 5.821123e-083 1.001350e-080 8.057339e-056 1.450763e-028 
0.000000e+000 4.819384e-093 9.815563e-091 5.361138e-065 2.219746e-029 
0.000000e+000 6.008343e-096 1.462321e-093 1.827682e-069 9.926629e-032 
0.000000e+000 4.974386e-106 1.355567e-103 1.216091e-078 1.518828e-032 
0.000000e+000 6.201582e-109 1.932507e-106 8.285411e-081 5.396195e-033 
0.000000e+000 3.867124e-117 6.792475e-115 2.822594e-084 5.447583e-035 
0.000000e+000 2.411425e-125 2.593523e-123 9.615739e-088 5.499460e-037 
0.000000e+000 1.503694e-133 1.104437e-131 3.275797e-091 5.551832e-039 
0.000000e+000 9.841965e-138 1.107760e-135 5.579632e-096 6.579898e-041 
0.000000e+000 1.227001e-140 1.860876e-138 3.801487e-098 2.337751e-041 
0.000000e+000 1.529705e-143 2.918163e-141 2.590010e-100 8.305720e-042 
0.000000e+000 1.266463e-153 2.808413e-151 1.723324e-109 1.270820e-042 
0.000000e+000 1.048521e-163 2.638542e-161 1.146654e-118 1.944423e-043 
0.000000e+000 8.680844e-174 2.434802e-171 7.629527e-128 2.975073e-044 
0.000000e+000 1.082243e-176 3.458695e-174 5.198111e-130 1.057004e-044 
0.000000e+000 1.349236e-179 4.839594e-177 3.541551e-132 3.755396e-045 
0.000000e+000 8.413441e-188 1.676152e-185 1.206501e-135 3.791158e-047 
0.000000e+000 1.054151e-190 1.249924e-190 6.165056e-140 7.851857e-050 
0.000000e+000 2.207467e-202 1.114771e-220 8.842836e-171 1.121086e-053 
0.000000e+000 4.622594e-214 2.265712e-232 1.268370e-201 1.600683e-057 
0.000000e+000 9.680043e-226 4.744564e-244 1.819284e-232 2.285450e-061 
0.000000e+000 2.027070e-237 9.935456e-256 2.609487e-263 3.263159e-065 
0.000000e+000 2.527155e-240 9.882636e-239 4.843862e-257 1.159357e-065 
0.000000e+000 2.092264e-250 1.578591e-248 4.705374e-247 1.773879e-066 
0.000000e+000 1.732213e-260 1.914240e-258 3.882438e-256 2.714131e-067 
0.000000e+000 3.627378e-272 6.802107e-290 5.765242e-287 3.875228e-071 
0.000000e+000 7.595988e-284 3.723088e-302 8.339181e-318 5.533039e-075 
0.000000e+000 9.469941e-287 3.703295e-285 1.815128e-303 1.965816e-075 
0.000000e+000 1.983073e-298 1.943962e-316 3.801008e-315 2.806786e-079 



Max probability = 2.943040e-035

Utterance recognised as 2