14	14	14	14	14	10	10	14	14	14	12	4	3	22	22	22	22	28	28	28	
Iteraion 1
-----------------

P(O|lamda) = 7.888609e-031

3.125000e-002 0.000000e+000 0.000000e+000 0.000000e+000 0.000000e+000 
7.812500e-004 1.953125e-004 0.000000e+000 0.000000e+000 0.000000e+000 
1.953125e-005 9.765625e-006 1.220703e-006 0.000000e+000 0.000000e+000 
4.882813e-007 3.662109e-007 9.155273e-008 7.629395e-009 0.000000e+000 
1.220703e-008 1.220703e-008 4.577637e-009 7.629395e-010 4.768372e-011 
3.051758e-010 3.814697e-010 1.907349e-010 4.768372e-011 6.258488e-012 
7.629395e-012 1.144409e-011 7.152557e-012 2.384186e-012 4.936010e-013 
1.907349e-013 3.337860e-013 2.503395e-013 1.043081e-013 3.032619e-014 
4.768372e-015 9.536743e-015 8.344650e-015 4.172325e-015 1.599619e-015 
1.192093e-016 2.682209e-016 2.682209e-016 1.564622e-016 7.606513e-017 
2.980232e-018 7.450581e-018 8.381903e-018 5.587935e-018 3.354924e-018 
7.450581e-020 2.048910e-019 2.561137e-019 1.920853e-019 1.397660e-019 
1.862645e-021 5.587935e-021 7.683411e-021 6.402843e-021 5.568220e-021 
4.656613e-023 1.513399e-022 2.270099e-022 2.080924e-022 2.140246e-022 
1.164153e-024 4.074536e-024 6.621121e-024 6.621121e-024 7.988847e-024 
2.910383e-026 1.091394e-025 1.909939e-025 2.069100e-025 2.910335e-025 
7.275958e-028 2.910383e-027 5.456968e-027 6.366463e-027 1.038798e-026 
1.818989e-029 7.730705e-029 1.546141e-028 1.932676e-028 3.644149e-028 
4.547474e-031 2.046363e-030 4.348522e-030 5.798029e-030 1.259589e-029 
1.136868e-032 5.400125e-032 1.215028e-031 1.721290e-031 4.298592e-031 


2.524355e-029 2.524355e-029 2.524355e-029 2.524355e-029 2.524355e-029 
8.077936e-028 8.077936e-028 8.077936e-028 8.077936e-028 8.077936e-028 
2.584939e-026 2.584939e-026 2.584939e-026 2.584939e-026 2.584939e-026 
8.271806e-025 8.271806e-025 8.271806e-025 8.271806e-025 8.271806e-025 
2.646978e-023 2.646978e-023 2.646978e-023 2.646978e-023 2.646978e-023 
8.470329e-022 8.470329e-022 8.470329e-022 8.470329e-022 8.470329e-022 
2.710505e-020 2.710505e-020 2.710505e-020 2.710505e-020 2.710505e-020 
8.673617e-019 8.673617e-019 8.673617e-019 8.673617e-019 8.673617e-019 
2.775558e-017 2.775558e-017 2.775558e-017 2.775558e-017 2.775558e-017 
8.881784e-016 8.881784e-016 8.881784e-016 8.881784e-016 8.881784e-016 
2.842171e-014 2.842171e-014 2.842171e-014 2.842171e-014 2.842171e-014 
9.094947e-013 9.094947e-013 9.094947e-013 9.094947e-013 9.094947e-013 
2.910383e-011 2.910383e-011 2.910383e-011 2.910383e-011 2.910383e-011 
9.313226e-010 9.313226e-010 9.313226e-010 9.313226e-010 9.313226e-010 
2.980232e-008 2.980232e-008 2.980232e-008 2.980232e-008 2.980232e-008 
9.536743e-007 9.536743e-007 9.536743e-007 9.536743e-007 9.536743e-007 
3.051758e-005 3.051758e-005 3.051758e-005 3.051758e-005 3.051758e-005 
9.765625e-004 9.765625e-004 9.765625e-004 9.765625e-004 9.765625e-004 
3.125000e-002 3.125000e-002 3.125000e-002 3.125000e-002 3.125000e-002 
1.000000e+000 1.000000e+000 1.000000e+000 1.000000e+000 1.000000e+000 


1.000000e+000 0.000000e+000 0.000000e+000 0.000000e+000 0.000000e+000 
8.000000e-001 2.000000e-001 0.000000e+000 0.000000e+000 0.000000e+000 
6.400000e-001 3.200000e-001 4.000000e-002 0.000000e+000 0.000000e+000 
5.120000e-001 3.840000e-001 9.600000e-002 8.000000e-003 0.000000e+000 
4.096000e-001 4.096000e-001 1.536000e-001 2.560000e-002 1.600000e-003 
3.276800e-001 4.096000e-001 2.048000e-001 5.120000e-002 6.720000e-003 
2.621440e-001 3.932160e-001 2.457600e-001 8.192000e-002 1.696000e-002 
2.097152e-001 3.670016e-001 2.752512e-001 1.146880e-001 3.334400e-002 
1.677722e-001 3.355443e-001 2.936013e-001 1.468006e-001 5.628160e-002 
1.342177e-001 3.019899e-001 3.019899e-001 1.761608e-001 8.564173e-002 
1.073742e-001 2.684355e-001 3.019899e-001 2.013266e-001 1.208739e-001 
8.589935e-002 2.362232e-001 2.952790e-001 2.214593e-001 1.611392e-001 
6.871948e-002 2.061584e-001 2.834678e-001 2.362232e-001 2.054311e-001 
5.497558e-002 1.786706e-001 2.680060e-001 2.456721e-001 2.526757e-001 
4.398047e-002 1.539316e-001 2.501389e-001 2.501389e-001 3.018101e-001 
3.518437e-002 1.319414e-001 2.308974e-001 2.501389e-001 3.518379e-001 
2.814750e-002 1.125900e-001 2.111062e-001 2.462906e-001 4.018657e-001 
2.251800e-002 9.570149e-002 1.914030e-001 2.392537e-001 4.511238e-001 
1.801440e-002 8.106479e-002 1.722627e-001 2.296836e-001 4.989745e-001 
1.441152e-002 6.845471e-002 1.540231e-001 2.181994e-001 5.449113e-001 



Q star

------------
1  1  1  1  1  1  1  1  1  1  1  1  1  1  1  1  1  1  1  1  
------------

P star

-----------
1.136868e-032

A Martrix

8.000000e-001 2.000000e-001 0.000000e+000 0.000000e+000 0.000000e+000 
0.000000e+000 8.000000e-001 2.000000e-001 0.000000e+000 0.000000e+000 
0.000000e+000 0.000000e+000 8.000000e-001 2.000000e-001 0.000000e+000 
0.000000e+000 0.000000e+000 0.000000e+000 8.000000e-001 2.000000e-001 
0.000000e+000 0.000000e+000 0.000000e+000 0.000000e+000 1.000000e+000 

B Martrix

1.000000e-030 1.000000e-030 1.390420e-002 1.738025e-002 1.000000e-030 1.000000e-030 1.000000e-030 1.000000e-030 1.000000e-030 1.193407e-001 1.000000e-030 2.172531e-002 1.000000e-030 7.836964e-001 1.000000e-030 1.000000e-030 1.000000e-030 1.000000e-030 1.000000e-030 1.000000e-030 1.000000e-030 3.283616e-002 1.000000e-030 1.000000e-030 1.000000e-030 1.000000e-030 1.000000e-030 1.111695e-002 1.000000e-030 1.000000e-030 1.000000e-030 1.000000e-030 
1.000000e+000 1.000000e-030 1.000000e-030 1.000000e-030 1.000000e-030 1.000000e-030 1.000000e-030 1.000000e-030 1.000000e-030 1.000000e-030 1.000000e-030 1.000000e-030 1.000000e-030 1.000000e-030 1.000000e-030 1.000000e-030 1.000000e-030 1.000000e-030 1.000000e-030 1.000000e-030 1.000000e-030 1.000000e-030 1.000000e-030 1.000000e-030 1.000000e-030 1.000000e-030 1.000000e-030 1.000000e-030 1.000000e-030 1.000000e-030 1.000000e-030 1.000000e-030 
1.000000e+000 1.000000e-030 1.000000e-030 1.000000e-030 1.000000e-030 1.000000e-030 1.000000e-030 1.000000e-030 1.000000e-030 1.000000e-030 1.000000e-030 1.000000e-030 1.000000e-030 1.000000e-030 1.000000e-030 1.000000e-030 1.000000e-030 1.000000e-030 1.000000e-030 1.000000e-030 1.000000e-030 1.000000e-030 1.000000e-030 1.000000e-030 1.000000e-030 1.000000e-030 1.000000e-030 1.000000e-030 1.000000e-030 1.000000e-030 1.000000e-030 1.000000e-030 
1.000000e+000 1.000000e-030 1.000000e-030 1.000000e-030 1.000000e-030 1.000000e-030 1.000000e-030 1.000000e-030 1.000000e-030 1.000000e-030 1.000000e-030 1.000000e-030 1.000000e-030 1.000000e-030 1.000000e-030 1.000000e-030 1.000000e-030 1.000000e-030 1.000000e-030 1.000000e-030 1.000000e-030 1.000000e-030 1.000000e-030 1.000000e-030 1.000000e-030 1.000000e-030 1.000000e-030 1.000000e-030 1.000000e-030 1.000000e-030 1.000000e-030 1.000000e-030 
1.000000e+000 1.000000e-030 1.000000e-030 1.000000e-030 1.000000e-030 1.000000e-030 1.000000e-030 1.000000e-030 1.000000e-030 1.000000e-030 1.000000e-030 1.000000e-030 1.000000e-030 1.000000e-030 1.000000e-030 1.000000e-030 1.000000e-030 1.000000e-030 1.000000e-030 1.000000e-030 1.000000e-030 1.000000e-030 1.000000e-030 1.000000e-030 1.000000e-030 1.000000e-030 1.000000e-030 1.000000e-030 1.000000e-030 1.000000e-030 1.000000e-030 1.000000e-030 
Iteraion 2
-----------------

P(O|lamda) = 2.449089e-022

7.836964e-001 0.000000e+000 0.000000e+000 0.000000e+000 0.000000e+000 
4.913441e-001 1.567393e-031 0.000000e+000 0.000000e+000 0.000000e+000 
3.080517e-001 9.826881e-032 3.134786e-062 0.000000e+000 0.000000e+000 
1.931352e-001 6.161033e-032 1.965376e-062 6.269571e-093 0.000000e+000 
1.210875e-001 3.862704e-032 1.232207e-062 3.930753e-093 1.253914e-123 
1.156053e-002 2.421750e-032 7.725408e-063 2.464413e-093 7.861505e-124 
1.103714e-003 2.312107e-033 4.843500e-063 1.545082e-093 4.928827e-124 
6.919812e-004 2.207427e-034 4.624213e-064 9.686999e-094 3.090163e-124 
4.338425e-004 1.383962e-034 4.414855e-065 9.248426e-095 1.937400e-124 
2.720007e-004 8.676851e-035 2.767925e-065 8.829710e-096 1.849685e-125 
4.727440e-006 5.440014e-035 1.735370e-065 5.535850e-096 1.765942e-126 
6.573127e-008 9.454880e-037 1.088003e-065 3.470740e-096 1.107170e-126 
7.311525e-010 1.314625e-038 1.890976e-067 2.176005e-096 6.941481e-127 
1.920659e-011 1.462305e-040 2.629251e-069 3.781952e-098 4.352011e-127 
5.045366e-013 3.841319e-042 2.924610e-071 5.258501e-100 7.563904e-129 
1.325363e-014 1.009073e-043 7.682637e-073 5.849220e-102 1.051700e-130 
3.481587e-016 2.650727e-045 2.018146e-074 1.536527e-103 1.169844e-132 
3.096371e-018 6.963175e-047 5.301454e-076 4.036293e-105 3.073055e-134 
2.753777e-020 6.192743e-049 1.392635e-077 1.060291e-106 8.072585e-136 
2.449089e-022 5.507555e-051 1.238549e-079 2.785270e-108 2.120581e-137 


3.125048e-022 0.000000e+000 0.000000e+000 0.000000e+000 0.000000e+000 
4.984468e-022 0.000000e+000 0.000000e+000 0.000000e+000 0.000000e+000 
7.950254e-022 0.000000e+000 0.000000e+000 0.000000e+000 0.000000e+000 
1.268070e-021 0.000000e+000 0.000000e+000 0.000000e+000 0.000000e+000 
2.022578e-021 0.000000e+000 0.000000e+000 0.000000e+000 0.000000e+000 
2.118491e-020 0.000000e+000 0.000000e+000 0.000000e+000 0.000000e+000 
2.218953e-019 0.000000e+000 0.000000e+000 0.000000e+000 0.000000e+000 
3.539242e-019 0.000000e+000 0.000000e+000 0.000000e+000 0.000000e+000 
5.645110e-019 0.000000e+000 0.000000e+000 0.000000e+000 0.000000e+000 
9.003981e-019 1.000000e-300 1.000000e-300 1.000000e-300 1.000000e-300 
5.180582e-017 1.000000e-270 1.000000e-270 1.000000e-270 1.000000e-270 
3.725912e-015 1.000000e-240 1.000000e-240 1.000000e-240 1.000000e-240 
3.349628e-013 1.000000e-210 1.000000e-210 1.000000e-210 1.000000e-210 
1.275129e-011 1.000000e-180 1.000000e-180 1.000000e-180 1.000000e-180 
4.854136e-010 1.000000e-150 1.000000e-150 1.000000e-150 1.000000e-150 
1.847862e-008 1.000000e-120 1.000000e-120 1.000000e-120 1.000000e-120 
7.034403e-007 1.000000e-090 1.000000e-090 1.000000e-090 1.000000e-090 
7.909545e-005 1.000000e-060 1.000000e-060 1.000000e-060 1.000000e-060 
8.893562e-003 1.000000e-030 1.000000e-030 1.000000e-030 1.000000e-030 
1.000000e+000 1.000000e+000 1.000000e+000 1.000000e+000 1.000000e+000 


1.000000e+000 0.000000e+000 0.000000e+000 0.000000e+000 0.000000e+000 
1.000000e+000 0.000000e+000 0.000000e+000 0.000000e+000 0.000000e+000 
1.000000e+000 0.000000e+000 0.000000e+000 0.000000e+000 0.000000e+000 
1.000000e+000 0.000000e+000 0.000000e+000 0.000000e+000 0.000000e+000 
1.000000e+000 0.000000e+000 0.000000e+000 0.000000e+000 0.000000e+000 
1.000000e+000 0.000000e+000 0.000000e+000 0.000000e+000 0.000000e+000 
1.000000e+000 0.000000e+000 0.000000e+000 0.000000e+000 0.000000e+000 
1.000000e+000 0.000000e+000 0.000000e+000 0.000000e+000 0.000000e+000 
1.000000e+000 0.000000e+000 0.000000e+000 0.000000e+000 0.000000e+000 
1.000000e+000 3.542889e-313 0.000000e+000 0.000000e+000 0.000000e+000 
1.000000e+000 2.221240e-283 7.085778e-314 0.000000e+000 0.000000e+000 
1.000000e+000 3.860570e-255 4.442479e-284 1.417156e-314 0.000000e+000 
1.000000e+000 5.367814e-227 7.721140e-256 8.884959e-285 2.834311e-315 
1.000000e+000 5.970812e-199 1.073563e-227 1.544228e-256 1.776992e-285 
1.000000e+000 1.568468e-170 1.194162e-199 2.147126e-228 3.088456e-257 
1.000000e+000 4.120198e-142 3.136937e-171 2.388325e-200 4.294251e-229 
1.000000e+000 1.082332e-113 8.240396e-143 6.273873e-172 4.776650e-201 
1.000000e+000 2.843169e-085 2.164664e-114 1.648079e-143 1.254775e-172 
1.000000e+000 2.528590e-057 5.686339e-086 4.329327e-115 3.296158e-144 
1.000000e+000 2.248818e-029 5.057181e-058 1.137268e-086 8.658654e-116 



Q star

------------
1  1  1  1  1  1  1  1  1  1  1  1  1  1  1  1  1  1  1  1  
------------

P star

-----------
2.449089e-022

A Martrix

1.000000e+000 1.183588e-030 0.000000e+000 0.000000e+000 0.000000e+000 
0.000000e+000 8.000000e-001 2.000000e-001 0.000000e+000 0.000000e+000 
0.000000e+000 0.000000e+000 8.000000e-001 2.000000e-001 0.000000e+000 
0.000000e+000 0.000000e+000 0.000000e+000 8.000000e-001 2.000000e-001 
0.000000e+000 0.000000e+000 0.000000e+000 0.000000e+000 1.000000e+000 

B Martrix

1.000000e-030 1.000000e-030 5.000000e-002 5.000000e-002 1.000000e-030 1.000000e-030 1.000000e-030 1.000000e-030 1.000000e-030 1.000000e-001 1.000000e-030 5.000000e-002 1.000000e-030 4.000000e-001 1.000000e-030 1.000000e-030 1.000000e-030 1.000000e-030 1.000000e-030 1.000000e-030 1.000000e-030 2.000000e-001 1.000000e-030 1.000000e-030 1.000000e-030 1.000000e-030 1.000000e-030 1.500000e-001 1.000000e-030 1.000000e-030 1.000000e-030 1.000000e-030 
1.000000e+000 1.000000e-030 1.000000e-030 1.000000e-030 1.000000e-030 1.000000e-030 1.000000e-030 1.000000e-030 1.000000e-030 1.000000e-030 1.000000e-030 1.000000e-030 1.000000e-030 1.000000e-030 1.000000e-030 1.000000e-030 1.000000e-030 1.000000e-030 1.000000e-030 1.000000e-030 1.000000e-030 1.000000e-030 1.000000e-030 1.000000e-030 1.000000e-030 1.000000e-030 1.000000e-030 1.000000e-030 1.000000e-030 1.000000e-030 1.000000e-030 1.000000e-030 
1.000000e+000 1.000000e-030 1.000000e-030 1.000000e-030 1.000000e-030 1.000000e-030 1.000000e-030 1.000000e-030 1.000000e-030 1.000000e-030 1.000000e-030 1.000000e-030 1.000000e-030 1.000000e-030 1.000000e-030 1.000000e-030 1.000000e-030 1.000000e-030 1.000000e-030 1.000000e-030 1.000000e-030 1.000000e-030 1.000000e-030 1.000000e-030 1.000000e-030 1.000000e-030 1.000000e-030 1.000000e-030 1.000000e-030 1.000000e-030 1.000000e-030 1.000000e-030 
1.000000e+000 1.000000e-030 1.000000e-030 1.000000e-030 1.000000e-030 1.000000e-030 1.000000e-030 1.000000e-030 1.000000e-030 1.000000e-030 1.000000e-030 1.000000e-030 1.000000e-030 1.000000e-030 1.000000e-030 1.000000e-030 1.000000e-030 1.000000e-030 1.000000e-030 1.000000e-030 1.000000e-030 1.000000e-030 1.000000e-030 1.000000e-030 1.000000e-030 1.000000e-030 1.000000e-030 1.000000e-030 1.000000e-030 1.000000e-030 1.000000e-030 1.000000e-030 
1.000000e+000 1.000000e-030 1.000000e-030 1.000000e-030 1.000000e-030 1.000000e-030 1.000000e-030 1.000000e-030 1.000000e-030 1.000000e-030 1.000000e-030 1.000000e-030 1.000000e-030 1.000000e-030 1.000000e-030 1.000000e-030 1.000000e-030 1.000000e-030 1.000000e-030 1.000000e-030 1.000000e-030 1.000000e-030 1.000000e-030 1.000000e-030 1.000000e-030 1.000000e-030 1.000000e-030 1.000000e-030 1.000000e-030 1.000000e-030 1.000000e-030 1.000000e-030 
Iteraion 3
-----------------

P(O|lamda) = 4.423680e-015

4.000000e-001 0.000000e+000 0.000000e+000 0.000000e+000 0.000000e+000 
1.600000e-001 4.734353e-061 0.000000e+000 0.000000e+000 0.000000e+000 
6.400000e-002 1.893741e-061 9.468706e-092 0.000000e+000 0.000000e+000 
2.560000e-002 7.574965e-062 3.787482e-092 1.893741e-122 0.000000e+000 
1.024000e-002 3.029986e-062 1.514993e-092 7.574965e-123 3.787482e-153 
1.024000e-003 1.211994e-062 6.059972e-093 3.029986e-123 1.514993e-153 
1.024000e-004 1.211994e-063 2.423989e-093 1.211994e-123 6.059972e-154 
4.096000e-005 1.211994e-064 2.423989e-094 4.847977e-124 2.423989e-154 
1.638400e-005 4.847977e-065 2.423989e-095 4.847977e-125 9.695955e-155 
6.553600e-006 1.939191e-065 9.695955e-096 4.847977e-126 9.695955e-156 
3.276800e-007 7.756764e-066 3.878382e-096 1.939191e-126 9.695955e-157 
1.638400e-008 3.878382e-067 1.551353e-096 7.756764e-127 3.878382e-157 
8.192000e-010 1.939191e-068 7.756764e-098 3.102706e-127 1.551353e-157 
1.638400e-010 9.695955e-070 3.878382e-099 1.551353e-128 6.205411e-158 
3.276800e-011 1.939191e-070 1.939191e-100 7.756764e-130 3.102706e-159 
6.553600e-012 3.878382e-071 3.878382e-101 3.878382e-131 1.551353e-160 
1.310720e-012 7.756764e-072 7.756764e-102 7.756764e-132 7.756764e-162 
1.966080e-013 1.551353e-072 1.551353e-102 1.551353e-132 1.551353e-162 
2.949120e-014 2.327029e-073 3.102706e-103 3.102706e-133 3.102706e-163 
4.423680e-015 3.490544e-074 4.654058e-104 6.205411e-134 6.205411e-164 


1.105920e-014 0.000000e+000 0.000000e+000 0.000000e+000 0.000000e+000 
2.764800e-014 0.000000e+000 0.000000e+000 0.000000e+000 0.000000e+000 
6.912000e-014 0.000000e+000 0.000000e+000 0.000000e+000 0.000000e+000 
1.728000e-013 0.000000e+000 0.000000e+000 0.000000e+000 0.000000e+000 
4.320000e-013 0.000000e+000 0.000000e+000 0.000000e+000 0.000000e+000 
4.320000e-012 0.000000e+000 0.000000e+000 0.000000e+000 0.000000e+000 
4.320000e-011 0.000000e+000 0.000000e+000 0.000000e+000 0.000000e+000 
1.080000e-010 0.000000e+000 0.000000e+000 0.000000e+000 0.000000e+000 
2.700000e-010 0.000000e+000 0.000000e+000 0.000000e+000 0.000000e+000 
6.750000e-010 1.000000e-300 1.000000e-300 1.000000e-300 1.000000e-300 
1.350000e-008 1.000000e-270 1.000000e-270 1.000000e-270 1.000000e-270 
2.700000e-007 1.000000e-240 1.000000e-240 1.000000e-240 1.000000e-240 
5.400000e-006 1.000000e-210 1.000000e-210 1.000000e-210 1.000000e-210 
2.700000e-005 1.000000e-180 1.000000e-180 1.000000e-180 1.000000e-180 
1.350000e-004 1.000000e-150 1.000000e-150 1.000000e-150 1.000000e-150 
6.750000e-004 1.000000e-120 1.000000e-120 1.000000e-120 1.000000e-120 
3.375000e-003 1.000000e-090 1.000000e-090 1.000000e-090 1.000000e-090 
2.250000e-002 1.000000e-060 1.000000e-060 1.000000e-060 1.000000e-060 
1.500000e-001 1.000000e-030 1.000000e-030 1.000000e-030 1.000000e-030 
1.000000e+000 1.000000e+000 1.000000e+000 1.000000e+000 1.000000e+000 


1.000000e+000 0.000000e+000 0.000000e+000 0.000000e+000 0.000000e+000 
1.000000e+000 0.000000e+000 0.000000e+000 0.000000e+000 0.000000e+000 
1.000000e+000 0.000000e+000 0.000000e+000 0.000000e+000 0.000000e+000 
1.000000e+000 0.000000e+000 0.000000e+000 0.000000e+000 0.000000e+000 
1.000000e+000 0.000000e+000 0.000000e+000 0.000000e+000 0.000000e+000 
1.000000e+000 0.000000e+000 0.000000e+000 0.000000e+000 0.000000e+000 
1.000000e+000 0.000000e+000 0.000000e+000 0.000000e+000 0.000000e+000 
1.000000e+000 0.000000e+000 0.000000e+000 0.000000e+000 0.000000e+000 
1.000000e+000 0.000000e+000 0.000000e+000 0.000000e+000 0.000000e+000 
1.000000e+000 0.000000e+000 0.000000e+000 0.000000e+000 0.000000e+000 
1.000000e+000 1.753933e-321 0.000000e+000 0.000000e+000 0.000000e+000 
1.000000e+000 8.767320e-293 3.507866e-322 0.000000e+000 0.000000e+000 
1.000000e+000 4.383660e-264 1.753464e-293 6.916919e-323 0.000000e+000 
1.000000e+000 2.191830e-235 8.767320e-265 3.506928e-294 1.482197e-323 
1.000000e+000 4.383660e-206 4.383660e-236 1.753464e-265 7.013856e-295 
1.000000e+000 8.767320e-177 8.767320e-207 8.767320e-237 3.506928e-266 
1.000000e+000 1.753464e-147 1.753464e-177 1.753464e-207 1.753464e-237 
1.000000e+000 3.506928e-118 3.506928e-148 3.506928e-178 3.506928e-208 
1.000000e+000 5.260392e-089 7.013856e-119 7.013856e-149 7.013856e-179 
1.000000e+000 7.890588e-060 1.052078e-089 1.402771e-119 1.402771e-149 



Q star

------------
1  1  1  1  1  1  1  1  1  1  1  1  1  1  1  1  1  1  1  1  
------------

P star

-----------
4.423680e-015

A Martrix

1.000000e+000 4.152941e-061 0.000000e+000 0.000000e+000 0.000000e+000 
0.000000e+000 8.000000e-001 2.000000e-001 0.000000e+000 0.000000e+000 
0.000000e+000 0.000000e+000 8.000000e-001 2.000000e-001 0.000000e+000 
0.000000e+000 0.000000e+000 0.000000e+000 8.000000e-001 2.000000e-001 
0.000000e+000 0.000000e+000 0.000000e+000 0.000000e+000 1.000000e+000 

B Martrix

1.000000e-030 1.000000e-030 5.000000e-002 5.000000e-002 1.000000e-030 1.000000e-030 1.000000e-030 1.000000e-030 1.000000e-030 1.000000e-001 1.000000e-030 5.000000e-002 1.000000e-030 4.000000e-001 1.000000e-030 1.000000e-030 1.000000e-030 1.000000e-030 1.000000e-030 1.000000e-030 1.000000e-030 2.000000e-001 1.000000e-030 1.000000e-030 1.000000e-030 1.000000e-030 1.000000e-030 1.500000e-001 1.000000e-030 1.000000e-030 1.000000e-030 1.000000e-030 
1.000000e+000 1.000000e-030 1.000000e-030 1.000000e-030 1.000000e-030 1.000000e-030 1.000000e-030 1.000000e-030 1.000000e-030 1.000000e-030 1.000000e-030 1.000000e-030 1.000000e-030 1.000000e-030 1.000000e-030 1.000000e-030 1.000000e-030 1.000000e-030 1.000000e-030 1.000000e-030 1.000000e-030 1.000000e-030 1.000000e-030 1.000000e-030 1.000000e-030 1.000000e-030 1.000000e-030 1.000000e-030 1.000000e-030 1.000000e-030 1.000000e-030 1.000000e-030 
1.000000e+000 1.000000e-030 1.000000e-030 1.000000e-030 1.000000e-030 1.000000e-030 1.000000e-030 1.000000e-030 1.000000e-030 1.000000e-030 1.000000e-030 1.000000e-030 1.000000e-030 1.000000e-030 1.000000e-030 1.000000e-030 1.000000e-030 1.000000e-030 1.000000e-030 1.000000e-030 1.000000e-030 1.000000e-030 1.000000e-030 1.000000e-030 1.000000e-030 1.000000e-030 1.000000e-030 1.000000e-030 1.000000e-030 1.000000e-030 1.000000e-030 1.000000e-030 
1.000000e+000 1.000000e-030 1.000000e-030 1.000000e-030 1.000000e-030 1.000000e-030 1.000000e-030 1.000000e-030 1.000000e-030 1.000000e-030 1.000000e-030 1.000000e-030 1.000000e-030 1.000000e-030 1.000000e-030 1.000000e-030 1.000000e-030 1.000000e-030 1.000000e-030 1.000000e-030 1.000000e-030 1.000000e-030 1.000000e-030 1.000000e-030 1.000000e-030 1.000000e-030 1.000000e-030 1.000000e-030 1.000000e-030 1.000000e-030 1.000000e-030 1.000000e-030 
1.000000e+000 1.000000e-030 1.000000e-030 1.000000e-030 1.000000e-030 1.000000e-030 1.000000e-030 1.000000e-030 1.000000e-030 1.000000e-030 1.000000e-030 1.000000e-030 1.000000e-030 1.000000e-030 1.000000e-030 1.000000e-030 1.000000e-030 1.000000e-030 1.000000e-030 1.000000e-030 1.000000e-030 1.000000e-030 1.000000e-030 1.000000e-030 1.000000e-030 1.000000e-030 1.000000e-030 1.000000e-030 1.000000e-030 1.000000e-030 1.000000e-030 1.000000e-030 
Iteraion 4
-----------------

P(O|lamda) = 4.423680e-015

4.000000e-001 0.000000e+000 0.000000e+000 0.000000e+000 0.000000e+000 
1.600000e-001 1.661176e-091 0.000000e+000 0.000000e+000 0.000000e+000 
6.400000e-002 6.644706e-092 3.322353e-122 0.000000e+000 0.000000e+000 
2.560000e-002 2.657882e-092 1.328941e-122 6.644706e-153 0.000000e+000 
1.024000e-002 1.063153e-092 5.315765e-123 2.657882e-153 1.328941e-183 
1.024000e-003 4.252612e-093 2.126306e-123 1.063153e-153 5.315765e-184 
1.024000e-004 4.252612e-094 8.505224e-124 4.252612e-154 2.126306e-184 
4.096000e-005 4.252612e-095 8.505224e-125 1.701045e-154 8.505224e-185 
1.638400e-005 1.701045e-095 8.505224e-126 1.701045e-155 3.402089e-185 
6.553600e-006 6.804179e-096 3.402089e-126 1.701045e-156 3.402089e-186 
3.276800e-007 2.721672e-096 1.360836e-126 6.804179e-157 3.402089e-187 
1.638400e-008 1.360836e-097 5.443343e-127 2.721672e-157 1.360836e-187 
8.192000e-010 6.804179e-099 2.721672e-128 1.088669e-157 5.443343e-188 
1.638400e-010 3.402089e-100 1.360836e-129 5.443343e-159 2.177337e-188 
3.276800e-011 6.804179e-101 6.804179e-131 2.721672e-160 1.088669e-189 
6.553600e-012 1.360836e-101 1.360836e-131 1.360836e-161 5.443343e-191 
1.310720e-012 2.721672e-102 2.721672e-132 2.721672e-162 2.721672e-192 
1.966080e-013 5.443343e-103 5.443343e-133 5.443343e-163 5.443343e-193 
2.949120e-014 8.165015e-104 1.088669e-133 1.088669e-163 1.088669e-193 
4.423680e-015 1.224752e-104 1.633003e-134 2.177337e-164 2.177337e-194 


1.105920e-014 0.000000e+000 0.000000e+000 0.000000e+000 0.000000e+000 
2.764800e-014 0.000000e+000 0.000000e+000 0.000000e+000 0.000000e+000 
6.912000e-014 0.000000e+000 0.000000e+000 0.000000e+000 0.000000e+000 
1.728000e-013 0.000000e+000 0.000000e+000 0.000000e+000 0.000000e+000 
4.320000e-013 0.000000e+000 0.000000e+000 0.000000e+000 0.000000e+000 
4.320000e-012 0.000000e+000 0.000000e+000 0.000000e+000 0.000000e+000 
4.320000e-011 0.000000e+000 0.000000e+000 0.000000e+000 0.000000e+000 
1.080000e-010 0.000000e+000 0.000000e+000 0.000000e+000 0.000000e+000 
2.700000e-010 0.000000e+000 0.000000e+000 0.000000e+000 0.000000e+000 
6.750000e-010 1.000000e-300 1.000000e-300 1.000000e-300 1.000000e-300 
1.350000e-008 1.000000e-270 1.000000e-270 1.000000e-270 1.000000e-270 
2.700000e-007 1.000000e-240 1.000000e-240 1.000000e-240 1.000000e-240 
5.400000e-006 1.000000e-210 1.000000e-210 1.000000e-210 1.000000e-210 
2.700000e-005 1.000000e-180 1.000000e-180 1.000000e-180 1.000000e-180 
1.350000e-004 1.000000e-150 1.000000e-150 1.000000e-150 1.000000e-150 
6.750000e-004 1.000000e-120 1.000000e-120 1.000000e-120 1.000000e-120 
3.375000e-003 1.000000e-090 1.000000e-090 1.000000e-090 1.000000e-090 
2.250000e-002 1.000000e-060 1.000000e-060 1.000000e-060 1.000000e-060 
1.500000e-001 1.000000e-030 1.000000e-030 1.000000e-030 1.000000e-030 
1.000000e+000 1.000000e+000 1.000000e+000 1.000000e+000 1.000000e+000 


1.000000e+000 0.000000e+000 0.000000e+000 0.000000e+000 0.000000e+000 
1.000000e+000 0.000000e+000 0.000000e+000 0.000000e+000 0.000000e+000 
1.000000e+000 0.000000e+000 0.000000e+000 0.000000e+000 0.000000e+000 
1.000000e+000 0.000000e+000 0.000000e+000 0.000000e+000 0.000000e+000 
1.000000e+000 0.000000e+000 0.000000e+000 0.000000e+000 0.000000e+000 
1.000000e+000 0.000000e+000 0.000000e+000 0.000000e+000 0.000000e+000 
1.000000e+000 0.000000e+000 0.000000e+000 0.000000e+000 0.000000e+000 
1.000000e+000 0.000000e+000 0.000000e+000 0.000000e+000 0.000000e+000 
1.000000e+000 0.000000e+000 0.000000e+000 0.000000e+000 0.000000e+000 
1.000000e+000 0.000000e+000 0.000000e+000 0.000000e+000 0.000000e+000 
1.000000e+000 0.000000e+000 0.000000e+000 0.000000e+000 0.000000e+000 
1.000000e+000 2.964394e-323 0.000000e+000 0.000000e+000 0.000000e+000 
1.000000e+000 1.538126e-294 4.940656e-324 0.000000e+000 0.000000e+000 
1.000000e+000 7.690632e-266 3.076253e-295 0.000000e+000 0.000000e+000 
1.000000e+000 1.538126e-236 1.538126e-266 6.152506e-296 0.000000e+000 
1.000000e+000 3.076253e-207 3.076253e-237 3.076253e-267 1.230501e-296 
1.000000e+000 6.152506e-178 6.152506e-208 6.152506e-238 6.152506e-268 
1.000000e+000 1.230501e-148 1.230501e-178 1.230501e-208 1.230501e-238 
1.000000e+000 1.845752e-119 2.461002e-149 2.461002e-179 2.461002e-209 
1.000000e+000 2.768627e-090 3.691503e-120 4.922004e-150 4.922004e-180 



Q star

------------
1  1  1  1  1  1  1  1  1  1  1  1  1  1  1  1  1  1  1  1  
------------

P star

-----------
4.423680e-015

A Martrix

1.000000e+000 1.457172e-091 0.000000e+000 0.000000e+000 0.000000e+000 
0.000000e+000 8.000000e-001 2.000000e-001 0.000000e+000 0.000000e+000 
0.000000e+000 0.000000e+000 8.000000e-001 2.000000e-001 0.000000e+000 
0.000000e+000 0.000000e+000 0.000000e+000 8.000000e-001 2.000000e-001 
0.000000e+000 0.000000e+000 0.000000e+000 0.000000e+000 1.000000e+000 

B Martrix

1.000000e-030 1.000000e-030 5.000000e-002 5.000000e-002 1.000000e-030 1.000000e-030 1.000000e-030 1.000000e-030 1.000000e-030 1.000000e-001 1.000000e-030 5.000000e-002 1.000000e-030 4.000000e-001 1.000000e-030 1.000000e-030 1.000000e-030 1.000000e-030 1.000000e-030 1.000000e-030 1.000000e-030 2.000000e-001 1.000000e-030 1.000000e-030 1.000000e-030 1.000000e-030 1.000000e-030 1.500000e-001 1.000000e-030 1.000000e-030 1.000000e-030 1.000000e-030 
1.000000e+000 1.000000e-030 1.000000e-030 1.000000e-030 1.000000e-030 1.000000e-030 1.000000e-030 1.000000e-030 1.000000e-030 1.000000e-030 1.000000e-030 1.000000e-030 1.000000e-030 1.000000e-030 1.000000e-030 1.000000e-030 1.000000e-030 1.000000e-030 1.000000e-030 1.000000e-030 1.000000e-030 1.000000e-030 1.000000e-030 1.000000e-030 1.000000e-030 1.000000e-030 1.000000e-030 1.000000e-030 1.000000e-030 1.000000e-030 1.000000e-030 1.000000e-030 
1.000000e+000 1.000000e-030 1.000000e-030 1.000000e-030 1.000000e-030 1.000000e-030 1.000000e-030 1.000000e-030 1.000000e-030 1.000000e-030 1.000000e-030 1.000000e-030 1.000000e-030 1.000000e-030 1.000000e-030 1.000000e-030 1.000000e-030 1.000000e-030 1.000000e-030 1.000000e-030 1.000000e-030 1.000000e-030 1.000000e-030 1.000000e-030 1.000000e-030 1.000000e-030 1.000000e-030 1.000000e-030 1.000000e-030 1.000000e-030 1.000000e-030 1.000000e-030 
1.000000e+000 1.000000e-030 1.000000e-030 1.000000e-030 1.000000e-030 1.000000e-030 1.000000e-030 1.000000e-030 1.000000e-030 1.000000e-030 1.000000e-030 1.000000e-030 1.000000e-030 1.000000e-030 1.000000e-030 1.000000e-030 1.000000e-030 1.000000e-030 1.000000e-030 1.000000e-030 1.000000e-030 1.000000e-030 1.000000e-030 1.000000e-030 1.000000e-030 1.000000e-030 1.000000e-030 1.000000e-030 1.000000e-030 1.000000e-030 1.000000e-030 1.000000e-030 
1.000000e+000 1.000000e-030 1.000000e-030 1.000000e-030 1.000000e-030 1.000000e-030 1.000000e-030 1.000000e-030 1.000000e-030 1.000000e-030 1.000000e-030 1.000000e-030 1.000000e-030 1.000000e-030 1.000000e-030 1.000000e-030 1.000000e-030 1.000000e-030 1.000000e-030 1.000000e-030 1.000000e-030 1.000000e-030 1.000000e-030 1.000000e-030 1.000000e-030 1.000000e-030 1.000000e-030 1.000000e-030 1.000000e-030 1.000000e-030 1.000000e-030 1.000000e-030 
=================
