23	3	3	3	13	10	3	3	10	10	3	4	19	19	4	4	12	4	12	12	12	15	11	20	4	4	4	4	12	19	4	12	11	20	3	3	3	3	12	15	28	12	12	12	28	28	12	28	28	28	28	28	28	28	12	28	28	28	28	12	12	28	28	28	12	28	12	
Iteraion 1
-----------------

P(O|lamda) = 1.428734e-101

3.125000e-002 0.000000e+000 0.000000e+000 0.000000e+000 0.000000e+000 
7.812500e-004 1.953125e-004 0.000000e+000 0.000000e+000 0.000000e+000 
1.953125e-005 9.765625e-006 1.220703e-006 0.000000e+000 0.000000e+000 
4.882813e-007 3.662109e-007 9.155273e-008 7.629395e-009 0.000000e+000 
1.220703e-008 1.220703e-008 4.577637e-009 7.629395e-010 4.768372e-011 
3.051758e-010 3.814697e-010 1.907349e-010 4.768372e-011 6.258488e-012 
7.629395e-012 1.144409e-011 7.152557e-012 2.384186e-012 4.936010e-013 
1.907349e-013 3.337860e-013 2.503395e-013 1.043081e-013 3.032619e-014 
4.768372e-015 9.536743e-015 8.344650e-015 4.172325e-015 1.599619e-015 
1.192093e-016 2.682209e-016 2.682209e-016 1.564622e-016 7.606513e-017 
2.980232e-018 7.450581e-018 8.381903e-018 5.587935e-018 3.354924e-018 
7.450581e-020 2.048910e-019 2.561137e-019 1.920853e-019 1.397660e-019 
1.862645e-021 5.587935e-021 7.683411e-021 6.402843e-021 5.568220e-021 
4.656613e-023 1.513399e-022 2.270099e-022 2.080924e-022 2.140246e-022 
1.164153e-024 4.074536e-024 6.621121e-024 6.621121e-024 7.988847e-024 
2.910383e-026 1.091394e-025 1.909939e-025 2.069100e-025 2.910335e-025 
7.275958e-028 2.910383e-027 5.456968e-027 6.366463e-027 1.038798e-026 
1.818989e-029 7.730705e-029 1.546141e-028 1.932676e-028 3.644149e-028 
4.547474e-031 2.046363e-030 4.348522e-030 5.798029e-030 1.259589e-029 
1.136868e-032 5.400125e-032 1.215028e-031 1.721290e-031 4.298592e-031 
2.842171e-034 1.421085e-033 3.375078e-033 5.062617e-033 1.450891e-032 
7.105427e-036 3.730349e-035 9.325873e-035 1.476597e-034 4.850447e-034 
1.776357e-037 9.769963e-037 2.564615e-036 4.274359e-036 1.608052e-035 
4.440892e-039 2.553513e-038 7.022161e-038 1.228878e-037 5.292309e-037 
1.110223e-040 6.661338e-040 1.915135e-039 3.511080e-039 1.730652e-038 
2.775558e-042 1.734723e-041 5.204170e-041 9.974660e-041 5.627729e-040 
6.938894e-044 4.510281e-043 1.409463e-042 2.818926e-042 1.821007e-041 
1.734723e-045 1.170938e-044 3.805550e-044 7.928228e-044 5.866829e-043 
4.336809e-047 3.035766e-046 1.024571e-045 2.219904e-045 1.882936e-044 
1.084202e-048 7.860466e-048 2.751163e-047 6.190117e-047 6.022918e-046 
2.710505e-050 2.032879e-049 7.369187e-049 1.719477e-048 1.920850e-047 
6.776264e-052 5.251604e-051 1.969352e-050 4.759266e-050 6.110124e-049 
1.694066e-053 1.355253e-052 5.251604e-052 1.312901e-051 1.939159e-050 
4.235165e-055 3.494011e-054 1.397604e-053 3.610478e-053 6.141928e-052 
1.058791e-056 8.999725e-056 3.712387e-055 9.899698e-055 1.941918e-053 
2.646978e-058 2.316106e-057 9.843449e-057 2.706949e-056 6.130367e-055 
6.617445e-060 5.955700e-059 2.605619e-058 7.382587e-058 1.932658e-056 
1.654361e-061 1.530284e-060 6.886279e-060 2.008498e-059 6.085698e-058 
4.135903e-063 3.929108e-062 1.817212e-061 5.451637e-061 1.914334e-059 
1.033976e-064 1.008126e-063 4.788600e-063 1.476485e-062 6.016366e-061 
2.584939e-066 2.584939e-065 1.260158e-064 3.990500e-064 1.889342e-062 
6.462349e-068 6.623907e-067 3.311954e-066 1.076385e-065 5.929135e-064 
1.615587e-069 1.696366e-068 8.693878e-068 2.897959e-067 1.859582e-065 
4.038968e-071 4.341890e-070 2.279492e-069 7.788266e-069 5.829306e-067 
1.009742e-072 1.110716e-071 5.970099e-071 2.089535e-070 1.826526e-068 
2.524355e-074 2.839899e-073 1.561945e-072 5.596968e-072 5.720953e-070 
6.310887e-076 7.257520e-075 4.082355e-074 1.496864e-073 1.791296e-071 
1.577722e-077 1.853823e-076 1.065948e-075 3.997306e-075 5.607155e-073 
3.944305e-079 4.733165e-078 2.780735e-077 1.065948e-076 1.754734e-074 
9.860761e-081 1.207943e-079 7.247660e-079 2.838667e-078 5.490207e-076 
2.465190e-082 3.081488e-081 1.887411e-080 7.549645e-080 1.717464e-077 
6.162976e-084 7.857794e-083 4.911121e-082 2.005375e-081 5.371793e-079 
1.540744e-085 2.002967e-084 1.276892e-083 5.320381e-083 1.679939e-080 
3.851860e-087 5.103714e-086 3.317414e-085 1.409901e-084 5.253134e-082 
9.629650e-089 1.300003e-087 8.612518e-087 3.732091e-086 1.642485e-083 
2.407412e-090 3.310192e-089 2.234380e-088 9.868510e-088 5.135100e-085 
6.018531e-092 8.425944e-091 5.792836e-090 2.606776e-089 1.605335e-086 
1.504633e-093 2.144102e-092 1.500871e-091 6.878993e-091 5.018302e-088 
3.761582e-095 5.454294e-094 3.886184e-093 1.813553e-092 1.568649e-089 
9.403955e-097 1.387083e-095 1.005635e-094 4.776768e-094 4.903163e-091 
2.350989e-098 3.526483e-097 2.600781e-096 1.257044e-095 1.532537e-092 
5.877472e-100 8.963144e-099 6.722358e-098 3.305160e-097 4.789964e-094 
1.469368e-101 2.277520e-100 1.736609e-099 8.683046e-099 1.497070e-095 
3.673420e-103 5.785636e-102 4.483868e-101 2.279300e-100 4.678887e-097 
9.183550e-105 1.469368e-103 1.157127e-102 5.978491e-102 1.462295e-098 
2.295887e-106 3.730817e-105 2.984654e-104 1.566943e-103 4.570045e-100 
5.739719e-108 9.470536e-107 7.694810e-106 4.103899e-105 1.428237e-101 


4.571950e-100 4.571950e-100 4.571950e-100 4.571950e-100 4.571950e-100 
1.463024e-098 1.463024e-098 1.463024e-098 1.463024e-098 1.463024e-098 
4.681676e-097 4.681676e-097 4.681676e-097 4.681676e-097 4.681676e-097 
1.498136e-095 1.498136e-095 1.498136e-095 1.498136e-095 1.498136e-095 
4.794037e-094 4.794037e-094 4.794037e-094 4.794037e-094 4.794037e-094 
1.534092e-092 1.534092e-092 1.534092e-092 1.534092e-092 1.534092e-092 
4.909093e-091 4.909093e-091 4.909093e-091 4.909093e-091 4.909093e-091 
1.570910e-089 1.570910e-089 1.570910e-089 1.570910e-089 1.570910e-089 
5.026912e-088 5.026912e-088 5.026912e-088 5.026912e-088 5.026912e-088 
1.608612e-086 1.608612e-086 1.608612e-086 1.608612e-086 1.608612e-086 
5.147558e-085 5.147558e-085 5.147558e-085 5.147558e-085 5.147558e-085 
1.647218e-083 1.647218e-083 1.647218e-083 1.647218e-083 1.647218e-083 
5.271099e-082 5.271099e-082 5.271099e-082 5.271099e-082 5.271099e-082 
1.686752e-080 1.686752e-080 1.686752e-080 1.686752e-080 1.686752e-080 
5.397605e-079 5.397605e-079 5.397605e-079 5.397605e-079 5.397605e-079 
1.727234e-077 1.727234e-077 1.727234e-077 1.727234e-077 1.727234e-077 
5.527148e-076 5.527148e-076 5.527148e-076 5.527148e-076 5.527148e-076 
1.768687e-074 1.768687e-074 1.768687e-074 1.768687e-074 1.768687e-074 
5.659799e-073 5.659799e-073 5.659799e-073 5.659799e-073 5.659799e-073 
1.811136e-071 1.811136e-071 1.811136e-071 1.811136e-071 1.811136e-071 
5.795635e-070 5.795635e-070 5.795635e-070 5.795635e-070 5.795635e-070 
1.854603e-068 1.854603e-068 1.854603e-068 1.854603e-068 1.854603e-068 
5.934730e-067 5.934730e-067 5.934730e-067 5.934730e-067 5.934730e-067 
1.899114e-065 1.899114e-065 1.899114e-065 1.899114e-065 1.899114e-065 
6.077163e-064 6.077163e-064 6.077163e-064 6.077163e-064 6.077163e-064 
1.944692e-062 1.944692e-062 1.944692e-062 1.944692e-062 1.944692e-062 
6.223015e-061 6.223015e-061 6.223015e-061 6.223015e-061 6.223015e-061 
1.991365e-059 1.991365e-059 1.991365e-059 1.991365e-059 1.991365e-059 
6.372368e-058 6.372368e-058 6.372368e-058 6.372368e-058 6.372368e-058 
2.039158e-056 2.039158e-056 2.039158e-056 2.039158e-056 2.039158e-056 
6.525304e-055 6.525304e-055 6.525304e-055 6.525304e-055 6.525304e-055 
2.088097e-053 2.088097e-053 2.088097e-053 2.088097e-053 2.088097e-053 
6.681912e-052 6.681912e-052 6.681912e-052 6.681912e-052 6.681912e-052 
2.138212e-050 2.138212e-050 2.138212e-050 2.138212e-050 2.138212e-050 
6.842278e-049 6.842278e-049 6.842278e-049 6.842278e-049 6.842278e-049 
2.189529e-047 2.189529e-047 2.189529e-047 2.189529e-047 2.189529e-047 
7.006492e-046 7.006492e-046 7.006492e-046 7.006492e-046 7.006492e-046 
2.242078e-044 2.242078e-044 2.242078e-044 2.242078e-044 2.242078e-044 
7.174648e-043 7.174648e-043 7.174648e-043 7.174648e-043 7.174648e-043 
2.295887e-041 2.295887e-041 2.295887e-041 2.295887e-041 2.295887e-041 
7.346840e-040 7.346840e-040 7.346840e-040 7.346840e-040 7.346840e-040 
2.350989e-038 2.350989e-038 2.350989e-038 2.350989e-038 2.350989e-038 
7.523164e-037 7.523164e-037 7.523164e-037 7.523164e-037 7.523164e-037 
2.407412e-035 2.407412e-035 2.407412e-035 2.407412e-035 2.407412e-035 
7.703720e-034 7.703720e-034 7.703720e-034 7.703720e-034 7.703720e-034 
2.465190e-032 2.465190e-032 2.465190e-032 2.465190e-032 2.465190e-032 
7.888609e-031 7.888609e-031 7.888609e-031 7.888609e-031 7.888609e-031 
2.524355e-029 2.524355e-029 2.524355e-029 2.524355e-029 2.524355e-029 
8.077936e-028 8.077936e-028 8.077936e-028 8.077936e-028 8.077936e-028 
2.584939e-026 2.584939e-026 2.584939e-026 2.584939e-026 2.584939e-026 
8.271806e-025 8.271806e-025 8.271806e-025 8.271806e-025 8.271806e-025 
2.646978e-023 2.646978e-023 2.646978e-023 2.646978e-023 2.646978e-023 
8.470329e-022 8.470329e-022 8.470329e-022 8.470329e-022 8.470329e-022 
2.710505e-020 2.710505e-020 2.710505e-020 2.710505e-020 2.710505e-020 
8.673617e-019 8.673617e-019 8.673617e-019 8.673617e-019 8.673617e-019 
2.775558e-017 2.775558e-017 2.775558e-017 2.775558e-017 2.775558e-017 
8.881784e-016 8.881784e-016 8.881784e-016 8.881784e-016 8.881784e-016 
2.842171e-014 2.842171e-014 2.842171e-014 2.842171e-014 2.842171e-014 
9.094947e-013 9.094947e-013 9.094947e-013 9.094947e-013 9.094947e-013 
2.910383e-011 2.910383e-011 2.910383e-011 2.910383e-011 2.910383e-011 
9.313226e-010 9.313226e-010 9.313226e-010 9.313226e-010 9.313226e-010 
2.980232e-008 2.980232e-008 2.980232e-008 2.980232e-008 2.980232e-008 
9.536743e-007 9.536743e-007 9.536743e-007 9.536743e-007 9.536743e-007 
3.051758e-005 3.051758e-005 3.051758e-005 3.051758e-005 3.051758e-005 
9.765625e-004 9.765625e-004 9.765625e-004 9.765625e-004 9.765625e-004 
3.125000e-002 3.125000e-002 3.125000e-002 3.125000e-002 3.125000e-002 
1.000000e+000 1.000000e+000 1.000000e+000 1.000000e+000 1.000000e+000 


1.000000e+000 0.000000e+000 0.000000e+000 0.000000e+000 0.000000e+000 
8.000000e-001 2.000000e-001 0.000000e+000 0.000000e+000 0.000000e+000 
6.400000e-001 3.200000e-001 4.000000e-002 0.000000e+000 0.000000e+000 
5.120000e-001 3.840000e-001 9.600000e-002 8.000000e-003 0.000000e+000 
4.096000e-001 4.096000e-001 1.536000e-001 2.560000e-002 1.600000e-003 
3.276800e-001 4.096000e-001 2.048000e-001 5.120000e-002 6.720000e-003 
2.621440e-001 3.932160e-001 2.457600e-001 8.192000e-002 1.696000e-002 
2.097152e-001 3.670016e-001 2.752512e-001 1.146880e-001 3.334400e-002 
1.677722e-001 3.355443e-001 2.936013e-001 1.468006e-001 5.628160e-002 
1.342177e-001 3.019899e-001 3.019899e-001 1.761608e-001 8.564173e-002 
1.073742e-001 2.684355e-001 3.019899e-001 2.013266e-001 1.208739e-001 
8.589935e-002 2.362232e-001 2.952790e-001 2.214593e-001 1.611392e-001 
6.871948e-002 2.061584e-001 2.834678e-001 2.362232e-001 2.054311e-001 
5.497558e-002 1.786706e-001 2.680060e-001 2.456721e-001 2.526757e-001 
4.398047e-002 1.539316e-001 2.501389e-001 2.501389e-001 3.018101e-001 
3.518437e-002 1.319414e-001 2.308974e-001 2.501389e-001 3.518379e-001 
2.814750e-002 1.125900e-001 2.111062e-001 2.462906e-001 4.018657e-001 
2.251800e-002 9.570149e-002 1.914030e-001 2.392537e-001 4.511238e-001 
1.801440e-002 8.106479e-002 1.722627e-001 2.296836e-001 4.989745e-001 
1.441152e-002 6.845471e-002 1.540231e-001 2.181994e-001 5.449113e-001 
1.152922e-002 5.764608e-002 1.369094e-001 2.053641e-001 5.885511e-001 
9.223372e-003 4.842270e-002 1.210568e-001 1.916732e-001 6.296240e-001 
7.378698e-003 4.058284e-002 1.065299e-001 1.775499e-001 6.679586e-001 
5.902958e-003 3.394201e-002 9.334053e-002 1.633459e-001 7.034686e-001 
4.722366e-003 2.833420e-002 8.146082e-002 1.493448e-001 7.361378e-001 
3.777893e-003 2.361183e-002 7.083550e-002 1.357680e-001 7.660067e-001 
3.022315e-003 1.964504e-002 6.139076e-002 1.227815e-001 7.931603e-001 
2.417852e-003 1.632050e-002 5.304162e-002 1.105034e-001 8.177167e-001 
1.934281e-003 1.353997e-002 4.569740e-002 9.901102e-002 8.398173e-001 
1.547425e-003 1.121883e-002 3.926591e-002 8.834830e-002 8.596195e-001 
1.237940e-003 9.284550e-003 3.365649e-002 7.853182e-002 8.772892e-001 
9.903520e-004 7.675228e-003 2.878211e-002 6.955676e-002 8.929956e-001 
7.922816e-004 6.338253e-003 2.456073e-002 6.140183e-002 9.069069e-001 
6.338253e-004 5.229059e-003 2.091623e-002 5.403361e-002 9.191873e-001 
5.070602e-004 4.310012e-003 1.777880e-002 4.741013e-002 9.299940e-001 
4.056482e-004 3.549422e-003 1.508504e-002 4.148387e-002 9.394760e-001 
3.245186e-004 2.920667e-003 1.277792e-002 3.620410e-002 9.477728e-001 
2.596148e-004 2.401437e-003 1.080647e-002 3.151886e-002 9.550136e-001 
2.076919e-004 1.973073e-003 9.125462e-003 2.737639e-002 9.613174e-001 
1.661535e-004 1.619997e-003 7.694984e-003 2.372620e-002 9.667927e-001 
1.329228e-004 1.329228e-003 6.479986e-003 2.051996e-002 9.715379e-001 
1.063382e-004 1.089967e-003 5.449835e-003 1.771196e-002 9.756419e-001 
8.507059e-005 8.932412e-004 4.577861e-003 1.525954e-002 9.791843e-001 
6.805647e-005 7.316071e-004 3.840937e-003 1.312320e-002 9.822362e-001 
5.444518e-005 5.988970e-004 3.219071e-003 1.126675e-002 9.848608e-001 
4.355614e-005 4.900066e-004 2.695036e-003 9.657214e-003 9.871142e-001 
3.484491e-005 4.007165e-004 2.254030e-003 8.264778e-003 9.890456e-001 
2.787593e-005 3.275422e-004 1.883368e-003 7.062629e-003 9.906986e-001 
2.230075e-005 2.676089e-004 1.572203e-003 6.026776e-003 9.921111e-001 
1.784060e-005 2.185473e-004 1.311284e-003 5.135862e-003 9.933165e-001 
1.427248e-005 1.784060e-004 1.092737e-003 4.370946e-003 9.943436e-001 
1.141798e-005 1.455793e-004 9.098704e-004 3.715304e-003 9.952178e-001 
9.134385e-006 1.187470e-004 7.570122e-004 3.154217e-003 9.959609e-001 
7.307508e-006 9.682448e-005 6.293591e-004 2.674776e-003 9.965917e-001 
5.846007e-006 7.892109e-005 5.228522e-004 2.265693e-003 9.971267e-001 
4.676805e-006 6.430607e-005 4.340660e-004 1.917125e-003 9.975798e-001 
3.741444e-006 5.238022e-005 3.601140e-004 1.620513e-003 9.979633e-001 
2.993155e-006 4.265246e-005 2.985672e-004 1.368433e-003 9.982874e-001 
2.394524e-006 3.472060e-005 2.473843e-004 1.154460e-003 9.985610e-001 
1.915619e-006 2.825539e-005 2.048516e-004 9.730449e-004 9.987919e-001 
1.532496e-006 2.298743e-005 1.695323e-004 8.194062e-004 9.989865e-001 
1.225996e-006 1.869645e-005 1.402233e-004 6.894314e-004 9.991504e-001 
9.807971e-007 1.520236e-005 1.159180e-004 5.795898e-004 9.992883e-001 
7.846377e-007 1.235804e-005 9.577484e-005 4.868554e-004 9.994042e-001 
6.277102e-007 1.004336e-005 7.909148e-005 4.086393e-004 9.995016e-001 
5.021681e-007 8.160232e-006 6.528186e-005 3.427298e-004 9.995833e-001 
4.017345e-007 6.628619e-006 5.385753e-005 2.872402e-004 9.996519e-001 



Q star

------------
1  2  3  4  5  5  5  5  5  5  5  5  5  5  5  5  5  5  5  5  5  5  5  5  5  5  5  5  5  5  5  5  5  5  5  5  5  5  5  5  5  5  5  5  5  5  5  5  5  5  5  5  5  5  5  5  5  5  5  5  5  5  5  5  5  5  5  
------------

P star

-----------
2.285975e-104

A Martrix

8.000000e-001 2.000000e-001 0.000000e+000 0.000000e+000 0.000000e+000 
0.000000e+000 8.000000e-001 2.000000e-001 0.000000e+000 0.000000e+000 
0.000000e+000 0.000000e+000 8.000000e-001 2.000000e-001 0.000000e+000 
0.000000e+000 0.000000e+000 0.000000e+000 8.000000e-001 2.000000e-001 
0.000000e+000 0.000000e+000 0.000000e+000 0.000000e+000 1.000000e+000 

B Martrix

1.000000e-030 1.000000e-030 1.000000e-030 1.000000e-030 1.000000e-030 1.000000e-030 1.000000e-030 1.000000e-030 1.000000e-030 1.000000e-030 1.000000e-030 1.000000e-030 1.000000e-030 1.000000e-030 1.000000e-030 1.000000e-030 1.000000e-030 1.000000e-030 1.000000e-030 1.000000e-030 1.000000e-030 1.000000e-030 1.000000e+000 1.000000e-030 1.000000e-030 1.000000e-030 1.000000e-030 1.000000e-030 1.000000e-030 1.000000e-030 1.000000e-030 1.000000e-030 
1.000000e-030 1.000000e-030 1.000000e+000 1.000000e-030 1.000000e-030 1.000000e-030 1.000000e-030 1.000000e-030 1.000000e-030 1.000000e-030 1.000000e-030 1.000000e-030 1.000000e-030 1.000000e-030 1.000000e-030 1.000000e-030 1.000000e-030 1.000000e-030 1.000000e-030 1.000000e-030 1.000000e-030 1.000000e-030 1.000000e-030 1.000000e-030 1.000000e-030 1.000000e-030 1.000000e-030 1.000000e-030 1.000000e-030 1.000000e-030 1.000000e-030 1.000000e-030 
1.000000e-030 1.000000e-030 1.000000e+000 1.000000e-030 1.000000e-030 1.000000e-030 1.000000e-030 1.000000e-030 1.000000e-030 1.000000e-030 1.000000e-030 1.000000e-030 1.000000e-030 1.000000e-030 1.000000e-030 1.000000e-030 1.000000e-030 1.000000e-030 1.000000e-030 1.000000e-030 1.000000e-030 1.000000e-030 1.000000e-030 1.000000e-030 1.000000e-030 1.000000e-030 1.000000e-030 1.000000e-030 1.000000e-030 1.000000e-030 1.000000e-030 1.000000e-030 
1.000000e-030 1.000000e-030 1.000000e+000 1.000000e-030 1.000000e-030 1.000000e-030 1.000000e-030 1.000000e-030 1.000000e-030 1.000000e-030 1.000000e-030 1.000000e-030 1.000000e-030 1.000000e-030 1.000000e-030 1.000000e-030 1.000000e-030 1.000000e-030 1.000000e-030 1.000000e-030 1.000000e-030 1.000000e-030 1.000000e-030 1.000000e-030 1.000000e-030 1.000000e-030 1.000000e-030 1.000000e-030 1.000000e-030 1.000000e-030 1.000000e-030 1.000000e-030 
1.000000e-030 1.000000e-030 8.389976e-002 1.118304e-001 1.000000e-030 1.000000e-030 1.000000e-030 1.000000e-030 1.000000e-030 3.162507e-003 3.350654e-002 2.903850e-001 3.404130e-005 1.000000e-030 3.396506e-002 1.000000e-030 1.000000e-030 1.000000e-030 2.803569e-002 3.452332e-002 1.000000e-030 1.000000e-030 1.000000e-030 1.000000e-030 1.000000e-030 1.000000e-030 1.000000e-030 3.806577e-001 1.000000e-030 1.000000e-030 1.000000e-030 1.000000e-030 
Iteraion 2
-----------------

P(O|lamda) = 3.376579e-061

1.000000e+000 0.000000e+000 0.000000e+000 0.000000e+000 0.000000e+000 
8.000000e-031 2.000000e-001 0.000000e+000 0.000000e+000 0.000000e+000 
6.400000e-061 1.600000e-001 4.000000e-002 0.000000e+000 0.000000e+000 
5.120000e-091 1.280000e-001 6.400000e-002 8.000000e-003 0.000000e+000 
4.096000e-121 1.024000e-031 7.680000e-032 1.920000e-032 5.446608e-008 
3.276800e-151 8.192000e-062 8.192000e-062 3.072000e-062 1.722494e-010 
2.621440e-181 6.553600e-062 8.192000e-062 4.096000e-062 1.445168e-011 
2.097152e-211 5.242880e-062 7.864320e-062 4.915200e-062 1.212493e-012 
1.677722e-241 4.194304e-092 7.340032e-092 5.505024e-092 3.834517e-015 
1.342177e-271 3.355443e-122 6.710886e-122 5.872026e-122 1.212669e-017 
1.073742e-301 2.684355e-122 6.039798e-122 6.039798e-122 1.017426e-018 
0.000000e+000 2.147484e-152 5.368709e-152 6.039798e-152 1.137791e-019 
0.000000e+000 1.717987e-182 4.724464e-182 5.905580e-182 3.189878e-021 
0.000000e+000 1.374390e-212 4.123169e-212 5.669357e-212 8.943043e-023 
0.000000e+000 1.099512e-242 3.573413e-242 5.360119e-242 1.000104e-023 
0.000000e+000 8.796093e-273 3.078633e-272 5.002778e-272 1.118420e-024 
0.000000e+000 7.036874e-303 2.638828e-302 4.617949e-302 3.247724e-025 
0.000000e+000 0.000000e+000 0.000000e+000 0.000000e+000 3.631942e-026 
0.000000e+000 0.000000e+000 0.000000e+000 0.000000e+000 1.054662e-026 
0.000000e+000 0.000000e+000 0.000000e+000 0.000000e+000 3.062579e-027 
0.000000e+000 0.000000e+000 0.000000e+000 0.000000e+000 8.893272e-028 
0.000000e+000 0.000000e+000 0.000000e+000 0.000000e+000 3.020605e-029 
0.000000e+000 0.000000e+000 0.000000e+000 0.000000e+000 1.012100e-030 
0.000000e+000 0.000000e+000 0.000000e+000 0.000000e+000 3.494106e-032 
0.000000e+000 0.000000e+000 0.000000e+000 0.000000e+000 3.907472e-033 
0.000000e+000 0.000000e+000 0.000000e+000 0.000000e+000 4.369740e-034 
0.000000e+000 0.000000e+000 0.000000e+000 0.000000e+000 4.886697e-035 
0.000000e+000 0.000000e+000 0.000000e+000 0.000000e+000 5.464812e-036 
0.000000e+000 0.000000e+000 0.000000e+000 0.000000e+000 1.586900e-036 
0.000000e+000 0.000000e+000 0.000000e+000 0.000000e+000 4.448983e-038 
0.000000e+000 0.000000e+000 0.000000e+000 0.000000e+000 4.975315e-039 
0.000000e+000 0.000000e+000 0.000000e+000 0.000000e+000 1.444757e-039 
0.000000e+000 0.000000e+000 0.000000e+000 0.000000e+000 4.840881e-041 
0.000000e+000 0.000000e+000 0.000000e+000 0.000000e+000 1.671233e-042 
0.000000e+000 0.000000e+000 0.000000e+000 0.000000e+000 1.402160e-043 
0.000000e+000 0.000000e+000 0.000000e+000 0.000000e+000 1.176409e-044 
0.000000e+000 0.000000e+000 0.000000e+000 0.000000e+000 9.870044e-046 
0.000000e+000 0.000000e+000 0.000000e+000 0.000000e+000 8.280944e-047 
0.000000e+000 0.000000e+000 0.000000e+000 0.000000e+000 2.404662e-047 
0.000000e+000 0.000000e+000 0.000000e+000 0.000000e+000 8.167448e-049 
0.000000e+000 0.000000e+000 0.000000e+000 0.000000e+000 3.109002e-049 
0.000000e+000 0.000000e+000 0.000000e+000 0.000000e+000 9.028076e-050 
0.000000e+000 0.000000e+000 0.000000e+000 0.000000e+000 2.621618e-050 
0.000000e+000 0.000000e+000 0.000000e+000 0.000000e+000 7.612786e-051 
0.000000e+000 0.000000e+000 0.000000e+000 0.000000e+000 2.897865e-051 
0.000000e+000 0.000000e+000 0.000000e+000 0.000000e+000 1.103095e-051 
0.000000e+000 0.000000e+000 0.000000e+000 0.000000e+000 3.203222e-052 
0.000000e+000 0.000000e+000 0.000000e+000 0.000000e+000 1.219331e-052 
0.000000e+000 0.000000e+000 0.000000e+000 0.000000e+000 4.641477e-053 
0.000000e+000 0.000000e+000 0.000000e+000 0.000000e+000 1.766814e-053 
0.000000e+000 0.000000e+000 0.000000e+000 0.000000e+000 6.725513e-054 
0.000000e+000 0.000000e+000 0.000000e+000 0.000000e+000 2.560118e-054 
0.000000e+000 0.000000e+000 0.000000e+000 0.000000e+000 9.745286e-055 
0.000000e+000 0.000000e+000 0.000000e+000 0.000000e+000 3.709618e-055 
0.000000e+000 0.000000e+000 0.000000e+000 0.000000e+000 1.077217e-055 
0.000000e+000 0.000000e+000 0.000000e+000 0.000000e+000 4.100511e-056 
0.000000e+000 0.000000e+000 0.000000e+000 0.000000e+000 1.560891e-056 
0.000000e+000 0.000000e+000 0.000000e+000 0.000000e+000 5.941651e-057 
0.000000e+000 0.000000e+000 0.000000e+000 0.000000e+000 2.261735e-057 
0.000000e+000 0.000000e+000 0.000000e+000 0.000000e+000 6.567740e-058 
0.000000e+000 0.000000e+000 0.000000e+000 0.000000e+000 1.907173e-058 
0.000000e+000 0.000000e+000 0.000000e+000 0.000000e+000 7.259802e-059 
0.000000e+000 0.000000e+000 0.000000e+000 0.000000e+000 2.763499e-059 
0.000000e+000 0.000000e+000 0.000000e+000 0.000000e+000 1.051947e-059 
0.000000e+000 0.000000e+000 0.000000e+000 0.000000e+000 3.054697e-060 
0.000000e+000 0.000000e+000 0.000000e+000 0.000000e+000 1.162794e-060 
0.000000e+000 0.000000e+000 0.000000e+000 0.000000e+000 3.376579e-061 


3.376579e-061 4.193542e-060 1.740018e-059 2.413907e-059 1.246348e-061 
9.919068e-087 1.688290e-060 1.421455e-059 3.014268e-059 1.485520e-060 
1.803853e-111 4.959534e-086 8.441448e-060 3.730697e-059 1.770589e-059 
1.463214e-111 9.019265e-111 2.479767e-085 4.220724e-059 2.110362e-058 
4.455720e-082 5.533781e-081 2.296120e-080 1.239883e-054 6.199417e-054 
1.408920e-079 2.227860e-051 1.875746e-050 3.977615e-050 1.960286e-051 
1.318949e-105 7.044600e-079 1.113930e-050 4.923012e-050 2.336461e-050 
5.309994e-106 6.594747e-105 3.522300e-078 5.569650e-050 2.784825e-049 
4.748257e-105 2.654997e-075 2.235375e-074 1.761150e-047 8.805750e-047 
1.693647e-103 2.374129e-074 1.327499e-044 5.866878e-044 2.784420e-044 
6.041039e-132 8.468236e-103 1.187064e-073 6.637493e-044 3.318746e-043 
5.401966e-131 3.020519e-101 4.234118e-072 5.935322e-043 2.967661e-042 
4.830499e-130 2.700983e-100 1.510260e-070 2.117059e-041 1.058529e-040 
1.663481e-129 2.415250e-099 1.350491e-069 7.551298e-040 3.775649e-039 
1.487504e-128 8.317404e-099 1.207625e-068 6.752457e-039 3.376229e-038 
5.122522e-128 7.437518e-098 4.158702e-068 6.038124e-038 3.019062e-037 
1.764045e-127 2.561261e-097 3.718759e-067 2.079351e-037 1.039676e-036 
6.074848e-127 8.820224e-097 1.280630e-066 1.859379e-036 9.296897e-036 
1.788558e-125 3.037424e-096 4.410112e-066 6.403152e-036 3.201576e-035 
5.337937e-124 8.942790e-095 1.518712e-065 2.205056e-035 1.102528e-034 
1.546183e-122 2.668968e-093 4.471395e-064 7.593560e-035 3.796780e-034 
1.382614e-121 7.730915e-092 1.334484e-062 2.235697e-033 1.117849e-032 
1.236350e-120 6.913072e-091 3.865457e-061 6.672421e-032 3.336211e-031 
1.105558e-119 6.181748e-090 3.456536e-060 1.932729e-030 9.663644e-030 
9.886025e-119 5.527790e-089 3.090874e-059 1.728268e-029 8.641340e-029 
3.404454e-118 4.943013e-088 2.763895e-058 1.545437e-028 7.727185e-028 
1.214328e-116 1.702227e-087 2.471506e-057 1.381947e-027 6.909737e-027 
1.085866e-115 6.071642e-086 8.511136e-057 1.235753e-026 6.178766e-026 
3.739402e-115 5.429332e-085 3.035821e-055 4.255568e-026 2.127784e-025 
1.116022e-113 1.869701e-084 2.714666e-054 1.517911e-024 7.589553e-024 
9.676809e-107 5.580108e-083 9.348505e-054 1.357333e-023 6.786665e-023 
6.711989e-077 2.153609e-076 2.790054e-052 4.674253e-023 2.337126e-022 
3.937601e-047 1.780954e-046 3.644229e-046 1.395027e-021 6.975135e-021 
1.620508e-017 1.320597e-016 3.622381e-016 3.731623e-016 2.020413e-019 
6.524048e-018 8.102540e-017 3.361970e-016 4.664023e-016 2.408127e-018 
2.246689e-047 3.262024e-017 2.746461e-016 5.824009e-016 2.870243e-017 
6.614706e-076 1.123344e-046 1.631012e-016 7.208255e-016 3.421038e-016 
1.737705e-105 3.307353e-075 5.616722e-046 8.155060e-016 4.077530e-015 
5.984140e-105 8.688523e-075 1.653677e-044 2.808361e-015 1.404180e-014 
2.060761e-104 2.992070e-074 4.344262e-044 8.268383e-014 4.134191e-013 
7.096649e-104 1.030380e-073 1.496035e-043 2.172131e-013 1.086065e-012 
1.864313e-103 3.548325e-073 5.151901e-043 7.480175e-013 3.740088e-012 
4.897609e-103 9.321563e-073 1.774162e-042 2.575951e-012 1.287975e-011 
1.686592e-102 2.448805e-072 4.660782e-042 8.870811e-012 4.435406e-011 
4.430731e-102 8.432958e-072 1.224402e-041 2.330391e-011 1.165195e-010 
1.163967e-101 2.215365e-071 4.216479e-041 6.122012e-011 3.061006e-010 
3.057779e-101 5.819836e-071 1.107683e-040 2.108239e-010 1.054120e-009 
8.032885e-101 1.528890e-070 2.909918e-040 5.538413e-010 2.769207e-009 
2.110265e-100 4.016443e-070 7.644449e-040 1.454959e-009 7.274795e-009 
5.543734e-100 1.055132e-069 2.008221e-039 3.822224e-009 1.911112e-008 
1.456357e-099 2.771867e-069 5.275662e-039 1.004111e-008 5.020553e-008 
5.015261e-099 7.281784e-069 1.385933e-038 2.637831e-008 1.318916e-007 
1.317525e-098 2.507631e-068 3.640892e-038 6.929667e-008 3.464834e-007 
3.461182e-098 6.587627e-068 1.253815e-037 1.820446e-007 9.102230e-007 
9.092636e-098 1.730591e-067 3.293813e-037 6.269077e-007 3.134538e-006 
2.388665e-097 4.546318e-067 8.652954e-037 1.646907e-006 8.234533e-006 
8.225854e-097 1.194332e-066 2.273159e-036 4.326477e-006 2.163238e-005 
2.832740e-096 4.112927e-066 5.971662e-036 1.136579e-005 5.682897e-005 
7.441700e-096 1.416370e-065 2.056463e-035 2.985831e-005 1.492915e-004 
1.954959e-095 3.720850e-065 7.081851e-035 1.028232e-004 5.141159e-004 
5.135740e-095 9.774794e-065 1.860425e-034 3.540925e-004 1.770463e-003 
1.768597e-094 2.567870e-064 4.887397e-034 9.302126e-004 4.651063e-003 
4.646160e-094 8.842983e-064 1.283935e-033 2.443698e-003 1.221849e-002 
1.000000e-090 2.323080e-063 4.421492e-033 6.419675e-003 3.209837e-002 
1.000000e-060 1.000000e-060 1.161540e-032 2.210746e-002 1.105373e-001 
1.000000e-030 1.000000e-030 1.000000e-030 5.807700e-002 2.903850e-001 
1.000000e+000 1.000000e+000 1.000000e+000 1.000000e+000 1.000000e+000 


1.000000e+000 0.000000e+000 0.000000e+000 0.000000e+000 0.000000e+000 
2.350087e-056 1.000000e+000 0.000000e+000 0.000000e+000 0.000000e+000 
3.419040e-111 2.350087e-026 1.000000e+000 0.000000e+000 0.000000e+000 
2.218711e-141 3.419040e-051 4.700173e-026 1.000000e+000 0.000000e+000 
5.405064e-142 1.678205e-051 5.222505e-051 7.050260e-026 1.000000e+000 
1.367286e-169 5.405064e-052 4.550793e-051 3.618820e-051 1.000000e+000 
1.023979e-225 1.367286e-079 2.702532e-051 5.971919e-051 1.000000e+000 
3.297972e-256 1.023979e-105 8.203715e-079 8.107596e-051 1.000000e+000 
2.359268e-285 3.297972e-106 4.859273e-105 2.871300e-078 1.000000e+000 
6.732182e-314 2.359268e-135 2.638378e-105 1.020277e-104 1.000000e+000 
0.000000e+000 6.732182e-164 2.123341e-134 1.187270e-104 1.000000e+000 
0.000000e+000 1.921032e-192 6.732182e-163 1.061670e-133 1.000000e+000 
0.000000e+000 1.374247e-221 2.113135e-191 3.702700e-162 1.000000e+000 
0.000000e+000 9.830937e-251 1.649096e-220 1.267881e-190 1.000000e+000 
0.000000e+000 2.708387e-280 1.278022e-249 1.071912e-219 1.000000e+000 
0.000000e+000 1.937496e-309 3.791741e-279 8.946153e-249 1.000000e+000 
0.000000e+000 0.000000e+000 2.906244e-308 2.843806e-278 1.000000e+000 
0.000000e+000 0.000000e+000 0.000000e+000 0.000000e+000 1.000000e+000 
0.000000e+000 0.000000e+000 0.000000e+000 0.000000e+000 1.000000e+000 
0.000000e+000 0.000000e+000 0.000000e+000 0.000000e+000 1.000000e+000 
0.000000e+000 0.000000e+000 0.000000e+000 0.000000e+000 1.000000e+000 
0.000000e+000 0.000000e+000 0.000000e+000 0.000000e+000 1.000000e+000 
0.000000e+000 0.000000e+000 0.000000e+000 0.000000e+000 1.000000e+000 
0.000000e+000 0.000000e+000 0.000000e+000 0.000000e+000 1.000000e+000 
0.000000e+000 0.000000e+000 0.000000e+000 0.000000e+000 1.000000e+000 
0.000000e+000 0.000000e+000 0.000000e+000 0.000000e+000 1.000000e+000 
0.000000e+000 0.000000e+000 0.000000e+000 0.000000e+000 1.000000e+000 
0.000000e+000 0.000000e+000 0.000000e+000 0.000000e+000 1.000000e+000 
0.000000e+000 0.000000e+000 0.000000e+000 0.000000e+000 1.000000e+000 
0.000000e+000 0.000000e+000 0.000000e+000 0.000000e+000 1.000000e+000 
0.000000e+000 0.000000e+000 0.000000e+000 0.000000e+000 1.000000e+000 
0.000000e+000 0.000000e+000 0.000000e+000 0.000000e+000 1.000000e+000 
0.000000e+000 0.000000e+000 0.000000e+000 0.000000e+000 1.000000e+000 
0.000000e+000 0.000000e+000 0.000000e+000 0.000000e+000 1.000000e+000 
0.000000e+000 0.000000e+000 0.000000e+000 0.000000e+000 1.000000e+000 
0.000000e+000 0.000000e+000 0.000000e+000 0.000000e+000 1.000000e+000 
0.000000e+000 0.000000e+000 0.000000e+000 0.000000e+000 1.000000e+000 
0.000000e+000 0.000000e+000 0.000000e+000 0.000000e+000 1.000000e+000 
0.000000e+000 0.000000e+000 0.000000e+000 0.000000e+000 1.000000e+000 
0.000000e+000 0.000000e+000 0.000000e+000 0.000000e+000 1.000000e+000 
0.000000e+000 0.000000e+000 0.000000e+000 0.000000e+000 1.000000e+000 
0.000000e+000 0.000000e+000 0.000000e+000 0.000000e+000 1.000000e+000 
0.000000e+000 0.000000e+000 0.000000e+000 0.000000e+000 1.000000e+000 
0.000000e+000 0.000000e+000 0.000000e+000 0.000000e+000 1.000000e+000 
0.000000e+000 0.000000e+000 0.000000e+000 0.000000e+000 1.000000e+000 
0.000000e+000 0.000000e+000 0.000000e+000 0.000000e+000 1.000000e+000 
0.000000e+000 0.000000e+000 0.000000e+000 0.000000e+000 1.000000e+000 
0.000000e+000 0.000000e+000 0.000000e+000 0.000000e+000 1.000000e+000 
0.000000e+000 0.000000e+000 0.000000e+000 0.000000e+000 1.000000e+000 
0.000000e+000 0.000000e+000 0.000000e+000 0.000000e+000 1.000000e+000 
0.000000e+000 0.000000e+000 0.000000e+000 0.000000e+000 1.000000e+000 
0.000000e+000 0.000000e+000 0.000000e+000 0.000000e+000 1.000000e+000 
0.000000e+000 0.000000e+000 0.000000e+000 0.000000e+000 1.000000e+000 
0.000000e+000 0.000000e+000 0.000000e+000 0.000000e+000 1.000000e+000 
0.000000e+000 0.000000e+000 0.000000e+000 0.000000e+000 1.000000e+000 
0.000000e+000 0.000000e+000 0.000000e+000 0.000000e+000 1.000000e+000 
0.000000e+000 0.000000e+000 0.000000e+000 0.000000e+000 1.000000e+000 
0.000000e+000 0.000000e+000 0.000000e+000 0.000000e+000 1.000000e+000 
0.000000e+000 0.000000e+000 0.000000e+000 0.000000e+000 1.000000e+000 
0.000000e+000 0.000000e+000 0.000000e+000 0.000000e+000 1.000000e+000 
0.000000e+000 0.000000e+000 0.000000e+000 0.000000e+000 1.000000e+000 
0.000000e+000 0.000000e+000 0.000000e+000 0.000000e+000 1.000000e+000 
0.000000e+000 0.000000e+000 0.000000e+000 0.000000e+000 1.000000e+000 
0.000000e+000 0.000000e+000 0.000000e+000 0.000000e+000 1.000000e+000 
0.000000e+000 0.000000e+000 0.000000e+000 0.000000e+000 1.000000e+000 
0.000000e+000 0.000000e+000 0.000000e+000 0.000000e+000 1.000000e+000 
0.000000e+000 0.000000e+000 0.000000e+000 0.000000e+000 1.000000e+000 



Q star

------------
1  2  3  4  5  5  5  5  5  5  5  5  5  5  5  5  5  5  5  5  5  5  5  5  5  5  5  5  5  5  5  5  5  5  5  5  5  5  5  5  5  5  5  5  5  5  5  5  5  5  5  5  5  5  5  5  5  5  5  5  5  5  5  5  5  5  5  
------------

P star

-----------
3.376579e-061

A Martrix

2.350087e-056 1.000000e+000 0.000000e+000 0.000000e+000 0.000000e+000 
0.000000e+000 2.350087e-026 1.000000e+000 0.000000e+000 0.000000e+000 
0.000000e+000 0.000000e+000 2.350087e-026 1.000000e+000 0.000000e+000 
0.000000e+000 0.000000e+000 0.000000e+000 2.350087e-026 1.000000e+000 
0.000000e+000 0.000000e+000 0.000000e+000 0.000000e+000 1.000000e+000 

B Martrix

1.000000e-030 1.000000e-030 1.000000e-030 1.000000e-030 1.000000e-030 1.000000e-030 1.000000e-030 1.000000e-030 1.000000e-030 1.000000e-030 1.000000e-030 1.000000e-030 1.000000e-030 1.000000e-030 1.000000e-030 1.000000e-030 1.000000e-030 1.000000e-030 1.000000e-030 1.000000e-030 1.000000e-030 1.000000e-030 1.000000e+000 1.000000e-030 1.000000e-030 1.000000e-030 1.000000e-030 1.000000e-030 1.000000e-030 1.000000e-030 1.000000e-030 1.000000e-030 
1.000000e-030 1.000000e-030 1.000000e+000 1.000000e-030 1.000000e-030 1.000000e-030 1.000000e-030 1.000000e-030 1.000000e-030 1.000000e-030 1.000000e-030 1.000000e-030 1.000000e-030 1.000000e-030 1.000000e-030 1.000000e-030 1.000000e-030 1.000000e-030 1.000000e-030 1.000000e-030 1.000000e-030 1.000000e-030 1.000000e-030 1.000000e-030 1.000000e-030 1.000000e-030 1.000000e-030 1.000000e-030 1.000000e-030 1.000000e-030 1.000000e-030 1.000000e-030 
1.000000e-030 1.000000e-030 1.000000e+000 1.000000e-030 1.000000e-030 1.000000e-030 1.000000e-030 1.000000e-030 1.000000e-030 1.000000e-030 1.000000e-030 1.000000e-030 1.000000e-030 1.000000e-030 1.000000e-030 1.000000e-030 1.000000e-030 1.000000e-030 1.000000e-030 1.000000e-030 1.000000e-030 1.000000e-030 1.000000e-030 1.000000e-030 1.000000e-030 1.000000e-030 1.000000e-030 1.000000e-030 1.000000e-030 1.000000e-030 1.000000e-030 1.000000e-030 
1.000000e-030 1.000000e-030 1.000000e+000 1.000000e-030 1.000000e-030 1.000000e-030 1.000000e-030 1.000000e-030 1.000000e-030 1.000000e-030 1.000000e-030 1.000000e-030 1.000000e-030 1.000000e-030 1.000000e-030 1.000000e-030 1.000000e-030 1.000000e-030 1.000000e-030 1.000000e-030 1.000000e-030 1.000000e-030 1.000000e-030 1.000000e-030 1.000000e-030 1.000000e-030 1.000000e-030 1.000000e-030 1.000000e-030 1.000000e-030 1.000000e-030 1.000000e-030 
1.000000e-030 1.000000e-030 1.111111e-001 1.428571e-001 1.000000e-030 1.000000e-030 1.000000e-030 1.000000e-030 1.000000e-030 4.761905e-002 3.174603e-002 2.539683e-001 1.587302e-002 1.000000e-030 3.174603e-002 1.000000e-030 1.000000e-030 1.000000e-030 4.761905e-002 3.174603e-002 1.000000e-030 1.000000e-030 1.000000e-030 1.000000e-030 1.000000e-030 1.000000e-030 1.000000e-030 2.857143e-001 1.000000e-030 1.000000e-030 1.000000e-030 1.000000e-030 
Iteraion 3
-----------------

P(O|lamda) = 4.733110e-053

1.000000e+000 0.000000e+000 0.000000e+000 0.000000e+000 0.000000e+000 
2.350087e-086 1.000000e+000 0.000000e+000 0.000000e+000 0.000000e+000 
5.522908e-172 2.350087e-026 1.000000e+000 0.000000e+000 0.000000e+000 
1.297931e-257 5.522908e-052 4.700173e-026 1.000000e+000 0.000000e+000 
0.000000e+000 1.297931e-107 1.656872e-081 7.050260e-056 1.587302e-002 
0.000000e+000 3.050251e-163 5.191725e-137 3.313745e-111 7.558579e-004 
0.000000e+000 7.168354e-189 1.525125e-162 1.297931e-136 8.398421e-005 
0.000000e+000 1.684625e-214 4.301012e-188 4.575376e-162 9.331579e-006 
0.000000e+000 3.959015e-270 1.179238e-243 1.505354e-217 4.443609e-007 
0.000000e+000 0.000000e+000 3.167212e-299 4.716951e-273 2.116004e-008 
0.000000e+000 0.000000e+000 0.000000e+000 1.425246e-298 2.351116e-009 
0.000000e+000 0.000000e+000 0.000000e+000 0.000000e+000 3.358737e-010 
0.000000e+000 0.000000e+000 0.000000e+000 0.000000e+000 1.599399e-011 
0.000000e+000 0.000000e+000 0.000000e+000 0.000000e+000 7.616184e-013 
0.000000e+000 0.000000e+000 0.000000e+000 0.000000e+000 1.088026e-013 
0.000000e+000 0.000000e+000 0.000000e+000 0.000000e+000 1.554323e-014 
0.000000e+000 0.000000e+000 0.000000e+000 0.000000e+000 3.947487e-015 
0.000000e+000 0.000000e+000 0.000000e+000 0.000000e+000 5.639268e-016 
0.000000e+000 0.000000e+000 0.000000e+000 0.000000e+000 1.432195e-016 
0.000000e+000 0.000000e+000 0.000000e+000 0.000000e+000 3.637321e-017 
0.000000e+000 0.000000e+000 0.000000e+000 0.000000e+000 9.237640e-018 
0.000000e+000 0.000000e+000 0.000000e+000 0.000000e+000 2.932584e-019 
0.000000e+000 0.000000e+000 0.000000e+000 0.000000e+000 9.309791e-021 
0.000000e+000 0.000000e+000 0.000000e+000 0.000000e+000 2.955489e-022 
0.000000e+000 0.000000e+000 0.000000e+000 0.000000e+000 4.222127e-023 
0.000000e+000 0.000000e+000 0.000000e+000 0.000000e+000 6.031610e-024 
0.000000e+000 0.000000e+000 0.000000e+000 0.000000e+000 8.616586e-025 
0.000000e+000 0.000000e+000 0.000000e+000 0.000000e+000 1.230941e-025 
0.000000e+000 0.000000e+000 0.000000e+000 0.000000e+000 3.126199e-026 
0.000000e+000 0.000000e+000 0.000000e+000 0.000000e+000 1.488666e-027 
0.000000e+000 0.000000e+000 0.000000e+000 0.000000e+000 2.126666e-028 
0.000000e+000 0.000000e+000 0.000000e+000 0.000000e+000 5.401057e-029 
0.000000e+000 0.000000e+000 0.000000e+000 0.000000e+000 1.714621e-030 
0.000000e+000 0.000000e+000 0.000000e+000 0.000000e+000 5.443242e-032 
0.000000e+000 0.000000e+000 0.000000e+000 0.000000e+000 6.048046e-033 
0.000000e+000 0.000000e+000 0.000000e+000 0.000000e+000 6.720052e-034 
0.000000e+000 0.000000e+000 0.000000e+000 0.000000e+000 7.466724e-035 
0.000000e+000 0.000000e+000 0.000000e+000 0.000000e+000 8.296360e-036 
0.000000e+000 0.000000e+000 0.000000e+000 0.000000e+000 2.107012e-036 
0.000000e+000 0.000000e+000 0.000000e+000 0.000000e+000 6.688927e-038 
0.000000e+000 0.000000e+000 0.000000e+000 0.000000e+000 1.911122e-038 
0.000000e+000 0.000000e+000 0.000000e+000 0.000000e+000 4.853643e-039 
0.000000e+000 0.000000e+000 0.000000e+000 0.000000e+000 1.232671e-039 
0.000000e+000 0.000000e+000 0.000000e+000 0.000000e+000 3.130594e-040 
0.000000e+000 0.000000e+000 0.000000e+000 0.000000e+000 8.944554e-041 
0.000000e+000 0.000000e+000 0.000000e+000 0.000000e+000 2.555587e-041 
0.000000e+000 0.000000e+000 0.000000e+000 0.000000e+000 6.490379e-042 
0.000000e+000 0.000000e+000 0.000000e+000 0.000000e+000 1.854394e-042 
0.000000e+000 0.000000e+000 0.000000e+000 0.000000e+000 5.298269e-043 
0.000000e+000 0.000000e+000 0.000000e+000 0.000000e+000 1.513791e-043 
0.000000e+000 0.000000e+000 0.000000e+000 0.000000e+000 4.325117e-044 
0.000000e+000 0.000000e+000 0.000000e+000 0.000000e+000 1.235748e-044 
0.000000e+000 0.000000e+000 0.000000e+000 0.000000e+000 3.530708e-045 
0.000000e+000 0.000000e+000 0.000000e+000 0.000000e+000 1.008774e-045 
0.000000e+000 0.000000e+000 0.000000e+000 0.000000e+000 2.561965e-046 
0.000000e+000 0.000000e+000 0.000000e+000 0.000000e+000 7.319900e-047 
0.000000e+000 0.000000e+000 0.000000e+000 0.000000e+000 2.091400e-047 
0.000000e+000 0.000000e+000 0.000000e+000 0.000000e+000 5.975429e-048 
0.000000e+000 0.000000e+000 0.000000e+000 0.000000e+000 1.707265e-048 
0.000000e+000 0.000000e+000 0.000000e+000 0.000000e+000 4.335912e-049 
0.000000e+000 0.000000e+000 0.000000e+000 0.000000e+000 1.101184e-049 
0.000000e+000 0.000000e+000 0.000000e+000 0.000000e+000 3.146240e-050 
0.000000e+000 0.000000e+000 0.000000e+000 0.000000e+000 8.989257e-051 
0.000000e+000 0.000000e+000 0.000000e+000 0.000000e+000 2.568359e-051 
0.000000e+000 0.000000e+000 0.000000e+000 0.000000e+000 6.522817e-052 
0.000000e+000 0.000000e+000 0.000000e+000 0.000000e+000 1.863662e-052 
0.000000e+000 0.000000e+000 0.000000e+000 0.000000e+000 4.733110e-053 


4.733110e-053 5.259011e-054 5.843345e-055 6.492606e-056 6.492606e-056 
2.981859e-081 4.733110e-053 5.259011e-054 5.843345e-055 5.843345e-055 
6.261904e-110 2.981859e-081 4.733110e-053 5.259011e-054 5.259011e-054 
5.635714e-109 6.261904e-110 2.981859e-081 4.733110e-053 4.733110e-053 
5.072142e-078 5.635714e-079 6.261904e-080 2.981859e-051 2.981859e-051 
1.065150e-076 5.072142e-048 5.635714e-049 6.261904e-050 6.261904e-050 
2.236815e-105 1.065150e-076 5.072142e-048 5.635714e-049 5.635714e-049 
2.013133e-104 2.236815e-105 1.065150e-076 5.072142e-048 5.072142e-048 
1.409193e-103 2.013133e-074 2.236815e-075 1.065150e-046 1.065150e-046 
2.959306e-102 1.409193e-073 2.013133e-044 2.236815e-045 2.236815e-045 
6.214542e-131 2.959306e-102 1.409193e-073 2.013133e-044 2.013133e-044 
4.350180e-130 6.214542e-101 2.959306e-072 1.409193e-043 1.409193e-043 
3.045126e-129 4.350180e-100 6.214542e-071 2.959306e-042 2.959306e-042 
1.199018e-128 3.045126e-099 4.350180e-070 6.214542e-041 6.214542e-041 
8.393128e-128 1.199018e-098 3.045126e-069 4.350180e-040 4.350180e-040 
3.304794e-127 8.393128e-098 1.199018e-068 3.045126e-039 3.045126e-039 
1.301263e-126 3.304794e-097 8.393128e-068 1.199018e-038 1.199018e-038 
5.123722e-126 1.301263e-096 3.304794e-067 8.393128e-038 8.393128e-038 
1.613972e-124 5.123722e-096 1.301263e-066 3.304794e-037 3.304794e-037 
5.084013e-123 1.613972e-094 5.123722e-066 1.301263e-036 1.301263e-036 
1.601464e-121 5.084013e-093 1.613972e-064 5.123722e-036 5.123722e-036 
1.121025e-120 1.601464e-091 5.084013e-063 1.613972e-034 1.613972e-034 
7.847174e-120 1.121025e-090 1.601464e-061 5.084013e-033 5.084013e-033 
5.493022e-119 7.847174e-090 1.121025e-060 1.601464e-031 1.601464e-031 
3.845115e-118 5.493022e-089 7.847174e-060 1.121025e-030 1.121025e-030 
1.514014e-117 3.845115e-088 5.493022e-059 7.847174e-030 7.847174e-030 
3.179430e-116 1.514014e-087 3.845115e-058 5.493022e-029 5.493022e-029 
2.225601e-115 3.179430e-086 1.514014e-057 3.845115e-028 3.845115e-028 
8.763303e-115 2.225601e-085 3.179430e-056 1.514014e-027 1.514014e-027 
2.760440e-113 8.763303e-085 2.225601e-055 3.179430e-026 3.179430e-026 
8.695388e-112 2.760440e-083 8.763303e-055 2.225601e-025 2.225601e-025 
7.825849e-081 8.695388e-082 2.760440e-053 8.763303e-025 8.763303e-025 
7.043264e-050 7.825849e-051 8.695388e-052 2.760440e-023 2.760440e-023 
6.338938e-019 7.043264e-020 7.825849e-021 8.695388e-022 8.695388e-022 
5.705044e-018 6.338938e-019 7.043264e-020 7.825849e-021 7.825849e-021 
2.246361e-047 5.705044e-018 6.338938e-019 7.043264e-020 7.043264e-020 
7.076037e-076 2.246361e-047 5.705044e-018 6.338938e-019 6.338938e-019 
2.476613e-105 7.076037e-076 2.246361e-047 5.705044e-018 5.705044e-018 
9.751664e-105 2.476613e-075 7.076037e-046 2.246361e-017 2.246361e-017 
3.839718e-104 9.751664e-075 2.476613e-045 7.076037e-016 7.076037e-016 
1.511889e-103 3.839718e-074 9.751664e-045 2.476613e-015 2.476613e-015 
5.291611e-103 1.511889e-073 3.839718e-044 9.751664e-015 9.751664e-015 
1.852064e-102 5.291611e-073 1.511889e-043 3.839718e-014 3.839718e-014 
7.292501e-102 1.852064e-072 5.291611e-043 1.511889e-013 1.511889e-013 
2.552375e-101 7.292501e-072 1.852064e-042 5.291611e-013 5.291611e-013 
8.933314e-101 2.552375e-071 7.292501e-042 1.852064e-012 1.852064e-012 
3.126660e-100 8.933314e-071 2.552375e-041 7.292501e-012 7.292501e-012 
1.094331e-099 3.126660e-070 8.933314e-041 2.552375e-011 2.552375e-011 
3.830158e-099 1.094331e-069 3.126660e-040 8.933314e-011 8.933314e-011 
1.340555e-098 3.830158e-069 1.094331e-039 3.126660e-010 3.126660e-010 
4.691944e-098 1.340555e-068 3.830158e-039 1.094331e-009 1.094331e-009 
1.847453e-097 4.691944e-068 1.340555e-038 3.830158e-009 3.830158e-009 
6.466085e-097 1.847453e-067 4.691944e-038 1.340555e-008 1.340555e-008 
2.263130e-096 6.466085e-067 1.847453e-037 4.691944e-008 4.691944e-008 
7.920954e-096 2.263130e-066 6.466085e-037 1.847453e-007 1.847453e-007 
2.772334e-095 7.920954e-066 2.263130e-036 6.466085e-007 6.466085e-007 
1.091607e-094 2.772334e-065 7.920954e-036 2.263130e-006 2.263130e-006 
4.298201e-094 1.091607e-064 2.772334e-035 7.920954e-006 7.920954e-006 
1.504370e-093 4.298201e-064 1.091607e-034 2.772334e-005 2.772334e-005 
5.265296e-093 1.504370e-063 4.298201e-034 1.091607e-004 1.091607e-004 
1.842854e-092 5.265296e-063 1.504370e-033 4.298201e-004 4.298201e-004 
7.256236e-092 1.842854e-062 5.265296e-033 1.504370e-003 1.504370e-003 
2.539683e-091 7.256236e-062 1.842854e-032 5.265296e-003 5.265296e-003 
1.000000e-090 2.539683e-061 7.256236e-032 1.842854e-002 1.842854e-002 
1.000000e-060 1.000000e-060 2.539683e-031 7.256236e-002 7.256236e-002 
1.000000e-030 1.000000e-030 1.000000e-030 2.539683e-001 2.539683e-001 
1.000000e+000 1.000000e+000 1.000000e+000 1.000000e+000 1.000000e+000 


1.000000e+000 0.000000e+000 0.000000e+000 0.000000e+000 0.000000e+000 
1.480555e-114 1.000000e+000 0.000000e+000 0.000000e+000 0.000000e+000 
7.306807e-229 1.480555e-054 1.000000e+000 0.000000e+000 0.000000e+000 
1.545447e-313 7.306807e-109 2.961109e-054 1.000000e+000 0.000000e+000 
0.000000e+000 1.545447e-133 2.192042e-108 4.441664e-054 1.000000e+000 
0.000000e+000 3.268740e-158 6.181787e-133 4.384084e-108 1.000000e+000 
0.000000e+000 1.613183e-212 1.634370e-157 1.545447e-132 1.000000e+000 
0.000000e+000 7.961351e-267 9.679097e-212 4.903110e-157 1.000000e+000 
0.000000e+000 1.683888e-291 5.572946e-266 3.387684e-211 1.000000e+000 
0.000000e+000 0.000000e+000 1.347110e-290 2.229178e-265 1.000000e+000 
0.000000e+000 0.000000e+000 0.000000e+000 6.061996e-290 1.000000e+000 
0.000000e+000 0.000000e+000 0.000000e+000 0.000000e+000 1.000000e+000 
0.000000e+000 0.000000e+000 0.000000e+000 0.000000e+000 1.000000e+000 
0.000000e+000 0.000000e+000 0.000000e+000 0.000000e+000 1.000000e+000 
0.000000e+000 0.000000e+000 0.000000e+000 0.000000e+000 1.000000e+000 
0.000000e+000 0.000000e+000 0.000000e+000 0.000000e+000 1.000000e+000 
0.000000e+000 0.000000e+000 0.000000e+000 0.000000e+000 1.000000e+000 
0.000000e+000 0.000000e+000 0.000000e+000 0.000000e+000 1.000000e+000 
0.000000e+000 0.000000e+000 0.000000e+000 0.000000e+000 1.000000e+000 
0.000000e+000 0.000000e+000 0.000000e+000 0.000000e+000 1.000000e+000 
0.000000e+000 0.000000e+000 0.000000e+000 0.000000e+000 1.000000e+000 
0.000000e+000 0.000000e+000 0.000000e+000 0.000000e+000 1.000000e+000 
0.000000e+000 0.000000e+000 0.000000e+000 0.000000e+000 1.000000e+000 
0.000000e+000 0.000000e+000 0.000000e+000 0.000000e+000 1.000000e+000 
0.000000e+000 0.000000e+000 0.000000e+000 0.000000e+000 1.000000e+000 
0.000000e+000 0.000000e+000 0.000000e+000 0.000000e+000 1.000000e+000 
0.000000e+000 0.000000e+000 0.000000e+000 0.000000e+000 1.000000e+000 
0.000000e+000 0.000000e+000 0.000000e+000 0.000000e+000 1.000000e+000 
0.000000e+000 0.000000e+000 0.000000e+000 0.000000e+000 1.000000e+000 
0.000000e+000 0.000000e+000 0.000000e+000 0.000000e+000 1.000000e+000 
0.000000e+000 0.000000e+000 0.000000e+000 0.000000e+000 1.000000e+000 
0.000000e+000 0.000000e+000 0.000000e+000 0.000000e+000 1.000000e+000 
0.000000e+000 0.000000e+000 0.000000e+000 0.000000e+000 1.000000e+000 
0.000000e+000 0.000000e+000 0.000000e+000 0.000000e+000 1.000000e+000 
0.000000e+000 0.000000e+000 0.000000e+000 0.000000e+000 1.000000e+000 
0.000000e+000 0.000000e+000 0.000000e+000 0.000000e+000 1.000000e+000 
0.000000e+000 0.000000e+000 0.000000e+000 0.000000e+000 1.000000e+000 
0.000000e+000 0.000000e+000 0.000000e+000 0.000000e+000 1.000000e+000 
0.000000e+000 0.000000e+000 0.000000e+000 0.000000e+000 1.000000e+000 
0.000000e+000 0.000000e+000 0.000000e+000 0.000000e+000 1.000000e+000 
0.000000e+000 0.000000e+000 0.000000e+000 0.000000e+000 1.000000e+000 
0.000000e+000 0.000000e+000 0.000000e+000 0.000000e+000 1.000000e+000 
0.000000e+000 0.000000e+000 0.000000e+000 0.000000e+000 1.000000e+000 
0.000000e+000 0.000000e+000 0.000000e+000 0.000000e+000 1.000000e+000 
0.000000e+000 0.000000e+000 0.000000e+000 0.000000e+000 1.000000e+000 
0.000000e+000 0.000000e+000 0.000000e+000 0.000000e+000 1.000000e+000 
0.000000e+000 0.000000e+000 0.000000e+000 0.000000e+000 1.000000e+000 
0.000000e+000 0.000000e+000 0.000000e+000 0.000000e+000 1.000000e+000 
0.000000e+000 0.000000e+000 0.000000e+000 0.000000e+000 1.000000e+000 
0.000000e+000 0.000000e+000 0.000000e+000 0.000000e+000 1.000000e+000 
0.000000e+000 0.000000e+000 0.000000e+000 0.000000e+000 1.000000e+000 
0.000000e+000 0.000000e+000 0.000000e+000 0.000000e+000 1.000000e+000 
0.000000e+000 0.000000e+000 0.000000e+000 0.000000e+000 1.000000e+000 
0.000000e+000 0.000000e+000 0.000000e+000 0.000000e+000 1.000000e+000 
0.000000e+000 0.000000e+000 0.000000e+000 0.000000e+000 1.000000e+000 
0.000000e+000 0.000000e+000 0.000000e+000 0.000000e+000 1.000000e+000 
0.000000e+000 0.000000e+000 0.000000e+000 0.000000e+000 1.000000e+000 
0.000000e+000 0.000000e+000 0.000000e+000 0.000000e+000 1.000000e+000 
0.000000e+000 0.000000e+000 0.000000e+000 0.000000e+000 1.000000e+000 
0.000000e+000 0.000000e+000 0.000000e+000 0.000000e+000 1.000000e+000 
0.000000e+000 0.000000e+000 0.000000e+000 0.000000e+000 1.000000e+000 
0.000000e+000 0.000000e+000 0.000000e+000 0.000000e+000 1.000000e+000 
0.000000e+000 0.000000e+000 0.000000e+000 0.000000e+000 1.000000e+000 
0.000000e+000 0.000000e+000 0.000000e+000 0.000000e+000 1.000000e+000 
0.000000e+000 0.000000e+000 0.000000e+000 0.000000e+000 1.000000e+000 
0.000000e+000 0.000000e+000 0.000000e+000 0.000000e+000 1.000000e+000 
0.000000e+000 0.000000e+000 0.000000e+000 0.000000e+000 1.000000e+000 



Q star

------------
1  2  3  4  5  5  5  5  5  5  5  5  5  5  5  5  5  5  5  5  5  5  5  5  5  5  5  5  5  5  5  5  5  5  5  5  5  5  5  5  5  5  5  5  5  5  5  5  5  5  5  5  5  5  5  5  5  5  5  5  5  5  5  5  5  5  5  
------------

P star

-----------
4.733110e-053

A Martrix

1.480555e-114 1.000000e+000 0.000000e+000 0.000000e+000 0.000000e+000 
0.000000e+000 1.480555e-054 1.000000e+000 0.000000e+000 0.000000e+000 
0.000000e+000 0.000000e+000 1.480555e-054 1.000000e+000 0.000000e+000 
0.000000e+000 0.000000e+000 0.000000e+000 1.480555e-054 1.000000e+000 
0.000000e+000 0.000000e+000 0.000000e+000 0.000000e+000 1.000000e+000 

B Martrix

1.000000e-030 1.000000e-030 1.000000e-030 1.000000e-030 1.000000e-030 1.000000e-030 1.000000e-030 1.000000e-030 1.000000e-030 1.000000e-030 1.000000e-030 1.000000e-030 1.000000e-030 1.000000e-030 1.000000e-030 1.000000e-030 1.000000e-030 1.000000e-030 1.000000e-030 1.000000e-030 1.000000e-030 1.000000e-030 1.000000e+000 1.000000e-030 1.000000e-030 1.000000e-030 1.000000e-030 1.000000e-030 1.000000e-030 1.000000e-030 1.000000e-030 1.000000e-030 
1.000000e-030 1.000000e-030 1.000000e+000 1.000000e-030 1.000000e-030 1.000000e-030 1.000000e-030 1.000000e-030 1.000000e-030 1.000000e-030 1.000000e-030 1.000000e-030 1.000000e-030 1.000000e-030 1.000000e-030 1.000000e-030 1.000000e-030 1.000000e-030 1.000000e-030 1.000000e-030 1.000000e-030 1.000000e-030 1.000000e-030 1.000000e-030 1.000000e-030 1.000000e-030 1.000000e-030 1.000000e-030 1.000000e-030 1.000000e-030 1.000000e-030 1.000000e-030 
1.000000e-030 1.000000e-030 1.000000e+000 1.000000e-030 1.000000e-030 1.000000e-030 1.000000e-030 1.000000e-030 1.000000e-030 1.000000e-030 1.000000e-030 1.000000e-030 1.000000e-030 1.000000e-030 1.000000e-030 1.000000e-030 1.000000e-030 1.000000e-030 1.000000e-030 1.000000e-030 1.000000e-030 1.000000e-030 1.000000e-030 1.000000e-030 1.000000e-030 1.000000e-030 1.000000e-030 1.000000e-030 1.000000e-030 1.000000e-030 1.000000e-030 1.000000e-030 
1.000000e-030 1.000000e-030 1.000000e+000 1.000000e-030 1.000000e-030 1.000000e-030 1.000000e-030 1.000000e-030 1.000000e-030 1.000000e-030 1.000000e-030 1.000000e-030 1.000000e-030 1.000000e-030 1.000000e-030 1.000000e-030 1.000000e-030 1.000000e-030 1.000000e-030 1.000000e-030 1.000000e-030 1.000000e-030 1.000000e-030 1.000000e-030 1.000000e-030 1.000000e-030 1.000000e-030 1.000000e-030 1.000000e-030 1.000000e-030 1.000000e-030 1.000000e-030 
1.000000e-030 1.000000e-030 1.111111e-001 1.428571e-001 1.000000e-030 1.000000e-030 1.000000e-030 1.000000e-030 1.000000e-030 4.761905e-002 3.174603e-002 2.539683e-001 1.587302e-002 1.000000e-030 3.174603e-002 1.000000e-030 1.000000e-030 1.000000e-030 4.761905e-002 3.174603e-002 1.000000e-030 1.000000e-030 1.000000e-030 1.000000e-030 1.000000e-030 1.000000e-030 1.000000e-030 2.857143e-001 1.000000e-030 1.000000e-030 1.000000e-030 1.000000e-030 
Iteraion 4
-----------------

P(O|lamda) = 4.733110e-053

1.000000e+000 0.000000e+000 0.000000e+000 0.000000e+000 0.000000e+000 
1.480555e-144 1.000000e+000 0.000000e+000 0.000000e+000 0.000000e+000 
2.192042e-288 1.480555e-054 1.000000e+000 0.000000e+000 0.000000e+000 
0.000000e+000 2.192042e-108 2.961109e-054 1.000000e+000 0.000000e+000 
0.000000e+000 3.245438e-192 6.576126e-138 4.441664e-084 1.587302e-002 
0.000000e+000 4.805048e-276 1.298175e-221 1.315225e-167 7.558579e-004 
0.000000e+000 0.000000e+000 2.402524e-275 3.245438e-221 8.398421e-005 
0.000000e+000 0.000000e+000 0.000000e+000 7.207572e-275 9.331579e-006 
0.000000e+000 0.000000e+000 0.000000e+000 0.000000e+000 4.443609e-007 
0.000000e+000 0.000000e+000 0.000000e+000 0.000000e+000 2.116004e-008 
0.000000e+000 0.000000e+000 0.000000e+000 0.000000e+000 2.351116e-009 
0.000000e+000 0.000000e+000 0.000000e+000 0.000000e+000 3.358737e-010 
0.000000e+000 0.000000e+000 0.000000e+000 0.000000e+000 1.599399e-011 
0.000000e+000 0.000000e+000 0.000000e+000 0.000000e+000 7.616184e-013 
0.000000e+000 0.000000e+000 0.000000e+000 0.000000e+000 1.088026e-013 
0.000000e+000 0.000000e+000 0.000000e+000 0.000000e+000 1.554323e-014 
0.000000e+000 0.000000e+000 0.000000e+000 0.000000e+000 3.947487e-015 
0.000000e+000 0.000000e+000 0.000000e+000 0.000000e+000 5.639268e-016 
0.000000e+000 0.000000e+000 0.000000e+000 0.000000e+000 1.432195e-016 
0.000000e+000 0.000000e+000 0.000000e+000 0.000000e+000 3.637321e-017 
0.000000e+000 0.000000e+000 0.000000e+000 0.000000e+000 9.237640e-018 
0.000000e+000 0.000000e+000 0.000000e+000 0.000000e+000 2.932584e-019 
0.000000e+000 0.000000e+000 0.000000e+000 0.000000e+000 9.309791e-021 
0.000000e+000 0.000000e+000 0.000000e+000 0.000000e+000 2.955489e-022 
0.000000e+000 0.000000e+000 0.000000e+000 0.000000e+000 4.222127e-023 
0.000000e+000 0.000000e+000 0.000000e+000 0.000000e+000 6.031610e-024 
0.000000e+000 0.000000e+000 0.000000e+000 0.000000e+000 8.616586e-025 
0.000000e+000 0.000000e+000 0.000000e+000 0.000000e+000 1.230941e-025 
0.000000e+000 0.000000e+000 0.000000e+000 0.000000e+000 3.126199e-026 
0.000000e+000 0.000000e+000 0.000000e+000 0.000000e+000 1.488666e-027 
0.000000e+000 0.000000e+000 0.000000e+000 0.000000e+000 2.126666e-028 
0.000000e+000 0.000000e+000 0.000000e+000 0.000000e+000 5.401057e-029 
0.000000e+000 0.000000e+000 0.000000e+000 0.000000e+000 1.714621e-030 
0.000000e+000 0.000000e+000 0.000000e+000 0.000000e+000 5.443242e-032 
0.000000e+000 0.000000e+000 0.000000e+000 0.000000e+000 6.048046e-033 
0.000000e+000 0.000000e+000 0.000000e+000 0.000000e+000 6.720052e-034 
0.000000e+000 0.000000e+000 0.000000e+000 0.000000e+000 7.466724e-035 
0.000000e+000 0.000000e+000 0.000000e+000 0.000000e+000 8.296360e-036 
0.000000e+000 0.000000e+000 0.000000e+000 0.000000e+000 2.107012e-036 
0.000000e+000 0.000000e+000 0.000000e+000 0.000000e+000 6.688927e-038 
0.000000e+000 0.000000e+000 0.000000e+000 0.000000e+000 1.911122e-038 
0.000000e+000 0.000000e+000 0.000000e+000 0.000000e+000 4.853643e-039 
0.000000e+000 0.000000e+000 0.000000e+000 0.000000e+000 1.232671e-039 
0.000000e+000 0.000000e+000 0.000000e+000 0.000000e+000 3.130594e-040 
0.000000e+000 0.000000e+000 0.000000e+000 0.000000e+000 8.944554e-041 
0.000000e+000 0.000000e+000 0.000000e+000 0.000000e+000 2.555587e-041 
0.000000e+000 0.000000e+000 0.000000e+000 0.000000e+000 6.490379e-042 
0.000000e+000 0.000000e+000 0.000000e+000 0.000000e+000 1.854394e-042 
0.000000e+000 0.000000e+000 0.000000e+000 0.000000e+000 5.298269e-043 
0.000000e+000 0.000000e+000 0.000000e+000 0.000000e+000 1.513791e-043 
0.000000e+000 0.000000e+000 0.000000e+000 0.000000e+000 4.325117e-044 
0.000000e+000 0.000000e+000 0.000000e+000 0.000000e+000 1.235748e-044 
0.000000e+000 0.000000e+000 0.000000e+000 0.000000e+000 3.530708e-045 
0.000000e+000 0.000000e+000 0.000000e+000 0.000000e+000 1.008774e-045 
0.000000e+000 0.000000e+000 0.000000e+000 0.000000e+000 2.561965e-046 
0.000000e+000 0.000000e+000 0.000000e+000 0.000000e+000 7.319900e-047 
0.000000e+000 0.000000e+000 0.000000e+000 0.000000e+000 2.091400e-047 
0.000000e+000 0.000000e+000 0.000000e+000 0.000000e+000 5.975429e-048 
0.000000e+000 0.000000e+000 0.000000e+000 0.000000e+000 1.707265e-048 
0.000000e+000 0.000000e+000 0.000000e+000 0.000000e+000 4.335912e-049 
0.000000e+000 0.000000e+000 0.000000e+000 0.000000e+000 1.101184e-049 
0.000000e+000 0.000000e+000 0.000000e+000 0.000000e+000 3.146240e-050 
0.000000e+000 0.000000e+000 0.000000e+000 0.000000e+000 8.989257e-051 
0.000000e+000 0.000000e+000 0.000000e+000 0.000000e+000 2.568359e-051 
0.000000e+000 0.000000e+000 0.000000e+000 0.000000e+000 6.522817e-052 
0.000000e+000 0.000000e+000 0.000000e+000 0.000000e+000 1.863662e-052 
0.000000e+000 0.000000e+000 0.000000e+000 0.000000e+000 4.733110e-053 


4.733110e-053 5.259011e-054 5.843345e-055 6.492606e-056 6.492606e-056 
2.981859e-081 4.733110e-053 5.259011e-054 5.843345e-055 5.843345e-055 
6.261904e-110 2.981859e-081 4.733110e-053 5.259011e-054 5.259011e-054 
5.635714e-109 6.261904e-110 2.981859e-081 4.733110e-053 4.733110e-053 
5.072142e-078 5.635714e-079 6.261904e-080 2.981859e-051 2.981859e-051 
1.065150e-076 5.072142e-048 5.635714e-049 6.261904e-050 6.261904e-050 
2.236815e-105 1.065150e-076 5.072142e-048 5.635714e-049 5.635714e-049 
2.013133e-104 2.236815e-105 1.065150e-076 5.072142e-048 5.072142e-048 
1.409193e-103 2.013133e-074 2.236815e-075 1.065150e-046 1.065150e-046 
2.959306e-102 1.409193e-073 2.013133e-044 2.236815e-045 2.236815e-045 
6.214542e-131 2.959306e-102 1.409193e-073 2.013133e-044 2.013133e-044 
4.350180e-130 6.214542e-101 2.959306e-072 1.409193e-043 1.409193e-043 
3.045126e-129 4.350180e-100 6.214542e-071 2.959306e-042 2.959306e-042 
1.199018e-128 3.045126e-099 4.350180e-070 6.214542e-041 6.214542e-041 
8.393128e-128 1.199018e-098 3.045126e-069 4.350180e-040 4.350180e-040 
3.304794e-127 8.393128e-098 1.199018e-068 3.045126e-039 3.045126e-039 
1.301263e-126 3.304794e-097 8.393128e-068 1.199018e-038 1.199018e-038 
5.123722e-126 1.301263e-096 3.304794e-067 8.393128e-038 8.393128e-038 
1.613972e-124 5.123722e-096 1.301263e-066 3.304794e-037 3.304794e-037 
5.084013e-123 1.613972e-094 5.123722e-066 1.301263e-036 1.301263e-036 
1.601464e-121 5.084013e-093 1.613972e-064 5.123722e-036 5.123722e-036 
1.121025e-120 1.601464e-091 5.084013e-063 1.613972e-034 1.613972e-034 
7.847174e-120 1.121025e-090 1.601464e-061 5.084013e-033 5.084013e-033 
5.493022e-119 7.847174e-090 1.121025e-060 1.601464e-031 1.601464e-031 
3.845115e-118 5.493022e-089 7.847174e-060 1.121025e-030 1.121025e-030 
1.514014e-117 3.845115e-088 5.493022e-059 7.847174e-030 7.847174e-030 
3.179430e-116 1.514014e-087 3.845115e-058 5.493022e-029 5.493022e-029 
2.225601e-115 3.179430e-086 1.514014e-057 3.845115e-028 3.845115e-028 
8.763303e-115 2.225601e-085 3.179430e-056 1.514014e-027 1.514014e-027 
2.760440e-113 8.763303e-085 2.225601e-055 3.179430e-026 3.179430e-026 
8.695388e-112 2.760440e-083 8.763303e-055 2.225601e-025 2.225601e-025 
7.825849e-081 8.695388e-082 2.760440e-053 8.763303e-025 8.763303e-025 
7.043264e-050 7.825849e-051 8.695388e-052 2.760440e-023 2.760440e-023 
6.338938e-019 7.043264e-020 7.825849e-021 8.695388e-022 8.695388e-022 
5.705044e-018 6.338938e-019 7.043264e-020 7.825849e-021 7.825849e-021 
2.246361e-047 5.705044e-018 6.338938e-019 7.043264e-020 7.043264e-020 
7.076037e-076 2.246361e-047 5.705044e-018 6.338938e-019 6.338938e-019 
2.476613e-105 7.076037e-076 2.246361e-047 5.705044e-018 5.705044e-018 
9.751664e-105 2.476613e-075 7.076037e-046 2.246361e-017 2.246361e-017 
3.839718e-104 9.751664e-075 2.476613e-045 7.076037e-016 7.076037e-016 
1.511889e-103 3.839718e-074 9.751664e-045 2.476613e-015 2.476613e-015 
5.291611e-103 1.511889e-073 3.839718e-044 9.751664e-015 9.751664e-015 
1.852064e-102 5.291611e-073 1.511889e-043 3.839718e-014 3.839718e-014 
7.292501e-102 1.852064e-072 5.291611e-043 1.511889e-013 1.511889e-013 
2.552375e-101 7.292501e-072 1.852064e-042 5.291611e-013 5.291611e-013 
8.933314e-101 2.552375e-071 7.292501e-042 1.852064e-012 1.852064e-012 
3.126660e-100 8.933314e-071 2.552375e-041 7.292501e-012 7.292501e-012 
1.094331e-099 3.126660e-070 8.933314e-041 2.552375e-011 2.552375e-011 
3.830158e-099 1.094331e-069 3.126660e-040 8.933314e-011 8.933314e-011 
1.340555e-098 3.830158e-069 1.094331e-039 3.126660e-010 3.126660e-010 
4.691944e-098 1.340555e-068 3.830158e-039 1.094331e-009 1.094331e-009 
1.847453e-097 4.691944e-068 1.340555e-038 3.830158e-009 3.830158e-009 
6.466085e-097 1.847453e-067 4.691944e-038 1.340555e-008 1.340555e-008 
2.263130e-096 6.466085e-067 1.847453e-037 4.691944e-008 4.691944e-008 
7.920954e-096 2.263130e-066 6.466085e-037 1.847453e-007 1.847453e-007 
2.772334e-095 7.920954e-066 2.263130e-036 6.466085e-007 6.466085e-007 
1.091607e-094 2.772334e-065 7.920954e-036 2.263130e-006 2.263130e-006 
4.298201e-094 1.091607e-064 2.772334e-035 7.920954e-006 7.920954e-006 
1.504370e-093 4.298201e-064 1.091607e-034 2.772334e-005 2.772334e-005 
5.265296e-093 1.504370e-063 4.298201e-034 1.091607e-004 1.091607e-004 
1.842854e-092 5.265296e-063 1.504370e-033 4.298201e-004 4.298201e-004 
7.256236e-092 1.842854e-062 5.265296e-033 1.504370e-003 1.504370e-003 
2.539683e-091 7.256236e-062 1.842854e-032 5.265296e-003 5.265296e-003 
1.000000e-090 2.539683e-061 7.256236e-032 1.842854e-002 1.842854e-002 
1.000000e-060 1.000000e-060 2.539683e-031 7.256236e-002 7.256236e-002 
1.000000e-030 1.000000e-030 1.000000e-030 2.539683e-001 2.539683e-001 
1.000000e+000 1.000000e+000 1.000000e+000 1.000000e+000 1.000000e+000 


1.000000e+000 0.000000e+000 0.000000e+000 0.000000e+000 0.000000e+000 
9.327494e-173 1.000000e+000 0.000000e+000 0.000000e+000 0.000000e+000 
0.000000e+000 9.327494e-083 1.000000e+000 0.000000e+000 0.000000e+000 
0.000000e+000 2.900072e-165 1.865499e-082 1.000000e+000 0.000000e+000 
0.000000e+000 3.864343e-218 8.700215e-165 2.798248e-082 1.000000e+000 
0.000000e+000 5.149234e-271 1.545737e-217 1.740043e-164 1.000000e+000 
0.000000e+000 0.000000e+000 2.574617e-270 3.864343e-217 1.000000e+000 
0.000000e+000 0.000000e+000 0.000000e+000 7.723851e-270 1.000000e+000 
0.000000e+000 0.000000e+000 0.000000e+000 0.000000e+000 1.000000e+000 
0.000000e+000 0.000000e+000 0.000000e+000 0.000000e+000 1.000000e+000 
0.000000e+000 0.000000e+000 0.000000e+000 0.000000e+000 1.000000e+000 
0.000000e+000 0.000000e+000 0.000000e+000 0.000000e+000 1.000000e+000 
0.000000e+000 0.000000e+000 0.000000e+000 0.000000e+000 1.000000e+000 
0.000000e+000 0.000000e+000 0.000000e+000 0.000000e+000 1.000000e+000 
0.000000e+000 0.000000e+000 0.000000e+000 0.000000e+000 1.000000e+000 
0.000000e+000 0.000000e+000 0.000000e+000 0.000000e+000 1.000000e+000 
0.000000e+000 0.000000e+000 0.000000e+000 0.000000e+000 1.000000e+000 
0.000000e+000 0.000000e+000 0.000000e+000 0.000000e+000 1.000000e+000 
0.000000e+000 0.000000e+000 0.000000e+000 0.000000e+000 1.000000e+000 
0.000000e+000 0.000000e+000 0.000000e+000 0.000000e+000 1.000000e+000 
0.000000e+000 0.000000e+000 0.000000e+000 0.000000e+000 1.000000e+000 
0.000000e+000 0.000000e+000 0.000000e+000 0.000000e+000 1.000000e+000 
0.000000e+000 0.000000e+000 0.000000e+000 0.000000e+000 1.000000e+000 
0.000000e+000 0.000000e+000 0.000000e+000 0.000000e+000 1.000000e+000 
0.000000e+000 0.000000e+000 0.000000e+000 0.000000e+000 1.000000e+000 
0.000000e+000 0.000000e+000 0.000000e+000 0.000000e+000 1.000000e+000 
0.000000e+000 0.000000e+000 0.000000e+000 0.000000e+000 1.000000e+000 
0.000000e+000 0.000000e+000 0.000000e+000 0.000000e+000 1.000000e+000 
0.000000e+000 0.000000e+000 0.000000e+000 0.000000e+000 1.000000e+000 
0.000000e+000 0.000000e+000 0.000000e+000 0.000000e+000 1.000000e+000 
0.000000e+000 0.000000e+000 0.000000e+000 0.000000e+000 1.000000e+000 
0.000000e+000 0.000000e+000 0.000000e+000 0.000000e+000 1.000000e+000 
0.000000e+000 0.000000e+000 0.000000e+000 0.000000e+000 1.000000e+000 
0.000000e+000 0.000000e+000 0.000000e+000 0.000000e+000 1.000000e+000 
0.000000e+000 0.000000e+000 0.000000e+000 0.000000e+000 1.000000e+000 
0.000000e+000 0.000000e+000 0.000000e+000 0.000000e+000 1.000000e+000 
0.000000e+000 0.000000e+000 0.000000e+000 0.000000e+000 1.000000e+000 
0.000000e+000 0.000000e+000 0.000000e+000 0.000000e+000 1.000000e+000 
0.000000e+000 0.000000e+000 0.000000e+000 0.000000e+000 1.000000e+000 
0.000000e+000 0.000000e+000 0.000000e+000 0.000000e+000 1.000000e+000 
0.000000e+000 0.000000e+000 0.000000e+000 0.000000e+000 1.000000e+000 
0.000000e+000 0.000000e+000 0.000000e+000 0.000000e+000 1.000000e+000 
0.000000e+000 0.000000e+000 0.000000e+000 0.000000e+000 1.000000e+000 
0.000000e+000 0.000000e+000 0.000000e+000 0.000000e+000 1.000000e+000 
0.000000e+000 0.000000e+000 0.000000e+000 0.000000e+000 1.000000e+000 
0.000000e+000 0.000000e+000 0.000000e+000 0.000000e+000 1.000000e+000 
0.000000e+000 0.000000e+000 0.000000e+000 0.000000e+000 1.000000e+000 
0.000000e+000 0.000000e+000 0.000000e+000 0.000000e+000 1.000000e+000 
0.000000e+000 0.000000e+000 0.000000e+000 0.000000e+000 1.000000e+000 
0.000000e+000 0.000000e+000 0.000000e+000 0.000000e+000 1.000000e+000 
0.000000e+000 0.000000e+000 0.000000e+000 0.000000e+000 1.000000e+000 
0.000000e+000 0.000000e+000 0.000000e+000 0.000000e+000 1.000000e+000 
0.000000e+000 0.000000e+000 0.000000e+000 0.000000e+000 1.000000e+000 
0.000000e+000 0.000000e+000 0.000000e+000 0.000000e+000 1.000000e+000 
0.000000e+000 0.000000e+000 0.000000e+000 0.000000e+000 1.000000e+000 
0.000000e+000 0.000000e+000 0.000000e+000 0.000000e+000 1.000000e+000 
0.000000e+000 0.000000e+000 0.000000e+000 0.000000e+000 1.000000e+000 
0.000000e+000 0.000000e+000 0.000000e+000 0.000000e+000 1.000000e+000 
0.000000e+000 0.000000e+000 0.000000e+000 0.000000e+000 1.000000e+000 
0.000000e+000 0.000000e+000 0.000000e+000 0.000000e+000 1.000000e+000 
0.000000e+000 0.000000e+000 0.000000e+000 0.000000e+000 1.000000e+000 
0.000000e+000 0.000000e+000 0.000000e+000 0.000000e+000 1.000000e+000 
0.000000e+000 0.000000e+000 0.000000e+000 0.000000e+000 1.000000e+000 
0.000000e+000 0.000000e+000 0.000000e+000 0.000000e+000 1.000000e+000 
0.000000e+000 0.000000e+000 0.000000e+000 0.000000e+000 1.000000e+000 
0.000000e+000 0.000000e+000 0.000000e+000 0.000000e+000 1.000000e+000 
0.000000e+000 0.000000e+000 0.000000e+000 0.000000e+000 1.000000e+000 



Q star

------------
1  2  3  4  5  5  5  5  5  5  5  5  5  5  5  5  5  5  5  5  5  5  5  5  5  5  5  5  5  5  5  5  5  5  5  5  5  5  5  5  5  5  5  5  5  5  5  5  5  5  5  5  5  5  5  5  5  5  5  5  5  5  5  5  5  5  5  
------------

P star

-----------
4.733110e-053

A Martrix

9.327494e-173 1.000000e+000 0.000000e+000 0.000000e+000 0.000000e+000 
0.000000e+000 9.327494e-083 1.000000e+000 0.000000e+000 0.000000e+000 
0.000000e+000 0.000000e+000 9.327494e-083 1.000000e+000 0.000000e+000 
0.000000e+000 0.000000e+000 0.000000e+000 9.327494e-083 1.000000e+000 
0.000000e+000 0.000000e+000 0.000000e+000 0.000000e+000 1.000000e+000 

B Martrix

1.000000e-030 1.000000e-030 1.000000e-030 1.000000e-030 1.000000e-030 1.000000e-030 1.000000e-030 1.000000e-030 1.000000e-030 1.000000e-030 1.000000e-030 1.000000e-030 1.000000e-030 1.000000e-030 1.000000e-030 1.000000e-030 1.000000e-030 1.000000e-030 1.000000e-030 1.000000e-030 1.000000e-030 1.000000e-030 1.000000e+000 1.000000e-030 1.000000e-030 1.000000e-030 1.000000e-030 1.000000e-030 1.000000e-030 1.000000e-030 1.000000e-030 1.000000e-030 
1.000000e-030 1.000000e-030 1.000000e+000 1.000000e-030 1.000000e-030 1.000000e-030 1.000000e-030 1.000000e-030 1.000000e-030 1.000000e-030 1.000000e-030 1.000000e-030 1.000000e-030 1.000000e-030 1.000000e-030 1.000000e-030 1.000000e-030 1.000000e-030 1.000000e-030 1.000000e-030 1.000000e-030 1.000000e-030 1.000000e-030 1.000000e-030 1.000000e-030 1.000000e-030 1.000000e-030 1.000000e-030 1.000000e-030 1.000000e-030 1.000000e-030 1.000000e-030 
1.000000e-030 1.000000e-030 1.000000e+000 1.000000e-030 1.000000e-030 1.000000e-030 1.000000e-030 1.000000e-030 1.000000e-030 1.000000e-030 1.000000e-030 1.000000e-030 1.000000e-030 1.000000e-030 1.000000e-030 1.000000e-030 1.000000e-030 1.000000e-030 1.000000e-030 1.000000e-030 1.000000e-030 1.000000e-030 1.000000e-030 1.000000e-030 1.000000e-030 1.000000e-030 1.000000e-030 1.000000e-030 1.000000e-030 1.000000e-030 1.000000e-030 1.000000e-030 
1.000000e-030 1.000000e-030 1.000000e+000 1.000000e-030 1.000000e-030 1.000000e-030 1.000000e-030 1.000000e-030 1.000000e-030 1.000000e-030 1.000000e-030 1.000000e-030 1.000000e-030 1.000000e-030 1.000000e-030 1.000000e-030 1.000000e-030 1.000000e-030 1.000000e-030 1.000000e-030 1.000000e-030 1.000000e-030 1.000000e-030 1.000000e-030 1.000000e-030 1.000000e-030 1.000000e-030 1.000000e-030 1.000000e-030 1.000000e-030 1.000000e-030 1.000000e-030 
1.000000e-030 1.000000e-030 1.111111e-001 1.428571e-001 1.000000e-030 1.000000e-030 1.000000e-030 1.000000e-030 1.000000e-030 4.761905e-002 3.174603e-002 2.539683e-001 1.587302e-002 1.000000e-030 3.174603e-002 1.000000e-030 1.000000e-030 1.000000e-030 4.761905e-002 3.174603e-002 1.000000e-030 1.000000e-030 1.000000e-030 1.000000e-030 1.000000e-030 1.000000e-030 1.000000e-030 2.857143e-001 1.000000e-030 1.000000e-030 1.000000e-030 1.000000e-030 
=================
