22	22	22	22	22	22	22	22	22	22	26	22	22	22	
Iteraion 1
-----------------

P(O|lamda) = 8.470329e-022

3.125000e-002 0.000000e+000 0.000000e+000 0.000000e+000 0.000000e+000 
7.812500e-004 1.953125e-004 0.000000e+000 0.000000e+000 0.000000e+000 
1.953125e-005 9.765625e-006 1.220703e-006 0.000000e+000 0.000000e+000 
4.882813e-007 3.662109e-007 9.155273e-008 7.629395e-009 0.000000e+000 
1.220703e-008 1.220703e-008 4.577637e-009 7.629395e-010 4.768372e-011 
3.051758e-010 3.814697e-010 1.907349e-010 4.768372e-011 6.258488e-012 
7.629395e-012 1.144409e-011 7.152557e-012 2.384186e-012 4.936010e-013 
1.907349e-013 3.337860e-013 2.503395e-013 1.043081e-013 3.032619e-014 
4.768372e-015 9.536743e-015 8.344650e-015 4.172325e-015 1.599619e-015 
1.192093e-016 2.682209e-016 2.682209e-016 1.564622e-016 7.606513e-017 
2.980232e-018 7.450581e-018 8.381903e-018 5.587935e-018 3.354924e-018 
7.450581e-020 2.048910e-019 2.561137e-019 1.920853e-019 1.397660e-019 
1.862645e-021 5.587935e-021 7.683411e-021 6.402843e-021 5.568220e-021 
4.656613e-023 1.513399e-022 2.270099e-022 2.080924e-022 2.140246e-022 


2.710505e-020 2.710505e-020 2.710505e-020 2.710505e-020 2.710505e-020 
8.673617e-019 8.673617e-019 8.673617e-019 8.673617e-019 8.673617e-019 
2.775558e-017 2.775558e-017 2.775558e-017 2.775558e-017 2.775558e-017 
8.881784e-016 8.881784e-016 8.881784e-016 8.881784e-016 8.881784e-016 
2.842171e-014 2.842171e-014 2.842171e-014 2.842171e-014 2.842171e-014 
9.094947e-013 9.094947e-013 9.094947e-013 9.094947e-013 9.094947e-013 
2.910383e-011 2.910383e-011 2.910383e-011 2.910383e-011 2.910383e-011 
9.313226e-010 9.313226e-010 9.313226e-010 9.313226e-010 9.313226e-010 
2.980232e-008 2.980232e-008 2.980232e-008 2.980232e-008 2.980232e-008 
9.536743e-007 9.536743e-007 9.536743e-007 9.536743e-007 9.536743e-007 
3.051758e-005 3.051758e-005 3.051758e-005 3.051758e-005 3.051758e-005 
9.765625e-004 9.765625e-004 9.765625e-004 9.765625e-004 9.765625e-004 
3.125000e-002 3.125000e-002 3.125000e-002 3.125000e-002 3.125000e-002 
1.000000e+000 1.000000e+000 1.000000e+000 1.000000e+000 1.000000e+000 


1.000000e+000 0.000000e+000 0.000000e+000 0.000000e+000 0.000000e+000 
8.000000e-001 2.000000e-001 0.000000e+000 0.000000e+000 0.000000e+000 
6.400000e-001 3.200000e-001 4.000000e-002 0.000000e+000 0.000000e+000 
5.120000e-001 3.840000e-001 9.600000e-002 8.000000e-003 0.000000e+000 
4.096000e-001 4.096000e-001 1.536000e-001 2.560000e-002 1.600000e-003 
3.276800e-001 4.096000e-001 2.048000e-001 5.120000e-002 6.720000e-003 
2.621440e-001 3.932160e-001 2.457600e-001 8.192000e-002 1.696000e-002 
2.097152e-001 3.670016e-001 2.752512e-001 1.146880e-001 3.334400e-002 
1.677722e-001 3.355443e-001 2.936013e-001 1.468006e-001 5.628160e-002 
1.342177e-001 3.019899e-001 3.019899e-001 1.761608e-001 8.564173e-002 
1.073742e-001 2.684355e-001 3.019899e-001 2.013266e-001 1.208739e-001 
8.589935e-002 2.362232e-001 2.952790e-001 2.214593e-001 1.611392e-001 
6.871948e-002 2.061584e-001 2.834678e-001 2.362232e-001 2.054311e-001 
5.497558e-002 1.786706e-001 2.680060e-001 2.456721e-001 2.526757e-001 



Q star

------------
1  1  1  1  1  1  1  1  1  1  1  1  1  1  
------------

P star

-----------
4.656613e-023

A Martrix

8.000000e-001 2.000000e-001 0.000000e+000 0.000000e+000 0.000000e+000 
0.000000e+000 8.000000e-001 2.000000e-001 0.000000e+000 0.000000e+000 
0.000000e+000 0.000000e+000 8.000000e-001 2.000000e-001 0.000000e+000 
0.000000e+000 0.000000e+000 0.000000e+000 8.000000e-001 2.000000e-001 
0.000000e+000 0.000000e+000 0.000000e+000 0.000000e+000 1.000000e+000 

B Martrix

1.000000e-030 1.000000e-030 1.000000e-030 1.000000e-030 1.000000e-030 1.000000e-030 1.000000e-030 1.000000e-030 1.000000e-030 1.000000e-030 1.000000e-030 1.000000e-030 1.000000e-030 1.000000e-030 1.000000e-030 1.000000e-030 1.000000e-030 1.000000e-030 1.000000e-030 1.000000e-030 1.000000e-030 9.775372e-001 1.000000e-030 1.000000e-030 1.000000e-030 2.246276e-002 1.000000e-030 1.000000e-030 1.000000e-030 1.000000e-030 1.000000e-030 1.000000e-030 
1.000000e+000 1.000000e-030 1.000000e-030 1.000000e-030 1.000000e-030 1.000000e-030 1.000000e-030 1.000000e-030 1.000000e-030 1.000000e-030 1.000000e-030 1.000000e-030 1.000000e-030 1.000000e-030 1.000000e-030 1.000000e-030 1.000000e-030 1.000000e-030 1.000000e-030 1.000000e-030 1.000000e-030 1.000000e-030 1.000000e-030 1.000000e-030 1.000000e-030 1.000000e-030 1.000000e-030 1.000000e-030 1.000000e-030 1.000000e-030 1.000000e-030 1.000000e-030 
1.000000e+000 1.000000e-030 1.000000e-030 1.000000e-030 1.000000e-030 1.000000e-030 1.000000e-030 1.000000e-030 1.000000e-030 1.000000e-030 1.000000e-030 1.000000e-030 1.000000e-030 1.000000e-030 1.000000e-030 1.000000e-030 1.000000e-030 1.000000e-030 1.000000e-030 1.000000e-030 1.000000e-030 1.000000e-030 1.000000e-030 1.000000e-030 1.000000e-030 1.000000e-030 1.000000e-030 1.000000e-030 1.000000e-030 1.000000e-030 1.000000e-030 1.000000e-030 
1.000000e+000 1.000000e-030 1.000000e-030 1.000000e-030 1.000000e-030 1.000000e-030 1.000000e-030 1.000000e-030 1.000000e-030 1.000000e-030 1.000000e-030 1.000000e-030 1.000000e-030 1.000000e-030 1.000000e-030 1.000000e-030 1.000000e-030 1.000000e-030 1.000000e-030 1.000000e-030 1.000000e-030 1.000000e-030 1.000000e-030 1.000000e-030 1.000000e-030 1.000000e-030 1.000000e-030 1.000000e-030 1.000000e-030 1.000000e-030 1.000000e-030 1.000000e-030 
1.000000e+000 1.000000e-030 1.000000e-030 1.000000e-030 1.000000e-030 1.000000e-030 1.000000e-030 1.000000e-030 1.000000e-030 1.000000e-030 1.000000e-030 1.000000e-030 1.000000e-030 1.000000e-030 1.000000e-030 1.000000e-030 1.000000e-030 1.000000e-030 1.000000e-030 1.000000e-030 1.000000e-030 1.000000e-030 1.000000e-030 1.000000e-030 1.000000e-030 1.000000e-030 1.000000e-030 1.000000e-030 1.000000e-030 1.000000e-030 1.000000e-030 1.000000e-030 
Iteraion 2
-----------------

P(O|lamda) = 9.191068e-004

9.775372e-001 0.000000e+000 0.000000e+000 0.000000e+000 0.000000e+000 
7.644632e-001 1.955074e-031 0.000000e+000 0.000000e+000 0.000000e+000 
5.978330e-001 1.528926e-031 3.910149e-062 0.000000e+000 0.000000e+000 
4.675232e-001 1.195666e-031 3.057853e-062 7.820298e-093 0.000000e+000 
3.656171e-001 9.350465e-032 2.391332e-062 6.115706e-093 1.564060e-123 
2.859235e-001 7.312342e-032 1.870093e-062 4.782664e-093 1.223141e-123 
2.236007e-001 5.718469e-032 1.462468e-062 3.740186e-093 9.565329e-124 
1.748624e-001 4.472013e-032 1.143694e-062 2.924937e-093 7.480372e-124 
1.367476e-001 3.497248e-032 8.944027e-063 2.287388e-093 5.849874e-124 
1.069407e-001 2.734952e-032 6.994495e-063 1.788805e-093 4.574776e-124 
1.921746e-003 2.138814e-032 5.469904e-063 1.398899e-093 3.577611e-124 
1.502863e-003 3.843493e-034 4.277628e-063 1.093981e-093 2.797798e-124 
1.175284e-003 3.005726e-034 7.686986e-065 8.555256e-094 2.187962e-124 
9.191068e-004 2.350567e-034 6.011452e-065 1.537397e-095 1.711051e-124 


9.402269e-004 0.000000e+000 0.000000e+000 0.000000e+000 0.000000e+000 
1.202290e-003 0.000000e+000 0.000000e+000 0.000000e+000 0.000000e+000 
1.537397e-003 0.000000e+000 0.000000e+000 0.000000e+000 0.000000e+000 
1.965906e-003 1.000000e-300 1.000000e-300 1.000000e-300 1.000000e-300 
2.513851e-003 1.000000e-270 1.000000e-270 1.000000e-270 1.000000e-270 
3.214520e-003 1.000000e-240 1.000000e-240 1.000000e-240 1.000000e-240 
4.110483e-003 1.000000e-210 1.000000e-210 1.000000e-210 1.000000e-210 
5.256172e-003 1.000000e-180 1.000000e-180 1.000000e-180 1.000000e-180 
6.721192e-003 1.000000e-150 1.000000e-150 1.000000e-150 1.000000e-150 
8.594547e-003 1.000000e-120 1.000000e-120 1.000000e-120 1.000000e-120 
4.782664e-001 1.000000e-090 1.000000e-090 1.000000e-090 1.000000e-090 
6.115706e-001 1.000000e-060 1.000000e-060 1.000000e-060 1.000000e-060 
7.820298e-001 1.000000e-030 1.000000e-030 1.000000e-030 1.000000e-030 
1.000000e+000 1.000000e+000 1.000000e+000 1.000000e+000 1.000000e+000 


1.000000e+000 0.000000e+000 0.000000e+000 0.000000e+000 0.000000e+000 
1.000000e+000 0.000000e+000 0.000000e+000 0.000000e+000 0.000000e+000 
1.000000e+000 0.000000e+000 0.000000e+000 0.000000e+000 0.000000e+000 
1.000000e+000 0.000000e+000 0.000000e+000 0.000000e+000 0.000000e+000 
1.000000e+000 1.017343e-298 0.000000e+000 0.000000e+000 0.000000e+000 
1.000000e+000 7.955922e-269 2.034685e-299 0.000000e+000 0.000000e+000 
1.000000e+000 6.221768e-239 1.591184e-269 4.069370e-300 0.000000e+000 
1.000000e+000 4.865608e-209 1.244354e-239 3.182369e-270 8.138741e-301 
1.000000e+000 3.805050e-179 9.731216e-210 2.488707e-240 6.364738e-271 
1.000000e+000 2.975663e-149 7.610101e-180 1.946243e-210 4.977414e-241 
1.000000e+000 2.327057e-119 5.951326e-150 1.522020e-180 3.892486e-211 
1.000000e+000 4.181770e-091 4.654114e-120 1.190265e-150 3.044040e-181 
1.000000e+000 3.270268e-061 8.363539e-092 9.308228e-121 2.380530e-151 
1.000000e+000 2.557447e-031 6.540537e-062 1.672708e-092 1.861646e-121 



Q star

------------
1  1  1  1  1  1  1  1  1  1  1  1  1  1  
------------

P star

-----------
9.191068e-004

A Martrix

1.000000e+000 1.967267e-032 0.000000e+000 0.000000e+000 0.000000e+000 
0.000000e+000 8.000000e-001 2.000000e-001 0.000000e+000 0.000000e+000 
0.000000e+000 0.000000e+000 8.000000e-001 2.000000e-001 0.000000e+000 
0.000000e+000 0.000000e+000 0.000000e+000 8.000000e-001 2.000000e-001 
0.000000e+000 0.000000e+000 0.000000e+000 0.000000e+000 1.000000e+000 

B Martrix

1.000000e-030 1.000000e-030 1.000000e-030 1.000000e-030 1.000000e-030 1.000000e-030 1.000000e-030 1.000000e-030 1.000000e-030 1.000000e-030 1.000000e-030 1.000000e-030 1.000000e-030 1.000000e-030 1.000000e-030 1.000000e-030 1.000000e-030 1.000000e-030 1.000000e-030 1.000000e-030 1.000000e-030 9.285714e-001 1.000000e-030 1.000000e-030 1.000000e-030 7.142857e-002 1.000000e-030 1.000000e-030 1.000000e-030 1.000000e-030 1.000000e-030 1.000000e-030 
1.000000e+000 1.000000e-030 1.000000e-030 1.000000e-030 1.000000e-030 1.000000e-030 1.000000e-030 1.000000e-030 1.000000e-030 1.000000e-030 1.000000e-030 1.000000e-030 1.000000e-030 1.000000e-030 1.000000e-030 1.000000e-030 1.000000e-030 1.000000e-030 1.000000e-030 1.000000e-030 1.000000e-030 1.000000e-030 1.000000e-030 1.000000e-030 1.000000e-030 1.000000e-030 1.000000e-030 1.000000e-030 1.000000e-030 1.000000e-030 1.000000e-030 1.000000e-030 
1.000000e+000 1.000000e-030 1.000000e-030 1.000000e-030 1.000000e-030 1.000000e-030 1.000000e-030 1.000000e-030 1.000000e-030 1.000000e-030 1.000000e-030 1.000000e-030 1.000000e-030 1.000000e-030 1.000000e-030 1.000000e-030 1.000000e-030 1.000000e-030 1.000000e-030 1.000000e-030 1.000000e-030 1.000000e-030 1.000000e-030 1.000000e-030 1.000000e-030 1.000000e-030 1.000000e-030 1.000000e-030 1.000000e-030 1.000000e-030 1.000000e-030 1.000000e-030 
1.000000e+000 1.000000e-030 1.000000e-030 1.000000e-030 1.000000e-030 1.000000e-030 1.000000e-030 1.000000e-030 1.000000e-030 1.000000e-030 1.000000e-030 1.000000e-030 1.000000e-030 1.000000e-030 1.000000e-030 1.000000e-030 1.000000e-030 1.000000e-030 1.000000e-030 1.000000e-030 1.000000e-030 1.000000e-030 1.000000e-030 1.000000e-030 1.000000e-030 1.000000e-030 1.000000e-030 1.000000e-030 1.000000e-030 1.000000e-030 1.000000e-030 1.000000e-030 
1.000000e+000 1.000000e-030 1.000000e-030 1.000000e-030 1.000000e-030 1.000000e-030 1.000000e-030 1.000000e-030 1.000000e-030 1.000000e-030 1.000000e-030 1.000000e-030 1.000000e-030 1.000000e-030 1.000000e-030 1.000000e-030 1.000000e-030 1.000000e-030 1.000000e-030 1.000000e-030 1.000000e-030 1.000000e-030 1.000000e-030 1.000000e-030 1.000000e-030 1.000000e-030 1.000000e-030 1.000000e-030 1.000000e-030 1.000000e-030 1.000000e-030 1.000000e-030 
Iteraion 3
-----------------

P(O|lamda) = 2.725656e-002

9.285714e-001 0.000000e+000 0.000000e+000 0.000000e+000 0.000000e+000 
8.622449e-001 1.826748e-062 0.000000e+000 0.000000e+000 0.000000e+000 
8.006560e-001 1.696266e-062 3.653496e-093 0.000000e+000 0.000000e+000 
7.434663e-001 1.575104e-062 3.392532e-093 7.306992e-124 0.000000e+000 
6.903615e-001 1.462597e-062 3.150208e-093 6.785064e-124 1.461398e-154 
6.410500e-001 1.358126e-062 2.925194e-093 6.300417e-124 1.357013e-154 
5.952607e-001 1.261117e-062 2.716251e-093 5.850387e-124 1.260083e-154 
5.527421e-001 1.171037e-062 2.522233e-093 5.432502e-124 1.170077e-154 
5.132605e-001 1.087391e-062 2.342074e-093 5.044466e-124 1.086500e-154 
4.765990e-001 1.009721e-062 2.174783e-093 4.684147e-124 1.008893e-154 
3.404279e-002 9.375977e-063 2.019441e-093 4.349565e-124 9.368295e-155 
3.161116e-002 6.697126e-064 1.875195e-093 4.038882e-124 8.699131e-155 
2.935322e-002 6.218760e-064 1.339425e-094 3.750391e-124 8.077764e-155 
2.725656e-002 5.774563e-064 1.243752e-094 2.678850e-125 7.500781e-155 


2.935322e-002 0.000000e+000 0.000000e+000 0.000000e+000 0.000000e+000 
3.161116e-002 0.000000e+000 0.000000e+000 0.000000e+000 0.000000e+000 
3.404279e-002 0.000000e+000 0.000000e+000 0.000000e+000 0.000000e+000 
3.666146e-002 1.000000e-300 1.000000e-300 1.000000e-300 1.000000e-300 
3.948158e-002 1.000000e-270 1.000000e-270 1.000000e-270 1.000000e-270 
4.251862e-002 1.000000e-240 1.000000e-240 1.000000e-240 1.000000e-240 
4.578929e-002 1.000000e-210 1.000000e-210 1.000000e-210 1.000000e-210 
4.931154e-002 1.000000e-180 1.000000e-180 1.000000e-180 1.000000e-180 
5.310473e-002 1.000000e-150 1.000000e-150 1.000000e-150 1.000000e-150 
5.718971e-002 1.000000e-120 1.000000e-120 1.000000e-120 1.000000e-120 
8.006560e-001 1.000000e-090 1.000000e-090 1.000000e-090 1.000000e-090 
8.622449e-001 1.000000e-060 1.000000e-060 1.000000e-060 1.000000e-060 
9.285714e-001 1.000000e-030 1.000000e-030 1.000000e-030 1.000000e-030 
1.000000e+000 1.000000e+000 1.000000e+000 1.000000e+000 1.000000e+000 


1.000000e+000 0.000000e+000 0.000000e+000 0.000000e+000 0.000000e+000 
1.000000e+000 0.000000e+000 0.000000e+000 0.000000e+000 0.000000e+000 
1.000000e+000 0.000000e+000 0.000000e+000 0.000000e+000 0.000000e+000 
1.000000e+000 0.000000e+000 0.000000e+000 0.000000e+000 0.000000e+000 
1.000000e+000 0.000000e+000 0.000000e+000 0.000000e+000 0.000000e+000 
1.000000e+000 4.982747e-301 0.000000e+000 0.000000e+000 0.000000e+000 
1.000000e+000 4.626837e-271 9.965494e-302 0.000000e+000 0.000000e+000 
1.000000e+000 4.296348e-241 9.253673e-272 1.993099e-302 0.000000e+000 
1.000000e+000 3.989466e-211 8.592697e-242 1.850735e-272 3.986198e-303 
1.000000e+000 3.704504e-181 7.978933e-212 1.718539e-242 3.701469e-273 
1.000000e+000 3.439897e-151 7.409009e-182 1.595787e-212 3.437079e-243 
1.000000e+000 2.457069e-122 6.879794e-152 1.481802e-182 3.191573e-213 
1.000000e+000 2.281564e-092 4.914138e-123 1.375959e-152 2.963604e-183 
1.000000e+000 2.118595e-062 4.563129e-093 9.828277e-124 2.751918e-153 



Q star

------------
1  1  1  1  1  1  1  1  1  1  1  1  1  1  
------------

P star

-----------
2.725656e-002

A Martrix

1.000000e+000 1.629689e-063 0.000000e+000 0.000000e+000 0.000000e+000 
0.000000e+000 8.000000e-001 2.000000e-001 0.000000e+000 0.000000e+000 
0.000000e+000 0.000000e+000 8.000000e-001 2.000000e-001 0.000000e+000 
0.000000e+000 0.000000e+000 0.000000e+000 8.000000e-001 2.000000e-001 
0.000000e+000 0.000000e+000 0.000000e+000 0.000000e+000 1.000000e+000 

B Martrix

1.000000e-030 1.000000e-030 1.000000e-030 1.000000e-030 1.000000e-030 1.000000e-030 1.000000e-030 1.000000e-030 1.000000e-030 1.000000e-030 1.000000e-030 1.000000e-030 1.000000e-030 1.000000e-030 1.000000e-030 1.000000e-030 1.000000e-030 1.000000e-030 1.000000e-030 1.000000e-030 1.000000e-030 9.285714e-001 1.000000e-030 1.000000e-030 1.000000e-030 7.142857e-002 1.000000e-030 1.000000e-030 1.000000e-030 1.000000e-030 1.000000e-030 1.000000e-030 
1.000000e+000 1.000000e-030 1.000000e-030 1.000000e-030 1.000000e-030 1.000000e-030 1.000000e-030 1.000000e-030 1.000000e-030 1.000000e-030 1.000000e-030 1.000000e-030 1.000000e-030 1.000000e-030 1.000000e-030 1.000000e-030 1.000000e-030 1.000000e-030 1.000000e-030 1.000000e-030 1.000000e-030 1.000000e-030 1.000000e-030 1.000000e-030 1.000000e-030 1.000000e-030 1.000000e-030 1.000000e-030 1.000000e-030 1.000000e-030 1.000000e-030 1.000000e-030 
1.000000e+000 1.000000e-030 1.000000e-030 1.000000e-030 1.000000e-030 1.000000e-030 1.000000e-030 1.000000e-030 1.000000e-030 1.000000e-030 1.000000e-030 1.000000e-030 1.000000e-030 1.000000e-030 1.000000e-030 1.000000e-030 1.000000e-030 1.000000e-030 1.000000e-030 1.000000e-030 1.000000e-030 1.000000e-030 1.000000e-030 1.000000e-030 1.000000e-030 1.000000e-030 1.000000e-030 1.000000e-030 1.000000e-030 1.000000e-030 1.000000e-030 1.000000e-030 
1.000000e+000 1.000000e-030 1.000000e-030 1.000000e-030 1.000000e-030 1.000000e-030 1.000000e-030 1.000000e-030 1.000000e-030 1.000000e-030 1.000000e-030 1.000000e-030 1.000000e-030 1.000000e-030 1.000000e-030 1.000000e-030 1.000000e-030 1.000000e-030 1.000000e-030 1.000000e-030 1.000000e-030 1.000000e-030 1.000000e-030 1.000000e-030 1.000000e-030 1.000000e-030 1.000000e-030 1.000000e-030 1.000000e-030 1.000000e-030 1.000000e-030 1.000000e-030 
1.000000e+000 1.000000e-030 1.000000e-030 1.000000e-030 1.000000e-030 1.000000e-030 1.000000e-030 1.000000e-030 1.000000e-030 1.000000e-030 1.000000e-030 1.000000e-030 1.000000e-030 1.000000e-030 1.000000e-030 1.000000e-030 1.000000e-030 1.000000e-030 1.000000e-030 1.000000e-030 1.000000e-030 1.000000e-030 1.000000e-030 1.000000e-030 1.000000e-030 1.000000e-030 1.000000e-030 1.000000e-030 1.000000e-030 1.000000e-030 1.000000e-030 1.000000e-030 
Iteraion 4
-----------------

P(O|lamda) = 2.725656e-002

9.285714e-001 0.000000e+000 0.000000e+000 0.000000e+000 0.000000e+000 
8.622449e-001 1.513282e-093 0.000000e+000 0.000000e+000 0.000000e+000 
8.006560e-001 1.405191e-093 3.026565e-124 0.000000e+000 0.000000e+000 
7.434663e-001 1.304820e-093 2.810382e-124 6.053130e-155 0.000000e+000 
6.903615e-001 1.211619e-093 2.609640e-124 5.620763e-155 1.210626e-185 
6.410500e-001 1.125074e-093 2.423237e-124 5.219280e-155 1.124153e-185 
5.952607e-001 1.044712e-093 2.250149e-124 4.846475e-155 1.043856e-185 
5.527421e-001 9.700897e-094 2.089424e-124 4.500298e-155 9.692949e-186 
5.132605e-001 9.007976e-094 1.940179e-124 4.178848e-155 9.000596e-186 
4.765990e-001 8.364549e-094 1.801595e-124 3.880359e-155 8.357696e-186 
3.404279e-002 7.767081e-094 1.672910e-124 3.603190e-155 7.760718e-186 
3.161116e-002 5.547915e-095 1.553416e-124 3.345820e-155 7.206381e-186 
2.935322e-002 5.151635e-095 1.109583e-125 3.106832e-155 6.691639e-186 
2.725656e-002 4.783661e-095 1.030327e-125 2.219166e-156 6.213665e-186 


2.935322e-002 0.000000e+000 0.000000e+000 0.000000e+000 0.000000e+000 
3.161116e-002 0.000000e+000 0.000000e+000 0.000000e+000 0.000000e+000 
3.404279e-002 0.000000e+000 0.000000e+000 0.000000e+000 0.000000e+000 
3.666146e-002 1.000000e-300 1.000000e-300 1.000000e-300 1.000000e-300 
3.948158e-002 1.000000e-270 1.000000e-270 1.000000e-270 1.000000e-270 
4.251862e-002 1.000000e-240 1.000000e-240 1.000000e-240 1.000000e-240 
4.578929e-002 1.000000e-210 1.000000e-210 1.000000e-210 1.000000e-210 
4.931154e-002 1.000000e-180 1.000000e-180 1.000000e-180 1.000000e-180 
5.310473e-002 1.000000e-150 1.000000e-150 1.000000e-150 1.000000e-150 
5.718971e-002 1.000000e-120 1.000000e-120 1.000000e-120 1.000000e-120 
8.006560e-001 1.000000e-090 1.000000e-090 1.000000e-090 1.000000e-090 
8.622449e-001 1.000000e-060 1.000000e-060 1.000000e-060 1.000000e-060 
9.285714e-001 1.000000e-030 1.000000e-030 1.000000e-030 1.000000e-030 
1.000000e+000 1.000000e+000 1.000000e+000 1.000000e+000 1.000000e+000 


1.000000e+000 0.000000e+000 0.000000e+000 0.000000e+000 0.000000e+000 
1.000000e+000 0.000000e+000 0.000000e+000 0.000000e+000 0.000000e+000 
1.000000e+000 0.000000e+000 0.000000e+000 0.000000e+000 0.000000e+000 
1.000000e+000 0.000000e+000 0.000000e+000 0.000000e+000 0.000000e+000 
1.000000e+000 0.000000e+000 0.000000e+000 0.000000e+000 0.000000e+000 
1.000000e+000 0.000000e+000 0.000000e+000 0.000000e+000 0.000000e+000 
1.000000e+000 3.832882e-302 0.000000e+000 0.000000e+000 0.000000e+000 
1.000000e+000 3.559105e-272 7.665765e-303 0.000000e+000 0.000000e+000 
1.000000e+000 3.304883e-242 7.118210e-273 1.533153e-303 0.000000e+000 
1.000000e+000 3.068820e-212 6.609767e-243 1.423642e-273 3.066306e-304 
1.000000e+000 2.849619e-182 6.137640e-213 1.321953e-243 2.847284e-274 
1.000000e+000 2.035442e-153 5.699238e-183 1.227528e-213 2.643907e-244 
1.000000e+000 1.890053e-123 4.070884e-154 1.139848e-183 2.455056e-214 
1.000000e+000 1.755049e-093 3.780107e-124 8.141768e-155 2.279695e-184 



Q star

------------
1  1  1  1  1  1  1  1  1  1  1  1  1  1  
------------

P star

-----------
2.725656e-002

A Martrix

1.000000e+000 1.350038e-094 0.000000e+000 0.000000e+000 0.000000e+000 
0.000000e+000 8.000000e-001 2.000000e-001 0.000000e+000 0.000000e+000 
0.000000e+000 0.000000e+000 8.000000e-001 2.000000e-001 0.000000e+000 
0.000000e+000 0.000000e+000 0.000000e+000 8.000000e-001 2.000000e-001 
0.000000e+000 0.000000e+000 0.000000e+000 0.000000e+000 1.000000e+000 

B Martrix

1.000000e-030 1.000000e-030 1.000000e-030 1.000000e-030 1.000000e-030 1.000000e-030 1.000000e-030 1.000000e-030 1.000000e-030 1.000000e-030 1.000000e-030 1.000000e-030 1.000000e-030 1.000000e-030 1.000000e-030 1.000000e-030 1.000000e-030 1.000000e-030 1.000000e-030 1.000000e-030 1.000000e-030 9.285714e-001 1.000000e-030 1.000000e-030 1.000000e-030 7.142857e-002 1.000000e-030 1.000000e-030 1.000000e-030 1.000000e-030 1.000000e-030 1.000000e-030 
1.000000e+000 1.000000e-030 1.000000e-030 1.000000e-030 1.000000e-030 1.000000e-030 1.000000e-030 1.000000e-030 1.000000e-030 1.000000e-030 1.000000e-030 1.000000e-030 1.000000e-030 1.000000e-030 1.000000e-030 1.000000e-030 1.000000e-030 1.000000e-030 1.000000e-030 1.000000e-030 1.000000e-030 1.000000e-030 1.000000e-030 1.000000e-030 1.000000e-030 1.000000e-030 1.000000e-030 1.000000e-030 1.000000e-030 1.000000e-030 1.000000e-030 1.000000e-030 
1.000000e+000 1.000000e-030 1.000000e-030 1.000000e-030 1.000000e-030 1.000000e-030 1.000000e-030 1.000000e-030 1.000000e-030 1.000000e-030 1.000000e-030 1.000000e-030 1.000000e-030 1.000000e-030 1.000000e-030 1.000000e-030 1.000000e-030 1.000000e-030 1.000000e-030 1.000000e-030 1.000000e-030 1.000000e-030 1.000000e-030 1.000000e-030 1.000000e-030 1.000000e-030 1.000000e-030 1.000000e-030 1.000000e-030 1.000000e-030 1.000000e-030 1.000000e-030 
1.000000e+000 1.000000e-030 1.000000e-030 1.000000e-030 1.000000e-030 1.000000e-030 1.000000e-030 1.000000e-030 1.000000e-030 1.000000e-030 1.000000e-030 1.000000e-030 1.000000e-030 1.000000e-030 1.000000e-030 1.000000e-030 1.000000e-030 1.000000e-030 1.000000e-030 1.000000e-030 1.000000e-030 1.000000e-030 1.000000e-030 1.000000e-030 1.000000e-030 1.000000e-030 1.000000e-030 1.000000e-030 1.000000e-030 1.000000e-030 1.000000e-030 1.000000e-030 
1.000000e+000 1.000000e-030 1.000000e-030 1.000000e-030 1.000000e-030 1.000000e-030 1.000000e-030 1.000000e-030 1.000000e-030 1.000000e-030 1.000000e-030 1.000000e-030 1.000000e-030 1.000000e-030 1.000000e-030 1.000000e-030 1.000000e-030 1.000000e-030 1.000000e-030 1.000000e-030 1.000000e-030 1.000000e-030 1.000000e-030 1.000000e-030 1.000000e-030 1.000000e-030 1.000000e-030 1.000000e-030 1.000000e-030 1.000000e-030 1.000000e-030 1.000000e-030 
=================
