32	20	20	20	19	19	19	13	29	29	29	29	29	29	29	29	29	29	29	29	29	19	20	19	19	19	20	19	19	20	20	19	19	19	19	19	19	19	19	19	20	12	20	20	19	11	
Iteraion 1
-----------------

P(O|lamda) = 5.795635e-070

3.125000e-002 0.000000e+000 0.000000e+000 0.000000e+000 0.000000e+000 
7.812500e-004 1.953125e-004 0.000000e+000 0.000000e+000 0.000000e+000 
1.953125e-005 9.765625e-006 1.220703e-006 0.000000e+000 0.000000e+000 
4.882813e-007 3.662109e-007 9.155273e-008 7.629395e-009 0.000000e+000 
1.220703e-008 1.220703e-008 4.577637e-009 7.629395e-010 4.768372e-011 
3.051758e-010 3.814697e-010 1.907349e-010 4.768372e-011 6.258488e-012 
7.629395e-012 1.144409e-011 7.152557e-012 2.384186e-012 4.936010e-013 
1.907349e-013 3.337860e-013 2.503395e-013 1.043081e-013 3.032619e-014 
4.768372e-015 9.536743e-015 8.344650e-015 4.172325e-015 1.599619e-015 
1.192093e-016 2.682209e-016 2.682209e-016 1.564622e-016 7.606513e-017 
2.980232e-018 7.450581e-018 8.381903e-018 5.587935e-018 3.354924e-018 
7.450581e-020 2.048910e-019 2.561137e-019 1.920853e-019 1.397660e-019 
1.862645e-021 5.587935e-021 7.683411e-021 6.402843e-021 5.568220e-021 
4.656613e-023 1.513399e-022 2.270099e-022 2.080924e-022 2.140246e-022 
1.164153e-024 4.074536e-024 6.621121e-024 6.621121e-024 7.988847e-024 
2.910383e-026 1.091394e-025 1.909939e-025 2.069100e-025 2.910335e-025 
7.275958e-028 2.910383e-027 5.456968e-027 6.366463e-027 1.038798e-026 
1.818989e-029 7.730705e-029 1.546141e-028 1.932676e-028 3.644149e-028 
4.547474e-031 2.046363e-030 4.348522e-030 5.798029e-030 1.259589e-029 
1.136868e-032 5.400125e-032 1.215028e-031 1.721290e-031 4.298592e-031 
2.842171e-034 1.421085e-033 3.375078e-033 5.062617e-033 1.450891e-032 
7.105427e-036 3.730349e-035 9.325873e-035 1.476597e-034 4.850447e-034 
1.776357e-037 9.769963e-037 2.564615e-036 4.274359e-036 1.608052e-035 
4.440892e-039 2.553513e-038 7.022161e-038 1.228878e-037 5.292309e-037 
1.110223e-040 6.661338e-040 1.915135e-039 3.511080e-039 1.730652e-038 
2.775558e-042 1.734723e-041 5.204170e-041 9.974660e-041 5.627729e-040 
6.938894e-044 4.510281e-043 1.409463e-042 2.818926e-042 1.821007e-041 
1.734723e-045 1.170938e-044 3.805550e-044 7.928228e-044 5.866829e-043 
4.336809e-047 3.035766e-046 1.024571e-045 2.219904e-045 1.882936e-044 
1.084202e-048 7.860466e-048 2.751163e-047 6.190117e-047 6.022918e-046 
2.710505e-050 2.032879e-049 7.369187e-049 1.719477e-048 1.920850e-047 
6.776264e-052 5.251604e-051 1.969352e-050 4.759266e-050 6.110124e-049 
1.694066e-053 1.355253e-052 5.251604e-052 1.312901e-051 1.939159e-050 
4.235165e-055 3.494011e-054 1.397604e-053 3.610478e-053 6.141928e-052 
1.058791e-056 8.999725e-056 3.712387e-055 9.899698e-055 1.941918e-053 
2.646978e-058 2.316106e-057 9.843449e-057 2.706949e-056 6.130367e-055 
6.617445e-060 5.955700e-059 2.605619e-058 7.382587e-058 1.932658e-056 
1.654361e-061 1.530284e-060 6.886279e-060 2.008498e-059 6.085698e-058 
4.135903e-063 3.929108e-062 1.817212e-061 5.451637e-061 1.914334e-059 
1.033976e-064 1.008126e-063 4.788600e-063 1.476485e-062 6.016366e-061 
2.584939e-066 2.584939e-065 1.260158e-064 3.990500e-064 1.889342e-062 
6.462349e-068 6.623907e-067 3.311954e-066 1.076385e-065 5.929135e-064 
1.615587e-069 1.696366e-068 8.693878e-068 2.897959e-067 1.859582e-065 
4.038968e-071 4.341890e-070 2.279492e-069 7.788266e-069 5.829306e-067 
1.009742e-072 1.110716e-071 5.970099e-071 2.089535e-070 1.826526e-068 
2.524355e-074 2.839899e-073 1.561945e-072 5.596968e-072 5.720953e-070 


1.854603e-068 1.854603e-068 1.854603e-068 1.854603e-068 1.854603e-068 
5.934730e-067 5.934730e-067 5.934730e-067 5.934730e-067 5.934730e-067 
1.899114e-065 1.899114e-065 1.899114e-065 1.899114e-065 1.899114e-065 
6.077163e-064 6.077163e-064 6.077163e-064 6.077163e-064 6.077163e-064 
1.944692e-062 1.944692e-062 1.944692e-062 1.944692e-062 1.944692e-062 
6.223015e-061 6.223015e-061 6.223015e-061 6.223015e-061 6.223015e-061 
1.991365e-059 1.991365e-059 1.991365e-059 1.991365e-059 1.991365e-059 
6.372368e-058 6.372368e-058 6.372368e-058 6.372368e-058 6.372368e-058 
2.039158e-056 2.039158e-056 2.039158e-056 2.039158e-056 2.039158e-056 
6.525304e-055 6.525304e-055 6.525304e-055 6.525304e-055 6.525304e-055 
2.088097e-053 2.088097e-053 2.088097e-053 2.088097e-053 2.088097e-053 
6.681912e-052 6.681912e-052 6.681912e-052 6.681912e-052 6.681912e-052 
2.138212e-050 2.138212e-050 2.138212e-050 2.138212e-050 2.138212e-050 
6.842278e-049 6.842278e-049 6.842278e-049 6.842278e-049 6.842278e-049 
2.189529e-047 2.189529e-047 2.189529e-047 2.189529e-047 2.189529e-047 
7.006492e-046 7.006492e-046 7.006492e-046 7.006492e-046 7.006492e-046 
2.242078e-044 2.242078e-044 2.242078e-044 2.242078e-044 2.242078e-044 
7.174648e-043 7.174648e-043 7.174648e-043 7.174648e-043 7.174648e-043 
2.295887e-041 2.295887e-041 2.295887e-041 2.295887e-041 2.295887e-041 
7.346840e-040 7.346840e-040 7.346840e-040 7.346840e-040 7.346840e-040 
2.350989e-038 2.350989e-038 2.350989e-038 2.350989e-038 2.350989e-038 
7.523164e-037 7.523164e-037 7.523164e-037 7.523164e-037 7.523164e-037 
2.407412e-035 2.407412e-035 2.407412e-035 2.407412e-035 2.407412e-035 
7.703720e-034 7.703720e-034 7.703720e-034 7.703720e-034 7.703720e-034 
2.465190e-032 2.465190e-032 2.465190e-032 2.465190e-032 2.465190e-032 
7.888609e-031 7.888609e-031 7.888609e-031 7.888609e-031 7.888609e-031 
2.524355e-029 2.524355e-029 2.524355e-029 2.524355e-029 2.524355e-029 
8.077936e-028 8.077936e-028 8.077936e-028 8.077936e-028 8.077936e-028 
2.584939e-026 2.584939e-026 2.584939e-026 2.584939e-026 2.584939e-026 
8.271806e-025 8.271806e-025 8.271806e-025 8.271806e-025 8.271806e-025 
2.646978e-023 2.646978e-023 2.646978e-023 2.646978e-023 2.646978e-023 
8.470329e-022 8.470329e-022 8.470329e-022 8.470329e-022 8.470329e-022 
2.710505e-020 2.710505e-020 2.710505e-020 2.710505e-020 2.710505e-020 
8.673617e-019 8.673617e-019 8.673617e-019 8.673617e-019 8.673617e-019 
2.775558e-017 2.775558e-017 2.775558e-017 2.775558e-017 2.775558e-017 
8.881784e-016 8.881784e-016 8.881784e-016 8.881784e-016 8.881784e-016 
2.842171e-014 2.842171e-014 2.842171e-014 2.842171e-014 2.842171e-014 
9.094947e-013 9.094947e-013 9.094947e-013 9.094947e-013 9.094947e-013 
2.910383e-011 2.910383e-011 2.910383e-011 2.910383e-011 2.910383e-011 
9.313226e-010 9.313226e-010 9.313226e-010 9.313226e-010 9.313226e-010 
2.980232e-008 2.980232e-008 2.980232e-008 2.980232e-008 2.980232e-008 
9.536743e-007 9.536743e-007 9.536743e-007 9.536743e-007 9.536743e-007 
3.051758e-005 3.051758e-005 3.051758e-005 3.051758e-005 3.051758e-005 
9.765625e-004 9.765625e-004 9.765625e-004 9.765625e-004 9.765625e-004 
3.125000e-002 3.125000e-002 3.125000e-002 3.125000e-002 3.125000e-002 
1.000000e+000 1.000000e+000 1.000000e+000 1.000000e+000 1.000000e+000 


1.000000e+000 0.000000e+000 0.000000e+000 0.000000e+000 0.000000e+000 
8.000000e-001 2.000000e-001 0.000000e+000 0.000000e+000 0.000000e+000 
6.400000e-001 3.200000e-001 4.000000e-002 0.000000e+000 0.000000e+000 
5.120000e-001 3.840000e-001 9.600000e-002 8.000000e-003 0.000000e+000 
4.096000e-001 4.096000e-001 1.536000e-001 2.560000e-002 1.600000e-003 
3.276800e-001 4.096000e-001 2.048000e-001 5.120000e-002 6.720000e-003 
2.621440e-001 3.932160e-001 2.457600e-001 8.192000e-002 1.696000e-002 
2.097152e-001 3.670016e-001 2.752512e-001 1.146880e-001 3.334400e-002 
1.677722e-001 3.355443e-001 2.936013e-001 1.468006e-001 5.628160e-002 
1.342177e-001 3.019899e-001 3.019899e-001 1.761608e-001 8.564173e-002 
1.073742e-001 2.684355e-001 3.019899e-001 2.013266e-001 1.208739e-001 
8.589935e-002 2.362232e-001 2.952790e-001 2.214593e-001 1.611392e-001 
6.871948e-002 2.061584e-001 2.834678e-001 2.362232e-001 2.054311e-001 
5.497558e-002 1.786706e-001 2.680060e-001 2.456721e-001 2.526757e-001 
4.398047e-002 1.539316e-001 2.501389e-001 2.501389e-001 3.018101e-001 
3.518437e-002 1.319414e-001 2.308974e-001 2.501389e-001 3.518379e-001 
2.814750e-002 1.125900e-001 2.111062e-001 2.462906e-001 4.018657e-001 
2.251800e-002 9.570149e-002 1.914030e-001 2.392537e-001 4.511238e-001 
1.801440e-002 8.106479e-002 1.722627e-001 2.296836e-001 4.989745e-001 
1.441152e-002 6.845471e-002 1.540231e-001 2.181994e-001 5.449113e-001 
1.152922e-002 5.764608e-002 1.369094e-001 2.053641e-001 5.885511e-001 
9.223372e-003 4.842270e-002 1.210568e-001 1.916732e-001 6.296240e-001 
7.378698e-003 4.058284e-002 1.065299e-001 1.775499e-001 6.679586e-001 
5.902958e-003 3.394201e-002 9.334053e-002 1.633459e-001 7.034686e-001 
4.722366e-003 2.833420e-002 8.146082e-002 1.493448e-001 7.361378e-001 
3.777893e-003 2.361183e-002 7.083550e-002 1.357680e-001 7.660067e-001 
3.022315e-003 1.964504e-002 6.139076e-002 1.227815e-001 7.931603e-001 
2.417852e-003 1.632050e-002 5.304162e-002 1.105034e-001 8.177167e-001 
1.934281e-003 1.353997e-002 4.569740e-002 9.901102e-002 8.398173e-001 
1.547425e-003 1.121883e-002 3.926591e-002 8.834830e-002 8.596195e-001 
1.237940e-003 9.284550e-003 3.365649e-002 7.853182e-002 8.772892e-001 
9.903520e-004 7.675228e-003 2.878211e-002 6.955676e-002 8.929956e-001 
7.922816e-004 6.338253e-003 2.456073e-002 6.140183e-002 9.069069e-001 
6.338253e-004 5.229059e-003 2.091623e-002 5.403361e-002 9.191873e-001 
5.070602e-004 4.310012e-003 1.777880e-002 4.741013e-002 9.299940e-001 
4.056482e-004 3.549422e-003 1.508504e-002 4.148387e-002 9.394760e-001 
3.245186e-004 2.920667e-003 1.277792e-002 3.620410e-002 9.477728e-001 
2.596148e-004 2.401437e-003 1.080647e-002 3.151886e-002 9.550136e-001 
2.076919e-004 1.973073e-003 9.125462e-003 2.737639e-002 9.613174e-001 
1.661535e-004 1.619997e-003 7.694984e-003 2.372620e-002 9.667927e-001 
1.329228e-004 1.329228e-003 6.479986e-003 2.051996e-002 9.715379e-001 
1.063382e-004 1.089967e-003 5.449835e-003 1.771196e-002 9.756419e-001 
8.507059e-005 8.932412e-004 4.577861e-003 1.525954e-002 9.791843e-001 
6.805647e-005 7.316071e-004 3.840937e-003 1.312320e-002 9.822362e-001 
5.444518e-005 5.988970e-004 3.219071e-003 1.126675e-002 9.848608e-001 
4.355614e-005 4.900066e-004 2.695036e-003 9.657214e-003 9.871142e-001 



Q star

------------
1  2  3  4  5  5  5  5  5  5  5  5  5  5  5  5  5  5  5  5  5  5  5  5  5  5  5  5  5  5  5  5  5  5  5  5  5  5  5  5  5  5  5  5  5  5  
------------

P star

-----------
9.273015e-073

A Martrix

8.000000e-001 2.000000e-001 0.000000e+000 0.000000e+000 0.000000e+000 
0.000000e+000 8.000000e-001 2.000000e-001 0.000000e+000 0.000000e+000 
0.000000e+000 0.000000e+000 8.000000e-001 2.000000e-001 0.000000e+000 
0.000000e+000 0.000000e+000 0.000000e+000 8.000000e-001 2.000000e-001 
0.000000e+000 0.000000e+000 0.000000e+000 0.000000e+000 1.000000e+000 

B Martrix

1.000000e-030 1.000000e-030 1.000000e-030 1.000000e-030 1.000000e-030 1.000000e-030 1.000000e-030 1.000000e-030 1.000000e-030 1.000000e-030 1.000000e-030 1.000000e-030 1.000000e-030 1.000000e-030 1.000000e-030 1.000000e-030 1.000000e-030 1.000000e-030 1.000000e-030 1.000000e-030 1.000000e-030 1.000000e-030 1.000000e-030 1.000000e-030 1.000000e-030 1.000000e-030 1.000000e-030 1.000000e-030 1.000000e-030 1.000000e-030 1.000000e-030 1.000000e+000 
1.000000e-030 1.000000e-030 1.000000e-030 1.000000e-030 1.000000e-030 1.000000e-030 1.000000e-030 1.000000e-030 1.000000e-030 1.000000e-030 1.000000e-030 1.000000e-030 1.000000e-030 1.000000e-030 1.000000e-030 1.000000e-030 1.000000e-030 1.000000e-030 1.000000e-030 1.000000e+000 1.000000e-030 1.000000e-030 1.000000e-030 1.000000e-030 1.000000e-030 1.000000e-030 1.000000e-030 1.000000e-030 1.000000e-030 1.000000e-030 1.000000e-030 1.000000e-030 
1.000000e-030 1.000000e-030 1.000000e-030 1.000000e-030 1.000000e-030 1.000000e-030 1.000000e-030 1.000000e-030 1.000000e-030 1.000000e-030 1.000000e-030 1.000000e-030 1.000000e-030 1.000000e-030 1.000000e-030 1.000000e-030 1.000000e-030 1.000000e-030 1.000000e-030 1.000000e+000 1.000000e-030 1.000000e-030 1.000000e-030 1.000000e-030 1.000000e-030 1.000000e-030 1.000000e-030 1.000000e-030 1.000000e-030 1.000000e-030 1.000000e-030 1.000000e-030 
1.000000e-030 1.000000e-030 1.000000e-030 1.000000e-030 1.000000e-030 1.000000e-030 1.000000e-030 1.000000e-030 1.000000e-030 1.000000e-030 1.000000e-030 1.000000e-030 1.000000e-030 1.000000e-030 1.000000e-030 1.000000e-030 1.000000e-030 1.000000e-030 1.000000e-030 1.000000e+000 1.000000e-030 1.000000e-030 1.000000e-030 1.000000e-030 1.000000e-030 1.000000e-030 1.000000e-030 1.000000e-030 1.000000e-030 1.000000e-030 1.000000e-030 1.000000e-030 
1.000000e-030 1.000000e-030 1.000000e-030 1.000000e-030 1.000000e-030 1.000000e-030 1.000000e-030 1.000000e-030 1.000000e-030 1.000000e-030 3.786316e-002 3.742311e-002 1.278990e-003 1.000000e-030 1.000000e-030 1.000000e-030 1.000000e-030 1.000000e-030 5.340262e-001 2.351688e-001 1.000000e-030 1.000000e-030 1.000000e-030 1.000000e-030 1.000000e-030 1.000000e-030 1.000000e-030 1.000000e-030 1.542397e-001 1.000000e-030 1.000000e-030 1.000000e-030 
Iteraion 2
-----------------

P(O|lamda) = 2.149026e-029

1.000000e+000 0.000000e+000 0.000000e+000 0.000000e+000 0.000000e+000 
8.000000e-031 2.000000e-001 0.000000e+000 0.000000e+000 0.000000e+000 
6.400000e-061 1.600000e-001 4.000000e-002 0.000000e+000 0.000000e+000 
5.120000e-091 1.280000e-001 6.400000e-002 8.000000e-003 0.000000e+000 
4.096000e-121 1.024000e-031 7.680000e-032 1.920000e-032 8.544419e-004 
3.276800e-151 8.192000e-062 8.192000e-062 3.072000e-062 4.562944e-004 
2.621440e-181 6.553600e-092 8.192000e-092 4.096000e-092 2.436731e-004 
2.097152e-211 5.242880e-122 7.864320e-122 4.915200e-122 3.116555e-007 
1.677722e-241 4.194304e-152 7.340032e-152 5.505024e-152 4.806965e-008 
1.342177e-271 3.355443e-182 6.710886e-182 5.872026e-182 7.414250e-009 
1.073742e-301 2.684355e-212 6.039798e-212 6.039798e-212 1.143572e-009 
0.000000e+000 2.147484e-242 5.368709e-242 6.039798e-242 1.763842e-010 
0.000000e+000 1.717987e-272 4.724464e-272 5.905580e-272 2.720545e-011 
0.000000e+000 1.374390e-302 4.123169e-302 5.669357e-302 4.196160e-012 
0.000000e+000 0.000000e+000 0.000000e+000 0.000000e+000 6.472146e-013 
0.000000e+000 0.000000e+000 0.000000e+000 0.000000e+000 9.982619e-014 
0.000000e+000 0.000000e+000 0.000000e+000 0.000000e+000 1.539716e-014 
0.000000e+000 0.000000e+000 0.000000e+000 0.000000e+000 2.374854e-015 
0.000000e+000 0.000000e+000 0.000000e+000 0.000000e+000 3.662968e-016 
0.000000e+000 0.000000e+000 0.000000e+000 0.000000e+000 5.649752e-017 
0.000000e+000 0.000000e+000 0.000000e+000 0.000000e+000 8.714161e-018 
0.000000e+000 0.000000e+000 0.000000e+000 0.000000e+000 4.653590e-018 
0.000000e+000 0.000000e+000 0.000000e+000 0.000000e+000 1.094379e-018 
0.000000e+000 0.000000e+000 0.000000e+000 0.000000e+000 5.844272e-019 
0.000000e+000 0.000000e+000 0.000000e+000 0.000000e+000 3.120995e-019 
0.000000e+000 0.000000e+000 0.000000e+000 0.000000e+000 1.666693e-019 
0.000000e+000 0.000000e+000 0.000000e+000 0.000000e+000 3.919542e-020 
0.000000e+000 0.000000e+000 0.000000e+000 0.000000e+000 2.093138e-020 
0.000000e+000 0.000000e+000 0.000000e+000 0.000000e+000 1.117791e-020 
0.000000e+000 0.000000e+000 0.000000e+000 0.000000e+000 2.628695e-021 
0.000000e+000 0.000000e+000 0.000000e+000 0.000000e+000 6.181872e-022 
0.000000e+000 0.000000e+000 0.000000e+000 0.000000e+000 3.301281e-022 
0.000000e+000 0.000000e+000 0.000000e+000 0.000000e+000 1.762971e-022 
0.000000e+000 0.000000e+000 0.000000e+000 0.000000e+000 9.414725e-023 
0.000000e+000 0.000000e+000 0.000000e+000 0.000000e+000 5.027710e-023 
0.000000e+000 0.000000e+000 0.000000e+000 0.000000e+000 2.684929e-023 
0.000000e+000 0.000000e+000 0.000000e+000 0.000000e+000 1.433822e-023 
0.000000e+000 0.000000e+000 0.000000e+000 0.000000e+000 7.656986e-024 
0.000000e+000 0.000000e+000 0.000000e+000 0.000000e+000 4.089031e-024 
0.000000e+000 0.000000e+000 0.000000e+000 0.000000e+000 2.183650e-024 
0.000000e+000 0.000000e+000 0.000000e+000 0.000000e+000 5.135264e-025 
0.000000e+000 0.000000e+000 0.000000e+000 0.000000e+000 1.921775e-026 
0.000000e+000 0.000000e+000 0.000000e+000 0.000000e+000 4.519417e-027 
0.000000e+000 0.000000e+000 0.000000e+000 0.000000e+000 1.062826e-027 
0.000000e+000 0.000000e+000 0.000000e+000 0.000000e+000 5.675769e-028 
0.000000e+000 0.000000e+000 0.000000e+000 0.000000e+000 2.149026e-029 


2.149026e-029 2.831523e-028 1.263398e-027 1.933471e-027 1.746871e-028 
4.024195e-059 1.074513e-028 9.859562e-028 2.373167e-027 7.428158e-028 
7.535576e-089 2.012098e-058 5.372564e-028 2.780755e-027 3.158649e-027 
1.411087e-118 3.767788e-088 1.006049e-057 2.686282e-027 1.343141e-026 
1.103283e-115 7.055437e-088 1.883894e-057 5.030244e-027 2.515122e-026 
7.153038e-115 5.516413e-085 3.527719e-057 9.419470e-027 4.709735e-026 
4.637611e-114 3.576519e-084 2.758207e-054 1.763859e-026 8.819296e-026 
3.006756e-113 2.318806e-083 1.788260e-053 1.379103e-023 6.895516e-023 
1.949404e-112 1.503378e-082 1.159403e-052 8.941298e-023 4.470649e-022 
1.263880e-111 9.747022e-082 7.516889e-052 5.797014e-022 2.898507e-021 
8.194255e-111 6.319398e-081 4.873511e-051 3.758445e-021 1.879222e-020 
5.312675e-110 4.097128e-080 3.159699e-050 2.436755e-020 1.218378e-019 
3.444428e-109 2.656338e-079 2.048564e-049 1.579850e-019 7.899248e-019 
2.233165e-108 1.722214e-078 1.328169e-048 1.024282e-018 5.121410e-018 
1.447854e-107 1.116583e-077 8.611069e-048 6.640844e-018 3.320422e-017 
9.387035e-107 7.239268e-077 5.582913e-047 4.305535e-017 2.152767e-016 
6.086004e-106 4.693517e-076 3.619634e-046 2.791456e-016 1.395728e-015 
3.945808e-105 3.043002e-075 2.346759e-045 1.809817e-015 9.049085e-015 
1.079299e-103 1.972904e-074 1.521501e-044 1.173379e-014 5.866897e-014 
3.141909e-074 4.139731e-073 9.864521e-044 7.607505e-014 3.803752e-013 
5.883437e-074 1.570955e-043 1.441484e-042 4.932261e-013 2.466130e-012 
1.101713e-073 2.941719e-043 7.854774e-013 4.065508e-012 4.617995e-012 
3.013522e-102 5.508566e-073 1.470859e-042 3.927387e-012 1.963693e-011 
8.772558e-073 1.155859e-071 2.754283e-042 7.354296e-012 3.677148e-011 
1.642720e-072 4.386279e-042 4.024781e-041 1.377142e-011 6.885708e-011 
2.480551e-070 8.213602e-042 2.193139e-011 1.135135e-010 1.289395e-010 
1.910687e-070 1.240275e-069 4.106801e-041 1.096570e-010 5.482849e-010 
5.562136e-041 7.328583e-040 3.269944e-039 2.053401e-010 1.026700e-009 
1.041547e-040 2.781068e-010 2.551864e-009 6.142263e-009 1.922565e-009 
1.950368e-070 5.207737e-040 1.390534e-009 7.197187e-009 8.175256e-009 
3.652195e-100 9.751838e-070 2.603868e-039 6.952670e-009 3.476335e-008 
6.838980e-100 1.826097e-069 4.875919e-039 1.301934e-008 6.509671e-008 
1.280645e-099 3.419490e-069 9.130486e-039 2.437959e-008 1.218980e-007 
2.398094e-099 6.403226e-069 1.709745e-038 4.565243e-008 2.282622e-007 
4.490593e-099 1.199047e-068 3.201613e-038 8.548725e-008 4.274363e-007 
8.408938e-099 2.245296e-068 5.995236e-038 1.600806e-007 8.004032e-007 
2.300101e-097 4.204469e-068 1.122648e-037 2.997618e-007 1.498809e-006 
6.695743e-068 8.822207e-067 2.102234e-037 5.613241e-007 2.806621e-006 
2.124820e-064 3.347872e-037 3.071955e-036 1.051117e-006 5.255586e-006 
8.525264e-035 7.213997e-034 1.673936e-006 8.664031e-006 9.841439e-006 
3.235187e-035 4.262632e-034 1.901946e-033 8.369679e-006 4.184840e-005 
6.058105e-035 1.617593e-004 1.484279e-003 3.572615e-003 1.118250e-003 
2.000000e-061 3.029053e-034 8.087967e-004 4.186206e-003 4.755095e-003 
1.000000e-060 1.000000e-060 1.514526e-033 4.043984e-003 2.021992e-002 
1.000000e-030 1.000000e-030 1.000000e-030 7.572632e-003 3.786316e-002 
1.000000e+000 1.000000e+000 1.000000e+000 1.000000e+000 1.000000e+000 


1.000000e+000 0.000000e+000 0.000000e+000 0.000000e+000 0.000000e+000 
1.498054e-060 1.000000e+000 0.000000e+000 0.000000e+000 0.000000e+000 
2.244165e-120 1.498054e-030 1.000000e+000 0.000000e+000 0.000000e+000 
3.361881e-180 2.244165e-060 2.996108e-030 1.000000e+000 0.000000e+000 
2.102835e-207 3.361881e-090 6.732496e-060 4.494162e-030 1.000000e+000 
1.090684e-236 2.102835e-117 1.344752e-089 1.346499e-059 1.000000e+000 
5.657085e-266 1.090684e-146 1.051417e-116 3.361881e-089 1.000000e+000 
2.934178e-295 5.657085e-176 6.544104e-146 3.154252e-116 1.000000e+000 
0.000000e+000 2.934178e-205 3.959959e-175 2.290436e-145 1.000000e+000 
0.000000e+000 1.521879e-234 2.347342e-204 1.583984e-174 1.000000e+000 
0.000000e+000 7.893580e-264 1.369691e-233 1.056304e-203 1.000000e+000 
0.000000e+000 4.094188e-293 7.893580e-263 6.848457e-233 1.000000e+000 
0.000000e+000 2.124482e-322 4.503607e-292 4.341469e-262 1.000000e+000 
0.000000e+000 0.000000e+000 2.549379e-321 2.702164e-291 1.000000e+000 
0.000000e+000 0.000000e+000 0.000000e+000 0.000000e+000 1.000000e+000 
0.000000e+000 0.000000e+000 0.000000e+000 0.000000e+000 1.000000e+000 
0.000000e+000 0.000000e+000 0.000000e+000 0.000000e+000 1.000000e+000 
0.000000e+000 0.000000e+000 0.000000e+000 0.000000e+000 1.000000e+000 
0.000000e+000 0.000000e+000 0.000000e+000 0.000000e+000 1.000000e+000 
0.000000e+000 0.000000e+000 0.000000e+000 0.000000e+000 1.000000e+000 
0.000000e+000 0.000000e+000 0.000000e+000 0.000000e+000 1.000000e+000 
0.000000e+000 0.000000e+000 0.000000e+000 0.000000e+000 1.000000e+000 
0.000000e+000 0.000000e+000 0.000000e+000 0.000000e+000 1.000000e+000 
0.000000e+000 0.000000e+000 0.000000e+000 0.000000e+000 1.000000e+000 
0.000000e+000 0.000000e+000 0.000000e+000 0.000000e+000 1.000000e+000 
0.000000e+000 0.000000e+000 0.000000e+000 0.000000e+000 1.000000e+000 
0.000000e+000 0.000000e+000 0.000000e+000 0.000000e+000 1.000000e+000 
0.000000e+000 0.000000e+000 0.000000e+000 0.000000e+000 1.000000e+000 
0.000000e+000 0.000000e+000 0.000000e+000 0.000000e+000 1.000000e+000 
0.000000e+000 0.000000e+000 0.000000e+000 0.000000e+000 1.000000e+000 
0.000000e+000 0.000000e+000 0.000000e+000 0.000000e+000 1.000000e+000 
0.000000e+000 0.000000e+000 0.000000e+000 0.000000e+000 1.000000e+000 
0.000000e+000 0.000000e+000 0.000000e+000 0.000000e+000 1.000000e+000 
0.000000e+000 0.000000e+000 0.000000e+000 0.000000e+000 1.000000e+000 
0.000000e+000 0.000000e+000 0.000000e+000 0.000000e+000 1.000000e+000 
0.000000e+000 0.000000e+000 0.000000e+000 0.000000e+000 1.000000e+000 
0.000000e+000 0.000000e+000 0.000000e+000 0.000000e+000 1.000000e+000 
0.000000e+000 0.000000e+000 0.000000e+000 0.000000e+000 1.000000e+000 
0.000000e+000 0.000000e+000 0.000000e+000 0.000000e+000 1.000000e+000 
0.000000e+000 0.000000e+000 0.000000e+000 0.000000e+000 1.000000e+000 
0.000000e+000 0.000000e+000 0.000000e+000 0.000000e+000 1.000000e+000 
0.000000e+000 0.000000e+000 0.000000e+000 0.000000e+000 1.000000e+000 
0.000000e+000 0.000000e+000 0.000000e+000 0.000000e+000 1.000000e+000 
0.000000e+000 0.000000e+000 0.000000e+000 0.000000e+000 1.000000e+000 
0.000000e+000 0.000000e+000 0.000000e+000 0.000000e+000 1.000000e+000 
0.000000e+000 0.000000e+000 0.000000e+000 0.000000e+000 1.000000e+000 



Q star

------------
1  2  3  4  5  5  5  5  5  5  5  5  5  5  5  5  5  5  5  5  5  5  5  5  5  5  5  5  5  5  5  5  5  5  5  5  5  5  5  5  5  5  5  5  5  5  
------------

P star

-----------
2.149026e-029

A Martrix

1.498054e-060 1.000000e+000 0.000000e+000 0.000000e+000 0.000000e+000 
0.000000e+000 1.498054e-030 1.000000e+000 0.000000e+000 0.000000e+000 
0.000000e+000 0.000000e+000 1.498054e-030 1.000000e+000 0.000000e+000 
0.000000e+000 0.000000e+000 0.000000e+000 1.498054e-030 1.000000e+000 
0.000000e+000 0.000000e+000 0.000000e+000 0.000000e+000 1.000000e+000 

B Martrix

1.000000e-030 1.000000e-030 1.000000e-030 1.000000e-030 1.000000e-030 1.000000e-030 1.000000e-030 1.000000e-030 1.000000e-030 1.000000e-030 1.000000e-030 1.000000e-030 1.000000e-030 1.000000e-030 1.000000e-030 1.000000e-030 1.000000e-030 1.000000e-030 1.000000e-030 1.000000e-030 1.000000e-030 1.000000e-030 1.000000e-030 1.000000e-030 1.000000e-030 1.000000e-030 1.000000e-030 1.000000e-030 1.000000e-030 1.000000e-030 1.000000e-030 1.000000e+000 
1.000000e-030 1.000000e-030 1.000000e-030 1.000000e-030 1.000000e-030 1.000000e-030 1.000000e-030 1.000000e-030 1.000000e-030 1.000000e-030 1.000000e-030 1.000000e-030 1.000000e-030 1.000000e-030 1.000000e-030 1.000000e-030 1.000000e-030 1.000000e-030 1.000000e-030 1.000000e+000 1.000000e-030 1.000000e-030 1.000000e-030 1.000000e-030 1.000000e-030 1.000000e-030 1.000000e-030 1.000000e-030 1.000000e-030 1.000000e-030 1.000000e-030 1.000000e-030 
1.000000e-030 1.000000e-030 1.000000e-030 1.000000e-030 1.000000e-030 1.000000e-030 1.000000e-030 1.000000e-030 1.000000e-030 1.000000e-030 1.000000e-030 1.000000e-030 1.000000e-030 1.000000e-030 1.000000e-030 1.000000e-030 1.000000e-030 1.000000e-030 1.000000e-030 1.000000e+000 1.000000e-030 1.000000e-030 1.000000e-030 1.000000e-030 1.000000e-030 1.000000e-030 1.000000e-030 1.000000e-030 1.000000e-030 1.000000e-030 1.000000e-030 1.000000e-030 
1.000000e-030 1.000000e-030 1.000000e-030 1.000000e-030 1.000000e-030 1.000000e-030 1.000000e-030 1.000000e-030 1.000000e-030 1.000000e-030 1.000000e-030 1.000000e-030 1.000000e-030 1.000000e-030 1.000000e-030 1.000000e-030 1.000000e-030 1.000000e-030 1.000000e-030 1.000000e+000 1.000000e-030 1.000000e-030 1.000000e-030 1.000000e-030 1.000000e-030 1.000000e-030 1.000000e-030 1.000000e-030 1.000000e-030 1.000000e-030 1.000000e-030 1.000000e-030 
1.000000e-030 1.000000e-030 1.000000e-030 1.000000e-030 1.000000e-030 1.000000e-030 1.000000e-030 1.000000e-030 1.000000e-030 1.000000e-030 2.380952e-002 2.380952e-002 2.380952e-002 1.000000e-030 1.000000e-030 1.000000e-030 1.000000e-030 1.000000e-030 4.523810e-001 1.666667e-001 1.000000e-030 1.000000e-030 1.000000e-030 1.000000e-030 1.000000e-030 1.000000e-030 1.000000e-030 1.000000e-030 3.095238e-001 1.000000e-030 1.000000e-030 1.000000e-030 
Iteraion 3
-----------------

P(O|lamda) = 3.286988e-024

1.000000e+000 0.000000e+000 0.000000e+000 0.000000e+000 0.000000e+000 
1.498054e-090 1.000000e+000 0.000000e+000 0.000000e+000 0.000000e+000 
2.244165e-180 1.498054e-030 1.000000e+000 0.000000e+000 0.000000e+000 
3.361881e-270 2.244165e-060 2.996108e-030 1.000000e+000 0.000000e+000 
0.000000e+000 3.361881e-120 6.732496e-090 4.494162e-060 4.523810e-001 
0.000000e+000 5.036278e-180 1.344752e-149 1.346499e-119 2.046485e-001 
0.000000e+000 7.544616e-240 2.518139e-209 3.361881e-179 9.257910e-002 
0.000000e+000 1.130224e-299 4.526770e-269 7.554418e-239 2.204264e-003 
0.000000e+000 0.000000e+000 0.000000e+000 1.584369e-298 6.822722e-004 
0.000000e+000 0.000000e+000 0.000000e+000 0.000000e+000 2.111795e-004 
0.000000e+000 0.000000e+000 0.000000e+000 0.000000e+000 6.536508e-005 
0.000000e+000 0.000000e+000 0.000000e+000 0.000000e+000 2.023205e-005 
0.000000e+000 0.000000e+000 0.000000e+000 0.000000e+000 6.262301e-006 
0.000000e+000 0.000000e+000 0.000000e+000 0.000000e+000 1.938331e-006 
0.000000e+000 0.000000e+000 0.000000e+000 0.000000e+000 5.999597e-007 
0.000000e+000 0.000000e+000 0.000000e+000 0.000000e+000 1.857018e-007 
0.000000e+000 0.000000e+000 0.000000e+000 0.000000e+000 5.747913e-008 
0.000000e+000 0.000000e+000 0.000000e+000 0.000000e+000 1.779116e-008 
0.000000e+000 0.000000e+000 0.000000e+000 0.000000e+000 5.506788e-009 
0.000000e+000 0.000000e+000 0.000000e+000 0.000000e+000 1.704482e-009 
0.000000e+000 0.000000e+000 0.000000e+000 0.000000e+000 5.275777e-010 
0.000000e+000 0.000000e+000 0.000000e+000 0.000000e+000 2.386661e-010 
0.000000e+000 0.000000e+000 0.000000e+000 0.000000e+000 3.977769e-011 
0.000000e+000 0.000000e+000 0.000000e+000 0.000000e+000 1.799467e-011 
0.000000e+000 0.000000e+000 0.000000e+000 0.000000e+000 8.140445e-012 
0.000000e+000 0.000000e+000 0.000000e+000 0.000000e+000 3.682582e-012 
0.000000e+000 0.000000e+000 0.000000e+000 0.000000e+000 6.137637e-013 
0.000000e+000 0.000000e+000 0.000000e+000 0.000000e+000 2.776550e-013 
0.000000e+000 0.000000e+000 0.000000e+000 0.000000e+000 1.256058e-013 
0.000000e+000 0.000000e+000 0.000000e+000 0.000000e+000 2.093431e-014 
0.000000e+000 0.000000e+000 0.000000e+000 0.000000e+000 3.489051e-015 
0.000000e+000 0.000000e+000 0.000000e+000 0.000000e+000 1.578380e-015 
0.000000e+000 0.000000e+000 0.000000e+000 0.000000e+000 7.140291e-016 
0.000000e+000 0.000000e+000 0.000000e+000 0.000000e+000 3.230132e-016 
0.000000e+000 0.000000e+000 0.000000e+000 0.000000e+000 1.461250e-016 
0.000000e+000 0.000000e+000 0.000000e+000 0.000000e+000 6.610417e-017 
0.000000e+000 0.000000e+000 0.000000e+000 0.000000e+000 2.990427e-017 
0.000000e+000 0.000000e+000 0.000000e+000 0.000000e+000 1.352812e-017 
0.000000e+000 0.000000e+000 0.000000e+000 0.000000e+000 6.119864e-018 
0.000000e+000 0.000000e+000 0.000000e+000 0.000000e+000 2.768510e-018 
0.000000e+000 0.000000e+000 0.000000e+000 0.000000e+000 4.614183e-019 
0.000000e+000 0.000000e+000 0.000000e+000 0.000000e+000 1.098615e-020 
0.000000e+000 0.000000e+000 0.000000e+000 0.000000e+000 1.831025e-021 
0.000000e+000 0.000000e+000 0.000000e+000 0.000000e+000 3.051709e-022 
0.000000e+000 0.000000e+000 0.000000e+000 0.000000e+000 1.380535e-022 
0.000000e+000 0.000000e+000 0.000000e+000 0.000000e+000 3.286988e-024 


3.286988e-024 5.478313e-025 9.130521e-026 1.521754e-026 1.521754e-026 
7.265973e-054 3.286988e-024 5.478313e-025 9.130521e-026 9.130521e-026 
1.606162e-083 7.265973e-054 3.286988e-024 5.478313e-025 5.478313e-025 
3.550464e-113 1.606162e-083 7.265973e-054 3.286988e-024 3.286988e-024 
1.491195e-111 3.550464e-083 1.606162e-053 7.265973e-024 7.265973e-024 
4.817707e-111 1.491195e-081 3.550464e-053 1.606162e-023 1.606162e-023 
1.556490e-110 4.817707e-081 1.491195e-051 3.550464e-023 3.550464e-023 
5.028660e-110 1.556490e-080 4.817707e-051 1.491195e-021 1.491195e-021 
1.624644e-109 5.028660e-080 1.556490e-050 4.817707e-021 4.817707e-021 
5.248850e-109 1.624644e-079 5.028660e-050 1.556490e-020 1.556490e-020 
1.695782e-108 5.248850e-079 1.624644e-049 5.028660e-020 5.028660e-020 
5.478681e-108 1.695782e-078 5.248850e-049 1.624644e-019 1.624644e-019 
1.770035e-107 5.478681e-078 1.695782e-048 5.248850e-019 5.248850e-019 
5.718576e-107 1.770035e-077 5.478681e-048 1.695782e-018 1.695782e-018 
1.847540e-106 5.718576e-077 1.770035e-047 5.478681e-018 5.478681e-018 
5.968975e-106 1.847540e-076 5.718576e-047 1.770035e-017 1.770035e-017 
1.928438e-105 5.968975e-076 1.847540e-046 5.718576e-017 5.718576e-017 
6.230338e-105 1.928438e-075 5.968975e-046 1.847540e-016 1.847540e-016 
1.377233e-104 6.230338e-075 1.928438e-045 5.968975e-016 5.968975e-016 
8.263396e-074 1.377233e-074 6.230338e-045 1.928438e-015 1.928438e-015 
1.826645e-073 8.263396e-044 1.377233e-044 6.230338e-015 6.230338e-015 
4.037848e-073 1.826645e-043 8.263396e-014 1.377233e-014 1.377233e-014 
8.925769e-103 4.037848e-073 1.826645e-043 8.263396e-014 8.263396e-014 
5.355461e-072 8.925769e-073 4.037848e-043 1.826645e-013 1.826645e-013 
1.183839e-071 5.355461e-042 8.925769e-043 4.037848e-013 4.037848e-013 
2.616907e-071 1.183839e-041 5.355461e-012 8.925769e-013 8.925769e-013 
1.570144e-070 2.616907e-071 1.183839e-041 5.355461e-012 5.355461e-012 
9.420865e-040 1.570144e-040 2.616907e-041 1.183839e-011 1.183839e-011 
2.082507e-039 9.420865e-010 1.570144e-010 2.616907e-011 2.616907e-011 
4.603436e-069 2.082507e-039 9.420865e-010 1.570144e-010 1.570144e-010 
1.017602e-098 4.603436e-069 2.082507e-039 9.420865e-010 9.420865e-010 
2.249435e-098 1.017602e-068 4.603436e-039 2.082507e-009 2.082507e-009 
4.972436e-098 2.249435e-068 1.017602e-038 4.603436e-009 4.603436e-009 
1.099170e-097 4.972436e-068 2.249435e-038 1.017602e-008 1.017602e-008 
2.429744e-097 1.099170e-067 4.972436e-038 2.249435e-008 2.249435e-008 
5.371014e-097 2.429744e-067 1.099170e-037 4.972436e-008 4.972436e-008 
1.187277e-096 5.371014e-067 2.429744e-037 1.099170e-007 1.099170e-007 
7.123661e-066 1.187277e-066 5.371014e-037 2.429744e-007 2.429744e-007 
2.991938e-064 7.123661e-036 1.187277e-036 5.371014e-007 5.371014e-007 
1.795163e-033 2.991938e-034 7.123661e-006 1.187277e-006 1.187277e-006 
1.077098e-032 1.795163e-033 2.991938e-034 7.123661e-006 7.123661e-006 
2.380952e-032 1.077098e-002 1.795163e-003 2.991938e-004 2.991938e-004 
1.000000e-060 2.380952e-032 1.077098e-002 1.795163e-003 1.795163e-003 
1.000000e-060 1.000000e-060 2.380952e-032 1.077098e-002 1.077098e-002 
1.000000e-030 1.000000e-030 1.000000e-030 2.380952e-002 2.380952e-002 
1.000000e+000 1.000000e+000 1.000000e+000 1.000000e+000 1.000000e+000 


1.000000e+000 0.000000e+000 0.000000e+000 0.000000e+000 0.000000e+000 
3.311488e-120 1.000000e+000 0.000000e+000 0.000000e+000 0.000000e+000 
1.096595e-239 3.311488e-060 1.000000e+000 0.000000e+000 0.000000e+000 
0.000000e+000 1.096595e-119 6.622975e-060 1.000000e+000 0.000000e+000 
0.000000e+000 3.631360e-179 3.289785e-119 9.934463e-060 1.000000e+000 
0.000000e+000 2.284789e-237 1.452544e-178 6.579570e-119 1.000000e+000 
0.000000e+000 1.105807e-296 1.142394e-236 3.631360e-178 1.000000e+000 
0.000000e+000 0.000000e+000 6.634844e-296 3.427183e-236 1.000000e+000 
0.000000e+000 0.000000e+000 0.000000e+000 2.322195e-295 1.000000e+000 
0.000000e+000 0.000000e+000 0.000000e+000 0.000000e+000 1.000000e+000 
0.000000e+000 0.000000e+000 0.000000e+000 0.000000e+000 1.000000e+000 
0.000000e+000 0.000000e+000 0.000000e+000 0.000000e+000 1.000000e+000 
0.000000e+000 0.000000e+000 0.000000e+000 0.000000e+000 1.000000e+000 
0.000000e+000 0.000000e+000 0.000000e+000 0.000000e+000 1.000000e+000 
0.000000e+000 0.000000e+000 0.000000e+000 0.000000e+000 1.000000e+000 
0.000000e+000 0.000000e+000 0.000000e+000 0.000000e+000 1.000000e+000 
0.000000e+000 0.000000e+000 0.000000e+000 0.000000e+000 1.000000e+000 
0.000000e+000 0.000000e+000 0.000000e+000 0.000000e+000 1.000000e+000 
0.000000e+000 0.000000e+000 0.000000e+000 0.000000e+000 1.000000e+000 
0.000000e+000 0.000000e+000 0.000000e+000 0.000000e+000 1.000000e+000 
0.000000e+000 0.000000e+000 0.000000e+000 0.000000e+000 1.000000e+000 
0.000000e+000 0.000000e+000 0.000000e+000 0.000000e+000 1.000000e+000 
0.000000e+000 0.000000e+000 0.000000e+000 0.000000e+000 1.000000e+000 
0.000000e+000 0.000000e+000 0.000000e+000 0.000000e+000 1.000000e+000 
0.000000e+000 0.000000e+000 0.000000e+000 0.000000e+000 1.000000e+000 
0.000000e+000 0.000000e+000 0.000000e+000 0.000000e+000 1.000000e+000 
0.000000e+000 0.000000e+000 0.000000e+000 0.000000e+000 1.000000e+000 
0.000000e+000 0.000000e+000 0.000000e+000 0.000000e+000 1.000000e+000 
0.000000e+000 0.000000e+000 0.000000e+000 0.000000e+000 1.000000e+000 
0.000000e+000 0.000000e+000 0.000000e+000 0.000000e+000 1.000000e+000 
0.000000e+000 0.000000e+000 0.000000e+000 0.000000e+000 1.000000e+000 
0.000000e+000 0.000000e+000 0.000000e+000 0.000000e+000 1.000000e+000 
0.000000e+000 0.000000e+000 0.000000e+000 0.000000e+000 1.000000e+000 
0.000000e+000 0.000000e+000 0.000000e+000 0.000000e+000 1.000000e+000 
0.000000e+000 0.000000e+000 0.000000e+000 0.000000e+000 1.000000e+000 
0.000000e+000 0.000000e+000 0.000000e+000 0.000000e+000 1.000000e+000 
0.000000e+000 0.000000e+000 0.000000e+000 0.000000e+000 1.000000e+000 
0.000000e+000 0.000000e+000 0.000000e+000 0.000000e+000 1.000000e+000 
0.000000e+000 0.000000e+000 0.000000e+000 0.000000e+000 1.000000e+000 
0.000000e+000 0.000000e+000 0.000000e+000 0.000000e+000 1.000000e+000 
0.000000e+000 0.000000e+000 0.000000e+000 0.000000e+000 1.000000e+000 
0.000000e+000 0.000000e+000 0.000000e+000 0.000000e+000 1.000000e+000 
0.000000e+000 0.000000e+000 0.000000e+000 0.000000e+000 1.000000e+000 
0.000000e+000 0.000000e+000 0.000000e+000 0.000000e+000 1.000000e+000 
0.000000e+000 0.000000e+000 0.000000e+000 0.000000e+000 1.000000e+000 
0.000000e+000 0.000000e+000 0.000000e+000 0.000000e+000 1.000000e+000 



Q star

------------
1  2  3  4  5  5  5  5  5  5  5  5  5  5  5  5  5  5  5  5  5  5  5  5  5  5  5  5  5  5  5  5  5  5  5  5  5  5  5  5  5  5  5  5  5  5  
------------

P star

-----------
3.286988e-024

A Martrix

3.311488e-120 1.000000e+000 0.000000e+000 0.000000e+000 0.000000e+000 
0.000000e+000 3.311488e-060 1.000000e+000 0.000000e+000 0.000000e+000 
0.000000e+000 0.000000e+000 3.311488e-060 1.000000e+000 0.000000e+000 
0.000000e+000 0.000000e+000 0.000000e+000 3.311488e-060 1.000000e+000 
0.000000e+000 0.000000e+000 0.000000e+000 0.000000e+000 1.000000e+000 

B Martrix

1.000000e-030 1.000000e-030 1.000000e-030 1.000000e-030 1.000000e-030 1.000000e-030 1.000000e-030 1.000000e-030 1.000000e-030 1.000000e-030 1.000000e-030 1.000000e-030 1.000000e-030 1.000000e-030 1.000000e-030 1.000000e-030 1.000000e-030 1.000000e-030 1.000000e-030 1.000000e-030 1.000000e-030 1.000000e-030 1.000000e-030 1.000000e-030 1.000000e-030 1.000000e-030 1.000000e-030 1.000000e-030 1.000000e-030 1.000000e-030 1.000000e-030 1.000000e+000 
1.000000e-030 1.000000e-030 1.000000e-030 1.000000e-030 1.000000e-030 1.000000e-030 1.000000e-030 1.000000e-030 1.000000e-030 1.000000e-030 1.000000e-030 1.000000e-030 1.000000e-030 1.000000e-030 1.000000e-030 1.000000e-030 1.000000e-030 1.000000e-030 1.000000e-030 1.000000e+000 1.000000e-030 1.000000e-030 1.000000e-030 1.000000e-030 1.000000e-030 1.000000e-030 1.000000e-030 1.000000e-030 1.000000e-030 1.000000e-030 1.000000e-030 1.000000e-030 
1.000000e-030 1.000000e-030 1.000000e-030 1.000000e-030 1.000000e-030 1.000000e-030 1.000000e-030 1.000000e-030 1.000000e-030 1.000000e-030 1.000000e-030 1.000000e-030 1.000000e-030 1.000000e-030 1.000000e-030 1.000000e-030 1.000000e-030 1.000000e-030 1.000000e-030 1.000000e+000 1.000000e-030 1.000000e-030 1.000000e-030 1.000000e-030 1.000000e-030 1.000000e-030 1.000000e-030 1.000000e-030 1.000000e-030 1.000000e-030 1.000000e-030 1.000000e-030 
1.000000e-030 1.000000e-030 1.000000e-030 1.000000e-030 1.000000e-030 1.000000e-030 1.000000e-030 1.000000e-030 1.000000e-030 1.000000e-030 1.000000e-030 1.000000e-030 1.000000e-030 1.000000e-030 1.000000e-030 1.000000e-030 1.000000e-030 1.000000e-030 1.000000e-030 1.000000e+000 1.000000e-030 1.000000e-030 1.000000e-030 1.000000e-030 1.000000e-030 1.000000e-030 1.000000e-030 1.000000e-030 1.000000e-030 1.000000e-030 1.000000e-030 1.000000e-030 
1.000000e-030 1.000000e-030 1.000000e-030 1.000000e-030 1.000000e-030 1.000000e-030 1.000000e-030 1.000000e-030 1.000000e-030 1.000000e-030 2.380952e-002 2.380952e-002 2.380952e-002 1.000000e-030 1.000000e-030 1.000000e-030 1.000000e-030 1.000000e-030 4.523810e-001 1.666667e-001 1.000000e-030 1.000000e-030 1.000000e-030 1.000000e-030 1.000000e-030 1.000000e-030 1.000000e-030 1.000000e-030 3.095238e-001 1.000000e-030 1.000000e-030 1.000000e-030 
Iteraion 4
-----------------

P(O|lamda) = 3.286988e-024

1.000000e+000 0.000000e+000 0.000000e+000 0.000000e+000 0.000000e+000 
3.311488e-150 1.000000e+000 0.000000e+000 0.000000e+000 0.000000e+000 
1.096595e-299 3.311488e-060 1.000000e+000 0.000000e+000 0.000000e+000 
0.000000e+000 1.096595e-119 6.622975e-060 1.000000e+000 0.000000e+000 
0.000000e+000 3.631360e-209 3.289785e-149 9.934463e-090 4.523810e-001 
0.000000e+000 1.202520e-298 1.452544e-238 6.579570e-179 2.046485e-001 
0.000000e+000 0.000000e+000 0.000000e+000 3.631360e-268 9.257910e-002 
0.000000e+000 0.000000e+000 0.000000e+000 0.000000e+000 2.204264e-003 
0.000000e+000 0.000000e+000 0.000000e+000 0.000000e+000 6.822722e-004 
0.000000e+000 0.000000e+000 0.000000e+000 0.000000e+000 2.111795e-004 
0.000000e+000 0.000000e+000 0.000000e+000 0.000000e+000 6.536508e-005 
0.000000e+000 0.000000e+000 0.000000e+000 0.000000e+000 2.023205e-005 
0.000000e+000 0.000000e+000 0.000000e+000 0.000000e+000 6.262301e-006 
0.000000e+000 0.000000e+000 0.000000e+000 0.000000e+000 1.938331e-006 
0.000000e+000 0.000000e+000 0.000000e+000 0.000000e+000 5.999597e-007 
0.000000e+000 0.000000e+000 0.000000e+000 0.000000e+000 1.857018e-007 
0.000000e+000 0.000000e+000 0.000000e+000 0.000000e+000 5.747913e-008 
0.000000e+000 0.000000e+000 0.000000e+000 0.000000e+000 1.779116e-008 
0.000000e+000 0.000000e+000 0.000000e+000 0.000000e+000 5.506788e-009 
0.000000e+000 0.000000e+000 0.000000e+000 0.000000e+000 1.704482e-009 
0.000000e+000 0.000000e+000 0.000000e+000 0.000000e+000 5.275777e-010 
0.000000e+000 0.000000e+000 0.000000e+000 0.000000e+000 2.386661e-010 
0.000000e+000 0.000000e+000 0.000000e+000 0.000000e+000 3.977769e-011 
0.000000e+000 0.000000e+000 0.000000e+000 0.000000e+000 1.799467e-011 
0.000000e+000 0.000000e+000 0.000000e+000 0.000000e+000 8.140445e-012 
0.000000e+000 0.000000e+000 0.000000e+000 0.000000e+000 3.682582e-012 
0.000000e+000 0.000000e+000 0.000000e+000 0.000000e+000 6.137637e-013 
0.000000e+000 0.000000e+000 0.000000e+000 0.000000e+000 2.776550e-013 
0.000000e+000 0.000000e+000 0.000000e+000 0.000000e+000 1.256058e-013 
0.000000e+000 0.000000e+000 0.000000e+000 0.000000e+000 2.093431e-014 
0.000000e+000 0.000000e+000 0.000000e+000 0.000000e+000 3.489051e-015 
0.000000e+000 0.000000e+000 0.000000e+000 0.000000e+000 1.578380e-015 
0.000000e+000 0.000000e+000 0.000000e+000 0.000000e+000 7.140291e-016 
0.000000e+000 0.000000e+000 0.000000e+000 0.000000e+000 3.230132e-016 
0.000000e+000 0.000000e+000 0.000000e+000 0.000000e+000 1.461250e-016 
0.000000e+000 0.000000e+000 0.000000e+000 0.000000e+000 6.610417e-017 
0.000000e+000 0.000000e+000 0.000000e+000 0.000000e+000 2.990427e-017 
0.000000e+000 0.000000e+000 0.000000e+000 0.000000e+000 1.352812e-017 
0.000000e+000 0.000000e+000 0.000000e+000 0.000000e+000 6.119864e-018 
0.000000e+000 0.000000e+000 0.000000e+000 0.000000e+000 2.768510e-018 
0.000000e+000 0.000000e+000 0.000000e+000 0.000000e+000 4.614183e-019 
0.000000e+000 0.000000e+000 0.000000e+000 0.000000e+000 1.098615e-020 
0.000000e+000 0.000000e+000 0.000000e+000 0.000000e+000 1.831025e-021 
0.000000e+000 0.000000e+000 0.000000e+000 0.000000e+000 3.051709e-022 
0.000000e+000 0.000000e+000 0.000000e+000 0.000000e+000 1.380535e-022 
0.000000e+000 0.000000e+000 0.000000e+000 0.000000e+000 3.286988e-024 


3.286988e-024 5.478313e-025 9.130521e-026 1.521754e-026 1.521754e-026 
7.265973e-054 3.286988e-024 5.478313e-025 9.130521e-026 9.130521e-026 
1.606162e-083 7.265973e-054 3.286988e-024 5.478313e-025 5.478313e-025 
3.550464e-113 1.606162e-083 7.265973e-054 3.286988e-024 3.286988e-024 
1.491195e-111 3.550464e-083 1.606162e-053 7.265973e-024 7.265973e-024 
4.817707e-111 1.491195e-081 3.550464e-053 1.606162e-023 1.606162e-023 
1.556490e-110 4.817707e-081 1.491195e-051 3.550464e-023 3.550464e-023 
5.028660e-110 1.556490e-080 4.817707e-051 1.491195e-021 1.491195e-021 
1.624644e-109 5.028660e-080 1.556490e-050 4.817707e-021 4.817707e-021 
5.248850e-109 1.624644e-079 5.028660e-050 1.556490e-020 1.556490e-020 
1.695782e-108 5.248850e-079 1.624644e-049 5.028660e-020 5.028660e-020 
5.478681e-108 1.695782e-078 5.248850e-049 1.624644e-019 1.624644e-019 
1.770035e-107 5.478681e-078 1.695782e-048 5.248850e-019 5.248850e-019 
5.718576e-107 1.770035e-077 5.478681e-048 1.695782e-018 1.695782e-018 
1.847540e-106 5.718576e-077 1.770035e-047 5.478681e-018 5.478681e-018 
5.968975e-106 1.847540e-076 5.718576e-047 1.770035e-017 1.770035e-017 
1.928438e-105 5.968975e-076 1.847540e-046 5.718576e-017 5.718576e-017 
6.230338e-105 1.928438e-075 5.968975e-046 1.847540e-016 1.847540e-016 
1.377233e-104 6.230338e-075 1.928438e-045 5.968975e-016 5.968975e-016 
8.263396e-074 1.377233e-074 6.230338e-045 1.928438e-015 1.928438e-015 
1.826645e-073 8.263396e-044 1.377233e-044 6.230338e-015 6.230338e-015 
4.037848e-073 1.826645e-043 8.263396e-014 1.377233e-014 1.377233e-014 
8.925769e-103 4.037848e-073 1.826645e-043 8.263396e-014 8.263396e-014 
5.355461e-072 8.925769e-073 4.037848e-043 1.826645e-013 1.826645e-013 
1.183839e-071 5.355461e-042 8.925769e-043 4.037848e-013 4.037848e-013 
2.616907e-071 1.183839e-041 5.355461e-012 8.925769e-013 8.925769e-013 
1.570144e-070 2.616907e-071 1.183839e-041 5.355461e-012 5.355461e-012 
9.420865e-040 1.570144e-040 2.616907e-041 1.183839e-011 1.183839e-011 
2.082507e-039 9.420865e-010 1.570144e-010 2.616907e-011 2.616907e-011 
4.603436e-069 2.082507e-039 9.420865e-010 1.570144e-010 1.570144e-010 
1.017602e-098 4.603436e-069 2.082507e-039 9.420865e-010 9.420865e-010 
2.249435e-098 1.017602e-068 4.603436e-039 2.082507e-009 2.082507e-009 
4.972436e-098 2.249435e-068 1.017602e-038 4.603436e-009 4.603436e-009 
1.099170e-097 4.972436e-068 2.249435e-038 1.017602e-008 1.017602e-008 
2.429744e-097 1.099170e-067 4.972436e-038 2.249435e-008 2.249435e-008 
5.371014e-097 2.429744e-067 1.099170e-037 4.972436e-008 4.972436e-008 
1.187277e-096 5.371014e-067 2.429744e-037 1.099170e-007 1.099170e-007 
7.123661e-066 1.187277e-066 5.371014e-037 2.429744e-007 2.429744e-007 
2.991938e-064 7.123661e-036 1.187277e-036 5.371014e-007 5.371014e-007 
1.795163e-033 2.991938e-034 7.123661e-006 1.187277e-006 1.187277e-006 
1.077098e-032 1.795163e-033 2.991938e-034 7.123661e-006 7.123661e-006 
2.380952e-032 1.077098e-002 1.795163e-003 2.991938e-004 2.991938e-004 
1.000000e-060 2.380952e-032 1.077098e-002 1.795163e-003 1.795163e-003 
1.000000e-060 1.000000e-060 2.380952e-032 1.077098e-002 1.077098e-002 
1.000000e-030 1.000000e-030 1.000000e-030 2.380952e-002 2.380952e-002 
1.000000e+000 1.000000e+000 1.000000e+000 1.000000e+000 1.000000e+000 


1.000000e+000 0.000000e+000 0.000000e+000 0.000000e+000 0.000000e+000 
7.320130e-180 1.000000e+000 0.000000e+000 0.000000e+000 0.000000e+000 
0.000000e+000 7.320130e-090 1.000000e+000 0.000000e+000 0.000000e+000 
0.000000e+000 5.358431e-179 1.464026e-089 1.000000e+000 0.000000e+000 
0.000000e+000 3.922441e-268 1.607529e-178 2.196039e-089 1.000000e+000 
0.000000e+000 0.000000e+000 1.568976e-267 3.215058e-178 1.000000e+000 
0.000000e+000 0.000000e+000 0.000000e+000 3.922441e-267 1.000000e+000 
0.000000e+000 0.000000e+000 0.000000e+000 0.000000e+000 1.000000e+000 
0.000000e+000 0.000000e+000 0.000000e+000 0.000000e+000 1.000000e+000 
0.000000e+000 0.000000e+000 0.000000e+000 0.000000e+000 1.000000e+000 
0.000000e+000 0.000000e+000 0.000000e+000 0.000000e+000 1.000000e+000 
0.000000e+000 0.000000e+000 0.000000e+000 0.000000e+000 1.000000e+000 
0.000000e+000 0.000000e+000 0.000000e+000 0.000000e+000 1.000000e+000 
0.000000e+000 0.000000e+000 0.000000e+000 0.000000e+000 1.000000e+000 
0.000000e+000 0.000000e+000 0.000000e+000 0.000000e+000 1.000000e+000 
0.000000e+000 0.000000e+000 0.000000e+000 0.000000e+000 1.000000e+000 
0.000000e+000 0.000000e+000 0.000000e+000 0.000000e+000 1.000000e+000 
0.000000e+000 0.000000e+000 0.000000e+000 0.000000e+000 1.000000e+000 
0.000000e+000 0.000000e+000 0.000000e+000 0.000000e+000 1.000000e+000 
0.000000e+000 0.000000e+000 0.000000e+000 0.000000e+000 1.000000e+000 
0.000000e+000 0.000000e+000 0.000000e+000 0.000000e+000 1.000000e+000 
0.000000e+000 0.000000e+000 0.000000e+000 0.000000e+000 1.000000e+000 
0.000000e+000 0.000000e+000 0.000000e+000 0.000000e+000 1.000000e+000 
0.000000e+000 0.000000e+000 0.000000e+000 0.000000e+000 1.000000e+000 
0.000000e+000 0.000000e+000 0.000000e+000 0.000000e+000 1.000000e+000 
0.000000e+000 0.000000e+000 0.000000e+000 0.000000e+000 1.000000e+000 
0.000000e+000 0.000000e+000 0.000000e+000 0.000000e+000 1.000000e+000 
0.000000e+000 0.000000e+000 0.000000e+000 0.000000e+000 1.000000e+000 
0.000000e+000 0.000000e+000 0.000000e+000 0.000000e+000 1.000000e+000 
0.000000e+000 0.000000e+000 0.000000e+000 0.000000e+000 1.000000e+000 
0.000000e+000 0.000000e+000 0.000000e+000 0.000000e+000 1.000000e+000 
0.000000e+000 0.000000e+000 0.000000e+000 0.000000e+000 1.000000e+000 
0.000000e+000 0.000000e+000 0.000000e+000 0.000000e+000 1.000000e+000 
0.000000e+000 0.000000e+000 0.000000e+000 0.000000e+000 1.000000e+000 
0.000000e+000 0.000000e+000 0.000000e+000 0.000000e+000 1.000000e+000 
0.000000e+000 0.000000e+000 0.000000e+000 0.000000e+000 1.000000e+000 
0.000000e+000 0.000000e+000 0.000000e+000 0.000000e+000 1.000000e+000 
0.000000e+000 0.000000e+000 0.000000e+000 0.000000e+000 1.000000e+000 
0.000000e+000 0.000000e+000 0.000000e+000 0.000000e+000 1.000000e+000 
0.000000e+000 0.000000e+000 0.000000e+000 0.000000e+000 1.000000e+000 
0.000000e+000 0.000000e+000 0.000000e+000 0.000000e+000 1.000000e+000 
0.000000e+000 0.000000e+000 0.000000e+000 0.000000e+000 1.000000e+000 
0.000000e+000 0.000000e+000 0.000000e+000 0.000000e+000 1.000000e+000 
0.000000e+000 0.000000e+000 0.000000e+000 0.000000e+000 1.000000e+000 
0.000000e+000 0.000000e+000 0.000000e+000 0.000000e+000 1.000000e+000 
0.000000e+000 0.000000e+000 0.000000e+000 0.000000e+000 1.000000e+000 



Q star

------------
1  2  3  4  5  5  5  5  5  5  5  5  5  5  5  5  5  5  5  5  5  5  5  5  5  5  5  5  5  5  5  5  5  5  5  5  5  5  5  5  5  5  5  5  5  5  
------------

P star

-----------
3.286988e-024

A Martrix

7.320130e-180 1.000000e+000 0.000000e+000 0.000000e+000 0.000000e+000 
0.000000e+000 7.320130e-090 1.000000e+000 0.000000e+000 0.000000e+000 
0.000000e+000 0.000000e+000 7.320130e-090 1.000000e+000 0.000000e+000 
0.000000e+000 0.000000e+000 0.000000e+000 7.320130e-090 1.000000e+000 
0.000000e+000 0.000000e+000 0.000000e+000 0.000000e+000 1.000000e+000 

B Martrix

1.000000e-030 1.000000e-030 1.000000e-030 1.000000e-030 1.000000e-030 1.000000e-030 1.000000e-030 1.000000e-030 1.000000e-030 1.000000e-030 1.000000e-030 1.000000e-030 1.000000e-030 1.000000e-030 1.000000e-030 1.000000e-030 1.000000e-030 1.000000e-030 1.000000e-030 1.000000e-030 1.000000e-030 1.000000e-030 1.000000e-030 1.000000e-030 1.000000e-030 1.000000e-030 1.000000e-030 1.000000e-030 1.000000e-030 1.000000e-030 1.000000e-030 1.000000e+000 
1.000000e-030 1.000000e-030 1.000000e-030 1.000000e-030 1.000000e-030 1.000000e-030 1.000000e-030 1.000000e-030 1.000000e-030 1.000000e-030 1.000000e-030 1.000000e-030 1.000000e-030 1.000000e-030 1.000000e-030 1.000000e-030 1.000000e-030 1.000000e-030 1.000000e-030 1.000000e+000 1.000000e-030 1.000000e-030 1.000000e-030 1.000000e-030 1.000000e-030 1.000000e-030 1.000000e-030 1.000000e-030 1.000000e-030 1.000000e-030 1.000000e-030 1.000000e-030 
1.000000e-030 1.000000e-030 1.000000e-030 1.000000e-030 1.000000e-030 1.000000e-030 1.000000e-030 1.000000e-030 1.000000e-030 1.000000e-030 1.000000e-030 1.000000e-030 1.000000e-030 1.000000e-030 1.000000e-030 1.000000e-030 1.000000e-030 1.000000e-030 1.000000e-030 1.000000e+000 1.000000e-030 1.000000e-030 1.000000e-030 1.000000e-030 1.000000e-030 1.000000e-030 1.000000e-030 1.000000e-030 1.000000e-030 1.000000e-030 1.000000e-030 1.000000e-030 
1.000000e-030 1.000000e-030 1.000000e-030 1.000000e-030 1.000000e-030 1.000000e-030 1.000000e-030 1.000000e-030 1.000000e-030 1.000000e-030 1.000000e-030 1.000000e-030 1.000000e-030 1.000000e-030 1.000000e-030 1.000000e-030 1.000000e-030 1.000000e-030 1.000000e-030 1.000000e+000 1.000000e-030 1.000000e-030 1.000000e-030 1.000000e-030 1.000000e-030 1.000000e-030 1.000000e-030 1.000000e-030 1.000000e-030 1.000000e-030 1.000000e-030 1.000000e-030 
1.000000e-030 1.000000e-030 1.000000e-030 1.000000e-030 1.000000e-030 1.000000e-030 1.000000e-030 1.000000e-030 1.000000e-030 1.000000e-030 2.380952e-002 2.380952e-002 2.380952e-002 1.000000e-030 1.000000e-030 1.000000e-030 1.000000e-030 1.000000e-030 4.523810e-001 1.666667e-001 1.000000e-030 1.000000e-030 1.000000e-030 1.000000e-030 1.000000e-030 1.000000e-030 1.000000e-030 1.000000e-030 3.095238e-001 1.000000e-030 1.000000e-030 1.000000e-030 
=================
