32	16	20	4	19	11	19	29	19	29	27	29	29	29	11	29	29	11	11	23	3	11	23	11	11	11	11	11	11	11	11	11	16	16	16	16	16	27	16	15	11	16	12	28	28	12	12	16	28	12	12	12	16	16	28	28	28	16	28	28	12	28	28	

P(O|lamda) = 0.000000e+000

1.000000e-030 0.000000e+000 0.000000e+000 0.000000e+000 0.000000e+000 
2.571063e-062 9.742894e-061 0.000000e+000 0.000000e+000 0.000000e+000 
6.610365e-094 6.205654e-092 9.372825e-091 0.000000e+000 0.000000e+000 
1.699566e-125 3.001167e-123 1.814560e-121 8.155259e-121 0.000000e+000 
4.369692e-157 1.305536e-154 2.645899e-152 3.401961e-151 3.651558e-122 
1.123475e-188 5.384622e-186 3.562719e-183 9.907319e-182 2.982335e-124 
2.888526e-220 2.154729e-217 4.679908e-214 2.524786e-212 1.719825e-125 
7.426583e-252 8.465846e-249 6.100107e-245 6.051391e-243 1.719825e-155 
1.909421e-283 3.287984e-280 7.932415e-276 1.405874e-273 9.917721e-157 
4.909242e-315 1.267496e-311 1.030767e-306 3.211870e-304 9.917721e-187 
0.000000e+000 0.000000e+000 0.000000e+000 0.000000e+000 8.264767e-190 
0.000000e+000 0.000000e+000 0.000000e+000 0.000000e+000 8.264767e-220 
0.000000e+000 0.000000e+000 0.000000e+000 0.000000e+000 8.264767e-250 
0.000000e+000 0.000000e+000 0.000000e+000 0.000000e+000 8.264767e-280 
0.000000e+000 0.000000e+000 0.000000e+000 0.000000e+000 6.750078e-282 
0.000000e+000 0.000000e+000 0.000000e+000 0.000000e+000 6.750078e-312 
0.000000e+000 0.000000e+000 0.000000e+000 0.000000e+000 0.000000e+000 
0.000000e+000 0.000000e+000 0.000000e+000 0.000000e+000 0.000000e+000 
0.000000e+000 0.000000e+000 0.000000e+000 0.000000e+000 0.000000e+000 
0.000000e+000 0.000000e+000 0.000000e+000 0.000000e+000 0.000000e+000 
0.000000e+000 0.000000e+000 0.000000e+000 0.000000e+000 0.000000e+000 
0.000000e+000 0.000000e+000 0.000000e+000 0.000000e+000 0.000000e+000 
0.000000e+000 0.000000e+000 0.000000e+000 0.000000e+000 0.000000e+000 
0.000000e+000 0.000000e+000 0.000000e+000 0.000000e+000 0.000000e+000 
0.000000e+000 0.000000e+000 0.000000e+000 0.000000e+000 0.000000e+000 
0.000000e+000 0.000000e+000 0.000000e+000 0.000000e+000 0.000000e+000 
0.000000e+000 0.000000e+000 0.000000e+000 0.000000e+000 0.000000e+000 
0.000000e+000 0.000000e+000 0.000000e+000 0.000000e+000 0.000000e+000 
0.000000e+000 0.000000e+000 0.000000e+000 0.000000e+000 0.000000e+000 
0.000000e+000 0.000000e+000 0.000000e+000 0.000000e+000 0.000000e+000 
0.000000e+000 0.000000e+000 0.000000e+000 0.000000e+000 0.000000e+000 
0.000000e+000 0.000000e+000 0.000000e+000 0.000000e+000 0.000000e+000 
0.000000e+000 0.000000e+000 0.000000e+000 0.000000e+000 0.000000e+000 
0.000000e+000 0.000000e+000 0.000000e+000 0.000000e+000 0.000000e+000 
0.000000e+000 0.000000e+000 0.000000e+000 0.000000e+000 0.000000e+000 
0.000000e+000 0.000000e+000 0.000000e+000 0.000000e+000 0.000000e+000 
0.000000e+000 0.000000e+000 0.000000e+000 0.000000e+000 0.000000e+000 
0.000000e+000 0.000000e+000 0.000000e+000 0.000000e+000 0.000000e+000 
0.000000e+000 0.000000e+000 0.000000e+000 0.000000e+000 0.000000e+000 
0.000000e+000 0.000000e+000 0.000000e+000 0.000000e+000 0.000000e+000 
0.000000e+000 0.000000e+000 0.000000e+000 0.000000e+000 0.000000e+000 
0.000000e+000 0.000000e+000 0.000000e+000 0.000000e+000 0.000000e+000 
0.000000e+000 0.000000e+000 0.000000e+000 0.000000e+000 0.000000e+000 
0.000000e+000 0.000000e+000 0.000000e+000 0.000000e+000 0.000000e+000 
0.000000e+000 0.000000e+000 0.000000e+000 0.000000e+000 0.000000e+000 
0.000000e+000 0.000000e+000 0.000000e+000 0.000000e+000 0.000000e+000 
0.000000e+000 0.000000e+000 0.000000e+000 0.000000e+000 0.000000e+000 
0.000000e+000 0.000000e+000 0.000000e+000 0.000000e+000 0.000000e+000 
0.000000e+000 0.000000e+000 0.000000e+000 0.000000e+000 0.000000e+000 
0.000000e+000 0.000000e+000 0.000000e+000 0.000000e+000 0.000000e+000 
0.000000e+000 0.000000e+000 0.000000e+000 0.000000e+000 0.000000e+000 
0.000000e+000 0.000000e+000 0.000000e+000 0.000000e+000 0.000000e+000 
0.000000e+000 0.000000e+000 0.000000e+000 0.000000e+000 0.000000e+000 
0.000000e+000 0.000000e+000 0.000000e+000 0.000000e+000 0.000000e+000 
0.000000e+000 0.000000e+000 0.000000e+000 0.000000e+000 0.000000e+000 
0.000000e+000 0.000000e+000 0.000000e+000 0.000000e+000 0.000000e+000 
0.000000e+000 0.000000e+000 0.000000e+000 0.000000e+000 0.000000e+000 
0.000000e+000 0.000000e+000 0.000000e+000 0.000000e+000 0.000000e+000 
0.000000e+000 0.000000e+000 0.000000e+000 0.000000e+000 0.000000e+000 
0.000000e+000 0.000000e+000 0.000000e+000 0.000000e+000 0.000000e+000 
0.000000e+000 0.000000e+000 0.000000e+000 0.000000e+000 0.000000e+000 
0.000000e+000 0.000000e+000 0.000000e+000 0.000000e+000 0.000000e+000 
0.000000e+000 0.000000e+000 0.000000e+000 0.000000e+000 0.000000e+000 



P(O|lamda) = 1.923487e-065

1.500000e-001 0.000000e+000 0.000000e+000 0.000000e+000 0.000000e+000 
1.244444e-152 2.250000e-002 0.000000e+000 0.000000e+000 0.000000e+000 
1.032428e-303 9.827117e-089 7.875000e-003 0.000000e+000 0.000000e+000 
0.000000e+000 1.802682e-204 2.067188e-034 3.839063e-004 0.000000e+000 
0.000000e+000 3.149362e-291 1.808789e-036 1.521639e-005 1.441889e-005 
0.000000e+000 0.000000e+000 6.782959e-039 3.618674e-007 3.040941e-006 
0.000000e+000 0.000000e+000 5.935089e-041 1.434287e-008 1.493233e-007 
0.000000e+000 0.000000e+000 1.483772e-043 1.136979e-010 2.352400e-008 
0.000000e+000 0.000000e+000 1.298301e-045 4.506497e-012 1.054262e-009 
0.000000e+000 0.000000e+000 3.245752e-048 3.572363e-014 1.542185e-010 
0.000000e+000 0.000000e+000 8.520099e-080 5.663725e-016 1.913872e-012 
0.000000e+000 0.000000e+000 2.130025e-082 4.489714e-018 2.790292e-013 
0.000000e+000 0.000000e+000 5.325062e-085 3.559059e-020 4.067093e-014 
0.000000e+000 0.000000e+000 1.331265e-087 2.821316e-022 5.928064e-015 
0.000000e+000 0.000000e+000 4.992245e-090 6.709490e-024 6.621974e-016 
0.000000e+000 0.000000e+000 1.248061e-092 5.318707e-026 9.651971e-017 
0.000000e+000 0.000000e+000 3.120153e-095 4.216213e-028 1.406839e-017 
0.000000e+000 0.000000e+000 1.170057e-097 1.002675e-029 1.571517e-018 
0.000000e+000 0.000000e+000 4.387716e-100 2.384504e-031 1.755471e-019 
0.000000e+000 0.000000e+000 1.151775e-131 3.969483e-062 3.594260e-021 
0.000000e+000 0.000000e+000 3.023410e-163 6.607996e-093 2.731509e-022 
0.000000e+000 0.000000e+000 1.133779e-165 1.571475e-094 3.051246e-023 
0.000000e+000 0.000000e+000 2.976169e-197 2.616034e-125 6.247311e-025 
0.000000e+000 0.000000e+000 1.116064e-199 6.221300e-127 6.978590e-026 
0.000000e+000 0.000000e+000 4.185238e-202 1.479514e-128 7.795468e-027 
0.000000e+000 0.000000e+000 1.569464e-204 3.518493e-130 8.707967e-028 
0.000000e+000 0.000000e+000 5.885491e-207 8.367477e-132 9.727278e-029 
0.000000e+000 0.000000e+000 2.207059e-209 1.989905e-133 1.086590e-029 
0.000000e+000 0.000000e+000 8.276472e-212 4.732276e-135 1.213781e-030 
0.000000e+000 0.000000e+000 3.103677e-214 1.125402e-136 1.355860e-031 
0.000000e+000 0.000000e+000 1.163879e-216 2.676367e-138 1.514571e-032 
0.000000e+000 0.000000e+000 4.364546e-219 6.364781e-140 1.691859e-033 
0.000000e+000 0.000000e+000 1.145693e-250 1.059545e-170 1.252809e-034 
0.000000e+000 0.000000e+000 3.007445e-282 1.763823e-201 9.276960e-036 
0.000000e+000 0.000000e+000 7.894543e-314 2.936236e-232 6.869521e-037 
0.000000e+000 0.000000e+000 0.000000e+000 4.887950e-263 5.086830e-038 
0.000000e+000 0.000000e+000 0.000000e+000 8.136967e-294 3.766761e-039 
0.000000e+000 0.000000e+000 0.000000e+000 1.290058e-295 4.673691e-041 
0.000000e+000 0.000000e+000 0.000000e+000 0.000000e+000 3.460834e-042 
0.000000e+000 0.000000e+000 0.000000e+000 0.000000e+000 1.000481e-043 
0.000000e+000 0.000000e+000 0.000000e+000 0.000000e+000 1.117592e-044 
0.000000e+000 0.000000e+000 0.000000e+000 0.000000e+000 8.275688e-046 
0.000000e+000 0.000000e+000 0.000000e+000 0.000000e+000 1.137438e-046 
0.000000e+000 0.000000e+000 0.000000e+000 0.000000e+000 1.406246e-047 
0.000000e+000 0.000000e+000 0.000000e+000 0.000000e+000 1.738582e-048 
0.000000e+000 0.000000e+000 0.000000e+000 0.000000e+000 2.389564e-049 
0.000000e+000 0.000000e+000 0.000000e+000 0.000000e+000 3.284295e-050 
0.000000e+000 0.000000e+000 0.000000e+000 0.000000e+000 2.431997e-051 
0.000000e+000 0.000000e+000 0.000000e+000 0.000000e+000 3.006746e-052 
0.000000e+000 0.000000e+000 0.000000e+000 0.000000e+000 4.132571e-053 
0.000000e+000 0.000000e+000 0.000000e+000 0.000000e+000 5.679941e-054 
0.000000e+000 0.000000e+000 0.000000e+000 0.000000e+000 7.806699e-055 
0.000000e+000 0.000000e+000 0.000000e+000 0.000000e+000 5.780804e-056 
0.000000e+000 0.000000e+000 0.000000e+000 0.000000e+000 4.280643e-057 
0.000000e+000 0.000000e+000 0.000000e+000 0.000000e+000 5.292279e-058 
0.000000e+000 0.000000e+000 0.000000e+000 0.000000e+000 6.542992e-059 
0.000000e+000 0.000000e+000 0.000000e+000 0.000000e+000 8.089284e-060 
0.000000e+000 0.000000e+000 0.000000e+000 0.000000e+000 5.990056e-061 
0.000000e+000 0.000000e+000 0.000000e+000 0.000000e+000 7.405674e-062 
0.000000e+000 0.000000e+000 0.000000e+000 0.000000e+000 9.155842e-063 
0.000000e+000 0.000000e+000 0.000000e+000 0.000000e+000 1.258409e-063 
0.000000e+000 0.000000e+000 0.000000e+000 0.000000e+000 1.555806e-064 
0.000000e+000 0.000000e+000 0.000000e+000 0.000000e+000 1.923487e-065 



P(O|lamda) = 4.952782e-080

7.500000e-003 0.000000e+000 0.000000e+000 0.000000e+000 0.000000e+000 
8.908770e-006 8.014615e-004 0.000000e+000 0.000000e+000 0.000000e+000 
5.568861e-038 1.531787e-006 2.529527e-004 0.000000e+000 0.000000e+000 
3.481087e-070 9.575180e-039 2.568638e-006 4.893053e-005 0.000000e+000 
2.176023e-102 2.843436e-043 2.011719e-009 1.634990e-006 3.926952e-006 
6.461897e-106 1.688768e-047 6.752349e-013 1.920992e-009 2.965702e-007 
4.039323e-138 5.014948e-052 5.288339e-016 4.864012e-011 2.833761e-008 
2.524976e-170 3.134837e-084 1.183357e-019 1.890786e-014 2.068192e-010 
1.578359e-202 9.309181e-089 9.267871e-023 4.777395e-016 1.965581e-011 
9.866302e-235 5.819157e-121 2.073845e-026 1.856994e-019 1.432512e-013 
2.343910e-238 2.592077e-125 9.768430e-058 1.443642e-022 9.630544e-016 
1.465175e-270 1.620304e-157 2.185854e-061 5.611489e-026 7.018581e-018 
9.158789e-303 1.012850e-189 4.891222e-065 2.181207e-029 5.115026e-020 
0.000000e+000 6.331310e-222 1.094495e-068 8.478433e-033 3.727746e-022 
0.000000e+000 3.760279e-226 3.673680e-072 9.886796e-036 2.082883e-023 
0.000000e+000 2.350546e-258 8.220489e-076 3.843035e-039 1.517970e-025 
0.000000e+000 1.469323e-290 1.839475e-079 1.493802e-042 1.106272e-027 
0.000000e+000 8.726574e-295 6.174213e-083 1.741939e-045 6.181307e-029 
0.000000e+000 5.182869e-299 2.072379e-086 2.031295e-048 3.453813e-030 
0.000000e+000 0.000000e+000 9.761523e-118 3.324098e-079 3.535776e-033 
0.000000e+000 0.000000e+000 4.597969e-149 2.584179e-081 2.105477e-035 
0.000000e+000 0.000000e+000 1.543312e-152 3.013440e-084 1.176438e-036 
0.000000e+000 0.000000e+000 7.269458e-184 4.931322e-115 1.204356e-039 
0.000000e+000 0.000000e+000 2.439999e-187 5.750470e-118 6.729356e-041 
0.000000e+000 0.000000e+000 8.189874e-191 6.705688e-121 3.760037e-042 
0.000000e+000 0.000000e+000 2.748937e-194 7.819578e-124 2.100925e-043 
0.000000e+000 0.000000e+000 9.226828e-198 9.118498e-127 1.173895e-044 
0.000000e+000 0.000000e+000 3.096991e-201 1.063318e-129 6.559152e-046 
0.000000e+000 0.000000e+000 1.039507e-204 1.239947e-132 3.664935e-047 
0.000000e+000 0.000000e+000 3.489114e-208 1.445917e-135 2.047787e-048 
0.000000e+000 0.000000e+000 1.171124e-211 1.686100e-138 1.144204e-049 
0.000000e+000 0.000000e+000 3.930885e-215 1.966180e-141 6.393253e-051 
0.000000e+000 0.000000e+000 1.851564e-246 3.217541e-172 7.890739e-052 
0.000000e+000 0.000000e+000 8.721420e-278 5.265322e-203 9.738978e-053 
0.000000e+000 0.000000e+000 4.108049e-309 8.616398e-234 1.202013e-053 
0.000000e+000 0.000000e+000 0.000000e+000 1.410024e-264 1.483559e-054 
0.000000e+000 0.000000e+000 0.000000e+000 2.307424e-295 1.831052e-055 
0.000000e+000 0.000000e+000 0.000000e+000 1.793809e-298 1.230985e-057 
0.000000e+000 0.000000e+000 0.000000e+000 0.000000e+000 1.519317e-058 
0.000000e+000 0.000000e+000 0.000000e+000 0.000000e+000 2.204725e-060 
0.000000e+000 0.000000e+000 0.000000e+000 0.000000e+000 1.231893e-061 
0.000000e+000 0.000000e+000 0.000000e+000 0.000000e+000 1.520438e-062 
0.000000e+000 0.000000e+000 0.000000e+000 0.000000e+000 1.402918e-063 
0.000000e+000 0.000000e+000 0.000000e+000 0.000000e+000 3.063498e-064 
0.000000e+000 0.000000e+000 0.000000e+000 0.000000e+000 6.689640e-065 
0.000000e+000 0.000000e+000 0.000000e+000 0.000000e+000 6.172575e-066 
0.000000e+000 0.000000e+000 0.000000e+000 0.000000e+000 5.695476e-067 
0.000000e+000 0.000000e+000 0.000000e+000 0.000000e+000 7.029522e-068 
0.000000e+000 0.000000e+000 0.000000e+000 0.000000e+000 1.535009e-068 
0.000000e+000 0.000000e+000 0.000000e+000 0.000000e+000 1.416363e-069 
0.000000e+000 0.000000e+000 0.000000e+000 0.000000e+000 1.306888e-070 
0.000000e+000 0.000000e+000 0.000000e+000 0.000000e+000 1.205874e-071 
0.000000e+000 0.000000e+000 0.000000e+000 0.000000e+000 1.488324e-072 
0.000000e+000 0.000000e+000 0.000000e+000 0.000000e+000 1.836933e-073 
0.000000e+000 0.000000e+000 0.000000e+000 0.000000e+000 4.011239e-074 
0.000000e+000 0.000000e+000 0.000000e+000 0.000000e+000 8.759187e-075 
0.000000e+000 0.000000e+000 0.000000e+000 0.000000e+000 1.912709e-075 
0.000000e+000 0.000000e+000 0.000000e+000 0.000000e+000 2.360722e-076 
0.000000e+000 0.000000e+000 0.000000e+000 0.000000e+000 5.155015e-077 
0.000000e+000 0.000000e+000 0.000000e+000 0.000000e+000 1.125681e-077 
0.000000e+000 0.000000e+000 0.000000e+000 0.000000e+000 1.038673e-078 
0.000000e+000 0.000000e+000 0.000000e+000 0.000000e+000 2.268110e-079 
0.000000e+000 0.000000e+000 0.000000e+000 0.000000e+000 4.952782e-080 



P(O|lamda) = 7.771077e-139

3.750000e-004 0.000000e+000 0.000000e+000 0.000000e+000 0.000000e+000 
1.021793e-006 1.466411e-006 0.000000e+000 0.000000e+000 0.000000e+000 
2.930680e-037 6.499007e-009 1.673874e-008 0.000000e+000 0.000000e+000 
8.405701e-068 1.922049e-039 1.007043e-010 1.148313e-010 0.000000e+000 
2.410901e-098 1.350045e-043 2.841295e-014 8.924719e-013 3.479141e-013 
1.642295e-101 1.896539e-047 3.435641e-018 1.284930e-016 2.561844e-015 
4.710387e-132 1.332127e-051 9.693398e-022 3.972200e-019 1.256207e-017 
1.351021e-162 3.939698e-082 7.814052e-026 1.807420e-023 4.669809e-021 
3.874962e-193 2.767239e-086 2.204675e-029 5.364388e-026 2.224366e-023 
1.111406e-223 8.183972e-117 1.777235e-033 2.431671e-030 8.117869e-027 
6.056680e-227 8.622617e-121 6.032242e-064 2.205865e-034 2.729273e-030 
1.737161e-257 2.550096e-151 4.862717e-068 9.991481e-039 9.945757e-034 
4.982480e-288 7.541781e-182 3.919938e-072 4.525649e-043 3.624175e-037 
1.429060e-318 2.230444e-212 3.159944e-076 2.049896e-047 1.320620e-040 
9.733093e-322 3.133322e-216 3.820946e-080 2.785506e-051 3.689491e-043 
0.000000e+000 9.266643e-247 3.080145e-084 1.261697e-055 1.344420e-046 
0.000000e+000 2.740563e-277 2.482970e-088 5.714866e-060 4.898954e-050 
0.000000e+000 3.849937e-281 3.002361e-092 7.765658e-064 1.368648e-052 
0.000000e+000 5.408381e-285 3.630399e-096 1.055238e-067 3.823670e-055 
0.000000e+000 1.599502e-315 1.232220e-126 4.024993e-098 1.957205e-059 
0.000000e+000 2.246976e-317 1.986637e-128 7.657120e-100 2.734148e-061 
0.000000e+000 3.157079e-321 2.402205e-132 1.040489e-103 7.638543e-064 
0.000000e+000 0.000000e+000 8.153497e-163 3.968737e-134 3.909907e-068 
0.000000e+000 0.000000e+000 9.859058e-167 5.392927e-138 1.092332e-070 
0.000000e+000 0.000000e+000 1.192139e-170 7.328191e-142 3.051710e-073 
0.000000e+000 0.000000e+000 1.441512e-174 9.957929e-146 8.525734e-076 
0.000000e+000 0.000000e+000 1.743050e-178 1.353135e-149 2.381882e-078 
0.000000e+000 0.000000e+000 2.107664e-182 1.838711e-153 6.654398e-081 
0.000000e+000 0.000000e+000 2.548548e-186 2.498537e-157 1.859076e-083 
0.000000e+000 0.000000e+000 3.081658e-190 3.395142e-161 5.193806e-086 
0.000000e+000 0.000000e+000 3.726283e-194 4.613497e-165 1.451023e-088 
0.000000e+000 0.000000e+000 4.505753e-198 6.269060e-169 4.053803e-091 
0.000000e+000 0.000000e+000 1.529330e-228 2.391207e-199 7.208671e-093 
0.000000e+000 0.000000e+000 5.190811e-259 9.120775e-230 1.281881e-094 
0.000000e+000 0.000000e+000 1.761851e-289 3.478936e-260 2.279504e-096 
0.000000e+000 0.000000e+000 5.980171e-320 1.326970e-290 4.053526e-098 
0.000000e+000 0.000000e+000 0.000000e+000 5.059232e-321 7.208178e-100 
0.000000e+000 0.000000e+000 0.000000e+000 0.000000e+000 2.422967e-103 
0.000000e+000 0.000000e+000 0.000000e+000 0.000000e+000 4.308639e-105 
0.000000e+000 0.000000e+000 0.000000e+000 0.000000e+000 1.029686e-107 
0.000000e+000 0.000000e+000 0.000000e+000 0.000000e+000 2.876691e-110 
0.000000e+000 0.000000e+000 0.000000e+000 0.000000e+000 5.115473e-112 
0.000000e+000 0.000000e+000 0.000000e+000 0.000000e+000 4.705741e-113 
0.000000e+000 0.000000e+000 0.000000e+000 0.000000e+000 2.607180e-114 
0.000000e+000 0.000000e+000 0.000000e+000 0.000000e+000 1.444488e-115 
0.000000e+000 0.000000e+000 0.000000e+000 0.000000e+000 1.328789e-116 
0.000000e+000 0.000000e+000 0.000000e+000 0.000000e+000 1.222358e-117 
0.000000e+000 0.000000e+000 0.000000e+000 0.000000e+000 2.173657e-119 
0.000000e+000 0.000000e+000 0.000000e+000 0.000000e+000 1.204298e-120 
0.000000e+000 0.000000e+000 0.000000e+000 0.000000e+000 1.107838e-121 
0.000000e+000 0.000000e+000 0.000000e+000 0.000000e+000 1.019104e-122 
0.000000e+000 0.000000e+000 0.000000e+000 0.000000e+000 9.374773e-124 
0.000000e+000 0.000000e+000 0.000000e+000 0.000000e+000 1.667068e-125 
0.000000e+000 0.000000e+000 0.000000e+000 0.000000e+000 2.964462e-127 
0.000000e+000 0.000000e+000 0.000000e+000 0.000000e+000 1.642437e-128 
0.000000e+000 0.000000e+000 0.000000e+000 0.000000e+000 9.099798e-130 
0.000000e+000 0.000000e+000 0.000000e+000 0.000000e+000 5.041673e-131 
0.000000e+000 0.000000e+000 0.000000e+000 0.000000e+000 8.965350e-133 
0.000000e+000 0.000000e+000 0.000000e+000 0.000000e+000 4.967183e-134 
0.000000e+000 0.000000e+000 0.000000e+000 0.000000e+000 2.752029e-135 
0.000000e+000 0.000000e+000 0.000000e+000 0.000000e+000 2.531602e-136 
0.000000e+000 0.000000e+000 0.000000e+000 0.000000e+000 1.402614e-137 
0.000000e+000 0.000000e+000 0.000000e+000 0.000000e+000 7.771077e-139 



P(O|lamda) = 2.447031e-115

1.500188e-001 0.000000e+000 0.000000e+000 0.000000e+000 0.000000e+000 
1.161770e-004 3.969928e-005 0.000000e+000 0.000000e+000 0.000000e+000 
3.563140e-007 9.369189e-005 1.483777e-005 0.000000e+000 0.000000e+000 
5.751644e-039 7.022967e-036 4.542662e-006 6.204083e-009 0.000000e+000 
9.284341e-071 4.795315e-038 3.954019e-007 2.253649e-006 1.519738e-009 
1.779689e-076 8.087960e-044 1.290506e-012 1.710512e-011 6.175010e-008 
2.872785e-108 5.457267e-046 1.123281e-013 3.309019e-012 2.044188e-008 
4.637268e-140 3.875549e-077 2.444098e-019 4.764356e-014 3.040509e-009 
7.485508e-172 2.614986e-079 2.127389e-020 7.434369e-015 1.006342e-009 
1.208316e-203 1.857066e-110 4.628892e-026 9.661842e-017 1.496654e-010 
9.266595e-206 6.266746e-113 8.481514e-057 3.138756e-022 9.231293e-013 
1.495820e-237 4.450411e-144 1.845455e-062 4.079147e-024 1.372891e-013 
2.414562e-269 3.160517e-175 4.015446e-068 5.301286e-026 2.041783e-014 
3.897601e-301 2.244482e-206 8.737033e-074 6.889585e-028 3.036568e-015 
7.471200e-307 3.785629e-212 2.851579e-079 3.357236e-033 1.123160e-016 
0.000000e+000 2.688414e-243 6.204626e-085 4.363086e-035 1.670380e-017 
0.000000e+000 1.909212e-274 1.350037e-090 5.670294e-037 2.484212e-018 
0.000000e+000 3.220149e-280 4.406231e-096 2.763086e-042 9.188563e-020 
0.000000e+000 5.431226e-286 1.438099e-101 1.346428e-047 3.398650e-021 
0.000000e+000 3.857055e-317 2.635027e-132 3.683384e-078 8.698257e-027 
0.000000e+000 6.506845e-321 1.146688e-135 2.512834e-081 3.528998e-028 
0.000000e+000 0.000000e+000 3.742542e-141 1.224483e-086 1.305300e-029 
0.000000e+000 0.000000e+000 6.857457e-172 3.349781e-117 3.340689e-035 
0.000000e+000 0.000000e+000 2.238126e-177 1.632320e-122 1.235648e-036 
0.000000e+000 0.000000e+000 7.304761e-183 7.954156e-128 4.570395e-038 
0.000000e+000 0.000000e+000 2.384116e-188 3.875992e-133 1.690490e-039 
0.000000e+000 0.000000e+000 7.781242e-194 1.888738e-138 6.252755e-041 
0.000000e+000 0.000000e+000 2.539630e-199 9.203661e-144 2.312758e-042 
0.000000e+000 0.000000e+000 8.288803e-205 4.484866e-149 8.554391e-044 
0.000000e+000 0.000000e+000 2.705287e-210 2.185437e-154 3.164084e-045 
0.000000e+000 0.000000e+000 8.829472e-216 1.064945e-159 1.170326e-046 
0.000000e+000 0.000000e+000 2.881749e-221 5.189386e-165 4.328781e-048 
0.000000e+000 0.000000e+000 5.280227e-252 1.419645e-195 3.848827e-051 
0.000000e+000 0.000000e+000 9.674954e-283 3.883679e-226 3.422087e-054 
0.000000e+000 0.000000e+000 1.772741e-313 1.062447e-256 3.042662e-057 
0.000000e+000 0.000000e+000 0.000000e+000 2.906503e-287 2.705306e-060 
0.000000e+000 0.000000e+000 0.000000e+000 7.951236e-318 2.405354e-063 
0.000000e+000 0.000000e+000 0.000000e+000 2.470328e-323 1.483611e-065 
0.000000e+000 0.000000e+000 0.000000e+000 0.000000e+000 1.319115e-068 
0.000000e+000 0.000000e+000 0.000000e+000 0.000000e+000 3.517614e-071 
0.000000e+000 0.000000e+000 0.000000e+000 0.000000e+000 1.301089e-072 
0.000000e+000 0.000000e+000 0.000000e+000 0.000000e+000 1.156831e-075 
0.000000e+000 0.000000e+000 0.000000e+000 0.000000e+000 3.934227e-077 
0.000000e+000 0.000000e+000 0.000000e+000 0.000000e+000 7.511014e-079 
0.000000e+000 0.000000e+000 0.000000e+000 0.000000e+000 1.433962e-080 
0.000000e+000 0.000000e+000 0.000000e+000 0.000000e+000 4.876715e-082 
0.000000e+000 0.000000e+000 0.000000e+000 0.000000e+000 1.658506e-083 
0.000000e+000 0.000000e+000 0.000000e+000 0.000000e+000 1.474618e-086 
0.000000e+000 0.000000e+000 0.000000e+000 0.000000e+000 2.815262e-088 
0.000000e+000 0.000000e+000 0.000000e+000 0.000000e+000 9.574331e-090 
0.000000e+000 0.000000e+000 0.000000e+000 0.000000e+000 3.256103e-091 
0.000000e+000 0.000000e+000 0.000000e+000 0.000000e+000 1.107357e-092 
0.000000e+000 0.000000e+000 0.000000e+000 0.000000e+000 9.845787e-096 
0.000000e+000 0.000000e+000 0.000000e+000 0.000000e+000 8.754132e-099 
0.000000e+000 0.000000e+000 0.000000e+000 0.000000e+000 1.671292e-100 
0.000000e+000 0.000000e+000 0.000000e+000 0.000000e+000 3.190740e-102 
0.000000e+000 0.000000e+000 0.000000e+000 0.000000e+000 6.091588e-104 
0.000000e+000 0.000000e+000 0.000000e+000 0.000000e+000 5.416181e-107 
0.000000e+000 0.000000e+000 0.000000e+000 0.000000e+000 1.034028e-108 
0.000000e+000 0.000000e+000 0.000000e+000 0.000000e+000 1.974111e-110 
0.000000e+000 0.000000e+000 0.000000e+000 0.000000e+000 6.713688e-112 
0.000000e+000 0.000000e+000 0.000000e+000 0.000000e+000 1.281741e-113 
0.000000e+000 0.000000e+000 0.000000e+000 0.000000e+000 2.447031e-115 



P(O|lamda) = 2.726832e-154

7.500938e-003 0.000000e+000 0.000000e+000 0.000000e+000 0.000000e+000 
1.073976e-089 1.007939e-007 0.000000e+000 0.000000e+000 0.000000e+000 
6.089926e-176 1.008293e-010 1.969381e-009 0.000000e+000 0.000000e+000 
3.635014e-290 2.653403e-042 4.490964e-013 4.783630e-014 0.000000e+000 
0.000000e+000 3.317169e-046 4.535610e-016 1.311158e-014 9.627029e-016 
0.000000e+000 1.036615e-053 1.717612e-023 1.898807e-021 2.308804e-017 
0.000000e+000 1.295931e-057 1.734688e-026 7.408021e-024 5.288127e-019 
0.000000e+000 1.619914e-059 1.401428e-028 1.853041e-025 8.756284e-021 
0.000000e+000 2.025145e-063 1.415360e-031 6.786962e-028 2.005448e-022 
0.000000e+000 2.531432e-065 1.143448e-033 1.669557e-029 3.320667e-024 
0.000000e+000 1.582738e-069 4.861958e-065 1.266196e-036 1.024090e-027 
0.000000e+000 1.978423e-071 3.930988e-067 3.109644e-038 1.695707e-029 
0.000000e+000 2.473029e-073 3.179644e-069 7.636959e-040 2.807782e-031 
0.000000e+000 3.091286e-075 2.573608e-071 1.875557e-041 4.649176e-033 
0.000000e+000 9.660268e-083 9.774379e-079 2.132484e-048 8.598144e-036 
0.000000e+000 1.207534e-084 7.915410e-081 5.237157e-050 1.423696e-037 
0.000000e+000 1.509417e-086 6.418287e-083 1.286191e-051 2.357382e-039 
0.000000e+000 4.716928e-094 2.444369e-090 1.462382e-058 4.359721e-042 
0.000000e+000 1.474040e-101 9.299817e-098 1.662709e-065 8.062828e-045 
0.000000e+000 1.842550e-104 3.969424e-129 1.008255e-067 3.236085e-046 
0.000000e+000 5.757969e-110 2.245608e-108 1.604922e-072 2.116225e-047 
0.000000e+000 1.799365e-117 1.376714e-115 1.824776e-079 3.913728e-050 
0.000000e+000 2.249206e-120 7.700527e-147 1.106531e-081 1.570808e-051 
0.000000e+000 7.028770e-128 2.055915e-126 1.258111e-088 2.905039e-054 
0.000000e+000 2.196491e-135 1.421038e-133 1.430456e-095 5.372552e-057 
0.000000e+000 6.864033e-143 7.389128e-141 1.626410e-102 9.935950e-060 
0.000000e+000 2.145010e-150 3.425641e-148 1.849207e-109 1.837546e-062 
0.000000e+000 6.703158e-158 1.493340e-155 2.102524e-116 3.398340e-065 
0.000000e+000 2.094737e-165 6.267912e-163 2.390542e-123 6.284860e-068 
0.000000e+000 6.546052e-173 2.565098e-170 2.718015e-130 1.162316e-070 
0.000000e+000 2.045641e-180 1.031225e-177 3.090347e-137 2.149577e-073 
0.000000e+000 6.392629e-188 4.092179e-185 3.513684e-144 3.975409e-076 
0.000000e+000 2.147524e-194 1.805609e-216 4.485630e-175 1.767317e-080 
0.000000e+000 7.214338e-201 2.204039e-224 5.726433e-206 7.856825e-085 
0.000000e+000 2.423567e-207 7.404192e-231 7.310464e-237 3.492848e-089 
0.000000e+000 8.141669e-214 2.487346e-237 7.479063e-261 1.552789e-093 
0.000000e+000 2.735092e-220 8.355927e-244 2.512498e-267 6.903113e-098 
0.000000e+000 1.710074e-224 2.807069e-250 5.011498e-250 2.128903e-101 
0.000000e+000 5.744780e-231 1.755077e-254 3.475231e-280 9.464302e-106 
0.000000e+000 1.511785e-262 8.751813e-239 1.772824e-284 1.369818e-108 
0.000000e+000 4.724327e-270 3.314267e-246 7.873398e-245 2.533328e-111 
0.000000e+000 1.587079e-276 1.409231e-277 1.339910e-275 1.126222e-115 
0.000000e+000 2.107901e-281 7.959608e-280 1.375254e-279 8.566638e-117 
0.000000e+000 3.326531e-287 2.305807e-285 1.744870e-284 3.937408e-118 
0.000000e+000 5.249682e-293 5.493895e-291 8.116539e-290 1.809716e-119 
0.000000e+000 6.972438e-298 1.399665e-295 1.180953e-293 1.376565e-120 
0.000000e+000 9.260541e-303 3.245989e-300 1.223921e-297 1.047087e-121 
0.000000e+000 3.110963e-309 0.000000e+000 0.000000e+000 4.654956e-126 
0.000000e+000 4.909489e-315 1.327020e-313 0.000000e+000 2.139516e-127 
0.000000e+000 6.520678e-320 5.200407e-318 9.948964e-317 1.627428e-128 
0.000000e+000 0.000000e+000 1.383384e-322 1.332495e-320 1.237907e-129 
0.000000e+000 0.000000e+000 0.000000e+000 0.000000e+000 9.416173e-131 
0.000000e+000 0.000000e+000 0.000000e+000 0.000000e+000 4.186075e-135 
0.000000e+000 0.000000e+000 0.000000e+000 0.000000e+000 1.860971e-139 
0.000000e+000 0.000000e+000 0.000000e+000 0.000000e+000 8.553417e-141 
0.000000e+000 0.000000e+000 0.000000e+000 0.000000e+000 3.931331e-142 
0.000000e+000 0.000000e+000 0.000000e+000 0.000000e+000 1.806923e-143 
0.000000e+000 0.000000e+000 0.000000e+000 0.000000e+000 8.032897e-148 
0.000000e+000 0.000000e+000 0.000000e+000 0.000000e+000 3.692089e-149 
0.000000e+000 0.000000e+000 0.000000e+000 0.000000e+000 1.696962e-150 
0.000000e+000 0.000000e+000 0.000000e+000 0.000000e+000 1.290798e-151 
0.000000e+000 0.000000e+000 0.000000e+000 0.000000e+000 5.932781e-153 
0.000000e+000 0.000000e+000 0.000000e+000 0.000000e+000 2.726832e-154 



P(O|lamda) = 8.008194e-283

3.750469e-004 0.000000e+000 0.000000e+000 0.000000e+000 0.000000e+000 
4.734967e-008 2.206160e-100 0.000000e+000 0.000000e+000 0.000000e+000 
2.367484e-011 8.329281e-101 4.421074e-104 0.000000e+000 0.000000e+000 
1.538864e-013 9.195992e-131 2.107609e-105 1.119084e-110 0.000000e+000 
1.619858e-043 3.368663e-107 2.107793e-108 6.327244e-109 2.562985e-114 
5.062056e-050 1.684332e-114 3.948544e-115 4.348772e-116 1.170179e-113 
5.328482e-080 3.369085e-118 8.160085e-118 1.707572e-118 1.340998e-116 
9.324843e-082 6.738170e-120 7.201906e-120 3.035556e-120 1.113052e-119 
9.815628e-112 1.347803e-123 8.887224e-123 5.807170e-123 1.344106e-122 
1.717735e-113 2.695605e-125 7.379362e-125 6.503483e-125 1.208954e-125 
2.147598e-116 2.696617e-129 6.781698e-155 2.087081e-132 3.869851e-130 
3.758297e-118 5.393234e-131 5.393250e-132 1.690539e-134 3.207340e-133 
6.577019e-120 1.078647e-132 1.510111e-133 1.105829e-134 2.683377e-136 
1.150978e-121 2.157293e-134 3.365393e-135 3.953704e-136 2.053210e-138 
3.596807e-128 1.078647e-141 3.284485e-142 4.637695e-143 7.501806e-141 
6.294413e-130 2.157293e-143 4.784896e-144 1.040764e-144 6.218491e-144 
1.101522e-131 4.314587e-145 8.142528e-146 1.811963e-146 5.320676e-147 
3.442257e-138 2.157293e-152 7.098373e-153 1.442848e-153 8.271036e-151 
1.075705e-144 1.078647e-159 4.684353e-160 1.206541e-160 7.650859e-155 
2.420337e-146 2.157293e-162 6.215556e-190 4.755258e-163 1.535370e-157 
1.593388e-148 1.078647e-167 2.696617e-168 2.496510e-168 5.020247e-160 
4.979339e-155 5.393234e-175 2.022463e-175 1.188999e-175 4.642201e-164 
1.120351e-156 1.078647e-177 2.838545e-205 3.389230e-178 9.315936e-167 
3.501098e-163 5.393234e-185 1.011231e-185 1.270961e-185 8.614406e-171 
1.094093e-169 2.696617e-192 8.848274e-193 5.714134e-193 7.965705e-175 
3.419041e-176 1.348308e-199 5.846181e-200 2.972326e-200 7.365853e-179 
1.068450e-182 6.741542e-207 3.456357e-207 1.662702e-207 6.811172e-183 
3.338907e-189 3.370771e-214 1.928153e-214 9.475466e-215 6.298262e-187 
1.043408e-195 1.685386e-221 1.039067e-221 5.360944e-222 5.823976e-191 
3.260651e-202 8.426928e-229 5.476551e-229 2.984479e-229 5.385405e-195 
1.018954e-208 4.213464e-236 2.843731e-236 1.632607e-236 4.979861e-199 
3.184230e-215 2.106732e-243 1.461411e-243 8.788273e-244 4.604856e-203 
4.020090e-219 1.132368e-249 1.674185e-273 1.047731e-273 1.023573e-208 
5.075364e-223 6.086480e-256 2.383934e-280 1.234760e-303 2.275210e-214 
6.407647e-227 3.271483e-262 1.281365e-286 5.018811e-311 5.057365e-220 
8.089654e-231 1.758422e-268 6.887336e-293 2.697611e-317 1.124157e-225 
1.021319e-234 9.451519e-275 3.701943e-299 1.482197e-323 2.498790e-231 
1.276904e-237 9.455065e-279 1.989794e-305 2.313714e-307 3.853104e-236 
1.612091e-241 5.082098e-285 1.990541e-309 0.000000e+000 8.564726e-242 
1.395339e-243 4.279663e-315 7.940778e-295 0.000000e+000 6.198085e-246 
4.360435e-250 2.124482e-322 2.977792e-302 7.444479e-303 5.731343e-250 
5.505050e-254 0.000000e+000 0.000000e+000 0.000000e+000 1.273970e-255 
1.052103e-254 0.000000e+000 0.000000e+000 0.000000e+000 4.845241e-258 
1.588310e-255 0.000000e+000 0.000000e+000 0.000000e+000 1.113488e-260 
2.397795e-256 0.000000e+000 0.000000e+000 0.000000e+000 2.558913e-263 
4.582569e-257 0.000000e+000 0.000000e+000 0.000000e+000 9.732216e-266 
8.758023e-258 0.000000e+000 0.000000e+000 0.000000e+000 3.701417e-268 
1.105700e-261 0.000000e+000 0.000000e+000 0.000000e+000 8.227553e-274 
1.669223e-262 0.000000e+000 0.000000e+000 0.000000e+000 1.890779e-276 
3.190152e-263 0.000000e+000 0.000000e+000 0.000000e+000 7.191128e-279 
6.096891e-264 0.000000e+000 0.000000e+000 0.000000e+000 2.734974e-281 
1.165213e-264 0.000000e+000 0.000000e+000 0.000000e+000 1.040182e-283 
1.471082e-268 0.000000e+000 0.000000e+000 0.000000e+000 2.312130e-289 
1.857241e-272 0.000000e+000 0.000000e+000 0.000000e+000 5.139430e-295 
2.803787e-273 0.000000e+000 0.000000e+000 0.000000e+000 1.181096e-297 
4.232743e-274 0.000000e+000 0.000000e+000 0.000000e+000 2.714283e-300 
6.389969e-275 0.000000e+000 0.000000e+000 0.000000e+000 6.237709e-303 
8.067336e-279 0.000000e+000 0.000000e+000 0.000000e+000 1.386526e-308 
1.217887e-279 0.000000e+000 0.000000e+000 0.000000e+000 3.186383e-311 
1.838586e-280 0.000000e+000 0.000000e+000 0.000000e+000 7.322645e-314 
3.513831e-281 0.000000e+000 0.000000e+000 0.000000e+000 2.784994e-316 
5.304662e-282 0.000000e+000 0.000000e+000 0.000000e+000 6.400225e-319 
8.008194e-283 0.000000e+000 0.000000e+000 0.000000e+000 1.472316e-321 



P(O|lamda) = 9.906435e-118

1.875234e-005 0.000000e+000 0.000000e+000 0.000000e+000 0.000000e+000 
5.918707e-012 5.984634e-013 0.000000e+000 0.000000e+000 0.000000e+000 
1.240463e-015 5.648698e-016 2.878325e-017 0.000000e+000 0.000000e+000 
3.121314e-018 6.005171e-017 2.721898e-017 1.337371e-018 0.000000e+000 
1.642797e-049 6.709983e-023 2.982467e-018 2.571517e-018 5.338363e-020 
4.106995e-052 2.683993e-025 2.110156e-020 5.317047e-019 5.266057e-020 
2.161577e-083 1.342164e-031 7.473237e-023 1.796124e-020 2.422977e-020 
9.456900e-088 6.710820e-036 2.669357e-025 2.769134e-024 1.500640e-022 
4.977318e-119 3.355829e-042 9.452043e-028 1.081467e-025 8.676011e-024 
2.177577e-123 1.677914e-046 3.376164e-030 1.690626e-029 3.569681e-026 
6.806288e-129 4.196359e-053 2.513661e-061 1.284469e-038 2.753114e-032 
2.977751e-133 2.098180e-057 2.034395e-054 1.955159e-042 1.122960e-034 
1.302766e-137 1.049090e-061 7.368351e-057 2.976051e-046 4.580408e-037 
5.699601e-142 5.245449e-066 2.632401e-059 4.530007e-050 1.868289e-039 
1.424901e-144 2.098180e-068 1.861915e-061 2.043068e-051 5.313182e-041 
6.233942e-149 1.049090e-072 6.650561e-064 3.109863e-055 2.167178e-043 
2.727349e-153 5.245449e-077 2.375506e-066 4.733688e-059 8.839636e-046 
6.818376e-156 2.098180e-079 1.680206e-068 2.134930e-060 2.513883e-047 
1.704595e-158 8.392719e-082 1.188418e-070 9.628700e-062 7.149171e-049 
4.357370e-161 1.682740e-084 8.848144e-102 2.898697e-063 3.094697e-051 
5.256078e-165 1.682742e-086 3.230866e-085 1.307337e-064 2.931373e-052 
1.314020e-167 6.730968e-089 3.900639e-087 5.896193e-066 8.336461e-054 
3.358964e-170 1.349559e-091 3.584331e-118 1.775035e-067 3.608645e-056 
8.397413e-173 5.398237e-094 1.295577e-092 8.005544e-069 1.026254e-057 
2.099354e-175 2.159295e-096 1.434598e-094 3.610562e-070 2.918539e-059 
5.248387e-178 8.637179e-099 1.221990e-096 1.628391e-071 8.299962e-061 
1.312097e-180 3.454871e-101 9.472362e-099 7.344170e-073 2.360406e-062 
3.280245e-183 1.381949e-103 7.031513e-101 3.312277e-074 6.712703e-064 
8.200615e-186 5.527794e-106 5.106088e-103 1.493862e-075 1.909009e-065 
2.050154e-188 2.211118e-108 3.664627e-105 6.737435e-077 5.428986e-067 
5.125388e-191 8.844471e-111 2.613234e-107 3.038635e-078 1.543936e-068 
1.281348e-193 3.537788e-113 1.856843e-109 1.370448e-079 4.390763e-070 
4.044253e-200 4.753903e-122 1.386053e-140 4.337423e-110 1.822252e-072 
1.276467e-206 6.388057e-131 4.803946e-152 1.372780e-140 7.562699e-075 
4.028850e-213 8.583952e-140 6.455303e-161 4.344805e-171 3.138667e-077 
1.271606e-219 1.153469e-148 8.674313e-170 6.314440e-191 1.302608e-079 
4.013506e-226 1.549973e-157 1.165611e-178 8.485029e-200 5.406074e-082 
1.254472e-231 3.876387e-164 1.566290e-187 1.692448e-187 4.168052e-088 
3.959426e-238 5.208895e-173 3.917192e-194 2.067765e-217 1.729822e-090 
3.060624e-240 2.193220e-204 1.953335e-183 3.831715e-224 2.405683e-092 
7.651564e-243 8.772879e-207 1.381603e-185 2.722763e-184 6.841464e-094 
2.415025e-249 1.178856e-215 1.028647e-216 9.968910e-215 2.839340e-096 
8.700827e-252 6.262854e-223 1.459314e-221 6.041177e-221 5.472729e-097 
1.506617e-254 3.953427e-231 1.786546e-229 1.487113e-228 1.111107e-097 
2.608828e-257 2.495601e-239 1.797208e-237 2.874147e-236 2.255839e-098 
9.399058e-260 1.325827e-246 1.935650e-244 2.014111e-242 4.348051e-099 
3.386283e-262 7.043661e-254 1.917228e-251 1.217966e-248 8.380715e-100 
1.068796e-268 9.464921e-263 1.498615e-282 3.873578e-279 3.478159e-102 
1.850705e-271 5.974892e-271 9.938167e-270 5.465945e-287 7.061575e-103 
6.667700e-274 2.652563e-277 1.635542e-276 1.803829e-275 1.361094e-103 
2.402232e-276 8.413151e-280 4.744836e-283 1.356200e-281 2.623461e-104 
8.654739e-279 3.031075e-282 1.034861e-285 8.825807e-288 5.056629e-105 
2.731652e-285 2.762120e-286 3.063060e-312 1.015072e-315 2.098599e-107 
8.621777e-292 8.754927e-293 2.791196e-316 0.000000e+000 8.709593e-110 
1.492929e-294 1.298119e-298 9.192674e-300 9.881313e-324 1.768276e-110 
2.585126e-297 2.238236e-301 1.370137e-305 4.004283e-307 3.590063e-111 
4.476350e-300 3.875683e-304 2.350158e-308 6.024686e-313 7.288768e-112 
1.412848e-306 1.428590e-307 0.000000e+000 0.000000e+000 3.024980e-114 
2.446459e-309 2.127186e-313 1.500020e-314 0.000000e+000 6.141502e-115 
4.236238e-312 3.667790e-316 2.245034e-320 6.521667e-322 1.246886e-115 
1.526228e-314 5.345118e-318 4.495997e-322 0.000000e+000 2.403329e-116 
2.642784e-317 2.287524e-321 0.000000e+000 0.000000e+000 4.879387e-117 
4.576036e-320 4.940656e-324 0.000000e+000 0.000000e+000 9.906435e-118 



P(O|lamda) = 5.789343e-174

9.376172e-007 0.000000e+000 0.000000e+000 0.000000e+000 0.000000e+000 
2.959354e-014 1.417414e-015 0.000000e+000 0.000000e+000 0.000000e+000 
6.202312e-019 1.337849e-019 3.266521e-021 0.000000e+000 0.000000e+000 
1.560657e-022 2.986782e-020 6.475571e-021 7.513008e-024 0.000000e+000 
1.642797e-053 1.581376e-027 7.007860e-023 2.981555e-023 2.627045e-026 
4.106995e-057 6.325503e-031 2.803871e-026 5.166319e-025 3.615970e-026 
4.323154e-088 3.163147e-038 5.616209e-030 5.116041e-028 1.954884e-027 
1.891380e-093 1.581573e-043 1.134474e-033 2.047060e-033 4.875848e-031 
1.990927e-124 7.908855e-051 2.271785e-037 6.738201e-036 2.008177e-033 
8.710306e-130 3.954427e-056 4.589005e-041 3.052914e-041 4.107256e-037 
2.722515e-136 9.889776e-064 3.864427e-072 3.651280e-051 1.583435e-044 
1.191100e-141 4.944888e-069 2.297395e-066 1.367629e-056 3.229313e-048 
5.211064e-147 2.472444e-074 4.755608e-070 5.122613e-062 6.585975e-052 
2.279841e-152 1.236222e-079 9.612071e-074 1.918734e-067 1.343167e-055 
5.699604e-156 4.944888e-083 3.844885e-077 2.129437e-070 1.909900e-058 
2.493577e-161 2.472444e-088 7.766783e-081 7.976062e-076 3.895116e-062 
1.090940e-166 1.236222e-093 1.568891e-084 2.987707e-081 7.943837e-066 
2.727350e-170 4.944888e-097 6.275563e-088 3.326613e-084 1.129564e-068 
6.818379e-174 1.977955e-100 2.510225e-091 3.696240e-087 1.606170e-071 
1.742948e-177 3.965800e-104 2.113875e-122 2.739324e-090 3.476354e-075 
2.102431e-182 3.965806e-107 3.648543e-106 3.040137e-093 1.646444e-077 
5.256080e-186 1.586323e-110 3.283688e-109 3.373975e-096 2.341141e-080 
1.343585e-189 3.180577e-114 4.301441e-140 2.499435e-099 5.067105e-084 
3.358965e-193 1.272231e-117 1.463065e-116 2.773899e-102 7.205109e-087 
8.397416e-197 5.088923e-121 1.170452e-119 3.078501e-105 1.024522e-089 
2.099355e-200 2.035569e-124 7.022714e-123 3.416552e-108 1.456806e-092 
5.248389e-204 8.142277e-128 3.745447e-126 3.791725e-111 2.071489e-095 
1.312098e-207 3.256911e-131 1.872724e-129 4.208095e-114 2.945528e-098 
3.280246e-211 1.302764e-134 8.989073e-133 4.670187e-117 4.188359e-101 
8.200618e-215 5.211057e-138 4.194901e-136 5.183021e-120 5.955586e-104 
2.050155e-218 2.084423e-141 1.917669e-139 5.752170e-123 8.468474e-107 
5.125390e-222 8.337691e-145 8.629510e-143 6.383817e-126 1.204165e-109 
1.617701e-229 1.120378e-154 8.074399e-174 9.943619e-157 3.438604e-112 
5.105870e-237 1.505508e-164 1.084998e-184 1.548847e-187 9.819253e-115 
1.611540e-244 2.023027e-174 1.457966e-194 1.050976e-214 2.803979e-117 
5.086423e-252 2.718443e-184 1.959142e-204 1.411926e-224 8.007023e-120 
1.605402e-259 3.652909e-194 2.632598e-214 1.897276e-234 2.286480e-122 
5.017886e-266 9.135697e-202 3.537555e-224 1.892180e-224 8.814311e-130 
1.583770e-273 1.227610e-211 8.847205e-232 3.720576e-254 2.517009e-132 
1.224250e-276 1.033777e-242 2.205861e-223 8.567823e-262 1.750216e-135 
3.060626e-280 4.135108e-246 8.823445e-227 1.522044e-225 2.488699e-138 
9.660101e-288 5.556553e-256 7.430272e-258 3.225262e-256 7.106710e-141 
3.480332e-291 2.952005e-264 3.278701e-263 5.328491e-264 1.993659e-142 
6.026473e-295 1.863453e-273 2.919660e-272 7.254500e-272 1.244173e-143 
1.043532e-298 1.176305e-282 2.214901e-281 8.811491e-281 7.764452e-145 
3.759626e-302 6.249304e-291 1.828422e-289 3.263399e-288 2.178176e-146 
1.354514e-305 3.320040e-299 1.305384e-297 6.358802e-296 6.110480e-148 
4.275186e-313 4.461326e-309 0.000000e+000 0.000000e+000 1.744904e-150 
7.402827e-317 2.819247e-318 2.244604e-317 0.000000e+000 1.088934e-151 
2.666966e-320 4.940656e-324 0.000000e+000 0.000000e+000 3.054807e-153 
9.881313e-324 0.000000e+000 0.000000e+000 0.000000e+000 8.569709e-155 
0.000000e+000 0.000000e+000 0.000000e+000 0.000000e+000 2.404077e-156 
0.000000e+000 0.000000e+000 0.000000e+000 0.000000e+000 6.865065e-159 
0.000000e+000 0.000000e+000 0.000000e+000 0.000000e+000 1.960383e-161 
0.000000e+000 0.000000e+000 0.000000e+000 0.000000e+000 1.223407e-162 
0.000000e+000 0.000000e+000 0.000000e+000 0.000000e+000 7.634857e-164 
0.000000e+000 0.000000e+000 0.000000e+000 0.000000e+000 4.764648e-165 
0.000000e+000 0.000000e+000 0.000000e+000 0.000000e+000 1.360590e-167 
0.000000e+000 0.000000e+000 0.000000e+000 0.000000e+000 8.490966e-169 
0.000000e+000 0.000000e+000 0.000000e+000 0.000000e+000 5.298917e-170 
0.000000e+000 0.000000e+000 0.000000e+000 0.000000e+000 1.486515e-171 
0.000000e+000 0.000000e+000 0.000000e+000 0.000000e+000 9.276824e-173 
0.000000e+000 0.000000e+000 0.000000e+000 0.000000e+000 5.789343e-174 



P(O|lamda) = 1.733545e-167

4.688086e-008 0.000000e+000 0.000000e+000 0.000000e+000 0.000000e+000 
1.492057e-098 3.937260e-018 0.000000e+000 0.000000e+000 0.000000e+000 
3.153266e-186 2.455160e-026 4.808381e-025 0.000000e+000 0.000000e+000 
8.000790e-273 1.606949e-030 9.431334e-029 5.860620e-029 0.000000e+000 
0.000000e+000 2.003389e-033 1.964152e-031 2.500564e-032 2.263724e-031 
0.000000e+000 2.510120e-036 1.712716e-036 7.309692e-035 5.135715e-034 
0.000000e+000 3.129375e-039 1.248235e-037 2.909786e-039 2.579018e-036 
0.000000e+000 7.803045e-042 7.781677e-043 6.105538e-039 3.260782e-038 
0.000000e+000 9.728086e-045 3.823490e-043 2.083356e-043 1.694043e-040 
0.000000e+000 2.425682e-047 2.401154e-048 2.006071e-044 2.142051e-042 
0.000000e+000 9.453872e-057 2.495987e-077 1.068701e-056 4.162169e-051 
0.000000e+000 2.357307e-059 1.163791e-060 7.281402e-059 5.257327e-053 
0.000000e+000 5.877906e-062 2.905558e-063 5.528455e-061 6.640637e-055 
0.000000e+000 1.465646e-064 7.244971e-066 3.908374e-063 8.387921e-057 
0.000000e+000 1.836362e-067 3.577270e-068 2.023617e-067 1.737221e-059 
0.000000e+000 4.578937e-070 2.271860e-071 3.122837e-069 2.194316e-061 
0.000000e+000 1.141750e-072 5.643918e-074 2.238453e-071 2.771683e-063 
0.000000e+000 1.430541e-075 2.786723e-076 1.164456e-075 5.740424e-066 
0.000000e+000 1.792377e-078 3.504549e-079 1.613985e-079 1.188897e-068 
0.000000e+000 8.943845e-081 4.391059e-079 5.464743e-080 1.743961e-070 
0.000000e+000 2.244002e-083 2.960264e-081 1.090642e-079 7.187275e-072 
0.000000e+000 2.811591e-086 2.392298e-086 6.655453e-084 1.488554e-074 
0.000000e+000 1.402966e-088 7.002842e-087 1.397656e-085 2.183520e-076 
0.000000e+000 1.757828e-091 7.785193e-092 9.702417e-090 4.522282e-079 
0.000000e+000 2.202446e-094 4.333523e-095 5.242467e-094 9.366085e-082 
0.000000e+000 2.759525e-097 5.395839e-098 4.263380e-098 1.939807e-084 
0.000000e+000 3.457510e-100 6.760433e-101 2.190840e-101 4.017529e-087 
0.000000e+000 4.332041e-103 8.470392e-104 2.583899e-104 8.320692e-090 
0.000000e+000 5.427772e-106 1.061286e-106 3.229230e-107 1.723296e-092 
0.000000e+000 6.800654e-109 1.329724e-109 4.045600e-110 3.569113e-095 
0.000000e+000 8.520788e-112 1.666060e-112 5.068858e-113 7.391979e-098 
0.000000e+000 1.067601e-114 2.087468e-115 6.350956e-116 1.530951e-100 
0.000000e+000 2.235632e-126 1.101249e-144 2.233642e-145 2.185887e-104 
0.000000e+000 4.681573e-138 2.294620e-156 1.162344e-174 3.121002e-108 
0.000000e+000 9.803550e-150 4.805099e-168 2.355165e-186 4.456158e-112 
0.000000e+000 2.052934e-161 1.006222e-179 4.931885e-198 6.362489e-116 
0.000000e+000 4.298990e-173 2.107101e-191 1.032772e-209 9.084343e-120 
0.000000e+000 1.675492e-182 4.412421e-203 8.025635e-203 1.750993e-128 
0.000000e+000 3.508600e-194 1.719700e-212 5.680001e-233 2.500063e-132 
0.000000e+000 9.208807e-226 3.340933e-207 1.765076e-242 2.242148e-135 
0.000000e+000 1.153805e-228 2.082576e-212 1.221611e-210 4.643707e-138 
0.000000e+000 2.416150e-240 5.466010e-244 1.965968e-241 6.630271e-142 
0.000000e+000 2.000362e-250 7.546304e-249 1.334128e-250 1.014467e-142 
0.000000e+000 2.493858e-253 1.916043e-251 3.688162e-250 3.604268e-143 
0.000000e+000 3.109100e-256 3.604574e-254 3.446934e-252 1.280549e-143 
0.000000e+000 2.574064e-266 3.849914e-264 2.465121e-261 1.959309e-144 
0.000000e+000 2.131101e-276 3.878754e-274 1.658556e-270 2.997848e-145 
0.000000e+000 4.462679e-288 1.236766e-305 2.382927e-301 4.280319e-149 
0.000000e+000 5.563635e-291 2.175703e-289 1.624127e-303 1.520741e-149 
0.000000e+000 4.606206e-301 3.475333e-299 1.035908e-297 2.326816e-150 
0.000000e+000 3.813538e-311 4.214278e-309 8.547347e-307 3.560154e-151 
0.000000e+000 3.157079e-321 4.556866e-319 5.887829e-316 5.447227e-152 
0.000000e+000 0.000000e+000 0.000000e+000 0.000000e+000 7.777535e-156 
0.000000e+000 0.000000e+000 0.000000e+000 0.000000e+000 1.110474e-159 
0.000000e+000 0.000000e+000 0.000000e+000 0.000000e+000 3.945368e-160 
0.000000e+000 0.000000e+000 0.000000e+000 0.000000e+000 1.401737e-160 
0.000000e+000 0.000000e+000 0.000000e+000 0.000000e+000 4.980187e-161 
0.000000e+000 0.000000e+000 0.000000e+000 0.000000e+000 7.110696e-165 
0.000000e+000 0.000000e+000 0.000000e+000 0.000000e+000 2.526336e-165 
0.000000e+000 0.000000e+000 0.000000e+000 0.000000e+000 8.975740e-166 
0.000000e+000 0.000000e+000 0.000000e+000 0.000000e+000 1.373337e-166 
0.000000e+000 0.000000e+000 0.000000e+000 0.000000e+000 4.879284e-167 
0.000000e+000 0.000000e+000 0.000000e+000 0.000000e+000 1.733545e-167 



Max probability = 1.923487e-065

Utterance recognised as 1