11	11	3	3	10	3	10	2	2	3	4	3	3	20	11	11	19	19	11	11	11	19	19	19	4	20	4	10	19	10	10	20	4	3	20	4	3	19	4	3	11	11	3	4	4	12	4	12	12	28	28	12	12	12	12	28	28	12	12	12	12	28	28	28	12	12	28	28	28	28	28	28	28	28	

P(O|lamda) = 2.976155e-200

1.000000e-030 0.000000e+000 0.000000e+000 0.000000e+000 0.000000e+000 
2.571063e-062 9.742894e-061 0.000000e+000 0.000000e+000 0.000000e+000 
6.610365e-094 6.205654e-092 9.372825e-091 0.000000e+000 0.000000e+000 
1.699566e-125 3.001167e-123 1.814560e-121 8.155259e-121 0.000000e+000 
2.184846e-128 6.527682e-126 2.645899e-152 1.700981e-122 6.149626e-122 
5.617377e-160 2.692311e-157 6.279737e-156 3.802566e-153 1.822298e-123 
7.221315e-163 5.386822e-160 1.074767e-186 4.277665e-155 1.769773e-124 
1.856646e-194 2.116462e-191 5.182211e-190 9.562779e-186 2.011107e-127 
4.773553e-226 8.219959e-223 8.767960e-221 2.138224e-216 2.285349e-130 
1.227311e-257 3.168739e-254 1.218069e-251 4.780792e-247 5.574821e-132 
3.155493e-289 1.215556e-285 1.612801e-282 1.068859e-277 4.606652e-133 
8.112558e-321 4.647856e-317 2.106784e-313 2.389589e-308 1.123735e-134 
0.000000e+000 0.000000e+000 0.000000e+000 0.000000e+000 2.741209e-136 
0.000000e+000 0.000000e+000 0.000000e+000 0.000000e+000 3.076859e-137 
0.000000e+000 0.000000e+000 0.000000e+000 0.000000e+000 2.512961e-139 
0.000000e+000 0.000000e+000 0.000000e+000 0.000000e+000 2.052409e-141 
0.000000e+000 0.000000e+000 0.000000e+000 0.000000e+000 1.183564e-142 
0.000000e+000 0.000000e+000 0.000000e+000 0.000000e+000 6.825264e-144 
0.000000e+000 0.000000e+000 0.000000e+000 0.000000e+000 5.574394e-146 
0.000000e+000 0.000000e+000 0.000000e+000 0.000000e+000 4.552771e-148 
0.000000e+000 0.000000e+000 0.000000e+000 0.000000e+000 3.718382e-150 
0.000000e+000 0.000000e+000 0.000000e+000 0.000000e+000 2.144281e-151 
0.000000e+000 0.000000e+000 0.000000e+000 0.000000e+000 1.236544e-152 
0.000000e+000 0.000000e+000 0.000000e+000 0.000000e+000 7.130783e-154 
0.000000e+000 0.000000e+000 0.000000e+000 0.000000e+000 5.892392e-155 
0.000000e+000 0.000000e+000 0.000000e+000 0.000000e+000 6.613892e-156 
0.000000e+000 0.000000e+000 0.000000e+000 0.000000e+000 5.465269e-157 
0.000000e+000 0.000000e+000 0.000000e+000 0.000000e+000 5.307741e-158 
0.000000e+000 0.000000e+000 0.000000e+000 0.000000e+000 3.060818e-159 
0.000000e+000 0.000000e+000 0.000000e+000 0.000000e+000 2.972595e-160 
0.000000e+000 0.000000e+000 0.000000e+000 0.000000e+000 2.886915e-161 
0.000000e+000 0.000000e+000 0.000000e+000 0.000000e+000 3.240406e-162 
0.000000e+000 0.000000e+000 0.000000e+000 0.000000e+000 2.677650e-163 
0.000000e+000 0.000000e+000 0.000000e+000 0.000000e+000 6.531791e-165 
0.000000e+000 0.000000e+000 0.000000e+000 0.000000e+000 7.331582e-166 
0.000000e+000 0.000000e+000 0.000000e+000 0.000000e+000 6.058319e-167 
0.000000e+000 0.000000e+000 0.000000e+000 0.000000e+000 1.477851e-168 
0.000000e+000 0.000000e+000 0.000000e+000 0.000000e+000 8.522328e-170 
0.000000e+000 0.000000e+000 0.000000e+000 0.000000e+000 7.042270e-171 
0.000000e+000 0.000000e+000 0.000000e+000 0.000000e+000 1.717873e-172 
0.000000e+000 0.000000e+000 0.000000e+000 0.000000e+000 1.403037e-174 
0.000000e+000 0.000000e+000 0.000000e+000 0.000000e+000 1.145902e-176 
0.000000e+000 0.000000e+000 0.000000e+000 0.000000e+000 2.795283e-178 
0.000000e+000 0.000000e+000 0.000000e+000 0.000000e+000 2.309831e-179 
0.000000e+000 0.000000e+000 0.000000e+000 0.000000e+000 1.908687e-180 
0.000000e+000 0.000000e+000 0.000000e+000 0.000000e+000 4.881027e-181 
0.000000e+000 0.000000e+000 0.000000e+000 0.000000e+000 4.033348e-182 
0.000000e+000 0.000000e+000 0.000000e+000 0.000000e+000 1.031436e-182 
0.000000e+000 0.000000e+000 0.000000e+000 0.000000e+000 2.637660e-183 
0.000000e+000 0.000000e+000 0.000000e+000 0.000000e+000 4.855085e-184 
0.000000e+000 0.000000e+000 0.000000e+000 0.000000e+000 8.936654e-185 
0.000000e+000 0.000000e+000 0.000000e+000 0.000000e+000 2.285344e-185 
0.000000e+000 0.000000e+000 0.000000e+000 0.000000e+000 5.844241e-186 
0.000000e+000 0.000000e+000 0.000000e+000 0.000000e+000 1.494530e-186 
0.000000e+000 0.000000e+000 0.000000e+000 0.000000e+000 3.821917e-187 
0.000000e+000 0.000000e+000 0.000000e+000 0.000000e+000 7.034923e-188 
0.000000e+000 0.000000e+000 0.000000e+000 0.000000e+000 1.294903e-188 
0.000000e+000 0.000000e+000 0.000000e+000 0.000000e+000 3.311418e-189 
0.000000e+000 0.000000e+000 0.000000e+000 0.000000e+000 8.468189e-190 
0.000000e+000 0.000000e+000 0.000000e+000 0.000000e+000 2.165545e-190 
0.000000e+000 0.000000e+000 0.000000e+000 0.000000e+000 5.537882e-191 
0.000000e+000 0.000000e+000 0.000000e+000 0.000000e+000 1.019346e-191 
0.000000e+000 0.000000e+000 0.000000e+000 0.000000e+000 1.876289e-192 
0.000000e+000 0.000000e+000 0.000000e+000 0.000000e+000 3.453647e-193 
0.000000e+000 0.000000e+000 0.000000e+000 0.000000e+000 8.831907e-194 
0.000000e+000 0.000000e+000 0.000000e+000 0.000000e+000 2.258557e-194 
0.000000e+000 0.000000e+000 0.000000e+000 0.000000e+000 4.157279e-195 
0.000000e+000 0.000000e+000 0.000000e+000 0.000000e+000 7.652215e-196 
0.000000e+000 0.000000e+000 0.000000e+000 0.000000e+000 1.408527e-196 
0.000000e+000 0.000000e+000 0.000000e+000 0.000000e+000 2.592646e-197 
0.000000e+000 0.000000e+000 0.000000e+000 0.000000e+000 4.772230e-198 
0.000000e+000 0.000000e+000 0.000000e+000 0.000000e+000 8.784143e-199 
0.000000e+000 0.000000e+000 0.000000e+000 0.000000e+000 1.616879e-199 
0.000000e+000 0.000000e+000 0.000000e+000 0.000000e+000 2.976155e-200 



P(O|lamda) = 3.313811e-179

1.050000e-030 0.000000e+000 0.000000e+000 0.000000e+000 0.000000e+000 
8.711110e-182 2.100000e-031 0.000000e+000 0.000000e+000 0.000000e+000 
0.000000e+000 3.852230e-147 2.205000e-061 0.000000e+000 0.000000e+000 
0.000000e+000 7.066512e-263 5.788125e-093 2.257369e-091 0.000000e+000 
0.000000e+000 0.000000e+000 1.519383e-124 1.035809e-094 1.604965e-093 
0.000000e+000 0.000000e+000 3.988380e-156 1.724311e-125 1.285954e-094 
0.000000e+000 0.000000e+000 1.046950e-187 6.834429e-129 1.086566e-096 
0.000000e+000 0.000000e+000 2.748243e-219 1.137727e-159 1.193577e-099 
0.000000e+000 0.000000e+000 7.214138e-251 1.893973e-190 1.311126e-102 
0.000000e+000 0.000000e+000 1.893711e-282 3.152896e-221 9.964092e-104 
0.000000e+000 0.000000e+000 4.970992e-314 2.499345e-223 2.190480e-105 
0.000000e+000 0.000000e+000 0.000000e+000 4.160658e-254 1.664687e-106 
0.000000e+000 0.000000e+000 0.000000e+000 6.926245e-285 1.265102e-107 
0.000000e+000 0.000000e+000 0.000000e+000 3.294319e-286 2.698313e-109 
0.000000e+000 0.000000e+000 0.000000e+000 7.834358e-288 3.014164e-110 
0.000000e+000 0.000000e+000 0.000000e+000 1.863122e-289 3.366987e-111 
0.000000e+000 0.000000e+000 0.000000e+000 7.384613e-291 1.502852e-112 
0.000000e+000 0.000000e+000 0.000000e+000 2.926943e-292 6.707967e-114 
0.000000e+000 0.000000e+000 0.000000e+000 6.960686e-294 7.493168e-115 
0.000000e+000 0.000000e+000 0.000000e+000 1.655350e-295 8.370281e-116 
0.000000e+000 0.000000e+000 0.000000e+000 3.936657e-297 9.350064e-117 
0.000000e+000 0.000000e+000 0.000000e+000 1.560322e-298 4.173394e-118 
0.000000e+000 0.000000e+000 0.000000e+000 6.184444e-300 1.862791e-119 
0.000000e+000 0.000000e+000 0.000000e+000 2.451248e-301 8.314553e-121 
0.000000e+000 0.000000e+000 0.000000e+000 1.943138e-303 1.827850e-122 
0.000000e+000 0.000000e+000 0.000000e+000 9.242118e-305 3.898586e-124 
0.000000e+000 0.000000e+000 0.000000e+000 7.326357e-307 8.570549e-126 
0.000000e+000 0.000000e+000 0.000000e+000 2.903853e-310 7.241685e-128 
0.000000e+000 0.000000e+000 0.000000e+000 1.150962e-311 3.232320e-129 
0.000000e+000 0.000000e+000 0.000000e+000 4.561920e-315 2.731149e-131 
0.000000e+000 0.000000e+000 0.000000e+000 1.808147e-318 2.307684e-133 
0.000000e+000 0.000000e+000 0.000000e+000 8.600201e-320 4.922015e-135 
0.000000e+000 0.000000e+000 0.000000e+000 6.818106e-322 1.082043e-136 
0.000000e+000 0.000000e+000 0.000000e+000 0.000000e+000 8.223140e-138 
0.000000e+000 0.000000e+000 0.000000e+000 0.000000e+000 1.753898e-139 
0.000000e+000 0.000000e+000 0.000000e+000 0.000000e+000 3.855724e-141 
0.000000e+000 0.000000e+000 0.000000e+000 0.000000e+000 2.930212e-142 
0.000000e+000 0.000000e+000 0.000000e+000 0.000000e+000 1.307898e-143 
0.000000e+000 0.000000e+000 0.000000e+000 0.000000e+000 2.875249e-145 
0.000000e+000 0.000000e+000 0.000000e+000 0.000000e+000 2.185086e-146 
0.000000e+000 0.000000e+000 0.000000e+000 0.000000e+000 2.440862e-147 
0.000000e+000 0.000000e+000 0.000000e+000 0.000000e+000 2.726577e-148 
0.000000e+000 0.000000e+000 0.000000e+000 0.000000e+000 2.072101e-149 
0.000000e+000 0.000000e+000 0.000000e+000 0.000000e+000 4.555253e-151 
0.000000e+000 0.000000e+000 0.000000e+000 0.000000e+000 1.001415e-152 
0.000000e+000 0.000000e+000 0.000000e+000 0.000000e+000 1.376378e-153 
0.000000e+000 0.000000e+000 0.000000e+000 0.000000e+000 3.025793e-155 
0.000000e+000 0.000000e+000 0.000000e+000 0.000000e+000 4.158750e-156 
0.000000e+000 0.000000e+000 0.000000e+000 0.000000e+000 5.715923e-157 
0.000000e+000 0.000000e+000 0.000000e+000 0.000000e+000 7.066756e-158 
0.000000e+000 0.000000e+000 0.000000e+000 0.000000e+000 8.736828e-159 
0.000000e+000 0.000000e+000 0.000000e+000 0.000000e+000 1.200819e-159 
0.000000e+000 0.000000e+000 0.000000e+000 0.000000e+000 1.650445e-160 
0.000000e+000 0.000000e+000 0.000000e+000 0.000000e+000 2.268426e-161 
0.000000e+000 0.000000e+000 0.000000e+000 0.000000e+000 3.117799e-162 
0.000000e+000 0.000000e+000 0.000000e+000 0.000000e+000 3.854622e-163 
0.000000e+000 0.000000e+000 0.000000e+000 0.000000e+000 4.765577e-164 
0.000000e+000 0.000000e+000 0.000000e+000 0.000000e+000 6.549967e-165 
0.000000e+000 0.000000e+000 0.000000e+000 0.000000e+000 9.002490e-166 
0.000000e+000 0.000000e+000 0.000000e+000 0.000000e+000 1.237332e-166 
0.000000e+000 0.000000e+000 0.000000e+000 0.000000e+000 1.700630e-167 
0.000000e+000 0.000000e+000 0.000000e+000 0.000000e+000 2.102536e-168 
0.000000e+000 0.000000e+000 0.000000e+000 0.000000e+000 2.599425e-169 
0.000000e+000 0.000000e+000 0.000000e+000 0.000000e+000 3.213741e-170 
0.000000e+000 0.000000e+000 0.000000e+000 0.000000e+000 4.417072e-171 
0.000000e+000 0.000000e+000 0.000000e+000 0.000000e+000 6.070970e-172 
0.000000e+000 0.000000e+000 0.000000e+000 0.000000e+000 7.505710e-173 
0.000000e+000 0.000000e+000 0.000000e+000 0.000000e+000 9.279519e-174 
0.000000e+000 0.000000e+000 0.000000e+000 0.000000e+000 1.147253e-174 
0.000000e+000 0.000000e+000 0.000000e+000 0.000000e+000 1.418381e-175 
0.000000e+000 0.000000e+000 0.000000e+000 0.000000e+000 1.753584e-176 
0.000000e+000 0.000000e+000 0.000000e+000 0.000000e+000 2.168005e-177 
0.000000e+000 0.000000e+000 0.000000e+000 0.000000e+000 2.680365e-178 
0.000000e+000 0.000000e+000 0.000000e+000 0.000000e+000 3.313811e-179 



P(O|lamda) = 3.080075e-126

5.000000e-002 0.000000e+000 0.000000e+000 0.000000e+000 0.000000e+000 
1.484795e-005 4.970304e-004 0.000000e+000 0.000000e+000 0.000000e+000 
9.281434e-038 1.864158e-035 5.200176e-034 0.000000e+000 0.000000e+000 
5.801812e-070 2.136352e-067 4.399812e-065 2.483725e-035 0.000000e+000 
4.307251e-076 2.306942e-073 2.295958e-096 4.827166e-040 6.936792e-038 
2.692457e-108 1.892712e-105 2.413635e-103 3.752675e-042 4.154984e-040 
1.998873e-114 1.739703e-111 1.334919e-134 7.293395e-047 1.384571e-042 
1.249493e-146 1.296618e-143 1.820162e-141 1.193522e-077 7.604992e-047 
7.810565e-179 9.412423e-176 9.930093e-173 1.953131e-108 4.176984e-051 
4.882374e-211 6.700873e-208 4.775848e-204 1.518379e-110 2.487303e-053 
3.051966e-243 4.699525e-240 4.288033e-206 4.780616e-112 1.613625e-054 
1.907780e-275 3.256978e-272 2.019792e-237 3.716487e-114 9.608785e-057 
1.192551e-307 2.235534e-304 9.513822e-269 2.889224e-116 5.721822e-059 
0.000000e+000 1.627055e-307 1.351839e-270 7.412146e-118 1.676457e-059 
0.000000e+000 9.663370e-312 4.537459e-274 8.643387e-121 9.367227e-061 
0.000000e+000 5.739249e-316 1.523001e-277 1.007915e-123 5.233950e-062 
0.000000e+000 1.704526e-320 1.192792e-280 2.546572e-125 4.973890e-063 
0.000000e+000 0.000000e+000 9.341767e-284 6.434104e-127 4.726751e-064 
0.000000e+000 0.000000e+000 3.135571e-287 7.502881e-130 2.641078e-065 
0.000000e+000 0.000000e+000 1.052457e-290 8.749194e-133 1.475706e-066 
0.000000e+000 0.000000e+000 3.532578e-294 1.020253e-135 8.245526e-068 
0.000000e+000 0.000000e+000 2.766662e-297 2.577746e-137 7.835829e-069 
0.000000e+000 0.000000e+000 2.166809e-300 6.512867e-139 7.446489e-070 
0.000000e+000 0.000000e+000 1.697012e-303 1.645524e-140 7.076494e-071 
0.000000e+000 0.000000e+000 1.518942e-305 5.180934e-142 4.590839e-072 
0.000000e+000 0.000000e+000 2.158297e-307 1.329140e-143 1.345087e-072 
0.000000e+000 0.000000e+000 1.931824e-309 4.184798e-145 8.726180e-074 
0.000000e+000 0.000000e+000 0.000000e+000 8.133233e-150 2.885826e-076 
0.000000e+000 0.000000e+000 0.000000e+000 2.054922e-151 2.742438e-077 
0.000000e+000 0.000000e+000 0.000000e+000 3.993779e-156 9.069488e-080 
0.000000e+000 0.000000e+000 0.000000e+000 7.761984e-161 2.999361e-082 
0.000000e+000 0.000000e+000 0.000000e+000 1.991294e-162 8.787937e-083 
0.000000e+000 0.000000e+000 0.000000e+000 6.269591e-164 5.701129e-084 
0.000000e+000 0.000000e+000 0.000000e+000 4.874027e-166 3.394898e-086 
0.000000e+000 0.000000e+000 0.000000e+000 1.250405e-167 9.946834e-087 
0.000000e+000 0.000000e+000 0.000000e+000 3.936899e-169 6.452958e-088 
0.000000e+000 0.000000e+000 0.000000e+000 3.060575e-171 3.842596e-090 
0.000000e+000 0.000000e+000 0.000000e+000 7.732771e-173 3.651668e-091 
0.000000e+000 0.000000e+000 0.000000e+000 2.434663e-174 2.369001e-092 
0.000000e+000 0.000000e+000 0.000000e+000 1.892725e-176 1.410688e-094 
0.000000e+000 0.000000e+000 0.000000e+000 2.207128e-179 7.882240e-096 
0.000000e+000 0.000000e+000 0.000000e+000 2.573757e-182 4.404212e-097 
0.000000e+000 0.000000e+000 0.000000e+000 2.000858e-184 2.622612e-099 
0.000000e+000 0.000000e+000 0.000000e+000 6.299703e-186 1.701406e-100 
0.000000e+000 0.000000e+000 0.000000e+000 1.983462e-187 1.103779e-101 
0.000000e+000 0.000000e+000 0.000000e+000 7.717500e-189 1.018464e-102 
0.000000e+000 0.000000e+000 0.000000e+000 2.429855e-190 6.607232e-104 
0.000000e+000 0.000000e+000 0.000000e+000 9.454383e-192 6.096537e-105 
0.000000e+000 0.000000e+000 0.000000e+000 3.678629e-193 5.625315e-106 
0.000000e+000 0.000000e+000 0.000000e+000 8.579381e-195 1.228378e-106 
0.000000e+000 0.000000e+000 0.000000e+000 2.000903e-196 2.682361e-107 
0.000000e+000 0.000000e+000 0.000000e+000 7.785361e-198 2.475032e-108 
0.000000e+000 0.000000e+000 0.000000e+000 3.029225e-199 2.283729e-109 
0.000000e+000 0.000000e+000 0.000000e+000 1.178649e-200 2.107212e-110 
0.000000e+000 0.000000e+000 0.000000e+000 4.586033e-202 1.944338e-111 
0.000000e+000 0.000000e+000 0.000000e+000 1.069565e-203 4.245775e-112 
0.000000e+000 0.000000e+000 0.000000e+000 2.494463e-205 9.271334e-113 
0.000000e+000 0.000000e+000 0.000000e+000 9.705769e-207 8.554721e-114 
0.000000e+000 0.000000e+000 0.000000e+000 3.776441e-208 7.893497e-115 
0.000000e+000 0.000000e+000 0.000000e+000 1.469385e-209 7.283382e-116 
0.000000e+000 0.000000e+000 0.000000e+000 5.717266e-211 6.720425e-117 
0.000000e+000 0.000000e+000 0.000000e+000 1.333394e-212 1.467513e-117 
0.000000e+000 0.000000e+000 0.000000e+000 3.109770e-214 3.204551e-118 
0.000000e+000 0.000000e+000 0.000000e+000 7.252677e-216 6.997652e-119 
0.000000e+000 0.000000e+000 0.000000e+000 2.821962e-217 6.456780e-120 
0.000000e+000 0.000000e+000 0.000000e+000 1.098004e-218 5.957714e-121 
0.000000e+000 0.000000e+000 0.000000e+000 2.560790e-220 1.300963e-121 
0.000000e+000 0.000000e+000 0.000000e+000 5.972331e-222 2.840861e-122 
0.000000e+000 0.000000e+000 0.000000e+000 1.392881e-223 6.203478e-123 
0.000000e+000 0.000000e+000 0.000000e+000 3.248507e-225 1.354629e-123 
0.000000e+000 0.000000e+000 0.000000e+000 7.576242e-227 2.958051e-124 
0.000000e+000 0.000000e+000 0.000000e+000 1.766948e-228 6.459381e-125 
0.000000e+000 0.000000e+000 0.000000e+000 4.120916e-230 1.410510e-125 
0.000000e+000 0.000000e+000 0.000000e+000 9.610894e-232 3.080075e-126 



P(O|lamda) = 7.960597e-128

2.500000e-003 0.000000e+000 0.000000e+000 0.000000e+000 0.000000e+000 
1.702989e-006 9.094023e-007 0.000000e+000 0.000000e+000 0.000000e+000 
4.884467e-037 7.472333e-008 3.269485e-008 0.000000e+000 0.000000e+000 
1.400950e-067 1.049712e-009 3.213575e-009 1.163004e-009 0.000000e+000 
5.691005e-069 5.898711e-011 4.477493e-010 6.497135e-010 8.807049e-011 
1.632279e-099 8.286495e-013 9.339509e-012 2.828720e-011 7.017707e-012 
6.630720e-101 4.656483e-014 9.018355e-013 4.144644e-012 2.975529e-012 
1.901806e-131 1.377132e-044 3.413425e-043 2.224087e-042 9.315597e-015 
5.454709e-162 4.072798e-075 1.262808e-073 1.091781e-072 1.544597e-017 
1.564505e-192 5.721456e-077 2.182377e-075 2.526196e-074 2.157749e-019 
4.487273e-223 1.692092e-107 7.448436e-078 1.076552e-076 1.071940e-021 
1.287028e-253 2.377047e-109 1.200868e-079 2.312977e-078 1.497464e-023 
3.691419e-284 3.339269e-111 1.936090e-081 4.827358e-080 2.091906e-025 
1.058763e-314 5.277372e-114 9.910590e-084 1.551350e-082 3.064575e-027 
7.212247e-318 7.413638e-118 1.198370e-087 2.359866e-086 8.561676e-030 
4.911013e-321 1.041466e-121 1.449047e-091 3.511193e-090 2.391923e-032 
0.000000e+000 7.315245e-126 4.088375e-095 1.113530e-092 1.136538e-034 
0.000000e+000 5.138219e-130 1.153504e-098 3.300939e-095 5.400331e-037 
0.000000e+000 7.218157e-134 1.394795e-102 4.488420e-099 1.508721e-039 
0.000000e+000 1.014005e-137 1.686561e-106 6.102643e-103 4.214998e-042 
0.000000e+000 1.424471e-141 2.039358e-110 8.296876e-107 1.177568e-044 
0.000000e+000 1.000547e-145 5.753893e-114 2.443872e-109 5.595288e-047 
0.000000e+000 7.027830e-150 1.623417e-117 7.195516e-112 2.658637e-049 
0.000000e+000 4.936339e-154 4.580347e-121 2.118498e-114 1.263268e-051 
0.000000e+000 1.459897e-184 1.476925e-123 7.772564e-117 6.275742e-054 
0.000000e+000 2.307218e-187 7.560187e-126 2.323589e-119 9.193762e-056 
0.000000e+000 6.823481e-218 2.437770e-128 8.525025e-122 4.567334e-058 
0.000000e+000 3.834363e-219 1.965138e-129 7.723028e-123 5.424216e-059 
0.000000e+000 2.693252e-223 5.544486e-133 2.273799e-125 2.577351e-061 
0.000000e+000 1.513436e-224 4.469527e-134 2.059890e-126 3.060890e-062 
0.000000e+000 8.504549e-226 3.602979e-135 1.866103e-127 3.635147e-063 
0.000000e+000 1.344056e-228 1.844318e-137 5.578670e-130 5.325374e-065 
0.000000e+000 3.974980e-259 5.946973e-140 2.046759e-132 2.645572e-067 
0.000000e+000 5.584042e-261 9.587959e-142 3.893740e-134 3.695775e-069 
0.000000e+000 8.825004e-264 4.907950e-144 1.164024e-136 5.414192e-071 
0.000000e+000 2.609951e-294 1.582561e-146 4.270689e-139 2.689696e-073 
0.000000e+000 3.666452e-296 2.551471e-148 8.124530e-141 3.757413e-075 
0.000000e+000 2.575311e-300 7.198779e-152 2.392008e-143 1.785359e-077 
0.000000e+000 0.000000e+000 2.321235e-154 8.776040e-146 8.869417e-080 
0.000000e+000 0.000000e+000 3.742392e-156 1.669548e-147 1.239027e-081 
0.000000e+000 0.000000e+000 4.525232e-160 2.268669e-151 3.461540e-084 
0.000000e+000 0.000000e+000 5.471826e-164 3.082786e-155 9.670699e-087 
0.000000e+000 0.000000e+000 8.821908e-166 5.864671e-157 1.350964e-088 
0.000000e+000 0.000000e+000 2.844610e-168 2.151690e-159 6.711402e-091 
0.000000e+000 0.000000e+000 9.172400e-171 7.894337e-162 3.334132e-093 
0.000000e+000 0.000000e+000 6.063133e-172 8.939722e-163 3.067079e-094 
0.000000e+000 0.000000e+000 1.955047e-174 3.279896e-165 1.523683e-096 
0.000000e+000 0.000000e+000 1.292324e-175 3.714226e-166 1.401641e-097 
0.000000e+000 0.000000e+000 8.542510e-177 4.206072e-167 1.289375e-098 
0.000000e+000 0.000000e+000 4.820408e-179 1.143086e-169 7.143680e-100 
0.000000e+000 0.000000e+000 2.720082e-181 3.106570e-172 3.957901e-101 
0.000000e+000 0.000000e+000 1.798027e-182 3.517949e-173 3.640887e-102 
0.000000e+000 0.000000e+000 1.188530e-183 3.983804e-174 3.349265e-103 
0.000000e+000 0.000000e+000 7.856413e-185 4.511348e-175 3.081000e-104 
0.000000e+000 0.000000e+000 5.193240e-186 5.108750e-176 2.834223e-105 
0.000000e+000 0.000000e+000 2.930466e-188 1.388407e-178 1.570279e-106 
0.000000e+000 0.000000e+000 1.653617e-190 3.773281e-181 8.700012e-108 
0.000000e+000 0.000000e+000 1.093073e-191 4.272947e-182 8.003172e-109 
0.000000e+000 0.000000e+000 7.225420e-193 4.838780e-183 7.362146e-110 
0.000000e+000 0.000000e+000 4.776142e-194 5.479541e-184 6.772464e-111 
0.000000e+000 0.000000e+000 3.157121e-195 6.205154e-185 6.230013e-112 
0.000000e+000 0.000000e+000 1.781515e-197 1.686378e-187 3.451691e-113 
0.000000e+000 0.000000e+000 1.005282e-199 4.583076e-190 1.912383e-114 
0.000000e+000 0.000000e+000 5.672652e-202 1.245545e-192 1.059541e-115 
0.000000e+000 0.000000e+000 3.749732e-203 1.410482e-193 9.746754e-117 
0.000000e+000 0.000000e+000 2.478645e-204 1.597261e-194 8.966073e-118 
0.000000e+000 0.000000e+000 1.398661e-206 4.340885e-197 4.967584e-119 
0.000000e+000 0.000000e+000 7.892432e-209 1.179724e-199 2.752251e-120 
0.000000e+000 0.000000e+000 4.453578e-211 3.206142e-202 1.524864e-121 
0.000000e+000 0.000000e+000 2.513086e-213 8.713346e-205 8.448390e-123 
0.000000e+000 0.000000e+000 1.418096e-215 2.368030e-207 4.680765e-124 
0.000000e+000 0.000000e+000 8.002099e-218 6.435606e-210 2.593342e-125 
0.000000e+000 0.000000e+000 4.515462e-220 1.749007e-212 1.436821e-126 
0.000000e+000 0.000000e+000 2.548006e-222 4.753286e-215 7.960597e-128 



P(O|lamda) = 9.081768e-117

1.250000e-004 0.000000e+000 0.000000e+000 0.000000e+000 0.000000e+000 
2.396089e-010 3.077078e-009 0.000000e+000 0.000000e+000 0.000000e+000 
3.867782e-042 1.108828e-012 7.173704e-012 0.000000e+000 0.000000e+000 
6.243400e-074 1.870191e-016 5.706840e-015 1.555309e-014 0.000000e+000 
7.136883e-078 1.261773e-019 1.459729e-017 1.094469e-016 8.220267e-017 
1.152040e-109 2.128155e-023 6.646481e-021 1.063135e-019 6.621464e-018 
1.316907e-113 1.435815e-026 1.470986e-023 4.140006e-022 4.784720e-020 
2.125760e-145 1.019663e-057 2.709380e-054 1.260457e-052 3.992118e-024 
3.431416e-177 7.241269e-089 4.974404e-085 3.683748e-083 3.309619e-028 
5.539013e-209 1.221340e-092 2.166406e-088 2.620931e-086 1.342756e-029 
8.941111e-241 8.673504e-124 1.904945e-090 3.538908e-090 6.588769e-031 
1.443280e-272 1.462906e-127 8.289775e-094 6.544327e-093 2.673151e-032 
2.329752e-304 2.467393e-131 3.607472e-097 6.261874e-096 1.084532e-033 
7.145335e-307 1.332180e-132 2.516773e-098 5.783972e-097 2.826545e-034 
1.369669e-312 2.246905e-138 8.214205e-104 3.208234e-102 1.045478e-035 
2.625480e-318 3.789715e-144 2.680940e-109 1.690552e-107 3.866996e-037 
0.000000e+000 2.557071e-146 2.333540e-110 2.770864e-108 1.279876e-037 
0.000000e+000 1.725357e-148 2.031157e-111 4.439345e-109 4.236059e-038 
0.000000e+000 2.910052e-154 6.629258e-117 2.194710e-114 1.566826e-039 
0.000000e+000 4.908204e-160 2.163647e-122 1.079730e-119 5.795350e-041 
0.000000e+000 8.278364e-166 7.061677e-128 5.294938e-125 2.143574e-042 
0.000000e+000 5.585740e-168 6.146616e-129 8.297179e-126 7.094677e-043 
0.000000e+000 3.768919e-170 5.350130e-130 1.297731e-126 2.348155e-043 
0.000000e+000 2.543039e-172 4.656853e-131 2.027617e-127 7.771788e-044 
0.000000e+000 1.805972e-203 4.093588e-133 2.669657e-131 3.813539e-045 
0.000000e+000 9.750693e-205 2.855915e-134 2.185874e-132 9.938974e-046 
0.000000e+000 6.924582e-236 2.510481e-136 2.995340e-136 4.876955e-047 
0.000000e+000 4.671850e-239 5.462445e-139 3.565014e-138 3.482739e-049 
0.000000e+000 3.152282e-241 4.754615e-140 8.271604e-139 1.152697e-049 
0.000000e+000 2.126769e-244 1.034536e-142 3.178074e-141 8.231656e-052 
0.000000e+000 1.434880e-247 2.251001e-145 1.139267e-143 5.878404e-054 
0.000000e+000 7.747118e-249 1.570424e-146 9.453217e-145 1.532050e-054 
0.000000e+000 5.501717e-280 1.380475e-148 1.309411e-148 7.517614e-056 
0.000000e+000 9.279404e-284 6.007429e-152 3.886257e-151 3.049995e-057 
0.000000e+000 5.010079e-285 4.191118e-153 4.524714e-152 7.949001e-058 
0.000000e+000 3.557973e-316 3.684185e-155 7.705531e-156 3.900495e-059 
0.000000e+000 6.000921e-320 1.603251e-158 8.513249e-158 1.582482e-060 
0.000000e+000 4.051338e-322 1.395500e-159 2.123441e-158 5.237609e-061 
0.000000e+000 0.000000e+000 1.226709e-161 3.377281e-162 2.570042e-062 
0.000000e+000 0.000000e+000 5.338283e-165 2.889991e-164 1.042700e-063 
0.000000e+000 0.000000e+000 1.742300e-170 2.234966e-169 3.856721e-065 
0.000000e+000 0.000000e+000 5.686493e-176 1.358896e-174 1.426517e-066 
0.000000e+000 0.000000e+000 2.474598e-179 1.050337e-177 5.787570e-068 
0.000000e+000 0.000000e+000 2.175286e-181 1.485385e-181 2.839903e-069 
0.000000e+000 0.000000e+000 1.912176e-183 1.104978e-184 1.393512e-070 
0.000000e+000 0.000000e+000 3.411708e-186 2.512669e-185 4.739148e-072 
0.000000e+000 0.000000e+000 2.999048e-188 4.732416e-189 2.325453e-073 
0.000000e+000 0.000000e+000 5.350908e-191 4.062662e-190 7.908555e-075 
0.000000e+000 0.000000e+000 9.547102e-194 2.340389e-192 2.689594e-076 
0.000000e+000 0.000000e+000 1.454118e-197 2.576600e-196 5.134829e-078 
0.000000e+000 0.000000e+000 2.214767e-201 2.961487e-200 9.803137e-080 
0.000000e+000 0.000000e+000 3.951592e-204 1.488469e-202 3.333917e-081 
0.000000e+000 0.000000e+000 7.050439e-207 6.554544e-205 1.133821e-082 
0.000000e+000 0.000000e+000 1.257941e-209 2.752743e-207 3.855973e-084 
0.000000e+000 0.000000e+000 2.244421e-212 1.134103e-209 1.311365e-085 
0.000000e+000 0.000000e+000 3.418476e-216 1.112229e-213 2.503588e-087 
0.000000e+000 0.000000e+000 5.206678e-220 1.094547e-217 4.779715e-089 
0.000000e+000 0.000000e+000 9.289766e-223 4.512072e-220 1.625517e-090 
0.000000e+000 0.000000e+000 1.657482e-225 1.844308e-222 5.528168e-092 
0.000000e+000 0.000000e+000 2.957283e-228 7.510991e-225 1.880057e-093 
0.000000e+000 0.000000e+000 5.276391e-231 3.053975e-227 6.393822e-095 
0.000000e+000 0.000000e+000 8.036467e-235 2.977986e-231 1.220674e-096 
0.000000e+000 0.000000e+000 1.224034e-238 2.904784e-235 2.330445e-098 
0.000000e+000 0.000000e+000 1.864325e-242 2.834744e-239 4.449160e-100 
0.000000e+000 0.000000e+000 3.326333e-245 1.153575e-241 1.513100e-101 
0.000000e+000 0.000000e+000 5.934850e-248 4.688874e-244 5.145852e-103 
0.000000e+000 0.000000e+000 9.039367e-252 4.571535e-248 9.824182e-105 
0.000000e+000 0.000000e+000 1.376785e-255 4.458140e-252 1.875580e-106 
0.000000e+000 0.000000e+000 2.096981e-259 4.349092e-256 3.580756e-108 
0.000000e+000 0.000000e+000 3.193910e-263 4.245046e-260 6.836186e-110 
0.000000e+000 0.000000e+000 4.864643e-267 4.147042e-264 1.305128e-111 
0.000000e+000 0.000000e+000 7.409334e-271 4.056704e-268 2.491679e-113 
0.000000e+000 0.000000e+000 1.128515e-274 3.976543e-272 4.756979e-115 
0.000000e+000 0.000000e+000 1.718841e-278 3.910424e-276 9.081768e-117 



P(O|lamda) = 7.003896e-125

6.250000e-006 0.000000e+000 0.000000e+000 0.000000e+000 0.000000e+000 
2.215020e-095 7.812500e-012 0.000000e+000 0.000000e+000 0.000000e+000 
1.322122e-209 2.441406e-017 9.521484e-016 0.000000e+000 0.000000e+000 
9.881313e-324 7.629395e-023 7.783114e-021 1.199215e-019 0.000000e+000 
0.000000e+000 9.537041e-028 2.429866e-025 1.375824e-023 2.246428e-020 
0.000000e+000 2.980325e-033 1.343137e-030 2.496048e-028 1.469833e-021 
0.000000e+000 3.725523e-038 3.572540e-035 1.972587e-032 3.133376e-022 
0.000000e+000 9.804011e-070 1.557285e-066 1.213304e-034 1.571149e-023 
0.000000e+000 2.580004e-101 6.722217e-098 7.357391e-037 7.878114e-025 
0.000000e+000 8.062512e-107 3.425669e-103 1.171136e-041 5.151861e-026 
0.000000e+000 2.121715e-138 3.513866e-107 3.595229e-047 6.678017e-028 
0.000000e+000 6.630358e-144 1.774244e-112 5.722819e-052 4.367063e-029 
0.000000e+000 2.071987e-149 8.958628e-118 9.109479e-057 2.855823e-030 
0.000000e+000 2.072715e-152 7.251880e-121 1.659456e-059 3.721472e-032 
0.000000e+000 6.477235e-160 2.746250e-128 1.886780e-066 6.882457e-035 
0.000000e+000 2.024136e-167 1.039991e-135 2.145244e-073 1.272835e-037 
0.000000e+000 2.530486e-171 1.050330e-138 7.810451e-076 2.915115e-039 
0.000000e+000 3.163503e-175 1.060772e-141 2.843645e-078 6.676351e-041 
0.000000e+000 9.885948e-183 4.017088e-149 3.233188e-085 1.234718e-043 
0.000000e+000 3.089359e-190 1.521251e-156 3.676092e-092 2.283477e-046 
0.000000e+000 9.654246e-198 5.760898e-164 4.179668e-099 4.223042e-049 
0.000000e+000 1.206932e-201 5.818170e-167 1.521742e-101 9.671834e-051 
0.000000e+000 1.508853e-205 5.876011e-170 5.540392e-104 2.215095e-052 
0.000000e+000 1.886302e-209 5.934427e-173 2.017158e-106 5.073127e-054 
0.000000e+000 4.963955e-241 6.052828e-177 6.192401e-112 6.575960e-056 
0.000000e+000 4.965700e-244 4.899677e-180 1.128058e-114 8.569245e-058 
0.000000e+000 1.306764e-275 4.997433e-184 3.462985e-120 1.110775e-059 
0.000000e+000 1.633505e-280 1.261668e-188 2.624978e-124 2.367938e-060 
0.000000e+000 2.042137e-284 1.274211e-191 9.557075e-127 5.423178e-062 
0.000000e+000 2.552751e-289 3.216915e-196 7.244360e-131 1.156108e-062 
0.000000e+000 3.191038e-294 8.121527e-201 5.491298e-135 2.464579e-063 
0.000000e+000 3.192160e-297 6.574260e-204 1.000339e-137 3.211634e-065 
0.000000e+000 0.000000e+000 6.705426e-208 3.070906e-143 4.163030e-067 
0.000000e+000 0.000000e+000 3.385747e-213 4.888212e-148 2.722397e-068 
0.000000e+000 0.000000e+000 2.740714e-216 8.904763e-151 3.547601e-070 
0.000000e+000 0.000000e+000 2.795395e-220 2.733642e-156 4.598521e-072 
0.000000e+000 0.000000e+000 1.411469e-225 4.351361e-161 3.007185e-073 
0.000000e+000 0.000000e+000 1.425501e-228 1.584253e-163 6.887214e-075 
0.000000e+000 0.000000e+000 1.453942e-232 4.863441e-169 8.927441e-077 
0.000000e+000 0.000000e+000 7.341339e-238 7.741536e-174 5.838064e-078 
0.000000e+000 0.000000e+000 2.780128e-245 8.802025e-181 1.079686e-080 
0.000000e+000 0.000000e+000 1.052820e-252 1.000779e-187 1.996762e-083 
0.000000e+000 0.000000e+000 5.315968e-258 1.593021e-192 1.305775e-084 
0.000000e+000 0.000000e+000 5.422029e-262 4.890359e-198 1.692589e-086 
0.000000e+000 0.000000e+000 5.530207e-266 1.501274e-203 2.193992e-088 
0.000000e+000 0.000000e+000 1.144863e-270 1.422498e-207 1.668866e-089 
0.000000e+000 0.000000e+000 1.167704e-274 4.366875e-213 2.163240e-091 
0.000000e+000 0.000000e+000 2.417380e-279 4.137732e-217 1.645474e-092 
0.000000e+000 0.000000e+000 5.004457e-284 3.920613e-221 1.251634e-093 
0.000000e+000 0.000000e+000 8.844091e-290 8.915371e-227 5.752774e-095 
0.000000e+000 0.000000e+000 1.562966e-295 2.027332e-232 2.644096e-096 
0.000000e+000 0.000000e+000 3.235649e-300 1.920952e-236 2.011238e-097 
0.000000e+000 0.000000e+000 6.698437e-305 1.820154e-240 1.529854e-098 
0.000000e+000 0.000000e+000 1.386709e-309 1.724645e-244 1.163687e-099 
0.000000e+000 0.000000e+000 2.870764e-314 1.634148e-248 8.851614e-101 
0.000000e+000 0.000000e+000 5.073560e-320 3.716009e-254 4.068388e-102 
0.000000e+000 0.000000e+000 0.000000e+000 8.450107e-260 1.869917e-103 
0.000000e+000 0.000000e+000 0.000000e+000 8.006705e-264 1.422357e-104 
0.000000e+000 0.000000e+000 0.000000e+000 7.586569e-268 1.081920e-105 
0.000000e+000 0.000000e+000 0.000000e+000 7.188479e-272 8.229648e-107 
0.000000e+000 0.000000e+000 0.000000e+000 6.811278e-276 6.259902e-108 
0.000000e+000 0.000000e+000 0.000000e+000 1.548867e-281 2.877183e-109 
0.000000e+000 0.000000e+000 0.000000e+000 3.522082e-287 1.322414e-110 
0.000000e+000 0.000000e+000 0.000000e+000 8.009123e-293 6.078094e-112 
0.000000e+000 0.000000e+000 0.000000e+000 7.588860e-297 4.623318e-113 
0.000000e+000 0.000000e+000 0.000000e+000 7.190650e-301 3.516738e-114 
0.000000e+000 0.000000e+000 0.000000e+000 1.635135e-306 1.616367e-115 
0.000000e+000 0.000000e+000 0.000000e+000 3.718254e-312 7.429164e-117 
0.000000e+000 0.000000e+000 0.000000e+000 8.455212e-318 3.414600e-118 
0.000000e+000 0.000000e+000 0.000000e+000 1.976263e-323 1.569422e-119 
0.000000e+000 0.000000e+000 0.000000e+000 0.000000e+000 7.213397e-121 
0.000000e+000 0.000000e+000 0.000000e+000 0.000000e+000 3.315429e-122 
0.000000e+000 0.000000e+000 0.000000e+000 0.000000e+000 1.523841e-123 
0.000000e+000 0.000000e+000 0.000000e+000 0.000000e+000 7.003896e-125 



P(O|lamda) = 2.757512e-310

3.125000e-007 0.000000e+000 0.000000e+000 0.000000e+000 0.000000e+000 
9.765625e-014 1.709988e-104 0.000000e+000 0.000000e+000 0.000000e+000 
6.429036e-016 6.198705e-109 2.137484e-110 0.000000e+000 0.000000e+000 
4.232449e-018 3.521042e-111 8.817123e-115 2.805448e-116 0.000000e+000 
7.406480e-019 9.271247e-113 2.202856e-116 6.212219e-120 5.980627e-119 
4.875933e-021 4.053260e-114 1.160007e-118 2.894509e-122 1.996128e-121 
8.532531e-022 1.068080e-115 2.533577e-119 7.257463e-124 2.189368e-123 
8.981615e-052 7.864426e-142 2.250725e-146 1.266934e-122 5.852912e-126 
9.454336e-082 1.490008e-171 1.655859e-172 2.533868e-125 6.367382e-126 
6.224104e-084 1.262341e-176 2.690439e-177 1.330281e-130 3.738975e-128 
4.045668e-086 5.746725e-204 5.904755e-181 1.346909e-136 2.425017e-131 
2.663398e-088 2.213773e-181 2.952377e-186 7.071273e-142 7.929161e-134 
1.753403e-090 1.458507e-183 2.767364e-187 3.712418e-147 2.592622e-136 
8.767017e-094 3.073671e-183 2.925021e-187 2.230514e-150 1.689244e-139 
2.739693e-100 2.016563e-190 2.882663e-191 8.364427e-158 1.562037e-143 
8.561540e-107 2.507430e-197 2.971526e-198 3.136660e-165 1.444409e-147 
9.012151e-137 2.375720e-200 9.240908e-201 3.766541e-168 1.654030e-150 
9.486478e-167 4.752034e-204 1.518153e-203 4.522911e-171 1.894073e-153 
2.964524e-173 2.376017e-211 6.138577e-211 1.696092e-178 1.751441e-157 
9.264139e-180 1.188009e-218 2.524718e-218 6.360344e-186 1.619550e-161 
2.895043e-186 5.940043e-226 1.058145e-225 2.385129e-193 1.497591e-165 
3.047415e-216 1.188157e-229 1.206751e-228 2.864093e-196 1.714930e-168 
3.207807e-246 2.376612e-233 1.236563e-231 3.439240e-199 1.963811e-171 
3.376640e-276 4.753819e-237 1.242613e-234 4.129883e-202 2.248811e-174 
2.194816e-278 4.003218e-267 1.256239e-238 4.181507e-208 1.457493e-177 
1.097408e-281 6.407400e-270 1.006985e-241 2.512354e-211 9.496418e-181 
7.133153e-284 5.395707e-300 1.017055e-245 2.543759e-217 6.154790e-184 
1.248250e-284 1.079175e-304 2.542638e-250 6.359555e-222 6.560360e-186 
1.313948e-314 2.158620e-308 2.542860e-253 7.636635e-225 7.512438e-189 
2.299315e-315 4.317376e-313 6.357150e-258 1.909206e-229 8.007470e-191 
4.023635e-316 8.635022e-318 1.589288e-262 4.773135e-234 8.535123e-193 
2.011835e-319 1.381902e-320 1.273953e-265 2.867819e-237 5.561131e-196 
1.309274e-321 0.000000e+000 1.286692e-269 2.903667e-243 3.604263e-199 
9.881313e-324 0.000000e+000 6.433460e-275 1.524425e-248 1.178497e-201 
0.000000e+000 0.000000e+000 5.156979e-278 9.159128e-252 7.678595e-205 
0.000000e+000 0.000000e+000 5.208549e-282 9.273617e-258 4.976628e-208 
0.000000e+000 0.000000e+000 2.604275e-287 4.868649e-263 1.627223e-210 
0.000000e+000 0.000000e+000 2.604502e-290 5.846336e-266 1.863375e-213 
0.000000e+000 0.000000e+000 2.630547e-294 5.919415e-272 1.207685e-216 
0.000000e+000 0.000000e+000 1.315273e-299 3.107693e-277 3.948805e-219 
0.000000e+000 0.000000e+000 4.932275e-307 1.165385e-284 3.651443e-223 
0.000000e+000 0.000000e+000 1.849603e-314 4.370193e-292 3.376473e-227 
0.000000e+000 0.000000e+000 9.247921e-320 2.294351e-297 1.104016e-229 
0.000000e+000 0.000000e+000 9.881313e-324 2.323031e-303 7.155313e-233 
0.000000e+000 0.000000e+000 0.000000e+000 2.352069e-309 4.637480e-236 
0.000000e+000 0.000000e+000 0.000000e+000 7.350508e-314 1.763755e-238 
0.000000e+000 0.000000e+000 0.000000e+000 7.442605e-320 1.143120e-241 
0.000000e+000 0.000000e+000 0.000000e+000 0.000000e+000 4.347584e-244 
0.000000e+000 0.000000e+000 0.000000e+000 0.000000e+000 1.653500e-246 
0.000000e+000 0.000000e+000 0.000000e+000 0.000000e+000 3.799918e-249 
0.000000e+000 0.000000e+000 0.000000e+000 0.000000e+000 8.732615e-252 
0.000000e+000 0.000000e+000 0.000000e+000 0.000000e+000 3.321242e-254 
0.000000e+000 0.000000e+000 0.000000e+000 0.000000e+000 1.263155e-256 
0.000000e+000 0.000000e+000 0.000000e+000 0.000000e+000 4.804111e-259 
0.000000e+000 0.000000e+000 0.000000e+000 0.000000e+000 1.827129e-261 
0.000000e+000 0.000000e+000 0.000000e+000 0.000000e+000 4.198937e-264 
0.000000e+000 0.000000e+000 0.000000e+000 0.000000e+000 9.649602e-267 
0.000000e+000 0.000000e+000 0.000000e+000 0.000000e+000 3.669996e-269 
0.000000e+000 0.000000e+000 0.000000e+000 0.000000e+000 1.395796e-271 
0.000000e+000 0.000000e+000 0.000000e+000 0.000000e+000 5.308577e-274 
0.000000e+000 0.000000e+000 0.000000e+000 0.000000e+000 2.018991e-276 
0.000000e+000 0.000000e+000 0.000000e+000 0.000000e+000 4.639855e-279 
0.000000e+000 0.000000e+000 0.000000e+000 0.000000e+000 1.066288e-281 
0.000000e+000 0.000000e+000 0.000000e+000 0.000000e+000 2.450443e-284 
0.000000e+000 0.000000e+000 0.000000e+000 0.000000e+000 9.319675e-287 
0.000000e+000 0.000000e+000 0.000000e+000 0.000000e+000 3.544517e-289 
0.000000e+000 0.000000e+000 0.000000e+000 0.000000e+000 8.145675e-292 
0.000000e+000 0.000000e+000 0.000000e+000 0.000000e+000 1.871963e-294 
0.000000e+000 0.000000e+000 0.000000e+000 0.000000e+000 4.301968e-297 
0.000000e+000 0.000000e+000 0.000000e+000 0.000000e+000 9.886379e-300 
0.000000e+000 0.000000e+000 0.000000e+000 0.000000e+000 2.271995e-302 
0.000000e+000 0.000000e+000 0.000000e+000 0.000000e+000 5.221285e-305 
0.000000e+000 0.000000e+000 0.000000e+000 0.000000e+000 1.199907e-307 
0.000000e+000 0.000000e+000 0.000000e+000 0.000000e+000 2.757512e-310 



P(O|lamda) = 1.305929e-077

5.000002e-002 0.000000e+000 0.000000e+000 0.000000e+000 0.000000e+000 
1.250001e-004 4.750002e-003 0.000000e+000 0.000000e+000 0.000000e+000 
1.507814e-008 7.718764e-005 9.120017e-004 0.000000e+000 0.000000e+000 
1.818800e-012 7.754583e-007 2.772133e-005 1.271246e-004 0.000000e+000 
7.956923e-016 1.551042e-009 4.226847e-012 9.997649e-011 1.023020e-006 
9.598038e-020 1.551063e-011 2.978603e-010 5.098209e-012 9.690956e-008 
4.198969e-023 3.102203e-014 5.618437e-017 4.348942e-016 1.115208e-009 
5.248711e-025 3.722644e-016 4.467769e-015 4.576558e-017 4.765558e-011 
6.560888e-027 4.467173e-018 1.010072e-016 1.041901e-015 2.036440e-012 
7.914072e-031 4.467178e-020 2.286557e-018 6.107010e-017 1.929656e-013 
1.991378e-033 8.934357e-023 1.023200e-020 1.024345e-018 1.935758e-014 
2.402100e-037 8.934368e-025 1.618970e-022 4.762511e-020 1.833665e-015 
2.897533e-041 8.934378e-027 2.461754e-024 2.170500e-021 1.736924e-016 
6.072747e-045 3.575009e-032 9.153026e-030 2.459236e-026 1.723392e-017 
1.518187e-047 1.430004e-034 6.817178e-032 1.110410e-027 4.901112e-019 
3.795470e-050 5.720015e-037 4.959102e-034 5.008986e-029 1.393816e-020 
1.997617e-081 2.860364e-043 1.783481e-036 1.507238e-030 7.955736e-022 
1.051378e-112 1.430361e-049 6.315220e-039 4.535259e-032 4.541041e-023 
2.628445e-115 5.721443e-052 4.466784e-041 2.045438e-033 1.291416e-024 
6.571115e-118 2.288577e-054 3.159377e-043 9.225083e-035 3.672626e-026 
1.642779e-120 9.154308e-057 2.234642e-045 4.160583e-036 1.044449e-027 
8.646211e-152 4.577725e-063 7.912742e-048 1.251910e-037 5.961595e-029 
4.550639e-183 2.289148e-069 2.801858e-050 3.766966e-039 3.402809e-030 
2.395074e-214 1.144717e-075 9.921224e-053 1.133471e-040 1.942283e-031 
6.026605e-217 2.289434e-078 3.509106e-055 1.704016e-042 1.947994e-032 
1.263076e-220 9.160960e-084 1.243466e-060 1.923952e-047 1.932800e-033 
3.178215e-223 1.832192e-086 4.398102e-063 2.892395e-049 1.938482e-034 
1.390412e-226 3.664475e-089 4.860621e-070 1.358880e-055 2.230670e-036 
7.317960e-258 1.832466e-095 1.721119e-072 4.088837e-057 1.273240e-037 
3.201475e-261 3.665024e-098 1.902118e-079 1.920982e-063 1.465156e-039 
1.400588e-264 7.330232e-101 2.102151e-086 9.024995e-070 1.685998e-041 
2.935399e-268 2.933125e-106 7.449058e-092 1.018985e-074 1.672848e-042 
7.386197e-271 5.866250e-109 2.634709e-094 1.531902e-076 1.677766e-043 
8.909600e-275 5.866257e-111 3.727089e-096 6.909008e-078 1.589221e-044 
1.867304e-278 2.347329e-116 1.320709e-101 7.800750e-083 1.576826e-045 
4.698603e-281 4.694657e-119 4.671308e-104 1.172734e-084 1.581462e-046 
5.667690e-285 4.694663e-121 6.608085e-106 5.289132e-086 1.497999e-047 
2.982996e-316 2.347624e-127 2.339886e-108 1.591487e-087 8.550405e-049 
7.505944e-319 4.695249e-130 8.276106e-111 2.392580e-089 8.575544e-050 
8.893182e-323 4.695255e-132 1.170747e-112 1.079074e-090 8.122966e-051 
0.000000e+000 1.878102e-134 8.280749e-115 4.866707e-092 2.310071e-052 
0.000000e+000 7.512407e-137 5.857012e-117 2.194922e-093 6.569555e-054 
0.000000e+000 7.512416e-139 8.285396e-119 9.899288e-095 6.222844e-055 
0.000000e+000 1.502483e-141 2.930519e-121 1.488220e-096 6.241139e-056 
0.000000e+000 3.004967e-144 1.036516e-123 2.237332e-098 6.259488e-057 
0.000000e+000 1.596435e-151 9.393257e-131 1.313925e-104 1.206494e-057 
0.000000e+000 3.192871e-154 3.322366e-133 1.975303e-106 1.210041e-058 
0.000000e+000 1.696262e-161 3.010841e-140 1.160042e-112 2.332313e-059 
0.000000e+000 9.011659e-169 2.728527e-147 6.812615e-119 4.495451e-060 
0.000000e+000 5.688609e-177 2.110828e-155 9.601693e-127 9.126943e-061 
0.000000e+000 3.590935e-185 1.632967e-163 1.353262e-134 1.853009e-061 
0.000000e+000 1.907740e-192 1.479850e-170 7.947342e-141 3.571609e-062 
0.000000e+000 1.013517e-199 1.341090e-177 4.667260e-147 6.884152e-063 
0.000000e+000 5.384465e-207 1.215342e-184 2.740956e-153 1.326896e-063 
0.000000e+000 2.860581e-214 1.101384e-191 1.609690e-159 2.557546e-064 
0.000000e+000 1.805742e-222 8.520465e-200 2.268695e-167 5.192488e-065 
0.000000e+000 1.139875e-230 6.591554e-208 3.197497e-175 1.054211e-065 
0.000000e+000 6.055762e-238 5.973491e-215 1.877804e-181 2.031955e-066 
0.000000e+000 3.217218e-245 5.413381e-222 1.102783e-187 3.916522e-067 
0.000000e+000 1.709197e-252 4.905790e-229 6.476350e-194 7.548960e-068 
0.000000e+000 9.080377e-260 4.445793e-236 3.803386e-200 1.455036e-068 
0.000000e+000 5.731988e-268 3.439330e-244 5.360489e-208 2.954103e-069 
0.000000e+000 3.618317e-276 2.660715e-252 7.555068e-216 5.997604e-070 
0.000000e+000 2.284063e-284 2.058368e-260 1.064811e-223 1.217671e-070 
0.000000e+000 1.213444e-291 1.865363e-267 6.253346e-230 2.347018e-071 
0.000000e+000 6.446610e-299 1.690455e-274 3.672421e-236 4.523795e-072 
0.000000e+000 4.069423e-307 1.307760e-282 5.175907e-244 9.184488e-073 
0.000000e+000 2.568823e-315 1.011702e-290 7.294919e-252 1.864692e-073 
0.000000e+000 1.482197e-323 7.826675e-299 1.028145e-259 3.785813e-074 
0.000000e+000 0.000000e+000 6.054829e-307 1.449067e-267 7.686192e-075 
0.000000e+000 0.000000e+000 4.684103e-315 2.042313e-275 1.560498e-075 
0.000000e+000 0.000000e+000 3.458460e-323 2.878435e-283 3.168220e-076 
0.000000e+000 0.000000e+000 0.000000e+000 4.056863e-291 6.432318e-077 
0.000000e+000 0.000000e+000 0.000000e+000 5.717739e-299 1.305929e-077 



P(O|lamda) = 9.191449e-139

2.500001e-003 0.000000e+000 0.000000e+000 0.000000e+000 0.000000e+000 
6.250005e-007 1.125000e-005 0.000000e+000 0.000000e+000 0.000000e+000 
7.539069e-012 1.828129e-008 1.035002e-007 0.000000e+000 0.000000e+000 
9.094001e-017 1.836613e-011 2.509886e-010 7.141532e-010 0.000000e+000 
3.978461e-021 3.673524e-015 1.848799e-012 2.629644e-017 9.806879e-012 
4.799019e-026 3.673574e-018 1.512839e-015 1.275677e-014 4.644669e-014 
2.099484e-030 7.347335e-022 6.220350e-018 2.562167e-022 9.237642e-016 
2.624355e-033 8.816803e-025 3.737280e-021 3.577083e-019 5.875844e-018 
3.280443e-036 1.058016e-027 2.248451e-024 3.523482e-021 3.931344e-020 
3.957035e-041 1.058018e-030 1.808498e-027 3.925919e-024 2.004116e-022 
9.956889e-045 4.443676e-033 7.646843e-030 1.456503e-027 3.466144e-024 
1.201050e-049 4.443683e-036 6.158368e-033 1.669209e-030 1.642196e-026 
1.448766e-054 4.443690e-039 4.967586e-036 1.895002e-033 7.778316e-029 
3.036372e-059 1.778101e-045 1.005730e-042 1.424966e-035 2.177507e-030 
7.590933e-063 7.112404e-049 4.104711e-046 1.581443e-038 3.096297e-033 
1.897734e-066 2.844962e-052 1.674601e-049 1.755101e-041 4.402762e-036 
1.997616e-097 1.422659e-059 3.418905e-053 1.299528e-044 1.806874e-038 
2.102754e-128 7.114182e-067 6.846391e-057 9.622079e-048 7.415307e-041 
5.256887e-132 2.845673e-070 2.738556e-060 1.067868e-050 1.054411e-043 
1.314222e-135 1.138269e-073 1.095423e-063 1.185131e-053 1.499307e-046 
3.285557e-139 4.553076e-077 4.381690e-067 1.315271e-056 2.131922e-049 
3.458483e-170 2.276823e-084 8.774334e-071 9.738643e-060 8.749281e-052 
3.640510e-201 1.138554e-091 1.757060e-074 7.210772e-063 3.590653e-054 
3.832117e-232 5.693479e-099 3.518514e-078 5.339064e-066 1.473583e-056 
9.642564e-236 2.391261e-101 1.477785e-080 1.975118e-069 2.506742e-058 
2.020920e-240 9.568408e-108 2.961434e-087 1.461393e-071 7.017372e-060 
5.085141e-244 4.018731e-110 1.243810e-089 5.406235e-075 1.193739e-061 
2.224657e-248 8.037665e-114 4.975248e-092 6.250047e-083 1.923961e-063 
2.341745e-279 4.019335e-121 9.962934e-096 4.627715e-086 7.895824e-066 
1.024471e-283 8.038872e-125 3.985180e-098 5.350014e-094 1.272578e-067 
4.481876e-288 1.607815e-128 1.594075e-100 6.187915e-102 2.051027e-069 
9.393264e-293 6.433521e-135 3.194476e-107 7.378803e-102 5.741644e-071 
2.363580e-296 2.702079e-137 1.341688e-109 2.729767e-105 9.767225e-073 
2.851068e-301 2.702083e-140 1.073353e-112 3.030456e-108 4.625878e-075 
5.975363e-306 1.081213e-146 2.150965e-119 2.242732e-110 1.294968e-076 
1.503551e-309 4.541096e-149 9.034108e-122 8.296700e-114 2.202896e-078 
1.813658e-314 4.541103e-152 7.227301e-125 9.207783e-117 1.043319e-080 
0.000000e+000 2.270835e-159 1.447267e-128 6.817709e-120 4.281719e-083 
0.000000e+000 9.537508e-162 6.078558e-131 2.522124e-123 7.283718e-085 
0.000000e+000 9.537523e-165 4.862856e-134 2.799085e-126 3.449658e-087 
0.000000e+000 3.815009e-168 1.945143e-137 3.106454e-129 4.905200e-090 
0.000000e+000 1.526004e-171 7.780570e-141 3.447575e-132 6.974890e-093 
0.000000e+000 1.526006e-174 6.224469e-144 3.826162e-135 3.303394e-095 
0.000000e+000 6.409226e-177 2.614293e-146 1.415440e-138 5.619469e-097 
0.000000e+000 2.691875e-179 1.098010e-148 5.236238e-142 9.559392e-099 
0.000000e+000 1.430101e-187 5.627300e-157 7.567020e-150 2.681714e-100 
0.000000e+000 6.006422e-190 2.363480e-159 2.799323e-153 4.561918e-102 
0.000000e+000 3.191006e-198 1.211284e-167 4.045389e-161 1.279764e-103 
0.000000e+000 1.695271e-206 6.207829e-176 5.846096e-169 3.590145e-105 
0.000000e+000 1.070140e-215 2.715925e-185 2.027519e-178 2.240484e-106 
0.000000e+000 6.755259e-225 1.188217e-194 7.031761e-188 1.398208e-107 
0.000000e+000 3.588837e-233 6.089613e-203 1.016177e-195 3.922421e-109 
0.000000e+000 1.906626e-241 3.120927e-211 1.468502e-203 1.100364e-110 
0.000000e+000 1.012925e-249 1.599475e-219 2.122167e-211 3.086872e-112 
0.000000e+000 5.381320e-258 8.197309e-228 3.066793e-219 8.659662e-114 
0.000000e+000 3.396958e-267 3.586323e-237 1.063612e-228 5.404193e-115 
0.000000e+000 2.144330e-276 1.569016e-246 3.688773e-238 3.372569e-116 
0.000000e+000 1.139209e-284 8.041208e-255 5.330732e-246 9.461132e-118 
0.000000e+000 6.052224e-293 4.121119e-263 7.703565e-254 2.654149e-119 
0.000000e+000 3.215338e-301 2.112074e-271 1.113260e-261 7.445736e-121 
0.000000e+000 1.708199e-309 1.082438e-279 1.608798e-269 2.088766e-122 
0.000000e+000 1.078298e-318 4.735665e-289 5.579564e-279 1.303526e-123 
0.000000e+000 0.000000e+000 2.071853e-298 1.935081e-288 8.134855e-125 
0.000000e+000 0.000000e+000 9.064358e-308 6.711163e-298 5.076680e-126 
0.000000e+000 0.000000e+000 4.645484e-316 9.698458e-306 1.424171e-127 
0.000000e+000 0.000000e+000 0.000000e+000 1.401547e-313 3.995253e-129 
0.000000e+000 0.000000e+000 0.000000e+000 4.940656e-323 2.493298e-130 
0.000000e+000 0.000000e+000 0.000000e+000 0.000000e+000 1.555981e-131 
0.000000e+000 0.000000e+000 0.000000e+000 0.000000e+000 9.710334e-133 
0.000000e+000 0.000000e+000 0.000000e+000 0.000000e+000 6.059881e-134 
0.000000e+000 0.000000e+000 0.000000e+000 0.000000e+000 3.781761e-135 
0.000000e+000 0.000000e+000 0.000000e+000 0.000000e+000 2.360066e-136 
0.000000e+000 0.000000e+000 0.000000e+000 0.000000e+000 1.472835e-137 
0.000000e+000 0.000000e+000 0.000000e+000 0.000000e+000 9.191449e-139 



P(O|lamda) = 4.864078e-101

1.001250e-001 0.000000e+000 0.000000e+000 0.000000e+000 0.000000e+000 
2.021778e-085 5.031281e-003 0.000000e+000 0.000000e+000 0.000000e+000 
6.116324e-169 1.262343e-005 7.383275e-004 0.000000e+000 0.000000e+000 
1.850323e-252 3.167207e-008 4.623086e-006 1.802495e-004 0.000000e+000 
0.000000e+000 9.871659e-014 3.653872e-010 1.135542e-013 1.825099e-005 
0.000000e+000 2.476789e-016 1.385630e-012 8.920664e-011 7.521663e-007 
0.000000e+000 7.719743e-022 8.697734e-017 5.276165e-020 8.818391e-008 
0.000000e+000 9.768590e-025 2.177586e-019 1.722824e-017 3.209328e-009 
0.000000e+000 1.236121e-027 5.450924e-022 5.199806e-019 1.167989e-010 
0.000000e+000 3.101415e-030 2.045682e-024 1.787317e-020 4.813559e-012 
0.000000e+000 2.029935e-034 1.339026e-028 3.046814e-025 5.704915e-014 
0.000000e+000 5.093086e-037 5.025093e-031 1.042746e-026 2.351129e-015 
0.000000e+000 1.277850e-039 1.885779e-033 3.558747e-028 9.689557e-017 
0.000000e+000 7.968299e-048 5.889333e-042 1.212405e-031 9.781830e-019 
0.000000e+000 9.983772e-051 3.671319e-047 6.195225e-036 2.025912e-021 
0.000000e+000 1.250903e-053 2.312859e-052 3.165675e-040 4.195860e-024 
0.000000e+000 1.559506e-056 9.004498e-055 1.079220e-044 1.876374e-026 
0.000000e+000 1.944242e-059 1.887617e-057 3.679203e-049 8.391082e-029 
0.000000e+000 2.436012e-062 1.650590e-062 1.880022e-053 1.737875e-031 
0.000000e+000 3.052168e-065 6.041069e-066 9.606655e-058 3.599307e-034 
0.000000e+000 3.824172e-068 7.477819e-069 4.908869e-062 7.454514e-037 
0.000000e+000 4.767610e-071 1.878423e-069 1.673500e-066 3.333633e-039 
0.000000e+000 5.943797e-074 4.677883e-072 5.751004e-071 1.490789e-041 
0.000000e+000 7.410154e-077 8.751580e-075 3.101759e-075 6.666759e-044 
0.000000e+000 4.850087e-081 7.624787e-079 1.119505e-078 7.901283e-046 
0.000000e+000 3.024372e-089 2.973493e-087 2.240119e-081 7.976527e-048 
0.000000e+000 1.979509e-093 2.720327e-091 3.815610e-086 9.453589e-050 
0.000000e+000 6.169804e-099 2.178262e-095 2.031117e-095 1.108224e-050 
0.000000e+000 7.691917e-102 2.752598e-098 6.006291e-099 4.955942e-053 
0.000000e+000 2.397444e-107 1.734589e-102 1.080421e-106 5.809746e-054 
0.000000e+000 7.472435e-113 1.081845e-106 6.607016e-111 6.810644e-055 
0.000000e+000 4.659592e-121 3.378630e-115 2.637297e-109 6.875501e-057 
0.000000e+000 3.049792e-125 2.211510e-119 4.492124e-114 8.148679e-059 
0.000000e+000 7.651896e-128 8.299308e-122 1.532625e-115 3.358262e-060 
0.000000e+000 4.771498e-136 2.591918e-130 5.221218e-119 3.390243e-062 
0.000000e+000 3.123036e-140 1.696593e-134 8.893250e-124 4.018035e-064 
0.000000e+000 7.835666e-143 6.367051e-137 3.034097e-125 1.655926e-065 
0.000000e+000 9.768755e-146 7.958074e-140 1.034363e-129 7.405247e-068 
0.000000e+000 6.393836e-150 5.208993e-144 1.761821e-134 8.776521e-070 
0.000000e+000 1.604207e-152 1.954808e-146 6.010778e-136 3.617010e-071 
0.000000e+000 2.009970e-155 1.218572e-151 3.071425e-140 7.491179e-074 
0.000000e+000 2.518364e-158 7.644981e-157 1.569456e-144 1.551496e-076 
0.000000e+000 6.318550e-161 6.564472e-159 5.354489e-146 6.394079e-078 
0.000000e+000 4.135612e-165 5.913871e-163 9.120249e-151 7.578109e-080 
0.000000e+000 2.706837e-169 4.929301e-167 1.553443e-155 8.981393e-082 
0.000000e+000 2.241025e-179 4.782295e-177 1.033620e-164 1.374202e-082 
0.000000e+000 1.466794e-183 3.703727e-181 1.760554e-169 1.628671e-084 
0.000000e+000 1.214378e-193 3.416170e-191 1.171426e-178 2.491954e-085 
0.000000e+000 1.005399e-203 3.107671e-201 7.794355e-188 3.812825e-086 
0.000000e+000 1.253434e-206 4.364508e-204 5.310411e-190 1.354646e-086 
0.000000e+000 1.562660e-209 6.052336e-207 3.618063e-192 4.812879e-087 
0.000000e+000 1.293747e-219 5.321873e-217 2.407362e-201 7.363966e-088 
0.000000e+000 1.071110e-229 4.654486e-227 1.601795e-210 1.126726e-088 
0.000000e+000 8.867856e-240 4.051929e-237 1.065791e-219 1.723952e-089 
0.000000e+000 7.341814e-250 3.513117e-247 7.091492e-229 2.637740e-090 
0.000000e+000 9.153061e-253 4.737751e-250 4.831540e-231 9.371543e-091 
0.000000e+000 1.141115e-255 6.352810e-253 3.291800e-233 3.329585e-091 
0.000000e+000 9.447439e-266 5.430193e-263 2.190276e-242 5.094446e-092 
0.000000e+000 7.821657e-276 4.631995e-273 1.457351e-251 7.794777e-093 
0.000000e+000 6.475652e-286 3.943722e-283 9.696827e-261 1.192643e-093 
0.000000e+000 5.361277e-296 3.351980e-293 6.452010e-270 1.824808e-094 
0.000000e+000 6.683920e-299 4.440304e-296 4.395851e-272 6.483302e-095 
0.000000e+000 8.332863e-302 5.861603e-299 2.994959e-274 2.303432e-095 
0.000000e+000 1.038860e-304 7.713932e-302 2.040511e-276 8.183789e-096 
0.000000e+000 8.600861e-315 6.485342e-312 1.357701e-285 1.252164e-096 
0.000000e+000 0.000000e+000 5.434722e-322 9.033783e-295 1.915878e-097 
0.000000e+000 0.000000e+000 0.000000e+000 6.154852e-297 6.806863e-098 
0.000000e+000 0.000000e+000 0.000000e+000 4.193393e-299 2.418389e-098 
0.000000e+000 0.000000e+000 0.000000e+000 2.857021e-301 8.592215e-099 
0.000000e+000 0.000000e+000 0.000000e+000 1.946532e-303 3.052701e-099 
0.000000e+000 0.000000e+000 0.000000e+000 1.326201e-305 1.084584e-099 
0.000000e+000 0.000000e+000 0.000000e+000 9.035607e-308 3.853385e-100 
0.000000e+000 0.000000e+000 0.000000e+000 6.156095e-310 1.369057e-100 
0.000000e+000 0.000000e+000 0.000000e+000 4.194240e-312 4.864078e-101 



Max probability = 1.305929e-077

Utterance recognised as 7