14	14	10	30	12	12	12	12	12	12	12	10	10	12	10	10	10	12	10	6	
Iteraion 1
-----------------

P(O|lamda) = 7.888609e-031

3.125000e-002 0.000000e+000 0.000000e+000 0.000000e+000 0.000000e+000 
7.812500e-004 1.953125e-004 0.000000e+000 0.000000e+000 0.000000e+000 
1.953125e-005 9.765625e-006 1.220703e-006 0.000000e+000 0.000000e+000 
4.882813e-007 3.662109e-007 9.155273e-008 7.629395e-009 0.000000e+000 
1.220703e-008 1.220703e-008 4.577637e-009 7.629395e-010 4.768372e-011 
3.051758e-010 3.814697e-010 1.907349e-010 4.768372e-011 6.258488e-012 
7.629395e-012 1.144409e-011 7.152557e-012 2.384186e-012 4.936010e-013 
1.907349e-013 3.337860e-013 2.503395e-013 1.043081e-013 3.032619e-014 
4.768372e-015 9.536743e-015 8.344650e-015 4.172325e-015 1.599619e-015 
1.192093e-016 2.682209e-016 2.682209e-016 1.564622e-016 7.606513e-017 
2.980232e-018 7.450581e-018 8.381903e-018 5.587935e-018 3.354924e-018 
7.450581e-020 2.048910e-019 2.561137e-019 1.920853e-019 1.397660e-019 
1.862645e-021 5.587935e-021 7.683411e-021 6.402843e-021 5.568220e-021 
4.656613e-023 1.513399e-022 2.270099e-022 2.080924e-022 2.140246e-022 
1.164153e-024 4.074536e-024 6.621121e-024 6.621121e-024 7.988847e-024 
2.910383e-026 1.091394e-025 1.909939e-025 2.069100e-025 2.910335e-025 
7.275958e-028 2.910383e-027 5.456968e-027 6.366463e-027 1.038798e-026 
1.818989e-029 7.730705e-029 1.546141e-028 1.932676e-028 3.644149e-028 
4.547474e-031 2.046363e-030 4.348522e-030 5.798029e-030 1.259589e-029 
1.136868e-032 5.400125e-032 1.215028e-031 1.721290e-031 4.298592e-031 


2.524355e-029 2.524355e-029 2.524355e-029 2.524355e-029 2.524355e-029 
8.077936e-028 8.077936e-028 8.077936e-028 8.077936e-028 8.077936e-028 
2.584939e-026 2.584939e-026 2.584939e-026 2.584939e-026 2.584939e-026 
8.271806e-025 8.271806e-025 8.271806e-025 8.271806e-025 8.271806e-025 
2.646978e-023 2.646978e-023 2.646978e-023 2.646978e-023 2.646978e-023 
8.470329e-022 8.470329e-022 8.470329e-022 8.470329e-022 8.470329e-022 
2.710505e-020 2.710505e-020 2.710505e-020 2.710505e-020 2.710505e-020 
8.673617e-019 8.673617e-019 8.673617e-019 8.673617e-019 8.673617e-019 
2.775558e-017 2.775558e-017 2.775558e-017 2.775558e-017 2.775558e-017 
8.881784e-016 8.881784e-016 8.881784e-016 8.881784e-016 8.881784e-016 
2.842171e-014 2.842171e-014 2.842171e-014 2.842171e-014 2.842171e-014 
9.094947e-013 9.094947e-013 9.094947e-013 9.094947e-013 9.094947e-013 
2.910383e-011 2.910383e-011 2.910383e-011 2.910383e-011 2.910383e-011 
9.313226e-010 9.313226e-010 9.313226e-010 9.313226e-010 9.313226e-010 
2.980232e-008 2.980232e-008 2.980232e-008 2.980232e-008 2.980232e-008 
9.536743e-007 9.536743e-007 9.536743e-007 9.536743e-007 9.536743e-007 
3.051758e-005 3.051758e-005 3.051758e-005 3.051758e-005 3.051758e-005 
9.765625e-004 9.765625e-004 9.765625e-004 9.765625e-004 9.765625e-004 
3.125000e-002 3.125000e-002 3.125000e-002 3.125000e-002 3.125000e-002 
1.000000e+000 1.000000e+000 1.000000e+000 1.000000e+000 1.000000e+000 


1.000000e+000 0.000000e+000 0.000000e+000 0.000000e+000 0.000000e+000 
8.000000e-001 2.000000e-001 0.000000e+000 0.000000e+000 0.000000e+000 
6.400000e-001 3.200000e-001 4.000000e-002 0.000000e+000 0.000000e+000 
5.120000e-001 3.840000e-001 9.600000e-002 8.000000e-003 0.000000e+000 
4.096000e-001 4.096000e-001 1.536000e-001 2.560000e-002 1.600000e-003 
3.276800e-001 4.096000e-001 2.048000e-001 5.120000e-002 6.720000e-003 
2.621440e-001 3.932160e-001 2.457600e-001 8.192000e-002 1.696000e-002 
2.097152e-001 3.670016e-001 2.752512e-001 1.146880e-001 3.334400e-002 
1.677722e-001 3.355443e-001 2.936013e-001 1.468006e-001 5.628160e-002 
1.342177e-001 3.019899e-001 3.019899e-001 1.761608e-001 8.564173e-002 
1.073742e-001 2.684355e-001 3.019899e-001 2.013266e-001 1.208739e-001 
8.589935e-002 2.362232e-001 2.952790e-001 2.214593e-001 1.611392e-001 
6.871948e-002 2.061584e-001 2.834678e-001 2.362232e-001 2.054311e-001 
5.497558e-002 1.786706e-001 2.680060e-001 2.456721e-001 2.526757e-001 
4.398047e-002 1.539316e-001 2.501389e-001 2.501389e-001 3.018101e-001 
3.518437e-002 1.319414e-001 2.308974e-001 2.501389e-001 3.518379e-001 
2.814750e-002 1.125900e-001 2.111062e-001 2.462906e-001 4.018657e-001 
2.251800e-002 9.570149e-002 1.914030e-001 2.392537e-001 4.511238e-001 
1.801440e-002 8.106479e-002 1.722627e-001 2.296836e-001 4.989745e-001 
1.441152e-002 6.845471e-002 1.540231e-001 2.181994e-001 5.449113e-001 



Q star

------------
1  1  1  1  1  1  1  1  1  1  1  1  1  1  1  1  1  1  1  1  
------------

P star

-----------
1.136868e-032

A Martrix

8.000000e-001 2.000000e-001 0.000000e+000 0.000000e+000 0.000000e+000 
0.000000e+000 8.000000e-001 2.000000e-001 0.000000e+000 0.000000e+000 
0.000000e+000 0.000000e+000 8.000000e-001 2.000000e-001 0.000000e+000 
0.000000e+000 0.000000e+000 0.000000e+000 8.000000e-001 2.000000e-001 
0.000000e+000 0.000000e+000 0.000000e+000 0.000000e+000 1.000000e+000 

B Martrix

1.000000e-030 1.000000e-030 1.000000e-030 1.000000e-030 1.000000e-030 2.915922e-003 1.000000e-030 1.000000e-030 1.000000e-030 1.861351e-001 1.000000e-030 3.431557e-001 1.000000e-030 3.641989e-001 1.000000e-030 1.000000e-030 1.000000e-030 1.000000e-030 1.000000e-030 1.000000e-030 1.000000e-030 1.000000e-030 1.000000e-030 1.000000e-030 1.000000e-030 1.000000e-030 1.000000e-030 1.000000e-030 1.000000e-030 1.035944e-001 1.000000e-030 1.000000e-030 
1.000000e+000 1.000000e-030 1.000000e-030 1.000000e-030 1.000000e-030 1.000000e-030 1.000000e-030 1.000000e-030 1.000000e-030 1.000000e-030 1.000000e-030 1.000000e-030 1.000000e-030 1.000000e-030 1.000000e-030 1.000000e-030 1.000000e-030 1.000000e-030 1.000000e-030 1.000000e-030 1.000000e-030 1.000000e-030 1.000000e-030 1.000000e-030 1.000000e-030 1.000000e-030 1.000000e-030 1.000000e-030 1.000000e-030 1.000000e-030 1.000000e-030 1.000000e-030 
1.000000e+000 1.000000e-030 1.000000e-030 1.000000e-030 1.000000e-030 1.000000e-030 1.000000e-030 1.000000e-030 1.000000e-030 1.000000e-030 1.000000e-030 1.000000e-030 1.000000e-030 1.000000e-030 1.000000e-030 1.000000e-030 1.000000e-030 1.000000e-030 1.000000e-030 1.000000e-030 1.000000e-030 1.000000e-030 1.000000e-030 1.000000e-030 1.000000e-030 1.000000e-030 1.000000e-030 1.000000e-030 1.000000e-030 1.000000e-030 1.000000e-030 1.000000e-030 
1.000000e+000 1.000000e-030 1.000000e-030 1.000000e-030 1.000000e-030 1.000000e-030 1.000000e-030 1.000000e-030 1.000000e-030 1.000000e-030 1.000000e-030 1.000000e-030 1.000000e-030 1.000000e-030 1.000000e-030 1.000000e-030 1.000000e-030 1.000000e-030 1.000000e-030 1.000000e-030 1.000000e-030 1.000000e-030 1.000000e-030 1.000000e-030 1.000000e-030 1.000000e-030 1.000000e-030 1.000000e-030 1.000000e-030 1.000000e-030 1.000000e-030 1.000000e-030 
1.000000e+000 1.000000e-030 1.000000e-030 1.000000e-030 1.000000e-030 1.000000e-030 1.000000e-030 1.000000e-030 1.000000e-030 1.000000e-030 1.000000e-030 1.000000e-030 1.000000e-030 1.000000e-030 1.000000e-030 1.000000e-030 1.000000e-030 1.000000e-030 1.000000e-030 1.000000e-030 1.000000e-030 1.000000e-030 1.000000e-030 1.000000e-030 1.000000e-030 1.000000e-030 1.000000e-030 1.000000e-030 1.000000e-030 1.000000e-030 1.000000e-030 1.000000e-030 
Iteraion 2
-----------------

P(O|lamda) = 2.949293e-016

3.641989e-001 0.000000e+000 0.000000e+000 0.000000e+000 0.000000e+000 
1.061127e-001 7.283979e-032 0.000000e+000 0.000000e+000 0.000000e+000 
1.580104e-002 2.122254e-032 1.456796e-062 0.000000e+000 0.000000e+000 
1.309519e-003 3.160207e-033 4.244507e-063 2.913591e-093 0.000000e+000 
3.594950e-004 2.619037e-034 6.320415e-064 8.489015e-094 5.827183e-124 
9.869021e-005 7.189900e-035 5.238075e-065 1.264083e-094 1.697803e-124 
2.709288e-005 1.973804e-035 1.437980e-065 1.047615e-095 2.528166e-125 
7.437662e-006 5.418577e-036 3.947608e-066 2.875960e-096 2.095230e-126 
2.041821e-006 1.487532e-036 1.083715e-066 7.895217e-097 5.751920e-127 
5.605299e-007 4.083642e-037 2.975065e-067 2.167431e-097 1.579043e-127 
1.538792e-007 1.121060e-037 8.167283e-068 5.950130e-098 4.334862e-128 
2.291386e-008 3.077585e-038 2.242120e-068 1.633457e-098 1.190026e-128 
3.412059e-009 4.582772e-039 6.155169e-069 4.484239e-099 3.266913e-129 
9.366940e-010 6.824118e-040 9.165544e-070 1.231034e-099 8.968479e-130 
1.394813e-010 1.873388e-040 1.364824e-070 1.833109e-100 2.462068e-130 
2.076989e-011 2.789626e-041 3.746776e-071 2.729647e-101 3.666218e-131 
3.092805e-012 4.153979e-042 5.579252e-072 7.493552e-102 5.459294e-132 
8.490509e-013 6.185610e-043 8.307957e-073 1.115850e-102 1.498710e-132 
1.264305e-013 1.698102e-043 1.237122e-073 1.661591e-103 2.231701e-133 
2.949293e-016 2.528611e-044 3.396204e-074 2.474244e-104 3.323183e-134 


8.098027e-016 0.000000e+000 0.000000e+000 0.000000e+000 0.000000e+000 
2.779397e-015 0.000000e+000 0.000000e+000 0.000000e+000 0.000000e+000 
1.866519e-014 0.000000e+000 0.000000e+000 0.000000e+000 0.000000e+000 
2.252196e-013 0.000000e+000 0.000000e+000 0.000000e+000 0.000000e+000 
8.203988e-013 0.000000e+000 0.000000e+000 0.000000e+000 0.000000e+000 
2.988435e-012 0.000000e+000 0.000000e+000 0.000000e+000 0.000000e+000 
1.088586e-011 0.000000e+000 0.000000e+000 0.000000e+000 0.000000e+000 
3.965349e-011 0.000000e+000 0.000000e+000 0.000000e+000 0.000000e+000 
1.444443e-010 0.000000e+000 0.000000e+000 0.000000e+000 0.000000e+000 
5.261615e-010 1.000000e-300 1.000000e-300 1.000000e-300 1.000000e-300 
1.916628e-009 1.000000e-270 1.000000e-270 1.000000e-270 1.000000e-270 
1.287122e-008 1.000000e-240 1.000000e-240 1.000000e-240 1.000000e-240 
8.643733e-008 1.000000e-210 1.000000e-210 1.000000e-210 1.000000e-210 
3.148619e-007 1.000000e-180 1.000000e-180 1.000000e-180 1.000000e-180 
2.114472e-006 1.000000e-150 1.000000e-150 1.000000e-150 1.000000e-150 
1.419985e-005 1.000000e-120 1.000000e-120 1.000000e-120 1.000000e-120 
9.535980e-005 1.000000e-090 1.000000e-090 1.000000e-090 1.000000e-090 
3.473635e-004 1.000000e-060 1.000000e-060 1.000000e-060 1.000000e-060 
2.332738e-003 1.000000e-030 1.000000e-030 1.000000e-030 1.000000e-030 
1.000000e+000 1.000000e+000 1.000000e+000 1.000000e+000 1.000000e+000 


1.000000e+000 0.000000e+000 0.000000e+000 0.000000e+000 0.000000e+000 
1.000000e+000 0.000000e+000 0.000000e+000 0.000000e+000 0.000000e+000 
1.000000e+000 0.000000e+000 0.000000e+000 0.000000e+000 0.000000e+000 
1.000000e+000 0.000000e+000 0.000000e+000 0.000000e+000 0.000000e+000 
1.000000e+000 0.000000e+000 0.000000e+000 0.000000e+000 0.000000e+000 
1.000000e+000 0.000000e+000 0.000000e+000 0.000000e+000 0.000000e+000 
1.000000e+000 0.000000e+000 0.000000e+000 0.000000e+000 0.000000e+000 
1.000000e+000 0.000000e+000 0.000000e+000 0.000000e+000 0.000000e+000 
1.000000e+000 0.000000e+000 0.000000e+000 0.000000e+000 0.000000e+000 
1.000000e+000 1.383384e-321 0.000000e+000 0.000000e+000 0.000000e+000 
1.000000e+000 3.801114e-292 2.766768e-322 0.000000e+000 0.000000e+000 
1.000000e+000 1.043499e-262 7.602228e-293 5.434722e-323 0.000000e+000 
1.000000e+000 1.553855e-233 2.086998e-263 1.520446e-293 9.881313e-324 
1.000000e+000 2.313815e-204 3.107709e-234 4.173997e-264 3.040891e-294 
1.000000e+000 6.351990e-175 4.627630e-205 6.215418e-235 8.347993e-265 
1.000000e+000 9.458627e-146 1.270398e-175 9.255260e-206 1.243084e-235 
1.000000e+000 1.408466e-116 1.891725e-146 2.540796e-176 1.851052e-206 
1.000000e+000 2.097320e-087 2.816932e-117 3.783451e-147 5.081592e-177 
1.000000e+000 5.757658e-058 4.194639e-088 5.633864e-118 7.566902e-148 
1.000000e+000 8.573617e-029 1.151532e-058 8.389279e-089 1.126773e-118 



Q star

------------
1  1  1  1  1  1  1  1  1  1  1  1  1  1  1  1  1  1  1  1  
------------

P star

-----------
2.949293e-016

A Martrix

1.000000e+000 4.512430e-030 0.000000e+000 0.000000e+000 0.000000e+000 
0.000000e+000 8.000000e-001 2.000000e-001 0.000000e+000 0.000000e+000 
0.000000e+000 0.000000e+000 8.000000e-001 2.000000e-001 0.000000e+000 
0.000000e+000 0.000000e+000 0.000000e+000 8.000000e-001 2.000000e-001 
0.000000e+000 0.000000e+000 0.000000e+000 0.000000e+000 1.000000e+000 

B Martrix

1.000000e-030 1.000000e-030 1.000000e-030 1.000000e-030 1.000000e-030 5.000000e-002 1.000000e-030 1.000000e-030 1.000000e-030 3.500000e-001 1.000000e-030 4.500000e-001 1.000000e-030 1.000000e-001 1.000000e-030 1.000000e-030 1.000000e-030 1.000000e-030 1.000000e-030 1.000000e-030 1.000000e-030 1.000000e-030 1.000000e-030 1.000000e-030 1.000000e-030 1.000000e-030 1.000000e-030 1.000000e-030 1.000000e-030 5.000000e-002 1.000000e-030 1.000000e-030 
1.000000e+000 1.000000e-030 1.000000e-030 1.000000e-030 1.000000e-030 1.000000e-030 1.000000e-030 1.000000e-030 1.000000e-030 1.000000e-030 1.000000e-030 1.000000e-030 1.000000e-030 1.000000e-030 1.000000e-030 1.000000e-030 1.000000e-030 1.000000e-030 1.000000e-030 1.000000e-030 1.000000e-030 1.000000e-030 1.000000e-030 1.000000e-030 1.000000e-030 1.000000e-030 1.000000e-030 1.000000e-030 1.000000e-030 1.000000e-030 1.000000e-030 1.000000e-030 
1.000000e+000 1.000000e-030 1.000000e-030 1.000000e-030 1.000000e-030 1.000000e-030 1.000000e-030 1.000000e-030 1.000000e-030 1.000000e-030 1.000000e-030 1.000000e-030 1.000000e-030 1.000000e-030 1.000000e-030 1.000000e-030 1.000000e-030 1.000000e-030 1.000000e-030 1.000000e-030 1.000000e-030 1.000000e-030 1.000000e-030 1.000000e-030 1.000000e-030 1.000000e-030 1.000000e-030 1.000000e-030 1.000000e-030 1.000000e-030 1.000000e-030 1.000000e-030 
1.000000e+000 1.000000e-030 1.000000e-030 1.000000e-030 1.000000e-030 1.000000e-030 1.000000e-030 1.000000e-030 1.000000e-030 1.000000e-030 1.000000e-030 1.000000e-030 1.000000e-030 1.000000e-030 1.000000e-030 1.000000e-030 1.000000e-030 1.000000e-030 1.000000e-030 1.000000e-030 1.000000e-030 1.000000e-030 1.000000e-030 1.000000e-030 1.000000e-030 1.000000e-030 1.000000e-030 1.000000e-030 1.000000e-030 1.000000e-030 1.000000e-030 1.000000e-030 
1.000000e+000 1.000000e-030 1.000000e-030 1.000000e-030 1.000000e-030 1.000000e-030 1.000000e-030 1.000000e-030 1.000000e-030 1.000000e-030 1.000000e-030 1.000000e-030 1.000000e-030 1.000000e-030 1.000000e-030 1.000000e-030 1.000000e-030 1.000000e-030 1.000000e-030 1.000000e-030 1.000000e-030 1.000000e-030 1.000000e-030 1.000000e-030 1.000000e-030 1.000000e-030 1.000000e-030 1.000000e-030 1.000000e-030 1.000000e-030 1.000000e-030 1.000000e-030 
Iteraion 3
-----------------

P(O|lamda) = 1.217108e-011

1.000000e-001 0.000000e+000 0.000000e+000 0.000000e+000 0.000000e+000 
1.000000e-002 4.512430e-061 0.000000e+000 0.000000e+000 0.000000e+000 
3.500000e-003 4.512430e-062 9.024860e-092 0.000000e+000 0.000000e+000 
1.750000e-004 1.579351e-062 9.024860e-093 1.804972e-122 0.000000e+000 
7.875000e-005 7.896753e-064 3.158701e-093 1.804972e-123 3.609944e-153 
3.543750e-005 3.553539e-064 1.579351e-094 6.317402e-124 3.609944e-154 
1.594688e-005 1.599092e-064 7.107078e-095 3.158701e-125 1.263480e-154 
7.176094e-006 7.195916e-065 3.198185e-095 1.421416e-125 6.317402e-156 
3.229242e-006 3.238162e-065 1.439183e-095 6.396370e-126 2.842831e-156 
1.453159e-006 1.457173e-065 6.476324e-096 2.878366e-126 1.279274e-156 
6.539215e-007 6.557278e-066 2.914346e-096 1.295265e-126 5.756733e-157 
2.288725e-007 2.950775e-066 1.311456e-096 5.828692e-127 2.590530e-157 
8.010539e-008 1.032771e-066 5.901551e-097 2.622911e-127 1.165738e-157 
3.604743e-008 3.614700e-067 2.065543e-097 1.180310e-127 5.245823e-158 
1.261660e-008 1.626615e-067 7.229400e-098 4.131085e-128 2.360620e-158 
4.415810e-009 5.693152e-068 3.253230e-098 1.445880e-128 8.262171e-159 
1.545533e-009 1.992603e-068 1.138630e-098 6.506460e-129 2.891760e-159 
6.954900e-010 6.974111e-069 3.985206e-099 2.277261e-129 1.301292e-159 
2.434215e-010 3.138350e-069 1.394822e-099 7.970413e-130 4.554522e-160 
1.217108e-011 1.098423e-069 6.276700e-100 2.789645e-130 1.594083e-160 


1.217108e-010 0.000000e+000 0.000000e+000 0.000000e+000 0.000000e+000 
1.217108e-009 0.000000e+000 0.000000e+000 0.000000e+000 0.000000e+000 
3.477450e-009 0.000000e+000 0.000000e+000 0.000000e+000 0.000000e+000 
6.954900e-008 0.000000e+000 0.000000e+000 0.000000e+000 0.000000e+000 
1.545533e-007 0.000000e+000 0.000000e+000 0.000000e+000 0.000000e+000 
3.434519e-007 0.000000e+000 0.000000e+000 0.000000e+000 0.000000e+000 
7.632263e-007 0.000000e+000 0.000000e+000 0.000000e+000 0.000000e+000 
1.696059e-006 0.000000e+000 0.000000e+000 0.000000e+000 0.000000e+000 
3.769019e-006 0.000000e+000 0.000000e+000 0.000000e+000 0.000000e+000 
8.375598e-006 1.000000e-300 1.000000e-300 1.000000e-300 1.000000e-300 
1.861244e-005 1.000000e-270 1.000000e-270 1.000000e-270 1.000000e-270 
5.317840e-005 1.000000e-240 1.000000e-240 1.000000e-240 1.000000e-240 
1.519383e-004 1.000000e-210 1.000000e-210 1.000000e-210 1.000000e-210 
3.376406e-004 1.000000e-180 1.000000e-180 1.000000e-180 1.000000e-180 
9.646875e-004 1.000000e-150 1.000000e-150 1.000000e-150 1.000000e-150 
2.756250e-003 1.000000e-120 1.000000e-120 1.000000e-120 1.000000e-120 
7.875000e-003 1.000000e-090 1.000000e-090 1.000000e-090 1.000000e-090 
1.750000e-002 1.000000e-060 1.000000e-060 1.000000e-060 1.000000e-060 
5.000000e-002 1.000000e-030 1.000000e-030 1.000000e-030 1.000000e-030 
1.000000e+000 1.000000e+000 1.000000e+000 1.000000e+000 1.000000e+000 


1.000000e+000 0.000000e+000 0.000000e+000 0.000000e+000 0.000000e+000 
1.000000e+000 0.000000e+000 0.000000e+000 0.000000e+000 0.000000e+000 
1.000000e+000 0.000000e+000 0.000000e+000 0.000000e+000 0.000000e+000 
1.000000e+000 0.000000e+000 0.000000e+000 0.000000e+000 0.000000e+000 
1.000000e+000 0.000000e+000 0.000000e+000 0.000000e+000 0.000000e+000 
1.000000e+000 0.000000e+000 0.000000e+000 0.000000e+000 0.000000e+000 
1.000000e+000 0.000000e+000 0.000000e+000 0.000000e+000 0.000000e+000 
1.000000e+000 0.000000e+000 0.000000e+000 0.000000e+000 0.000000e+000 
1.000000e+000 0.000000e+000 0.000000e+000 0.000000e+000 0.000000e+000 
1.000000e+000 0.000000e+000 0.000000e+000 0.000000e+000 0.000000e+000 
1.000000e+000 0.000000e+000 0.000000e+000 0.000000e+000 0.000000e+000 
1.000000e+000 2.424416e-295 0.000000e+000 0.000000e+000 0.000000e+000 
1.000000e+000 8.485457e-266 4.848833e-296 0.000000e+000 0.000000e+000 
1.000000e+000 2.969910e-236 1.697091e-266 9.697665e-297 0.000000e+000 
1.000000e+000 1.336459e-206 5.939820e-237 3.394183e-267 1.939533e-297 
1.000000e+000 4.677608e-177 2.672919e-207 1.187964e-237 6.788366e-268 
1.000000e+000 1.637163e-147 9.355216e-178 5.345838e-208 2.375928e-238 
1.000000e+000 5.730070e-118 3.274326e-148 1.871043e-178 1.069168e-208 
1.000000e+000 2.578532e-088 1.146014e-118 6.548652e-149 3.742087e-179 
1.000000e+000 9.024860e-059 5.157063e-089 2.292028e-119 1.309730e-149 



Q star

------------
1  1  1  1  1  1  1  1  1  1  1  1  1  1  1  1  1  1  1  1  
------------

P star

-----------
1.217108e-011

A Martrix

1.000000e+000 4.749927e-060 0.000000e+000 0.000000e+000 0.000000e+000 
0.000000e+000 8.000000e-001 2.000000e-001 0.000000e+000 0.000000e+000 
0.000000e+000 0.000000e+000 8.000000e-001 2.000000e-001 0.000000e+000 
0.000000e+000 0.000000e+000 0.000000e+000 8.000000e-001 2.000000e-001 
0.000000e+000 0.000000e+000 0.000000e+000 0.000000e+000 1.000000e+000 

B Martrix

1.000000e-030 1.000000e-030 1.000000e-030 1.000000e-030 1.000000e-030 5.000000e-002 1.000000e-030 1.000000e-030 1.000000e-030 3.500000e-001 1.000000e-030 4.500000e-001 1.000000e-030 1.000000e-001 1.000000e-030 1.000000e-030 1.000000e-030 1.000000e-030 1.000000e-030 1.000000e-030 1.000000e-030 1.000000e-030 1.000000e-030 1.000000e-030 1.000000e-030 1.000000e-030 1.000000e-030 1.000000e-030 1.000000e-030 5.000000e-002 1.000000e-030 1.000000e-030 
1.000000e+000 1.000000e-030 1.000000e-030 1.000000e-030 1.000000e-030 1.000000e-030 1.000000e-030 1.000000e-030 1.000000e-030 1.000000e-030 1.000000e-030 1.000000e-030 1.000000e-030 1.000000e-030 1.000000e-030 1.000000e-030 1.000000e-030 1.000000e-030 1.000000e-030 1.000000e-030 1.000000e-030 1.000000e-030 1.000000e-030 1.000000e-030 1.000000e-030 1.000000e-030 1.000000e-030 1.000000e-030 1.000000e-030 1.000000e-030 1.000000e-030 1.000000e-030 
1.000000e+000 1.000000e-030 1.000000e-030 1.000000e-030 1.000000e-030 1.000000e-030 1.000000e-030 1.000000e-030 1.000000e-030 1.000000e-030 1.000000e-030 1.000000e-030 1.000000e-030 1.000000e-030 1.000000e-030 1.000000e-030 1.000000e-030 1.000000e-030 1.000000e-030 1.000000e-030 1.000000e-030 1.000000e-030 1.000000e-030 1.000000e-030 1.000000e-030 1.000000e-030 1.000000e-030 1.000000e-030 1.000000e-030 1.000000e-030 1.000000e-030 1.000000e-030 
1.000000e+000 1.000000e-030 1.000000e-030 1.000000e-030 1.000000e-030 1.000000e-030 1.000000e-030 1.000000e-030 1.000000e-030 1.000000e-030 1.000000e-030 1.000000e-030 1.000000e-030 1.000000e-030 1.000000e-030 1.000000e-030 1.000000e-030 1.000000e-030 1.000000e-030 1.000000e-030 1.000000e-030 1.000000e-030 1.000000e-030 1.000000e-030 1.000000e-030 1.000000e-030 1.000000e-030 1.000000e-030 1.000000e-030 1.000000e-030 1.000000e-030 1.000000e-030 
1.000000e+000 1.000000e-030 1.000000e-030 1.000000e-030 1.000000e-030 1.000000e-030 1.000000e-030 1.000000e-030 1.000000e-030 1.000000e-030 1.000000e-030 1.000000e-030 1.000000e-030 1.000000e-030 1.000000e-030 1.000000e-030 1.000000e-030 1.000000e-030 1.000000e-030 1.000000e-030 1.000000e-030 1.000000e-030 1.000000e-030 1.000000e-030 1.000000e-030 1.000000e-030 1.000000e-030 1.000000e-030 1.000000e-030 1.000000e-030 1.000000e-030 1.000000e-030 
Iteraion 4
-----------------

P(O|lamda) = 1.217108e-011

1.000000e-001 0.000000e+000 0.000000e+000 0.000000e+000 0.000000e+000 
1.000000e-002 4.749927e-091 0.000000e+000 0.000000e+000 0.000000e+000 
3.500000e-003 4.749927e-092 9.499853e-122 0.000000e+000 0.000000e+000 
1.750000e-004 1.662474e-092 9.499853e-123 1.899971e-152 0.000000e+000 
7.875000e-005 8.312371e-094 3.324949e-123 1.899971e-153 3.799941e-183 
3.543750e-005 3.740567e-094 1.662474e-124 6.649897e-154 3.799941e-184 
1.594688e-005 1.683255e-094 7.481134e-125 3.324949e-155 1.329979e-184 
7.176094e-006 7.574648e-095 3.366510e-125 1.496227e-155 6.649897e-186 
3.229242e-006 3.408592e-095 1.514930e-125 6.733021e-156 2.992454e-186 
1.453159e-006 1.533866e-095 6.817184e-126 3.029859e-156 1.346604e-186 
6.539215e-007 6.902398e-096 3.067733e-126 1.363437e-156 6.059719e-187 
2.288725e-007 3.106079e-096 1.380480e-126 6.135465e-157 2.726873e-187 
8.010539e-008 1.087128e-096 6.212159e-127 2.760959e-157 1.227093e-187 
3.604743e-008 3.804947e-097 2.174255e-127 1.242432e-157 5.521919e-188 
1.261660e-008 1.712226e-097 7.609894e-128 4.348511e-158 2.484863e-188 
4.415810e-009 5.992792e-098 3.424452e-128 1.521979e-158 8.697022e-189 
1.545533e-009 2.097477e-098 1.198558e-128 6.848905e-159 3.043958e-189 
6.954900e-010 7.341170e-099 4.194954e-129 2.397117e-159 1.369781e-189 
2.434215e-010 3.303526e-099 1.468234e-129 8.389908e-160 4.794233e-190 
1.217108e-011 1.156234e-099 6.607053e-130 2.936468e-160 1.677982e-190 


1.217108e-010 0.000000e+000 0.000000e+000 0.000000e+000 0.000000e+000 
1.217108e-009 0.000000e+000 0.000000e+000 0.000000e+000 0.000000e+000 
3.477450e-009 0.000000e+000 0.000000e+000 0.000000e+000 0.000000e+000 
6.954900e-008 0.000000e+000 0.000000e+000 0.000000e+000 0.000000e+000 
1.545533e-007 0.000000e+000 0.000000e+000 0.000000e+000 0.000000e+000 
3.434519e-007 0.000000e+000 0.000000e+000 0.000000e+000 0.000000e+000 
7.632263e-007 0.000000e+000 0.000000e+000 0.000000e+000 0.000000e+000 
1.696059e-006 0.000000e+000 0.000000e+000 0.000000e+000 0.000000e+000 
3.769019e-006 0.000000e+000 0.000000e+000 0.000000e+000 0.000000e+000 
8.375598e-006 1.000000e-300 1.000000e-300 1.000000e-300 1.000000e-300 
1.861244e-005 1.000000e-270 1.000000e-270 1.000000e-270 1.000000e-270 
5.317840e-005 1.000000e-240 1.000000e-240 1.000000e-240 1.000000e-240 
1.519383e-004 1.000000e-210 1.000000e-210 1.000000e-210 1.000000e-210 
3.376406e-004 1.000000e-180 1.000000e-180 1.000000e-180 1.000000e-180 
9.646875e-004 1.000000e-150 1.000000e-150 1.000000e-150 1.000000e-150 
2.756250e-003 1.000000e-120 1.000000e-120 1.000000e-120 1.000000e-120 
7.875000e-003 1.000000e-090 1.000000e-090 1.000000e-090 1.000000e-090 
1.750000e-002 1.000000e-060 1.000000e-060 1.000000e-060 1.000000e-060 
5.000000e-002 1.000000e-030 1.000000e-030 1.000000e-030 1.000000e-030 
1.000000e+000 1.000000e+000 1.000000e+000 1.000000e+000 1.000000e+000 


1.000000e+000 0.000000e+000 0.000000e+000 0.000000e+000 0.000000e+000 
1.000000e+000 0.000000e+000 0.000000e+000 0.000000e+000 0.000000e+000 
1.000000e+000 0.000000e+000 0.000000e+000 0.000000e+000 0.000000e+000 
1.000000e+000 0.000000e+000 0.000000e+000 0.000000e+000 0.000000e+000 
1.000000e+000 0.000000e+000 0.000000e+000 0.000000e+000 0.000000e+000 
1.000000e+000 0.000000e+000 0.000000e+000 0.000000e+000 0.000000e+000 
1.000000e+000 0.000000e+000 0.000000e+000 0.000000e+000 0.000000e+000 
1.000000e+000 0.000000e+000 0.000000e+000 0.000000e+000 0.000000e+000 
1.000000e+000 0.000000e+000 0.000000e+000 0.000000e+000 0.000000e+000 
1.000000e+000 0.000000e+000 0.000000e+000 0.000000e+000 0.000000e+000 
1.000000e+000 0.000000e+000 0.000000e+000 0.000000e+000 0.000000e+000 
1.000000e+000 0.000000e+000 0.000000e+000 0.000000e+000 0.000000e+000 
1.000000e+000 8.932060e-296 0.000000e+000 0.000000e+000 0.000000e+000 
1.000000e+000 3.126221e-266 1.786412e-296 0.000000e+000 0.000000e+000 
1.000000e+000 1.406799e-236 6.252442e-267 3.572824e-297 0.000000e+000 
1.000000e+000 4.923798e-207 2.813599e-237 1.250488e-267 7.145648e-298 
1.000000e+000 1.723329e-177 9.847596e-208 5.627198e-238 2.500977e-268 
1.000000e+000 6.031653e-148 3.446659e-178 1.969519e-208 1.125440e-238 
1.000000e+000 2.714244e-118 1.206331e-148 6.893317e-179 3.939039e-209 
1.000000e+000 9.499853e-089 5.428487e-119 2.412661e-149 1.378663e-179 



Q star

------------
1  1  1  1  1  1  1  1  1  1  1  1  1  1  1  1  1  1  1  1  
------------

P star

-----------
1.217108e-011

A Martrix

1.000000e+000 4.999923e-090 0.000000e+000 0.000000e+000 0.000000e+000 
0.000000e+000 8.000000e-001 2.000000e-001 0.000000e+000 0.000000e+000 
0.000000e+000 0.000000e+000 8.000000e-001 2.000000e-001 0.000000e+000 
0.000000e+000 0.000000e+000 0.000000e+000 8.000000e-001 2.000000e-001 
0.000000e+000 0.000000e+000 0.000000e+000 0.000000e+000 1.000000e+000 

B Martrix

1.000000e-030 1.000000e-030 1.000000e-030 1.000000e-030 1.000000e-030 5.000000e-002 1.000000e-030 1.000000e-030 1.000000e-030 3.500000e-001 1.000000e-030 4.500000e-001 1.000000e-030 1.000000e-001 1.000000e-030 1.000000e-030 1.000000e-030 1.000000e-030 1.000000e-030 1.000000e-030 1.000000e-030 1.000000e-030 1.000000e-030 1.000000e-030 1.000000e-030 1.000000e-030 1.000000e-030 1.000000e-030 1.000000e-030 5.000000e-002 1.000000e-030 1.000000e-030 
1.000000e+000 1.000000e-030 1.000000e-030 1.000000e-030 1.000000e-030 1.000000e-030 1.000000e-030 1.000000e-030 1.000000e-030 1.000000e-030 1.000000e-030 1.000000e-030 1.000000e-030 1.000000e-030 1.000000e-030 1.000000e-030 1.000000e-030 1.000000e-030 1.000000e-030 1.000000e-030 1.000000e-030 1.000000e-030 1.000000e-030 1.000000e-030 1.000000e-030 1.000000e-030 1.000000e-030 1.000000e-030 1.000000e-030 1.000000e-030 1.000000e-030 1.000000e-030 
1.000000e+000 1.000000e-030 1.000000e-030 1.000000e-030 1.000000e-030 1.000000e-030 1.000000e-030 1.000000e-030 1.000000e-030 1.000000e-030 1.000000e-030 1.000000e-030 1.000000e-030 1.000000e-030 1.000000e-030 1.000000e-030 1.000000e-030 1.000000e-030 1.000000e-030 1.000000e-030 1.000000e-030 1.000000e-030 1.000000e-030 1.000000e-030 1.000000e-030 1.000000e-030 1.000000e-030 1.000000e-030 1.000000e-030 1.000000e-030 1.000000e-030 1.000000e-030 
1.000000e+000 1.000000e-030 1.000000e-030 1.000000e-030 1.000000e-030 1.000000e-030 1.000000e-030 1.000000e-030 1.000000e-030 1.000000e-030 1.000000e-030 1.000000e-030 1.000000e-030 1.000000e-030 1.000000e-030 1.000000e-030 1.000000e-030 1.000000e-030 1.000000e-030 1.000000e-030 1.000000e-030 1.000000e-030 1.000000e-030 1.000000e-030 1.000000e-030 1.000000e-030 1.000000e-030 1.000000e-030 1.000000e-030 1.000000e-030 1.000000e-030 1.000000e-030 
1.000000e+000 1.000000e-030 1.000000e-030 1.000000e-030 1.000000e-030 1.000000e-030 1.000000e-030 1.000000e-030 1.000000e-030 1.000000e-030 1.000000e-030 1.000000e-030 1.000000e-030 1.000000e-030 1.000000e-030 1.000000e-030 1.000000e-030 1.000000e-030 1.000000e-030 1.000000e-030 1.000000e-030 1.000000e-030 1.000000e-030 1.000000e-030 1.000000e-030 1.000000e-030 1.000000e-030 1.000000e-030 1.000000e-030 1.000000e-030 1.000000e-030 1.000000e-030 
=================
