18	18	18	26	18	6	25	25	25	10	25	18	18	18	18	18	18	18	10	25	18	18	6	25	25	18	18	18	18	26	6	26	26	10	18	26	26	18	18	18	
Iteraion 1
-----------------

P(O|lamda) = 6.223015e-061

3.125000e-002 0.000000e+000 0.000000e+000 0.000000e+000 0.000000e+000 
7.812500e-004 1.953125e-004 0.000000e+000 0.000000e+000 0.000000e+000 
1.953125e-005 9.765625e-006 1.220703e-006 0.000000e+000 0.000000e+000 
4.882813e-007 3.662109e-007 9.155273e-008 7.629395e-009 0.000000e+000 
1.220703e-008 1.220703e-008 4.577637e-009 7.629395e-010 4.768372e-011 
3.051758e-010 3.814697e-010 1.907349e-010 4.768372e-011 6.258488e-012 
7.629395e-012 1.144409e-011 7.152557e-012 2.384186e-012 4.936010e-013 
1.907349e-013 3.337860e-013 2.503395e-013 1.043081e-013 3.032619e-014 
4.768372e-015 9.536743e-015 8.344650e-015 4.172325e-015 1.599619e-015 
1.192093e-016 2.682209e-016 2.682209e-016 1.564622e-016 7.606513e-017 
2.980232e-018 7.450581e-018 8.381903e-018 5.587935e-018 3.354924e-018 
7.450581e-020 2.048910e-019 2.561137e-019 1.920853e-019 1.397660e-019 
1.862645e-021 5.587935e-021 7.683411e-021 6.402843e-021 5.568220e-021 
4.656613e-023 1.513399e-022 2.270099e-022 2.080924e-022 2.140246e-022 
1.164153e-024 4.074536e-024 6.621121e-024 6.621121e-024 7.988847e-024 
2.910383e-026 1.091394e-025 1.909939e-025 2.069100e-025 2.910335e-025 
7.275958e-028 2.910383e-027 5.456968e-027 6.366463e-027 1.038798e-026 
1.818989e-029 7.730705e-029 1.546141e-028 1.932676e-028 3.644149e-028 
4.547474e-031 2.046363e-030 4.348522e-030 5.798029e-030 1.259589e-029 
1.136868e-032 5.400125e-032 1.215028e-031 1.721290e-031 4.298592e-031 
2.842171e-034 1.421085e-033 3.375078e-033 5.062617e-033 1.450891e-032 
7.105427e-036 3.730349e-035 9.325873e-035 1.476597e-034 4.850447e-034 
1.776357e-037 9.769963e-037 2.564615e-036 4.274359e-036 1.608052e-035 
4.440892e-039 2.553513e-038 7.022161e-038 1.228878e-037 5.292309e-037 
1.110223e-040 6.661338e-040 1.915135e-039 3.511080e-039 1.730652e-038 
2.775558e-042 1.734723e-041 5.204170e-041 9.974660e-041 5.627729e-040 
6.938894e-044 4.510281e-043 1.409463e-042 2.818926e-042 1.821007e-041 
1.734723e-045 1.170938e-044 3.805550e-044 7.928228e-044 5.866829e-043 
4.336809e-047 3.035766e-046 1.024571e-045 2.219904e-045 1.882936e-044 
1.084202e-048 7.860466e-048 2.751163e-047 6.190117e-047 6.022918e-046 
2.710505e-050 2.032879e-049 7.369187e-049 1.719477e-048 1.920850e-047 
6.776264e-052 5.251604e-051 1.969352e-050 4.759266e-050 6.110124e-049 
1.694066e-053 1.355253e-052 5.251604e-052 1.312901e-051 1.939159e-050 
4.235165e-055 3.494011e-054 1.397604e-053 3.610478e-053 6.141928e-052 
1.058791e-056 8.999725e-056 3.712387e-055 9.899698e-055 1.941918e-053 
2.646978e-058 2.316106e-057 9.843449e-057 2.706949e-056 6.130367e-055 
6.617445e-060 5.955700e-059 2.605619e-058 7.382587e-058 1.932658e-056 
1.654361e-061 1.530284e-060 6.886279e-060 2.008498e-059 6.085698e-058 
4.135903e-063 3.929108e-062 1.817212e-061 5.451637e-061 1.914334e-059 
1.033976e-064 1.008126e-063 4.788600e-063 1.476485e-062 6.016366e-061 


1.991365e-059 1.991365e-059 1.991365e-059 1.991365e-059 1.991365e-059 
6.372368e-058 6.372368e-058 6.372368e-058 6.372368e-058 6.372368e-058 
2.039158e-056 2.039158e-056 2.039158e-056 2.039158e-056 2.039158e-056 
6.525304e-055 6.525304e-055 6.525304e-055 6.525304e-055 6.525304e-055 
2.088097e-053 2.088097e-053 2.088097e-053 2.088097e-053 2.088097e-053 
6.681912e-052 6.681912e-052 6.681912e-052 6.681912e-052 6.681912e-052 
2.138212e-050 2.138212e-050 2.138212e-050 2.138212e-050 2.138212e-050 
6.842278e-049 6.842278e-049 6.842278e-049 6.842278e-049 6.842278e-049 
2.189529e-047 2.189529e-047 2.189529e-047 2.189529e-047 2.189529e-047 
7.006492e-046 7.006492e-046 7.006492e-046 7.006492e-046 7.006492e-046 
2.242078e-044 2.242078e-044 2.242078e-044 2.242078e-044 2.242078e-044 
7.174648e-043 7.174648e-043 7.174648e-043 7.174648e-043 7.174648e-043 
2.295887e-041 2.295887e-041 2.295887e-041 2.295887e-041 2.295887e-041 
7.346840e-040 7.346840e-040 7.346840e-040 7.346840e-040 7.346840e-040 
2.350989e-038 2.350989e-038 2.350989e-038 2.350989e-038 2.350989e-038 
7.523164e-037 7.523164e-037 7.523164e-037 7.523164e-037 7.523164e-037 
2.407412e-035 2.407412e-035 2.407412e-035 2.407412e-035 2.407412e-035 
7.703720e-034 7.703720e-034 7.703720e-034 7.703720e-034 7.703720e-034 
2.465190e-032 2.465190e-032 2.465190e-032 2.465190e-032 2.465190e-032 
7.888609e-031 7.888609e-031 7.888609e-031 7.888609e-031 7.888609e-031 
2.524355e-029 2.524355e-029 2.524355e-029 2.524355e-029 2.524355e-029 
8.077936e-028 8.077936e-028 8.077936e-028 8.077936e-028 8.077936e-028 
2.584939e-026 2.584939e-026 2.584939e-026 2.584939e-026 2.584939e-026 
8.271806e-025 8.271806e-025 8.271806e-025 8.271806e-025 8.271806e-025 
2.646978e-023 2.646978e-023 2.646978e-023 2.646978e-023 2.646978e-023 
8.470329e-022 8.470329e-022 8.470329e-022 8.470329e-022 8.470329e-022 
2.710505e-020 2.710505e-020 2.710505e-020 2.710505e-020 2.710505e-020 
8.673617e-019 8.673617e-019 8.673617e-019 8.673617e-019 8.673617e-019 
2.775558e-017 2.775558e-017 2.775558e-017 2.775558e-017 2.775558e-017 
8.881784e-016 8.881784e-016 8.881784e-016 8.881784e-016 8.881784e-016 
2.842171e-014 2.842171e-014 2.842171e-014 2.842171e-014 2.842171e-014 
9.094947e-013 9.094947e-013 9.094947e-013 9.094947e-013 9.094947e-013 
2.910383e-011 2.910383e-011 2.910383e-011 2.910383e-011 2.910383e-011 
9.313226e-010 9.313226e-010 9.313226e-010 9.313226e-010 9.313226e-010 
2.980232e-008 2.980232e-008 2.980232e-008 2.980232e-008 2.980232e-008 
9.536743e-007 9.536743e-007 9.536743e-007 9.536743e-007 9.536743e-007 
3.051758e-005 3.051758e-005 3.051758e-005 3.051758e-005 3.051758e-005 
9.765625e-004 9.765625e-004 9.765625e-004 9.765625e-004 9.765625e-004 
3.125000e-002 3.125000e-002 3.125000e-002 3.125000e-002 3.125000e-002 
1.000000e+000 1.000000e+000 1.000000e+000 1.000000e+000 1.000000e+000 


1.000000e+000 0.000000e+000 0.000000e+000 0.000000e+000 0.000000e+000 
8.000000e-001 2.000000e-001 0.000000e+000 0.000000e+000 0.000000e+000 
6.400000e-001 3.200000e-001 4.000000e-002 0.000000e+000 0.000000e+000 
5.120000e-001 3.840000e-001 9.600000e-002 8.000000e-003 0.000000e+000 
4.096000e-001 4.096000e-001 1.536000e-001 2.560000e-002 1.600000e-003 
3.276800e-001 4.096000e-001 2.048000e-001 5.120000e-002 6.720000e-003 
2.621440e-001 3.932160e-001 2.457600e-001 8.192000e-002 1.696000e-002 
2.097152e-001 3.670016e-001 2.752512e-001 1.146880e-001 3.334400e-002 
1.677722e-001 3.355443e-001 2.936013e-001 1.468006e-001 5.628160e-002 
1.342177e-001 3.019899e-001 3.019899e-001 1.761608e-001 8.564173e-002 
1.073742e-001 2.684355e-001 3.019899e-001 2.013266e-001 1.208739e-001 
8.589935e-002 2.362232e-001 2.952790e-001 2.214593e-001 1.611392e-001 
6.871948e-002 2.061584e-001 2.834678e-001 2.362232e-001 2.054311e-001 
5.497558e-002 1.786706e-001 2.680060e-001 2.456721e-001 2.526757e-001 
4.398047e-002 1.539316e-001 2.501389e-001 2.501389e-001 3.018101e-001 
3.518437e-002 1.319414e-001 2.308974e-001 2.501389e-001 3.518379e-001 
2.814750e-002 1.125900e-001 2.111062e-001 2.462906e-001 4.018657e-001 
2.251800e-002 9.570149e-002 1.914030e-001 2.392537e-001 4.511238e-001 
1.801440e-002 8.106479e-002 1.722627e-001 2.296836e-001 4.989745e-001 
1.441152e-002 6.845471e-002 1.540231e-001 2.181994e-001 5.449113e-001 
1.152922e-002 5.764608e-002 1.369094e-001 2.053641e-001 5.885511e-001 
9.223372e-003 4.842270e-002 1.210568e-001 1.916732e-001 6.296240e-001 
7.378698e-003 4.058284e-002 1.065299e-001 1.775499e-001 6.679586e-001 
5.902958e-003 3.394201e-002 9.334053e-002 1.633459e-001 7.034686e-001 
4.722366e-003 2.833420e-002 8.146082e-002 1.493448e-001 7.361378e-001 
3.777893e-003 2.361183e-002 7.083550e-002 1.357680e-001 7.660067e-001 
3.022315e-003 1.964504e-002 6.139076e-002 1.227815e-001 7.931603e-001 
2.417852e-003 1.632050e-002 5.304162e-002 1.105034e-001 8.177167e-001 
1.934281e-003 1.353997e-002 4.569740e-002 9.901102e-002 8.398173e-001 
1.547425e-003 1.121883e-002 3.926591e-002 8.834830e-002 8.596195e-001 
1.237940e-003 9.284550e-003 3.365649e-002 7.853182e-002 8.772892e-001 
9.903520e-004 7.675228e-003 2.878211e-002 6.955676e-002 8.929956e-001 
7.922816e-004 6.338253e-003 2.456073e-002 6.140183e-002 9.069069e-001 
6.338253e-004 5.229059e-003 2.091623e-002 5.403361e-002 9.191873e-001 
5.070602e-004 4.310012e-003 1.777880e-002 4.741013e-002 9.299940e-001 
4.056482e-004 3.549422e-003 1.508504e-002 4.148387e-002 9.394760e-001 
3.245186e-004 2.920667e-003 1.277792e-002 3.620410e-002 9.477728e-001 
2.596148e-004 2.401437e-003 1.080647e-002 3.151886e-002 9.550136e-001 
2.076919e-004 1.973073e-003 9.125462e-003 2.737639e-002 9.613174e-001 
1.661535e-004 1.619997e-003 7.694984e-003 2.372620e-002 9.667927e-001 



Q star

------------
1  2  3  4  5  5  5  5  5  5  5  5  5  5  5  5  5  5  5  5  5  5  5  5  5  5  5  5  5  5  5  5  5  5  5  5  5  5  5  5  
------------

P star

-----------
9.956824e-064

A Martrix

8.000000e-001 2.000000e-001 0.000000e+000 0.000000e+000 0.000000e+000 
0.000000e+000 8.000000e-001 2.000000e-001 0.000000e+000 0.000000e+000 
0.000000e+000 0.000000e+000 8.000000e-001 2.000000e-001 0.000000e+000 
0.000000e+000 0.000000e+000 0.000000e+000 8.000000e-001 2.000000e-001 
0.000000e+000 0.000000e+000 0.000000e+000 0.000000e+000 1.000000e+000 

B Martrix

1.000000e-030 1.000000e-030 1.000000e-030 1.000000e-030 1.000000e-030 1.000000e-030 1.000000e-030 1.000000e-030 1.000000e-030 1.000000e-030 1.000000e-030 1.000000e-030 1.000000e-030 1.000000e-030 1.000000e-030 1.000000e-030 1.000000e-030 1.000000e+000 1.000000e-030 1.000000e-030 1.000000e-030 1.000000e-030 1.000000e-030 1.000000e-030 1.000000e-030 1.000000e-030 1.000000e-030 1.000000e-030 1.000000e-030 1.000000e-030 1.000000e-030 1.000000e-030 
1.000000e-030 1.000000e-030 1.000000e-030 1.000000e-030 1.000000e-030 1.000000e-030 1.000000e-030 1.000000e-030 1.000000e-030 1.000000e-030 1.000000e-030 1.000000e-030 1.000000e-030 1.000000e-030 1.000000e-030 1.000000e-030 1.000000e-030 1.000000e+000 1.000000e-030 1.000000e-030 1.000000e-030 1.000000e-030 1.000000e-030 1.000000e-030 1.000000e-030 1.000000e-030 1.000000e-030 1.000000e-030 1.000000e-030 1.000000e-030 1.000000e-030 1.000000e-030 
1.000000e-030 1.000000e-030 1.000000e-030 1.000000e-030 1.000000e-030 1.000000e-030 1.000000e-030 1.000000e-030 1.000000e-030 1.000000e-030 1.000000e-030 1.000000e-030 1.000000e-030 1.000000e-030 1.000000e-030 1.000000e-030 1.000000e-030 1.000000e+000 1.000000e-030 1.000000e-030 1.000000e-030 1.000000e-030 1.000000e-030 1.000000e-030 1.000000e-030 1.000000e-030 1.000000e-030 1.000000e-030 1.000000e-030 1.000000e-030 1.000000e-030 1.000000e-030 
1.000000e-030 1.000000e-030 1.000000e-030 1.000000e-030 1.000000e-030 1.000000e-030 1.000000e-030 1.000000e-030 1.000000e-030 1.000000e-030 1.000000e-030 1.000000e-030 1.000000e-030 1.000000e-030 1.000000e-030 1.000000e-030 1.000000e-030 1.000000e-030 1.000000e-030 1.000000e-030 1.000000e-030 1.000000e-030 1.000000e-030 1.000000e-030 1.000000e-030 1.000000e+000 1.000000e-030 1.000000e-030 1.000000e-030 1.000000e-030 1.000000e-030 1.000000e-030 
1.000000e-030 1.000000e-030 1.000000e-030 1.000000e-030 1.000000e-030 7.686816e-002 1.000000e-030 1.000000e-030 1.000000e-030 7.448261e-002 1.000000e-030 1.000000e-030 1.000000e-030 1.000000e-030 1.000000e-030 1.000000e-030 1.000000e-030 5.138920e-001 1.000000e-030 1.000000e-030 1.000000e-030 1.000000e-030 1.000000e-030 1.000000e-030 1.095581e-001 2.251992e-001 1.000000e-030 1.000000e-030 1.000000e-030 1.000000e-030 1.000000e-030 1.000000e-030 
Iteraion 2
-----------------

P(O|lamda) = 2.058552e-025

1.000000e+000 0.000000e+000 0.000000e+000 0.000000e+000 0.000000e+000 
8.000000e-001 2.000000e-001 0.000000e+000 0.000000e+000 0.000000e+000 
6.400000e-001 3.200000e-001 4.000000e-002 0.000000e+000 0.000000e+000 
5.120000e-031 3.840000e-031 9.600000e-032 8.000000e-003 0.000000e+000 
4.096000e-031 4.096000e-031 1.536000e-031 6.400000e-033 8.222272e-004 
3.276800e-061 4.096000e-061 2.048000e-061 3.584000e-062 6.320309e-005 
2.621440e-091 3.932160e-091 2.457600e-091 6.963200e-092 6.924408e-006 
2.097152e-121 3.670016e-121 2.752512e-121 1.048576e-121 7.586248e-007 
1.677722e-151 3.355443e-151 2.936013e-151 1.389363e-151 8.311347e-008 
1.342177e-181 3.019899e-181 3.019899e-181 1.698693e-181 6.190508e-009 
1.073742e-211 2.684355e-211 3.019899e-211 1.962934e-211 6.782201e-010 
8.589935e-212 2.362232e-211 2.952790e-211 2.174327e-241 3.485319e-010 
6.871948e-212 2.061584e-211 2.834678e-211 5.905580e-242 1.791077e-010 
5.497558e-212 1.786706e-211 2.680060e-211 5.669357e-242 9.204203e-011 
4.398047e-212 1.539316e-211 2.501389e-211 5.360119e-242 4.729966e-011 
3.518437e-212 1.319414e-211 2.308974e-211 5.002778e-242 2.430692e-011 
2.814750e-212 1.125900e-211 2.111062e-211 4.617949e-242 1.249113e-011 
2.251800e-212 9.570149e-212 1.914030e-211 4.222125e-242 6.419091e-012 
1.801440e-242 8.106479e-242 1.722627e-241 3.828060e-242 4.781106e-013 
1.441152e-272 6.845471e-272 1.540231e-271 6.507701e-272 5.238088e-014 
1.152922e-272 5.764608e-272 1.369094e-271 8.286623e-302 2.691811e-014 
9.223372e-273 4.842270e-272 1.210568e-271 2.738189e-302 1.383300e-014 
7.378698e-303 4.058284e-302 1.065299e-301 2.421135e-302 1.063317e-015 
0.000000e+000 0.000000e+000 0.000000e+000 0.000000e+000 1.164950e-016 
0.000000e+000 0.000000e+000 0.000000e+000 0.000000e+000 1.276297e-017 
0.000000e+000 0.000000e+000 0.000000e+000 0.000000e+000 6.558787e-018 
0.000000e+000 0.000000e+000 0.000000e+000 0.000000e+000 3.370508e-018 
0.000000e+000 0.000000e+000 0.000000e+000 0.000000e+000 1.732077e-018 
0.000000e+000 0.000000e+000 0.000000e+000 0.000000e+000 8.901005e-019 
0.000000e+000 0.000000e+000 0.000000e+000 0.000000e+000 2.004499e-019 
0.000000e+000 0.000000e+000 0.000000e+000 0.000000e+000 1.540821e-020 
0.000000e+000 0.000000e+000 0.000000e+000 0.000000e+000 3.469917e-021 
0.000000e+000 0.000000e+000 0.000000e+000 0.000000e+000 7.814226e-022 
0.000000e+000 0.000000e+000 0.000000e+000 0.000000e+000 5.820239e-023 
0.000000e+000 0.000000e+000 0.000000e+000 0.000000e+000 2.990974e-023 
0.000000e+000 0.000000e+000 0.000000e+000 0.000000e+000 6.735650e-024 
0.000000e+000 0.000000e+000 0.000000e+000 0.000000e+000 1.516863e-024 
0.000000e+000 0.000000e+000 0.000000e+000 0.000000e+000 7.795036e-025 
0.000000e+000 0.000000e+000 0.000000e+000 0.000000e+000 4.005807e-025 
0.000000e+000 0.000000e+000 0.000000e+000 0.000000e+000 2.058552e-025 


2.058552e-025 1.646842e-024 3.293683e-024 1.530320e-024 7.651601e-024 
1.290763e-083 1.029276e-024 4.117104e-024 2.977903e-024 1.488951e-023 
5.211269e-084 4.369306e-083 5.146380e-024 2.638032e-023 2.897401e-023 
4.756627e-083 2.605635e-053 1.142399e-052 2.573190e-023 1.286595e-022 
4.341649e-112 2.378314e-082 1.302817e-052 5.007258e-023 2.503629e-022 
3.962875e-111 2.170825e-081 1.189157e-051 6.514087e-022 3.257043e-021 
5.320538e-110 1.981438e-080 1.085412e-050 5.945784e-021 2.972892e-020 
4.856363e-109 2.660269e-079 9.907188e-050 5.427062e-020 2.713531e-019 
5.897063e-105 2.428181e-078 1.330134e-048 4.953594e-019 2.476797e-018 
5.678150e-075 6.772714e-075 1.214091e-047 6.650672e-018 3.325336e-017 
5.263066e-045 7.338487e-045 4.509623e-045 6.070454e-017 3.035227e-016 
4.636024e-045 7.771235e-045 5.607496e-045 1.181270e-016 5.906352e-016 
3.801013e-045 7.976068e-045 6.951904e-045 2.298674e-016 1.149337e-015 
2.794873e-045 7.825571e-045 8.578053e-045 4.473069e-016 2.236535e-015 
1.704660e-045 7.155724e-045 1.050496e-044 8.704299e-016 4.352149e-015 
6.888956e-046 5.767718e-045 1.270775e-044 1.693799e-015 8.468997e-015 
6.287949e-075 3.444478e-045 1.506068e-044 3.296022e-015 1.648011e-014 
1.258841e-102 3.143975e-074 1.722239e-044 6.413842e-015 3.206921e-014 
7.672233e-073 3.225314e-072 1.571987e-043 8.611195e-014 4.305597e-013 
3.097554e-043 2.597095e-042 5.738191e-042 7.859936e-013 3.929968e-012 
2.827317e-072 1.548777e-042 6.790366e-042 1.529492e-012 7.647460e-012 
1.133275e-098 1.413658e-071 7.743885e-042 2.976291e-012 1.488145e-011 
1.009548e-068 1.628181e-068 7.068292e-041 3.871942e-011 1.935971e-010 
8.412903e-039 1.682581e-038 1.410581e-038 3.534146e-010 1.767073e-009 
6.309678e-009 1.682581e-008 1.682581e-008 3.225820e-009 1.612910e-008 
3.943548e-009 1.577419e-008 2.103226e-008 6.277234e-009 3.138617e-008 
1.643145e-009 1.314516e-008 2.629032e-008 1.221508e-008 6.107542e-008 
1.404159e-066 8.215726e-009 3.286290e-008 2.376975e-008 1.188487e-007 
4.321197e-067 5.292317e-066 4.107863e-008 2.105689e-007 2.312719e-007 
4.214983e-067 2.160599e-036 1.781919e-035 2.053931e-007 1.026966e-006 
8.604796e-094 2.107492e-036 1.080299e-005 4.588399e-005 1.336009e-005 
5.342629e-064 2.165347e-063 1.053746e-005 5.401497e-005 5.932567e-005 
2.226095e-034 1.780876e-033 3.703228e-033 5.268729e-005 2.634364e-004 
2.171378e-034 1.113048e-003 4.452191e-003 7.073771e-004 3.536885e-003 
9.420800e-061 1.085689e-033 5.565238e-003 2.363746e-002 6.882547e-003 
9.728000e-031 8.192000e-031 5.428446e-003 2.782619e-002 3.056204e-002 
9.920000e-001 8.960000e-001 5.120000e-001 2.714223e-002 1.357111e-001 
1.000000e+000 9.600000e-001 6.400000e-001 5.281699e-002 2.640850e-001 
1.000000e+000 1.000000e+000 8.000000e-001 1.027784e-001 5.138920e-001 
1.000000e+000 1.000000e+000 1.000000e+000 1.000000e+000 1.000000e+000 


1.000000e+000 0.000000e+000 0.000000e+000 0.000000e+000 0.000000e+000 
5.016197e-059 1.000000e+000 0.000000e+000 0.000000e+000 0.000000e+000 
1.620174e-059 6.792046e-059 1.000000e+000 0.000000e+000 0.000000e+000 
1.183061e-088 4.860522e-059 5.327546e-059 1.000000e+000 0.000000e+000 
8.638789e-118 4.732246e-088 9.721044e-059 1.556747e-030 1.000000e+000 
6.308099e-147 4.319395e-117 1.183061e-087 1.134122e-058 1.000000e+000 
6.775379e-176 3.784859e-146 1.295818e-116 2.011204e-087 1.000000e+000 
4.947425e-205 4.742766e-175 1.324701e-145 2.764413e-116 1.000000e+000 
4.806111e-231 3.957940e-204 1.897106e-174 3.343292e-145 1.000000e+000 
3.702158e-231 9.935582e-231 1.781073e-203 5.488057e-174 1.000000e+000 
2.745218e-231 9.569397e-231 6.615623e-231 5.788487e-203 1.000000e+000 
1.934522e-231 8.917657e-231 8.043402e-231 1.247706e-232 1.000000e+000 
1.268871e-231 7.987817e-231 9.572949e-231 6.594444e-233 1.000000e+000 
7.463973e-232 6.792152e-231 1.116790e-230 1.231906e-232 1.000000e+000 
3.641965e-232 5.350811e-231 1.276479e-230 2.266451e-232 1.000000e+000 
1.177447e-232 3.696777e-231 1.425364e-230 4.116341e-232 1.000000e+000 
8.597793e-262 1.883915e-231 1.544485e-230 7.393965e-232 1.000000e+000 
1.377016e-289 1.461625e-260 1.601328e-230 1.315490e-231 1.000000e+000 
6.713975e-290 1.270113e-288 1.315462e-259 1.601328e-230 1.000000e+000 
2.168537e-290 8.636332e-289 4.293377e-288 2.484762e-259 1.000000e+000 
1.583480e-319 4.337074e-289 4.516112e-288 6.156912e-289 1.000000e+000 
0.000000e+000 3.325309e-318 4.553927e-288 3.958921e-289 1.000000e+000 
0.000000e+000 0.000000e+000 3.657837e-317 4.553927e-288 1.000000e+000 
0.000000e+000 0.000000e+000 0.000000e+000 0.000000e+000 1.000000e+000 
0.000000e+000 0.000000e+000 0.000000e+000 0.000000e+000 1.000000e+000 
0.000000e+000 0.000000e+000 0.000000e+000 0.000000e+000 1.000000e+000 
0.000000e+000 0.000000e+000 0.000000e+000 0.000000e+000 1.000000e+000 
0.000000e+000 0.000000e+000 0.000000e+000 0.000000e+000 1.000000e+000 
0.000000e+000 0.000000e+000 0.000000e+000 0.000000e+000 1.000000e+000 
0.000000e+000 0.000000e+000 0.000000e+000 0.000000e+000 1.000000e+000 
0.000000e+000 0.000000e+000 0.000000e+000 0.000000e+000 1.000000e+000 
0.000000e+000 0.000000e+000 0.000000e+000 0.000000e+000 1.000000e+000 
0.000000e+000 0.000000e+000 0.000000e+000 0.000000e+000 1.000000e+000 
0.000000e+000 0.000000e+000 0.000000e+000 0.000000e+000 1.000000e+000 
0.000000e+000 0.000000e+000 0.000000e+000 0.000000e+000 1.000000e+000 
0.000000e+000 0.000000e+000 0.000000e+000 0.000000e+000 1.000000e+000 
0.000000e+000 0.000000e+000 0.000000e+000 0.000000e+000 1.000000e+000 
0.000000e+000 0.000000e+000 0.000000e+000 0.000000e+000 1.000000e+000 
0.000000e+000 0.000000e+000 0.000000e+000 0.000000e+000 1.000000e+000 
0.000000e+000 0.000000e+000 0.000000e+000 0.000000e+000 1.000000e+000 



Q star

------------
1  2  3  4  5  5  5  5  5  5  5  5  5  5  5  5  5  5  5  5  5  5  5  5  5  5  5  5  5  5  5  5  5  5  5  5  5  5  5  5  
------------

P star

-----------
2.058552e-025

A Martrix

6.636371e-059 1.000000e+000 0.000000e+000 0.000000e+000 0.000000e+000 
0.000000e+000 6.636371e-059 1.000000e+000 0.000000e+000 0.000000e+000 
0.000000e+000 0.000000e+000 6.636371e-059 1.000000e+000 0.000000e+000 
0.000000e+000 0.000000e+000 0.000000e+000 1.556747e-030 1.000000e+000 
0.000000e+000 0.000000e+000 0.000000e+000 0.000000e+000 1.000000e+000 

B Martrix

1.000000e-030 1.000000e-030 1.000000e-030 1.000000e-030 1.000000e-030 1.000000e-030 1.000000e-030 1.000000e-030 1.000000e-030 1.000000e-030 1.000000e-030 1.000000e-030 1.000000e-030 1.000000e-030 1.000000e-030 1.000000e-030 1.000000e-030 1.000000e+000 1.000000e-030 1.000000e-030 1.000000e-030 1.000000e-030 1.000000e-030 1.000000e-030 1.000000e-030 1.000000e-030 1.000000e-030 1.000000e-030 1.000000e-030 1.000000e-030 1.000000e-030 1.000000e-030 
1.000000e-030 1.000000e-030 1.000000e-030 1.000000e-030 1.000000e-030 1.000000e-030 1.000000e-030 1.000000e-030 1.000000e-030 1.000000e-030 1.000000e-030 1.000000e-030 1.000000e-030 1.000000e-030 1.000000e-030 1.000000e-030 1.000000e-030 1.000000e+000 1.000000e-030 1.000000e-030 1.000000e-030 1.000000e-030 1.000000e-030 1.000000e-030 1.000000e-030 1.000000e-030 1.000000e-030 1.000000e-030 1.000000e-030 1.000000e-030 1.000000e-030 1.000000e-030 
1.000000e-030 1.000000e-030 1.000000e-030 1.000000e-030 1.000000e-030 1.000000e-030 1.000000e-030 1.000000e-030 1.000000e-030 1.000000e-030 1.000000e-030 1.000000e-030 1.000000e-030 1.000000e-030 1.000000e-030 1.000000e-030 1.000000e-030 1.000000e+000 1.000000e-030 1.000000e-030 1.000000e-030 1.000000e-030 1.000000e-030 1.000000e-030 1.000000e-030 1.000000e-030 1.000000e-030 1.000000e-030 1.000000e-030 1.000000e-030 1.000000e-030 1.000000e-030 
1.000000e-030 1.000000e-030 1.000000e-030 1.000000e-030 1.000000e-030 1.000000e-030 1.000000e-030 1.000000e-030 1.000000e-030 1.000000e-030 1.000000e-030 1.000000e-030 1.000000e-030 1.000000e-030 1.000000e-030 1.000000e-030 1.000000e-030 1.000000e-030 1.000000e-030 1.000000e-030 1.000000e-030 1.000000e-030 1.000000e-030 1.000000e-030 1.000000e-030 1.000000e+000 1.000000e-030 1.000000e-030 1.000000e-030 1.000000e-030 1.000000e-030 1.000000e-030 
1.000000e-030 1.000000e-030 1.000000e-030 1.000000e-030 1.000000e-030 8.333333e-002 1.000000e-030 1.000000e-030 1.000000e-030 8.333333e-002 1.000000e-030 1.000000e-030 1.000000e-030 1.000000e-030 1.000000e-030 1.000000e-030 1.000000e-030 5.000000e-001 1.000000e-030 1.000000e-030 1.000000e-030 1.000000e-030 1.000000e-030 1.000000e-030 1.944444e-001 1.388889e-001 1.000000e-030 1.000000e-030 1.000000e-030 1.000000e-030 1.000000e-030 1.000000e-030 
Iteraion 3
-----------------

P(O|lamda) = 6.938713e-022

1.000000e+000 0.000000e+000 0.000000e+000 0.000000e+000 0.000000e+000 
6.636371e-059 1.000000e+000 0.000000e+000 0.000000e+000 0.000000e+000 
4.404142e-117 1.327274e-058 1.000000e+000 0.000000e+000 0.000000e+000 
2.922752e-205 1.321243e-146 1.990911e-088 1.000000e+000 0.000000e+000 
1.939647e-263 1.169101e-204 2.642485e-146 1.556747e-060 5.000000e-001 
0.000000e+000 9.698233e-293 2.922752e-234 2.423462e-120 4.166667e-002 
0.000000e+000 0.000000e+000 2.914987e-322 3.772719e-180 8.101852e-003 
0.000000e+000 0.000000e+000 0.000000e+000 5.873170e-240 1.575360e-003 
0.000000e+000 0.000000e+000 0.000000e+000 9.143043e-300 3.063200e-004 
0.000000e+000 0.000000e+000 0.000000e+000 0.000000e+000 2.552667e-005 
0.000000e+000 0.000000e+000 0.000000e+000 0.000000e+000 4.963519e-006 
0.000000e+000 0.000000e+000 0.000000e+000 0.000000e+000 2.481759e-006 
0.000000e+000 0.000000e+000 0.000000e+000 0.000000e+000 1.240880e-006 
0.000000e+000 0.000000e+000 0.000000e+000 0.000000e+000 6.204398e-007 
0.000000e+000 0.000000e+000 0.000000e+000 0.000000e+000 3.102199e-007 
0.000000e+000 0.000000e+000 0.000000e+000 0.000000e+000 1.551100e-007 
0.000000e+000 0.000000e+000 0.000000e+000 0.000000e+000 7.755498e-008 
0.000000e+000 0.000000e+000 0.000000e+000 0.000000e+000 3.877749e-008 
0.000000e+000 0.000000e+000 0.000000e+000 0.000000e+000 3.231458e-009 
0.000000e+000 0.000000e+000 0.000000e+000 0.000000e+000 6.283390e-010 
0.000000e+000 0.000000e+000 0.000000e+000 0.000000e+000 3.141695e-010 
0.000000e+000 0.000000e+000 0.000000e+000 0.000000e+000 1.570847e-010 
0.000000e+000 0.000000e+000 0.000000e+000 0.000000e+000 1.309040e-011 
0.000000e+000 0.000000e+000 0.000000e+000 0.000000e+000 2.545355e-012 
0.000000e+000 0.000000e+000 0.000000e+000 0.000000e+000 4.949301e-013 
0.000000e+000 0.000000e+000 0.000000e+000 0.000000e+000 2.474650e-013 
0.000000e+000 0.000000e+000 0.000000e+000 0.000000e+000 1.237325e-013 
0.000000e+000 0.000000e+000 0.000000e+000 0.000000e+000 6.186626e-014 
0.000000e+000 0.000000e+000 0.000000e+000 0.000000e+000 3.093313e-014 
0.000000e+000 0.000000e+000 0.000000e+000 0.000000e+000 4.296268e-015 
0.000000e+000 0.000000e+000 0.000000e+000 0.000000e+000 3.580223e-016 
0.000000e+000 0.000000e+000 0.000000e+000 0.000000e+000 4.972532e-017 
0.000000e+000 0.000000e+000 0.000000e+000 0.000000e+000 6.906295e-018 
0.000000e+000 0.000000e+000 0.000000e+000 0.000000e+000 5.755246e-019 
0.000000e+000 0.000000e+000 0.000000e+000 0.000000e+000 2.877623e-019 
0.000000e+000 0.000000e+000 0.000000e+000 0.000000e+000 3.996698e-020 
0.000000e+000 0.000000e+000 0.000000e+000 0.000000e+000 5.550970e-021 
0.000000e+000 0.000000e+000 0.000000e+000 0.000000e+000 2.775485e-021 
0.000000e+000 0.000000e+000 0.000000e+000 0.000000e+000 1.387743e-021 
0.000000e+000 0.000000e+000 0.000000e+000 0.000000e+000 6.938713e-022 


6.938713e-022 9.637101e-053 4.818550e-053 2.409275e-023 2.409275e-023 
1.387743e-081 6.938713e-022 9.637101e-053 4.818550e-023 4.818550e-023 
1.665291e-080 1.387743e-081 6.938713e-022 9.637101e-023 9.637101e-023 
8.564354e-080 1.665291e-050 1.387743e-051 6.938713e-022 6.938713e-022 
4.404525e-109 8.564354e-080 1.665291e-050 1.387743e-021 1.387743e-021 
2.265184e-108 4.404525e-079 8.564354e-050 1.665291e-020 1.665291e-020 
2.718221e-107 2.265184e-078 4.404525e-049 8.564354e-020 8.564354e-020 
1.397942e-106 2.718221e-077 2.265184e-048 4.404525e-019 4.404525e-019 
2.795884e-106 1.397942e-076 2.718221e-047 2.265184e-018 2.265184e-018 
5.591769e-076 2.795884e-076 1.397942e-046 2.718221e-017 2.718221e-017 
1.118354e-045 5.591769e-046 2.795884e-046 1.397942e-016 1.397942e-016 
2.236708e-045 1.118354e-045 5.591769e-046 2.795884e-016 2.795884e-016 
4.473415e-045 2.236708e-045 1.118354e-045 5.591769e-016 5.591769e-016 
8.946830e-045 4.473415e-045 2.236708e-045 1.118354e-015 1.118354e-015 
1.789366e-044 8.946830e-045 4.473415e-045 2.236708e-015 2.236708e-015 
2.147239e-043 1.789366e-044 8.946830e-045 4.473415e-015 4.473415e-015 
1.104294e-072 2.147239e-043 1.789366e-044 8.946830e-015 8.946830e-015 
2.208589e-102 1.104294e-072 2.147239e-043 1.789366e-014 1.789366e-014 
4.417178e-072 2.208589e-072 1.104294e-042 2.147239e-013 2.147239e-013 
5.300614e-041 4.417178e-042 2.208589e-042 1.104294e-012 1.104294e-012 
2.726030e-070 5.300614e-041 4.417178e-042 2.208589e-012 2.208589e-012 
1.401958e-099 2.726030e-070 5.300614e-041 4.417178e-012 4.417178e-012 
2.803916e-099 1.401958e-069 2.726030e-040 5.300614e-011 5.300614e-011 
5.607833e-069 2.803916e-069 1.401958e-039 2.726030e-010 2.726030e-010 
1.121567e-038 5.607833e-039 2.803916e-039 1.401958e-009 1.401958e-009 
2.243133e-038 1.121567e-038 5.607833e-039 2.803916e-009 2.803916e-009 
1.615056e-007 2.243133e-038 1.121567e-038 5.607833e-009 5.607833e-009 
1.938067e-066 1.615056e-007 2.243133e-038 1.121567e-008 1.121567e-008 
1.395408e-065 1.938067e-066 1.615056e-007 2.243133e-008 2.243133e-008 
1.004694e-064 1.395408e-035 1.938067e-036 1.615056e-007 1.615056e-007 
1.205633e-093 1.004694e-034 1.395408e-005 1.938067e-006 1.938067e-006 
2.411265e-093 1.205633e-063 1.004694e-004 1.395408e-005 1.395408e-005 
1.736111e-032 2.411265e-063 1.205633e-033 1.004694e-004 1.004694e-004 
1.250000e-031 1.736111e-002 2.411265e-033 1.205633e-003 1.205633e-003 
2.500000e-091 1.250000e-031 1.736111e-002 2.411265e-003 2.411265e-003 
5.000000e-061 2.500000e-061 1.250000e-001 1.736111e-002 1.736111e-002 
1.000000e-030 5.000000e-031 2.500000e-031 1.250000e-001 1.250000e-001 
1.000000e+000 1.000000e-030 5.000000e-031 2.500000e-001 2.500000e-001 
1.000000e+000 1.000000e+000 1.000000e-030 5.000000e-001 5.000000e-001 
1.000000e+000 1.000000e+000 1.000000e+000 1.000000e+000 1.000000e+000 


1.000000e+000 0.000000e+000 0.000000e+000 0.000000e+000 0.000000e+000 
1.327274e-118 1.000000e+000 0.000000e+000 0.000000e+000 0.000000e+000 
1.056994e-175 2.654548e-118 1.000000e+000 0.000000e+000 0.000000e+000 
3.607511e-263 3.170982e-175 3.981823e-118 1.000000e+000 0.000000e+000 
0.000000e+000 1.443004e-262 6.341964e-175 3.113495e-060 1.000000e+000 
0.000000e+000 0.000000e+000 3.607511e-262 5.816310e-119 1.000000e+000 
0.000000e+000 0.000000e+000 0.000000e+000 4.656613e-178 1.000000e+000 
0.000000e+000 0.000000e+000 0.000000e+000 3.728145e-237 1.000000e+000 
0.000000e+000 0.000000e+000 0.000000e+000 2.984801e-296 1.000000e+000 
0.000000e+000 0.000000e+000 0.000000e+000 0.000000e+000 1.000000e+000 
0.000000e+000 0.000000e+000 0.000000e+000 0.000000e+000 1.000000e+000 
0.000000e+000 0.000000e+000 0.000000e+000 0.000000e+000 1.000000e+000 
0.000000e+000 0.000000e+000 0.000000e+000 0.000000e+000 1.000000e+000 
0.000000e+000 0.000000e+000 0.000000e+000 0.000000e+000 1.000000e+000 
0.000000e+000 0.000000e+000 0.000000e+000 0.000000e+000 1.000000e+000 
0.000000e+000 0.000000e+000 0.000000e+000 0.000000e+000 1.000000e+000 
0.000000e+000 0.000000e+000 0.000000e+000 0.000000e+000 1.000000e+000 
0.000000e+000 0.000000e+000 0.000000e+000 0.000000e+000 1.000000e+000 
0.000000e+000 0.000000e+000 0.000000e+000 0.000000e+000 1.000000e+000 
0.000000e+000 0.000000e+000 0.000000e+000 0.000000e+000 1.000000e+000 
0.000000e+000 0.000000e+000 0.000000e+000 0.000000e+000 1.000000e+000 
0.000000e+000 0.000000e+000 0.000000e+000 0.000000e+000 1.000000e+000 
0.000000e+000 0.000000e+000 0.000000e+000 0.000000e+000 1.000000e+000 
0.000000e+000 0.000000e+000 0.000000e+000 0.000000e+000 1.000000e+000 
0.000000e+000 0.000000e+000 0.000000e+000 0.000000e+000 1.000000e+000 
0.000000e+000 0.000000e+000 0.000000e+000 0.000000e+000 1.000000e+000 
0.000000e+000 0.000000e+000 0.000000e+000 0.000000e+000 1.000000e+000 
0.000000e+000 0.000000e+000 0.000000e+000 0.000000e+000 1.000000e+000 
0.000000e+000 0.000000e+000 0.000000e+000 0.000000e+000 1.000000e+000 
0.000000e+000 0.000000e+000 0.000000e+000 0.000000e+000 1.000000e+000 
0.000000e+000 0.000000e+000 0.000000e+000 0.000000e+000 1.000000e+000 
0.000000e+000 0.000000e+000 0.000000e+000 0.000000e+000 1.000000e+000 
0.000000e+000 0.000000e+000 0.000000e+000 0.000000e+000 1.000000e+000 
0.000000e+000 0.000000e+000 0.000000e+000 0.000000e+000 1.000000e+000 
0.000000e+000 0.000000e+000 0.000000e+000 0.000000e+000 1.000000e+000 
0.000000e+000 0.000000e+000 0.000000e+000 0.000000e+000 1.000000e+000 
0.000000e+000 0.000000e+000 0.000000e+000 0.000000e+000 1.000000e+000 
0.000000e+000 0.000000e+000 0.000000e+000 0.000000e+000 1.000000e+000 
0.000000e+000 0.000000e+000 0.000000e+000 0.000000e+000 1.000000e+000 
0.000000e+000 0.000000e+000 0.000000e+000 0.000000e+000 1.000000e+000 



Q star

------------
1  2  3  4  5  5  5  5  5  5  5  5  5  5  5  5  5  5  5  5  5  5  5  5  5  5  5  5  5  5  5  5  5  5  5  5  5  5  5  5  
------------

P star

-----------
6.938713e-022

A Martrix

1.327274e-118 1.000000e+000 0.000000e+000 0.000000e+000 0.000000e+000 
0.000000e+000 1.327274e-118 1.000000e+000 0.000000e+000 0.000000e+000 
0.000000e+000 0.000000e+000 1.327274e-118 1.000000e+000 0.000000e+000 
0.000000e+000 0.000000e+000 0.000000e+000 3.113495e-060 1.000000e+000 
0.000000e+000 0.000000e+000 0.000000e+000 0.000000e+000 1.000000e+000 

B Martrix

1.000000e-030 1.000000e-030 1.000000e-030 1.000000e-030 1.000000e-030 1.000000e-030 1.000000e-030 1.000000e-030 1.000000e-030 1.000000e-030 1.000000e-030 1.000000e-030 1.000000e-030 1.000000e-030 1.000000e-030 1.000000e-030 1.000000e-030 1.000000e+000 1.000000e-030 1.000000e-030 1.000000e-030 1.000000e-030 1.000000e-030 1.000000e-030 1.000000e-030 1.000000e-030 1.000000e-030 1.000000e-030 1.000000e-030 1.000000e-030 1.000000e-030 1.000000e-030 
1.000000e-030 1.000000e-030 1.000000e-030 1.000000e-030 1.000000e-030 1.000000e-030 1.000000e-030 1.000000e-030 1.000000e-030 1.000000e-030 1.000000e-030 1.000000e-030 1.000000e-030 1.000000e-030 1.000000e-030 1.000000e-030 1.000000e-030 1.000000e+000 1.000000e-030 1.000000e-030 1.000000e-030 1.000000e-030 1.000000e-030 1.000000e-030 1.000000e-030 1.000000e-030 1.000000e-030 1.000000e-030 1.000000e-030 1.000000e-030 1.000000e-030 1.000000e-030 
1.000000e-030 1.000000e-030 1.000000e-030 1.000000e-030 1.000000e-030 1.000000e-030 1.000000e-030 1.000000e-030 1.000000e-030 1.000000e-030 1.000000e-030 1.000000e-030 1.000000e-030 1.000000e-030 1.000000e-030 1.000000e-030 1.000000e-030 1.000000e+000 1.000000e-030 1.000000e-030 1.000000e-030 1.000000e-030 1.000000e-030 1.000000e-030 1.000000e-030 1.000000e-030 1.000000e-030 1.000000e-030 1.000000e-030 1.000000e-030 1.000000e-030 1.000000e-030 
1.000000e-030 1.000000e-030 1.000000e-030 1.000000e-030 1.000000e-030 1.000000e-030 1.000000e-030 1.000000e-030 1.000000e-030 1.000000e-030 1.000000e-030 1.000000e-030 1.000000e-030 1.000000e-030 1.000000e-030 1.000000e-030 1.000000e-030 1.000000e-030 1.000000e-030 1.000000e-030 1.000000e-030 1.000000e-030 1.000000e-030 1.000000e-030 1.000000e-030 1.000000e+000 1.000000e-030 1.000000e-030 1.000000e-030 1.000000e-030 1.000000e-030 1.000000e-030 
1.000000e-030 1.000000e-030 1.000000e-030 1.000000e-030 1.000000e-030 8.333333e-002 1.000000e-030 1.000000e-030 1.000000e-030 8.333333e-002 1.000000e-030 1.000000e-030 1.000000e-030 1.000000e-030 1.000000e-030 1.000000e-030 1.000000e-030 5.000000e-001 1.000000e-030 1.000000e-030 1.000000e-030 1.000000e-030 1.000000e-030 1.000000e-030 1.944444e-001 1.388889e-001 1.000000e-030 1.000000e-030 1.000000e-030 1.000000e-030 1.000000e-030 1.000000e-030 
Iteraion 4
-----------------

P(O|lamda) = 6.938713e-022

1.000000e+000 0.000000e+000 0.000000e+000 0.000000e+000 0.000000e+000 
1.327274e-118 1.000000e+000 0.000000e+000 0.000000e+000 0.000000e+000 
1.761657e-236 2.654548e-118 1.000000e+000 0.000000e+000 0.000000e+000 
0.000000e+000 5.284970e-266 3.981823e-148 1.000000e+000 0.000000e+000 
0.000000e+000 0.000000e+000 1.056994e-265 3.113495e-090 5.000000e-001 
0.000000e+000 0.000000e+000 0.000000e+000 9.693850e-180 4.166667e-002 
0.000000e+000 0.000000e+000 0.000000e+000 3.018175e-269 8.101852e-003 
0.000000e+000 0.000000e+000 0.000000e+000 0.000000e+000 1.575360e-003 
0.000000e+000 0.000000e+000 0.000000e+000 0.000000e+000 3.063200e-004 
0.000000e+000 0.000000e+000 0.000000e+000 0.000000e+000 2.552667e-005 
0.000000e+000 0.000000e+000 0.000000e+000 0.000000e+000 4.963519e-006 
0.000000e+000 0.000000e+000 0.000000e+000 0.000000e+000 2.481759e-006 
0.000000e+000 0.000000e+000 0.000000e+000 0.000000e+000 1.240880e-006 
0.000000e+000 0.000000e+000 0.000000e+000 0.000000e+000 6.204398e-007 
0.000000e+000 0.000000e+000 0.000000e+000 0.000000e+000 3.102199e-007 
0.000000e+000 0.000000e+000 0.000000e+000 0.000000e+000 1.551100e-007 
0.000000e+000 0.000000e+000 0.000000e+000 0.000000e+000 7.755498e-008 
0.000000e+000 0.000000e+000 0.000000e+000 0.000000e+000 3.877749e-008 
0.000000e+000 0.000000e+000 0.000000e+000 0.000000e+000 3.231458e-009 
0.000000e+000 0.000000e+000 0.000000e+000 0.000000e+000 6.283390e-010 
0.000000e+000 0.000000e+000 0.000000e+000 0.000000e+000 3.141695e-010 
0.000000e+000 0.000000e+000 0.000000e+000 0.000000e+000 1.570847e-010 
0.000000e+000 0.000000e+000 0.000000e+000 0.000000e+000 1.309040e-011 
0.000000e+000 0.000000e+000 0.000000e+000 0.000000e+000 2.545355e-012 
0.000000e+000 0.000000e+000 0.000000e+000 0.000000e+000 4.949301e-013 
0.000000e+000 0.000000e+000 0.000000e+000 0.000000e+000 2.474650e-013 
0.000000e+000 0.000000e+000 0.000000e+000 0.000000e+000 1.237325e-013 
0.000000e+000 0.000000e+000 0.000000e+000 0.000000e+000 6.186626e-014 
0.000000e+000 0.000000e+000 0.000000e+000 0.000000e+000 3.093313e-014 
0.000000e+000 0.000000e+000 0.000000e+000 0.000000e+000 4.296268e-015 
0.000000e+000 0.000000e+000 0.000000e+000 0.000000e+000 3.580223e-016 
0.000000e+000 0.000000e+000 0.000000e+000 0.000000e+000 4.972532e-017 
0.000000e+000 0.000000e+000 0.000000e+000 0.000000e+000 6.906295e-018 
0.000000e+000 0.000000e+000 0.000000e+000 0.000000e+000 5.755246e-019 
0.000000e+000 0.000000e+000 0.000000e+000 0.000000e+000 2.877623e-019 
0.000000e+000 0.000000e+000 0.000000e+000 0.000000e+000 3.996698e-020 
0.000000e+000 0.000000e+000 0.000000e+000 0.000000e+000 5.550970e-021 
0.000000e+000 0.000000e+000 0.000000e+000 0.000000e+000 2.775485e-021 
0.000000e+000 0.000000e+000 0.000000e+000 0.000000e+000 1.387743e-021 
0.000000e+000 0.000000e+000 0.000000e+000 0.000000e+000 6.938713e-022 


6.938713e-022 9.637101e-053 4.818550e-053 2.409275e-023 2.409275e-023 
1.387743e-081 6.938713e-022 9.637101e-053 4.818550e-023 4.818550e-023 
1.665291e-080 1.387743e-081 6.938713e-022 9.637101e-023 9.637101e-023 
8.564354e-080 1.665291e-050 1.387743e-051 6.938713e-022 6.938713e-022 
4.404525e-109 8.564354e-080 1.665291e-050 1.387743e-021 1.387743e-021 
2.265184e-108 4.404525e-079 8.564354e-050 1.665291e-020 1.665291e-020 
2.718221e-107 2.265184e-078 4.404525e-049 8.564354e-020 8.564354e-020 
1.397942e-106 2.718221e-077 2.265184e-048 4.404525e-019 4.404525e-019 
2.795884e-106 1.397942e-076 2.718221e-047 2.265184e-018 2.265184e-018 
5.591769e-076 2.795884e-076 1.397942e-046 2.718221e-017 2.718221e-017 
1.118354e-045 5.591769e-046 2.795884e-046 1.397942e-016 1.397942e-016 
2.236708e-045 1.118354e-045 5.591769e-046 2.795884e-016 2.795884e-016 
4.473415e-045 2.236708e-045 1.118354e-045 5.591769e-016 5.591769e-016 
8.946830e-045 4.473415e-045 2.236708e-045 1.118354e-015 1.118354e-015 
1.789366e-044 8.946830e-045 4.473415e-045 2.236708e-015 2.236708e-015 
2.147239e-043 1.789366e-044 8.946830e-045 4.473415e-015 4.473415e-015 
1.104294e-072 2.147239e-043 1.789366e-044 8.946830e-015 8.946830e-015 
2.208589e-102 1.104294e-072 2.147239e-043 1.789366e-014 1.789366e-014 
4.417178e-072 2.208589e-072 1.104294e-042 2.147239e-013 2.147239e-013 
5.300614e-041 4.417178e-042 2.208589e-042 1.104294e-012 1.104294e-012 
2.726030e-070 5.300614e-041 4.417178e-042 2.208589e-012 2.208589e-012 
1.401958e-099 2.726030e-070 5.300614e-041 4.417178e-012 4.417178e-012 
2.803916e-099 1.401958e-069 2.726030e-040 5.300614e-011 5.300614e-011 
5.607833e-069 2.803916e-069 1.401958e-039 2.726030e-010 2.726030e-010 
1.121567e-038 5.607833e-039 2.803916e-039 1.401958e-009 1.401958e-009 
2.243133e-038 1.121567e-038 5.607833e-039 2.803916e-009 2.803916e-009 
1.615056e-007 2.243133e-038 1.121567e-038 5.607833e-009 5.607833e-009 
1.938067e-066 1.615056e-007 2.243133e-038 1.121567e-008 1.121567e-008 
1.395408e-065 1.938067e-066 1.615056e-007 2.243133e-008 2.243133e-008 
1.004694e-064 1.395408e-035 1.938067e-036 1.615056e-007 1.615056e-007 
1.205633e-093 1.004694e-034 1.395408e-005 1.938067e-006 1.938067e-006 
2.411265e-093 1.205633e-063 1.004694e-004 1.395408e-005 1.395408e-005 
1.736111e-032 2.411265e-063 1.205633e-033 1.004694e-004 1.004694e-004 
1.250000e-031 1.736111e-002 2.411265e-033 1.205633e-003 1.205633e-003 
2.500000e-091 1.250000e-031 1.736111e-002 2.411265e-003 2.411265e-003 
5.000000e-061 2.500000e-061 1.250000e-001 1.736111e-002 1.736111e-002 
1.000000e-030 5.000000e-031 2.500000e-031 1.250000e-001 1.250000e-001 
1.000000e+000 1.000000e-030 5.000000e-031 2.500000e-001 2.500000e-001 
1.000000e+000 1.000000e+000 1.000000e-030 5.000000e-001 5.000000e-001 
1.000000e+000 1.000000e+000 1.000000e+000 1.000000e+000 1.000000e+000 


1.000000e+000 0.000000e+000 0.000000e+000 0.000000e+000 0.000000e+000 
2.654548e-178 1.000000e+000 0.000000e+000 0.000000e+000 0.000000e+000 
4.227976e-295 5.309097e-178 1.000000e+000 0.000000e+000 0.000000e+000 
0.000000e+000 1.268393e-294 7.963645e-178 1.000000e+000 0.000000e+000 
0.000000e+000 0.000000e+000 2.536786e-294 6.226990e-090 1.000000e+000 
0.000000e+000 0.000000e+000 0.000000e+000 2.326524e-178 1.000000e+000 
0.000000e+000 0.000000e+000 0.000000e+000 3.725290e-267 1.000000e+000 
0.000000e+000 0.000000e+000 0.000000e+000 0.000000e+000 1.000000e+000 
0.000000e+000 0.000000e+000 0.000000e+000 0.000000e+000 1.000000e+000 
0.000000e+000 0.000000e+000 0.000000e+000 0.000000e+000 1.000000e+000 
0.000000e+000 0.000000e+000 0.000000e+000 0.000000e+000 1.000000e+000 
0.000000e+000 0.000000e+000 0.000000e+000 0.000000e+000 1.000000e+000 
0.000000e+000 0.000000e+000 0.000000e+000 0.000000e+000 1.000000e+000 
0.000000e+000 0.000000e+000 0.000000e+000 0.000000e+000 1.000000e+000 
0.000000e+000 0.000000e+000 0.000000e+000 0.000000e+000 1.000000e+000 
0.000000e+000 0.000000e+000 0.000000e+000 0.000000e+000 1.000000e+000 
0.000000e+000 0.000000e+000 0.000000e+000 0.000000e+000 1.000000e+000 
0.000000e+000 0.000000e+000 0.000000e+000 0.000000e+000 1.000000e+000 
0.000000e+000 0.000000e+000 0.000000e+000 0.000000e+000 1.000000e+000 
0.000000e+000 0.000000e+000 0.000000e+000 0.000000e+000 1.000000e+000 
0.000000e+000 0.000000e+000 0.000000e+000 0.000000e+000 1.000000e+000 
0.000000e+000 0.000000e+000 0.000000e+000 0.000000e+000 1.000000e+000 
0.000000e+000 0.000000e+000 0.000000e+000 0.000000e+000 1.000000e+000 
0.000000e+000 0.000000e+000 0.000000e+000 0.000000e+000 1.000000e+000 
0.000000e+000 0.000000e+000 0.000000e+000 0.000000e+000 1.000000e+000 
0.000000e+000 0.000000e+000 0.000000e+000 0.000000e+000 1.000000e+000 
0.000000e+000 0.000000e+000 0.000000e+000 0.000000e+000 1.000000e+000 
0.000000e+000 0.000000e+000 0.000000e+000 0.000000e+000 1.000000e+000 
0.000000e+000 0.000000e+000 0.000000e+000 0.000000e+000 1.000000e+000 
0.000000e+000 0.000000e+000 0.000000e+000 0.000000e+000 1.000000e+000 
0.000000e+000 0.000000e+000 0.000000e+000 0.000000e+000 1.000000e+000 
0.000000e+000 0.000000e+000 0.000000e+000 0.000000e+000 1.000000e+000 
0.000000e+000 0.000000e+000 0.000000e+000 0.000000e+000 1.000000e+000 
0.000000e+000 0.000000e+000 0.000000e+000 0.000000e+000 1.000000e+000 
0.000000e+000 0.000000e+000 0.000000e+000 0.000000e+000 1.000000e+000 
0.000000e+000 0.000000e+000 0.000000e+000 0.000000e+000 1.000000e+000 
0.000000e+000 0.000000e+000 0.000000e+000 0.000000e+000 1.000000e+000 
0.000000e+000 0.000000e+000 0.000000e+000 0.000000e+000 1.000000e+000 
0.000000e+000 0.000000e+000 0.000000e+000 0.000000e+000 1.000000e+000 
0.000000e+000 0.000000e+000 0.000000e+000 0.000000e+000 1.000000e+000 



Q star

------------
1  2  3  4  5  5  5  5  5  5  5  5  5  5  5  5  5  5  5  5  5  5  5  5  5  5  5  5  5  5  5  5  5  5  5  5  5  5  5  5  
------------

P star

-----------
6.938713e-022

A Martrix

2.654548e-178 1.000000e+000 0.000000e+000 0.000000e+000 0.000000e+000 
0.000000e+000 2.654548e-178 1.000000e+000 0.000000e+000 0.000000e+000 
0.000000e+000 0.000000e+000 2.654548e-178 1.000000e+000 0.000000e+000 
0.000000e+000 0.000000e+000 0.000000e+000 6.226990e-090 1.000000e+000 
0.000000e+000 0.000000e+000 0.000000e+000 0.000000e+000 1.000000e+000 

B Martrix

1.000000e-030 1.000000e-030 1.000000e-030 1.000000e-030 1.000000e-030 1.000000e-030 1.000000e-030 1.000000e-030 1.000000e-030 1.000000e-030 1.000000e-030 1.000000e-030 1.000000e-030 1.000000e-030 1.000000e-030 1.000000e-030 1.000000e-030 1.000000e+000 1.000000e-030 1.000000e-030 1.000000e-030 1.000000e-030 1.000000e-030 1.000000e-030 1.000000e-030 1.000000e-030 1.000000e-030 1.000000e-030 1.000000e-030 1.000000e-030 1.000000e-030 1.000000e-030 
1.000000e-030 1.000000e-030 1.000000e-030 1.000000e-030 1.000000e-030 1.000000e-030 1.000000e-030 1.000000e-030 1.000000e-030 1.000000e-030 1.000000e-030 1.000000e-030 1.000000e-030 1.000000e-030 1.000000e-030 1.000000e-030 1.000000e-030 1.000000e+000 1.000000e-030 1.000000e-030 1.000000e-030 1.000000e-030 1.000000e-030 1.000000e-030 1.000000e-030 1.000000e-030 1.000000e-030 1.000000e-030 1.000000e-030 1.000000e-030 1.000000e-030 1.000000e-030 
1.000000e-030 1.000000e-030 1.000000e-030 1.000000e-030 1.000000e-030 1.000000e-030 1.000000e-030 1.000000e-030 1.000000e-030 1.000000e-030 1.000000e-030 1.000000e-030 1.000000e-030 1.000000e-030 1.000000e-030 1.000000e-030 1.000000e-030 1.000000e+000 1.000000e-030 1.000000e-030 1.000000e-030 1.000000e-030 1.000000e-030 1.000000e-030 1.000000e-030 1.000000e-030 1.000000e-030 1.000000e-030 1.000000e-030 1.000000e-030 1.000000e-030 1.000000e-030 
1.000000e-030 1.000000e-030 1.000000e-030 1.000000e-030 1.000000e-030 1.000000e-030 1.000000e-030 1.000000e-030 1.000000e-030 1.000000e-030 1.000000e-030 1.000000e-030 1.000000e-030 1.000000e-030 1.000000e-030 1.000000e-030 1.000000e-030 1.000000e-030 1.000000e-030 1.000000e-030 1.000000e-030 1.000000e-030 1.000000e-030 1.000000e-030 1.000000e-030 1.000000e+000 1.000000e-030 1.000000e-030 1.000000e-030 1.000000e-030 1.000000e-030 1.000000e-030 
1.000000e-030 1.000000e-030 1.000000e-030 1.000000e-030 1.000000e-030 8.333333e-002 1.000000e-030 1.000000e-030 1.000000e-030 8.333333e-002 1.000000e-030 1.000000e-030 1.000000e-030 1.000000e-030 1.000000e-030 1.000000e-030 1.000000e-030 5.000000e-001 1.000000e-030 1.000000e-030 1.000000e-030 1.000000e-030 1.000000e-030 1.000000e-030 1.944444e-001 1.388889e-001 1.000000e-030 1.000000e-030 1.000000e-030 1.000000e-030 1.000000e-030 1.000000e-030 
=================
