29	29	5	29	29	13	29	29	29	13	3	3	13	3	3	4	4	3	12	12	12	12	12	12	28	28	28	22	28	6	16	22	6	6	6	12	

P(O|lamda) = 0.000000e+000

1.000000e-030 0.000000e+000 0.000000e+000 0.000000e+000 0.000000e+000 
2.571063e-062 9.742894e-061 0.000000e+000 0.000000e+000 0.000000e+000 
6.610365e-094 6.205654e-092 9.372825e-091 0.000000e+000 0.000000e+000 
1.699566e-125 3.001167e-123 1.814560e-121 8.155259e-121 0.000000e+000 
4.369692e-157 1.305536e-154 2.645899e-152 3.401961e-151 6.332140e-151 
1.123475e-188 5.384622e-186 3.562719e-183 9.907319e-182 8.973588e-181 
2.888526e-220 2.154729e-217 4.679908e-214 2.524786e-212 9.742840e-211 
7.426583e-252 8.465846e-249 6.100107e-245 6.051391e-243 9.938877e-241 
1.909421e-283 3.287984e-280 7.932415e-276 1.405874e-273 9.985863e-271 
4.909242e-315 1.267496e-311 1.030767e-306 3.211870e-304 9.996778e-301 
0.000000e+000 0.000000e+000 0.000000e+000 0.000000e+000 2.439196e-302 
0.000000e+000 0.000000e+000 0.000000e+000 0.000000e+000 5.950112e-304 
0.000000e+000 0.000000e+000 0.000000e+000 0.000000e+000 0.000000e+000 
0.000000e+000 0.000000e+000 0.000000e+000 0.000000e+000 0.000000e+000 
0.000000e+000 0.000000e+000 0.000000e+000 0.000000e+000 0.000000e+000 
0.000000e+000 0.000000e+000 0.000000e+000 0.000000e+000 0.000000e+000 
0.000000e+000 0.000000e+000 0.000000e+000 0.000000e+000 0.000000e+000 
0.000000e+000 0.000000e+000 0.000000e+000 0.000000e+000 0.000000e+000 
0.000000e+000 0.000000e+000 0.000000e+000 0.000000e+000 0.000000e+000 
0.000000e+000 0.000000e+000 0.000000e+000 0.000000e+000 0.000000e+000 
0.000000e+000 0.000000e+000 0.000000e+000 0.000000e+000 0.000000e+000 
0.000000e+000 0.000000e+000 0.000000e+000 0.000000e+000 0.000000e+000 
0.000000e+000 0.000000e+000 0.000000e+000 0.000000e+000 0.000000e+000 
0.000000e+000 0.000000e+000 0.000000e+000 0.000000e+000 0.000000e+000 
0.000000e+000 0.000000e+000 0.000000e+000 0.000000e+000 0.000000e+000 
0.000000e+000 0.000000e+000 0.000000e+000 0.000000e+000 0.000000e+000 
0.000000e+000 0.000000e+000 0.000000e+000 0.000000e+000 0.000000e+000 
0.000000e+000 0.000000e+000 0.000000e+000 0.000000e+000 0.000000e+000 
0.000000e+000 0.000000e+000 0.000000e+000 0.000000e+000 0.000000e+000 
0.000000e+000 0.000000e+000 0.000000e+000 0.000000e+000 0.000000e+000 
0.000000e+000 0.000000e+000 0.000000e+000 0.000000e+000 0.000000e+000 
0.000000e+000 0.000000e+000 0.000000e+000 0.000000e+000 0.000000e+000 
0.000000e+000 0.000000e+000 0.000000e+000 0.000000e+000 0.000000e+000 
0.000000e+000 0.000000e+000 0.000000e+000 0.000000e+000 0.000000e+000 
0.000000e+000 0.000000e+000 0.000000e+000 0.000000e+000 0.000000e+000 
0.000000e+000 0.000000e+000 0.000000e+000 0.000000e+000 0.000000e+000 



P(O|lamda) = 1.691585e-127

1.050000e-030 0.000000e+000 0.000000e+000 0.000000e+000 0.000000e+000 
8.711110e-182 1.102500e-060 0.000000e+000 0.000000e+000 0.000000e+000 
0.000000e+000 2.022421e-176 1.157625e-090 0.000000e+000 0.000000e+000 
0.000000e+000 3.709919e-292 2.894063e-093 5.643422e-092 0.000000e+000 
0.000000e+000 0.000000e+000 7.235156e-096 5.884475e-094 6.921545e-093 
0.000000e+000 0.000000e+000 1.899229e-127 5.017420e-096 4.252797e-094 
0.000000e+000 0.000000e+000 4.748071e-130 3.977379e-098 6.260274e-095 
0.000000e+000 0.000000e+000 1.187018e-132 3.152924e-100 9.129647e-096 
0.000000e+000 0.000000e+000 2.967545e-135 2.499367e-102 1.330746e-096 
0.000000e+000 0.000000e+000 7.789804e-167 1.981283e-104 7.630619e-098 
0.000000e+000 0.000000e+000 2.044824e-198 3.298241e-135 5.798999e-099 
0.000000e+000 0.000000e+000 5.367662e-230 5.490579e-166 4.407033e-100 
0.000000e+000 0.000000e+000 1.409011e-261 4.352459e-168 2.527029e-101 
0.000000e+000 0.000000e+000 3.698655e-293 7.245536e-199 1.920452e-102 
0.000000e+000 0.000000e+000 0.000000e+000 1.206164e-229 1.459475e-103 
0.000000e+000 0.000000e+000 0.000000e+000 9.561431e-232 3.208472e-105 
0.000000e+000 0.000000e+000 0.000000e+000 7.579480e-234 7.053420e-107 
0.000000e+000 0.000000e+000 0.000000e+000 1.261756e-264 5.360348e-108 
0.000000e+000 0.000000e+000 0.000000e+000 1.000211e-267 7.367439e-109 
0.000000e+000 0.000000e+000 0.000000e+000 7.928815e-271 1.012605e-109 
0.000000e+000 0.000000e+000 0.000000e+000 6.285283e-274 1.391758e-110 
0.000000e+000 0.000000e+000 0.000000e+000 4.982432e-277 1.912878e-111 
0.000000e+000 0.000000e+000 0.000000e+000 3.949643e-280 2.629123e-112 
0.000000e+000 0.000000e+000 0.000000e+000 3.130938e-283 3.613553e-113 
0.000000e+000 0.000000e+000 0.000000e+000 5.212070e-314 4.467537e-114 
0.000000e+000 0.000000e+000 0.000000e+000 0.000000e+000 5.523340e-115 
0.000000e+000 0.000000e+000 0.000000e+000 0.000000e+000 6.828660e-116 
0.000000e+000 0.000000e+000 0.000000e+000 0.000000e+000 1.629668e-117 
0.000000e+000 0.000000e+000 0.000000e+000 0.000000e+000 2.014804e-118 
0.000000e+000 0.000000e+000 0.000000e+000 0.000000e+000 8.687525e-120 
0.000000e+000 0.000000e+000 0.000000e+000 0.000000e+000 6.433049e-121 
0.000000e+000 0.000000e+000 0.000000e+000 0.000000e+000 1.535255e-122 
0.000000e+000 0.000000e+000 0.000000e+000 0.000000e+000 6.619783e-124 
0.000000e+000 0.000000e+000 0.000000e+000 0.000000e+000 2.854348e-125 
0.000000e+000 0.000000e+000 0.000000e+000 0.000000e+000 1.230751e-126 
0.000000e+000 0.000000e+000 0.000000e+000 0.000000e+000 1.691585e-127 



P(O|lamda) = 7.819583e-150

1.052500e-030 0.000000e+000 0.000000e+000 0.000000e+000 0.000000e+000 
6.579164e-063 1.101177e-060 0.000000e+000 0.000000e+000 0.000000e+000 
4.112627e-095 1.376689e-092 1.152105e-090 0.000000e+000 0.000000e+000 
2.570798e-127 1.290849e-124 3.262290e-094 2.751362e-093 0.000000e+000 
1.607002e-159 1.075878e-156 7.299932e-098 1.848537e-096 1.693384e-095 
1.004535e-191 8.406622e-189 3.438486e-129 8.928643e-100 7.614451e-098 
6.279335e-224 6.305962e-221 7.694202e-133 3.470597e-103 5.604239e-100 
3.925204e-256 4.598824e-253 1.721710e-136 1.349034e-106 4.086412e-102 
2.453640e-288 3.285393e-285 3.852621e-140 5.243746e-110 2.978192e-104 
1.533580e-320 2.310407e-317 1.814699e-171 2.038264e-113 1.226136e-106 
0.000000e+000 0.000000e+000 8.547776e-203 1.584562e-115 7.301373e-109 
0.000000e+000 0.000000e+000 4.026258e-234 1.231850e-117 4.347809e-111 
0.000000e+000 0.000000e+000 1.896487e-265 4.788247e-121 1.790011e-113 
0.000000e+000 0.000000e+000 8.933022e-297 3.722419e-123 1.065913e-115 
0.000000e+000 0.000000e+000 0.000000e+000 2.893837e-125 6.347278e-118 
0.000000e+000 0.000000e+000 0.000000e+000 9.111246e-127 4.117764e-119 
0.000000e+000 0.000000e+000 0.000000e+000 2.868676e-128 2.671379e-120 
0.000000e+000 0.000000e+000 0.000000e+000 2.230130e-130 1.590748e-122 
0.000000e+000 0.000000e+000 0.000000e+000 8.677269e-132 1.467793e-123 
0.000000e+000 0.000000e+000 0.000000e+000 3.376260e-133 1.354343e-124 
0.000000e+000 0.000000e+000 0.000000e+000 1.313677e-134 1.249661e-125 
0.000000e+000 0.000000e+000 0.000000e+000 5.111419e-136 1.153070e-126 
0.000000e+000 0.000000e+000 0.000000e+000 1.988815e-137 1.063946e-127 
0.000000e+000 0.000000e+000 0.000000e+000 7.738327e-139 9.817097e-129 
0.000000e+000 0.000000e+000 0.000000e+000 1.804750e-140 2.143721e-129 
0.000000e+000 0.000000e+000 0.000000e+000 4.209079e-142 4.681161e-130 
0.000000e+000 0.000000e+000 0.000000e+000 9.816508e-144 1.022207e-130 
0.000000e+000 0.000000e+000 0.000000e+000 7.631427e-148 1.219754e-133 
0.000000e+000 0.000000e+000 0.000000e+000 1.779819e-149 2.663530e-134 
0.000000e+000 0.000000e+000 0.000000e+000 2.767289e-153 5.742366e-137 
0.000000e+000 0.000000e+000 0.000000e+000 4.528510e-184 7.087394e-138 
0.000000e+000 0.000000e+000 0.000000e+000 3.520497e-188 8.457076e-141 
0.000000e+000 0.000000e+000 0.000000e+000 5.473722e-192 1.823280e-143 
0.000000e+000 0.000000e+000 0.000000e+000 8.510625e-196 3.930852e-146 
0.000000e+000 0.000000e+000 0.000000e+000 1.323245e-199 8.474614e-149 
0.000000e+000 0.000000e+000 0.000000e+000 5.148646e-201 7.819583e-150 



P(O|lamda) = 6.764302e-152

1.052625e-030 0.000000e+000 0.000000e+000 0.000000e+000 0.000000e+000 
3.019111e-061 8.061083e-061 0.000000e+000 0.000000e+000 0.000000e+000 
8.659335e-092 4.696083e-091 6.101272e-091 0.000000e+000 0.000000e+000 
2.483648e-122 2.051982e-121 1.336005e-094 5.167408e-095 0.000000e+000 
7.123533e-153 7.970629e-152 1.076982e-098 1.365573e-098 1.200650e-098 
2.043153e-183 2.902799e-182 3.655461e-129 1.530676e-102 4.264007e-102 
5.860118e-214 1.014955e-212 2.946744e-133 6.933207e-107 1.909422e-105 
1.680783e-244 3.450450e-243 2.375432e-137 3.140402e-111 7.118869e-109 
4.820779e-275 1.149169e-273 1.914886e-141 1.422447e-115 2.601353e-112 
1.382683e-305 3.767788e-304 6.499453e-172 6.442985e-120 5.356808e-116 
0.000000e+000 5.795946e-306 1.047869e-173 1.225709e-121 7.483852e-118 
0.000000e+000 8.142130e-308 1.689419e-175 2.331781e-123 1.045578e-119 
0.000000e+000 0.000000e+000 5.734178e-206 1.056182e-127 2.152650e-123 
0.000000e+000 0.000000e+000 9.244883e-208 2.009273e-129 3.007273e-125 
0.000000e+000 0.000000e+000 1.490499e-209 3.822427e-131 4.201237e-127 
0.000000e+000 0.000000e+000 4.806090e-212 1.402411e-133 2.087238e-129 
0.000000e+000 0.000000e+000 1.549716e-214 5.145306e-136 1.036955e-131 
0.000000e+000 0.000000e+000 2.498517e-216 9.788395e-138 1.448637e-133 
0.000000e+000 0.000000e+000 1.651568e-217 1.108460e-138 1.332664e-134 
0.000000e+000 0.000000e+000 1.091718e-218 1.255244e-139 1.225987e-135 
0.000000e+000 0.000000e+000 7.216466e-220 1.421466e-140 1.127863e-136 
0.000000e+000 0.000000e+000 4.770223e-221 1.609700e-141 1.037609e-137 
0.000000e+000 0.000000e+000 3.153209e-222 1.822860e-142 9.545945e-139 
0.000000e+000 0.000000e+000 2.084332e-223 2.064247e-143 8.782418e-140 
0.000000e+000 0.000000e+000 1.176156e-225 5.610014e-146 4.866560e-141 
0.000000e+000 0.000000e+000 6.636871e-228 1.524636e-148 2.696300e-142 
0.000000e+000 0.000000e+000 3.745085e-230 4.143510e-151 1.493865e-143 
0.000000e+000 0.000000e+000 3.018992e-235 3.753612e-156 1.017449e-144 
0.000000e+000 0.000000e+000 1.703571e-237 1.020121e-158 5.637100e-146 
0.000000e+000 0.000000e+000 1.098971e-238 5.546622e-160 1.815990e-146 
0.000000e+000 0.000000e+000 3.730096e-269 2.115647e-190 3.229282e-148 
0.000000e+000 0.000000e+000 3.006909e-274 1.916568e-195 2.199417e-149 
0.000000e+000 0.000000e+000 1.939752e-275 1.042080e-196 7.085415e-150 
0.000000e+000 0.000000e+000 1.251331e-276 5.666020e-198 2.282564e-150 
0.000000e+000 0.000000e+000 8.072313e-278 3.080740e-199 7.353274e-151 
0.000000e+000 0.000000e+000 5.335954e-279 3.488699e-200 6.764302e-152 



P(O|lamda) = 3.449476e-142

1.052631e-030 0.000000e+000 0.000000e+000 0.000000e+000 0.000000e+000 
1.699164e-062 1.091040e-060 0.000000e+000 0.000000e+000 0.000000e+000 
2.742801e-094 9.509329e-092 1.070981e-090 0.000000e+000 0.000000e+000 
4.427447e-126 7.037462e-123 3.438773e-096 4.423339e-092 0.000000e+000 
7.146814e-158 5.043635e-154 7.482277e-102 5.750020e-094 4.868785e-093 
1.153643e-189 3.589210e-185 1.370977e-132 9.339786e-100 1.317898e-094 
1.862219e-221 2.550120e-216 2.983048e-138 1.213805e-101 1.960006e-095 
3.006005e-253 1.811194e-247 6.490685e-144 1.577468e-103 2.914950e-096 
4.852313e-285 1.286274e-278 1.412280e-149 2.050088e-105 4.335155e-097 
7.832636e-317 9.134692e-310 2.587719e-180 3.329968e-111 1.079130e-098 
0.000000e+000 1.540694e-313 1.126101e-183 2.271731e-114 4.378172e-100 
0.000000e+000 2.598593e-317 4.900467e-187 1.549793e-117 1.776282e-101 
0.000000e+000 0.000000e+000 8.979120e-218 2.517337e-123 4.421616e-103 
0.000000e+000 0.000000e+000 3.907455e-221 1.717348e-126 1.793908e-104 
0.000000e+000 0.000000e+000 1.700412e-224 1.171589e-129 7.278121e-106 
0.000000e+000 0.000000e+000 1.494740e-226 1.541444e-133 3.571301e-107 
0.000000e+000 0.000000e+000 1.313945e-228 2.028058e-137 1.752402e-108 
0.000000e+000 0.000000e+000 5.717912e-232 1.383557e-140 7.109725e-110 
0.000000e+000 0.000000e+000 1.020191e-234 5.618525e-143 2.417923e-111 
0.000000e+000 0.000000e+000 1.820227e-237 2.281641e-145 8.223035e-113 
0.000000e+000 0.000000e+000 3.247653e-240 9.265578e-148 2.796545e-114 
0.000000e+000 0.000000e+000 5.794470e-243 3.762683e-150 9.510677e-116 
0.000000e+000 0.000000e+000 1.033851e-245 1.527998e-152 3.234455e-117 
0.000000e+000 0.000000e+000 1.844598e-248 6.205086e-155 1.099995e-118 
0.000000e+000 0.000000e+000 2.809507e-252 6.047371e-159 2.100051e-120 
0.000000e+000 0.000000e+000 4.279158e-256 5.893665e-163 4.009304e-122 
0.000000e+000 0.000000e+000 6.517582e-260 5.743866e-167 7.654347e-124 
0.000000e+000 0.000000e+000 1.418132e-266 1.865958e-173 2.606632e-126 
0.000000e+000 0.000000e+000 2.159956e-270 1.818531e-177 4.976441e-128 
0.000000e+000 0.000000e+000 3.760977e-273 3.545800e-180 8.015792e-130 
0.000000e+000 0.000000e+000 6.891234e-304 9.700140e-211 7.127039e-133 
0.000000e+000 0.000000e+000 1.499433e-310 3.151197e-217 2.427061e-135 
0.000000e+000 0.000000e+000 2.610856e-313 6.144254e-220 3.909384e-137 
0.000000e+000 0.000000e+000 4.546095e-316 1.198016e-222 6.297032e-139 
0.000000e+000 0.000000e+000 7.915772e-319 2.335911e-225 1.014293e-140 
0.000000e+000 0.000000e+000 1.413028e-321 9.485962e-228 3.449476e-142 



P(O|lamda) = 1.766674e-054

3.500000e-001 0.000000e+000 0.000000e+000 0.000000e+000 0.000000e+000 
6.946301e-086 1.750000e-001 0.000000e+000 0.000000e+000 0.000000e+000 
4.146176e-200 6.562500e-004 6.825000e-002 0.000000e+000 0.000000e+000 
8.228739e-285 8.203125e-006 6.793505e-004 1.326237e-002 0.000000e+000 
0.000000e+000 1.025391e-007 7.087984e-006 4.577217e-004 1.929679e-004 
0.000000e+000 2.563477e-010 5.794327e-008 9.347047e-006 1.713392e-005 
0.000000e+000 3.204346e-012 5.181028e-010 2.408132e-007 4.197063e-007 
0.000000e+000 4.005432e-014 4.810523e-012 6.014799e-009 1.045341e-008 
0.000000e+000 5.006790e-016 4.667410e-014 1.486520e-010 2.606050e-010 
0.000000e+000 1.251698e-018 3.560282e-016 2.710969e-012 1.126265e-011 
0.000000e+000 3.911555e-024 1.950231e-021 4.319754e-017 8.922986e-013 
0.000000e+000 1.222361e-029 1.032396e-026 6.878562e-022 5.835399e-014 
0.000000e+000 3.055902e-032 6.434177e-029 1.251485e-023 1.679889e-015 
0.000000e+000 9.549694e-038 3.286030e-034 1.992171e-028 1.098557e-016 
0.000000e+000 2.984279e-043 1.670842e-039 3.171143e-033 7.183967e-018 
0.000000e+000 7.853370e-075 1.711525e-043 9.735020e-039 9.312103e-020 
0.000000e+000 2.066677e-106 1.745673e-047 2.988935e-044 1.207066e-021 
0.000000e+000 6.458366e-112 8.814365e-053 4.779718e-049 7.893562e-023 
0.000000e+000 8.577770e-117 1.824749e-057 4.535521e-053 6.004258e-024 
0.000000e+000 1.139268e-121 3.777592e-062 4.298897e-057 4.567154e-025 
0.000000e+000 1.513135e-126 7.820366e-067 4.073604e-061 3.474017e-026 
0.000000e+000 2.009692e-131 1.618971e-071 3.859908e-065 2.642520e-027 
0.000000e+000 2.669200e-136 3.351592e-076 3.657380e-069 2.010039e-028 
0.000000e+000 3.545136e-141 6.938461e-081 3.465469e-073 1.528941e-029 
0.000000e+000 5.594668e-147 1.226194e-086 7.880386e-079 7.027337e-031 
0.000000e+000 8.829085e-153 2.166983e-092 1.791979e-084 3.229912e-032 
0.000000e+000 1.393340e-158 3.829585e-098 4.074914e-090 1.484536e-033 
0.000000e+000 3.809914e-167 9.668296e-107 3.088750e-098 2.527739e-037 
0.000000e+000 6.012521e-173 1.708623e-112 7.023735e-104 1.161802e-038 
0.000000e+000 5.637912e-178 3.451993e-117 3.195423e-108 2.633741e-040 
0.000000e+000 1.893986e-184 1.467793e-148 4.079332e-139 1.170862e-044 
0.000000e+000 5.178868e-193 3.705637e-157 3.092098e-147 1.993642e-048 
0.000000e+000 4.856200e-198 7.486635e-162 1.406739e-151 4.519477e-050 
0.000000e+000 4.553636e-203 1.512552e-166 6.399907e-156 1.024541e-051 
0.000000e+000 4.269923e-208 3.055866e-171 2.911614e-160 2.322577e-053 
0.000000e+000 5.671157e-213 6.326249e-176 2.758833e-164 1.766674e-054 



P(O|lamda) = 7.885926e-086

1.750000e-002 0.000000e+000 0.000000e+000 0.000000e+000 0.000000e+000 
3.062500e-004 3.830372e-094 0.000000e+000 0.000000e+000 0.000000e+000 
3.223686e-034 4.309168e-096 1.532149e-096 0.000000e+000 0.000000e+000 
5.641450e-036 8.618337e-098 2.087559e-098 3.102607e-099 0.000000e+000 
9.872537e-038 1.723667e-099 3.393725e-100 6.740432e-101 5.137353e-103 
4.936268e-040 6.894670e-102 4.621736e-102 9.134866e-103 2.014376e-104 
8.638470e-042 1.378934e-103 5.076338e-104 1.675829e-104 1.679339e-106 
1.511732e-043 2.757868e-105 6.818959e-106 2.385385e-106 2.913901e-108 
2.645531e-045 5.515736e-107 1.097094e-107 3.313007e-108 4.191007e-110 
1.322766e-047 2.206294e-109 1.485616e-109 3.633452e-110 1.014070e-111 
8.708207e-050 1.103147e-114 1.018595e-114 3.857434e-115 2.707655e-113 
5.732903e-052 5.515736e-120 6.471909e-120 3.362059e-120 8.878527e-116 
2.866451e-054 2.206294e-122 4.710506e-122 2.988028e-122 1.277980e-118 
1.887080e-056 1.103147e-127 2.631040e-127 2.186969e-127 4.178846e-121 
1.242328e-058 5.515736e-133 1.453413e-132 1.493482e-132 1.366370e-123 
8.075131e-061 4.644832e-163 1.607220e-136 1.880046e-138 8.855677e-127 
5.248835e-063 7.441989e-181 1.623292e-140 4.258630e-143 5.739515e-130 
3.455483e-065 2.872142e-158 8.116459e-146 2.152928e-146 1.876666e-132 
6.603981e-066 8.042352e-160 1.663874e-150 1.306941e-150 7.137454e-135 
1.262126e-066 1.536027e-160 3.410942e-155 5.384306e-155 2.714561e-137 
2.412125e-067 2.935592e-161 6.992439e-160 1.949153e-159 1.032419e-139 
4.609958e-068 5.610387e-162 1.448495e-164 6.637654e-164 3.926558e-142 
8.810367e-069 1.072235e-162 2.905017e-167 2.187518e-168 1.493373e-144 
1.683802e-069 2.049212e-163 5.495798e-168 2.953262e-172 5.679689e-147 
2.541955e-070 4.653435e-165 8.966264e-170 1.030684e-174 1.305253e-149 
3.837468e-071 7.024403e-166 2.036035e-171 1.681252e-176 2.999609e-152 
5.793241e-072 1.060440e-166 3.073212e-172 3.817691e-178 6.893419e-155 
4.359104e-073 2.773830e-170 6.627830e-176 1.920767e-181 5.868759e-160 
6.580731e-074 1.204569e-168 1.213562e-176 1.242732e-182 1.348703e-162 
1.875719e-075 1.080528e-168 6.024725e-174 4.552394e-182 1.528717e-165 
2.368095e-079 1.103946e-171 2.274848e-199 1.268364e-204 3.398051e-171 
1.781865e-080 1.138665e-177 6.899660e-181 1.421812e-208 2.892953e-176 
5.078885e-082 2.925698e-175 5.708909e-183 2.588235e-186 3.279081e-179 
1.447645e-083 8.343565e-177 1.463306e-180 2.145438e-188 3.716747e-182 
4.126251e-085 2.378184e-178 4.176014e-182 5.489228e-186 4.212829e-185 
7.885926e-086 9.601275e-180 1.219675e-183 3.264356e-187 1.644003e-187 



P(O|lamda) = 5.425394e-069

8.750000e-004 0.000000e+000 0.000000e+000 0.000000e+000 0.000000e+000 
3.828125e-008 1.039063e-006 0.000000e+000 0.000000e+000 0.000000e+000 
2.014803e-039 2.922363e-011 9.975000e-010 0.000000e+000 0.000000e+000 
8.814765e-044 1.461182e-015 4.979720e-012 4.692673e-013 0.000000e+000 
3.856460e-048 7.305908e-020 1.785784e-014 2.414106e-015 1.338570e-015 
4.820575e-053 7.305908e-025 1.899482e-016 6.495240e-018 7.960699e-017 
2.109001e-057 3.652954e-029 6.784738e-019 9.034856e-020 3.432340e-019 
9.226881e-062 1.826477e-033 2.423433e-021 3.329360e-022 1.657723e-021 
4.036760e-066 9.132385e-038 8.656231e-024 1.190766e-024 7.711328e-024 
5.045951e-071 9.132385e-043 9.206847e-026 3.150757e-027 2.247132e-025 
6.086678e-075 9.132396e-045 1.302411e-027 1.297559e-026 2.149410e-026 
7.342055e-079 9.132407e-047 1.842405e-029 7.667543e-028 2.895505e-027 
9.177569e-084 9.132407e-052 1.959600e-031 9.287357e-032 9.025592e-029 
1.107044e-087 9.132418e-054 2.772072e-033 3.150367e-032 8.555415e-030 
1.335372e-091 9.132429e-056 3.921404e-035 1.807244e-033 8.124768e-031 
3.360130e-094 1.826486e-058 1.386989e-037 2.899142e-035 8.161331e-032 
8.454928e-097 3.652972e-061 4.905736e-040 4.422900e-037 8.187359e-033 
1.019876e-100 3.652976e-063 6.939710e-042 2.001604e-038 7.755561e-034 
3.674398e-103 1.940700e-070 6.289001e-049 1.176748e-044 1.494884e-034 
1.323808e-105 1.031027e-077 5.699307e-056 6.911865e-051 2.881337e-035 
4.769403e-108 5.477494e-085 5.164906e-063 4.059255e-057 5.553676e-036 
1.718316e-110 2.910004e-092 4.680613e-070 2.383901e-063 1.070452e-036 
6.190731e-113 1.545985e-099 4.241731e-077 1.400002e-069 2.063258e-037 
2.230391e-115 8.213287e-107 3.844001e-084 8.221833e-076 3.976858e-038 
3.862098e-118 5.184638e-115 2.973774e-092 1.158784e-083 8.074063e-039 
6.687531e-121 3.330704e-123 2.300555e-100 1.633190e-091 1.639246e-039 
1.157999e-123 1.002817e-127 1.779742e-108 2.301816e-099 3.328099e-040 
2.178331e-127 3.008095e-133 1.966906e-119 1.081392e-109 1.416700e-046 
3.771954e-130 3.265795e-134 1.521627e-127 1.524113e-117 2.876272e-047 
9.698666e-133 1.791718e-131 1.345742e-134 2.291333e-119 2.481396e-050 
3.061141e-139 5.502860e-140 1.810679e-161 7.251994e-150 1.029828e-052 
5.758364e-143 8.011981e-149 8.254289e-150 3.406984e-160 4.383753e-059 
1.480624e-145 2.735274e-144 9.690386e-155 3.835302e-151 3.781920e-062 
3.807066e-148 1.250375e-146 3.283356e-150 5.770446e-153 3.262710e-065 
9.788949e-151 4.309187e-149 1.500948e-152 1.526457e-151 2.814782e-068 
3.526753e-153 3.524449e-156 5.300436e-155 1.168877e-157 5.425394e-069 



P(O|lamda) = 1.160073e-094

4.375000e-005 0.000000e+000 0.000000e+000 0.000000e+000 0.000000e+000 
1.914063e-010 2.460938e-009 0.000000e+000 0.000000e+000 0.000000e+000 
2.014803e-041 6.921387e-015 1.132031e-013 0.000000e+000 0.000000e+000 
8.814765e-047 3.460693e-020 3.894541e-017 2.636222e-018 0.000000e+000 
3.856460e-052 1.730347e-025 7.947365e-021 9.168170e-022 4.580832e-022 
4.820575e-058 1.730347e-031 4.781537e-024 1.396361e-025 1.629626e-024 
2.109001e-063 8.651733e-037 9.658709e-028 1.118732e-028 3.566154e-028 
9.226881e-069 4.325867e-042 1.951059e-031 2.291179e-032 9.216905e-032 
4.036760e-074 2.162933e-047 3.941140e-035 4.629355e-036 2.277855e-035 
5.045951e-080 2.162933e-053 2.370596e-038 6.926923e-040 3.514127e-038 
6.086678e-085 2.162937e-056 1.896480e-041 1.643402e-040 1.692286e-040 
7.342055e-090 2.162940e-059 1.517187e-044 3.132442e-043 1.464649e-042 
9.177569e-096 2.162940e-065 9.125881e-048 1.130821e-048 2.277021e-045 
1.107044e-100 2.162944e-068 7.300719e-051 6.422371e-050 1.078882e-047 
1.335372e-105 2.162947e-071 5.840587e-054 1.216514e-052 5.135632e-050 
3.360130e-109 9.084378e-074 2.453062e-056 5.843673e-056 8.753959e-052 
8.454928e-113 3.815439e-076 1.030292e-058 7.803840e-059 1.489238e-053 
1.019876e-117 3.815445e-079 8.242354e-062 7.975111e-061 7.053247e-056 
3.674398e-121 2.027015e-087 4.224206e-070 1.893055e-068 1.978680e-057 
1.323808e-124 1.076883e-095 2.164906e-078 3.115232e-076 5.550828e-059 
4.769403e-128 5.721110e-104 1.109514e-086 4.696406e-084 1.557184e-060 
1.718316e-131 3.039429e-112 5.686260e-095 6.886572e-092 4.368399e-062 
6.190731e-135 1.614744e-120 2.914208e-103 1.000304e-099 1.225475e-063 
2.230391e-138 8.578579e-129 1.493532e-111 1.448180e-107 3.437849e-065 
3.862100e-142 5.415228e-138 6.534201e-121 5.025737e-117 2.145442e-066 
6.687534e-146 3.421105e-147 2.858713e-130 1.744413e-126 1.338896e-067 
1.158000e-149 4.770790e-154 1.250687e-139 6.056064e-136 8.355582e-069 
2.178334e-154 1.424888e-160 7.816794e-152 7.010116e-148 1.778395e-076 
3.771959e-158 1.546957e-162 3.419847e-161 2.432904e-157 1.109835e-077 
2.766039e-161 8.487098e-161 2.600236e-169 9.008240e-161 5.522459e-079 
8.730311e-169 5.321928e-170 8.219088e-191 1.403150e-191 1.576990e-081 
1.642274e-173 1.080058e-179 3.825136e-181 6.069681e-202 3.356452e-089 
1.204306e-176 3.695185e-176 6.231405e-187 8.797978e-184 1.670147e-090 
8.831372e-180 3.448790e-179 2.125395e-183 3.269089e-187 8.310535e-092 
6.476189e-183 2.676867e-182 1.983685e-186 4.888622e-186 4.135264e-093 
2.333235e-186 5.292776e-190 1.577689e-189 2.488754e-193 1.160073e-094 



P(O|lamda) = 5.247190e-069

2.187500e-006 0.000000e+000 0.000000e+000 0.000000e+000 0.000000e+000 
9.650383e-095 2.187568e-007 0.000000e+000 0.000000e+000 0.000000e+000 
2.048658e-207 2.727299e-010 1.066565e-008 0.000000e+000 0.000000e+000 
9.037867e-296 6.800474e-013 6.714827e-014 5.199986e-010 0.000000e+000 
0.000000e+000 1.695687e-015 8.392661e-017 3.546193e-012 5.673199e-012 
0.000000e+000 1.057011e-017 3.317221e-016 4.833010e-014 2.572293e-013 
0.000000e+000 2.635640e-020 2.345439e-021 3.454616e-016 3.776395e-015 
0.000000e+000 6.571925e-023 3.251911e-024 2.353856e-018 5.146935e-017 
0.000000e+000 1.638699e-025 8.100412e-027 1.603774e-020 6.757998e-019 
0.000000e+000 1.021488e-027 3.205731e-026 2.185378e-022 2.030622e-020 
0.000000e+000 2.562902e-030 2.701982e-028 7.463646e-024 8.446464e-022 
0.000000e+000 6.430295e-033 1.390038e-030 2.547021e-025 3.507554e-023 
0.000000e+000 4.008344e-035 8.201238e-033 3.470813e-027 1.039247e-024 
0.000000e+000 1.005689e-037 3.665791e-035 1.184152e-028 4.295337e-026 
0.000000e+000 2.523264e-040 1.523198e-037 4.039963e-030 1.774424e-027 
0.000000e+000 1.651525e-044 1.061553e-041 6.881231e-035 2.107141e-029 
0.000000e+000 1.080954e-048 7.370827e-046 1.172075e-039 2.497340e-031 
0.000000e+000 2.712103e-051 2.924586e-048 3.998767e-041 1.029212e-032 
0.000000e+000 2.245386e-061 2.420483e-058 2.660675e-050 1.574751e-033 
0.000000e+000 1.858984e-071 2.003294e-068 1.770342e-059 2.409453e-034 
0.000000e+000 1.539077e-081 1.658030e-078 1.177938e-068 3.686594e-035 
0.000000e+000 1.274222e-091 1.372287e-088 7.837687e-078 5.640687e-036 
0.000000e+000 1.054945e-101 1.135800e-098 5.214988e-087 8.630556e-037 
0.000000e+000 8.734027e-112 9.400771e-109 3.469914e-096 1.320522e-037 
0.000000e+000 1.088874e-114 1.214578e-111 2.364104e-098 4.691639e-038 
0.000000e+000 1.357502e-117 1.567305e-114 1.610700e-100 1.666878e-038 
0.000000e+000 1.692402e-120 2.020146e-117 1.097394e-102 5.922196e-039 
0.000000e+000 2.884660e-134 2.032056e-131 5.841179e-116 6.302377e-048 
0.000000e+000 3.596314e-137 2.674007e-134 3.979683e-118 2.239151e-048 
0.000000e+000 1.120904e-142 2.193826e-144 6.778669e-123 3.989749e-050 
0.000000e+000 2.347254e-154 1.151056e-172 9.722970e-154 5.696552e-054 
0.000000e+000 4.000840e-168 8.940342e-167 5.175317e-167 6.062248e-063 
0.000000e+000 1.246988e-173 1.916309e-176 1.177850e-170 1.080179e-064 
0.000000e+000 3.886630e-179 3.801010e-182 2.006277e-175 1.924677e-066 
0.000000e+000 1.211391e-184 1.184687e-187 3.417335e-180 3.429415e-068 
0.000000e+000 1.002926e-194 3.783580e-193 2.273804e-189 5.247190e-069 



Max probability = 1.766674e-054

Utterance recognised as 5