2	3	2	2	2	3	2	23	3	2	2	2	2	2	19	2	3	19	20	3	10	18	12	4	4	4	4	12	18	2	20	12	20	20	4	4	3	3	3	4	12	4	12	28	28	28	12	12	12	12	12	12	28	12	12	12	28	28	28	28	12	12	12	28	12	20	28	12	12	28	28	28	
Iteraion 1
-----------------

P(O|lamda) = 4.257960e-109

3.125000e-002 0.000000e+000 0.000000e+000 0.000000e+000 0.000000e+000 
7.812500e-004 1.953125e-004 0.000000e+000 0.000000e+000 0.000000e+000 
1.953125e-005 9.765625e-006 1.220703e-006 0.000000e+000 0.000000e+000 
4.882813e-007 3.662109e-007 9.155273e-008 7.629395e-009 0.000000e+000 
1.220703e-008 1.220703e-008 4.577637e-009 7.629395e-010 4.768372e-011 
3.051758e-010 3.814697e-010 1.907349e-010 4.768372e-011 6.258488e-012 
7.629395e-012 1.144409e-011 7.152557e-012 2.384186e-012 4.936010e-013 
1.907349e-013 3.337860e-013 2.503395e-013 1.043081e-013 3.032619e-014 
4.768372e-015 9.536743e-015 8.344650e-015 4.172325e-015 1.599619e-015 
1.192093e-016 2.682209e-016 2.682209e-016 1.564622e-016 7.606513e-017 
2.980232e-018 7.450581e-018 8.381903e-018 5.587935e-018 3.354924e-018 
7.450581e-020 2.048910e-019 2.561137e-019 1.920853e-019 1.397660e-019 
1.862645e-021 5.587935e-021 7.683411e-021 6.402843e-021 5.568220e-021 
4.656613e-023 1.513399e-022 2.270099e-022 2.080924e-022 2.140246e-022 
1.164153e-024 4.074536e-024 6.621121e-024 6.621121e-024 7.988847e-024 
2.910383e-026 1.091394e-025 1.909939e-025 2.069100e-025 2.910335e-025 
7.275958e-028 2.910383e-027 5.456968e-027 6.366463e-027 1.038798e-026 
1.818989e-029 7.730705e-029 1.546141e-028 1.932676e-028 3.644149e-028 
4.547474e-031 2.046363e-030 4.348522e-030 5.798029e-030 1.259589e-029 
1.136868e-032 5.400125e-032 1.215028e-031 1.721290e-031 4.298592e-031 
2.842171e-034 1.421085e-033 3.375078e-033 5.062617e-033 1.450891e-032 
7.105427e-036 3.730349e-035 9.325873e-035 1.476597e-034 4.850447e-034 
1.776357e-037 9.769963e-037 2.564615e-036 4.274359e-036 1.608052e-035 
4.440892e-039 2.553513e-038 7.022161e-038 1.228878e-037 5.292309e-037 
1.110223e-040 6.661338e-040 1.915135e-039 3.511080e-039 1.730652e-038 
2.775558e-042 1.734723e-041 5.204170e-041 9.974660e-041 5.627729e-040 
6.938894e-044 4.510281e-043 1.409463e-042 2.818926e-042 1.821007e-041 
1.734723e-045 1.170938e-044 3.805550e-044 7.928228e-044 5.866829e-043 
4.336809e-047 3.035766e-046 1.024571e-045 2.219904e-045 1.882936e-044 
1.084202e-048 7.860466e-048 2.751163e-047 6.190117e-047 6.022918e-046 
2.710505e-050 2.032879e-049 7.369187e-049 1.719477e-048 1.920850e-047 
6.776264e-052 5.251604e-051 1.969352e-050 4.759266e-050 6.110124e-049 
1.694066e-053 1.355253e-052 5.251604e-052 1.312901e-051 1.939159e-050 
4.235165e-055 3.494011e-054 1.397604e-053 3.610478e-053 6.141928e-052 
1.058791e-056 8.999725e-056 3.712387e-055 9.899698e-055 1.941918e-053 
2.646978e-058 2.316106e-057 9.843449e-057 2.706949e-056 6.130367e-055 
6.617445e-060 5.955700e-059 2.605619e-058 7.382587e-058 1.932658e-056 
1.654361e-061 1.530284e-060 6.886279e-060 2.008498e-059 6.085698e-058 
4.135903e-063 3.929108e-062 1.817212e-061 5.451637e-061 1.914334e-059 
1.033976e-064 1.008126e-063 4.788600e-063 1.476485e-062 6.016366e-061 
2.584939e-066 2.584939e-065 1.260158e-064 3.990500e-064 1.889342e-062 
6.462349e-068 6.623907e-067 3.311954e-066 1.076385e-065 5.929135e-064 
1.615587e-069 1.696366e-068 8.693878e-068 2.897959e-067 1.859582e-065 
4.038968e-071 4.341890e-070 2.279492e-069 7.788266e-069 5.829306e-067 
1.009742e-072 1.110716e-071 5.970099e-071 2.089535e-070 1.826526e-068 
2.524355e-074 2.839899e-073 1.561945e-072 5.596968e-072 5.720953e-070 
6.310887e-076 7.257520e-075 4.082355e-074 1.496864e-073 1.791296e-071 
1.577722e-077 1.853823e-076 1.065948e-075 3.997306e-075 5.607155e-073 
3.944305e-079 4.733165e-078 2.780735e-077 1.065948e-076 1.754734e-074 
9.860761e-081 1.207943e-079 7.247660e-079 2.838667e-078 5.490207e-076 
2.465190e-082 3.081488e-081 1.887411e-080 7.549645e-080 1.717464e-077 
6.162976e-084 7.857794e-083 4.911121e-082 2.005375e-081 5.371793e-079 
1.540744e-085 2.002967e-084 1.276892e-083 5.320381e-083 1.679939e-080 
3.851860e-087 5.103714e-086 3.317414e-085 1.409901e-084 5.253134e-082 
9.629650e-089 1.300003e-087 8.612518e-087 3.732091e-086 1.642485e-083 
2.407412e-090 3.310192e-089 2.234380e-088 9.868510e-088 5.135100e-085 
6.018531e-092 8.425944e-091 5.792836e-090 2.606776e-089 1.605335e-086 
1.504633e-093 2.144102e-092 1.500871e-091 6.878993e-091 5.018302e-088 
3.761582e-095 5.454294e-094 3.886184e-093 1.813553e-092 1.568649e-089 
9.403955e-097 1.387083e-095 1.005635e-094 4.776768e-094 4.903163e-091 
2.350989e-098 3.526483e-097 2.600781e-096 1.257044e-095 1.532537e-092 
5.877472e-100 8.963144e-099 6.722358e-098 3.305160e-097 4.789964e-094 
1.469368e-101 2.277520e-100 1.736609e-099 8.683046e-099 1.497070e-095 
3.673420e-103 5.785636e-102 4.483868e-101 2.279300e-100 4.678887e-097 
9.183550e-105 1.469368e-103 1.157127e-102 5.978491e-102 1.462295e-098 
2.295887e-106 3.730817e-105 2.984654e-104 1.566943e-103 4.570045e-100 
5.739719e-108 9.470536e-107 7.694810e-106 4.103899e-105 1.428237e-101 
1.434930e-109 2.403507e-108 1.982893e-107 1.074067e-106 4.463497e-103 
3.587324e-111 6.098451e-110 5.107453e-109 2.809099e-108 1.394910e-104 
8.968310e-113 1.547034e-111 1.314978e-110 7.341963e-110 4.359269e-106 
2.242078e-114 3.923636e-113 3.384136e-112 1.917677e-111 1.362317e-107 
5.605194e-116 9.949219e-115 8.705567e-114 5.005701e-113 4.257362e-109 


1.362547e-107 1.362547e-107 1.362547e-107 1.362547e-107 1.362547e-107 
4.360151e-106 4.360151e-106 4.360151e-106 4.360151e-106 4.360151e-106 
1.395248e-104 1.395248e-104 1.395248e-104 1.395248e-104 1.395248e-104 
4.464794e-103 4.464794e-103 4.464794e-103 4.464794e-103 4.464794e-103 
1.428734e-101 1.428734e-101 1.428734e-101 1.428734e-101 1.428734e-101 
4.571950e-100 4.571950e-100 4.571950e-100 4.571950e-100 4.571950e-100 
1.463024e-098 1.463024e-098 1.463024e-098 1.463024e-098 1.463024e-098 
4.681676e-097 4.681676e-097 4.681676e-097 4.681676e-097 4.681676e-097 
1.498136e-095 1.498136e-095 1.498136e-095 1.498136e-095 1.498136e-095 
4.794037e-094 4.794037e-094 4.794037e-094 4.794037e-094 4.794037e-094 
1.534092e-092 1.534092e-092 1.534092e-092 1.534092e-092 1.534092e-092 
4.909093e-091 4.909093e-091 4.909093e-091 4.909093e-091 4.909093e-091 
1.570910e-089 1.570910e-089 1.570910e-089 1.570910e-089 1.570910e-089 
5.026912e-088 5.026912e-088 5.026912e-088 5.026912e-088 5.026912e-088 
1.608612e-086 1.608612e-086 1.608612e-086 1.608612e-086 1.608612e-086 
5.147558e-085 5.147558e-085 5.147558e-085 5.147558e-085 5.147558e-085 
1.647218e-083 1.647218e-083 1.647218e-083 1.647218e-083 1.647218e-083 
5.271099e-082 5.271099e-082 5.271099e-082 5.271099e-082 5.271099e-082 
1.686752e-080 1.686752e-080 1.686752e-080 1.686752e-080 1.686752e-080 
5.397605e-079 5.397605e-079 5.397605e-079 5.397605e-079 5.397605e-079 
1.727234e-077 1.727234e-077 1.727234e-077 1.727234e-077 1.727234e-077 
5.527148e-076 5.527148e-076 5.527148e-076 5.527148e-076 5.527148e-076 
1.768687e-074 1.768687e-074 1.768687e-074 1.768687e-074 1.768687e-074 
5.659799e-073 5.659799e-073 5.659799e-073 5.659799e-073 5.659799e-073 
1.811136e-071 1.811136e-071 1.811136e-071 1.811136e-071 1.811136e-071 
5.795635e-070 5.795635e-070 5.795635e-070 5.795635e-070 5.795635e-070 
1.854603e-068 1.854603e-068 1.854603e-068 1.854603e-068 1.854603e-068 
5.934730e-067 5.934730e-067 5.934730e-067 5.934730e-067 5.934730e-067 
1.899114e-065 1.899114e-065 1.899114e-065 1.899114e-065 1.899114e-065 
6.077163e-064 6.077163e-064 6.077163e-064 6.077163e-064 6.077163e-064 
1.944692e-062 1.944692e-062 1.944692e-062 1.944692e-062 1.944692e-062 
6.223015e-061 6.223015e-061 6.223015e-061 6.223015e-061 6.223015e-061 
1.991365e-059 1.991365e-059 1.991365e-059 1.991365e-059 1.991365e-059 
6.372368e-058 6.372368e-058 6.372368e-058 6.372368e-058 6.372368e-058 
2.039158e-056 2.039158e-056 2.039158e-056 2.039158e-056 2.039158e-056 
6.525304e-055 6.525304e-055 6.525304e-055 6.525304e-055 6.525304e-055 
2.088097e-053 2.088097e-053 2.088097e-053 2.088097e-053 2.088097e-053 
6.681912e-052 6.681912e-052 6.681912e-052 6.681912e-052 6.681912e-052 
2.138212e-050 2.138212e-050 2.138212e-050 2.138212e-050 2.138212e-050 
6.842278e-049 6.842278e-049 6.842278e-049 6.842278e-049 6.842278e-049 
2.189529e-047 2.189529e-047 2.189529e-047 2.189529e-047 2.189529e-047 
7.006492e-046 7.006492e-046 7.006492e-046 7.006492e-046 7.006492e-046 
2.242078e-044 2.242078e-044 2.242078e-044 2.242078e-044 2.242078e-044 
7.174648e-043 7.174648e-043 7.174648e-043 7.174648e-043 7.174648e-043 
2.295887e-041 2.295887e-041 2.295887e-041 2.295887e-041 2.295887e-041 
7.346840e-040 7.346840e-040 7.346840e-040 7.346840e-040 7.346840e-040 
2.350989e-038 2.350989e-038 2.350989e-038 2.350989e-038 2.350989e-038 
7.523164e-037 7.523164e-037 7.523164e-037 7.523164e-037 7.523164e-037 
2.407412e-035 2.407412e-035 2.407412e-035 2.407412e-035 2.407412e-035 
7.703720e-034 7.703720e-034 7.703720e-034 7.703720e-034 7.703720e-034 
2.465190e-032 2.465190e-032 2.465190e-032 2.465190e-032 2.465190e-032 
7.888609e-031 7.888609e-031 7.888609e-031 7.888609e-031 7.888609e-031 
2.524355e-029 2.524355e-029 2.524355e-029 2.524355e-029 2.524355e-029 
8.077936e-028 8.077936e-028 8.077936e-028 8.077936e-028 8.077936e-028 
2.584939e-026 2.584939e-026 2.584939e-026 2.584939e-026 2.584939e-026 
8.271806e-025 8.271806e-025 8.271806e-025 8.271806e-025 8.271806e-025 
2.646978e-023 2.646978e-023 2.646978e-023 2.646978e-023 2.646978e-023 
8.470329e-022 8.470329e-022 8.470329e-022 8.470329e-022 8.470329e-022 
2.710505e-020 2.710505e-020 2.710505e-020 2.710505e-020 2.710505e-020 
8.673617e-019 8.673617e-019 8.673617e-019 8.673617e-019 8.673617e-019 
2.775558e-017 2.775558e-017 2.775558e-017 2.775558e-017 2.775558e-017 
8.881784e-016 8.881784e-016 8.881784e-016 8.881784e-016 8.881784e-016 
2.842171e-014 2.842171e-014 2.842171e-014 2.842171e-014 2.842171e-014 
9.094947e-013 9.094947e-013 9.094947e-013 9.094947e-013 9.094947e-013 
2.910383e-011 2.910383e-011 2.910383e-011 2.910383e-011 2.910383e-011 
9.313226e-010 9.313226e-010 9.313226e-010 9.313226e-010 9.313226e-010 
2.980232e-008 2.980232e-008 2.980232e-008 2.980232e-008 2.980232e-008 
9.536743e-007 9.536743e-007 9.536743e-007 9.536743e-007 9.536743e-007 
3.051758e-005 3.051758e-005 3.051758e-005 3.051758e-005 3.051758e-005 
9.765625e-004 9.765625e-004 9.765625e-004 9.765625e-004 9.765625e-004 
3.125000e-002 3.125000e-002 3.125000e-002 3.125000e-002 3.125000e-002 
1.000000e+000 1.000000e+000 1.000000e+000 1.000000e+000 1.000000e+000 


1.000000e+000 0.000000e+000 0.000000e+000 0.000000e+000 0.000000e+000 
8.000000e-001 2.000000e-001 0.000000e+000 0.000000e+000 0.000000e+000 
6.400000e-001 3.200000e-001 4.000000e-002 0.000000e+000 0.000000e+000 
5.120000e-001 3.840000e-001 9.600000e-002 8.000000e-003 0.000000e+000 
4.096000e-001 4.096000e-001 1.536000e-001 2.560000e-002 1.600000e-003 
3.276800e-001 4.096000e-001 2.048000e-001 5.120000e-002 6.720000e-003 
2.621440e-001 3.932160e-001 2.457600e-001 8.192000e-002 1.696000e-002 
2.097152e-001 3.670016e-001 2.752512e-001 1.146880e-001 3.334400e-002 
1.677722e-001 3.355443e-001 2.936013e-001 1.468006e-001 5.628160e-002 
1.342177e-001 3.019899e-001 3.019899e-001 1.761608e-001 8.564173e-002 
1.073742e-001 2.684355e-001 3.019899e-001 2.013266e-001 1.208739e-001 
8.589935e-002 2.362232e-001 2.952790e-001 2.214593e-001 1.611392e-001 
6.871948e-002 2.061584e-001 2.834678e-001 2.362232e-001 2.054311e-001 
5.497558e-002 1.786706e-001 2.680060e-001 2.456721e-001 2.526757e-001 
4.398047e-002 1.539316e-001 2.501389e-001 2.501389e-001 3.018101e-001 
3.518437e-002 1.319414e-001 2.308974e-001 2.501389e-001 3.518379e-001 
2.814750e-002 1.125900e-001 2.111062e-001 2.462906e-001 4.018657e-001 
2.251800e-002 9.570149e-002 1.914030e-001 2.392537e-001 4.511238e-001 
1.801440e-002 8.106479e-002 1.722627e-001 2.296836e-001 4.989745e-001 
1.441152e-002 6.845471e-002 1.540231e-001 2.181994e-001 5.449113e-001 
1.152922e-002 5.764608e-002 1.369094e-001 2.053641e-001 5.885511e-001 
9.223372e-003 4.842270e-002 1.210568e-001 1.916732e-001 6.296240e-001 
7.378698e-003 4.058284e-002 1.065299e-001 1.775499e-001 6.679586e-001 
5.902958e-003 3.394201e-002 9.334053e-002 1.633459e-001 7.034686e-001 
4.722366e-003 2.833420e-002 8.146082e-002 1.493448e-001 7.361378e-001 
3.777893e-003 2.361183e-002 7.083550e-002 1.357680e-001 7.660067e-001 
3.022315e-003 1.964504e-002 6.139076e-002 1.227815e-001 7.931603e-001 
2.417852e-003 1.632050e-002 5.304162e-002 1.105034e-001 8.177167e-001 
1.934281e-003 1.353997e-002 4.569740e-002 9.901102e-002 8.398173e-001 
1.547425e-003 1.121883e-002 3.926591e-002 8.834830e-002 8.596195e-001 
1.237940e-003 9.284550e-003 3.365649e-002 7.853182e-002 8.772892e-001 
9.903520e-004 7.675228e-003 2.878211e-002 6.955676e-002 8.929956e-001 
7.922816e-004 6.338253e-003 2.456073e-002 6.140183e-002 9.069069e-001 
6.338253e-004 5.229059e-003 2.091623e-002 5.403361e-002 9.191873e-001 
5.070602e-004 4.310012e-003 1.777880e-002 4.741013e-002 9.299940e-001 
4.056482e-004 3.549422e-003 1.508504e-002 4.148387e-002 9.394760e-001 
3.245186e-004 2.920667e-003 1.277792e-002 3.620410e-002 9.477728e-001 
2.596148e-004 2.401437e-003 1.080647e-002 3.151886e-002 9.550136e-001 
2.076919e-004 1.973073e-003 9.125462e-003 2.737639e-002 9.613174e-001 
1.661535e-004 1.619997e-003 7.694984e-003 2.372620e-002 9.667927e-001 
1.329228e-004 1.329228e-003 6.479986e-003 2.051996e-002 9.715379e-001 
1.063382e-004 1.089967e-003 5.449835e-003 1.771196e-002 9.756419e-001 
8.507059e-005 8.932412e-004 4.577861e-003 1.525954e-002 9.791843e-001 
6.805647e-005 7.316071e-004 3.840937e-003 1.312320e-002 9.822362e-001 
5.444518e-005 5.988970e-004 3.219071e-003 1.126675e-002 9.848608e-001 
4.355614e-005 4.900066e-004 2.695036e-003 9.657214e-003 9.871142e-001 
3.484491e-005 4.007165e-004 2.254030e-003 8.264778e-003 9.890456e-001 
2.787593e-005 3.275422e-004 1.883368e-003 7.062629e-003 9.906986e-001 
2.230075e-005 2.676089e-004 1.572203e-003 6.026776e-003 9.921111e-001 
1.784060e-005 2.185473e-004 1.311284e-003 5.135862e-003 9.933165e-001 
1.427248e-005 1.784060e-004 1.092737e-003 4.370946e-003 9.943436e-001 
1.141798e-005 1.455793e-004 9.098704e-004 3.715304e-003 9.952178e-001 
9.134385e-006 1.187470e-004 7.570122e-004 3.154217e-003 9.959609e-001 
7.307508e-006 9.682448e-005 6.293591e-004 2.674776e-003 9.965917e-001 
5.846007e-006 7.892109e-005 5.228522e-004 2.265693e-003 9.971267e-001 
4.676805e-006 6.430607e-005 4.340660e-004 1.917125e-003 9.975798e-001 
3.741444e-006 5.238022e-005 3.601140e-004 1.620513e-003 9.979633e-001 
2.993155e-006 4.265246e-005 2.985672e-004 1.368433e-003 9.982874e-001 
2.394524e-006 3.472060e-005 2.473843e-004 1.154460e-003 9.985610e-001 
1.915619e-006 2.825539e-005 2.048516e-004 9.730449e-004 9.987919e-001 
1.532496e-006 2.298743e-005 1.695323e-004 8.194062e-004 9.989865e-001 
1.225996e-006 1.869645e-005 1.402233e-004 6.894314e-004 9.991504e-001 
9.807971e-007 1.520236e-005 1.159180e-004 5.795898e-004 9.992883e-001 
7.846377e-007 1.235804e-005 9.577484e-005 4.868554e-004 9.994042e-001 
6.277102e-007 1.004336e-005 7.909148e-005 4.086393e-004 9.995016e-001 
5.021681e-007 8.160232e-006 6.528186e-005 3.427298e-004 9.995833e-001 
4.017345e-007 6.628619e-006 5.385753e-005 2.872402e-004 9.996519e-001 
3.213876e-007 5.383242e-006 4.441175e-005 2.405636e-004 9.997093e-001 
2.571101e-007 4.370871e-006 3.660605e-005 2.013333e-004 9.997574e-001 
2.056881e-007 3.548119e-006 3.015901e-005 1.683878e-004 9.997977e-001 
1.645505e-007 2.879633e-006 2.483683e-005 1.407421e-004 9.998314e-001 
1.316404e-007 2.336616e-006 2.044539e-005 1.175610e-004 9.998595e-001 



Q star

------------
1  2  3  4  5  5  5  5  5  5  5  5  5  5  5  5  5  5  5  5  5  5  5  5  5  5  5  5  5  5  5  5  5  5  5  5  5  5  5  5  5  5  5  5  5  5  5  5  5  5  5  5  5  5  5  5  5  5  5  5  5  5  5  5  5  5  5  5  5  5  5  5  
------------

P star

-----------
6.812736e-112

A Martrix

8.000000e-001 2.000000e-001 0.000000e+000 0.000000e+000 0.000000e+000 
0.000000e+000 8.000000e-001 2.000000e-001 0.000000e+000 0.000000e+000 
0.000000e+000 0.000000e+000 8.000000e-001 2.000000e-001 0.000000e+000 
0.000000e+000 0.000000e+000 0.000000e+000 8.000000e-001 2.000000e-001 
0.000000e+000 0.000000e+000 0.000000e+000 0.000000e+000 1.000000e+000 

B Martrix

1.000000e-030 1.000000e+000 1.000000e-030 1.000000e-030 1.000000e-030 1.000000e-030 1.000000e-030 1.000000e-030 1.000000e-030 1.000000e-030 1.000000e-030 1.000000e-030 1.000000e-030 1.000000e-030 1.000000e-030 1.000000e-030 1.000000e-030 1.000000e-030 1.000000e-030 1.000000e-030 1.000000e-030 1.000000e-030 1.000000e-030 1.000000e-030 1.000000e-030 1.000000e-030 1.000000e-030 1.000000e-030 1.000000e-030 1.000000e-030 1.000000e-030 1.000000e-030 
1.000000e-030 1.000000e-030 1.000000e+000 1.000000e-030 1.000000e-030 1.000000e-030 1.000000e-030 1.000000e-030 1.000000e-030 1.000000e-030 1.000000e-030 1.000000e-030 1.000000e-030 1.000000e-030 1.000000e-030 1.000000e-030 1.000000e-030 1.000000e-030 1.000000e-030 1.000000e-030 1.000000e-030 1.000000e-030 1.000000e-030 1.000000e-030 1.000000e-030 1.000000e-030 1.000000e-030 1.000000e-030 1.000000e-030 1.000000e-030 1.000000e-030 1.000000e-030 
1.000000e-030 1.000000e+000 1.000000e-030 1.000000e-030 1.000000e-030 1.000000e-030 1.000000e-030 1.000000e-030 1.000000e-030 1.000000e-030 1.000000e-030 1.000000e-030 1.000000e-030 1.000000e-030 1.000000e-030 1.000000e-030 1.000000e-030 1.000000e-030 1.000000e-030 1.000000e-030 1.000000e-030 1.000000e-030 1.000000e-030 1.000000e-030 1.000000e-030 1.000000e-030 1.000000e-030 1.000000e-030 1.000000e-030 1.000000e-030 1.000000e-030 1.000000e-030 
1.000000e-030 1.000000e+000 1.000000e-030 1.000000e-030 1.000000e-030 1.000000e-030 1.000000e-030 1.000000e-030 1.000000e-030 1.000000e-030 1.000000e-030 1.000000e-030 1.000000e-030 1.000000e-030 1.000000e-030 1.000000e-030 1.000000e-030 1.000000e-030 1.000000e-030 1.000000e-030 1.000000e-030 1.000000e-030 1.000000e-030 1.000000e-030 1.000000e-030 1.000000e-030 1.000000e-030 1.000000e-030 1.000000e-030 1.000000e-030 1.000000e-030 1.000000e-030 
1.000000e-030 3.953369e-002 7.449675e-002 1.309728e-001 1.000000e-030 1.000000e-030 1.000000e-030 1.000000e-030 1.000000e-030 1.131814e-002 1.000000e-030 3.706070e-001 1.000000e-030 1.000000e-030 1.000000e-030 1.000000e-030 1.000000e-030 2.825811e-002 1.447931e-002 8.080549e-002 1.000000e-030 1.000000e-030 6.412223e-004 1.000000e-030 1.000000e-030 1.000000e-030 1.000000e-030 2.488875e-001 1.000000e-030 1.000000e-030 1.000000e-030 1.000000e-030 
Iteraion 2
-----------------

P(O|lamda) = 2.427009e-063

1.000000e+000 0.000000e+000 0.000000e+000 0.000000e+000 0.000000e+000 
8.000000e-031 2.000000e-001 0.000000e+000 0.000000e+000 0.000000e+000 
6.400000e-031 1.600000e-031 4.000000e-002 0.000000e+000 0.000000e+000 
5.120000e-031 2.560000e-061 3.200000e-002 8.000000e-003 0.000000e+000 
4.096000e-031 1.024000e-061 2.560000e-002 1.280000e-002 6.325390e-005 
3.276800e-061 8.192000e-032 2.048000e-032 1.536000e-032 1.954239e-004 
2.621440e-061 6.553600e-062 3.276800e-032 1.638400e-032 7.725827e-006 
2.097152e-091 1.048576e-091 2.621440e-062 1.966080e-062 4.953972e-009 
1.677722e-121 1.258291e-091 2.097152e-092 2.097152e-092 3.690548e-010 
1.342177e-121 1.006633e-121 4.194304e-092 2.097152e-092 1.459010e-011 
1.073742e-121 1.073742e-151 3.355443e-092 2.516582e-092 5.768004e-013 
8.589935e-122 2.147484e-152 2.684355e-092 2.684355e-092 2.280305e-014 
6.871948e-122 1.717987e-152 2.147484e-092 2.684355e-092 9.014884e-016 
5.497558e-122 1.374390e-152 1.717987e-092 2.576980e-092 3.563916e-017 
4.398047e-152 1.099512e-152 1.374390e-122 2.405182e-122 5.160303e-019 
3.518437e-152 1.759219e-182 1.099512e-122 2.199023e-122 2.040058e-020 
2.814750e-182 7.036874e-153 8.796093e-153 1.979121e-152 1.519777e-021 
2.251800e-212 5.629500e-183 8.444249e-183 1.759219e-182 2.200532e-023 
1.801440e-242 4.503600e-213 7.881299e-213 1.576260e-212 1.778150e-024 
1.441152e-272 3.602880e-213 7.205759e-243 1.418634e-242 1.324664e-025 
1.152922e-302 2.882304e-243 7.205759e-244 1.279022e-272 1.499274e-027 
0.000000e+000 2.305843e-273 1.152922e-273 1.441152e-274 4.236665e-029 
0.000000e+000 1.844674e-303 1.383506e-303 3.458765e-304 1.570137e-029 
0.000000e+000 0.000000e+000 0.000000e+000 0.000000e+000 2.056454e-030 
0.000000e+000 0.000000e+000 0.000000e+000 0.000000e+000 2.693396e-031 
0.000000e+000 0.000000e+000 0.000000e+000 0.000000e+000 3.527617e-032 
0.000000e+000 0.000000e+000 0.000000e+000 0.000000e+000 4.620220e-033 
0.000000e+000 0.000000e+000 0.000000e+000 0.000000e+000 1.712286e-033 
0.000000e+000 0.000000e+000 0.000000e+000 0.000000e+000 4.838596e-035 
0.000000e+000 0.000000e+000 0.000000e+000 0.000000e+000 1.912875e-036 
0.000000e+000 0.000000e+000 0.000000e+000 0.000000e+000 1.545708e-037 
0.000000e+000 0.000000e+000 0.000000e+000 0.000000e+000 5.728503e-038 
0.000000e+000 0.000000e+000 0.000000e+000 0.000000e+000 4.628945e-039 
0.000000e+000 0.000000e+000 0.000000e+000 0.000000e+000 3.740442e-040 
0.000000e+000 0.000000e+000 0.000000e+000 0.000000e+000 4.898963e-041 
0.000000e+000 0.000000e+000 0.000000e+000 0.000000e+000 6.416311e-042 
0.000000e+000 0.000000e+000 0.000000e+000 0.000000e+000 4.779943e-043 
0.000000e+000 0.000000e+000 0.000000e+000 0.000000e+000 3.560902e-044 
0.000000e+000 0.000000e+000 0.000000e+000 0.000000e+000 2.652756e-045 
0.000000e+000 0.000000e+000 0.000000e+000 0.000000e+000 3.474390e-046 
0.000000e+000 0.000000e+000 0.000000e+000 0.000000e+000 1.287633e-046 
0.000000e+000 0.000000e+000 0.000000e+000 0.000000e+000 1.686450e-047 
0.000000e+000 0.000000e+000 0.000000e+000 0.000000e+000 6.250101e-048 
0.000000e+000 0.000000e+000 0.000000e+000 0.000000e+000 1.555572e-048 
0.000000e+000 0.000000e+000 0.000000e+000 0.000000e+000 3.871624e-049 
0.000000e+000 0.000000e+000 0.000000e+000 0.000000e+000 9.635986e-050 
0.000000e+000 0.000000e+000 0.000000e+000 0.000000e+000 3.571164e-050 
0.000000e+000 0.000000e+000 0.000000e+000 0.000000e+000 1.323498e-050 
0.000000e+000 0.000000e+000 0.000000e+000 0.000000e+000 4.904977e-051 
0.000000e+000 0.000000e+000 0.000000e+000 0.000000e+000 1.817819e-051 
0.000000e+000 0.000000e+000 0.000000e+000 0.000000e+000 6.736962e-052 
0.000000e+000 0.000000e+000 0.000000e+000 0.000000e+000 2.496765e-052 
0.000000e+000 0.000000e+000 0.000000e+000 0.000000e+000 6.214136e-053 
0.000000e+000 0.000000e+000 0.000000e+000 0.000000e+000 2.303002e-053 
0.000000e+000 0.000000e+000 0.000000e+000 0.000000e+000 8.535086e-054 
0.000000e+000 0.000000e+000 0.000000e+000 0.000000e+000 3.163162e-054 
0.000000e+000 0.000000e+000 0.000000e+000 0.000000e+000 7.872715e-055 
0.000000e+000 0.000000e+000 0.000000e+000 0.000000e+000 1.959420e-055 
0.000000e+000 0.000000e+000 0.000000e+000 0.000000e+000 4.876752e-056 
0.000000e+000 0.000000e+000 0.000000e+000 0.000000e+000 1.213762e-056 
0.000000e+000 0.000000e+000 0.000000e+000 0.000000e+000 4.498288e-057 
0.000000e+000 0.000000e+000 0.000000e+000 0.000000e+000 1.667097e-057 
0.000000e+000 0.000000e+000 0.000000e+000 0.000000e+000 6.178378e-058 
0.000000e+000 0.000000e+000 0.000000e+000 0.000000e+000 1.537721e-058 
0.000000e+000 0.000000e+000 0.000000e+000 0.000000e+000 5.698901e-059 
0.000000e+000 0.000000e+000 0.000000e+000 0.000000e+000 4.605025e-060 
0.000000e+000 0.000000e+000 0.000000e+000 0.000000e+000 1.146133e-060 
0.000000e+000 0.000000e+000 0.000000e+000 0.000000e+000 4.247649e-061 
0.000000e+000 0.000000e+000 0.000000e+000 0.000000e+000 1.574208e-061 
0.000000e+000 0.000000e+000 0.000000e+000 0.000000e+000 3.918007e-062 
0.000000e+000 0.000000e+000 0.000000e+000 0.000000e+000 9.751429e-063 
0.000000e+000 0.000000e+000 0.000000e+000 0.000000e+000 2.427009e-063 


2.427009e-063 9.708034e-063 7.869545e-092 8.517267e-067 4.258633e-066 
4.013371e-088 1.213504e-062 7.345331e-062 9.966401e-062 5.716536e-065 
5.016695e-088 7.401521e-063 6.067521e-062 1.245657e-061 1.445991e-063 
6.270869e-088 4.120374e-090 3.700760e-062 1.553457e-061 3.657618e-062 
7.838586e-088 3.137947e-087 2.060187e-089 1.850380e-061 9.251901e-061 
2.965736e-079 3.919293e-087 1.256569e-059 5.274660e-059 1.241920e-059 
3.707170e-079 7.414339e-079 1.959646e-086 6.282845e-059 3.141422e-058 
2.316981e-049 9.267924e-049 5.585161e-078 9.798232e-056 4.899116e-055 
4.289117e-079 1.158491e-048 5.807707e-048 4.694980e-048 6.576282e-054 
2.658096e-079 1.081320e-048 5.792453e-048 5.868723e-048 1.663463e-052 
1.089592e-079 8.932112e-049 5.406600e-048 7.335863e-048 4.207710e-051 
2.099638e-105 5.447959e-049 4.466056e-048 9.168776e-048 1.064335e-049 
2.234445e-105 1.560411e-075 2.723979e-048 1.143436e-047 2.692224e-048 
2.555121e-105 9.517409e-076 7.802056e-075 1.361990e-047 6.809948e-047 
1.747080e-102 1.277560e-074 4.758704e-045 1.997546e-044 4.703228e-045 
2.183850e-102 9.617735e-102 6.387801e-074 2.379352e-044 1.189676e-043 
2.931470e-131 1.091925e-101 4.411676e-072 3.193901e-043 1.596950e-042 
1.492418e-127 1.465735e-100 5.459625e-071 2.205838e-041 1.102919e-040 
9.165733e-098 3.795796e-097 7.328675e-070 2.729812e-040 1.364906e-039 
2.473168e-127 4.582867e-097 6.475158e-068 3.664337e-039 1.832169e-038 
1.888306e-126 1.236584e-096 2.291433e-066 3.237579e-037 1.618789e-036 
1.441754e-125 9.441530e-096 6.182920e-066 1.145717e-035 5.728583e-035 
1.100804e-124 7.208769e-095 4.720765e-065 3.091460e-035 1.545730e-034 
8.404824e-124 5.504018e-094 3.604385e-064 2.360383e-034 1.180191e-033 
2.267854e-123 4.202412e-093 2.752009e-063 1.802192e-033 9.010962e-033 
6.576383e-120 1.133927e-092 2.101206e-062 1.376005e-032 6.880023e-032 
2.030040e-090 2.476175e-089 5.669634e-062 1.050603e-031 5.253015e-031 
2.512255e-089 1.015020e-059 8.320797e-059 2.834817e-031 1.417409e-030 
7.389061e-118 1.256127e-058 5.075100e-029 2.130359e-028 5.015935e-029 
8.388982e-118 3.389379e-088 6.280637e-058 2.537550e-028 1.268775e-027 
1.038170e-116 4.194491e-087 1.694689e-057 3.140319e-027 1.570159e-026 
7.926603e-116 5.190849e-086 2.097245e-056 8.473447e-027 4.236724e-026 
6.052097e-115 3.963302e-085 2.595424e-055 1.048623e-025 5.243114e-025 
8.123975e-114 3.026049e-084 1.981651e-054 1.297712e-024 6.488561e-024 
4.763889e-110 4.061987e-083 1.513024e-053 9.908254e-024 4.954127e-023 
2.970615e-080 1.193698e-079 2.030994e-052 7.565121e-023 3.782561e-022 
3.530288e-080 1.485307e-079 2.726285e-051 1.015497e-021 5.077484e-021 
3.015776e-080 1.765144e-079 3.659603e-050 1.363142e-020 6.815712e-020 
2.302596e-109 1.507888e-079 2.794169e-049 1.829801e-019 9.149006e-019 
6.213041e-109 1.151298e-078 7.539440e-049 1.397085e-018 6.985423e-018 
2.496325e-108 3.106521e-078 5.756491e-048 3.769720e-018 1.884860e-017 
1.002994e-107 1.248163e-077 1.553260e-047 2.878246e-017 1.439123e-016 
4.029908e-107 5.014968e-077 6.240814e-047 7.766302e-017 3.883151e-016 
1.087380e-106 2.014954e-076 2.507484e-046 3.120407e-016 1.560203e-015 
2.934053e-106 5.436902e-076 1.007477e-045 1.253742e-015 6.268710e-015 
7.916885e-106 1.467026e-075 2.718451e-045 5.037385e-015 2.518692e-014 
2.136194e-105 3.958443e-075 7.335132e-045 1.359226e-014 6.796128e-014 
5.764042e-105 1.068097e-074 1.979221e-044 3.667566e-014 1.833783e-013 
1.555298e-104 2.882021e-074 5.340486e-044 9.896107e-014 4.948053e-013 
6.249000e-104 7.776490e-074 1.441011e-043 2.670243e-013 1.335121e-012 
1.686153e-103 3.124500e-073 3.888245e-043 7.205053e-013 3.602527e-012 
4.549706e-103 8.430765e-073 1.562250e-042 1.944122e-012 9.720612e-012 
1.227636e-102 2.274853e-072 4.215382e-042 7.811250e-012 3.905625e-011 
4.932496e-102 6.138182e-072 1.137427e-041 2.107691e-011 1.053846e-010 
1.981818e-101 2.466248e-071 3.069091e-041 5.687133e-011 2.843566e-010 
7.962705e-101 9.909088e-071 1.233124e-040 1.534546e-010 7.672728e-010 
3.199319e-100 3.981353e-070 4.954544e-040 6.165620e-010 3.082810e-009 
8.632648e-100 1.599660e-069 1.990676e-039 2.477272e-009 1.238636e-008 
2.329327e-099 4.316324e-069 7.998299e-039 9.953382e-009 4.976691e-008 
6.285167e-099 1.164663e-068 2.158162e-038 3.999149e-008 1.999575e-007 
2.525305e-098 3.142584e-068 5.823317e-038 1.079081e-007 5.395405e-007 
6.813970e-098 1.262652e-067 1.571292e-037 2.911659e-007 1.455829e-006 
8.432558e-097 3.406985e-067 6.313262e-037 7.856459e-007 3.928230e-006 
3.388101e-096 4.216279e-066 1.703492e-036 3.156631e-006 1.578315e-005 
9.142031e-096 1.694050e-065 2.108139e-035 8.517462e-006 4.258731e-005 
2.466773e-095 4.571016e-065 8.470251e-035 1.054070e-004 5.270349e-004 
9.911196e-095 1.233386e-064 2.285508e-034 4.235126e-004 2.117563e-003 
3.982200e-094 4.955598e-064 6.166932e-034 1.142754e-003 5.713770e-003 
1.000000e-090 1.991100e-063 2.477799e-033 3.083466e-003 1.541733e-002 
1.000000e-060 1.000000e-060 9.955499e-033 1.238900e-002 6.194498e-002 
1.000000e-030 1.000000e-030 1.000000e-030 4.977750e-002 2.488875e-001 
1.000000e+000 1.000000e+000 1.000000e+000 1.000000e+000 1.000000e+000 


1.000000e+000 0.000000e+000 0.000000e+000 0.000000e+000 0.000000e+000 
1.322903e-055 1.000000e+000 0.000000e+000 0.000000e+000 0.000000e+000 
1.322898e-055 4.879436e-031 1.000000e+000 0.000000e+000 0.000000e+000 
1.322898e-055 4.346156e-088 4.879436e-001 5.120564e-001 0.000000e+000 
1.322898e-055 1.323958e-085 2.173078e-028 9.758872e-001 2.411276e-002 
4.004157e-077 1.322898e-055 1.060340e-028 3.338215e-028 1.000000e+000 
4.004157e-077 2.002078e-077 2.645796e-055 4.241358e-028 1.000000e+000 
2.002078e-077 4.004157e-077 6.032597e-077 7.937388e-055 1.000000e+000 
2.964944e-137 6.006235e-077 5.018377e-077 4.056882e-077 1.000000e+000 
1.469972e-137 4.484914e-107 1.001039e-076 5.071101e-077 1.000000e+000 
4.820503e-138 3.951689e-137 7.474856e-077 7.606608e-077 1.000000e+000 
7.431269e-164 4.820503e-138 4.939611e-077 1.014098e-076 1.000000e+000 
6.326713e-164 1.104556e-164 2.410252e-077 1.264680e-076 1.000000e+000 
5.787752e-164 5.389609e-165 5.522779e-104 1.446151e-076 1.000000e+000 
3.165930e-191 5.787752e-164 2.694805e-104 1.979582e-103 1.000000e+000 
3.165930e-191 6.971421e-221 2.893876e-133 2.155844e-103 1.000000e+000 
3.399804e-250 3.165930e-191 1.598903e-161 2.604489e-132 1.000000e+000 
1.384678e-276 3.399804e-220 1.899558e-190 1.598903e-160 1.000000e+000 
6.803238e-277 7.043546e-247 2.379863e-219 1.772921e-189 1.000000e+000 
0.000000e+000 6.803238e-247 1.922467e-247 2.141877e-218 1.000000e+000 
0.000000e+000 1.468561e-276 6.803238e-247 1.706189e-246 1.000000e+000 
0.000000e+000 8.970173e-306 2.937123e-276 6.803238e-247 1.000000e+000 
0.000000e+000 0.000000e+000 2.691052e-305 4.405684e-276 1.000000e+000 
0.000000e+000 0.000000e+000 0.000000e+000 0.000000e+000 1.000000e+000 
0.000000e+000 0.000000e+000 0.000000e+000 0.000000e+000 1.000000e+000 
0.000000e+000 0.000000e+000 0.000000e+000 0.000000e+000 1.000000e+000 
0.000000e+000 0.000000e+000 0.000000e+000 0.000000e+000 1.000000e+000 
0.000000e+000 0.000000e+000 0.000000e+000 0.000000e+000 1.000000e+000 
0.000000e+000 0.000000e+000 0.000000e+000 0.000000e+000 1.000000e+000 
0.000000e+000 0.000000e+000 0.000000e+000 0.000000e+000 1.000000e+000 
0.000000e+000 0.000000e+000 0.000000e+000 0.000000e+000 1.000000e+000 
0.000000e+000 0.000000e+000 0.000000e+000 0.000000e+000 1.000000e+000 
0.000000e+000 0.000000e+000 0.000000e+000 0.000000e+000 1.000000e+000 
0.000000e+000 0.000000e+000 0.000000e+000 0.000000e+000 1.000000e+000 
0.000000e+000 0.000000e+000 0.000000e+000 0.000000e+000 1.000000e+000 
0.000000e+000 0.000000e+000 0.000000e+000 0.000000e+000 1.000000e+000 
0.000000e+000 0.000000e+000 0.000000e+000 0.000000e+000 1.000000e+000 
0.000000e+000 0.000000e+000 0.000000e+000 0.000000e+000 1.000000e+000 
0.000000e+000 0.000000e+000 0.000000e+000 0.000000e+000 1.000000e+000 
0.000000e+000 0.000000e+000 0.000000e+000 0.000000e+000 1.000000e+000 
0.000000e+000 0.000000e+000 0.000000e+000 0.000000e+000 1.000000e+000 
0.000000e+000 0.000000e+000 0.000000e+000 0.000000e+000 1.000000e+000 
0.000000e+000 0.000000e+000 0.000000e+000 0.000000e+000 1.000000e+000 
0.000000e+000 0.000000e+000 0.000000e+000 0.000000e+000 1.000000e+000 
0.000000e+000 0.000000e+000 0.000000e+000 0.000000e+000 1.000000e+000 
0.000000e+000 0.000000e+000 0.000000e+000 0.000000e+000 1.000000e+000 
0.000000e+000 0.000000e+000 0.000000e+000 0.000000e+000 1.000000e+000 
0.000000e+000 0.000000e+000 0.000000e+000 0.000000e+000 1.000000e+000 
0.000000e+000 0.000000e+000 0.000000e+000 0.000000e+000 1.000000e+000 
0.000000e+000 0.000000e+000 0.000000e+000 0.000000e+000 1.000000e+000 
0.000000e+000 0.000000e+000 0.000000e+000 0.000000e+000 1.000000e+000 
0.000000e+000 0.000000e+000 0.000000e+000 0.000000e+000 1.000000e+000 
0.000000e+000 0.000000e+000 0.000000e+000 0.000000e+000 1.000000e+000 
0.000000e+000 0.000000e+000 0.000000e+000 0.000000e+000 1.000000e+000 
0.000000e+000 0.000000e+000 0.000000e+000 0.000000e+000 1.000000e+000 
0.000000e+000 0.000000e+000 0.000000e+000 0.000000e+000 1.000000e+000 
0.000000e+000 0.000000e+000 0.000000e+000 0.000000e+000 1.000000e+000 
0.000000e+000 0.000000e+000 0.000000e+000 0.000000e+000 1.000000e+000 
0.000000e+000 0.000000e+000 0.000000e+000 0.000000e+000 1.000000e+000 
0.000000e+000 0.000000e+000 0.000000e+000 0.000000e+000 1.000000e+000 
0.000000e+000 0.000000e+000 0.000000e+000 0.000000e+000 1.000000e+000 
0.000000e+000 0.000000e+000 0.000000e+000 0.000000e+000 1.000000e+000 
0.000000e+000 0.000000e+000 0.000000e+000 0.000000e+000 1.000000e+000 
0.000000e+000 0.000000e+000 0.000000e+000 0.000000e+000 1.000000e+000 
0.000000e+000 0.000000e+000 0.000000e+000 0.000000e+000 1.000000e+000 
0.000000e+000 0.000000e+000 0.000000e+000 0.000000e+000 1.000000e+000 
0.000000e+000 0.000000e+000 0.000000e+000 0.000000e+000 1.000000e+000 
0.000000e+000 0.000000e+000 0.000000e+000 0.000000e+000 1.000000e+000 
0.000000e+000 0.000000e+000 0.000000e+000 0.000000e+000 1.000000e+000 
0.000000e+000 0.000000e+000 0.000000e+000 0.000000e+000 1.000000e+000 
0.000000e+000 0.000000e+000 0.000000e+000 0.000000e+000 1.000000e+000 
0.000000e+000 0.000000e+000 0.000000e+000 0.000000e+000 1.000000e+000 



Q star

------------
1  2  3  3  4  5  5  5  5  5  5  5  5  5  5  5  5  5  5  5  5  5  5  5  5  5  5  5  5  5  5  5  5  5  5  5  5  5  5  5  5  5  5  5  5  5  5  5  5  5  5  5  5  5  5  5  5  5  5  5  5  5  5  5  5  5  5  5  5  5  5  5  
------------

P star

-----------
1.184243e-063

A Martrix

5.291597e-055 1.000000e+000 0.000000e+000 0.000000e+000 0.000000e+000 
0.000000e+000 4.879436e-031 1.000000e+000 0.000000e+000 0.000000e+000 
0.000000e+000 0.000000e+000 3.279315e-001 6.720685e-001 0.000000e+000 
0.000000e+000 0.000000e+000 0.000000e+000 3.279315e-001 6.720685e-001 
0.000000e+000 0.000000e+000 0.000000e+000 0.000000e+000 1.000000e+000 

B Martrix

1.000000e-030 1.000000e+000 1.000000e-030 1.000000e-030 1.000000e-030 1.000000e-030 1.000000e-030 1.000000e-030 1.000000e-030 1.000000e-030 1.000000e-030 1.000000e-030 1.000000e-030 1.000000e-030 1.000000e-030 1.000000e-030 1.000000e-030 1.000000e-030 1.000000e-030 1.000000e-030 1.000000e-030 1.000000e-030 1.000000e-030 1.000000e-030 1.000000e-030 1.000000e-030 1.000000e-030 1.000000e-030 1.000000e-030 1.000000e-030 1.000000e-030 1.000000e-030 
1.000000e-030 1.000000e-030 1.000000e+000 1.000000e-030 1.000000e-030 1.000000e-030 1.000000e-030 1.000000e-030 1.000000e-030 1.000000e-030 1.000000e-030 1.000000e-030 1.000000e-030 1.000000e-030 1.000000e-030 1.000000e-030 1.000000e-030 1.000000e-030 1.000000e-030 1.000000e-030 1.000000e-030 1.000000e-030 1.000000e-030 1.000000e-030 1.000000e-030 1.000000e-030 1.000000e-030 1.000000e-030 1.000000e-030 1.000000e-030 1.000000e-030 1.000000e-030 
1.000000e-030 1.000000e+000 1.000000e-030 1.000000e-030 1.000000e-030 1.000000e-030 1.000000e-030 1.000000e-030 1.000000e-030 1.000000e-030 1.000000e-030 1.000000e-030 1.000000e-030 1.000000e-030 1.000000e-030 1.000000e-030 1.000000e-030 1.000000e-030 1.000000e-030 1.000000e-030 1.000000e-030 1.000000e-030 1.000000e-030 1.000000e-030 1.000000e-030 1.000000e-030 1.000000e-030 1.000000e-030 1.000000e-030 1.000000e-030 1.000000e-030 1.000000e-030 
1.000000e-030 1.000000e+000 1.000000e-030 1.000000e-030 1.000000e-030 1.000000e-030 1.000000e-030 1.000000e-030 1.000000e-030 1.000000e-030 1.000000e-030 1.000000e-030 1.000000e-030 1.000000e-030 1.000000e-030 1.000000e-030 1.000000e-030 1.000000e-030 1.000000e-030 1.000000e-030 1.000000e-030 1.000000e-030 1.000000e-030 1.000000e-030 1.000000e-030 1.000000e-030 1.000000e-030 1.000000e-030 1.000000e-030 1.000000e-030 1.000000e-030 1.000000e-030 
1.000000e-030 1.193600e-001 1.044400e-001 1.193600e-001 1.000000e-030 1.000000e-030 1.000000e-030 1.000000e-030 1.000000e-030 1.492000e-002 1.000000e-030 2.987598e-001 1.000000e-030 1.000000e-030 1.000000e-030 1.000000e-030 1.000000e-030 2.984001e-002 2.984001e-002 7.460002e-002 1.000000e-030 1.000000e-030 1.492000e-002 1.000000e-030 1.000000e-030 1.000000e-030 1.000000e-030 1.939600e-001 1.000000e-030 1.000000e-030 1.000000e-030 1.000000e-030 
Iteraion 3
-----------------

P(O|lamda) = 5.796917e-058

1.000000e+000 0.000000e+000 0.000000e+000 0.000000e+000 0.000000e+000 
5.291597e-085 1.000000e+000 0.000000e+000 0.000000e+000 0.000000e+000 
2.800100e-139 4.879436e-061 1.000000e+000 0.000000e+000 0.000000e+000 
1.481700e-193 2.380890e-121 3.279315e-001 6.720685e-001 0.000000e+000 
7.840559e-248 1.161740e-181 1.075391e-001 4.407849e-001 5.391206e-002 
0.000000e+000 5.668636e-212 3.526546e-032 2.168209e-031 3.656964e-002 
0.000000e+000 2.765975e-272 1.156465e-032 9.480320e-032 4.364953e-003 
0.000000e+000 0.000000e+000 3.792415e-063 3.886120e-062 6.512512e-005 
0.000000e+000 0.000000e+000 1.243652e-093 1.529257e-092 6.801669e-006 
0.000000e+000 0.000000e+000 4.078328e-094 5.850737e-093 8.118474e-007 
0.000000e+000 0.000000e+000 1.337412e-094 2.192733e-093 9.690213e-008 
0.000000e+000 0.000000e+000 4.385797e-095 8.089494e-094 1.156624e-008 
0.000000e+000 0.000000e+000 1.438241e-095 2.947556e-094 1.380547e-009 
0.000000e+000 0.000000e+000 4.716446e-096 1.063256e-094 1.647821e-010 
0.000000e+000 0.000000e+000 1.546671e-126 3.803729e-125 4.917100e-012 
0.000000e+000 0.000000e+000 5.072023e-127 1.351310e-125 5.869051e-013 
0.000000e+000 0.000000e+000 1.663276e-157 4.772245e-156 6.129639e-014 
0.000000e+000 0.000000e+000 5.454407e-188 1.676753e-186 1.829085e-015 
0.000000e+000 0.000000e+000 1.788672e-218 5.865176e-217 1.364497e-016 
0.000000e+000 0.000000e+000 5.865619e-249 2.043587e-247 1.425081e-017 
0.000000e+000 0.000000e+000 1.923521e-279 7.095776e-278 2.126222e-019 
0.000000e+000 0.000000e+000 6.307833e-310 2.456202e-308 6.344648e-021 
0.000000e+000 0.000000e+000 0.000000e+000 0.000000e+000 1.895526e-021 
0.000000e+000 0.000000e+000 0.000000e+000 0.000000e+000 2.262500e-022 
0.000000e+000 0.000000e+000 0.000000e+000 0.000000e+000 2.700521e-023 
0.000000e+000 0.000000e+000 0.000000e+000 0.000000e+000 3.223343e-024 
0.000000e+000 0.000000e+000 0.000000e+000 0.000000e+000 3.847383e-025 
0.000000e+000 0.000000e+000 0.000000e+000 0.000000e+000 1.149443e-025 
0.000000e+000 0.000000e+000 0.000000e+000 0.000000e+000 3.429940e-027 
0.000000e+000 0.000000e+000 0.000000e+000 0.000000e+000 4.093978e-028 
0.000000e+000 0.000000e+000 0.000000e+000 0.000000e+000 3.054108e-029 
0.000000e+000 0.000000e+000 0.000000e+000 0.000000e+000 9.124448e-030 
0.000000e+000 0.000000e+000 0.000000e+000 0.000000e+000 6.806840e-031 
0.000000e+000 0.000000e+000 0.000000e+000 0.000000e+000 5.077904e-032 
0.000000e+000 0.000000e+000 0.000000e+000 0.000000e+000 6.060987e-033 
0.000000e+000 0.000000e+000 0.000000e+000 0.000000e+000 7.234396e-034 
0.000000e+000 0.000000e+000 0.000000e+000 0.000000e+000 7.555605e-035 
0.000000e+000 0.000000e+000 0.000000e+000 0.000000e+000 7.891076e-036 
0.000000e+000 0.000000e+000 0.000000e+000 0.000000e+000 8.241442e-037 
0.000000e+000 0.000000e+000 0.000000e+000 0.000000e+000 9.836987e-038 
0.000000e+000 0.000000e+000 0.000000e+000 0.000000e+000 2.938897e-038 
0.000000e+000 0.000000e+000 0.000000e+000 0.000000e+000 3.507868e-039 
0.000000e+000 0.000000e+000 0.000000e+000 0.000000e+000 1.048010e-039 
0.000000e+000 0.000000e+000 0.000000e+000 0.000000e+000 2.032721e-040 
0.000000e+000 0.000000e+000 0.000000e+000 0.000000e+000 3.942666e-041 
0.000000e+000 0.000000e+000 0.000000e+000 0.000000e+000 7.647197e-042 
0.000000e+000 0.000000e+000 0.000000e+000 0.000000e+000 2.284675e-042 
0.000000e+000 0.000000e+000 0.000000e+000 0.000000e+000 6.825692e-043 
0.000000e+000 0.000000e+000 0.000000e+000 0.000000e+000 2.039243e-043 
0.000000e+000 0.000000e+000 0.000000e+000 0.000000e+000 6.092438e-044 
0.000000e+000 0.000000e+000 0.000000e+000 0.000000e+000 1.820176e-044 
0.000000e+000 0.000000e+000 0.000000e+000 0.000000e+000 5.437954e-045 
0.000000e+000 0.000000e+000 0.000000e+000 0.000000e+000 1.054746e-045 
0.000000e+000 0.000000e+000 0.000000e+000 0.000000e+000 3.151157e-046 
0.000000e+000 0.000000e+000 0.000000e+000 0.000000e+000 9.414390e-047 
0.000000e+000 0.000000e+000 0.000000e+000 0.000000e+000 2.812642e-047 
0.000000e+000 0.000000e+000 0.000000e+000 0.000000e+000 5.455401e-048 
0.000000e+000 0.000000e+000 0.000000e+000 0.000000e+000 1.058130e-048 
0.000000e+000 0.000000e+000 0.000000e+000 0.000000e+000 2.052349e-049 
0.000000e+000 0.000000e+000 0.000000e+000 0.000000e+000 3.980737e-050 
0.000000e+000 0.000000e+000 0.000000e+000 0.000000e+000 1.189284e-050 
0.000000e+000 0.000000e+000 0.000000e+000 0.000000e+000 3.553104e-051 
0.000000e+000 0.000000e+000 0.000000e+000 0.000000e+000 1.061525e-051 
0.000000e+000 0.000000e+000 0.000000e+000 0.000000e+000 2.058934e-052 
0.000000e+000 0.000000e+000 0.000000e+000 0.000000e+000 6.151268e-053 
0.000000e+000 0.000000e+000 0.000000e+000 0.000000e+000 4.588847e-054 
0.000000e+000 0.000000e+000 0.000000e+000 0.000000e+000 8.900530e-055 
0.000000e+000 0.000000e+000 0.000000e+000 0.000000e+000 2.659121e-055 
0.000000e+000 0.000000e+000 0.000000e+000 0.000000e+000 7.944385e-056 
0.000000e+000 0.000000e+000 0.000000e+000 0.000000e+000 1.540893e-056 
0.000000e+000 0.000000e+000 0.000000e+000 0.000000e+000 2.988717e-057 
0.000000e+000 0.000000e+000 0.000000e+000 0.000000e+000 5.796917e-058 


5.796917e-058 5.932937e-088 1.425361e-088 1.976062e-061 2.940269e-061 
7.477741e-088 5.796917e-058 3.104368e-058 6.061004e-059 2.815270e-060 
4.650196e-116 7.477741e-058 5.796917e-058 1.790556e-058 2.358637e-059 
5.998526e-116 4.650196e-086 7.477741e-058 4.976770e-058 1.976070e-058 
4.020459e-084 5.998526e-086 4.650196e-086 1.112646e-057 1.655554e-057 
5.143781e-140 4.020459e-084 5.998526e-056 3.992287e-056 1.585172e-056 
2.758184e-109 5.143781e-110 4.020459e-084 8.925468e-056 1.328059e-055 
3.028786e-049 2.758184e-079 5.143781e-080 5.982216e-054 8.901200e-054 
6.596551e-079 3.028786e-049 1.280307e-049 1.406480e-050 8.522786e-053 
1.231802e-078 6.596551e-049 3.028786e-049 4.271478e-050 7.140402e-052 
1.588964e-078 1.231802e-048 6.596551e-049 1.287918e-049 5.982239e-051 
3.458461e-106 1.588964e-048 1.231802e-048 3.804799e-049 5.011928e-050 
4.461247e-106 3.458461e-076 1.588964e-048 1.057526e-048 4.199001e-049 
4.271587e-105 4.461247e-076 3.458461e-076 2.364289e-048 3.517929e-048 
1.431497e-133 4.271587e-075 4.461247e-046 2.969159e-046 1.178930e-046 
1.918896e-102 1.431497e-103 4.271587e-075 6.638084e-046 9.877094e-046 
1.837319e-131 1.918896e-102 1.431497e-073 6.355881e-045 9.457192e-045 
1.231446e-129 1.837319e-101 1.918896e-072 2.129986e-043 3.169300e-043 
4.126830e-098 1.231446e-099 1.837319e-071 2.855209e-042 4.248390e-042 
1.381320e-127 4.126830e-098 1.231446e-069 2.733826e-041 4.067780e-041 
1.157272e-126 1.381320e-097 4.126830e-068 1.832323e-039 2.726393e-039 
9.695642e-126 1.157272e-096 1.381320e-067 6.140491e-038 9.136704e-038 
8.123023e-125 9.695642e-096 1.157272e-066 2.055327e-037 3.058210e-037 
6.805480e-124 8.123023e-095 9.695642e-066 1.721956e-036 2.562173e-036 
2.277910e-123 6.805480e-094 8.123023e-065 1.442657e-035 2.146592e-035 
4.957987e-121 2.277910e-093 6.805480e-064 1.208660e-034 1.798418e-034 
6.395562e-091 4.957987e-091 2.277910e-063 1.012617e-033 1.506717e-033 
8.573137e-090 6.395562e-061 4.957987e-061 3.389401e-033 5.043238e-033 
2.869575e-119 8.573137e-060 6.395562e-031 4.256532e-031 1.690093e-031 
3.846614e-118 2.869575e-089 8.573137e-060 9.516235e-031 1.415962e-030 
5.156318e-117 3.846614e-088 2.869575e-059 1.275634e-029 1.898072e-029 
4.319971e-116 5.156318e-087 3.846614e-058 4.269766e-029 6.353171e-029 
3.619277e-115 4.319971e-086 5.156318e-057 5.723545e-028 8.516312e-028 
3.465412e-114 3.619277e-085 4.319971e-056 7.672311e-027 1.141597e-026 
3.318088e-113 3.465412e-084 3.619277e-055 6.427873e-026 9.564312e-026 
3.177028e-082 3.318088e-083 3.465412e-054 5.385281e-025 8.012994e-025 
2.661718e-081 3.177028e-082 3.318088e-053 5.156338e-024 7.672340e-024 
8.909223e-081 2.661718e-081 3.177028e-052 4.937128e-023 7.346169e-023 
7.464160e-110 8.909223e-081 2.661718e-051 4.727238e-022 7.033863e-022 
2.498381e-109 7.464160e-080 8.909223e-051 3.960486e-021 5.892981e-021 
1.288091e-108 2.498381e-079 7.464160e-050 1.325642e-020 1.972481e-020 
6.641011e-108 1.288091e-078 2.498381e-049 1.110625e-019 1.652547e-019 
3.423906e-107 6.641011e-078 1.288091e-048 3.717451e-019 5.531357e-019 
1.146040e-106 3.423906e-077 6.641011e-048 1.916606e-018 2.851802e-018 
3.835990e-106 1.146040e-076 3.423906e-047 9.881449e-018 1.470304e-017 
1.283971e-105 3.835990e-076 1.146040e-046 5.094580e-017 7.580448e-017 
4.297670e-105 1.283971e-075 3.835990e-046 1.705243e-016 2.537305e-016 
1.438503e-104 4.297670e-075 1.283971e-045 5.707737e-016 8.492791e-016 
4.814915e-104 1.438503e-074 4.297670e-045 1.910477e-015 2.842682e-015 
2.482426e-103 4.814915e-074 1.438503e-044 6.394691e-015 9.514939e-015 
8.309103e-103 2.482426e-073 4.814915e-044 2.140412e-014 3.184812e-014 
2.781198e-102 8.309103e-073 2.482426e-043 7.164322e-014 1.066011e-013 
9.309144e-102 2.781198e-072 8.309103e-043 3.693710e-013 5.496033e-013 
4.799516e-101 9.309144e-072 2.781198e-042 1.236348e-012 1.839616e-012 
2.474487e-100 4.799516e-071 9.309144e-042 4.138266e-012 6.157507e-012 
1.275772e-099 2.474487e-070 4.799516e-041 1.385148e-011 2.061022e-011 
6.577496e-099 1.275772e-069 2.474487e-040 7.141409e-011 1.062601e-010 
2.201600e-098 6.577496e-069 1.275772e-039 3.681897e-010 5.478455e-010 
7.369130e-098 2.201600e-068 6.577496e-039 1.898276e-009 2.824528e-009 
2.466573e-097 7.369130e-068 2.201600e-038 9.786944e-009 1.456242e-008 
1.271691e-096 2.466573e-067 7.369130e-038 3.275857e-008 4.874290e-008 
4.256567e-096 1.271691e-066 2.466573e-037 1.096485e-007 1.631508e-007 
5.705853e-095 4.256567e-066 1.271691e-036 3.670122e-007 5.460934e-007 
2.941767e-094 5.705853e-065 4.256567e-036 1.892205e-006 2.815494e-006 
9.846595e-094 2.941767e-064 5.705853e-035 6.333532e-006 9.423939e-006 
3.295823e-093 9.846595e-064 2.941767e-034 8.489988e-005 1.263262e-004 
1.699228e-092 3.295823e-063 9.846595e-034 4.377184e-004 6.513003e-004 
8.760710e-092 1.699228e-062 3.295823e-033 1.465118e-003 2.180013e-003 
1.000000e-090 8.760710e-062 1.699228e-032 4.903999e-003 7.296874e-003 
1.000000e-060 1.000000e-060 8.760710e-032 2.528355e-002 3.762050e-002 
1.000000e-030 1.000000e-030 1.000000e-030 1.303544e-001 1.939600e-001 
1.000000e+000 1.000000e+000 1.000000e+000 1.000000e+000 1.000000e+000 


1.000000e+000 0.000000e+000 0.000000e+000 0.000000e+000 0.000000e+000 
6.825902e-115 1.000000e+000 0.000000e+000 0.000000e+000 0.000000e+000 
2.246196e-197 6.294235e-061 1.000000e+000 0.000000e+000 0.000000e+000 
1.533231e-251 1.909912e-149 4.230157e-001 5.769843e-001 0.000000e+000 
5.437829e-274 1.202144e-209 8.626616e-030 8.460314e-001 1.539686e-001 
0.000000e+000 3.931489e-238 3.649194e-030 1.493227e-029 1.000000e+000 
0.000000e+000 0.000000e+000 8.020680e-059 1.459678e-029 1.000000e+000 
0.000000e+000 0.000000e+000 3.365125e-085 4.010340e-058 1.000000e+000 
0.000000e+000 0.000000e+000 2.746730e-085 3.710369e-085 1.000000e+000 
0.000000e+000 0.000000e+000 2.130854e-085 4.311135e-085 1.000000e+000 
0.000000e+000 0.000000e+000 1.521897e-085 4.871659e-085 1.000000e+000 
0.000000e+000 0.000000e+000 9.319490e-086 5.309528e-085 1.000000e+000 
0.000000e+000 0.000000e+000 3.942291e-086 5.377200e-085 1.000000e+000 
0.000000e+000 0.000000e+000 2.813848e-114 4.336520e-085 1.000000e+000 
0.000000e+000 0.000000e+000 1.190302e-114 1.948256e-113 1.000000e+000 
0.000000e+000 0.000000e+000 3.737432e-144 1.547393e-113 1.000000e+000 
0.000000e+000 0.000000e+000 4.107311e-173 5.232405e-143 1.000000e+000 
0.000000e+000 0.000000e+000 1.805518e-202 6.160967e-172 1.000000e+000 
0.000000e+000 0.000000e+000 5.669151e-232 2.888829e-201 1.000000e+000 
0.000000e+000 0.000000e+000 1.246041e-260 9.637557e-231 1.000000e+000 
0.000000e+000 0.000000e+000 1.369356e-289 2.242873e-259 1.000000e+000 
0.000000e+000 0.000000e+000 1.503047e-319 2.601777e-288 1.000000e+000 
0.000000e+000 0.000000e+000 0.000000e+000 0.000000e+000 1.000000e+000 
0.000000e+000 0.000000e+000 0.000000e+000 0.000000e+000 1.000000e+000 
0.000000e+000 0.000000e+000 0.000000e+000 0.000000e+000 1.000000e+000 
0.000000e+000 0.000000e+000 0.000000e+000 0.000000e+000 1.000000e+000 
0.000000e+000 0.000000e+000 0.000000e+000 0.000000e+000 1.000000e+000 
0.000000e+000 0.000000e+000 0.000000e+000 0.000000e+000 1.000000e+000 
0.000000e+000 0.000000e+000 0.000000e+000 0.000000e+000 1.000000e+000 
0.000000e+000 0.000000e+000 0.000000e+000 0.000000e+000 1.000000e+000 
0.000000e+000 0.000000e+000 0.000000e+000 0.000000e+000 1.000000e+000 
0.000000e+000 0.000000e+000 0.000000e+000 0.000000e+000 1.000000e+000 
0.000000e+000 0.000000e+000 0.000000e+000 0.000000e+000 1.000000e+000 
0.000000e+000 0.000000e+000 0.000000e+000 0.000000e+000 1.000000e+000 
0.000000e+000 0.000000e+000 0.000000e+000 0.000000e+000 1.000000e+000 
0.000000e+000 0.000000e+000 0.000000e+000 0.000000e+000 1.000000e+000 
0.000000e+000 0.000000e+000 0.000000e+000 0.000000e+000 1.000000e+000 
0.000000e+000 0.000000e+000 0.000000e+000 0.000000e+000 1.000000e+000 
0.000000e+000 0.000000e+000 0.000000e+000 0.000000e+000 1.000000e+000 
0.000000e+000 0.000000e+000 0.000000e+000 0.000000e+000 1.000000e+000 
0.000000e+000 0.000000e+000 0.000000e+000 0.000000e+000 1.000000e+000 
0.000000e+000 0.000000e+000 0.000000e+000 0.000000e+000 1.000000e+000 
0.000000e+000 0.000000e+000 0.000000e+000 0.000000e+000 1.000000e+000 
0.000000e+000 0.000000e+000 0.000000e+000 0.000000e+000 1.000000e+000 
0.000000e+000 0.000000e+000 0.000000e+000 0.000000e+000 1.000000e+000 
0.000000e+000 0.000000e+000 0.000000e+000 0.000000e+000 1.000000e+000 
0.000000e+000 0.000000e+000 0.000000e+000 0.000000e+000 1.000000e+000 
0.000000e+000 0.000000e+000 0.000000e+000 0.000000e+000 1.000000e+000 
0.000000e+000 0.000000e+000 0.000000e+000 0.000000e+000 1.000000e+000 
0.000000e+000 0.000000e+000 0.000000e+000 0.000000e+000 1.000000e+000 
0.000000e+000 0.000000e+000 0.000000e+000 0.000000e+000 1.000000e+000 
0.000000e+000 0.000000e+000 0.000000e+000 0.000000e+000 1.000000e+000 
0.000000e+000 0.000000e+000 0.000000e+000 0.000000e+000 1.000000e+000 
0.000000e+000 0.000000e+000 0.000000e+000 0.000000e+000 1.000000e+000 
0.000000e+000 0.000000e+000 0.000000e+000 0.000000e+000 1.000000e+000 
0.000000e+000 0.000000e+000 0.000000e+000 0.000000e+000 1.000000e+000 
0.000000e+000 0.000000e+000 0.000000e+000 0.000000e+000 1.000000e+000 
0.000000e+000 0.000000e+000 0.000000e+000 0.000000e+000 1.000000e+000 
0.000000e+000 0.000000e+000 0.000000e+000 0.000000e+000 1.000000e+000 
0.000000e+000 0.000000e+000 0.000000e+000 0.000000e+000 1.000000e+000 
0.000000e+000 0.000000e+000 0.000000e+000 0.000000e+000 1.000000e+000 
0.000000e+000 0.000000e+000 0.000000e+000 0.000000e+000 1.000000e+000 
0.000000e+000 0.000000e+000 0.000000e+000 0.000000e+000 1.000000e+000 
0.000000e+000 0.000000e+000 0.000000e+000 0.000000e+000 1.000000e+000 
0.000000e+000 0.000000e+000 0.000000e+000 0.000000e+000 1.000000e+000 
0.000000e+000 0.000000e+000 0.000000e+000 0.000000e+000 1.000000e+000 
0.000000e+000 0.000000e+000 0.000000e+000 0.000000e+000 1.000000e+000 
0.000000e+000 0.000000e+000 0.000000e+000 0.000000e+000 1.000000e+000 
0.000000e+000 0.000000e+000 0.000000e+000 0.000000e+000 1.000000e+000 
0.000000e+000 0.000000e+000 0.000000e+000 0.000000e+000 1.000000e+000 
0.000000e+000 0.000000e+000 0.000000e+000 0.000000e+000 1.000000e+000 
0.000000e+000 0.000000e+000 0.000000e+000 0.000000e+000 1.000000e+000 



Q star

------------
1  2  3  3  4  5  5  5  5  5  5  5  5  5  5  5  5  5  5  5  5  5  5  5  5  5  5  5  5  5  5  5  5  5  5  5  5  5  5  5  5  5  5  5  5  5  5  5  5  5  5  5  5  5  5  5  5  5  5  5  5  5  5  5  5  5  5  5  5  5  5  5  
------------

P star

-----------
2.452187e-058

A Martrix

6.825902e-115 1.000000e+000 0.000000e+000 0.000000e+000 0.000000e+000 
0.000000e+000 6.294235e-061 1.000000e+000 0.000000e+000 0.000000e+000 
0.000000e+000 0.000000e+000 2.972671e-001 7.027329e-001 0.000000e+000 
0.000000e+000 0.000000e+000 0.000000e+000 2.972671e-001 7.027329e-001 
0.000000e+000 0.000000e+000 0.000000e+000 0.000000e+000 1.000000e+000 

B Martrix

1.000000e-030 1.000000e+000 1.000000e-030 1.000000e-030 1.000000e-030 1.000000e-030 1.000000e-030 1.000000e-030 1.000000e-030 1.000000e-030 1.000000e-030 1.000000e-030 1.000000e-030 1.000000e-030 1.000000e-030 1.000000e-030 1.000000e-030 1.000000e-030 1.000000e-030 1.000000e-030 1.000000e-030 1.000000e-030 1.000000e-030 1.000000e-030 1.000000e-030 1.000000e-030 1.000000e-030 1.000000e-030 1.000000e-030 1.000000e-030 1.000000e-030 1.000000e-030 
1.000000e-030 1.000000e-030 1.000000e+000 1.000000e-030 1.000000e-030 1.000000e-030 1.000000e-030 1.000000e-030 1.000000e-030 1.000000e-030 1.000000e-030 1.000000e-030 1.000000e-030 1.000000e-030 1.000000e-030 1.000000e-030 1.000000e-030 1.000000e-030 1.000000e-030 1.000000e-030 1.000000e-030 1.000000e-030 1.000000e-030 1.000000e-030 1.000000e-030 1.000000e-030 1.000000e-030 1.000000e-030 1.000000e-030 1.000000e-030 1.000000e-030 1.000000e-030 
1.000000e-030 1.000000e+000 1.000000e-030 1.000000e-030 1.000000e-030 1.000000e-030 1.000000e-030 1.000000e-030 1.000000e-030 1.000000e-030 1.000000e-030 1.000000e-030 1.000000e-030 1.000000e-030 1.000000e-030 1.000000e-030 1.000000e-030 1.000000e-030 1.000000e-030 1.000000e-030 1.000000e-030 1.000000e-030 1.000000e-030 1.000000e-030 1.000000e-030 1.000000e-030 1.000000e-030 1.000000e-030 1.000000e-030 1.000000e-030 1.000000e-030 1.000000e-030 
1.000000e-030 1.000000e+000 1.000000e-030 1.000000e-030 1.000000e-030 1.000000e-030 1.000000e-030 1.000000e-030 1.000000e-030 1.000000e-030 1.000000e-030 1.000000e-030 1.000000e-030 1.000000e-030 1.000000e-030 1.000000e-030 1.000000e-030 1.000000e-030 1.000000e-030 1.000000e-030 1.000000e-030 1.000000e-030 1.000000e-030 1.000000e-030 1.000000e-030 1.000000e-030 1.000000e-030 1.000000e-030 1.000000e-030 1.000000e-030 1.000000e-030 1.000000e-030 
1.000000e-030 1.191292e-001 1.042381e-001 1.191292e-001 1.000000e-030 1.000000e-030 1.000000e-030 1.000000e-030 1.000000e-030 1.489115e-002 1.000000e-030 3.001158e-001 1.000000e-030 1.000000e-030 1.000000e-030 1.000000e-030 1.000000e-030 2.978231e-002 2.978231e-002 7.445576e-002 1.000000e-030 1.000000e-030 1.489115e-002 1.000000e-030 1.000000e-030 1.000000e-030 1.000000e-030 1.935850e-001 1.000000e-030 1.000000e-030 1.000000e-030 1.000000e-030 
Iteraion 4
-----------------

P(O|lamda) = 5.832335e-058

1.000000e+000 0.000000e+000 0.000000e+000 0.000000e+000 0.000000e+000 
6.825902e-145 1.000000e+000 0.000000e+000 0.000000e+000 0.000000e+000 
4.659294e-259 6.294235e-091 1.000000e+000 0.000000e+000 0.000000e+000 
0.000000e+000 3.961739e-181 2.972671e-001 7.027329e-001 0.000000e+000 
0.000000e+000 2.493612e-271 8.836770e-002 4.177987e-001 5.883001e-002 
0.000000e+000 0.000000e+000 2.626881e-032 1.862967e-031 3.673672e-002 
0.000000e+000 0.000000e+000 7.808851e-033 7.383983e-032 4.376417e-003 
0.000000e+000 0.000000e+000 2.321314e-063 2.743768e-062 6.516989e-005 
0.000000e+000 0.000000e+000 6.900503e-094 9.787584e-093 6.793183e-006 
0.000000e+000 0.000000e+000 2.051292e-094 3.394447e-093 8.092667e-007 
0.000000e+000 0.000000e+000 6.097816e-095 1.153208e-093 9.640731e-008 
0.000000e+000 0.000000e+000 1.812680e-095 3.856622e-094 1.148493e-008 
0.000000e+000 0.000000e+000 5.388500e-096 1.273830e-094 1.368190e-009 
0.000000e+000 0.000000e+000 1.601823e-096 4.165344e-095 1.629915e-010 
0.000000e+000 0.000000e+000 4.761694e-127 1.350785e-125 4.854262e-012 
0.000000e+000 0.000000e+000 1.415495e-127 4.350059e-126 5.782844e-013 
0.000000e+000 0.000000e+000 4.207799e-158 1.392601e-156 6.027925e-014 
0.000000e+000 0.000000e+000 1.250840e-188 4.435439e-187 1.795255e-015 
0.000000e+000 0.000000e+000 3.718336e-219 1.406410e-217 1.336671e-016 
0.000000e+000 0.000000e+000 1.105339e-249 4.442095e-248 1.393320e-017 
0.000000e+000 0.000000e+000 3.285808e-280 1.398164e-278 2.074814e-019 
0.000000e+000 0.000000e+000 9.767624e-311 4.387186e-309 6.179274e-021 
0.000000e+000 0.000000e+000 0.000000e+000 0.000000e+000 1.854498e-021 
0.000000e+000 0.000000e+000 0.000000e+000 0.000000e+000 2.209249e-022 
0.000000e+000 0.000000e+000 0.000000e+000 0.000000e+000 2.631861e-023 
0.000000e+000 0.000000e+000 0.000000e+000 0.000000e+000 3.135316e-024 
0.000000e+000 0.000000e+000 0.000000e+000 0.000000e+000 3.735077e-025 
0.000000e+000 0.000000e+000 0.000000e+000 0.000000e+000 1.120956e-025 
0.000000e+000 0.000000e+000 0.000000e+000 0.000000e+000 3.338465e-027 
0.000000e+000 0.000000e+000 0.000000e+000 0.000000e+000 3.977087e-028 
0.000000e+000 0.000000e+000 0.000000e+000 0.000000e+000 2.961170e-029 
0.000000e+000 0.000000e+000 0.000000e+000 0.000000e+000 8.886941e-030 
0.000000e+000 0.000000e+000 0.000000e+000 0.000000e+000 6.616840e-031 
0.000000e+000 0.000000e+000 0.000000e+000 0.000000e+000 4.926618e-032 
0.000000e+000 0.000000e+000 0.000000e+000 0.000000e+000 5.869042e-033 
0.000000e+000 0.000000e+000 0.000000e+000 0.000000e+000 6.991744e-034 
0.000000e+000 0.000000e+000 0.000000e+000 0.000000e+000 7.288059e-035 
0.000000e+000 0.000000e+000 0.000000e+000 0.000000e+000 7.596932e-036 
0.000000e+000 0.000000e+000 0.000000e+000 0.000000e+000 7.918895e-037 
0.000000e+000 0.000000e+000 0.000000e+000 0.000000e+000 9.433718e-038 
0.000000e+000 0.000000e+000 0.000000e+000 0.000000e+000 2.831208e-038 
0.000000e+000 0.000000e+000 0.000000e+000 0.000000e+000 3.372796e-039 
0.000000e+000 0.000000e+000 0.000000e+000 0.000000e+000 1.012230e-039 
0.000000e+000 0.000000e+000 0.000000e+000 0.000000e+000 1.959524e-040 
0.000000e+000 0.000000e+000 0.000000e+000 0.000000e+000 3.793345e-041 
0.000000e+000 0.000000e+000 0.000000e+000 0.000000e+000 7.343346e-042 
0.000000e+000 0.000000e+000 0.000000e+000 0.000000e+000 2.203854e-042 
0.000000e+000 0.000000e+000 0.000000e+000 0.000000e+000 6.614116e-043 
0.000000e+000 0.000000e+000 0.000000e+000 0.000000e+000 1.985001e-043 
0.000000e+000 0.000000e+000 0.000000e+000 0.000000e+000 5.957302e-044 
0.000000e+000 0.000000e+000 0.000000e+000 0.000000e+000 1.787880e-044 
0.000000e+000 0.000000e+000 0.000000e+000 0.000000e+000 5.365712e-045 
0.000000e+000 0.000000e+000 0.000000e+000 0.000000e+000 1.038721e-045 
0.000000e+000 0.000000e+000 0.000000e+000 0.000000e+000 3.117367e-046 
0.000000e+000 0.000000e+000 0.000000e+000 0.000000e+000 9.355712e-047 
0.000000e+000 0.000000e+000 0.000000e+000 0.000000e+000 2.807797e-047 
0.000000e+000 0.000000e+000 0.000000e+000 0.000000e+000 5.435474e-048 
0.000000e+000 0.000000e+000 0.000000e+000 0.000000e+000 1.052226e-048 
0.000000e+000 0.000000e+000 0.000000e+000 0.000000e+000 2.036952e-049 
0.000000e+000 0.000000e+000 0.000000e+000 0.000000e+000 3.943233e-050 
0.000000e+000 0.000000e+000 0.000000e+000 0.000000e+000 1.183427e-050 
0.000000e+000 0.000000e+000 0.000000e+000 0.000000e+000 3.551650e-051 
0.000000e+000 0.000000e+000 0.000000e+000 0.000000e+000 1.065906e-051 
0.000000e+000 0.000000e+000 0.000000e+000 0.000000e+000 2.063435e-052 
0.000000e+000 0.000000e+000 0.000000e+000 0.000000e+000 6.192694e-053 
0.000000e+000 0.000000e+000 0.000000e+000 0.000000e+000 4.610818e-054 
0.000000e+000 0.000000e+000 0.000000e+000 0.000000e+000 8.925851e-055 
0.000000e+000 0.000000e+000 0.000000e+000 0.000000e+000 2.678789e-055 
0.000000e+000 0.000000e+000 0.000000e+000 0.000000e+000 8.039470e-056 
0.000000e+000 0.000000e+000 0.000000e+000 0.000000e+000 1.556321e-056 
0.000000e+000 0.000000e+000 0.000000e+000 0.000000e+000 3.012803e-057 
0.000000e+000 0.000000e+000 0.000000e+000 0.000000e+000 5.832335e-058 


5.832335e-058 2.861327e-088 1.199583e-088 2.049463e-061 2.916418e-061 
8.172389e-088 5.832335e-058 2.861327e-058 4.966396e-059 2.797843e-060 
4.696754e-116 8.172389e-058 5.832335e-058 1.604545e-058 2.348578e-059 
6.581189e-116 4.696754e-086 8.172389e-058 4.842455e-058 1.971454e-058 
4.419530e-084 6.581189e-086 4.696754e-086 1.162944e-057 1.654887e-057 
3.651217e-140 4.419530e-084 6.581189e-056 3.899608e-056 1.587604e-056 
9.989460e-110 3.651217e-110 4.419530e-084 9.365136e-056 1.332674e-055 
2.593819e-049 9.989460e-080 3.651217e-080 6.289060e-054 8.949432e-054 
6.186951e-079 2.593819e-049 9.989460e-050 9.700403e-051 8.585569e-053 
1.261106e-078 6.186951e-049 2.593819e-049 3.242899e-050 7.206938e-052 
1.767088e-078 1.261106e-048 6.186951e-049 1.073867e-049 6.049681e-051 
3.554471e-106 1.767088e-048 1.261106e-048 3.469453e-049 5.078251e-050 
4.980599e-106 3.554471e-076 1.767088e-048 1.047068e-048 4.262809e-049 
4.778100e-105 4.980599e-076 3.554471e-076 2.514594e-048 3.578307e-048 
1.604342e-133 4.778100e-075 4.980599e-046 2.951196e-046 1.201488e-046 
2.154758e-102 1.604342e-103 4.778100e-075 7.087471e-046 1.008558e-045 
2.067151e-131 2.154758e-102 1.604342e-073 6.799311e-045 9.675526e-045 
1.388174e-129 2.067151e-101 2.154758e-072 2.283004e-043 3.248750e-043 
4.661070e-098 1.388174e-099 2.067151e-071 3.066255e-042 4.363329e-042 
1.553090e-127 4.661070e-098 1.388174e-069 2.941589e-041 4.185927e-041 
1.303702e-126 1.553090e-097 4.661070e-068 1.975393e-039 2.811016e-039 
1.094360e-125 1.303702e-096 1.553090e-067 6.632775e-038 9.438544e-038 
9.186325e-125 1.094360e-095 1.303702e-066 2.210072e-037 3.144967e-037 
7.711227e-124 9.186325e-095 1.094360e-065 1.855189e-036 2.639963e-036 
2.569417e-123 7.711227e-094 9.186325e-065 1.557291e-035 2.216050e-035 
5.168344e-121 2.569417e-093 7.711227e-064 1.307228e-034 1.860207e-034 
7.241991e-091 5.168344e-091 2.569417e-063 1.097320e-033 1.561503e-033 
9.726569e-090 7.241991e-061 5.168344e-061 3.656321e-033 5.203002e-033 
3.240938e-119 9.726569e-060 7.241991e-031 4.291158e-031 1.747011e-031 
4.352837e-118 3.240938e-089 9.726569e-060 1.030547e-030 1.466484e-030 
5.846206e-117 4.352837e-088 3.240938e-059 1.384106e-029 1.969605e-029 
4.907449e-116 5.846206e-087 4.352837e-058 4.611906e-029 6.562815e-029 
4.119434e-115 4.907449e-086 5.846206e-057 6.194156e-028 8.814381e-028 
3.951948e-114 4.119434e-085 4.907449e-056 8.319243e-027 1.183841e-026 
3.791271e-113 3.951948e-084 4.119434e-055 6.983377e-026 9.937456e-026 
3.637127e-082 3.791271e-083 3.951948e-054 5.862019e-025 8.341745e-025 
3.053094e-081 3.637127e-082 3.791271e-053 5.623683e-024 8.002590e-024 
1.017305e-080 3.053094e-081 3.637127e-052 5.395038e-023 7.677224e-023 
8.539510e-110 1.017305e-080 3.053094e-051 5.175689e-022 7.365086e-022 
2.845405e-109 8.539510e-080 1.017305e-050 4.344600e-021 6.182435e-021 
1.469848e-108 2.845405e-079 8.539510e-050 1.447641e-020 2.060016e-020 
7.592778e-108 1.469848e-078 2.845405e-049 1.215186e-019 1.729228e-019 
3.922194e-107 7.592778e-078 1.469848e-048 4.049056e-019 5.761870e-019 
1.306893e-106 3.922194e-077 7.592778e-048 2.091617e-018 2.976403e-018 
4.354630e-106 1.306893e-076 3.922194e-047 1.080464e-017 1.537518e-017 
1.450983e-105 4.354630e-076 1.306893e-046 5.581343e-017 7.942339e-017 
4.834744e-105 1.450983e-075 4.354630e-046 1.859730e-016 2.646425e-016 
1.610959e-104 4.834744e-075 1.450983e-045 6.196707e-016 8.818011e-016 
5.367792e-104 1.610959e-074 4.834744e-045 2.064772e-015 2.938203e-015 
2.772835e-103 5.367792e-074 1.610959e-044 6.879916e-015 9.790229e-015 
9.239216e-103 2.772835e-073 5.367792e-044 2.292420e-014 3.262150e-014 
3.078550e-102 9.239216e-073 2.772835e-043 7.638452e-014 1.086964e-013 
1.025787e-101 3.078550e-072 9.239216e-043 3.945788e-013 5.614918e-013 
5.298899e-101 1.025787e-071 3.078550e-042 1.314755e-012 1.870917e-012 
2.737247e-100 5.298899e-071 1.025787e-041 4.380825e-012 6.233983e-012 
1.413977e-099 2.737247e-070 5.298899e-041 1.459711e-011 2.077192e-011 
7.304166e-099 1.413977e-069 2.737247e-040 7.540417e-011 1.073013e-010 
2.433782e-098 7.304166e-069 1.413977e-039 3.895145e-010 5.542853e-010 
8.109477e-098 2.433782e-068 7.304166e-039 2.012111e-009 2.863266e-009 
2.702116e-097 8.109477e-068 2.433782e-038 1.039394e-008 1.479074e-008 
1.395829e-096 2.702116e-067 8.109477e-038 3.463311e-008 4.928345e-008 
4.650969e-096 1.395829e-066 2.702116e-037 1.153991e-007 1.642148e-007 
6.246620e-095 4.650969e-066 1.395829e-036 3.845153e-007 5.471713e-007 
3.226810e-094 6.246620e-065 4.650969e-036 1.986287e-006 2.826518e-006 
1.075188e-093 3.226810e-064 6.246620e-035 6.618401e-006 9.418089e-006 
3.582578e-093 1.075188e-063 3.226810e-034 8.889038e-005 1.264924e-004 
1.850649e-092 3.582578e-063 1.075188e-033 4.591802e-004 6.534206e-004 
9.559877e-092 1.850649e-062 3.582578e-033 1.530010e-003 2.177228e-003 
1.000000e-090 9.559877e-062 1.850649e-032 5.098064e-003 7.254626e-003 
1.000000e-060 1.000000e-060 9.559877e-032 2.633502e-002 3.747515e-002 
1.000000e-030 1.000000e-030 1.000000e-030 1.360385e-001 1.935850e-001 
1.000000e+000 1.000000e+000 1.000000e+000 1.000000e+000 1.000000e+000 


1.000000e+000 0.000000e+000 0.000000e+000 0.000000e+000 0.000000e+000 
9.564597e-175 1.000000e+000 0.000000e+000 0.000000e+000 0.000000e+000 
3.752109e-317 8.819614e-091 1.000000e+000 0.000000e+000 0.000000e+000 
0.000000e+000 3.190371e-209 4.165368e-001 5.834632e-001 0.000000e+000 
0.000000e+000 2.813784e-299 7.116213e-030 8.330736e-001 1.669264e-001 
0.000000e+000 0.000000e+000 2.964165e-030 1.245614e-029 1.000000e+000 
0.000000e+000 0.000000e+000 5.917262e-059 1.185666e-029 1.000000e+000 
0.000000e+000 0.000000e+000 1.453212e-085 2.958631e-058 1.000000e+000 
0.000000e+000 0.000000e+000 1.181899e-085 1.627882e-085 1.000000e+000 
0.000000e+000 0.000000e+000 9.122727e-086 1.887383e-085 1.000000e+000 
0.000000e+000 0.000000e+000 6.468574e-086 2.123322e-085 1.000000e+000 
0.000000e+000 0.000000e+000 3.919496e-086 2.294170e-085 1.000000e+000 
0.000000e+000 0.000000e+000 1.632614e-086 2.286882e-085 1.000000e+000 
0.000000e+000 0.000000e+000 9.762188e-115 1.795876e-085 1.000000e+000 
0.000000e+000 0.000000e+000 4.066311e-115 6.835053e-114 1.000000e+000 
0.000000e+000 0.000000e+000 1.159634e-144 5.286204e-114 1.000000e+000 
0.000000e+000 0.000000e+000 1.157469e-173 1.623488e-143 1.000000e+000 
0.000000e+000 0.000000e+000 4.621234e-203 1.736204e-172 1.000000e+000 
0.000000e+000 0.000000e+000 1.317888e-232 7.393974e-202 1.000000e+000 
0.000000e+000 0.000000e+000 2.630855e-261 2.240409e-231 1.000000e+000 
0.000000e+000 0.000000e+000 2.625943e-290 4.735538e-260 1.000000e+000 
0.000000e+000 0.000000e+000 2.601256e-320 4.989292e-289 1.000000e+000 
0.000000e+000 0.000000e+000 0.000000e+000 0.000000e+000 1.000000e+000 
0.000000e+000 0.000000e+000 0.000000e+000 0.000000e+000 1.000000e+000 
0.000000e+000 0.000000e+000 0.000000e+000 0.000000e+000 1.000000e+000 
0.000000e+000 0.000000e+000 0.000000e+000 0.000000e+000 1.000000e+000 
0.000000e+000 0.000000e+000 0.000000e+000 0.000000e+000 1.000000e+000 
0.000000e+000 0.000000e+000 0.000000e+000 0.000000e+000 1.000000e+000 
0.000000e+000 0.000000e+000 0.000000e+000 0.000000e+000 1.000000e+000 
0.000000e+000 0.000000e+000 0.000000e+000 0.000000e+000 1.000000e+000 
0.000000e+000 0.000000e+000 0.000000e+000 0.000000e+000 1.000000e+000 
0.000000e+000 0.000000e+000 0.000000e+000 0.000000e+000 1.000000e+000 
0.000000e+000 0.000000e+000 0.000000e+000 0.000000e+000 1.000000e+000 
0.000000e+000 0.000000e+000 0.000000e+000 0.000000e+000 1.000000e+000 
0.000000e+000 0.000000e+000 0.000000e+000 0.000000e+000 1.000000e+000 
0.000000e+000 0.000000e+000 0.000000e+000 0.000000e+000 1.000000e+000 
0.000000e+000 0.000000e+000 0.000000e+000 0.000000e+000 1.000000e+000 
0.000000e+000 0.000000e+000 0.000000e+000 0.000000e+000 1.000000e+000 
0.000000e+000 0.000000e+000 0.000000e+000 0.000000e+000 1.000000e+000 
0.000000e+000 0.000000e+000 0.000000e+000 0.000000e+000 1.000000e+000 
0.000000e+000 0.000000e+000 0.000000e+000 0.000000e+000 1.000000e+000 
0.000000e+000 0.000000e+000 0.000000e+000 0.000000e+000 1.000000e+000 
0.000000e+000 0.000000e+000 0.000000e+000 0.000000e+000 1.000000e+000 
0.000000e+000 0.000000e+000 0.000000e+000 0.000000e+000 1.000000e+000 
0.000000e+000 0.000000e+000 0.000000e+000 0.000000e+000 1.000000e+000 
0.000000e+000 0.000000e+000 0.000000e+000 0.000000e+000 1.000000e+000 
0.000000e+000 0.000000e+000 0.000000e+000 0.000000e+000 1.000000e+000 
0.000000e+000 0.000000e+000 0.000000e+000 0.000000e+000 1.000000e+000 
0.000000e+000 0.000000e+000 0.000000e+000 0.000000e+000 1.000000e+000 
0.000000e+000 0.000000e+000 0.000000e+000 0.000000e+000 1.000000e+000 
0.000000e+000 0.000000e+000 0.000000e+000 0.000000e+000 1.000000e+000 
0.000000e+000 0.000000e+000 0.000000e+000 0.000000e+000 1.000000e+000 
0.000000e+000 0.000000e+000 0.000000e+000 0.000000e+000 1.000000e+000 
0.000000e+000 0.000000e+000 0.000000e+000 0.000000e+000 1.000000e+000 
0.000000e+000 0.000000e+000 0.000000e+000 0.000000e+000 1.000000e+000 
0.000000e+000 0.000000e+000 0.000000e+000 0.000000e+000 1.000000e+000 
0.000000e+000 0.000000e+000 0.000000e+000 0.000000e+000 1.000000e+000 
0.000000e+000 0.000000e+000 0.000000e+000 0.000000e+000 1.000000e+000 
0.000000e+000 0.000000e+000 0.000000e+000 0.000000e+000 1.000000e+000 
0.000000e+000 0.000000e+000 0.000000e+000 0.000000e+000 1.000000e+000 
0.000000e+000 0.000000e+000 0.000000e+000 0.000000e+000 1.000000e+000 
0.000000e+000 0.000000e+000 0.000000e+000 0.000000e+000 1.000000e+000 
0.000000e+000 0.000000e+000 0.000000e+000 0.000000e+000 1.000000e+000 
0.000000e+000 0.000000e+000 0.000000e+000 0.000000e+000 1.000000e+000 
0.000000e+000 0.000000e+000 0.000000e+000 0.000000e+000 1.000000e+000 
0.000000e+000 0.000000e+000 0.000000e+000 0.000000e+000 1.000000e+000 
0.000000e+000 0.000000e+000 0.000000e+000 0.000000e+000 1.000000e+000 
0.000000e+000 0.000000e+000 0.000000e+000 0.000000e+000 1.000000e+000 
0.000000e+000 0.000000e+000 0.000000e+000 0.000000e+000 1.000000e+000 
0.000000e+000 0.000000e+000 0.000000e+000 0.000000e+000 1.000000e+000 
0.000000e+000 0.000000e+000 0.000000e+000 0.000000e+000 1.000000e+000 
0.000000e+000 0.000000e+000 0.000000e+000 0.000000e+000 1.000000e+000 



Q star

------------
1  2  3  3  4  5  5  5  5  5  5  5  5  5  5  5  5  5  5  5  5  5  5  5  5  5  5  5  5  5  5  5  5  5  5  5  5  5  5  5  5  5  5  5  5  5  5  5  5  5  5  5  5  5  5  5  5  5  5  5  5  5  5  5  5  5  5  5  5  5  5  5  
------------

P star

-----------
2.429382e-058

A Martrix

9.564597e-175 1.000000e+000 0.000000e+000 0.000000e+000 0.000000e+000 
0.000000e+000 8.819614e-091 1.000000e+000 0.000000e+000 0.000000e+000 
0.000000e+000 0.000000e+000 2.940529e-001 7.059471e-001 0.000000e+000 
0.000000e+000 0.000000e+000 0.000000e+000 2.940529e-001 7.059471e-001 
0.000000e+000 0.000000e+000 0.000000e+000 0.000000e+000 1.000000e+000 

B Martrix

1.000000e-030 1.000000e+000 1.000000e-030 1.000000e-030 1.000000e-030 1.000000e-030 1.000000e-030 1.000000e-030 1.000000e-030 1.000000e-030 1.000000e-030 1.000000e-030 1.000000e-030 1.000000e-030 1.000000e-030 1.000000e-030 1.000000e-030 1.000000e-030 1.000000e-030 1.000000e-030 1.000000e-030 1.000000e-030 1.000000e-030 1.000000e-030 1.000000e-030 1.000000e-030 1.000000e-030 1.000000e-030 1.000000e-030 1.000000e-030 1.000000e-030 1.000000e-030 
1.000000e-030 1.000000e-030 1.000000e+000 1.000000e-030 1.000000e-030 1.000000e-030 1.000000e-030 1.000000e-030 1.000000e-030 1.000000e-030 1.000000e-030 1.000000e-030 1.000000e-030 1.000000e-030 1.000000e-030 1.000000e-030 1.000000e-030 1.000000e-030 1.000000e-030 1.000000e-030 1.000000e-030 1.000000e-030 1.000000e-030 1.000000e-030 1.000000e-030 1.000000e-030 1.000000e-030 1.000000e-030 1.000000e-030 1.000000e-030 1.000000e-030 1.000000e-030 
1.000000e-030 1.000000e+000 1.000000e-030 1.000000e-030 1.000000e-030 1.000000e-030 1.000000e-030 1.000000e-030 1.000000e-030 1.000000e-030 1.000000e-030 1.000000e-030 1.000000e-030 1.000000e-030 1.000000e-030 1.000000e-030 1.000000e-030 1.000000e-030 1.000000e-030 1.000000e-030 1.000000e-030 1.000000e-030 1.000000e-030 1.000000e-030 1.000000e-030 1.000000e-030 1.000000e-030 1.000000e-030 1.000000e-030 1.000000e-030 1.000000e-030 1.000000e-030 
1.000000e-030 1.000000e+000 1.000000e-030 1.000000e-030 1.000000e-030 1.000000e-030 1.000000e-030 1.000000e-030 1.000000e-030 1.000000e-030 1.000000e-030 1.000000e-030 1.000000e-030 1.000000e-030 1.000000e-030 1.000000e-030 1.000000e-030 1.000000e-030 1.000000e-030 1.000000e-030 1.000000e-030 1.000000e-030 1.000000e-030 1.000000e-030 1.000000e-030 1.000000e-030 1.000000e-030 1.000000e-030 1.000000e-030 1.000000e-030 1.000000e-030 1.000000e-030 
1.000000e-030 1.191062e-001 1.042180e-001 1.191062e-001 1.000000e-030 1.000000e-030 1.000000e-030 1.000000e-030 1.000000e-030 1.488828e-002 1.000000e-030 3.002508e-001 1.000000e-030 1.000000e-030 1.000000e-030 1.000000e-030 1.000000e-030 2.977656e-002 2.977656e-002 7.444140e-002 1.000000e-030 1.000000e-030 1.488828e-002 1.000000e-030 1.000000e-030 1.000000e-030 1.000000e-030 1.935476e-001 1.000000e-030 1.000000e-030 1.000000e-030 1.000000e-030 
=================
