10	10	2	3	25	2	3	2	9	9	29	13	13	13	11	3	3	11	3	3	3	19	20	11	11	12	4	4	4	19	4	4	23	10	10	3	4	4	3	3	3	3	11	11	12	4	4	12	12	28	28	28	28	12	28	28	28	28	28	12	28	28	28	28	

P(O|lamda) = 0.000000e+000

5.000000e-002 0.000000e+000 0.000000e+000 0.000000e+000 0.000000e+000 
6.427658e-005 2.435724e-003 0.000000e+000 0.000000e+000 0.000000e+000 
1.652591e-036 1.551414e-034 2.343206e-033 0.000000e+000 0.000000e+000 
4.248916e-068 7.502919e-066 4.536399e-064 2.038815e-063 0.000000e+000 
1.092423e-099 3.263841e-097 6.614748e-095 8.504903e-094 1.583035e-093 
2.808689e-131 1.346156e-128 8.906796e-126 2.476830e-124 2.549315e-096 
7.221315e-163 5.386822e-160 1.169977e-156 6.311964e-155 6.218734e-098 
1.856646e-194 2.116462e-191 1.525027e-187 1.512848e-185 7.066745e-101 
4.773553e-226 8.219959e-223 1.983104e-218 3.514684e-216 7.066745e-131 
1.227311e-257 3.168739e-254 2.576918e-249 8.029675e-247 7.066745e-161 
3.155493e-289 1.215556e-285 3.347819e-280 1.817467e-277 7.066745e-191 
8.112558e-321 4.647856e-317 4.349061e-311 4.092102e-308 7.066745e-221 
0.000000e+000 0.000000e+000 0.000000e+000 0.000000e+000 7.066745e-251 
0.000000e+000 0.000000e+000 0.000000e+000 0.000000e+000 7.066745e-281 
0.000000e+000 0.000000e+000 0.000000e+000 0.000000e+000 5.771619e-283 
0.000000e+000 0.000000e+000 0.000000e+000 0.000000e+000 1.407914e-284 
0.000000e+000 0.000000e+000 0.000000e+000 0.000000e+000 3.434428e-286 
0.000000e+000 0.000000e+000 0.000000e+000 0.000000e+000 2.804998e-288 
0.000000e+000 0.000000e+000 0.000000e+000 0.000000e+000 6.842440e-290 
0.000000e+000 0.000000e+000 0.000000e+000 0.000000e+000 1.669127e-291 
0.000000e+000 0.000000e+000 0.000000e+000 0.000000e+000 4.071625e-293 
0.000000e+000 0.000000e+000 0.000000e+000 0.000000e+000 2.347986e-294 
0.000000e+000 0.000000e+000 0.000000e+000 0.000000e+000 2.635488e-295 
0.000000e+000 0.000000e+000 0.000000e+000 0.000000e+000 2.152480e-297 
0.000000e+000 0.000000e+000 0.000000e+000 0.000000e+000 1.757994e-299 
0.000000e+000 0.000000e+000 0.000000e+000 0.000000e+000 4.495665e-300 
0.000000e+000 0.000000e+000 0.000000e+000 0.000000e+000 3.714910e-301 
0.000000e+000 0.000000e+000 0.000000e+000 0.000000e+000 3.069748e-302 
0.000000e+000 0.000000e+000 0.000000e+000 0.000000e+000 2.536630e-303 
0.000000e+000 0.000000e+000 0.000000e+000 0.000000e+000 1.462800e-304 
0.000000e+000 0.000000e+000 0.000000e+000 0.000000e+000 1.208758e-305 
0.000000e+000 0.000000e+000 0.000000e+000 0.000000e+000 9.988349e-307 
0.000000e+000 0.000000e+000 0.000000e+000 0.000000e+000 0.000000e+000 
0.000000e+000 0.000000e+000 0.000000e+000 0.000000e+000 0.000000e+000 
0.000000e+000 0.000000e+000 0.000000e+000 0.000000e+000 0.000000e+000 
0.000000e+000 0.000000e+000 0.000000e+000 0.000000e+000 0.000000e+000 
0.000000e+000 0.000000e+000 0.000000e+000 0.000000e+000 0.000000e+000 
0.000000e+000 0.000000e+000 0.000000e+000 0.000000e+000 0.000000e+000 
0.000000e+000 0.000000e+000 0.000000e+000 0.000000e+000 0.000000e+000 
0.000000e+000 0.000000e+000 0.000000e+000 0.000000e+000 0.000000e+000 
0.000000e+000 0.000000e+000 0.000000e+000 0.000000e+000 0.000000e+000 
0.000000e+000 0.000000e+000 0.000000e+000 0.000000e+000 0.000000e+000 
0.000000e+000 0.000000e+000 0.000000e+000 0.000000e+000 0.000000e+000 
0.000000e+000 0.000000e+000 0.000000e+000 0.000000e+000 0.000000e+000 
0.000000e+000 0.000000e+000 0.000000e+000 0.000000e+000 0.000000e+000 
0.000000e+000 0.000000e+000 0.000000e+000 0.000000e+000 0.000000e+000 
0.000000e+000 0.000000e+000 0.000000e+000 0.000000e+000 0.000000e+000 
0.000000e+000 0.000000e+000 0.000000e+000 0.000000e+000 0.000000e+000 
0.000000e+000 0.000000e+000 0.000000e+000 0.000000e+000 0.000000e+000 
0.000000e+000 0.000000e+000 0.000000e+000 0.000000e+000 0.000000e+000 
0.000000e+000 0.000000e+000 0.000000e+000 0.000000e+000 0.000000e+000 
0.000000e+000 0.000000e+000 0.000000e+000 0.000000e+000 0.000000e+000 
0.000000e+000 0.000000e+000 0.000000e+000 0.000000e+000 0.000000e+000 
0.000000e+000 0.000000e+000 0.000000e+000 0.000000e+000 0.000000e+000 
0.000000e+000 0.000000e+000 0.000000e+000 0.000000e+000 0.000000e+000 
0.000000e+000 0.000000e+000 0.000000e+000 0.000000e+000 0.000000e+000 
0.000000e+000 0.000000e+000 0.000000e+000 0.000000e+000 0.000000e+000 
0.000000e+000 0.000000e+000 0.000000e+000 0.000000e+000 0.000000e+000 
0.000000e+000 0.000000e+000 0.000000e+000 0.000000e+000 0.000000e+000 
0.000000e+000 0.000000e+000 0.000000e+000 0.000000e+000 0.000000e+000 
0.000000e+000 0.000000e+000 0.000000e+000 0.000000e+000 0.000000e+000 
0.000000e+000 0.000000e+000 0.000000e+000 0.000000e+000 0.000000e+000 
0.000000e+000 0.000000e+000 0.000000e+000 0.000000e+000 0.000000e+000 
0.000000e+000 0.000000e+000 0.000000e+000 0.000000e+000 0.000000e+000 



P(O|lamda) = 1.929372e-226

2.500000e-003 0.000000e+000 0.000000e+000 0.000000e+000 0.000000e+000 
4.938271e-127 6.250000e-006 0.000000e+000 0.000000e+000 0.000000e+000 
4.096936e-278 1.146497e-121 6.562500e-036 0.000000e+000 0.000000e+000 
0.000000e+000 2.103128e-237 1.722656e-067 6.718359e-066 0.000000e+000 
0.000000e+000 0.000000e+000 4.521973e-099 1.294762e-096 5.935872e-096 
0.000000e+000 0.000000e+000 1.187018e-130 2.201683e-127 7.717252e-099 
0.000000e+000 0.000000e+000 3.115922e-162 3.677292e-158 5.864836e-100 
0.000000e+000 0.000000e+000 8.179295e-194 6.124776e-189 6.442434e-103 
0.000000e+000 0.000000e+000 2.147065e-225 1.019675e-219 6.764556e-133 
0.000000e+000 0.000000e+000 5.636045e-257 1.697474e-250 7.102784e-163 
0.000000e+000 0.000000e+000 1.409011e-259 1.345614e-252 1.035278e-163 
0.000000e+000 0.000000e+000 3.698655e-291 1.066688e-254 5.936372e-165 
0.000000e+000 0.000000e+000 9.881313e-323 8.455785e-257 3.403965e-166 
0.000000e+000 0.000000e+000 0.000000e+000 6.703019e-259 1.951862e-167 
0.000000e+000 0.000000e+000 0.000000e+000 1.594073e-260 2.180337e-168 
0.000000e+000 0.000000e+000 0.000000e+000 2.653652e-291 1.656978e-169 
0.000000e+000 0.000000e+000 0.000000e+000 4.397184e-322 1.259244e-170 
0.000000e+000 0.000000e+000 0.000000e+000 9.881313e-324 1.406645e-171 
0.000000e+000 0.000000e+000 0.000000e+000 0.000000e+000 1.069000e-172 
0.000000e+000 0.000000e+000 0.000000e+000 0.000000e+000 8.124019e-174 
0.000000e+000 0.000000e+000 0.000000e+000 0.000000e+000 6.173964e-175 
0.000000e+000 0.000000e+000 0.000000e+000 0.000000e+000 2.755744e-176 
0.000000e+000 0.000000e+000 0.000000e+000 0.000000e+000 5.877674e-178 
0.000000e+000 0.000000e+000 0.000000e+000 0.000000e+000 6.565685e-179 
0.000000e+000 0.000000e+000 0.000000e+000 0.000000e+000 7.334231e-180 
0.000000e+000 0.000000e+000 0.000000e+000 0.000000e+000 1.008041e-180 
0.000000e+000 0.000000e+000 0.000000e+000 0.000000e+000 2.216051e-182 
0.000000e+000 0.000000e+000 0.000000e+000 0.000000e+000 4.871709e-184 
0.000000e+000 0.000000e+000 0.000000e+000 0.000000e+000 1.070984e-185 
0.000000e+000 0.000000e+000 0.000000e+000 0.000000e+000 4.780328e-187 
0.000000e+000 0.000000e+000 0.000000e+000 0.000000e+000 1.050895e-188 
0.000000e+000 0.000000e+000 0.000000e+000 0.000000e+000 2.310260e-190 
0.000000e+000 0.000000e+000 0.000000e+000 0.000000e+000 4.730169e-192 
0.000000e+000 0.000000e+000 0.000000e+000 0.000000e+000 3.996756e-194 
0.000000e+000 0.000000e+000 0.000000e+000 0.000000e+000 3.377059e-196 
0.000000e+000 0.000000e+000 0.000000e+000 0.000000e+000 2.566444e-197 
0.000000e+000 0.000000e+000 0.000000e+000 0.000000e+000 5.642004e-199 
0.000000e+000 0.000000e+000 0.000000e+000 0.000000e+000 1.240323e-200 
0.000000e+000 0.000000e+000 0.000000e+000 0.000000e+000 9.426015e-202 
0.000000e+000 0.000000e+000 0.000000e+000 0.000000e+000 7.163435e-203 
0.000000e+000 0.000000e+000 0.000000e+000 0.000000e+000 5.443955e-204 
0.000000e+000 0.000000e+000 0.000000e+000 0.000000e+000 4.137211e-205 
0.000000e+000 0.000000e+000 0.000000e+000 0.000000e+000 4.621493e-206 
0.000000e+000 0.000000e+000 0.000000e+000 0.000000e+000 5.162462e-207 
0.000000e+000 0.000000e+000 0.000000e+000 0.000000e+000 7.095458e-208 
0.000000e+000 0.000000e+000 0.000000e+000 0.000000e+000 1.559847e-209 
0.000000e+000 0.000000e+000 0.000000e+000 0.000000e+000 3.429127e-211 
0.000000e+000 0.000000e+000 0.000000e+000 0.000000e+000 4.713105e-212 
0.000000e+000 0.000000e+000 0.000000e+000 0.000000e+000 6.477847e-213 
0.000000e+000 0.000000e+000 0.000000e+000 0.000000e+000 8.008744e-214 
0.000000e+000 0.000000e+000 0.000000e+000 0.000000e+000 9.901435e-215 
0.000000e+000 0.000000e+000 0.000000e+000 0.000000e+000 1.224142e-215 
0.000000e+000 0.000000e+000 0.000000e+000 0.000000e+000 1.513441e-216 
0.000000e+000 0.000000e+000 0.000000e+000 0.000000e+000 2.080123e-217 
0.000000e+000 0.000000e+000 0.000000e+000 0.000000e+000 2.571715e-218 
0.000000e+000 0.000000e+000 0.000000e+000 0.000000e+000 3.179483e-219 
0.000000e+000 0.000000e+000 0.000000e+000 0.000000e+000 3.930884e-220 
0.000000e+000 0.000000e+000 0.000000e+000 0.000000e+000 4.859862e-221 
0.000000e+000 0.000000e+000 0.000000e+000 0.000000e+000 6.008383e-222 
0.000000e+000 0.000000e+000 0.000000e+000 0.000000e+000 8.258120e-223 
0.000000e+000 0.000000e+000 0.000000e+000 0.000000e+000 1.020975e-223 
0.000000e+000 0.000000e+000 0.000000e+000 0.000000e+000 1.262259e-224 
0.000000e+000 0.000000e+000 0.000000e+000 0.000000e+000 1.560567e-225 
0.000000e+000 0.000000e+000 0.000000e+000 0.000000e+000 1.929372e-226 



P(O|lamda) = 1.314723e-215

1.250000e-004 0.000000e+000 0.000000e+000 0.000000e+000 0.000000e+000 
9.279969e-011 1.553220e-008 0.000000e+000 0.000000e+000 0.000000e+000 
5.800896e-043 1.941832e-040 1.625055e-038 0.000000e+000 0.000000e+000 
3.626133e-075 1.820755e-072 9.686133e-070 7.761641e-040 0.000000e+000 
2.266691e-107 1.517535e-104 4.752954e-101 1.270148e-070 6.898979e-070 
1.416905e-139 1.185762e-136 2.254660e-132 2.078525e-101 4.378364e-074 
8.857058e-172 8.894616e-169 1.063253e-163 1.615861e-103 2.607220e-076 
5.536535e-204 6.486681e-201 5.009169e-195 2.644264e-134 1.431996e-080 
3.460881e-236 4.634076e-233 2.359536e-226 4.327186e-165 1.507176e-110 
2.163392e-268 3.258849e-265 1.111417e-257 7.081192e-196 1.586302e-140 
1.352334e-300 2.263447e-297 2.486987e-261 2.752486e-199 1.156071e-142 
0.000000e+000 0.000000e+000 1.171445e-292 1.069902e-202 4.759591e-145 
0.000000e+000 0.000000e+000 4.940656e-324 4.158748e-206 1.959543e-147 
0.000000e+000 0.000000e+000 0.000000e+000 1.616521e-209 8.067520e-150 
0.000000e+000 0.000000e+000 0.000000e+000 1.885043e-212 4.507737e-151 
0.000000e+000 0.000000e+000 0.000000e+000 1.465447e-214 2.684259e-153 
0.000000e+000 0.000000e+000 0.000000e+000 1.139249e-216 1.598418e-155 
0.000000e+000 0.000000e+000 0.000000e+000 1.328491e-219 8.931180e-157 
0.000000e+000 0.000000e+000 0.000000e+000 1.032779e-221 5.318323e-159 
0.000000e+000 0.000000e+000 0.000000e+000 8.028903e-224 3.166946e-161 
0.000000e+000 0.000000e+000 0.000000e+000 6.241729e-226 1.885847e-163 
0.000000e+000 0.000000e+000 0.000000e+000 1.577019e-227 1.792145e-164 
0.000000e+000 0.000000e+000 0.000000e+000 4.045756e-229 5.250869e-165 
0.000000e+000 0.000000e+000 0.000000e+000 4.717801e-232 2.933930e-166 
0.000000e+000 0.000000e+000 0.000000e+000 5.501481e-235 1.639337e-167 
0.000000e+000 0.000000e+000 0.000000e+000 2.140585e-236 1.512627e-168 
0.000000e+000 0.000000e+000 0.000000e+000 6.739632e-238 9.813092e-170 
0.000000e+000 0.000000e+000 0.000000e+000 2.121973e-239 6.366193e-171 
0.000000e+000 0.000000e+000 0.000000e+000 6.681034e-241 4.130035e-172 
0.000000e+000 0.000000e+000 0.000000e+000 1.688013e-242 3.924825e-173 
0.000000e+000 0.000000e+000 0.000000e+000 5.314709e-244 2.546210e-174 
0.000000e+000 0.000000e+000 0.000000e+000 1.673336e-245 1.651841e-175 
0.000000e+000 0.000000e+000 0.000000e+000 2.738319e-276 1.691041e-178 
0.000000e+000 0.000000e+000 0.000000e+000 5.321975e-281 5.592424e-181 
0.000000e+000 0.000000e+000 0.000000e+000 1.034336e-285 1.849465e-183 
0.000000e+000 0.000000e+000 0.000000e+000 8.041004e-288 1.101316e-185 
0.000000e+000 0.000000e+000 0.000000e+000 2.531711e-289 7.144732e-187 
0.000000e+000 0.000000e+000 0.000000e+000 7.971092e-291 4.635109e-188 
0.000000e+000 0.000000e+000 0.000000e+000 6.196786e-293 2.760106e-190 
0.000000e+000 0.000000e+000 0.000000e+000 4.817428e-295 1.643583e-192 
0.000000e+000 0.000000e+000 0.000000e+000 3.745105e-297 9.787179e-195 
0.000000e+000 0.000000e+000 0.000000e+000 2.911473e-299 5.828052e-197 
0.000000e+000 0.000000e+000 0.000000e+000 3.395101e-302 3.256431e-198 
0.000000e+000 0.000000e+000 0.000000e+000 3.959065e-305 1.819535e-199 
0.000000e+000 0.000000e+000 0.000000e+000 1.540442e-306 1.678897e-200 
0.000000e+000 0.000000e+000 0.000000e+000 4.850084e-308 1.089176e-201 
0.000000e+000 0.000000e+000 0.000000e+000 1.527049e-309 7.065974e-203 
0.000000e+000 0.000000e+000 0.000000e+000 5.941633e-311 6.519821e-204 
0.000000e+000 0.000000e+000 0.000000e+000 2.311844e-312 6.015882e-205 
0.000000e+000 0.000000e+000 0.000000e+000 5.391735e-314 1.313665e-205 
0.000000e+000 0.000000e+000 0.000000e+000 1.257473e-315 2.868598e-206 
0.000000e+000 0.000000e+000 0.000000e+000 2.932706e-317 6.264046e-207 
0.000000e+000 0.000000e+000 0.000000e+000 6.839746e-319 1.367855e-207 
0.000000e+000 0.000000e+000 0.000000e+000 2.661532e-320 1.262129e-208 
0.000000e+000 0.000000e+000 0.000000e+000 6.225227e-322 2.756062e-209 
0.000000e+000 0.000000e+000 0.000000e+000 1.482197e-323 6.018305e-210 
0.000000e+000 0.000000e+000 0.000000e+000 0.000000e+000 1.314194e-210 
0.000000e+000 0.000000e+000 0.000000e+000 0.000000e+000 2.869754e-211 
0.000000e+000 0.000000e+000 0.000000e+000 0.000000e+000 6.266570e-212 
0.000000e+000 0.000000e+000 0.000000e+000 0.000000e+000 5.782205e-213 
0.000000e+000 0.000000e+000 0.000000e+000 0.000000e+000 1.262638e-213 
0.000000e+000 0.000000e+000 0.000000e+000 0.000000e+000 2.757172e-214 
0.000000e+000 0.000000e+000 0.000000e+000 0.000000e+000 6.020730e-215 
0.000000e+000 0.000000e+000 0.000000e+000 0.000000e+000 1.314723e-215 



P(O|lamda) = 1.879253e-235

1.490852e-001 0.000000e+000 0.000000e+000 0.000000e+000 0.000000e+000 
6.056209e-003 2.169322e-002 0.000000e+000 0.000000e+000 0.000000e+000 
1.737026e-033 1.105355e-032 1.641916e-032 0.000000e+000 0.000000e+000 
4.982092e-064 2.184662e-034 6.621142e-034 5.840536e-034 0.000000e+000 
1.428950e-094 6.461029e-065 3.900857e-064 6.950005e-064 3.920140e-064 
4.098478e-125 1.910817e-095 1.813041e-094 5.433061e-094 1.384781e-066 
1.175515e-155 2.684311e-097 3.610038e-096 1.678507e-095 1.934492e-068 
3.371580e-186 7.938715e-128 1.428479e-126 8.977032e-126 3.207536e-071 
9.670277e-217 2.347835e-158 5.449370e-157 4.442910e-156 3.376332e-101 
2.773603e-247 6.943606e-189 2.027313e-187 2.083312e-186 3.554012e-131 
7.955176e-278 2.053537e-219 1.759078e-191 1.115339e-190 1.295052e-134 
2.281683e-308 6.073232e-250 5.970614e-222 6.541768e-195 2.665892e-138 
0.000000e+000 1.796128e-280 2.026529e-252 2.963099e-199 5.487796e-142 
0.000000e+000 5.311958e-311 6.878390e-283 1.342138e-203 1.129674e-145 
0.000000e+000 7.462226e-315 8.317223e-287 1.823767e-207 3.156034e-148 
0.000000e+000 1.048292e-316 1.340938e-288 3.469522e-209 4.408872e-150 
0.000000e+000 1.472637e-318 2.161916e-290 6.600394e-211 6.159045e-152 
0.000000e+000 2.075076e-322 2.614149e-294 8.968961e-215 1.720687e-154 
0.000000e+000 4.940656e-324 4.214640e-296 1.706249e-216 2.403741e-156 
0.000000e+000 0.000000e+000 6.795020e-298 3.245956e-218 3.357945e-158 
0.000000e+000 0.000000e+000 1.095522e-299 6.175085e-220 4.690934e-160 
0.000000e+000 0.000000e+000 3.090931e-303 1.818056e-222 2.228927e-162 
0.000000e+000 0.000000e+000 1.582207e-305 5.435033e-225 3.265307e-164 
0.000000e+000 0.000000e+000 1.913175e-309 7.385407e-229 9.122472e-167 
0.000000e+000 0.000000e+000 2.313376e-313 1.003568e-232 2.548596e-169 
0.000000e+000 0.000000e+000 1.529186e-314 1.136462e-233 2.344463e-170 
0.000000e+000 0.000000e+000 4.930835e-317 4.169568e-236 1.164697e-172 
0.000000e+000 0.000000e+000 1.589953e-319 1.529773e-238 5.786052e-175 
0.000000e+000 0.000000e+000 5.138283e-322 5.612587e-241 2.874431e-177 
0.000000e+000 0.000000e+000 0.000000e+000 1.652446e-243 1.365804e-179 
0.000000e+000 0.000000e+000 0.000000e+000 6.062663e-246 6.785127e-182 
0.000000e+000 0.000000e+000 0.000000e+000 2.224331e-248 3.370757e-184 
0.000000e+000 0.000000e+000 0.000000e+000 8.484261e-279 1.725374e-188 
0.000000e+000 0.000000e+000 0.000000e+000 7.686096e-280 2.049074e-189 
0.000000e+000 0.000000e+000 0.000000e+000 6.963018e-281 2.433502e-190 
0.000000e+000 0.000000e+000 0.000000e+000 1.324640e-282 3.399520e-192 
0.000000e+000 0.000000e+000 0.000000e+000 4.859973e-285 1.688835e-194 
0.000000e+000 0.000000e+000 0.000000e+000 1.783076e-287 8.389898e-197 
0.000000e+000 0.000000e+000 0.000000e+000 3.392111e-289 1.172040e-198 
0.000000e+000 0.000000e+000 0.000000e+000 6.453129e-291 1.637300e-200 
0.000000e+000 0.000000e+000 0.000000e+000 1.227639e-292 2.287253e-202 
0.000000e+000 0.000000e+000 0.000000e+000 2.335452e-294 3.195214e-204 
0.000000e+000 0.000000e+000 0.000000e+000 3.173534e-298 8.926649e-207 
0.000000e+000 0.000000e+000 0.000000e+000 4.312364e-302 2.493888e-209 
0.000000e+000 0.000000e+000 0.000000e+000 4.883416e-303 2.294136e-210 
0.000000e+000 0.000000e+000 0.000000e+000 1.791677e-305 1.139695e-212 
0.000000e+000 0.000000e+000 0.000000e+000 6.573486e-308 5.661849e-215 
0.000000e+000 0.000000e+000 0.000000e+000 7.443962e-309 5.208355e-216 
0.000000e+000 0.000000e+000 0.000000e+000 8.429707e-310 4.791184e-217 
0.000000e+000 0.000000e+000 0.000000e+000 2.290945e-312 2.654518e-218 
0.000000e+000 0.000000e+000 0.000000e+000 6.226112e-315 1.470715e-219 
0.000000e+000 0.000000e+000 0.000000e+000 1.692074e-317 8.148386e-221 
0.000000e+000 0.000000e+000 0.000000e+000 4.598763e-320 4.514550e-222 
0.000000e+000 0.000000e+000 0.000000e+000 5.207452e-321 4.152951e-223 
0.000000e+000 0.000000e+000 0.000000e+000 1.482197e-323 2.300910e-224 
0.000000e+000 0.000000e+000 0.000000e+000 0.000000e+000 1.274802e-225 
0.000000e+000 0.000000e+000 0.000000e+000 0.000000e+000 7.062940e-227 
0.000000e+000 0.000000e+000 0.000000e+000 0.000000e+000 3.913168e-228 
0.000000e+000 0.000000e+000 0.000000e+000 0.000000e+000 2.168060e-229 
0.000000e+000 0.000000e+000 0.000000e+000 0.000000e+000 1.994406e-230 
0.000000e+000 0.000000e+000 0.000000e+000 0.000000e+000 1.104986e-231 
0.000000e+000 0.000000e+000 0.000000e+000 0.000000e+000 6.122087e-233 
0.000000e+000 0.000000e+000 0.000000e+000 0.000000e+000 3.391895e-234 
0.000000e+000 0.000000e+000 0.000000e+000 0.000000e+000 1.879253e-235 



P(O|lamda) = 1.704700e-219

7.454260e-003 0.000000e+000 0.000000e+000 0.000000e+000 0.000000e+000 
8.521028e-007 7.340176e-005 0.000000e+000 0.000000e+000 0.000000e+000 
1.375470e-038 6.095917e-036 7.205225e-035 0.000000e+000 0.000000e+000 
2.220292e-070 1.062020e-039 4.556670e-038 1.562143e-037 0.000000e+000 
3.584010e-102 7.542072e-071 9.391676e-069 8.235083e-068 1.217010e-067 
5.785333e-134 5.356100e-102 1.794870e-099 3.069360e-098 1.514236e-071 
9.338722e-166 9.033802e-106 7.935627e-103 2.483083e-101 6.143456e-073 
1.507463e-197 6.415472e-137 1.462912e-133 7.482820e-132 5.093160e-077 
2.433356e-229 4.556031e-168 2.686789e-164 2.174238e-162 5.361218e-107 
3.927939e-261 3.235524e-199 4.927474e-195 6.181589e-193 5.643384e-137 
6.340504e-293 2.297750e-230 1.072525e-200 8.237146e-195 8.392919e-138 
0.000000e+000 1.631777e-261 1.965186e-231 1.337969e-200 2.089210e-139 
0.000000e+000 1.158827e-292 3.600808e-262 2.173270e-206 5.200572e-141 
0.000000e+000 9.881313e-324 6.597757e-293 3.530053e-212 1.294554e-142 
0.000000e+000 0.000000e+000 2.153366e-298 1.720165e-217 4.788274e-144 
0.000000e+000 0.000000e+000 9.370828e-302 1.173511e-220 1.942666e-145 
0.000000e+000 0.000000e+000 4.077915e-305 8.005784e-224 7.881653e-147 
0.000000e+000 0.000000e+000 1.330943e-310 3.901150e-229 2.915252e-148 
0.000000e+000 0.000000e+000 5.791883e-314 2.661396e-232 1.182756e-149 
0.000000e+000 0.000000e+000 2.520461e-317 1.815626e-235 4.798599e-151 
0.000000e+000 0.000000e+000 1.096826e-320 1.238635e-238 1.946855e-152 
0.000000e+000 0.000000e+000 9.535467e-322 1.932752e-239 6.443587e-153 
0.000000e+000 0.000000e+000 6.916919e-323 1.508974e-240 1.679350e-153 
0.000000e+000 0.000000e+000 0.000000e+000 7.353101e-246 6.211550e-155 
0.000000e+000 0.000000e+000 0.000000e+000 3.583103e-251 2.297517e-156 
0.000000e+000 0.000000e+000 0.000000e+000 1.455072e-253 7.813551e-158 
0.000000e+000 0.000000e+000 0.000000e+000 1.914419e-257 3.834032e-159 
0.000000e+000 0.000000e+000 0.000000e+000 2.518777e-261 1.881321e-160 
0.000000e+000 0.000000e+000 0.000000e+000 3.313922e-265 9.231454e-162 
0.000000e+000 0.000000e+000 0.000000e+000 5.171006e-266 3.055373e-162 
0.000000e+000 0.000000e+000 0.000000e+000 6.803426e-270 1.499241e-163 
0.000000e+000 0.000000e+000 0.000000e+000 8.951179e-274 7.356626e-165 
0.000000e+000 0.000000e+000 0.000000e+000 2.448747e-304 1.882801e-170 
0.000000e+000 0.000000e+000 0.000000e+000 7.955222e-307 1.344549e-172 
0.000000e+000 0.000000e+000 0.000000e+000 2.584406e-309 9.601714e-175 
0.000000e+000 0.000000e+000 0.000000e+000 1.763102e-312 3.895542e-176 
0.000000e+000 0.000000e+000 0.000000e+000 2.319691e-316 1.911504e-177 
0.000000e+000 0.000000e+000 0.000000e+000 3.051843e-320 9.379557e-179 
0.000000e+000 0.000000e+000 0.000000e+000 1.976263e-323 3.805410e-180 
0.000000e+000 0.000000e+000 0.000000e+000 0.000000e+000 1.543905e-181 
0.000000e+000 0.000000e+000 0.000000e+000 0.000000e+000 6.263827e-183 
0.000000e+000 0.000000e+000 0.000000e+000 0.000000e+000 2.541317e-184 
0.000000e+000 0.000000e+000 0.000000e+000 0.000000e+000 9.399781e-186 
0.000000e+000 0.000000e+000 0.000000e+000 0.000000e+000 3.476775e-187 
0.000000e+000 0.000000e+000 0.000000e+000 0.000000e+000 1.182405e-188 
0.000000e+000 0.000000e+000 0.000000e+000 0.000000e+000 5.801943e-190 
0.000000e+000 0.000000e+000 0.000000e+000 0.000000e+000 2.846955e-191 
0.000000e+000 0.000000e+000 0.000000e+000 0.000000e+000 9.682116e-193 
0.000000e+000 0.000000e+000 0.000000e+000 0.000000e+000 3.292759e-194 
0.000000e+000 0.000000e+000 0.000000e+000 0.000000e+000 6.286358e-196 
0.000000e+000 0.000000e+000 0.000000e+000 0.000000e+000 1.200157e-197 
0.000000e+000 0.000000e+000 0.000000e+000 0.000000e+000 2.291276e-199 
0.000000e+000 0.000000e+000 0.000000e+000 0.000000e+000 4.374380e-201 
0.000000e+000 0.000000e+000 0.000000e+000 0.000000e+000 1.487668e-202 
0.000000e+000 0.000000e+000 0.000000e+000 0.000000e+000 2.840176e-204 
0.000000e+000 0.000000e+000 0.000000e+000 0.000000e+000 5.422311e-206 
0.000000e+000 0.000000e+000 0.000000e+000 0.000000e+000 1.035198e-207 
0.000000e+000 0.000000e+000 0.000000e+000 0.000000e+000 1.976345e-209 
0.000000e+000 0.000000e+000 0.000000e+000 0.000000e+000 3.773131e-211 
0.000000e+000 0.000000e+000 0.000000e+000 0.000000e+000 1.283192e-212 
0.000000e+000 0.000000e+000 0.000000e+000 0.000000e+000 2.449800e-214 
0.000000e+000 0.000000e+000 0.000000e+000 0.000000e+000 4.677026e-216 
0.000000e+000 0.000000e+000 0.000000e+000 0.000000e+000 8.929126e-218 
0.000000e+000 0.000000e+000 0.000000e+000 0.000000e+000 1.704700e-219 



P(O|lamda) = 1.502089e-132

3.727130e-004 0.000000e+000 0.000000e+000 0.000000e+000 0.000000e+000 
7.877105e-092 1.863623e-007 0.000000e+000 0.000000e+000 0.000000e+000 
4.701763e-206 4.904273e-039 1.912667e-037 0.000000e+000 0.000000e+000 
2.806293e-320 1.532585e-044 1.563464e-042 2.408971e-041 0.000000e+000 
0.000000e+000 4.033121e-076 8.220790e-074 4.654608e-072 4.028775e-043 
0.000000e+000 1.061348e-107 3.909418e-105 3.216957e-074 2.020124e-044 
0.000000e+000 3.316713e-113 2.103320e-110 5.120694e-079 1.321052e-045 
0.000000e+000 8.728195e-145 9.283748e-142 3.105153e-081 6.624066e-047 
0.000000e+000 2.296894e-176 4.037042e-173 3.964092e-112 6.571635e-048 
0.000000e+000 6.044461e-208 1.740129e-204 5.060629e-143 6.519620e-049 
0.000000e+000 7.555577e-210 1.417611e-206 1.242837e-144 1.079530e-050 
0.000000e+000 1.888894e-212 8.699971e-209 2.260948e-146 3.107741e-052 
0.000000e+000 4.722235e-215 5.299040e-211 4.113078e-148 8.946534e-054 
0.000000e+000 1.180559e-217 3.217657e-213 7.482440e-150 2.575519e-055 
0.000000e+000 3.689246e-225 1.219589e-220 8.507436e-157 4.763142e-058 
0.000000e+000 1.152889e-230 6.162527e-226 1.354198e-161 3.114838e-059 
0.000000e+000 3.602780e-236 3.113028e-231 2.155587e-166 2.036936e-060 
0.000000e+000 1.125869e-243 1.179217e-238 2.450875e-173 3.767091e-063 
0.000000e+000 3.518340e-249 5.955552e-244 3.901257e-178 2.463474e-064 
0.000000e+000 1.099481e-254 3.007545e-249 6.209950e-183 1.610979e-065 
0.000000e+000 3.435878e-260 1.518723e-254 9.884884e-188 1.053493e-066 
0.000000e+000 4.295385e-264 1.533905e-257 3.598909e-190 2.412766e-068 
0.000000e+000 4.296895e-267 1.241683e-260 6.556065e-193 3.144116e-070 
0.000000e+000 1.342780e-274 4.702228e-268 7.454159e-200 5.814700e-073 
0.000000e+000 4.196186e-282 1.780722e-275 8.475281e-207 1.075365e-075 
0.000000e+000 5.573224e-287 3.686469e-280 8.030558e-211 8.179794e-077 
0.000000e+000 1.466639e-318 3.760033e-284 2.465273e-216 1.060293e-078 
0.000000e+000 0.000000e+000 3.835052e-288 7.568053e-222 1.374388e-080 
0.000000e+000 0.000000e+000 3.911567e-292 2.323290e-227 1.781528e-082 
0.000000e+000 0.000000e+000 3.950453e-295 8.458683e-230 4.080149e-084 
0.000000e+000 0.000000e+000 4.029271e-299 2.596701e-235 5.288828e-086 
0.000000e+000 0.000000e+000 4.109661e-303 7.971520e-241 6.855559e-088 
0.000000e+000 0.000000e+000 0.000000e+000 4.833874e-243 2.751538e-089 
0.000000e+000 0.000000e+000 0.000000e+000 3.664126e-247 5.865700e-090 
0.000000e+000 0.000000e+000 0.000000e+000 2.777445e-251 1.250444e-090 
0.000000e+000 0.000000e+000 0.000000e+000 4.421085e-256 8.177230e-092 
0.000000e+000 0.000000e+000 0.000000e+000 1.357213e-261 1.059960e-093 
0.000000e+000 0.000000e+000 0.000000e+000 4.166461e-267 1.373957e-095 
0.000000e+000 0.000000e+000 0.000000e+000 6.632096e-272 8.984934e-097 
0.000000e+000 0.000000e+000 0.000000e+000 1.055685e-276 5.875662e-098 
0.000000e+000 0.000000e+000 0.000000e+000 1.680420e-281 3.842365e-099 
0.000000e+000 0.000000e+000 0.000000e+000 2.674861e-286 2.512700e-100 
0.000000e+000 0.000000e+000 0.000000e+000 3.041282e-293 4.646964e-103 
0.000000e+000 0.000000e+000 0.000000e+000 3.457898e-300 8.594053e-106 
0.000000e+000 0.000000e+000 0.000000e+000 3.276452e-304 6.537088e-107 
0.000000e+000 0.000000e+000 0.000000e+000 1.005826e-309 8.473596e-109 
0.000000e+000 0.000000e+000 0.000000e+000 3.087751e-315 1.098376e-110 
0.000000e+000 0.000000e+000 0.000000e+000 2.925709e-319 8.354827e-112 
0.000000e+000 0.000000e+000 0.000000e+000 2.964394e-323 6.355120e-113 
0.000000e+000 0.000000e+000 0.000000e+000 0.000000e+000 2.920947e-114 
0.000000e+000 0.000000e+000 0.000000e+000 0.000000e+000 1.342529e-115 
0.000000e+000 0.000000e+000 0.000000e+000 0.000000e+000 6.170546e-117 
0.000000e+000 0.000000e+000 0.000000e+000 0.000000e+000 2.836113e-118 
0.000000e+000 0.000000e+000 0.000000e+000 0.000000e+000 2.157297e-119 
0.000000e+000 0.000000e+000 0.000000e+000 0.000000e+000 9.915391e-121 
0.000000e+000 0.000000e+000 0.000000e+000 0.000000e+000 4.557323e-122 
0.000000e+000 0.000000e+000 0.000000e+000 0.000000e+000 2.094642e-123 
0.000000e+000 0.000000e+000 0.000000e+000 0.000000e+000 9.627415e-125 
0.000000e+000 0.000000e+000 0.000000e+000 0.000000e+000 4.424963e-126 
0.000000e+000 0.000000e+000 0.000000e+000 0.000000e+000 3.365859e-127 
0.000000e+000 0.000000e+000 0.000000e+000 0.000000e+000 1.547020e-128 
0.000000e+000 0.000000e+000 0.000000e+000 0.000000e+000 7.110430e-130 
0.000000e+000 0.000000e+000 0.000000e+000 0.000000e+000 3.268104e-131 
0.000000e+000 0.000000e+000 0.000000e+000 0.000000e+000 1.502089e-132 



P(O|lamda) = 1.302828e-302

1.749928e-001 0.000000e+000 0.000000e+000 0.000000e+000 0.000000e+000 
3.062248e-002 3.830334e-096 0.000000e+000 0.000000e+000 0.000000e+000 
3.223420e-032 2.822471e-122 8.063864e-127 0.000000e+000 0.000000e+000 
2.122085e-034 3.175078e-127 3.528492e-128 1.058382e-132 0.000000e+000 
2.233774e-064 1.958374e-154 9.655740e-158 7.429298e-159 2.014340e-136 
2.351342e-094 3.707790e-184 4.131025e-185 6.313730e-161 5.050191e-139 
1.547967e-096 3.140540e-189 6.700250e-190 3.314708e-166 1.651276e-141 
1.629440e-126 1.429241e-216 1.225398e-219 6.629416e-169 4.139945e-144 
1.715200e-156 2.705253e-246 3.019249e-247 5.582668e-199 2.053588e-146 
1.805475e-186 3.858827e-276 8.237799e-277 4.701196e-229 1.018667e-148 
3.159581e-188 1.166945e-277 1.430794e-278 3.807977e-231 8.433634e-152 
1.579790e-190 6.050907e-280 2.608893e-280 2.284791e-233 1.213933e-154 
7.898952e-193 3.111927e-282 2.472972e-282 1.370877e-235 1.747329e-157 
3.949476e-195 1.590553e-284 1.950572e-284 8.225282e-238 2.515097e-160 
1.234211e-201 1.011390e-291 8.805789e-292 3.084481e-245 2.325699e-164 
8.125224e-204 1.181051e-296 5.667132e-297 1.619352e-250 7.604409e-167 
5.349105e-206 4.451995e-299 4.309879e-302 8.501600e-256 2.486436e-169 
1.671595e-212 2.929235e-303 4.189907e-307 3.188100e-263 2.299197e-173 
1.100467e-214 1.061152e-307 3.663639e-309 1.673753e-268 7.517754e-176 
7.244740e-217 6.027017e-310 1.509622e-313 8.787201e-274 2.458102e-178 
4.769454e-219 3.967306e-312 7.541319e-316 4.613280e-279 8.037331e-181 
5.020480e-249 1.044855e-312 9.926673e-316 5.539686e-282 9.203757e-184 
2.510240e-252 1.672355e-315 2.101812e-316 3.328382e-285 5.996785e-187 
7.844499e-259 8.399116e-323 2.470328e-323 1.248143e-292 5.545202e-191 
2.451406e-265 0.000000e+000 0.000000e+000 4.680537e-300 5.127624e-195 
4.685029e-266 0.000000e+000 0.000000e+000 1.462726e-304 1.950170e-197 
3.045269e-268 0.000000e+000 0.000000e+000 1.481010e-310 1.263938e-200 
1.979425e-270 0.000000e+000 0.000000e+000 1.499523e-316 8.191798e-204 
1.286626e-272 0.000000e+000 0.000000e+000 1.531604e-322 5.309244e-207 
1.354344e-302 0.000000e+000 0.000000e+000 0.000000e+000 6.079753e-210 
8.803235e-305 0.000000e+000 0.000000e+000 0.000000e+000 3.940391e-213 
5.722103e-307 0.000000e+000 0.000000e+000 0.000000e+000 2.553835e-216 
1.287473e-308 0.000000e+000 0.000000e+000 0.000000e+000 5.125017e-219 
2.252985e-309 0.000000e+000 0.000000e+000 0.000000e+000 5.462730e-221 
3.942562e-310 0.000000e+000 0.000000e+000 0.000000e+000 5.822697e-223 
2.595520e-312 0.000000e+000 0.000000e+000 0.000000e+000 1.903865e-225 
1.687088e-314 0.000000e+000 0.000000e+000 0.000000e+000 1.233927e-228 
1.096607e-316 0.000000e+000 0.000000e+000 0.000000e+000 7.997291e-232 
7.219337e-319 0.000000e+000 0.000000e+000 0.000000e+000 2.614898e-234 
4.752912e-321 0.000000e+000 0.000000e+000 0.000000e+000 8.550011e-237 
2.964394e-323 0.000000e+000 0.000000e+000 0.000000e+000 2.795623e-239 
0.000000e+000 0.000000e+000 0.000000e+000 0.000000e+000 9.140932e-242 
0.000000e+000 0.000000e+000 0.000000e+000 0.000000e+000 8.452580e-246 
0.000000e+000 0.000000e+000 0.000000e+000 0.000000e+000 7.816065e-250 
0.000000e+000 0.000000e+000 0.000000e+000 0.000000e+000 2.972654e-252 
0.000000e+000 0.000000e+000 0.000000e+000 0.000000e+000 1.926628e-255 
0.000000e+000 0.000000e+000 0.000000e+000 0.000000e+000 1.248680e-258 
0.000000e+000 0.000000e+000 0.000000e+000 0.000000e+000 4.749058e-261 
0.000000e+000 0.000000e+000 0.000000e+000 0.000000e+000 1.806191e-263 
0.000000e+000 0.000000e+000 0.000000e+000 0.000000e+000 4.150819e-266 
0.000000e+000 0.000000e+000 0.000000e+000 0.000000e+000 9.539021e-269 
0.000000e+000 0.000000e+000 0.000000e+000 0.000000e+000 2.192168e-271 
0.000000e+000 0.000000e+000 0.000000e+000 0.000000e+000 5.037835e-274 
0.000000e+000 0.000000e+000 0.000000e+000 0.000000e+000 1.916021e-276 
0.000000e+000 0.000000e+000 0.000000e+000 0.000000e+000 4.403218e-279 
0.000000e+000 0.000000e+000 0.000000e+000 0.000000e+000 1.011906e-281 
0.000000e+000 0.000000e+000 0.000000e+000 0.000000e+000 2.325468e-284 
0.000000e+000 0.000000e+000 0.000000e+000 0.000000e+000 5.344172e-287 
0.000000e+000 0.000000e+000 0.000000e+000 0.000000e+000 1.228147e-289 
0.000000e+000 0.000000e+000 0.000000e+000 0.000000e+000 4.670966e-292 
0.000000e+000 0.000000e+000 0.000000e+000 0.000000e+000 1.073437e-294 
0.000000e+000 0.000000e+000 0.000000e+000 0.000000e+000 2.466873e-297 
0.000000e+000 0.000000e+000 0.000000e+000 0.000000e+000 5.669136e-300 
0.000000e+000 0.000000e+000 0.000000e+000 0.000000e+000 1.302828e-302 



P(O|lamda) = 6.549430e-080

8.749639e-003 0.000000e+000 0.000000e+000 0.000000e+000 0.000000e+000 
3.827809e-006 4.156182e-004 0.000000e+000 0.000000e+000 0.000000e+000 
4.784761e-008 6.078345e-006 5.984903e-005 0.000000e+000 0.000000e+000 
5.771618e-012 7.214734e-008 2.013675e-006 8.342398e-006 0.000000e+000 
3.037695e-043 3.043556e-039 2.228313e-037 4.610076e-036 2.775890e-010 
3.797119e-045 3.660924e-041 2.802416e-039 3.984967e-037 1.186205e-011 
4.580275e-049 3.669947e-043 4.667227e-041 1.836317e-038 1.123603e-012 
5.725343e-051 4.404067e-045 5.480199e-043 1.391861e-039 4.801428e-014 
3.013340e-082 1.854402e-076 4.525223e-074 4.410554e-070 1.190856e-017 
1.585969e-113 7.808312e-108 3.556563e-105 1.396369e-100 2.953575e-021 
6.938614e-118 3.904344e-112 1.308219e-107 2.125655e-104 1.204725e-023 
8.673268e-123 3.904509e-117 1.391998e-109 2.401281e-108 3.168488e-025 
1.084158e-127 3.904715e-122 1.480543e-111 3.192575e-112 8.333286e-027 
1.355198e-132 3.904973e-127 1.574719e-113 5.519317e-115 2.191697e-028 
3.387997e-135 1.562118e-129 1.113806e-115 2.219900e-114 6.232914e-030 
4.086771e-139 1.562200e-131 1.575602e-117 1.156448e-115 5.903969e-031 
4.929667e-143 1.562203e-133 2.228865e-119 5.435305e-117 5.592385e-032 
1.232417e-145 6.248812e-136 1.576486e-121 2.482432e-118 1.590405e-033 
1.486603e-149 6.248820e-138 2.230116e-123 1.121796e-119 1.506471e-034 
1.793215e-153 6.248827e-140 3.154747e-125 5.062504e-121 1.426966e-035 
2.163066e-157 6.248835e-142 4.462740e-127 2.283673e-122 1.351657e-036 
1.138456e-188 3.124807e-148 1.580232e-129 6.871932e-124 7.715102e-038 
2.386015e-192 1.250363e-153 5.599615e-135 7.758944e-129 7.654926e-039 
5.965039e-195 5.001451e-156 3.960633e-137 3.499351e-130 2.176966e-040 
1.491260e-197 2.000581e-158 2.801374e-139 1.578235e-131 6.191021e-042 
5.372698e-200 1.062840e-165 2.538701e-146 9.268549e-138 1.193298e-042 
1.351905e-202 2.125679e-168 8.979306e-149 1.393397e-139 1.196806e-043 
3.401731e-205 4.251359e-171 3.175953e-151 2.094779e-141 1.200325e-044 
8.559607e-208 8.502717e-174 1.123325e-153 3.149209e-143 1.203854e-045 
4.505058e-239 4.251889e-180 3.977631e-156 9.475893e-145 6.871455e-047 
1.133585e-241 8.503778e-183 1.406876e-158 1.424569e-146 6.891657e-048 
2.852384e-244 1.700756e-185 4.976077e-161 2.141641e-148 6.911919e-049 
7.291406e-247 3.410015e-188 3.704846e-192 6.447358e-150 2.991996e-051 
3.189858e-250 6.820201e-191 5.115064e-194 3.029043e-156 3.442980e-053 
1.395506e-253 1.364074e-193 1.023087e-196 1.423079e-162 3.961940e-055 
1.683329e-257 1.364076e-195 2.619171e-194 6.418208e-164 3.752847e-056 
4.235675e-260 2.728152e-198 1.581232e-196 9.648882e-166 3.763880e-057 
1.065802e-262 5.456303e-201 6.902447e-199 1.450575e-167 3.774946e-058 
1.285623e-266 5.456310e-203 1.081189e-200 6.542218e-169 3.575722e-059 
1.550783e-270 5.456317e-205 1.634224e-202 2.950597e-170 3.387012e-060 
1.870632e-274 5.456323e-207 2.416553e-204 1.330745e-171 3.208261e-061 
2.256450e-278 5.456330e-209 3.523244e-206 6.001772e-173 3.038944e-062 
5.641128e-281 2.182532e-211 2.544388e-208 2.706846e-174 8.642379e-064 
1.410283e-283 8.730127e-214 1.820609e-210 1.220808e-175 2.457785e-065 
5.080952e-286 4.638016e-221 1.660636e-217 7.169478e-182 4.737295e-066 
1.278495e-288 9.276033e-224 5.895885e-220 1.077831e-183 4.751223e-067 
3.217012e-291 1.855207e-226 2.089809e-222 1.620369e-185 4.765191e-068 
1.159022e-293 9.856074e-234 1.896138e-229 9.515991e-192 9.184740e-069 
4.175712e-296 5.236193e-241 1.719557e-236 5.588485e-198 1.770326e-069 
7.230578e-299 3.305347e-249 1.330824e-244 7.876406e-206 3.594226e-070 
1.252032e-301 2.086500e-257 1.029892e-252 1.110100e-213 7.297221e-071 
2.167993e-304 1.317103e-265 7.969582e-261 1.564574e-221 1.481527e-071 
3.754052e-307 8.314214e-274 6.166766e-269 2.205109e-229 3.007888e-072 
1.352506e-309 4.417056e-281 5.589556e-276 1.295001e-235 5.797599e-073 
2.341972e-312 2.788267e-289 4.324625e-284 1.825173e-243 1.177065e-073 
4.055311e-315 1.760093e-297 3.345885e-292 2.572397e-251 2.389749e-074 
7.022091e-318 1.111059e-305 2.588610e-300 3.625535e-259 4.851818e-075 
1.215896e-320 7.013559e-314 2.002702e-308 5.109825e-267 9.850461e-076 
1.976263e-323 4.446591e-322 1.549393e-316 7.201783e-275 1.999902e-076 
0.000000e+000 0.000000e+000 1.482197e-323 4.229413e-281 3.854740e-077 
0.000000e+000 0.000000e+000 0.000000e+000 5.960931e-289 7.826133e-078 
0.000000e+000 0.000000e+000 0.000000e+000 8.401330e-297 1.588910e-078 
0.000000e+000 0.000000e+000 0.000000e+000 1.184083e-304 3.225904e-079 
0.000000e+000 0.000000e+000 0.000000e+000 1.668845e-312 6.549430e-080 



P(O|lamda) = 3.079154e-135

4.374819e-004 0.000000e+000 0.000000e+000 0.000000e+000 0.000000e+000 
1.913904e-008 9.843591e-007 0.000000e+000 0.000000e+000 0.000000e+000 
2.392380e-011 1.439608e-009 6.792078e-009 0.000000e+000 0.000000e+000 
2.885809e-016 1.708753e-012 1.867809e-011 4.686544e-011 0.000000e+000 
7.757954e-018 6.848000e-015 1.533150e-013 3.617812e-012 2.184019e-012 
9.697442e-021 8.322332e-018 1.392402e-016 4.227888e-014 3.349885e-014 
1.169754e-025 8.431442e-021 1.879580e-019 4.788239e-017 3.292625e-016 
1.462192e-028 1.011931e-023 1.709518e-022 4.536894e-019 2.353860e-018 
1.539151e-059 8.522913e-055 2.419570e-053 7.083353e-050 3.398404e-023 
1.620159e-090 7.178651e-086 2.862911e-084 1.105667e-080 4.214382e-028 
7.088196e-096 3.590237e-091 7.450680e-088 4.148070e-086 8.594958e-032 
8.860245e-102 3.591034e-097 4.506418e-091 1.279419e-091 1.130259e-034 
1.107531e-107 3.592031e-103 2.710636e-094 8.128567e-096 1.486320e-037 
1.384413e-113 3.593277e-109 1.630447e-097 4.698409e-099 1.954550e-040 
3.461035e-117 1.437934e-112 6.521789e-101 1.130223e-099 2.779249e-043 
4.174873e-122 1.438325e-115 5.217442e-104 1.704340e-102 1.316286e-045 
5.035941e-127 1.438332e-118 4.173962e-107 2.251502e-105 6.234094e-048 
1.258986e-130 5.753330e-122 1.669585e-110 2.786744e-108 8.864496e-051 
1.518651e-135 5.753339e-125 1.335670e-113 3.207965e-111 4.198334e-053 
1.831873e-140 5.753348e-128 1.068538e-116 3.652402e-114 1.988383e-055 
2.209697e-145 5.753357e-131 8.548325e-120 4.127211e-117 9.417225e-058 
2.325998e-176 2.877038e-138 1.711802e-123 3.095258e-120 3.864774e-060 
4.874903e-181 1.151220e-144 3.430398e-130 2.298060e-122 1.081905e-061 
1.218726e-184 4.604880e-148 1.372159e-133 2.550411e-125 1.538401e-064 
3.046817e-188 1.841952e-151 5.488637e-137 2.830472e-128 2.187511e-067 
1.097704e-191 9.785656e-160 2.812926e-145 4.090381e-136 6.136667e-069 
2.762098e-195 4.109976e-162 1.181436e-147 1.513184e-139 1.043921e-070 
6.950130e-199 1.726190e-164 4.962063e-150 5.597831e-143 1.775835e-072 
1.748826e-202 7.249997e-167 2.084079e-152 2.070847e-146 3.020908e-074 
1.840871e-233 3.625452e-174 4.173368e-156 1.533324e-149 1.239763e-076 
4.632091e-237 1.522690e-176 1.752825e-158 5.672347e-153 2.108985e-078 
1.165550e-240 6.395297e-179 7.361911e-161 2.098452e-156 3.587637e-080 
2.979437e-244 1.282257e-182 6.199507e-192 1.554869e-159 7.764987e-084 
1.303450e-248 2.564579e-186 5.898391e-184 1.797555e-167 1.251491e-085 
5.702356e-253 5.129286e-190 2.477331e-186 2.078120e-175 2.017040e-087 
6.878467e-258 5.129295e-193 1.986588e-189 2.306323e-178 9.552951e-090 
1.730794e-261 2.154304e-195 8.368494e-192 8.531948e-182 1.625072e-091 
4.355111e-265 9.048076e-198 3.525194e-194 3.156285e-185 2.764442e-093 
5.253353e-270 9.048090e-201 2.828485e-197 3.502885e-188 1.309274e-095 
6.336857e-275 9.048105e-204 2.271117e-200 3.887546e-191 6.200881e-098 
7.643834e-280 9.048119e-207 1.825222e-203 4.314447e-194 2.936813e-100 
9.220374e-285 9.048134e-210 1.468505e-206 4.788228e-197 1.390911e-102 
2.305094e-288 3.619253e-213 5.915639e-210 5.314024e-200 1.977789e-105 
5.762738e-292 1.447701e-216 2.382904e-213 5.897559e-203 2.812294e-108 
2.076194e-295 7.691139e-225 1.229771e-221 8.522700e-211 7.889380e-110 
5.224222e-299 3.230279e-227 5.202218e-224 3.152864e-214 1.342078e-111 
1.314545e-302 1.356717e-229 2.200547e-226 1.166362e-217 2.283036e-113 
4.736029e-306 7.207771e-238 1.135776e-234 1.685536e-225 6.404645e-115 
1.706292e-309 3.829241e-246 5.863335e-243 2.435808e-233 1.796707e-116 
2.954581e-313 2.417208e-255 2.584475e-252 8.447763e-243 1.121262e-117 
5.116093e-317 1.525863e-264 1.142869e-261 2.929817e-252 6.997409e-119 
8.858597e-321 9.632008e-274 5.076824e-271 1.016107e-261 4.366839e-120 
0.000000e+000 6.080205e-283 2.269571e-280 3.524017e-271 2.725192e-121 
0.000000e+000 3.230204e-291 1.198991e-288 5.092639e-279 7.645034e-123 
0.000000e+000 2.039066e-300 5.408103e-298 1.766207e-288 4.771000e-124 
0.000000e+000 1.287160e-309 2.468636e-307 6.125484e-298 2.977415e-125 
0.000000e+000 8.125206e-319 1.144788e-316 2.124414e-307 1.858101e-126 
0.000000e+000 0.000000e+000 0.000000e+000 7.367801e-317 1.159576e-127 
0.000000e+000 0.000000e+000 0.000000e+000 0.000000e+000 7.236511e-129 
0.000000e+000 0.000000e+000 0.000000e+000 0.000000e+000 2.030072e-130 
0.000000e+000 0.000000e+000 0.000000e+000 0.000000e+000 1.266897e-131 
0.000000e+000 0.000000e+000 0.000000e+000 0.000000e+000 7.906266e-133 
0.000000e+000 0.000000e+000 0.000000e+000 0.000000e+000 4.934026e-134 
0.000000e+000 0.000000e+000 0.000000e+000 0.000000e+000 3.079154e-135 



P(O|lamda) = 1.156597e-095

2.187410e-005 0.000000e+000 0.000000e+000 0.000000e+000 0.000000e+000 
9.649588e-093 2.734330e-009 0.000000e+000 0.000000e+000 0.000000e+000 
9.851951e-177 3.460031e-012 2.676150e-010 0.000000e+000 0.000000e+000 
2.980432e-260 8.681183e-015 1.511996e-012 6.533343e-011 0.000000e+000 
0.000000e+000 5.411429e-019 1.154123e-016 7.782619e-014 5.627758e-013 
0.000000e+000 6.847641e-022 3.418118e-019 2.176968e-015 2.292785e-014 
0.000000e+000 1.718066e-024 1.383162e-021 7.435473e-017 1.022403e-015 
0.000000e+000 2.174047e-027 3.629869e-024 2.058299e-018 3.954622e-017 
0.000000e+000 5.706088e-059 9.750236e-056 2.952354e-049 6.195021e-019 
0.000000e+000 1.497642e-090 2.617651e-087 4.234712e-080 9.287154e-021 
0.000000e+000 3.734346e-093 8.424533e-093 2.885248e-082 1.173078e-022 
0.000000e+000 2.327816e-095 7.717059e-094 3.931560e-084 3.454029e-024 
0.000000e+000 1.451051e-097 8.403664e-096 5.357310e-086 1.017009e-025 
0.000000e+000 9.045169e-100 7.033685e-098 7.300097e-088 2.994498e-027 
0.000000e+000 1.133302e-102 6.589367e-103 3.730249e-092 6.201895e-030 
0.000000e+000 2.843444e-105 1.687819e-103 1.272644e-093 2.555947e-031 
0.000000e+000 7.134171e-108 1.050635e-105 4.341859e-095 1.053366e-032 
0.000000e+000 8.938663e-111 8.288220e-111 2.218630e-099 2.181622e-035 
0.000000e+000 2.242702e-113 1.342828e-111 7.569267e-101 8.990979e-037 
0.000000e+000 5.626915e-116 8.330171e-114 2.582395e-102 3.705394e-038 
0.000000e+000 1.411787e-118 3.951695e-116 8.810319e-104 1.527080e-039 
0.000000e+000 1.760081e-121 5.628938e-119 3.003553e-108 6.829049e-042 
0.000000e+000 1.097535e-129 1.972834e-127 1.023221e-111 6.894082e-044 
0.000000e+000 1.375141e-132 1.497311e-132 5.228521e-116 1.427831e-046 
0.000000e+000 1.722965e-135 3.445468e-136 2.671702e-120 2.957177e-049 
0.000000e+000 1.426465e-145 5.408781e-144 1.777679e-129 4.524641e-050 
0.000000e+000 9.336484e-150 7.191299e-148 3.027904e-134 5.362495e-052 
0.000000e+000 6.110907e-154 7.096604e-152 5.157399e-139 6.355501e-054 
0.000000e+000 3.999705e-158 6.209016e-156 8.784548e-144 7.532387e-056 
0.000000e+000 4.986447e-161 9.715045e-159 2.994768e-148 3.368458e-058 
0.000000e+000 3.263725e-165 7.635034e-163 5.100958e-153 3.992215e-060 
0.000000e+000 2.136170e-169 5.832677e-167 8.688413e-158 4.731478e-062 
0.000000e+000 1.065935e-171 4.156535e-169 1.778827e-159 6.940477e-064 
0.000000e+000 3.322344e-177 2.850826e-173 9.468531e-169 8.136176e-065 
0.000000e+000 1.035520e-182 1.785168e-177 5.041097e-178 9.537868e-066 
0.000000e+000 2.598109e-185 6.700499e-180 4.530156e-178 3.930780e-067 
0.000000e+000 1.700512e-189 4.386296e-184 8.532850e-183 4.658666e-069 
0.000000e+000 1.113017e-193 2.871367e-188 1.988009e-187 5.521339e-071 
0.000000e+000 2.792549e-196 1.077666e-190 1.379239e-188 2.275473e-072 
0.000000e+000 7.006477e-199 4.044433e-193 4.968622e-190 9.377761e-074 
0.000000e+000 1.757918e-201 1.517807e-195 1.705011e-191 3.864796e-075 
0.000000e+000 4.410598e-204 5.695944e-198 5.820665e-193 1.592773e-076 
0.000000e+000 5.526200e-207 3.550683e-203 2.974488e-197 3.298788e-079 
0.000000e+000 6.923977e-210 2.226794e-208 1.519936e-201 6.832109e-082 
0.000000e+000 5.732451e-220 3.941009e-218 1.011326e-210 1.045350e-082 
0.000000e+000 3.751999e-224 4.046738e-222 1.722581e-215 1.238923e-084 
0.000000e+000 2.455755e-228 3.609031e-226 2.934061e-220 1.468342e-086 
0.000000e+000 2.033151e-238 3.649417e-236 1.952263e-229 2.246643e-087 
0.000000e+000 1.683272e-248 3.549683e-246 1.298986e-238 3.437485e-088 
0.000000e+000 2.098541e-251 5.246051e-249 8.850185e-241 1.221293e-088 
0.000000e+000 2.616257e-254 7.563375e-252 6.029764e-243 4.339092e-089 
0.000000e+000 3.261695e-257 1.070479e-254 4.108169e-245 1.541622e-089 
0.000000e+000 4.066366e-260 1.493588e-257 2.798957e-247 5.477180e-090 
0.000000e+000 3.366597e-270 1.319886e-267 1.862351e-256 8.380382e-091 
0.000000e+000 4.197147e-273 1.809638e-270 1.268848e-258 2.977439e-091 
0.000000e+000 5.232595e-276 2.460706e-273 8.644851e-261 1.057845e-091 
0.000000e+000 6.523492e-279 3.322876e-276 5.889867e-263 3.758383e-092 
0.000000e+000 8.132857e-282 4.460681e-279 4.012855e-265 1.335304e-092 
0.000000e+000 1.013926e-284 5.957649e-282 2.734018e-267 4.744158e-093 
0.000000e+000 8.394423e-295 5.074865e-292 1.819143e-276 7.258818e-094 
0.000000e+000 1.046535e-297 6.736105e-295 1.239409e-278 2.578962e-094 
0.000000e+000 1.304719e-300 8.908143e-298 8.444281e-281 9.162713e-095 
0.000000e+000 1.626597e-303 1.174190e-300 5.753215e-283 3.255391e-095 
0.000000e+000 2.027883e-306 1.543168e-303 3.919752e-285 1.156597e-095 



Max probability = 6.549430e-080

Utterance recognised as 7