14	14	14	14	26	26	10	14	14	14	14	15	12	10	12	14	12	
Iteraion 1
-----------------

P(O|lamda) = 2.584939e-026

3.125000e-002 0.000000e+000 0.000000e+000 0.000000e+000 0.000000e+000 
7.812500e-004 1.953125e-004 0.000000e+000 0.000000e+000 0.000000e+000 
1.953125e-005 9.765625e-006 1.220703e-006 0.000000e+000 0.000000e+000 
4.882813e-007 3.662109e-007 9.155273e-008 7.629395e-009 0.000000e+000 
1.220703e-008 1.220703e-008 4.577637e-009 7.629395e-010 4.768372e-011 
3.051758e-010 3.814697e-010 1.907349e-010 4.768372e-011 6.258488e-012 
7.629395e-012 1.144409e-011 7.152557e-012 2.384186e-012 4.936010e-013 
1.907349e-013 3.337860e-013 2.503395e-013 1.043081e-013 3.032619e-014 
4.768372e-015 9.536743e-015 8.344650e-015 4.172325e-015 1.599619e-015 
1.192093e-016 2.682209e-016 2.682209e-016 1.564622e-016 7.606513e-017 
2.980232e-018 7.450581e-018 8.381903e-018 5.587935e-018 3.354924e-018 
7.450581e-020 2.048910e-019 2.561137e-019 1.920853e-019 1.397660e-019 
1.862645e-021 5.587935e-021 7.683411e-021 6.402843e-021 5.568220e-021 
4.656613e-023 1.513399e-022 2.270099e-022 2.080924e-022 2.140246e-022 
1.164153e-024 4.074536e-024 6.621121e-024 6.621121e-024 7.988847e-024 
2.910383e-026 1.091394e-025 1.909939e-025 2.069100e-025 2.910335e-025 
7.275958e-028 2.910383e-027 5.456968e-027 6.366463e-027 1.038798e-026 


8.271806e-025 8.271806e-025 8.271806e-025 8.271806e-025 8.271806e-025 
2.646978e-023 2.646978e-023 2.646978e-023 2.646978e-023 2.646978e-023 
8.470329e-022 8.470329e-022 8.470329e-022 8.470329e-022 8.470329e-022 
2.710505e-020 2.710505e-020 2.710505e-020 2.710505e-020 2.710505e-020 
8.673617e-019 8.673617e-019 8.673617e-019 8.673617e-019 8.673617e-019 
2.775558e-017 2.775558e-017 2.775558e-017 2.775558e-017 2.775558e-017 
8.881784e-016 8.881784e-016 8.881784e-016 8.881784e-016 8.881784e-016 
2.842171e-014 2.842171e-014 2.842171e-014 2.842171e-014 2.842171e-014 
9.094947e-013 9.094947e-013 9.094947e-013 9.094947e-013 9.094947e-013 
2.910383e-011 2.910383e-011 2.910383e-011 2.910383e-011 2.910383e-011 
9.313226e-010 9.313226e-010 9.313226e-010 9.313226e-010 9.313226e-010 
2.980232e-008 2.980232e-008 2.980232e-008 2.980232e-008 2.980232e-008 
9.536743e-007 9.536743e-007 9.536743e-007 9.536743e-007 9.536743e-007 
3.051758e-005 3.051758e-005 3.051758e-005 3.051758e-005 3.051758e-005 
9.765625e-004 9.765625e-004 9.765625e-004 9.765625e-004 9.765625e-004 
3.125000e-002 3.125000e-002 3.125000e-002 3.125000e-002 3.125000e-002 
1.000000e+000 1.000000e+000 1.000000e+000 1.000000e+000 1.000000e+000 


1.000000e+000 0.000000e+000 0.000000e+000 0.000000e+000 0.000000e+000 
8.000000e-001 2.000000e-001 0.000000e+000 0.000000e+000 0.000000e+000 
6.400000e-001 3.200000e-001 4.000000e-002 0.000000e+000 0.000000e+000 
5.120000e-001 3.840000e-001 9.600000e-002 8.000000e-003 0.000000e+000 
4.096000e-001 4.096000e-001 1.536000e-001 2.560000e-002 1.600000e-003 
3.276800e-001 4.096000e-001 2.048000e-001 5.120000e-002 6.720000e-003 
2.621440e-001 3.932160e-001 2.457600e-001 8.192000e-002 1.696000e-002 
2.097152e-001 3.670016e-001 2.752512e-001 1.146880e-001 3.334400e-002 
1.677722e-001 3.355443e-001 2.936013e-001 1.468006e-001 5.628160e-002 
1.342177e-001 3.019899e-001 3.019899e-001 1.761608e-001 8.564173e-002 
1.073742e-001 2.684355e-001 3.019899e-001 2.013266e-001 1.208739e-001 
8.589935e-002 2.362232e-001 2.952790e-001 2.214593e-001 1.611392e-001 
6.871948e-002 2.061584e-001 2.834678e-001 2.362232e-001 2.054311e-001 
5.497558e-002 1.786706e-001 2.680060e-001 2.456721e-001 2.526757e-001 
4.398047e-002 1.539316e-001 2.501389e-001 2.501389e-001 3.018101e-001 
3.518437e-002 1.319414e-001 2.308974e-001 2.501389e-001 3.518379e-001 
2.814750e-002 1.125900e-001 2.111062e-001 2.462906e-001 4.018657e-001 



Q star

------------
1  1  1  1  1  1  1  1  1  1  1  1  1  1  1  1  1  
------------

P star

-----------
7.275958e-028

A Martrix

8.000000e-001 2.000000e-001 0.000000e+000 0.000000e+000 0.000000e+000 
0.000000e+000 8.000000e-001 2.000000e-001 0.000000e+000 0.000000e+000 
0.000000e+000 0.000000e+000 8.000000e-001 2.000000e-001 0.000000e+000 
0.000000e+000 0.000000e+000 0.000000e+000 8.000000e-001 2.000000e-001 
0.000000e+000 0.000000e+000 0.000000e+000 0.000000e+000 1.000000e+000 

B Martrix

1.000000e-030 1.000000e-030 1.000000e-030 1.000000e-030 1.000000e-030 1.000000e-030 1.000000e-030 1.000000e-030 1.000000e-030 6.488500e-002 1.000000e-030 2.881842e-002 1.000000e-030 7.378680e-001 1.757564e-002 1.000000e-030 1.000000e-030 1.000000e-030 1.000000e-030 1.000000e-030 1.000000e-030 1.000000e-030 1.000000e-030 1.000000e-030 1.000000e-030 1.508529e-001 1.000000e-030 1.000000e-030 1.000000e-030 1.000000e-030 1.000000e-030 1.000000e-030 
1.000000e+000 1.000000e-030 1.000000e-030 1.000000e-030 1.000000e-030 1.000000e-030 1.000000e-030 1.000000e-030 1.000000e-030 1.000000e-030 1.000000e-030 1.000000e-030 1.000000e-030 1.000000e-030 1.000000e-030 1.000000e-030 1.000000e-030 1.000000e-030 1.000000e-030 1.000000e-030 1.000000e-030 1.000000e-030 1.000000e-030 1.000000e-030 1.000000e-030 1.000000e-030 1.000000e-030 1.000000e-030 1.000000e-030 1.000000e-030 1.000000e-030 1.000000e-030 
1.000000e+000 1.000000e-030 1.000000e-030 1.000000e-030 1.000000e-030 1.000000e-030 1.000000e-030 1.000000e-030 1.000000e-030 1.000000e-030 1.000000e-030 1.000000e-030 1.000000e-030 1.000000e-030 1.000000e-030 1.000000e-030 1.000000e-030 1.000000e-030 1.000000e-030 1.000000e-030 1.000000e-030 1.000000e-030 1.000000e-030 1.000000e-030 1.000000e-030 1.000000e-030 1.000000e-030 1.000000e-030 1.000000e-030 1.000000e-030 1.000000e-030 1.000000e-030 
1.000000e+000 1.000000e-030 1.000000e-030 1.000000e-030 1.000000e-030 1.000000e-030 1.000000e-030 1.000000e-030 1.000000e-030 1.000000e-030 1.000000e-030 1.000000e-030 1.000000e-030 1.000000e-030 1.000000e-030 1.000000e-030 1.000000e-030 1.000000e-030 1.000000e-030 1.000000e-030 1.000000e-030 1.000000e-030 1.000000e-030 1.000000e-030 1.000000e-030 1.000000e-030 1.000000e-030 1.000000e-030 1.000000e-030 1.000000e-030 1.000000e-030 1.000000e-030 
1.000000e+000 1.000000e-030 1.000000e-030 1.000000e-030 1.000000e-030 1.000000e-030 1.000000e-030 1.000000e-030 1.000000e-030 1.000000e-030 1.000000e-030 1.000000e-030 1.000000e-030 1.000000e-030 1.000000e-030 1.000000e-030 1.000000e-030 1.000000e-030 1.000000e-030 1.000000e-030 1.000000e-030 1.000000e-030 1.000000e-030 1.000000e-030 1.000000e-030 1.000000e-030 1.000000e-030 1.000000e-030 1.000000e-030 1.000000e-030 1.000000e-030 1.000000e-030 
Iteraion 2
-----------------

P(O|lamda) = 7.354712e-014

7.378680e-001 0.000000e+000 0.000000e+000 0.000000e+000 0.000000e+000 
4.355594e-001 1.475736e-031 0.000000e+000 0.000000e+000 0.000000e+000 
2.571083e-001 8.711188e-032 2.951472e-062 0.000000e+000 0.000000e+000 
1.517696e-001 5.142166e-032 1.742238e-062 5.902944e-093 0.000000e+000 
1.831591e-002 3.035392e-032 1.028433e-062 3.484475e-093 1.180589e-123 
2.210406e-003 3.663181e-033 6.070784e-063 2.056866e-093 6.968950e-124 
1.147378e-004 4.420812e-034 7.326363e-064 1.214157e-093 4.113733e-124 
6.772906e-005 2.294755e-035 8.841625e-065 1.465273e-094 2.428313e-124 
3.998009e-005 1.354581e-035 4.589510e-066 1.768325e-095 2.930545e-125 
2.360002e-005 7.996017e-036 2.709162e-066 9.179021e-097 3.536650e-126 
1.393096e-005 4.720005e-036 1.599203e-066 5.418325e-097 1.835804e-127 
1.958764e-007 2.786192e-036 9.440009e-067 3.198407e-097 1.083665e-127 
4.515880e-009 3.917529e-038 5.572385e-067 1.888002e-097 6.396814e-128 
2.344103e-010 9.031759e-040 7.835057e-069 1.114477e-097 3.776004e-128 
5.404267e-012 4.688205e-041 1.806352e-070 1.567011e-099 2.228954e-128 
3.190109e-012 1.080853e-042 9.376411e-072 3.612704e-101 3.134023e-130 
7.354712e-014 6.380217e-043 2.161707e-073 1.875282e-102 7.225407e-132 


9.967516e-014 0.000000e+000 0.000000e+000 0.000000e+000 0.000000e+000 
1.688567e-013 0.000000e+000 0.000000e+000 0.000000e+000 0.000000e+000 
2.860550e-013 0.000000e+000 0.000000e+000 0.000000e+000 0.000000e+000 
4.845972e-013 0.000000e+000 0.000000e+000 0.000000e+000 0.000000e+000 
4.015478e-012 0.000000e+000 0.000000e+000 0.000000e+000 0.000000e+000 
3.327312e-011 0.000000e+000 0.000000e+000 0.000000e+000 0.000000e+000 
6.410019e-010 1.000000e-300 1.000000e-300 1.000000e-300 1.000000e-300 
1.085902e-009 1.000000e-270 1.000000e-270 1.000000e-270 1.000000e-270 
1.839594e-009 1.000000e-240 1.000000e-240 1.000000e-240 1.000000e-240 
3.116400e-009 1.000000e-210 1.000000e-210 1.000000e-210 1.000000e-210 
5.279400e-009 1.000000e-180 1.000000e-180 1.000000e-180 1.000000e-180 
3.754771e-007 1.000000e-150 1.000000e-150 1.000000e-150 1.000000e-150 
1.628633e-005 1.000000e-120 1.000000e-120 1.000000e-120 1.000000e-120 
3.137538e-004 1.000000e-090 1.000000e-090 1.000000e-090 1.000000e-090 
1.360908e-002 1.000000e-060 1.000000e-060 1.000000e-060 1.000000e-060 
2.305474e-002 1.000000e-030 1.000000e-030 1.000000e-030 1.000000e-030 
1.000000e+000 1.000000e+000 1.000000e+000 1.000000e+000 1.000000e+000 


1.000000e+000 0.000000e+000 0.000000e+000 0.000000e+000 0.000000e+000 
1.000000e+000 0.000000e+000 0.000000e+000 0.000000e+000 0.000000e+000 
1.000000e+000 0.000000e+000 0.000000e+000 0.000000e+000 0.000000e+000 
1.000000e+000 0.000000e+000 0.000000e+000 0.000000e+000 0.000000e+000 
1.000000e+000 0.000000e+000 0.000000e+000 0.000000e+000 0.000000e+000 
1.000000e+000 0.000000e+000 0.000000e+000 0.000000e+000 0.000000e+000 
1.000000e+000 6.012779e-321 0.000000e+000 0.000000e+000 0.000000e+000 
1.000000e+000 3.120116e-292 1.200580e-321 0.000000e+000 0.000000e+000 
1.000000e+000 1.841787e-262 6.240232e-293 2.420922e-322 0.000000e+000 
1.000000e+000 1.087197e-232 3.683574e-263 1.248046e-293 4.940656e-323 
1.000000e+000 6.417661e-203 2.174393e-233 7.367148e-264 2.496093e-294 
1.000000e+000 3.788310e-173 1.283532e-203 4.348786e-234 1.473430e-264 
1.000000e+000 5.326556e-145 7.576619e-174 2.567064e-204 8.697573e-235 
1.000000e+000 1.228024e-116 1.065311e-145 1.515324e-174 5.134129e-205 
1.000000e+000 6.374424e-088 2.456047e-117 2.130623e-146 3.030648e-175 
1.000000e+000 1.469607e-059 1.274885e-088 4.912094e-118 4.261245e-147 
1.000000e+000 8.675007e-030 2.939214e-060 2.549770e-089 9.824188e-119 



Q star

------------
1  1  1  1  1  1  1  1  1  1  1  1  1  1  1  1  1  
------------

P star

-----------
7.354712e-014

A Martrix

1.000000e+000 5.421879e-031 0.000000e+000 0.000000e+000 0.000000e+000 
0.000000e+000 8.000000e-001 2.000000e-001 0.000000e+000 0.000000e+000 
0.000000e+000 0.000000e+000 8.000000e-001 2.000000e-001 0.000000e+000 
0.000000e+000 0.000000e+000 0.000000e+000 8.000000e-001 2.000000e-001 
0.000000e+000 0.000000e+000 0.000000e+000 0.000000e+000 1.000000e+000 

B Martrix

1.000000e-030 1.000000e-030 1.000000e-030 1.000000e-030 1.000000e-030 1.000000e-030 1.000000e-030 1.000000e-030 1.000000e-030 1.176471e-001 1.000000e-030 1.764706e-001 1.000000e-030 5.294118e-001 5.882353e-002 1.000000e-030 1.000000e-030 1.000000e-030 1.000000e-030 1.000000e-030 1.000000e-030 1.000000e-030 1.000000e-030 1.000000e-030 1.000000e-030 1.176471e-001 1.000000e-030 1.000000e-030 1.000000e-030 1.000000e-030 1.000000e-030 1.000000e-030 
1.000000e+000 1.000000e-030 1.000000e-030 1.000000e-030 1.000000e-030 1.000000e-030 1.000000e-030 1.000000e-030 1.000000e-030 1.000000e-030 1.000000e-030 1.000000e-030 1.000000e-030 1.000000e-030 1.000000e-030 1.000000e-030 1.000000e-030 1.000000e-030 1.000000e-030 1.000000e-030 1.000000e-030 1.000000e-030 1.000000e-030 1.000000e-030 1.000000e-030 1.000000e-030 1.000000e-030 1.000000e-030 1.000000e-030 1.000000e-030 1.000000e-030 1.000000e-030 
1.000000e+000 1.000000e-030 1.000000e-030 1.000000e-030 1.000000e-030 1.000000e-030 1.000000e-030 1.000000e-030 1.000000e-030 1.000000e-030 1.000000e-030 1.000000e-030 1.000000e-030 1.000000e-030 1.000000e-030 1.000000e-030 1.000000e-030 1.000000e-030 1.000000e-030 1.000000e-030 1.000000e-030 1.000000e-030 1.000000e-030 1.000000e-030 1.000000e-030 1.000000e-030 1.000000e-030 1.000000e-030 1.000000e-030 1.000000e-030 1.000000e-030 1.000000e-030 
1.000000e+000 1.000000e-030 1.000000e-030 1.000000e-030 1.000000e-030 1.000000e-030 1.000000e-030 1.000000e-030 1.000000e-030 1.000000e-030 1.000000e-030 1.000000e-030 1.000000e-030 1.000000e-030 1.000000e-030 1.000000e-030 1.000000e-030 1.000000e-030 1.000000e-030 1.000000e-030 1.000000e-030 1.000000e-030 1.000000e-030 1.000000e-030 1.000000e-030 1.000000e-030 1.000000e-030 1.000000e-030 1.000000e-030 1.000000e-030 1.000000e-030 1.000000e-030 
1.000000e+000 1.000000e-030 1.000000e-030 1.000000e-030 1.000000e-030 1.000000e-030 1.000000e-030 1.000000e-030 1.000000e-030 1.000000e-030 1.000000e-030 1.000000e-030 1.000000e-030 1.000000e-030 1.000000e-030 1.000000e-030 1.000000e-030 1.000000e-030 1.000000e-030 1.000000e-030 1.000000e-030 1.000000e-030 1.000000e-030 1.000000e-030 1.000000e-030 1.000000e-030 1.000000e-030 1.000000e-030 1.000000e-030 1.000000e-030 1.000000e-030 1.000000e-030 
Iteraion 3
-----------------

P(O|lamda) = 2.023181e-010

5.294118e-001 0.000000e+000 0.000000e+000 0.000000e+000 0.000000e+000 
2.802768e-001 2.870407e-061 0.000000e+000 0.000000e+000 0.000000e+000 
1.483818e-001 1.519627e-061 5.740813e-092 0.000000e+000 0.000000e+000 
7.855509e-002 8.045084e-062 3.039254e-092 1.148163e-122 0.000000e+000 
9.241776e-003 4.259162e-062 1.609017e-092 6.078508e-123 2.296325e-153 
1.087268e-003 5.010779e-063 8.518325e-093 3.218034e-123 1.215702e-153 
1.279139e-004 5.895034e-064 1.002156e-093 1.703665e-123 6.436068e-154 
6.771910e-005 6.935335e-065 1.179007e-094 2.004312e-124 3.407330e-154 
3.585129e-005 3.671648e-065 1.387067e-095 2.358014e-125 4.008623e-155 
1.898009e-005 1.943814e-065 7.343295e-096 2.774134e-126 4.716028e-156 
1.004828e-005 1.029078e-065 3.887627e-096 1.468659e-126 5.548268e-157 
5.910756e-007 5.448059e-066 2.058155e-096 7.775254e-127 2.937318e-157 
1.043075e-007 3.204740e-067 1.089612e-096 4.116311e-127 1.555051e-157 
1.227147e-008 5.655424e-068 6.409481e-098 2.179223e-127 8.232622e-158 
2.165553e-009 6.653440e-069 1.131085e-098 1.281896e-128 4.358447e-158 
1.146469e-009 1.174137e-069 1.330688e-099 2.262170e-129 2.563792e-159 
2.023181e-010 6.216017e-070 2.348273e-100 2.661376e-130 4.524339e-160 


3.821563e-010 0.000000e+000 0.000000e+000 0.000000e+000 0.000000e+000 
7.218509e-010 0.000000e+000 0.000000e+000 0.000000e+000 0.000000e+000 
1.363496e-009 0.000000e+000 0.000000e+000 0.000000e+000 0.000000e+000 
2.575493e-009 0.000000e+000 0.000000e+000 0.000000e+000 0.000000e+000 
2.189169e-008 0.000000e+000 0.000000e+000 0.000000e+000 0.000000e+000 
1.860793e-007 0.000000e+000 0.000000e+000 0.000000e+000 0.000000e+000 
1.581674e-006 1.000000e-300 1.000000e-300 1.000000e-300 1.000000e-300 
2.987607e-006 1.000000e-270 1.000000e-270 1.000000e-270 1.000000e-270 
5.643258e-006 1.000000e-240 1.000000e-240 1.000000e-240 1.000000e-240 
1.065949e-005 1.000000e-210 1.000000e-210 1.000000e-210 1.000000e-210 
2.013459e-005 1.000000e-180 1.000000e-180 1.000000e-180 1.000000e-180 
3.422880e-004 1.000000e-150 1.000000e-150 1.000000e-150 1.000000e-150 
1.939632e-003 1.000000e-120 1.000000e-120 1.000000e-120 1.000000e-120 
1.648687e-002 1.000000e-090 1.000000e-090 1.000000e-090 1.000000e-090 
9.342561e-002 1.000000e-060 1.000000e-060 1.000000e-060 1.000000e-060 
1.764706e-001 1.000000e-030 1.000000e-030 1.000000e-030 1.000000e-030 
1.000000e+000 1.000000e+000 1.000000e+000 1.000000e+000 1.000000e+000 


1.000000e+000 0.000000e+000 0.000000e+000 0.000000e+000 0.000000e+000 
1.000000e+000 0.000000e+000 0.000000e+000 0.000000e+000 0.000000e+000 
1.000000e+000 0.000000e+000 0.000000e+000 0.000000e+000 0.000000e+000 
1.000000e+000 0.000000e+000 0.000000e+000 0.000000e+000 0.000000e+000 
1.000000e+000 0.000000e+000 0.000000e+000 0.000000e+000 0.000000e+000 
1.000000e+000 0.000000e+000 0.000000e+000 0.000000e+000 0.000000e+000 
1.000000e+000 0.000000e+000 0.000000e+000 0.000000e+000 0.000000e+000 
1.000000e+000 0.000000e+000 0.000000e+000 0.000000e+000 0.000000e+000 
1.000000e+000 1.814790e-295 0.000000e+000 0.000000e+000 0.000000e+000 
1.000000e+000 9.607711e-266 3.629580e-296 0.000000e+000 0.000000e+000 
1.000000e+000 5.086435e-236 1.921542e-266 7.259159e-297 0.000000e+000 
1.000000e+000 2.692819e-206 1.017287e-236 3.843084e-267 1.451832e-297 
1.000000e+000 1.584011e-177 5.385637e-207 2.034574e-237 7.686169e-268 
1.000000e+000 2.795313e-148 3.168022e-178 1.077127e-207 4.069148e-238 
1.000000e+000 3.288604e-119 5.590627e-149 6.336044e-179 2.154255e-208 
1.000000e+000 5.803419e-090 6.577208e-120 1.118125e-149 1.267209e-179 
1.000000e+000 3.072398e-060 1.160684e-090 1.315442e-120 2.236251e-150 



Q star

------------
1  1  1  1  1  1  1  1  1  1  1  1  1  1  1  1  1  
------------

P star

-----------
2.023181e-010

A Martrix

1.000000e+000 1.920249e-061 0.000000e+000 0.000000e+000 0.000000e+000 
0.000000e+000 8.000000e-001 2.000000e-001 0.000000e+000 0.000000e+000 
0.000000e+000 0.000000e+000 8.000000e-001 2.000000e-001 0.000000e+000 
0.000000e+000 0.000000e+000 0.000000e+000 8.000000e-001 2.000000e-001 
0.000000e+000 0.000000e+000 0.000000e+000 0.000000e+000 1.000000e+000 

B Martrix

1.000000e-030 1.000000e-030 1.000000e-030 1.000000e-030 1.000000e-030 1.000000e-030 1.000000e-030 1.000000e-030 1.000000e-030 1.176471e-001 1.000000e-030 1.764706e-001 1.000000e-030 5.294118e-001 5.882353e-002 1.000000e-030 1.000000e-030 1.000000e-030 1.000000e-030 1.000000e-030 1.000000e-030 1.000000e-030 1.000000e-030 1.000000e-030 1.000000e-030 1.176471e-001 1.000000e-030 1.000000e-030 1.000000e-030 1.000000e-030 1.000000e-030 1.000000e-030 
1.000000e+000 1.000000e-030 1.000000e-030 1.000000e-030 1.000000e-030 1.000000e-030 1.000000e-030 1.000000e-030 1.000000e-030 1.000000e-030 1.000000e-030 1.000000e-030 1.000000e-030 1.000000e-030 1.000000e-030 1.000000e-030 1.000000e-030 1.000000e-030 1.000000e-030 1.000000e-030 1.000000e-030 1.000000e-030 1.000000e-030 1.000000e-030 1.000000e-030 1.000000e-030 1.000000e-030 1.000000e-030 1.000000e-030 1.000000e-030 1.000000e-030 1.000000e-030 
1.000000e+000 1.000000e-030 1.000000e-030 1.000000e-030 1.000000e-030 1.000000e-030 1.000000e-030 1.000000e-030 1.000000e-030 1.000000e-030 1.000000e-030 1.000000e-030 1.000000e-030 1.000000e-030 1.000000e-030 1.000000e-030 1.000000e-030 1.000000e-030 1.000000e-030 1.000000e-030 1.000000e-030 1.000000e-030 1.000000e-030 1.000000e-030 1.000000e-030 1.000000e-030 1.000000e-030 1.000000e-030 1.000000e-030 1.000000e-030 1.000000e-030 1.000000e-030 
1.000000e+000 1.000000e-030 1.000000e-030 1.000000e-030 1.000000e-030 1.000000e-030 1.000000e-030 1.000000e-030 1.000000e-030 1.000000e-030 1.000000e-030 1.000000e-030 1.000000e-030 1.000000e-030 1.000000e-030 1.000000e-030 1.000000e-030 1.000000e-030 1.000000e-030 1.000000e-030 1.000000e-030 1.000000e-030 1.000000e-030 1.000000e-030 1.000000e-030 1.000000e-030 1.000000e-030 1.000000e-030 1.000000e-030 1.000000e-030 1.000000e-030 1.000000e-030 
1.000000e+000 1.000000e-030 1.000000e-030 1.000000e-030 1.000000e-030 1.000000e-030 1.000000e-030 1.000000e-030 1.000000e-030 1.000000e-030 1.000000e-030 1.000000e-030 1.000000e-030 1.000000e-030 1.000000e-030 1.000000e-030 1.000000e-030 1.000000e-030 1.000000e-030 1.000000e-030 1.000000e-030 1.000000e-030 1.000000e-030 1.000000e-030 1.000000e-030 1.000000e-030 1.000000e-030 1.000000e-030 1.000000e-030 1.000000e-030 1.000000e-030 1.000000e-030 
Iteraion 4
-----------------

P(O|lamda) = 2.023181e-010

5.294118e-001 0.000000e+000 0.000000e+000 0.000000e+000 0.000000e+000 
2.802768e-001 1.016602e-091 0.000000e+000 0.000000e+000 0.000000e+000 
1.483818e-001 5.382013e-092 2.033205e-122 0.000000e+000 0.000000e+000 
7.855509e-002 2.849301e-092 1.076403e-122 4.066409e-153 0.000000e+000 
9.241776e-003 1.508453e-092 5.698601e-123 2.152805e-153 8.132819e-184 
1.087268e-003 1.774651e-093 3.016907e-123 1.139720e-153 4.305610e-184 
1.279139e-004 2.087825e-094 3.549302e-124 6.033813e-154 2.279441e-184 
6.771910e-005 2.456264e-095 4.175649e-125 7.098604e-155 1.206763e-184 
3.585129e-005 1.300375e-095 4.912529e-126 8.351299e-156 1.419721e-185 
1.898009e-005 6.884339e-096 2.600750e-126 9.825057e-157 1.670260e-186 
1.004828e-005 3.644650e-096 1.376868e-126 5.201501e-157 1.965011e-187 
5.910756e-007 1.929521e-096 7.289301e-127 2.753736e-157 1.040300e-187 
1.043075e-007 1.135012e-097 3.859042e-127 1.457860e-157 5.507472e-188 
1.227147e-008 2.002963e-098 2.270024e-128 7.718083e-158 2.915720e-188 
2.165553e-009 2.356427e-099 4.005925e-129 4.540049e-159 1.543617e-188 
1.146469e-009 4.158400e-100 4.712853e-130 8.011851e-160 9.080098e-190 
2.023181e-010 2.201506e-100 8.316800e-131 9.425707e-161 1.602370e-190 


3.821563e-010 0.000000e+000 0.000000e+000 0.000000e+000 0.000000e+000 
7.218509e-010 0.000000e+000 0.000000e+000 0.000000e+000 0.000000e+000 
1.363496e-009 0.000000e+000 0.000000e+000 0.000000e+000 0.000000e+000 
2.575493e-009 0.000000e+000 0.000000e+000 0.000000e+000 0.000000e+000 
2.189169e-008 0.000000e+000 0.000000e+000 0.000000e+000 0.000000e+000 
1.860793e-007 0.000000e+000 0.000000e+000 0.000000e+000 0.000000e+000 
1.581674e-006 1.000000e-300 1.000000e-300 1.000000e-300 1.000000e-300 
2.987607e-006 1.000000e-270 1.000000e-270 1.000000e-270 1.000000e-270 
5.643258e-006 1.000000e-240 1.000000e-240 1.000000e-240 1.000000e-240 
1.065949e-005 1.000000e-210 1.000000e-210 1.000000e-210 1.000000e-210 
2.013459e-005 1.000000e-180 1.000000e-180 1.000000e-180 1.000000e-180 
3.422880e-004 1.000000e-150 1.000000e-150 1.000000e-150 1.000000e-150 
1.939632e-003 1.000000e-120 1.000000e-120 1.000000e-120 1.000000e-120 
1.648687e-002 1.000000e-090 1.000000e-090 1.000000e-090 1.000000e-090 
9.342561e-002 1.000000e-060 1.000000e-060 1.000000e-060 1.000000e-060 
1.764706e-001 1.000000e-030 1.000000e-030 1.000000e-030 1.000000e-030 
1.000000e+000 1.000000e+000 1.000000e+000 1.000000e+000 1.000000e+000 


1.000000e+000 0.000000e+000 0.000000e+000 0.000000e+000 0.000000e+000 
1.000000e+000 0.000000e+000 0.000000e+000 0.000000e+000 0.000000e+000 
1.000000e+000 0.000000e+000 0.000000e+000 0.000000e+000 0.000000e+000 
1.000000e+000 0.000000e+000 0.000000e+000 0.000000e+000 0.000000e+000 
1.000000e+000 0.000000e+000 0.000000e+000 0.000000e+000 0.000000e+000 
1.000000e+000 0.000000e+000 0.000000e+000 0.000000e+000 0.000000e+000 
1.000000e+000 0.000000e+000 0.000000e+000 0.000000e+000 0.000000e+000 
1.000000e+000 0.000000e+000 0.000000e+000 0.000000e+000 0.000000e+000 
1.000000e+000 0.000000e+000 0.000000e+000 0.000000e+000 0.000000e+000 
1.000000e+000 3.402731e-296 0.000000e+000 0.000000e+000 0.000000e+000 
1.000000e+000 1.801446e-266 6.805462e-297 0.000000e+000 0.000000e+000 
1.000000e+000 9.537066e-237 3.602892e-267 1.361092e-297 0.000000e+000 
1.000000e+000 5.610039e-208 1.907413e-237 7.205783e-268 2.722185e-298 
1.000000e+000 9.900068e-179 1.122008e-208 3.814826e-238 1.441157e-268 
1.000000e+000 1.164714e-149 1.980014e-179 2.244016e-209 7.629653e-239 
1.000000e+000 2.055378e-120 2.329428e-150 3.960027e-180 4.488031e-210 
1.000000e+000 1.088141e-090 4.110755e-121 4.658856e-151 7.920055e-181 



Q star

------------
1  1  1  1  1  1  1  1  1  1  1  1  1  1  1  1  1  
------------

P star

-----------
2.023181e-010

A Martrix

1.000000e+000 6.800882e-092 0.000000e+000 0.000000e+000 0.000000e+000 
0.000000e+000 8.000000e-001 2.000000e-001 0.000000e+000 0.000000e+000 
0.000000e+000 0.000000e+000 8.000000e-001 2.000000e-001 0.000000e+000 
0.000000e+000 0.000000e+000 0.000000e+000 8.000000e-001 2.000000e-001 
0.000000e+000 0.000000e+000 0.000000e+000 0.000000e+000 1.000000e+000 

B Martrix

1.000000e-030 1.000000e-030 1.000000e-030 1.000000e-030 1.000000e-030 1.000000e-030 1.000000e-030 1.000000e-030 1.000000e-030 1.176471e-001 1.000000e-030 1.764706e-001 1.000000e-030 5.294118e-001 5.882353e-002 1.000000e-030 1.000000e-030 1.000000e-030 1.000000e-030 1.000000e-030 1.000000e-030 1.000000e-030 1.000000e-030 1.000000e-030 1.000000e-030 1.176471e-001 1.000000e-030 1.000000e-030 1.000000e-030 1.000000e-030 1.000000e-030 1.000000e-030 
1.000000e+000 1.000000e-030 1.000000e-030 1.000000e-030 1.000000e-030 1.000000e-030 1.000000e-030 1.000000e-030 1.000000e-030 1.000000e-030 1.000000e-030 1.000000e-030 1.000000e-030 1.000000e-030 1.000000e-030 1.000000e-030 1.000000e-030 1.000000e-030 1.000000e-030 1.000000e-030 1.000000e-030 1.000000e-030 1.000000e-030 1.000000e-030 1.000000e-030 1.000000e-030 1.000000e-030 1.000000e-030 1.000000e-030 1.000000e-030 1.000000e-030 1.000000e-030 
1.000000e+000 1.000000e-030 1.000000e-030 1.000000e-030 1.000000e-030 1.000000e-030 1.000000e-030 1.000000e-030 1.000000e-030 1.000000e-030 1.000000e-030 1.000000e-030 1.000000e-030 1.000000e-030 1.000000e-030 1.000000e-030 1.000000e-030 1.000000e-030 1.000000e-030 1.000000e-030 1.000000e-030 1.000000e-030 1.000000e-030 1.000000e-030 1.000000e-030 1.000000e-030 1.000000e-030 1.000000e-030 1.000000e-030 1.000000e-030 1.000000e-030 1.000000e-030 
1.000000e+000 1.000000e-030 1.000000e-030 1.000000e-030 1.000000e-030 1.000000e-030 1.000000e-030 1.000000e-030 1.000000e-030 1.000000e-030 1.000000e-030 1.000000e-030 1.000000e-030 1.000000e-030 1.000000e-030 1.000000e-030 1.000000e-030 1.000000e-030 1.000000e-030 1.000000e-030 1.000000e-030 1.000000e-030 1.000000e-030 1.000000e-030 1.000000e-030 1.000000e-030 1.000000e-030 1.000000e-030 1.000000e-030 1.000000e-030 1.000000e-030 1.000000e-030 
1.000000e+000 1.000000e-030 1.000000e-030 1.000000e-030 1.000000e-030 1.000000e-030 1.000000e-030 1.000000e-030 1.000000e-030 1.000000e-030 1.000000e-030 1.000000e-030 1.000000e-030 1.000000e-030 1.000000e-030 1.000000e-030 1.000000e-030 1.000000e-030 1.000000e-030 1.000000e-030 1.000000e-030 1.000000e-030 1.000000e-030 1.000000e-030 1.000000e-030 1.000000e-030 1.000000e-030 1.000000e-030 1.000000e-030 1.000000e-030 1.000000e-030 1.000000e-030 
=================
