22	22	22	7	14	22	7	6	26	26	6	6	6	6	6	3	3	3	10	10	10	10	10	10	10	4	4	19	19	4	4	19	20	12	12	20	20	19	19	20	19	19	12	20	28	28	28	28	28	28	12	28	28	28	28	
Iteraion 1
-----------------

P(O|lamda) = 1.647218e-083

3.125000e-002 0.000000e+000 0.000000e+000 0.000000e+000 0.000000e+000 
7.812500e-004 1.953125e-004 0.000000e+000 0.000000e+000 0.000000e+000 
1.953125e-005 9.765625e-006 1.220703e-006 0.000000e+000 0.000000e+000 
4.882813e-007 3.662109e-007 9.155273e-008 7.629395e-009 0.000000e+000 
1.220703e-008 1.220703e-008 4.577637e-009 7.629395e-010 4.768372e-011 
3.051758e-010 3.814697e-010 1.907349e-010 4.768372e-011 6.258488e-012 
7.629395e-012 1.144409e-011 7.152557e-012 2.384186e-012 4.936010e-013 
1.907349e-013 3.337860e-013 2.503395e-013 1.043081e-013 3.032619e-014 
4.768372e-015 9.536743e-015 8.344650e-015 4.172325e-015 1.599619e-015 
1.192093e-016 2.682209e-016 2.682209e-016 1.564622e-016 7.606513e-017 
2.980232e-018 7.450581e-018 8.381903e-018 5.587935e-018 3.354924e-018 
7.450581e-020 2.048910e-019 2.561137e-019 1.920853e-019 1.397660e-019 
1.862645e-021 5.587935e-021 7.683411e-021 6.402843e-021 5.568220e-021 
4.656613e-023 1.513399e-022 2.270099e-022 2.080924e-022 2.140246e-022 
1.164153e-024 4.074536e-024 6.621121e-024 6.621121e-024 7.988847e-024 
2.910383e-026 1.091394e-025 1.909939e-025 2.069100e-025 2.910335e-025 
7.275958e-028 2.910383e-027 5.456968e-027 6.366463e-027 1.038798e-026 
1.818989e-029 7.730705e-029 1.546141e-028 1.932676e-028 3.644149e-028 
4.547474e-031 2.046363e-030 4.348522e-030 5.798029e-030 1.259589e-029 
1.136868e-032 5.400125e-032 1.215028e-031 1.721290e-031 4.298592e-031 
2.842171e-034 1.421085e-033 3.375078e-033 5.062617e-033 1.450891e-032 
7.105427e-036 3.730349e-035 9.325873e-035 1.476597e-034 4.850447e-034 
1.776357e-037 9.769963e-037 2.564615e-036 4.274359e-036 1.608052e-035 
4.440892e-039 2.553513e-038 7.022161e-038 1.228878e-037 5.292309e-037 
1.110223e-040 6.661338e-040 1.915135e-039 3.511080e-039 1.730652e-038 
2.775558e-042 1.734723e-041 5.204170e-041 9.974660e-041 5.627729e-040 
6.938894e-044 4.510281e-043 1.409463e-042 2.818926e-042 1.821007e-041 
1.734723e-045 1.170938e-044 3.805550e-044 7.928228e-044 5.866829e-043 
4.336809e-047 3.035766e-046 1.024571e-045 2.219904e-045 1.882936e-044 
1.084202e-048 7.860466e-048 2.751163e-047 6.190117e-047 6.022918e-046 
2.710505e-050 2.032879e-049 7.369187e-049 1.719477e-048 1.920850e-047 
6.776264e-052 5.251604e-051 1.969352e-050 4.759266e-050 6.110124e-049 
1.694066e-053 1.355253e-052 5.251604e-052 1.312901e-051 1.939159e-050 
4.235165e-055 3.494011e-054 1.397604e-053 3.610478e-053 6.141928e-052 
1.058791e-056 8.999725e-056 3.712387e-055 9.899698e-055 1.941918e-053 
2.646978e-058 2.316106e-057 9.843449e-057 2.706949e-056 6.130367e-055 
6.617445e-060 5.955700e-059 2.605619e-058 7.382587e-058 1.932658e-056 
1.654361e-061 1.530284e-060 6.886279e-060 2.008498e-059 6.085698e-058 
4.135903e-063 3.929108e-062 1.817212e-061 5.451637e-061 1.914334e-059 
1.033976e-064 1.008126e-063 4.788600e-063 1.476485e-062 6.016366e-061 
2.584939e-066 2.584939e-065 1.260158e-064 3.990500e-064 1.889342e-062 
6.462349e-068 6.623907e-067 3.311954e-066 1.076385e-065 5.929135e-064 
1.615587e-069 1.696366e-068 8.693878e-068 2.897959e-067 1.859582e-065 
4.038968e-071 4.341890e-070 2.279492e-069 7.788266e-069 5.829306e-067 
1.009742e-072 1.110716e-071 5.970099e-071 2.089535e-070 1.826526e-068 
2.524355e-074 2.839899e-073 1.561945e-072 5.596968e-072 5.720953e-070 
6.310887e-076 7.257520e-075 4.082355e-074 1.496864e-073 1.791296e-071 
1.577722e-077 1.853823e-076 1.065948e-075 3.997306e-075 5.607155e-073 
3.944305e-079 4.733165e-078 2.780735e-077 1.065948e-076 1.754734e-074 
9.860761e-081 1.207943e-079 7.247660e-079 2.838667e-078 5.490207e-076 
2.465190e-082 3.081488e-081 1.887411e-080 7.549645e-080 1.717464e-077 
6.162976e-084 7.857794e-083 4.911121e-082 2.005375e-081 5.371793e-079 
1.540744e-085 2.002967e-084 1.276892e-083 5.320381e-083 1.679939e-080 
3.851860e-087 5.103714e-086 3.317414e-085 1.409901e-084 5.253134e-082 
9.629650e-089 1.300003e-087 8.612518e-087 3.732091e-086 1.642485e-083 


5.271099e-082 5.271099e-082 5.271099e-082 5.271099e-082 5.271099e-082 
1.686752e-080 1.686752e-080 1.686752e-080 1.686752e-080 1.686752e-080 
5.397605e-079 5.397605e-079 5.397605e-079 5.397605e-079 5.397605e-079 
1.727234e-077 1.727234e-077 1.727234e-077 1.727234e-077 1.727234e-077 
5.527148e-076 5.527148e-076 5.527148e-076 5.527148e-076 5.527148e-076 
1.768687e-074 1.768687e-074 1.768687e-074 1.768687e-074 1.768687e-074 
5.659799e-073 5.659799e-073 5.659799e-073 5.659799e-073 5.659799e-073 
1.811136e-071 1.811136e-071 1.811136e-071 1.811136e-071 1.811136e-071 
5.795635e-070 5.795635e-070 5.795635e-070 5.795635e-070 5.795635e-070 
1.854603e-068 1.854603e-068 1.854603e-068 1.854603e-068 1.854603e-068 
5.934730e-067 5.934730e-067 5.934730e-067 5.934730e-067 5.934730e-067 
1.899114e-065 1.899114e-065 1.899114e-065 1.899114e-065 1.899114e-065 
6.077163e-064 6.077163e-064 6.077163e-064 6.077163e-064 6.077163e-064 
1.944692e-062 1.944692e-062 1.944692e-062 1.944692e-062 1.944692e-062 
6.223015e-061 6.223015e-061 6.223015e-061 6.223015e-061 6.223015e-061 
1.991365e-059 1.991365e-059 1.991365e-059 1.991365e-059 1.991365e-059 
6.372368e-058 6.372368e-058 6.372368e-058 6.372368e-058 6.372368e-058 
2.039158e-056 2.039158e-056 2.039158e-056 2.039158e-056 2.039158e-056 
6.525304e-055 6.525304e-055 6.525304e-055 6.525304e-055 6.525304e-055 
2.088097e-053 2.088097e-053 2.088097e-053 2.088097e-053 2.088097e-053 
6.681912e-052 6.681912e-052 6.681912e-052 6.681912e-052 6.681912e-052 
2.138212e-050 2.138212e-050 2.138212e-050 2.138212e-050 2.138212e-050 
6.842278e-049 6.842278e-049 6.842278e-049 6.842278e-049 6.842278e-049 
2.189529e-047 2.189529e-047 2.189529e-047 2.189529e-047 2.189529e-047 
7.006492e-046 7.006492e-046 7.006492e-046 7.006492e-046 7.006492e-046 
2.242078e-044 2.242078e-044 2.242078e-044 2.242078e-044 2.242078e-044 
7.174648e-043 7.174648e-043 7.174648e-043 7.174648e-043 7.174648e-043 
2.295887e-041 2.295887e-041 2.295887e-041 2.295887e-041 2.295887e-041 
7.346840e-040 7.346840e-040 7.346840e-040 7.346840e-040 7.346840e-040 
2.350989e-038 2.350989e-038 2.350989e-038 2.350989e-038 2.350989e-038 
7.523164e-037 7.523164e-037 7.523164e-037 7.523164e-037 7.523164e-037 
2.407412e-035 2.407412e-035 2.407412e-035 2.407412e-035 2.407412e-035 
7.703720e-034 7.703720e-034 7.703720e-034 7.703720e-034 7.703720e-034 
2.465190e-032 2.465190e-032 2.465190e-032 2.465190e-032 2.465190e-032 
7.888609e-031 7.888609e-031 7.888609e-031 7.888609e-031 7.888609e-031 
2.524355e-029 2.524355e-029 2.524355e-029 2.524355e-029 2.524355e-029 
8.077936e-028 8.077936e-028 8.077936e-028 8.077936e-028 8.077936e-028 
2.584939e-026 2.584939e-026 2.584939e-026 2.584939e-026 2.584939e-026 
8.271806e-025 8.271806e-025 8.271806e-025 8.271806e-025 8.271806e-025 
2.646978e-023 2.646978e-023 2.646978e-023 2.646978e-023 2.646978e-023 
8.470329e-022 8.470329e-022 8.470329e-022 8.470329e-022 8.470329e-022 
2.710505e-020 2.710505e-020 2.710505e-020 2.710505e-020 2.710505e-020 
8.673617e-019 8.673617e-019 8.673617e-019 8.673617e-019 8.673617e-019 
2.775558e-017 2.775558e-017 2.775558e-017 2.775558e-017 2.775558e-017 
8.881784e-016 8.881784e-016 8.881784e-016 8.881784e-016 8.881784e-016 
2.842171e-014 2.842171e-014 2.842171e-014 2.842171e-014 2.842171e-014 
9.094947e-013 9.094947e-013 9.094947e-013 9.094947e-013 9.094947e-013 
2.910383e-011 2.910383e-011 2.910383e-011 2.910383e-011 2.910383e-011 
9.313226e-010 9.313226e-010 9.313226e-010 9.313226e-010 9.313226e-010 
2.980232e-008 2.980232e-008 2.980232e-008 2.980232e-008 2.980232e-008 
9.536743e-007 9.536743e-007 9.536743e-007 9.536743e-007 9.536743e-007 
3.051758e-005 3.051758e-005 3.051758e-005 3.051758e-005 3.051758e-005 
9.765625e-004 9.765625e-004 9.765625e-004 9.765625e-004 9.765625e-004 
3.125000e-002 3.125000e-002 3.125000e-002 3.125000e-002 3.125000e-002 
1.000000e+000 1.000000e+000 1.000000e+000 1.000000e+000 1.000000e+000 


1.000000e+000 0.000000e+000 0.000000e+000 0.000000e+000 0.000000e+000 
8.000000e-001 2.000000e-001 0.000000e+000 0.000000e+000 0.000000e+000 
6.400000e-001 3.200000e-001 4.000000e-002 0.000000e+000 0.000000e+000 
5.120000e-001 3.840000e-001 9.600000e-002 8.000000e-003 0.000000e+000 
4.096000e-001 4.096000e-001 1.536000e-001 2.560000e-002 1.600000e-003 
3.276800e-001 4.096000e-001 2.048000e-001 5.120000e-002 6.720000e-003 
2.621440e-001 3.932160e-001 2.457600e-001 8.192000e-002 1.696000e-002 
2.097152e-001 3.670016e-001 2.752512e-001 1.146880e-001 3.334400e-002 
1.677722e-001 3.355443e-001 2.936013e-001 1.468006e-001 5.628160e-002 
1.342177e-001 3.019899e-001 3.019899e-001 1.761608e-001 8.564173e-002 
1.073742e-001 2.684355e-001 3.019899e-001 2.013266e-001 1.208739e-001 
8.589935e-002 2.362232e-001 2.952790e-001 2.214593e-001 1.611392e-001 
6.871948e-002 2.061584e-001 2.834678e-001 2.362232e-001 2.054311e-001 
5.497558e-002 1.786706e-001 2.680060e-001 2.456721e-001 2.526757e-001 
4.398047e-002 1.539316e-001 2.501389e-001 2.501389e-001 3.018101e-001 
3.518437e-002 1.319414e-001 2.308974e-001 2.501389e-001 3.518379e-001 
2.814750e-002 1.125900e-001 2.111062e-001 2.462906e-001 4.018657e-001 
2.251800e-002 9.570149e-002 1.914030e-001 2.392537e-001 4.511238e-001 
1.801440e-002 8.106479e-002 1.722627e-001 2.296836e-001 4.989745e-001 
1.441152e-002 6.845471e-002 1.540231e-001 2.181994e-001 5.449113e-001 
1.152922e-002 5.764608e-002 1.369094e-001 2.053641e-001 5.885511e-001 
9.223372e-003 4.842270e-002 1.210568e-001 1.916732e-001 6.296240e-001 
7.378698e-003 4.058284e-002 1.065299e-001 1.775499e-001 6.679586e-001 
5.902958e-003 3.394201e-002 9.334053e-002 1.633459e-001 7.034686e-001 
4.722366e-003 2.833420e-002 8.146082e-002 1.493448e-001 7.361378e-001 
3.777893e-003 2.361183e-002 7.083550e-002 1.357680e-001 7.660067e-001 
3.022315e-003 1.964504e-002 6.139076e-002 1.227815e-001 7.931603e-001 
2.417852e-003 1.632050e-002 5.304162e-002 1.105034e-001 8.177167e-001 
1.934281e-003 1.353997e-002 4.569740e-002 9.901102e-002 8.398173e-001 
1.547425e-003 1.121883e-002 3.926591e-002 8.834830e-002 8.596195e-001 
1.237940e-003 9.284550e-003 3.365649e-002 7.853182e-002 8.772892e-001 
9.903520e-004 7.675228e-003 2.878211e-002 6.955676e-002 8.929956e-001 
7.922816e-004 6.338253e-003 2.456073e-002 6.140183e-002 9.069069e-001 
6.338253e-004 5.229059e-003 2.091623e-002 5.403361e-002 9.191873e-001 
5.070602e-004 4.310012e-003 1.777880e-002 4.741013e-002 9.299940e-001 
4.056482e-004 3.549422e-003 1.508504e-002 4.148387e-002 9.394760e-001 
3.245186e-004 2.920667e-003 1.277792e-002 3.620410e-002 9.477728e-001 
2.596148e-004 2.401437e-003 1.080647e-002 3.151886e-002 9.550136e-001 
2.076919e-004 1.973073e-003 9.125462e-003 2.737639e-002 9.613174e-001 
1.661535e-004 1.619997e-003 7.694984e-003 2.372620e-002 9.667927e-001 
1.329228e-004 1.329228e-003 6.479986e-003 2.051996e-002 9.715379e-001 
1.063382e-004 1.089967e-003 5.449835e-003 1.771196e-002 9.756419e-001 
8.507059e-005 8.932412e-004 4.577861e-003 1.525954e-002 9.791843e-001 
6.805647e-005 7.316071e-004 3.840937e-003 1.312320e-002 9.822362e-001 
5.444518e-005 5.988970e-004 3.219071e-003 1.126675e-002 9.848608e-001 
4.355614e-005 4.900066e-004 2.695036e-003 9.657214e-003 9.871142e-001 
3.484491e-005 4.007165e-004 2.254030e-003 8.264778e-003 9.890456e-001 
2.787593e-005 3.275422e-004 1.883368e-003 7.062629e-003 9.906986e-001 
2.230075e-005 2.676089e-004 1.572203e-003 6.026776e-003 9.921111e-001 
1.784060e-005 2.185473e-004 1.311284e-003 5.135862e-003 9.933165e-001 
1.427248e-005 1.784060e-004 1.092737e-003 4.370946e-003 9.943436e-001 
1.141798e-005 1.455793e-004 9.098704e-004 3.715304e-003 9.952178e-001 
9.134385e-006 1.187470e-004 7.570122e-004 3.154217e-003 9.959609e-001 
7.307508e-006 9.682448e-005 6.293591e-004 2.674776e-003 9.965917e-001 
5.846007e-006 7.892109e-005 5.228522e-004 2.265693e-003 9.971267e-001 



Q star

------------
1  2  3  4  5  5  5  5  5  5  5  5  5  5  5  5  5  5  5  5  5  5  5  5  5  5  5  5  5  5  5  5  5  5  5  5  5  5  5  5  5  5  5  5  5  5  5  5  5  5  5  5  5  5  5  
------------

P star

-----------
2.635549e-086

A Martrix

8.000000e-001 2.000000e-001 0.000000e+000 0.000000e+000 0.000000e+000 
0.000000e+000 8.000000e-001 2.000000e-001 0.000000e+000 0.000000e+000 
0.000000e+000 0.000000e+000 8.000000e-001 2.000000e-001 0.000000e+000 
0.000000e+000 0.000000e+000 0.000000e+000 8.000000e-001 2.000000e-001 
0.000000e+000 0.000000e+000 0.000000e+000 0.000000e+000 1.000000e+000 

B Martrix

1.000000e-030 1.000000e-030 1.000000e-030 1.000000e-030 1.000000e-030 1.000000e-030 1.000000e-030 1.000000e-030 1.000000e-030 1.000000e-030 1.000000e-030 1.000000e-030 1.000000e-030 1.000000e-030 1.000000e-030 1.000000e-030 1.000000e-030 1.000000e-030 1.000000e-030 1.000000e-030 1.000000e-030 1.000000e+000 1.000000e-030 1.000000e-030 1.000000e-030 1.000000e-030 1.000000e-030 1.000000e-030 1.000000e-030 1.000000e-030 1.000000e-030 1.000000e-030 
1.000000e-030 1.000000e-030 1.000000e-030 1.000000e-030 1.000000e-030 1.000000e-030 1.000000e-030 1.000000e-030 1.000000e-030 1.000000e-030 1.000000e-030 1.000000e-030 1.000000e-030 1.000000e-030 1.000000e-030 1.000000e-030 1.000000e-030 1.000000e-030 1.000000e-030 1.000000e-030 1.000000e-030 1.000000e+000 1.000000e-030 1.000000e-030 1.000000e-030 1.000000e-030 1.000000e-030 1.000000e-030 1.000000e-030 1.000000e-030 1.000000e-030 1.000000e-030 
1.000000e-030 1.000000e-030 1.000000e-030 1.000000e-030 1.000000e-030 1.000000e-030 1.000000e-030 1.000000e-030 1.000000e-030 1.000000e-030 1.000000e-030 1.000000e-030 1.000000e-030 1.000000e-030 1.000000e-030 1.000000e-030 1.000000e-030 1.000000e-030 1.000000e-030 1.000000e-030 1.000000e-030 1.000000e+000 1.000000e-030 1.000000e-030 1.000000e-030 1.000000e-030 1.000000e-030 1.000000e-030 1.000000e-030 1.000000e-030 1.000000e-030 1.000000e-030 
1.000000e-030 1.000000e-030 1.000000e-030 1.000000e-030 1.000000e-030 1.000000e-030 1.000000e+000 1.000000e-030 1.000000e-030 1.000000e-030 1.000000e-030 1.000000e-030 1.000000e-030 1.000000e-030 1.000000e-030 1.000000e-030 1.000000e-030 1.000000e-030 1.000000e-030 1.000000e-030 1.000000e-030 1.000000e-030 1.000000e-030 1.000000e-030 1.000000e-030 1.000000e-030 1.000000e-030 1.000000e-030 1.000000e-030 1.000000e-030 1.000000e-030 1.000000e-030 
1.000000e-030 1.000000e-030 3.440891e-002 9.413329e-002 1.000000e-030 3.070897e-002 4.843641e-004 1.000000e-030 1.000000e-030 1.247930e-001 1.000000e-030 1.091735e-001 1.000000e-030 4.569472e-005 1.000000e-030 1.000000e-030 1.000000e-030 1.000000e-030 1.831799e-001 1.354616e-001 1.000000e-030 1.919178e-004 1.000000e-030 1.000000e-030 1.000000e-030 4.053217e-003 1.000000e-030 2.833657e-001 1.000000e-030 1.000000e-030 1.000000e-030 1.000000e-030 
Iteraion 2
-----------------

P(O|lamda) = 2.113236e-062

1.000000e+000 0.000000e+000 0.000000e+000 0.000000e+000 0.000000e+000 
8.000000e-001 2.000000e-001 0.000000e+000 0.000000e+000 0.000000e+000 
6.400000e-001 3.200000e-001 4.000000e-002 0.000000e+000 0.000000e+000 
5.120000e-031 3.840000e-031 9.600000e-032 8.000000e-003 0.000000e+000 
4.096000e-061 4.096000e-061 1.536000e-061 6.400000e-033 7.311156e-008 
3.276800e-061 4.096000e-061 2.048000e-061 5.120000e-063 1.403141e-011 
2.621440e-091 3.932160e-091 2.457600e-091 4.505600e-062 6.796311e-015 
2.097152e-121 3.670016e-121 2.752512e-121 3.604480e-092 2.087077e-016 
1.677722e-151 3.355443e-151 2.936013e-151 2.883584e-122 8.459376e-019 
1.342177e-181 3.019899e-181 3.019899e-181 2.306867e-152 3.428768e-021 
1.073742e-211 2.684355e-211 3.019899e-211 1.845494e-182 1.052939e-022 
8.589935e-242 2.362232e-241 2.952790e-241 1.476395e-212 3.233468e-024 
6.871948e-272 2.061584e-271 2.834678e-271 1.181116e-242 9.929645e-026 
5.497558e-302 1.786706e-301 2.680060e-301 9.448928e-273 3.049291e-027 
0.000000e+000 0.000000e+000 0.000000e+000 7.559142e-303 9.364057e-029 
0.000000e+000 0.000000e+000 0.000000e+000 0.000000e+000 3.222070e-030 
0.000000e+000 0.000000e+000 0.000000e+000 0.000000e+000 1.108679e-031 
0.000000e+000 0.000000e+000 0.000000e+000 0.000000e+000 3.814843e-033 
0.000000e+000 0.000000e+000 0.000000e+000 0.000000e+000 4.760659e-034 
0.000000e+000 0.000000e+000 0.000000e+000 0.000000e+000 5.940970e-035 
0.000000e+000 0.000000e+000 0.000000e+000 0.000000e+000 7.413916e-036 
0.000000e+000 0.000000e+000 0.000000e+000 0.000000e+000 9.252050e-037 
0.000000e+000 0.000000e+000 0.000000e+000 0.000000e+000 1.154591e-037 
0.000000e+000 0.000000e+000 0.000000e+000 0.000000e+000 1.440850e-038 
0.000000e+000 0.000000e+000 0.000000e+000 0.000000e+000 1.798080e-039 
0.000000e+000 0.000000e+000 0.000000e+000 0.000000e+000 1.692592e-040 
0.000000e+000 0.000000e+000 0.000000e+000 0.000000e+000 1.593292e-041 
0.000000e+000 0.000000e+000 0.000000e+000 0.000000e+000 2.918591e-042 
0.000000e+000 0.000000e+000 0.000000e+000 0.000000e+000 5.346271e-043 
0.000000e+000 0.000000e+000 0.000000e+000 0.000000e+000 5.032621e-044 
0.000000e+000 0.000000e+000 0.000000e+000 0.000000e+000 4.737372e-045 
0.000000e+000 0.000000e+000 0.000000e+000 0.000000e+000 8.677911e-046 
0.000000e+000 0.000000e+000 0.000000e+000 0.000000e+000 1.175523e-046 
0.000000e+000 0.000000e+000 0.000000e+000 0.000000e+000 1.283360e-047 
0.000000e+000 0.000000e+000 0.000000e+000 0.000000e+000 1.401090e-048 
0.000000e+000 0.000000e+000 0.000000e+000 0.000000e+000 1.897938e-049 
0.000000e+000 0.000000e+000 0.000000e+000 0.000000e+000 2.570977e-050 
0.000000e+000 0.000000e+000 0.000000e+000 0.000000e+000 4.709512e-051 
0.000000e+000 0.000000e+000 0.000000e+000 0.000000e+000 8.626878e-052 
0.000000e+000 0.000000e+000 0.000000e+000 0.000000e+000 1.168610e-052 
0.000000e+000 0.000000e+000 0.000000e+000 0.000000e+000 2.140659e-053 
0.000000e+000 0.000000e+000 0.000000e+000 0.000000e+000 3.921256e-054 
0.000000e+000 0.000000e+000 0.000000e+000 0.000000e+000 4.280974e-055 
0.000000e+000 0.000000e+000 0.000000e+000 0.000000e+000 5.799074e-056 
0.000000e+000 0.000000e+000 0.000000e+000 0.000000e+000 1.643258e-056 
0.000000e+000 0.000000e+000 0.000000e+000 0.000000e+000 4.656430e-057 
0.000000e+000 0.000000e+000 0.000000e+000 0.000000e+000 1.319472e-057 
0.000000e+000 0.000000e+000 0.000000e+000 0.000000e+000 3.738931e-058 
0.000000e+000 0.000000e+000 0.000000e+000 0.000000e+000 1.059485e-058 
0.000000e+000 0.000000e+000 0.000000e+000 0.000000e+000 3.002216e-059 
0.000000e+000 0.000000e+000 0.000000e+000 0.000000e+000 3.277625e-060 
0.000000e+000 0.000000e+000 0.000000e+000 0.000000e+000 9.287662e-061 
0.000000e+000 0.000000e+000 0.000000e+000 0.000000e+000 2.631805e-061 
0.000000e+000 0.000000e+000 0.000000e+000 0.000000e+000 7.457630e-062 
0.000000e+000 0.000000e+000 0.000000e+000 0.000000e+000 2.113236e-062 


2.113236e-062 1.690589e-061 3.381178e-061 4.712601e-071 2.356300e-070 
1.910407e-110 1.056618e-061 4.226473e-061 2.455530e-067 1.227765e-066 
1.194005e-110 4.776019e-110 5.283091e-061 2.114516e-060 6.397348e-063 
4.975019e-081 3.980015e-080 7.960032e-080 2.641545e-060 1.320773e-059 
1.620054e-109 2.487510e-050 9.950038e-050 5.780854e-056 2.890427e-055 
3.996959e-137 8.100272e-109 1.243755e-049 4.978031e-049 1.506075e-051 
9.861203e-135 1.998480e-106 4.050136e-078 6.218774e-049 3.109387e-048 
3.211180e-133 4.930601e-104 9.992398e-076 2.025068e-047 1.012534e-046 
1.045682e-131 1.605590e-102 2.465301e-073 4.996199e-045 2.498100e-044 
3.405135e-130 5.228409e-101 8.027951e-072 1.232650e-042 6.163252e-042 
1.108841e-128 1.702567e-099 2.614204e-070 4.013975e-041 2.006988e-040 
3.610804e-127 5.544203e-098 8.512837e-069 1.307102e-039 6.535511e-039 
1.049381e-125 1.805402e-096 2.772102e-067 4.256419e-038 2.128209e-037 
3.049736e-124 5.246904e-095 9.027011e-066 1.386051e-036 6.930254e-036 
8.863216e-123 1.524868e-093 2.623452e-064 4.513506e-035 2.256753e-034 
7.102332e-122 4.431608e-092 7.624339e-063 1.311726e-033 6.558629e-033 
5.691289e-121 3.551166e-091 2.215804e-061 3.812170e-032 1.906085e-031 
4.560583e-120 2.845645e-090 1.775583e-060 1.107902e-030 5.539510e-030 
3.654517e-119 2.280291e-089 1.422822e-059 8.877915e-030 4.438958e-029 
2.928463e-118 1.827259e-088 1.140146e-058 7.114112e-029 3.557056e-028 
2.346656e-117 1.464231e-087 9.136294e-058 5.700729e-028 2.850364e-027 
1.880438e-116 1.173328e-086 7.321157e-057 4.568147e-027 2.284073e-026 
1.997634e-115 9.402192e-086 5.866640e-056 3.660579e-026 1.830289e-025 
2.122133e-114 9.988168e-085 4.701096e-055 2.933320e-025 1.466660e-024 
1.158497e-113 1.061066e-083 4.994084e-054 2.350548e-024 1.175274e-023 
6.324367e-113 5.792484e-083 5.305332e-053 2.497042e-023 1.248521e-022 
6.718523e-112 3.162184e-082 2.896242e-052 2.652666e-022 1.326333e-021 
7.137244e-111 3.359262e-081 1.581092e-051 1.448121e-021 7.240605e-021 
3.896304e-110 3.568622e-080 1.679631e-050 7.905459e-021 3.952730e-020 
2.876317e-109 1.948152e-079 1.784311e-049 8.398154e-020 4.199077e-019 
2.634629e-108 1.438158e-078 9.740760e-049 8.921556e-019 4.460778e-018 
2.413249e-107 1.317314e-077 7.190792e-048 4.870380e-018 2.435190e-017 
1.781501e-106 1.206624e-076 6.586572e-047 3.595396e-017 1.797698e-016 
1.315134e-105 8.907503e-076 6.033122e-046 3.293286e-016 1.646643e-015 
7.179466e-105 6.575668e-075 4.453752e-045 3.016561e-015 1.508280e-014 
3.919353e-104 3.589733e-074 3.287834e-044 2.226876e-014 1.113438e-013 
2.893332e-103 1.959677e-073 1.794867e-043 1.643917e-013 8.219586e-013 
1.579503e-102 1.446666e-072 9.798383e-043 8.974333e-013 4.487166e-012 
8.622691e-102 7.897517e-072 7.233331e-042 4.899192e-012 2.449596e-011 
7.898152e-101 4.311345e-071 3.948758e-041 3.616665e-011 1.808333e-010 
5.830548e-100 3.949076e-070 2.155673e-040 1.974379e-010 9.871896e-010 
2.057606e-099 2.915274e-069 1.974538e-039 1.077836e-009 5.389182e-009 
7.261310e-099 1.028803e-068 1.457637e-038 9.872690e-009 4.936345e-008 
2.562523e-098 3.630655e-068 5.144015e-038 7.288185e-008 3.644093e-007 
9.043167e-098 1.281262e-067 1.815328e-037 2.572007e-007 1.286004e-006 
3.191342e-097 4.521584e-067 6.406308e-037 9.076638e-007 4.538319e-006 
1.126228e-096 1.595671e-066 2.260792e-036 3.203154e-006 1.601577e-005 
1.031594e-095 5.631138e-066 7.978355e-036 1.130396e-005 5.651980e-005 
3.640505e-095 5.157970e-065 2.815569e-035 3.989178e-005 1.994589e-004 
1.284738e-094 1.820252e-064 2.578985e-034 1.407784e-004 7.038922e-004 
4.533850e-094 6.423688e-064 9.101262e-034 1.289493e-003 6.447463e-003 
1.000000e-090 2.266925e-063 3.211844e-033 4.550631e-003 2.275316e-002 
1.000000e-060 1.000000e-060 1.133463e-032 1.605922e-002 8.029609e-002 
1.000000e-030 1.000000e-030 1.000000e-030 5.667313e-002 2.833657e-001 
1.000000e+000 1.000000e+000 1.000000e+000 1.000000e+000 1.000000e+000 


1.000000e+000 0.000000e+000 0.000000e+000 0.000000e+000 0.000000e+000 
7.232158e-049 1.000000e+000 0.000000e+000 0.000000e+000 0.000000e+000 
3.616079e-049 7.232159e-049 1.000000e+000 0.000000e+000 0.000000e+000 
1.205360e-049 7.232158e-049 3.616080e-049 1.000000e+000 0.000000e+000 
3.140086e-108 4.821439e-049 7.232158e-049 1.750749e-026 1.000000e+000 
6.197715e-136 1.570043e-107 1.205360e-048 1.206089e-049 1.000000e+000 
1.223268e-163 3.718629e-135 4.710128e-107 1.325896e-048 1.000000e+000 
3.186739e-192 8.562879e-163 1.301520e-134 3.454094e-077 1.000000e+000 
8.301783e-221 2.549392e-191 3.425151e-162 6.817487e-105 1.000000e+000 
2.162699e-249 7.471604e-220 1.147226e-190 1.345595e-132 1.000000e+000 
5.634054e-278 2.162699e-248 3.735802e-219 3.505413e-161 1.000000e+000 
1.467729e-306 6.197459e-277 1.189485e-247 9.131961e-190 1.000000e+000 
0.000000e+000 1.761274e-305 3.718475e-276 2.378969e-218 1.000000e+000 
0.000000e+000 0.000000e+000 1.144828e-304 6.197459e-247 1.000000e+000 
0.000000e+000 0.000000e+000 0.000000e+000 1.614502e-275 1.000000e+000 
0.000000e+000 0.000000e+000 0.000000e+000 0.000000e+000 1.000000e+000 
0.000000e+000 0.000000e+000 0.000000e+000 0.000000e+000 1.000000e+000 
0.000000e+000 0.000000e+000 0.000000e+000 0.000000e+000 1.000000e+000 
0.000000e+000 0.000000e+000 0.000000e+000 0.000000e+000 1.000000e+000 
0.000000e+000 0.000000e+000 0.000000e+000 0.000000e+000 1.000000e+000 
0.000000e+000 0.000000e+000 0.000000e+000 0.000000e+000 1.000000e+000 
0.000000e+000 0.000000e+000 0.000000e+000 0.000000e+000 1.000000e+000 
0.000000e+000 0.000000e+000 0.000000e+000 0.000000e+000 1.000000e+000 
0.000000e+000 0.000000e+000 0.000000e+000 0.000000e+000 1.000000e+000 
0.000000e+000 0.000000e+000 0.000000e+000 0.000000e+000 1.000000e+000 
0.000000e+000 0.000000e+000 0.000000e+000 0.000000e+000 1.000000e+000 
0.000000e+000 0.000000e+000 0.000000e+000 0.000000e+000 1.000000e+000 
0.000000e+000 0.000000e+000 0.000000e+000 0.000000e+000 1.000000e+000 
0.000000e+000 0.000000e+000 0.000000e+000 0.000000e+000 1.000000e+000 
0.000000e+000 0.000000e+000 0.000000e+000 0.000000e+000 1.000000e+000 
0.000000e+000 0.000000e+000 0.000000e+000 0.000000e+000 1.000000e+000 
0.000000e+000 0.000000e+000 0.000000e+000 0.000000e+000 1.000000e+000 
0.000000e+000 0.000000e+000 0.000000e+000 0.000000e+000 1.000000e+000 
0.000000e+000 0.000000e+000 0.000000e+000 0.000000e+000 1.000000e+000 
0.000000e+000 0.000000e+000 0.000000e+000 0.000000e+000 1.000000e+000 
0.000000e+000 0.000000e+000 0.000000e+000 0.000000e+000 1.000000e+000 
0.000000e+000 0.000000e+000 0.000000e+000 0.000000e+000 1.000000e+000 
0.000000e+000 0.000000e+000 0.000000e+000 0.000000e+000 1.000000e+000 
0.000000e+000 0.000000e+000 0.000000e+000 0.000000e+000 1.000000e+000 
0.000000e+000 0.000000e+000 0.000000e+000 0.000000e+000 1.000000e+000 
0.000000e+000 0.000000e+000 0.000000e+000 0.000000e+000 1.000000e+000 
0.000000e+000 0.000000e+000 0.000000e+000 0.000000e+000 1.000000e+000 
0.000000e+000 0.000000e+000 0.000000e+000 0.000000e+000 1.000000e+000 
0.000000e+000 0.000000e+000 0.000000e+000 0.000000e+000 1.000000e+000 
0.000000e+000 0.000000e+000 0.000000e+000 0.000000e+000 1.000000e+000 
0.000000e+000 0.000000e+000 0.000000e+000 0.000000e+000 1.000000e+000 
0.000000e+000 0.000000e+000 0.000000e+000 0.000000e+000 1.000000e+000 
0.000000e+000 0.000000e+000 0.000000e+000 0.000000e+000 1.000000e+000 
0.000000e+000 0.000000e+000 0.000000e+000 0.000000e+000 1.000000e+000 
0.000000e+000 0.000000e+000 0.000000e+000 0.000000e+000 1.000000e+000 
0.000000e+000 0.000000e+000 0.000000e+000 0.000000e+000 1.000000e+000 
0.000000e+000 0.000000e+000 0.000000e+000 0.000000e+000 1.000000e+000 
0.000000e+000 0.000000e+000 0.000000e+000 0.000000e+000 1.000000e+000 
0.000000e+000 0.000000e+000 0.000000e+000 0.000000e+000 1.000000e+000 
0.000000e+000 0.000000e+000 0.000000e+000 0.000000e+000 1.000000e+000 



Q star

------------
1  2  3  4  5  5  5  5  5  5  5  5  5  5  5  5  5  5  5  5  5  5  5  5  5  5  5  5  5  5  5  5  5  5  5  5  5  5  5  5  5  5  5  5  5  5  5  5  5  5  5  5  5  5  5  
------------

P star

-----------
2.113236e-062

A Martrix

1.205360e-048 1.000000e+000 0.000000e+000 0.000000e+000 0.000000e+000 
0.000000e+000 1.205360e-048 1.000000e+000 0.000000e+000 0.000000e+000 
0.000000e+000 0.000000e+000 1.205360e-048 1.000000e+000 0.000000e+000 
0.000000e+000 0.000000e+000 0.000000e+000 1.750749e-026 1.000000e+000 
0.000000e+000 0.000000e+000 0.000000e+000 0.000000e+000 1.000000e+000 

B Martrix

1.000000e-030 1.000000e-030 1.000000e-030 1.000000e-030 1.000000e-030 1.000000e-030 1.000000e-030 1.000000e-030 1.000000e-030 1.000000e-030 1.000000e-030 1.000000e-030 1.000000e-030 1.000000e-030 1.000000e-030 1.000000e-030 1.000000e-030 1.000000e-030 1.000000e-030 1.000000e-030 1.000000e-030 1.000000e+000 1.000000e-030 1.000000e-030 1.000000e-030 1.000000e-030 1.000000e-030 1.000000e-030 1.000000e-030 1.000000e-030 1.000000e-030 1.000000e-030 
1.000000e-030 1.000000e-030 1.000000e-030 1.000000e-030 1.000000e-030 1.000000e-030 1.000000e-030 1.000000e-030 1.000000e-030 1.000000e-030 1.000000e-030 1.000000e-030 1.000000e-030 1.000000e-030 1.000000e-030 1.000000e-030 1.000000e-030 1.000000e-030 1.000000e-030 1.000000e-030 1.000000e-030 1.000000e+000 1.000000e-030 1.000000e-030 1.000000e-030 1.000000e-030 1.000000e-030 1.000000e-030 1.000000e-030 1.000000e-030 1.000000e-030 1.000000e-030 
1.000000e-030 1.000000e-030 1.000000e-030 1.000000e-030 1.000000e-030 1.000000e-030 1.000000e-030 1.000000e-030 1.000000e-030 1.000000e-030 1.000000e-030 1.000000e-030 1.000000e-030 1.000000e-030 1.000000e-030 1.000000e-030 1.000000e-030 1.000000e-030 1.000000e-030 1.000000e-030 1.000000e-030 1.000000e+000 1.000000e-030 1.000000e-030 1.000000e-030 1.000000e-030 1.000000e-030 1.000000e-030 1.000000e-030 1.000000e-030 1.000000e-030 1.000000e-030 
1.000000e-030 1.000000e-030 1.000000e-030 1.000000e-030 1.000000e-030 1.000000e-030 1.000000e+000 1.000000e-030 1.000000e-030 1.000000e-030 1.000000e-030 1.000000e-030 1.000000e-030 1.000000e-030 1.000000e-030 1.000000e-030 1.000000e-030 1.000000e-030 1.000000e-030 1.000000e-030 1.000000e-030 1.000000e-030 1.000000e-030 1.000000e-030 1.000000e-030 1.000000e-030 1.000000e-030 1.000000e-030 1.000000e-030 1.000000e-030 1.000000e-030 1.000000e-030 
1.000000e-030 1.000000e-030 5.882353e-002 7.843137e-002 1.000000e-030 1.176471e-001 1.960784e-002 1.000000e-030 1.000000e-030 1.372549e-001 1.000000e-030 7.843137e-002 1.000000e-030 1.960784e-002 1.000000e-030 1.000000e-030 1.000000e-030 1.000000e-030 1.372549e-001 9.803922e-002 1.000000e-030 1.960784e-002 1.000000e-030 1.000000e-030 1.000000e-030 3.921569e-002 1.000000e-030 1.960784e-001 1.000000e-030 1.000000e-030 1.000000e-030 1.000000e-030 
Iteraion 3
-----------------

P(O|lamda) = 5.740567e-051

1.000000e+000 0.000000e+000 0.000000e+000 0.000000e+000 0.000000e+000 
1.205360e-048 1.000000e+000 0.000000e+000 0.000000e+000 0.000000e+000 
1.452892e-096 2.410719e-048 1.000000e+000 0.000000e+000 0.000000e+000 
1.751258e-174 4.358676e-126 3.616079e-078 1.000000e+000 0.000000e+000 
2.110895e-252 7.005030e-204 8.717352e-156 1.750749e-056 1.960784e-002 
2.544388e-300 1.055448e-251 1.751258e-203 3.065123e-112 3.844675e-004 
0.000000e+000 0.000000e+000 3.166343e-281 5.366261e-138 7.538579e-006 
0.000000e+000 0.000000e+000 0.000000e+000 9.394978e-194 8.868916e-007 
0.000000e+000 0.000000e+000 0.000000e+000 1.644825e-249 3.478006e-008 
0.000000e+000 0.000000e+000 0.000000e+000 2.879676e-305 1.363924e-009 
0.000000e+000 0.000000e+000 0.000000e+000 0.000000e+000 1.604617e-010 
0.000000e+000 0.000000e+000 0.000000e+000 0.000000e+000 1.887784e-011 
0.000000e+000 0.000000e+000 0.000000e+000 0.000000e+000 2.220923e-012 
0.000000e+000 0.000000e+000 0.000000e+000 0.000000e+000 2.612850e-013 
0.000000e+000 0.000000e+000 0.000000e+000 0.000000e+000 3.073941e-014 
0.000000e+000 0.000000e+000 0.000000e+000 0.000000e+000 1.808201e-015 
0.000000e+000 0.000000e+000 0.000000e+000 0.000000e+000 1.063647e-016 
0.000000e+000 0.000000e+000 0.000000e+000 0.000000e+000 6.256750e-018 
0.000000e+000 0.000000e+000 0.000000e+000 0.000000e+000 8.587696e-019 
0.000000e+000 0.000000e+000 0.000000e+000 0.000000e+000 1.178703e-019 
0.000000e+000 0.000000e+000 0.000000e+000 0.000000e+000 1.617828e-020 
0.000000e+000 0.000000e+000 0.000000e+000 0.000000e+000 2.220548e-021 
0.000000e+000 0.000000e+000 0.000000e+000 0.000000e+000 3.047812e-022 
0.000000e+000 0.000000e+000 0.000000e+000 0.000000e+000 4.183271e-023 
0.000000e+000 0.000000e+000 0.000000e+000 0.000000e+000 5.741744e-024 
0.000000e+000 0.000000e+000 0.000000e+000 0.000000e+000 4.503329e-025 
0.000000e+000 0.000000e+000 0.000000e+000 0.000000e+000 3.532023e-026 
0.000000e+000 0.000000e+000 0.000000e+000 0.000000e+000 4.847874e-027 
0.000000e+000 0.000000e+000 0.000000e+000 0.000000e+000 6.653945e-028 
0.000000e+000 0.000000e+000 0.000000e+000 0.000000e+000 5.218780e-029 
0.000000e+000 0.000000e+000 0.000000e+000 0.000000e+000 4.093161e-030 
0.000000e+000 0.000000e+000 0.000000e+000 0.000000e+000 5.618064e-031 
0.000000e+000 0.000000e+000 0.000000e+000 0.000000e+000 5.507906e-032 
0.000000e+000 0.000000e+000 0.000000e+000 0.000000e+000 4.319926e-033 
0.000000e+000 0.000000e+000 0.000000e+000 0.000000e+000 3.388177e-034 
0.000000e+000 0.000000e+000 0.000000e+000 0.000000e+000 3.321743e-035 
0.000000e+000 0.000000e+000 0.000000e+000 0.000000e+000 3.256610e-036 
0.000000e+000 0.000000e+000 0.000000e+000 0.000000e+000 4.469857e-037 
0.000000e+000 0.000000e+000 0.000000e+000 0.000000e+000 6.135098e-038 
0.000000e+000 0.000000e+000 0.000000e+000 0.000000e+000 6.014802e-039 
0.000000e+000 0.000000e+000 0.000000e+000 0.000000e+000 8.255611e-040 
0.000000e+000 0.000000e+000 0.000000e+000 0.000000e+000 1.133123e-040 
0.000000e+000 0.000000e+000 0.000000e+000 0.000000e+000 8.887240e-042 
0.000000e+000 0.000000e+000 0.000000e+000 0.000000e+000 8.712980e-043 
0.000000e+000 0.000000e+000 0.000000e+000 0.000000e+000 1.708428e-043 
0.000000e+000 0.000000e+000 0.000000e+000 0.000000e+000 3.349858e-044 
0.000000e+000 0.000000e+000 0.000000e+000 0.000000e+000 6.568349e-045 
0.000000e+000 0.000000e+000 0.000000e+000 0.000000e+000 1.287912e-045 
0.000000e+000 0.000000e+000 0.000000e+000 0.000000e+000 2.525317e-046 
0.000000e+000 0.000000e+000 0.000000e+000 0.000000e+000 4.951601e-047 
0.000000e+000 0.000000e+000 0.000000e+000 0.000000e+000 3.883609e-048 
0.000000e+000 0.000000e+000 0.000000e+000 0.000000e+000 7.614920e-049 
0.000000e+000 0.000000e+000 0.000000e+000 0.000000e+000 1.493121e-049 
0.000000e+000 0.000000e+000 0.000000e+000 0.000000e+000 2.927689e-050 
0.000000e+000 0.000000e+000 0.000000e+000 0.000000e+000 5.740567e-051 


5.740567e-051 1.125601e-082 2.207062e-084 4.327572e-056 4.327572e-056 
2.927689e-109 5.740567e-051 1.125601e-082 2.207062e-054 2.207062e-054 
1.493121e-137 2.927689e-109 5.740567e-051 1.125601e-052 1.125601e-052 
7.614920e-076 1.493121e-107 2.927689e-079 5.740567e-051 5.740567e-051 
6.472682e-105 7.614920e-046 1.493121e-077 2.927689e-049 2.927689e-049 
1.650534e-133 6.472682e-105 7.614920e-046 1.493121e-047 1.493121e-047 
4.208861e-132 1.650534e-103 6.472682e-075 7.614920e-046 7.614920e-046 
3.577532e-131 4.208861e-102 1.650534e-073 6.472682e-045 6.472682e-045 
3.040902e-130 3.577532e-101 4.208861e-072 1.650534e-043 1.650534e-043 
2.584767e-129 3.040902e-100 3.577532e-071 4.208861e-042 4.208861e-042 
2.197052e-128 2.584767e-099 3.040902e-070 3.577532e-041 3.577532e-041 
1.867494e-127 2.197052e-098 2.584767e-069 3.040902e-040 3.040902e-040 
3.174740e-126 1.867494e-097 2.197052e-068 2.584767e-039 2.584767e-039 
5.397058e-125 3.174740e-096 1.867494e-067 2.197052e-038 2.197052e-038 
9.174998e-124 5.397058e-095 3.174740e-066 1.867494e-037 1.867494e-037 
6.684642e-123 9.174998e-094 5.397058e-065 3.174740e-036 3.174740e-036 
4.870239e-122 6.684642e-093 9.174998e-064 5.397058e-035 5.397058e-035 
3.548317e-121 4.870239e-092 6.684642e-063 9.174998e-034 9.174998e-034 
2.585202e-120 3.548317e-091 4.870239e-062 6.684642e-033 6.684642e-033 
1.883505e-119 2.585202e-090 3.548317e-061 4.870239e-032 4.870239e-032 
1.372268e-118 1.883505e-089 2.585202e-060 3.548317e-031 3.548317e-031 
9.997950e-118 1.372268e-088 1.883505e-059 2.585202e-030 2.585202e-030 
1.274739e-116 9.997950e-088 1.372268e-058 1.883505e-029 1.883505e-029 
1.625292e-115 1.274739e-086 9.997950e-058 1.372268e-028 1.372268e-028 
1.184141e-114 1.625292e-085 1.274739e-056 9.997950e-028 9.997950e-028 
8.627314e-114 1.184141e-084 1.625292e-055 1.274739e-026 1.274739e-026 
1.099983e-112 8.627314e-084 1.184141e-054 1.625292e-025 1.625292e-025 
1.402478e-111 1.099983e-082 8.627314e-054 1.184141e-024 1.184141e-024 
1.021805e-110 1.402478e-081 1.099983e-052 8.627314e-024 8.627314e-024 
1.042241e-109 1.021805e-080 1.402478e-051 1.099983e-022 1.099983e-022 
1.328858e-108 1.042241e-079 1.021805e-050 1.402478e-021 1.402478e-021 
1.694293e-107 1.328858e-078 1.042241e-049 1.021805e-020 1.021805e-020 
1.728179e-106 1.694293e-077 1.328858e-048 1.042241e-019 1.042241e-019 
1.762743e-105 1.728179e-076 1.694293e-047 1.328858e-018 1.328858e-018 
1.284284e-104 1.762743e-075 1.728179e-046 1.694293e-017 1.694293e-017 
9.356927e-104 1.284284e-074 1.762743e-045 1.728179e-016 1.728179e-016 
9.544066e-103 9.356927e-074 1.284284e-044 1.762743e-015 1.762743e-015 
6.953534e-102 9.544066e-073 9.356927e-044 1.284284e-014 1.284284e-014 
5.066146e-101 6.953534e-072 9.544066e-043 9.356927e-014 9.356927e-014 
6.459336e-100 5.066146e-071 6.953534e-042 9.544066e-013 9.544066e-013 
6.588523e-099 6.459336e-070 5.066146e-041 6.953534e-012 6.953534e-012 
3.360147e-098 6.588523e-069 6.459336e-040 5.066146e-011 5.066146e-011 
1.713675e-097 3.360147e-068 6.588523e-039 6.459336e-010 6.459336e-010 
8.739741e-097 1.713675e-067 3.360147e-038 6.588523e-009 6.588523e-009 
4.457268e-096 8.739741e-067 1.713675e-037 3.360147e-008 3.360147e-008 
2.273207e-095 4.457268e-066 8.739741e-037 1.713675e-007 1.713675e-007 
1.159335e-094 2.273207e-065 4.457268e-036 8.739741e-007 8.739741e-007 
1.478153e-093 1.159335e-064 2.273207e-035 4.457268e-006 4.457268e-006 
7.538579e-093 1.478153e-063 1.159335e-034 2.273207e-005 2.273207e-005 
3.844675e-092 7.538579e-063 1.478153e-033 1.159335e-004 1.159335e-004 
1.960784e-091 3.844675e-062 7.538579e-033 1.478153e-003 1.478153e-003 
1.000000e-090 1.960784e-061 3.844675e-032 7.538579e-003 7.538579e-003 
1.000000e-060 1.000000e-060 1.960784e-031 3.844675e-002 3.844675e-002 
1.000000e-030 1.000000e-030 1.000000e-030 1.960784e-001 1.960784e-001 
1.000000e+000 1.000000e+000 1.000000e+000 1.000000e+000 1.000000e+000 


1.000000e+000 0.000000e+000 0.000000e+000 0.000000e+000 0.000000e+000 
6.147335e-107 1.000000e+000 0.000000e+000 0.000000e+000 0.000000e+000 
3.778972e-183 1.229467e-106 1.000000e+000 0.000000e+000 0.000000e+000 
2.323061e-199 1.133692e-182 1.844200e-106 1.000000e+000 0.000000e+000 
2.380105e-306 9.292243e-199 2.267383e-182 8.928821e-055 1.000000e+000 
0.000000e+000 1.190053e-305 2.323061e-198 7.972384e-109 1.000000e+000 
0.000000e+000 0.000000e+000 3.570158e-305 7.118399e-133 1.000000e+000 
0.000000e+000 0.000000e+000 0.000000e+000 1.059315e-187 1.000000e+000 
0.000000e+000 0.000000e+000 0.000000e+000 4.729218e-242 1.000000e+000 
0.000000e+000 0.000000e+000 0.000000e+000 2.111317e-296 1.000000e+000 
0.000000e+000 0.000000e+000 0.000000e+000 0.000000e+000 1.000000e+000 
0.000000e+000 0.000000e+000 0.000000e+000 0.000000e+000 1.000000e+000 
0.000000e+000 0.000000e+000 0.000000e+000 0.000000e+000 1.000000e+000 
0.000000e+000 0.000000e+000 0.000000e+000 0.000000e+000 1.000000e+000 
0.000000e+000 0.000000e+000 0.000000e+000 0.000000e+000 1.000000e+000 
0.000000e+000 0.000000e+000 0.000000e+000 0.000000e+000 1.000000e+000 
0.000000e+000 0.000000e+000 0.000000e+000 0.000000e+000 1.000000e+000 
0.000000e+000 0.000000e+000 0.000000e+000 0.000000e+000 1.000000e+000 
0.000000e+000 0.000000e+000 0.000000e+000 0.000000e+000 1.000000e+000 
0.000000e+000 0.000000e+000 0.000000e+000 0.000000e+000 1.000000e+000 
0.000000e+000 0.000000e+000 0.000000e+000 0.000000e+000 1.000000e+000 
0.000000e+000 0.000000e+000 0.000000e+000 0.000000e+000 1.000000e+000 
0.000000e+000 0.000000e+000 0.000000e+000 0.000000e+000 1.000000e+000 
0.000000e+000 0.000000e+000 0.000000e+000 0.000000e+000 1.000000e+000 
0.000000e+000 0.000000e+000 0.000000e+000 0.000000e+000 1.000000e+000 
0.000000e+000 0.000000e+000 0.000000e+000 0.000000e+000 1.000000e+000 
0.000000e+000 0.000000e+000 0.000000e+000 0.000000e+000 1.000000e+000 
0.000000e+000 0.000000e+000 0.000000e+000 0.000000e+000 1.000000e+000 
0.000000e+000 0.000000e+000 0.000000e+000 0.000000e+000 1.000000e+000 
0.000000e+000 0.000000e+000 0.000000e+000 0.000000e+000 1.000000e+000 
0.000000e+000 0.000000e+000 0.000000e+000 0.000000e+000 1.000000e+000 
0.000000e+000 0.000000e+000 0.000000e+000 0.000000e+000 1.000000e+000 
0.000000e+000 0.000000e+000 0.000000e+000 0.000000e+000 1.000000e+000 
0.000000e+000 0.000000e+000 0.000000e+000 0.000000e+000 1.000000e+000 
0.000000e+000 0.000000e+000 0.000000e+000 0.000000e+000 1.000000e+000 
0.000000e+000 0.000000e+000 0.000000e+000 0.000000e+000 1.000000e+000 
0.000000e+000 0.000000e+000 0.000000e+000 0.000000e+000 1.000000e+000 
0.000000e+000 0.000000e+000 0.000000e+000 0.000000e+000 1.000000e+000 
0.000000e+000 0.000000e+000 0.000000e+000 0.000000e+000 1.000000e+000 
0.000000e+000 0.000000e+000 0.000000e+000 0.000000e+000 1.000000e+000 
0.000000e+000 0.000000e+000 0.000000e+000 0.000000e+000 1.000000e+000 
0.000000e+000 0.000000e+000 0.000000e+000 0.000000e+000 1.000000e+000 
0.000000e+000 0.000000e+000 0.000000e+000 0.000000e+000 1.000000e+000 
0.000000e+000 0.000000e+000 0.000000e+000 0.000000e+000 1.000000e+000 
0.000000e+000 0.000000e+000 0.000000e+000 0.000000e+000 1.000000e+000 
0.000000e+000 0.000000e+000 0.000000e+000 0.000000e+000 1.000000e+000 
0.000000e+000 0.000000e+000 0.000000e+000 0.000000e+000 1.000000e+000 
0.000000e+000 0.000000e+000 0.000000e+000 0.000000e+000 1.000000e+000 
0.000000e+000 0.000000e+000 0.000000e+000 0.000000e+000 1.000000e+000 
0.000000e+000 0.000000e+000 0.000000e+000 0.000000e+000 1.000000e+000 
0.000000e+000 0.000000e+000 0.000000e+000 0.000000e+000 1.000000e+000 
0.000000e+000 0.000000e+000 0.000000e+000 0.000000e+000 1.000000e+000 
0.000000e+000 0.000000e+000 0.000000e+000 0.000000e+000 1.000000e+000 
0.000000e+000 0.000000e+000 0.000000e+000 0.000000e+000 1.000000e+000 
0.000000e+000 0.000000e+000 0.000000e+000 0.000000e+000 1.000000e+000 



Q star

------------
1  2  3  4  5  5  5  5  5  5  5  5  5  5  5  5  5  5  5  5  5  5  5  5  5  5  5  5  5  5  5  5  5  5  5  5  5  5  5  5  5  5  5  5  5  5  5  5  5  5  5  5  5  5  5  
------------

P star

-----------
5.740567e-051

A Martrix

6.147335e-107 1.000000e+000 0.000000e+000 0.000000e+000 0.000000e+000 
0.000000e+000 6.147335e-107 1.000000e+000 0.000000e+000 0.000000e+000 
0.000000e+000 0.000000e+000 6.147335e-107 1.000000e+000 0.000000e+000 
0.000000e+000 0.000000e+000 0.000000e+000 8.928821e-055 1.000000e+000 
0.000000e+000 0.000000e+000 0.000000e+000 0.000000e+000 1.000000e+000 

B Martrix

1.000000e-030 1.000000e-030 1.000000e-030 1.000000e-030 1.000000e-030 1.000000e-030 1.000000e-030 1.000000e-030 1.000000e-030 1.000000e-030 1.000000e-030 1.000000e-030 1.000000e-030 1.000000e-030 1.000000e-030 1.000000e-030 1.000000e-030 1.000000e-030 1.000000e-030 1.000000e-030 1.000000e-030 1.000000e+000 1.000000e-030 1.000000e-030 1.000000e-030 1.000000e-030 1.000000e-030 1.000000e-030 1.000000e-030 1.000000e-030 1.000000e-030 1.000000e-030 
1.000000e-030 1.000000e-030 1.000000e-030 1.000000e-030 1.000000e-030 1.000000e-030 1.000000e-030 1.000000e-030 1.000000e-030 1.000000e-030 1.000000e-030 1.000000e-030 1.000000e-030 1.000000e-030 1.000000e-030 1.000000e-030 1.000000e-030 1.000000e-030 1.000000e-030 1.000000e-030 1.000000e-030 1.000000e+000 1.000000e-030 1.000000e-030 1.000000e-030 1.000000e-030 1.000000e-030 1.000000e-030 1.000000e-030 1.000000e-030 1.000000e-030 1.000000e-030 
1.000000e-030 1.000000e-030 1.000000e-030 1.000000e-030 1.000000e-030 1.000000e-030 1.000000e-030 1.000000e-030 1.000000e-030 1.000000e-030 1.000000e-030 1.000000e-030 1.000000e-030 1.000000e-030 1.000000e-030 1.000000e-030 1.000000e-030 1.000000e-030 1.000000e-030 1.000000e-030 1.000000e-030 1.000000e+000 1.000000e-030 1.000000e-030 1.000000e-030 1.000000e-030 1.000000e-030 1.000000e-030 1.000000e-030 1.000000e-030 1.000000e-030 1.000000e-030 
1.000000e-030 1.000000e-030 1.000000e-030 1.000000e-030 1.000000e-030 1.000000e-030 1.000000e+000 1.000000e-030 1.000000e-030 1.000000e-030 1.000000e-030 1.000000e-030 1.000000e-030 1.000000e-030 1.000000e-030 1.000000e-030 1.000000e-030 1.000000e-030 1.000000e-030 1.000000e-030 1.000000e-030 1.000000e-030 1.000000e-030 1.000000e-030 1.000000e-030 1.000000e-030 1.000000e-030 1.000000e-030 1.000000e-030 1.000000e-030 1.000000e-030 1.000000e-030 
1.000000e-030 1.000000e-030 5.882353e-002 7.843137e-002 1.000000e-030 1.176471e-001 1.960784e-002 1.000000e-030 1.000000e-030 1.372549e-001 1.000000e-030 7.843137e-002 1.000000e-030 1.960784e-002 1.000000e-030 1.000000e-030 1.000000e-030 1.000000e-030 1.372549e-001 9.803922e-002 1.000000e-030 1.960784e-002 1.000000e-030 1.000000e-030 1.000000e-030 3.921569e-002 1.000000e-030 1.960784e-001 1.000000e-030 1.000000e-030 1.000000e-030 1.000000e-030 
Iteraion 4
-----------------

P(O|lamda) = 5.740567e-051

1.000000e+000 0.000000e+000 0.000000e+000 0.000000e+000 0.000000e+000 
6.147335e-107 1.000000e+000 0.000000e+000 0.000000e+000 0.000000e+000 
3.778972e-213 1.229467e-106 1.000000e+000 0.000000e+000 0.000000e+000 
0.000000e+000 1.133692e-242 1.844200e-136 1.000000e+000 0.000000e+000 
0.000000e+000 0.000000e+000 2.267383e-272 8.928821e-085 1.960784e-002 
0.000000e+000 0.000000e+000 0.000000e+000 7.972384e-169 3.844675e-004 
0.000000e+000 0.000000e+000 0.000000e+000 7.118399e-223 7.538579e-006 
0.000000e+000 0.000000e+000 0.000000e+000 6.355891e-307 8.868916e-007 
0.000000e+000 0.000000e+000 0.000000e+000 0.000000e+000 3.478006e-008 
0.000000e+000 0.000000e+000 0.000000e+000 0.000000e+000 1.363924e-009 
0.000000e+000 0.000000e+000 0.000000e+000 0.000000e+000 1.604617e-010 
0.000000e+000 0.000000e+000 0.000000e+000 0.000000e+000 1.887784e-011 
0.000000e+000 0.000000e+000 0.000000e+000 0.000000e+000 2.220923e-012 
0.000000e+000 0.000000e+000 0.000000e+000 0.000000e+000 2.612850e-013 
0.000000e+000 0.000000e+000 0.000000e+000 0.000000e+000 3.073941e-014 
0.000000e+000 0.000000e+000 0.000000e+000 0.000000e+000 1.808201e-015 
0.000000e+000 0.000000e+000 0.000000e+000 0.000000e+000 1.063647e-016 
0.000000e+000 0.000000e+000 0.000000e+000 0.000000e+000 6.256750e-018 
0.000000e+000 0.000000e+000 0.000000e+000 0.000000e+000 8.587696e-019 
0.000000e+000 0.000000e+000 0.000000e+000 0.000000e+000 1.178703e-019 
0.000000e+000 0.000000e+000 0.000000e+000 0.000000e+000 1.617828e-020 
0.000000e+000 0.000000e+000 0.000000e+000 0.000000e+000 2.220548e-021 
0.000000e+000 0.000000e+000 0.000000e+000 0.000000e+000 3.047812e-022 
0.000000e+000 0.000000e+000 0.000000e+000 0.000000e+000 4.183271e-023 
0.000000e+000 0.000000e+000 0.000000e+000 0.000000e+000 5.741744e-024 
0.000000e+000 0.000000e+000 0.000000e+000 0.000000e+000 4.503329e-025 
0.000000e+000 0.000000e+000 0.000000e+000 0.000000e+000 3.532023e-026 
0.000000e+000 0.000000e+000 0.000000e+000 0.000000e+000 4.847874e-027 
0.000000e+000 0.000000e+000 0.000000e+000 0.000000e+000 6.653945e-028 
0.000000e+000 0.000000e+000 0.000000e+000 0.000000e+000 5.218780e-029 
0.000000e+000 0.000000e+000 0.000000e+000 0.000000e+000 4.093161e-030 
0.000000e+000 0.000000e+000 0.000000e+000 0.000000e+000 5.618064e-031 
0.000000e+000 0.000000e+000 0.000000e+000 0.000000e+000 5.507906e-032 
0.000000e+000 0.000000e+000 0.000000e+000 0.000000e+000 4.319926e-033 
0.000000e+000 0.000000e+000 0.000000e+000 0.000000e+000 3.388177e-034 
0.000000e+000 0.000000e+000 0.000000e+000 0.000000e+000 3.321743e-035 
0.000000e+000 0.000000e+000 0.000000e+000 0.000000e+000 3.256610e-036 
0.000000e+000 0.000000e+000 0.000000e+000 0.000000e+000 4.469857e-037 
0.000000e+000 0.000000e+000 0.000000e+000 0.000000e+000 6.135098e-038 
0.000000e+000 0.000000e+000 0.000000e+000 0.000000e+000 6.014802e-039 
0.000000e+000 0.000000e+000 0.000000e+000 0.000000e+000 8.255611e-040 
0.000000e+000 0.000000e+000 0.000000e+000 0.000000e+000 1.133123e-040 
0.000000e+000 0.000000e+000 0.000000e+000 0.000000e+000 8.887240e-042 
0.000000e+000 0.000000e+000 0.000000e+000 0.000000e+000 8.712980e-043 
0.000000e+000 0.000000e+000 0.000000e+000 0.000000e+000 1.708428e-043 
0.000000e+000 0.000000e+000 0.000000e+000 0.000000e+000 3.349858e-044 
0.000000e+000 0.000000e+000 0.000000e+000 0.000000e+000 6.568349e-045 
0.000000e+000 0.000000e+000 0.000000e+000 0.000000e+000 1.287912e-045 
0.000000e+000 0.000000e+000 0.000000e+000 0.000000e+000 2.525317e-046 
0.000000e+000 0.000000e+000 0.000000e+000 0.000000e+000 4.951601e-047 
0.000000e+000 0.000000e+000 0.000000e+000 0.000000e+000 3.883609e-048 
0.000000e+000 0.000000e+000 0.000000e+000 0.000000e+000 7.614920e-049 
0.000000e+000 0.000000e+000 0.000000e+000 0.000000e+000 1.493121e-049 
0.000000e+000 0.000000e+000 0.000000e+000 0.000000e+000 2.927689e-050 
0.000000e+000 0.000000e+000 0.000000e+000 0.000000e+000 5.740567e-051 


5.740567e-051 1.125601e-082 2.207062e-084 4.327572e-056 4.327572e-056 
2.927689e-109 5.740567e-051 1.125601e-082 2.207062e-054 2.207062e-054 
1.493121e-137 2.927689e-109 5.740567e-051 1.125601e-052 1.125601e-052 
7.614920e-076 1.493121e-107 2.927689e-079 5.740567e-051 5.740567e-051 
6.472682e-105 7.614920e-046 1.493121e-077 2.927689e-049 2.927689e-049 
1.650534e-133 6.472682e-105 7.614920e-046 1.493121e-047 1.493121e-047 
4.208861e-132 1.650534e-103 6.472682e-075 7.614920e-046 7.614920e-046 
3.577532e-131 4.208861e-102 1.650534e-073 6.472682e-045 6.472682e-045 
3.040902e-130 3.577532e-101 4.208861e-072 1.650534e-043 1.650534e-043 
2.584767e-129 3.040902e-100 3.577532e-071 4.208861e-042 4.208861e-042 
2.197052e-128 2.584767e-099 3.040902e-070 3.577532e-041 3.577532e-041 
1.867494e-127 2.197052e-098 2.584767e-069 3.040902e-040 3.040902e-040 
3.174740e-126 1.867494e-097 2.197052e-068 2.584767e-039 2.584767e-039 
5.397058e-125 3.174740e-096 1.867494e-067 2.197052e-038 2.197052e-038 
9.174998e-124 5.397058e-095 3.174740e-066 1.867494e-037 1.867494e-037 
6.684642e-123 9.174998e-094 5.397058e-065 3.174740e-036 3.174740e-036 
4.870239e-122 6.684642e-093 9.174998e-064 5.397058e-035 5.397058e-035 
3.548317e-121 4.870239e-092 6.684642e-063 9.174998e-034 9.174998e-034 
2.585202e-120 3.548317e-091 4.870239e-062 6.684642e-033 6.684642e-033 
1.883505e-119 2.585202e-090 3.548317e-061 4.870239e-032 4.870239e-032 
1.372268e-118 1.883505e-089 2.585202e-060 3.548317e-031 3.548317e-031 
9.997950e-118 1.372268e-088 1.883505e-059 2.585202e-030 2.585202e-030 
1.274739e-116 9.997950e-088 1.372268e-058 1.883505e-029 1.883505e-029 
1.625292e-115 1.274739e-086 9.997950e-058 1.372268e-028 1.372268e-028 
1.184141e-114 1.625292e-085 1.274739e-056 9.997950e-028 9.997950e-028 
8.627314e-114 1.184141e-084 1.625292e-055 1.274739e-026 1.274739e-026 
1.099983e-112 8.627314e-084 1.184141e-054 1.625292e-025 1.625292e-025 
1.402478e-111 1.099983e-082 8.627314e-054 1.184141e-024 1.184141e-024 
1.021805e-110 1.402478e-081 1.099983e-052 8.627314e-024 8.627314e-024 
1.042241e-109 1.021805e-080 1.402478e-051 1.099983e-022 1.099983e-022 
1.328858e-108 1.042241e-079 1.021805e-050 1.402478e-021 1.402478e-021 
1.694293e-107 1.328858e-078 1.042241e-049 1.021805e-020 1.021805e-020 
1.728179e-106 1.694293e-077 1.328858e-048 1.042241e-019 1.042241e-019 
1.762743e-105 1.728179e-076 1.694293e-047 1.328858e-018 1.328858e-018 
1.284284e-104 1.762743e-075 1.728179e-046 1.694293e-017 1.694293e-017 
9.356927e-104 1.284284e-074 1.762743e-045 1.728179e-016 1.728179e-016 
9.544066e-103 9.356927e-074 1.284284e-044 1.762743e-015 1.762743e-015 
6.953534e-102 9.544066e-073 9.356927e-044 1.284284e-014 1.284284e-014 
5.066146e-101 6.953534e-072 9.544066e-043 9.356927e-014 9.356927e-014 
6.459336e-100 5.066146e-071 6.953534e-042 9.544066e-013 9.544066e-013 
6.588523e-099 6.459336e-070 5.066146e-041 6.953534e-012 6.953534e-012 
3.360147e-098 6.588523e-069 6.459336e-040 5.066146e-011 5.066146e-011 
1.713675e-097 3.360147e-068 6.588523e-039 6.459336e-010 6.459336e-010 
8.739741e-097 1.713675e-067 3.360147e-038 6.588523e-009 6.588523e-009 
4.457268e-096 8.739741e-067 1.713675e-037 3.360147e-008 3.360147e-008 
2.273207e-095 4.457268e-066 8.739741e-037 1.713675e-007 1.713675e-007 
1.159335e-094 2.273207e-065 4.457268e-036 8.739741e-007 8.739741e-007 
1.478153e-093 1.159335e-064 2.273207e-035 4.457268e-006 4.457268e-006 
7.538579e-093 1.478153e-063 1.159335e-034 2.273207e-005 2.273207e-005 
3.844675e-092 7.538579e-063 1.478153e-033 1.159335e-004 1.159335e-004 
1.960784e-091 3.844675e-062 7.538579e-033 1.478153e-003 1.478153e-003 
1.000000e-090 1.960784e-061 3.844675e-032 7.538579e-003 7.538579e-003 
1.000000e-060 1.000000e-060 1.960784e-031 3.844675e-002 3.844675e-002 
1.000000e-030 1.000000e-030 1.000000e-030 1.960784e-001 1.960784e-001 
1.000000e+000 1.000000e+000 1.000000e+000 1.000000e+000 1.000000e+000 


1.000000e+000 0.000000e+000 0.000000e+000 0.000000e+000 0.000000e+000 
3.135141e-165 1.000000e+000 0.000000e+000 0.000000e+000 0.000000e+000 
9.829107e-300 6.270281e-165 1.000000e+000 0.000000e+000 0.000000e+000 
0.000000e+000 2.948732e-299 9.405422e-165 1.000000e+000 0.000000e+000 
0.000000e+000 0.000000e+000 5.897464e-299 4.553699e-083 1.000000e+000 
0.000000e+000 0.000000e+000 0.000000e+000 2.073617e-165 1.000000e+000 
0.000000e+000 0.000000e+000 0.000000e+000 9.442628e-218 1.000000e+000 
0.000000e+000 0.000000e+000 0.000000e+000 7.166481e-301 1.000000e+000 
0.000000e+000 0.000000e+000 0.000000e+000 0.000000e+000 1.000000e+000 
0.000000e+000 0.000000e+000 0.000000e+000 0.000000e+000 1.000000e+000 
0.000000e+000 0.000000e+000 0.000000e+000 0.000000e+000 1.000000e+000 
0.000000e+000 0.000000e+000 0.000000e+000 0.000000e+000 1.000000e+000 
0.000000e+000 0.000000e+000 0.000000e+000 0.000000e+000 1.000000e+000 
0.000000e+000 0.000000e+000 0.000000e+000 0.000000e+000 1.000000e+000 
0.000000e+000 0.000000e+000 0.000000e+000 0.000000e+000 1.000000e+000 
0.000000e+000 0.000000e+000 0.000000e+000 0.000000e+000 1.000000e+000 
0.000000e+000 0.000000e+000 0.000000e+000 0.000000e+000 1.000000e+000 
0.000000e+000 0.000000e+000 0.000000e+000 0.000000e+000 1.000000e+000 
0.000000e+000 0.000000e+000 0.000000e+000 0.000000e+000 1.000000e+000 
0.000000e+000 0.000000e+000 0.000000e+000 0.000000e+000 1.000000e+000 
0.000000e+000 0.000000e+000 0.000000e+000 0.000000e+000 1.000000e+000 
0.000000e+000 0.000000e+000 0.000000e+000 0.000000e+000 1.000000e+000 
0.000000e+000 0.000000e+000 0.000000e+000 0.000000e+000 1.000000e+000 
0.000000e+000 0.000000e+000 0.000000e+000 0.000000e+000 1.000000e+000 
0.000000e+000 0.000000e+000 0.000000e+000 0.000000e+000 1.000000e+000 
0.000000e+000 0.000000e+000 0.000000e+000 0.000000e+000 1.000000e+000 
0.000000e+000 0.000000e+000 0.000000e+000 0.000000e+000 1.000000e+000 
0.000000e+000 0.000000e+000 0.000000e+000 0.000000e+000 1.000000e+000 
0.000000e+000 0.000000e+000 0.000000e+000 0.000000e+000 1.000000e+000 
0.000000e+000 0.000000e+000 0.000000e+000 0.000000e+000 1.000000e+000 
0.000000e+000 0.000000e+000 0.000000e+000 0.000000e+000 1.000000e+000 
0.000000e+000 0.000000e+000 0.000000e+000 0.000000e+000 1.000000e+000 
0.000000e+000 0.000000e+000 0.000000e+000 0.000000e+000 1.000000e+000 
0.000000e+000 0.000000e+000 0.000000e+000 0.000000e+000 1.000000e+000 
0.000000e+000 0.000000e+000 0.000000e+000 0.000000e+000 1.000000e+000 
0.000000e+000 0.000000e+000 0.000000e+000 0.000000e+000 1.000000e+000 
0.000000e+000 0.000000e+000 0.000000e+000 0.000000e+000 1.000000e+000 
0.000000e+000 0.000000e+000 0.000000e+000 0.000000e+000 1.000000e+000 
0.000000e+000 0.000000e+000 0.000000e+000 0.000000e+000 1.000000e+000 
0.000000e+000 0.000000e+000 0.000000e+000 0.000000e+000 1.000000e+000 
0.000000e+000 0.000000e+000 0.000000e+000 0.000000e+000 1.000000e+000 
0.000000e+000 0.000000e+000 0.000000e+000 0.000000e+000 1.000000e+000 
0.000000e+000 0.000000e+000 0.000000e+000 0.000000e+000 1.000000e+000 
0.000000e+000 0.000000e+000 0.000000e+000 0.000000e+000 1.000000e+000 
0.000000e+000 0.000000e+000 0.000000e+000 0.000000e+000 1.000000e+000 
0.000000e+000 0.000000e+000 0.000000e+000 0.000000e+000 1.000000e+000 
0.000000e+000 0.000000e+000 0.000000e+000 0.000000e+000 1.000000e+000 
0.000000e+000 0.000000e+000 0.000000e+000 0.000000e+000 1.000000e+000 
0.000000e+000 0.000000e+000 0.000000e+000 0.000000e+000 1.000000e+000 
0.000000e+000 0.000000e+000 0.000000e+000 0.000000e+000 1.000000e+000 
0.000000e+000 0.000000e+000 0.000000e+000 0.000000e+000 1.000000e+000 
0.000000e+000 0.000000e+000 0.000000e+000 0.000000e+000 1.000000e+000 
0.000000e+000 0.000000e+000 0.000000e+000 0.000000e+000 1.000000e+000 
0.000000e+000 0.000000e+000 0.000000e+000 0.000000e+000 1.000000e+000 
0.000000e+000 0.000000e+000 0.000000e+000 0.000000e+000 1.000000e+000 



Q star

------------
1  2  3  4  5  5  5  5  5  5  5  5  5  5  5  5  5  5  5  5  5  5  5  5  5  5  5  5  5  5  5  5  5  5  5  5  5  5  5  5  5  5  5  5  5  5  5  5  5  5  5  5  5  5  5  
------------

P star

-----------
5.740567e-051

A Martrix

3.135141e-165 1.000000e+000 0.000000e+000 0.000000e+000 0.000000e+000 
0.000000e+000 3.135141e-165 1.000000e+000 0.000000e+000 0.000000e+000 
0.000000e+000 0.000000e+000 3.135141e-165 1.000000e+000 0.000000e+000 
0.000000e+000 0.000000e+000 0.000000e+000 4.553699e-083 1.000000e+000 
0.000000e+000 0.000000e+000 0.000000e+000 0.000000e+000 1.000000e+000 

B Martrix

1.000000e-030 1.000000e-030 1.000000e-030 1.000000e-030 1.000000e-030 1.000000e-030 1.000000e-030 1.000000e-030 1.000000e-030 1.000000e-030 1.000000e-030 1.000000e-030 1.000000e-030 1.000000e-030 1.000000e-030 1.000000e-030 1.000000e-030 1.000000e-030 1.000000e-030 1.000000e-030 1.000000e-030 1.000000e+000 1.000000e-030 1.000000e-030 1.000000e-030 1.000000e-030 1.000000e-030 1.000000e-030 1.000000e-030 1.000000e-030 1.000000e-030 1.000000e-030 
1.000000e-030 1.000000e-030 1.000000e-030 1.000000e-030 1.000000e-030 1.000000e-030 1.000000e-030 1.000000e-030 1.000000e-030 1.000000e-030 1.000000e-030 1.000000e-030 1.000000e-030 1.000000e-030 1.000000e-030 1.000000e-030 1.000000e-030 1.000000e-030 1.000000e-030 1.000000e-030 1.000000e-030 1.000000e+000 1.000000e-030 1.000000e-030 1.000000e-030 1.000000e-030 1.000000e-030 1.000000e-030 1.000000e-030 1.000000e-030 1.000000e-030 1.000000e-030 
1.000000e-030 1.000000e-030 1.000000e-030 1.000000e-030 1.000000e-030 1.000000e-030 1.000000e-030 1.000000e-030 1.000000e-030 1.000000e-030 1.000000e-030 1.000000e-030 1.000000e-030 1.000000e-030 1.000000e-030 1.000000e-030 1.000000e-030 1.000000e-030 1.000000e-030 1.000000e-030 1.000000e-030 1.000000e+000 1.000000e-030 1.000000e-030 1.000000e-030 1.000000e-030 1.000000e-030 1.000000e-030 1.000000e-030 1.000000e-030 1.000000e-030 1.000000e-030 
1.000000e-030 1.000000e-030 1.000000e-030 1.000000e-030 1.000000e-030 1.000000e-030 1.000000e+000 1.000000e-030 1.000000e-030 1.000000e-030 1.000000e-030 1.000000e-030 1.000000e-030 1.000000e-030 1.000000e-030 1.000000e-030 1.000000e-030 1.000000e-030 1.000000e-030 1.000000e-030 1.000000e-030 1.000000e-030 1.000000e-030 1.000000e-030 1.000000e-030 1.000000e-030 1.000000e-030 1.000000e-030 1.000000e-030 1.000000e-030 1.000000e-030 1.000000e-030 
1.000000e-030 1.000000e-030 5.882353e-002 7.843137e-002 1.000000e-030 1.176471e-001 1.960784e-002 1.000000e-030 1.000000e-030 1.372549e-001 1.000000e-030 7.843137e-002 1.000000e-030 1.960784e-002 1.000000e-030 1.000000e-030 1.000000e-030 1.000000e-030 1.372549e-001 9.803922e-002 1.000000e-030 1.960784e-002 1.000000e-030 1.000000e-030 1.000000e-030 3.921569e-002 1.000000e-030 1.960784e-001 1.000000e-030 1.000000e-030 1.000000e-030 1.000000e-030 
=================
