6	6	12	6	12	12	12	6	6	12	12	6	6	6	6	10	6	6	10	26	10	10	12	12	28	28	4	4	12	12	12	12	12	28	12	12	12	28	28	12	12	12	12	12	12	28	12	28	12	12	12	4	12	4	3	11	12	12	19	12	20	12	

P(O|lamda) = 5.985827e-052

2.500000e-001 0.000000e+000 0.000000e+000 0.000000e+000 0.000000e+000 
1.606914e-003 6.089309e-002 0.000000e+000 0.000000e+000 0.000000e+000 
4.131478e-035 1.939267e-004 5.858015e-032 0.000000e+000 0.000000e+000 
2.655573e-037 1.841505e-006 9.328034e-005 2.038815e-032 0.000000e+000 
6.827644e-069 3.497343e-009 1.388903e-035 8.116287e-006 4.048248e-033 
1.755430e-100 6.642072e-012 3.364502e-039 1.814407e-007 1.611561e-006 
4.513322e-132 1.261447e-014 6.389783e-042 4.056133e-009 4.481463e-007 
2.901009e-134 1.197855e-016 6.067663e-015 3.627017e-010 4.777344e-008 
1.864669e-136 1.137469e-018 4.517241e-016 3.243510e-011 5.087031e-009 
4.794182e-168 2.160255e-021 5.977494e-047 7.251305e-013 1.307332e-009 
1.232614e-199 4.102705e-024 2.078200e-051 1.621039e-014 3.344640e-010 
7.922823e-202 3.895880e-026 1.973435e-024 1.449543e-015 3.540715e-011 
5.092519e-204 3.699482e-028 1.469178e-025 1.296189e-016 3.748264e-012 
3.273297e-206 3.512985e-030 9.720541e-027 1.159060e-017 3.967958e-013 
2.103963e-208 3.335889e-032 6.330574e-028 1.036438e-018 4.200513e-014 
2.704711e-211 6.335442e-035 8.226865e-059 1.158485e-020 4.079518e-015 
1.738496e-213 6.016061e-037 3.047400e-035 1.035924e-021 4.318522e-016 
1.117445e-215 5.712781e-039 2.268722e-036 9.263291e-023 4.571527e-017 
1.436511e-218 1.084958e-041 3.002113e-067 1.035411e-024 4.439767e-018 
3.693361e-250 2.060527e-044 1.043747e-071 1.157338e-026 9.423217e-020 
4.747932e-253 3.913304e-047 1.982261e-074 1.293622e-028 9.151610e-021 
6.103616e-256 7.432054e-050 3.764663e-077 1.445955e-030 8.887830e-022 
1.569278e-287 1.411478e-052 7.149759e-080 3.232453e-032 2.272858e-022 
4.034688e-319 2.680646e-055 1.357865e-082 7.226195e-034 5.812312e-023 
0.000000e+000 1.018204e-086 2.578826e-085 1.615426e-064 1.069860e-023 
0.000000e+000 3.867499e-118 4.329522e-116 3.611307e-095 1.969269e-024 
0.000000e+000 1.469013e-149 5.996274e-147 8.073128e-126 1.627269e-025 
0.000000e+000 5.579828e-181 7.930709e-178 1.804759e-156 1.344664e-026 
0.000000e+000 1.059708e-183 1.035597e-208 4.034564e-158 3.438670e-027 
0.000000e+000 2.012572e-186 1.019456e-213 9.019325e-160 8.793606e-028 
0.000000e+000 3.822230e-189 1.936128e-216 2.016283e-161 2.248763e-028 
0.000000e+000 7.259089e-192 3.677048e-219 4.507428e-163 5.750693e-029 
0.000000e+000 1.378629e-194 6.983364e-222 1.007642e-164 1.470608e-029 
0.000000e+000 5.236520e-226 1.326264e-224 2.252598e-195 2.706916e-030 
0.000000e+000 9.945076e-229 2.226629e-255 5.035713e-197 6.922316e-031 
0.000000e+000 1.888746e-231 9.567328e-259 1.125741e-198 1.770223e-031 
0.000000e+000 3.587061e-234 1.817004e-261 2.516609e-200 4.526938e-032 
0.000000e+000 1.362492e-265 3.450812e-264 5.625915e-231 8.332640e-033 
0.000000e+000 5.175227e-297 5.793476e-295 1.257681e-261 1.533772e-033 
0.000000e+000 9.828670e-300 0.000000e+000 2.811564e-263 3.922268e-034 
0.000000e+000 1.866638e-302 0.000000e+000 6.285291e-265 1.003030e-034 
0.000000e+000 3.545075e-305 0.000000e+000 1.405086e-266 2.565018e-035 
0.000000e+000 6.732723e-308 0.000000e+000 3.141088e-268 6.559444e-036 
0.000000e+000 1.278663e-310 0.000000e+000 7.021947e-270 1.677427e-036 
0.000000e+000 2.428407e-313 0.000000e+000 1.569766e-271 4.289634e-037 
0.000000e+000 0.000000e+000 0.000000e+000 3.509234e-302 7.895839e-038 
0.000000e+000 0.000000e+000 0.000000e+000 7.844942e-304 2.019179e-038 
0.000000e+000 0.000000e+000 0.000000e+000 0.000000e+000 3.716661e-039 
0.000000e+000 0.000000e+000 0.000000e+000 0.000000e+000 9.504505e-040 
0.000000e+000 0.000000e+000 0.000000e+000 0.000000e+000 2.430558e-040 
0.000000e+000 0.000000e+000 0.000000e+000 0.000000e+000 6.215594e-041 
0.000000e+000 0.000000e+000 0.000000e+000 0.000000e+000 5.136143e-042 
0.000000e+000 0.000000e+000 0.000000e+000 0.000000e+000 1.313450e-042 
0.000000e+000 0.000000e+000 0.000000e+000 0.000000e+000 1.085346e-043 
0.000000e+000 0.000000e+000 0.000000e+000 0.000000e+000 2.647564e-045 
0.000000e+000 0.000000e+000 0.000000e+000 0.000000e+000 2.162343e-047 
0.000000e+000 0.000000e+000 0.000000e+000 0.000000e+000 5.529696e-048 
0.000000e+000 0.000000e+000 0.000000e+000 0.000000e+000 1.414092e-048 
0.000000e+000 0.000000e+000 0.000000e+000 0.000000e+000 8.154654e-050 
0.000000e+000 0.000000e+000 0.000000e+000 0.000000e+000 2.085365e-050 
0.000000e+000 0.000000e+000 0.000000e+000 0.000000e+000 2.340710e-051 
0.000000e+000 0.000000e+000 0.000000e+000 0.000000e+000 5.985827e-052 



P(O|lamda) = 2.032727e-102

1.250000e-002 0.000000e+000 0.000000e+000 0.000000e+000 0.000000e+000 
1.234568e-125 1.562500e-004 0.000000e+000 0.000000e+000 0.000000e+000 
1.024234e-276 6.824387e-093 1.640625e-034 0.000000e+000 0.000000e+000 
0.000000e+000 1.490312e-180 1.025391e-037 3.199219e-036 0.000000e+000 
0.000000e+000 6.509098e-269 2.691650e-069 3.035943e-039 3.699981e-037 
0.000000e+000 0.000000e+000 7.065582e-101 2.406635e-042 5.120488e-038 
0.000000e+000 0.000000e+000 1.854715e-132 1.907773e-045 7.038046e-039 
0.000000e+000 0.000000e+000 1.159197e-135 6.049274e-048 3.034698e-040 
0.000000e+000 0.000000e+000 7.244982e-139 1.918138e-050 1.308515e-041 
0.000000e+000 0.000000e+000 1.901808e-170 1.520535e-053 1.798466e-042 
0.000000e+000 0.000000e+000 4.992245e-202 1.205349e-056 2.471871e-043 
0.000000e+000 0.000000e+000 3.120153e-205 3.821988e-059 1.065833e-044 
0.000000e+000 0.000000e+000 1.950096e-208 1.211897e-061 4.595707e-046 
0.000000e+000 0.000000e+000 1.218810e-211 3.842752e-064 1.981598e-047 
0.000000e+000 0.000000e+000 7.617562e-215 1.218481e-066 8.544346e-049 
0.000000e+000 0.000000e+000 1.999610e-246 4.829536e-070 7.219544e-051 
0.000000e+000 0.000000e+000 1.249756e-249 1.531376e-072 3.112956e-052 
0.000000e+000 0.000000e+000 7.810976e-253 4.855774e-075 1.342259e-053 
0.000000e+000 0.000000e+000 2.050381e-284 1.924620e-078 1.134141e-055 
0.000000e+000 0.000000e+000 5.382251e-316 7.628366e-082 1.203584e-058 
0.000000e+000 0.000000e+000 0.000000e+000 3.023556e-085 1.016968e-060 
0.000000e+000 0.000000e+000 0.000000e+000 1.198408e-088 8.592870e-063 
0.000000e+000 0.000000e+000 0.000000e+000 9.499946e-092 1.181032e-063 
0.000000e+000 0.000000e+000 0.000000e+000 7.530740e-095 1.623250e-064 
0.000000e+000 0.000000e+000 0.000000e+000 1.253642e-125 2.006869e-065 
0.000000e+000 0.000000e+000 0.000000e+000 2.086937e-156 2.481149e-066 
0.000000e+000 0.000000e+000 0.000000e+000 1.654344e-158 5.454493e-068 
0.000000e+000 0.000000e+000 0.000000e+000 1.311422e-160 1.199102e-069 
0.000000e+000 0.000000e+000 0.000000e+000 1.039582e-163 1.648085e-070 
0.000000e+000 0.000000e+000 0.000000e+000 8.240915e-167 2.265182e-071 
0.000000e+000 0.000000e+000 0.000000e+000 6.532689e-170 3.113341e-072 
0.000000e+000 0.000000e+000 0.000000e+000 5.178554e-173 4.279078e-073 
0.000000e+000 0.000000e+000 0.000000e+000 4.105112e-176 5.881307e-074 
0.000000e+000 0.000000e+000 0.000000e+000 6.833777e-207 7.271224e-075 
0.000000e+000 0.000000e+000 0.000000e+000 5.417231e-210 9.993810e-076 
0.000000e+000 0.000000e+000 0.000000e+000 4.294315e-213 1.373582e-076 
0.000000e+000 0.000000e+000 0.000000e+000 3.404164e-216 1.887897e-077 
0.000000e+000 0.000000e+000 0.000000e+000 5.666909e-247 2.334060e-078 
0.000000e+000 0.000000e+000 0.000000e+000 9.433700e-278 2.885663e-079 
0.000000e+000 0.000000e+000 0.000000e+000 7.478226e-281 3.966151e-080 
0.000000e+000 0.000000e+000 0.000000e+000 5.928094e-284 5.451209e-081 
0.000000e+000 0.000000e+000 0.000000e+000 4.699283e-287 7.492321e-082 
0.000000e+000 0.000000e+000 0.000000e+000 3.725188e-290 1.029769e-082 
0.000000e+000 0.000000e+000 0.000000e+000 2.953009e-293 1.415349e-083 
0.000000e+000 0.000000e+000 0.000000e+000 2.340891e-296 1.945302e-084 
0.000000e+000 0.000000e+000 0.000000e+000 0.000000e+000 2.405032e-085 
0.000000e+000 0.000000e+000 0.000000e+000 0.000000e+000 3.305555e-086 
0.000000e+000 0.000000e+000 0.000000e+000 0.000000e+000 4.086750e-087 
0.000000e+000 0.000000e+000 0.000000e+000 0.000000e+000 5.616964e-088 
0.000000e+000 0.000000e+000 0.000000e+000 0.000000e+000 7.720141e-089 
0.000000e+000 0.000000e+000 0.000000e+000 0.000000e+000 1.061082e-089 
0.000000e+000 0.000000e+000 0.000000e+000 0.000000e+000 2.332654e-091 
0.000000e+000 0.000000e+000 0.000000e+000 0.000000e+000 3.206077e-092 
0.000000e+000 0.000000e+000 0.000000e+000 0.000000e+000 7.048157e-094 
0.000000e+000 0.000000e+000 0.000000e+000 0.000000e+000 5.356347e-095 
0.000000e+000 0.000000e+000 0.000000e+000 0.000000e+000 5.983335e-096 
0.000000e+000 0.000000e+000 0.000000e+000 0.000000e+000 8.223693e-097 
0.000000e+000 0.000000e+000 0.000000e+000 0.000000e+000 1.130291e-097 
0.000000e+000 0.000000e+000 0.000000e+000 0.000000e+000 5.045047e-099 
0.000000e+000 0.000000e+000 0.000000e+000 0.000000e+000 6.934079e-100 
0.000000e+000 0.000000e+000 0.000000e+000 0.000000e+000 1.478956e-101 
0.000000e+000 0.000000e+000 0.000000e+000 0.000000e+000 2.032727e-102 



P(O|lamda) = 8.153385e-089

1.006250e-001 0.000000e+000 0.000000e+000 0.000000e+000 0.000000e+000 
6.013652e-005 6.251710e-005 0.000000e+000 0.000000e+000 0.000000e+000 
3.571616e-008 1.504518e-005 6.214580e-006 0.000000e+000 0.000000e+000 
2.134505e-011 7.803755e-011 1.904244e-008 5.936457e-009 0.000000e+000 
1.267721e-014 5.423149e-012 9.297885e-011 4.783087e-009 4.625941e-010 
7.529222e-018 1.120834e-014 9.552062e-013 2.083329e-010 4.154024e-010 
4.471741e-021 1.852248e-017 5.389053e-015 8.334419e-012 5.456365e-011 
2.672446e-024 7.153344e-023 3.244888e-019 1.300996e-015 1.328096e-013 
1.597134e-027 1.925890e-027 1.824137e-023 2.025908e-019 2.886961e-016 
9.485667e-031 3.999715e-028 8.182784e-026 7.887014e-021 2.665397e-017 
5.633708e-034 8.300238e-031 4.059673e-028 3.068973e-022 2.459994e-018 
3.366873e-037 3.431053e-036 2.374190e-032 4.771725e-026 5.304116e-021 
2.012144e-040 2.219158e-040 1.332428e-036 7.419172e-030 1.143535e-023 
1.202518e-043 1.258359e-043 7.481414e-041 1.153545e-033 2.465375e-026 
7.186607e-047 7.517808e-047 4.341597e-045 1.793550e-037 5.315160e-029 
5.335319e-053 8.985717e-051 2.831572e-076 3.485799e-042 1.757771e-031 
3.188546e-056 6.650256e-056 1.116544e-053 5.419772e-046 3.789619e-034 
1.905571e-059 2.005691e-059 7.072489e-058 8.426744e-050 8.170127e-037 
1.414691e-065 2.382707e-063 5.429806e-089 1.637754e-054 2.701935e-039 
8.843216e-098 3.526777e-069 2.492905e-093 3.183005e-059 1.433685e-043 
6.565181e-104 2.618270e-075 3.689887e-099 6.186230e-064 4.741326e-046 
4.873974e-110 1.943797e-081 2.739363e-105 1.202305e-068 1.567999e-048 
2.894741e-113 2.887584e-084 1.932253e-082 4.678079e-070 1.446803e-049 
1.719239e-116 4.289614e-087 1.151793e-084 1.820205e-071 1.334975e-050 
5.105434e-119 1.286578e-089 1.953379e-086 4.245124e-073 2.915132e-051 
1.516105e-121 3.858815e-092 3.104476e-088 9.900573e-075 6.365661e-052 
9.477151e-154 2.412140e-124 2.786391e-090 3.117196e-076 4.129690e-053 
5.924154e-186 1.507826e-156 2.494011e-092 9.814492e-078 2.679115e-054 
3.518462e-189 2.239931e-159 1.116156e-094 3.818745e-079 2.472037e-055 
2.089678e-192 3.327502e-162 4.995179e-097 1.485845e-080 2.280965e-056 
1.241097e-195 4.943128e-165 2.235514e-099 5.781310e-082 2.104662e-057 
7.371100e-199 7.343202e-168 1.000469e-101 2.249464e-083 1.941985e-058 
4.377829e-202 1.090860e-170 4.477443e-104 8.752495e-085 1.791883e-059 
1.300036e-204 3.271801e-173 7.013332e-106 2.041277e-086 3.912864e-060 
7.721146e-208 4.860383e-176 3.138707e-108 7.942453e-088 3.610425e-061 
4.585728e-211 7.220281e-179 1.404679e-110 3.090349e-089 3.331363e-062 
2.723546e-214 1.072600e-181 6.286420e-113 1.202431e-090 3.073871e-063 
8.087816e-217 3.217033e-184 9.846860e-115 2.804337e-092 6.712292e-064 
2.401750e-219 9.648802e-187 1.542383e-116 6.540339e-094 1.465737e-064 
1.426442e-222 1.433366e-189 6.902691e-119 2.544797e-095 1.352445e-065 
8.471898e-226 2.129318e-192 3.089191e-121 9.901611e-097 1.247910e-066 
5.031613e-229 3.163182e-195 1.382519e-123 3.852642e-098 1.151455e-067 
2.988365e-232 4.699025e-198 6.187247e-126 1.499034e-099 1.062455e-068 
1.774844e-235 6.980577e-201 2.769005e-128 5.832628e-101 9.803343e-070 
1.054112e-238 1.036991e-203 1.239225e-130 2.269432e-102 9.045610e-071 
3.130280e-241 3.110232e-206 1.941085e-132 5.292819e-104 1.975254e-071 
1.859130e-244 4.620366e-209 8.687019e-135 2.059396e-105 1.822580e-072 
5.520853e-247 1.385780e-211 1.360709e-136 4.802970e-107 3.979898e-073 
3.278934e-250 2.058628e-214 6.089638e-139 1.868799e-108 3.672278e-074 
1.947418e-253 3.058169e-217 2.725322e-141 7.271357e-110 3.388435e-075 
1.156606e-256 4.543024e-220 1.219675e-143 2.829230e-111 3.126531e-076 
7.229932e-289 2.839838e-252 1.091693e-145 8.907833e-113 2.028321e-077 
4.293987e-292 4.218686e-255 4.885700e-148 3.465970e-114 1.871545e-078 
4.940656e-324 2.637095e-287 4.373036e-150 1.091261e-115 1.214156e-079 
0.000000e+000 1.648450e-319 2.059831e-181 8.483544e-118 7.230031e-082 
0.000000e+000 9.881313e-324 6.913837e-185 9.892756e-121 4.039789e-083 
0.000000e+000 0.000000e+000 3.094179e-187 3.849197e-122 3.727540e-084 
0.000000e+000 0.000000e+000 1.384751e-189 1.497693e-123 3.439426e-085 
0.000000e+000 0.000000e+000 1.084516e-192 3.784034e-125 3.268531e-086 
0.000000e+000 0.000000e+000 4.853583e-195 1.472339e-126 3.015895e-087 
0.000000e+000 0.000000e+000 6.896560e-197 3.777204e-128 8.836379e-088 
0.000000e+000 0.000000e+000 3.086447e-199 1.469682e-129 8.153385e-089 



P(O|lamda) = 2.340894e-069

2.334194e-001 0.000000e+000 0.000000e+000 0.000000e+000 0.000000e+000 
1.484587e-002 2.547797e-002 0.000000e+000 0.000000e+000 0.000000e+000 
7.494222e-004 3.816393e-003 3.755537e-003 0.000000e+000 0.000000e+000 
4.766453e-005 2.426716e-004 7.912688e-004 3.818127e-004 0.000000e+000 
2.406114e-006 2.185793e-005 8.807498e-005 2.107832e-004 2.239586e-005 
1.214611e-007 1.677034e-006 9.043857e-006 4.251885e-005 1.442405e-005 
6.131378e-009 1.189066e-007 8.450167e-007 6.729905e-006 3.820887e-006 
3.899660e-010 5.681483e-009 7.161696e-008 4.518298e-007 2.613323e-006 
2.480250e-011 2.820552e-010 5.437297e-009 3.184804e-008 9.346941e-007 
1.252035e-012 2.067482e-011 4.009916e-010 4.757854e-009 8.785094e-008 
6.320295e-014 1.427972e-012 2.955386e-011 6.236972e-010 8.360519e-009 
4.019815e-015 6.709155e-014 2.111932e-012 3.691644e-011 2.821456e-009 
2.556670e-016 3.266858e-015 1.458917e-013 2.221941e-012 9.165143e-010 
1.626086e-017 1.656133e-016 9.881398e-015 1.356442e-013 2.957112e-010 
1.034218e-018 8.755940e-018 6.612713e-016 8.379881e-015 9.529114e-011 
4.201249e-020 6.425161e-019 5.488044e-017 8.711677e-016 1.131752e-011 
2.672066e-021 3.166951e-020 3.632756e-018 5.294682e-017 3.646113e-012 
1.699479e-022 1.626615e-021 2.389042e-019 3.248165e-018 1.174605e-012 
6.903704e-024 1.161343e-022 1.955097e-020 3.347276e-019 1.394976e-013 
1.980102e-054 1.882817e-024 6.723837e-051 8.408680e-025 5.046137e-015 
8.043664e-056 1.058024e-025 3.384555e-025 7.617625e-026 5.992848e-016 
3.267535e-057 5.945420e-027 4.630265e-026 6.423267e-026 7.117172e-017 
1.649457e-058 3.549751e-028 3.937069e-027 1.707813e-026 6.547111e-018 
8.326492e-060 2.119401e-029 3.125723e-028 2.767613e-027 6.022711e-019 
6.806362e-062 1.503551e-031 2.030486e-030 9.109934e-030 3.336836e-020 
5.563756e-064 1.066654e-033 1.334967e-032 3.507630e-032 1.848749e-021 
1.595782e-094 3.154575e-064 5.071548e-035 2.202731e-034 9.184328e-024 
4.576979e-125 9.329496e-095 1.635313e-037 1.156079e-036 4.562647e-026 
2.310468e-126 5.570235e-096 1.080973e-038 1.655436e-037 4.197195e-027 
1.166328e-127 3.325744e-097 7.145440e-040 2.103541e-038 3.861015e-028 
5.887647e-129 1.985657e-098 4.723273e-041 2.533397e-039 3.551761e-029 
2.972095e-130 1.185549e-099 3.122174e-042 2.968887e-040 3.267277e-030 
1.500319e-131 7.078396e-101 2.063817e-043 3.428143e-041 3.005580e-031 
1.226413e-133 5.021575e-103 1.164580e-045 9.421555e-044 1.665218e-032 
6.190953e-135 2.998163e-104 7.698101e-047 1.091577e-044 1.531840e-033 
3.125205e-136 1.790072e-105 5.088592e-048 1.252426e-045 1.409145e-034 
1.577609e-137 1.068774e-106 3.363657e-049 1.429050e-046 1.296278e-035 
1.289592e-139 7.582126e-109 1.898060e-051 3.900829e-049 7.181926e-037 
1.054157e-141 5.378933e-111 1.071046e-053 1.069775e-051 3.979091e-038 
5.321405e-143 3.211526e-112 7.079823e-055 1.234116e-052 3.660379e-039 
2.686255e-144 1.917462e-113 4.679899e-056 1.412531e-053 3.367196e-040 
1.356026e-145 1.144833e-114 3.093503e-057 1.609491e-054 3.097495e-041 
6.845246e-147 6.835298e-116 2.044865e-058 1.829174e-055 2.849397e-042 
3.455493e-148 4.081058e-117 1.351695e-059 2.075727e-056 2.621170e-043 
1.744339e-149 2.436622e-118 8.934964e-061 2.353461e-057 2.411223e-044 
1.425883e-151 1.728595e-120 5.041864e-063 6.400552e-060 1.335920e-045 
7.197885e-153 1.032068e-121 3.332769e-064 7.258803e-061 1.228917e-046 
5.883800e-155 7.321728e-124 1.880630e-066 1.974422e-063 6.808722e-048 
2.970153e-156 4.371484e-125 1.243133e-067 2.239861e-064 6.263367e-049 
1.499339e-157 2.610023e-126 8.217347e-069 2.539100e-065 5.761693e-050 
7.568689e-159 1.558331e-127 5.431825e-070 2.877074e-066 5.300202e-051 
2.170831e-189 4.608685e-158 1.751483e-072 1.055942e-068 2.633067e-053 
1.095840e-190 2.751644e-159 1.157764e-073 1.196144e-069 2.422168e-054 
3.143059e-221 8.137851e-190 3.733192e-076 4.389327e-072 1.203299e-056 
9.014838e-252 1.143203e-191 6.018808e-078 8.351553e-074 1.680968e-058 
6.140867e-255 1.605969e-195 7.277831e-082 1.135006e-077 4.696216e-061 
3.099921e-256 9.588540e-197 4.810786e-083 1.285460e-078 4.320065e-062 
1.564846e-257 5.724899e-198 3.180022e-084 1.455785e-079 3.974043e-063 
4.488249e-288 4.021162e-202 8.972190e-088 4.286267e-082 1.888292e-065 
2.265676e-289 2.400860e-203 5.930790e-089 4.853883e-083 1.737046e-066 
6.498445e-320 3.794313e-206 3.035893e-091 1.451059e-085 2.544717e-068 
3.280596e-321 2.265419e-207 2.006784e-092 1.643218e-086 2.340894e-069 



P(O|lamda) = 6.608548e-100

1.167097e-002 0.000000e+000 0.000000e+000 0.000000e+000 0.000000e+000 
2.088800e-006 8.620793e-005 0.000000e+000 0.000000e+000 0.000000e+000 
2.967145e-010 8.365127e-008 8.240167e-007 0.000000e+000 0.000000e+000 
5.310418e-014 4.452733e-011 2.215121e-009 5.106061e-009 0.000000e+000 
7.543462e-018 3.247466e-014 4.377838e-012 4.932303e-011 1.285206e-010 
1.071551e-021 2.335813e-017 8.121356e-015 2.567962e-013 5.612284e-012 
1.522140e-025 1.675530e-020 1.471341e-017 1.147642e-015 1.973299e-013 
2.724235e-029 8.480928e-024 2.577570e-020 2.328864e-018 3.192169e-015 
4.875672e-033 4.292372e-027 4.496048e-023 4.700575e-021 5.144557e-017 
6.925905e-037 3.077004e-030 8.025961e-026 1.966894e-023 1.749714e-018 
9.838265e-041 2.205733e-033 1.432288e-028 8.090990e-026 5.950593e-020 
1.760793e-044 1.116315e-036 2.494146e-031 1.586469e-028 9.584915e-022 
3.151362e-048 5.649638e-040 4.342980e-034 3.108778e-031 1.543888e-023 
5.640117e-052 2.859264e-043 7.562172e-037 6.088455e-034 2.486815e-025 
1.009434e-055 1.447065e-046 1.316749e-039 1.191823e-036 4.005633e-027 
1.153893e-059 9.762999e-050 2.865059e-042 3.885457e-039 2.860509e-029 
2.065168e-063 4.941023e-053 4.988722e-045 7.593679e-042 4.607559e-031 
3.696113e-067 2.500636e-056 8.686504e-048 1.483719e-044 7.421616e-033 
4.225059e-071 1.687120e-059 1.890058e-050 4.829111e-047 5.299937e-035 
6.820117e-103 2.845915e-063 3.463152e-081 3.926853e-054 9.585884e-038 
7.796134e-107 1.920071e-066 3.317392e-065 1.275713e-056 6.845487e-040 
8.911827e-111 1.295426e-069 9.456335e-068 4.144397e-059 4.888510e-042 
1.265927e-114 9.286158e-073 1.811024e-070 1.683009e-061 1.662517e-043 
1.798253e-118 6.656709e-076 3.319995e-073 6.834576e-064 5.654000e-045 
1.420172e-121 5.669866e-080 5.110999e-077 6.660862e-068 1.079431e-046 
1.121582e-124 4.829321e-084 7.830823e-081 6.491562e-072 2.060792e-048 
1.810465e-156 3.429605e-115 6.906396e-083 8.540865e-076 1.011210e-049 
2.922465e-188 2.435579e-146 6.071039e-085 1.123711e-079 4.961906e-051 
4.151368e-192 1.745925e-149 1.083196e-087 4.563385e-082 1.687478e-052 
5.897029e-196 1.251553e-152 1.932641e-090 1.853171e-084 5.738889e-054 
8.376744e-200 8.971655e-156 3.448222e-093 7.525615e-087 1.951720e-055 
1.189919e-203 6.431260e-159 6.152325e-096 3.056101e-089 6.637539e-057 
1.690282e-207 4.610198e-162 1.097699e-098 1.241061e-091 2.257339e-058 
1.334902e-210 3.926746e-166 1.671905e-102 1.209517e-095 4.309589e-060 
1.896232e-214 2.814857e-169 2.983016e-105 4.911763e-098 1.465634e-061 
2.693602e-218 2.017808e-172 5.322304e-108 1.994631e-100 4.984426e-063 
3.826268e-222 1.446449e-175 9.496065e-111 8.100050e-103 1.695137e-064 
3.021799e-225 1.232016e-179 1.446345e-114 7.894171e-107 3.236264e-066 
2.386469e-228 1.049373e-183 2.202927e-118 7.693526e-111 6.178501e-068 
3.389985e-232 7.522345e-187 3.930468e-121 3.124284e-113 2.101226e-069 
4.815482e-236 5.392333e-190 7.012749e-124 1.268749e-115 7.145990e-071 
6.840404e-240 3.865451e-193 1.251216e-126 5.152296e-118 2.430256e-072 
9.716811e-244 2.770918e-196 2.232422e-129 2.092309e-120 8.264978e-074 
1.380275e-247 1.986311e-199 3.983093e-132 8.496714e-123 2.810809e-075 
1.960685e-251 1.423871e-202 7.106643e-135 3.450453e-125 9.559188e-077 
1.548453e-254 1.212785e-206 1.082412e-138 3.362753e-129 1.824989e-078 
2.199581e-258 8.693755e-210 1.931242e-141 1.365589e-131 6.206543e-080 
1.737121e-261 7.404925e-214 2.941474e-145 1.330880e-135 1.184920e-081 
2.467585e-265 5.308162e-217 5.248184e-148 5.404605e-138 4.029754e-083 
3.505210e-269 3.805114e-220 9.363822e-151 2.194770e-140 1.370466e-084 
4.979160e-273 2.727665e-223 1.670695e-153 8.912800e-143 4.660772e-086 
8.037393e-305 1.937087e-254 1.468618e-155 1.172646e-146 2.286994e-087 
1.141714e-308 1.388585e-257 2.620311e-158 4.762027e-149 7.777763e-089 
0.000000e+000 9.861220e-289 2.303373e-160 6.265337e-153 3.816471e-090 
0.000000e+000 1.663231e-292 1.002362e-163 4.274264e-156 1.548393e-091 
0.000000e+000 2.805268e-298 3.271493e-169 2.082813e-161 5.727168e-093 
0.000000e+000 2.010934e-301 5.837005e-172 8.458150e-164 1.947734e-094 
0.000000e+000 1.441522e-304 1.041440e-174 3.434792e-166 6.623983e-096 
0.000000e+000 9.726521e-307 9.064886e-176 5.359611e-167 2.192368e-096 
0.000000e+000 6.972379e-310 1.617359e-178 2.176499e-169 7.455950e-098 
0.000000e+000 3.764484e-311 1.128360e-179 1.699276e-170 1.943195e-098 
0.000000e+000 2.698541e-314 2.013222e-182 6.900635e-173 6.608548e-100 



P(O|lamda) = 4.217244e-089

5.835485e-004 0.000000e+000 0.000000e+000 0.000000e+000 0.000000e+000 
1.930952e-091 2.188763e-007 0.000000e+000 0.000000e+000 0.000000e+000 
5.071285e-179 2.907036e-012 1.093697e-010 0.000000e+000 0.000000e+000 
1.678079e-266 2.725914e-017 3.627260e-015 3.937006e-014 0.000000e+000 
0.000000e+000 3.620460e-022 8.871253e-020 6.449856e-018 2.631501e-015 
0.000000e+000 4.808565e-027 2.017436e-024 6.776511e-022 2.005969e-016 
0.000000e+000 6.386563e-032 4.416770e-029 6.572179e-026 1.525850e-017 
0.000000e+000 5.988650e-037 9.234806e-034 3.005888e-030 3.459018e-019 
0.000000e+000 5.615528e-042 1.894946e-038 1.370842e-034 7.841403e-021 
0.000000e+000 7.458343e-047 3.950974e-043 1.300330e-038 5.964583e-022 
0.000000e+000 9.905902e-052 8.216570e-048 1.232394e-042 4.536975e-023 
0.000000e+000 9.288718e-057 1.664855e-052 5.607030e-047 1.028507e-024 
0.000000e+000 8.709986e-062 3.368097e-057 2.550958e-051 2.331569e-026 
0.000000e+000 8.167313e-067 6.808939e-062 1.160561e-055 5.285540e-028 
0.000000e+000 7.658450e-072 1.376033e-066 5.279954e-060 1.198203e-029 
0.000000e+000 9.573362e-077 3.474445e-071 4.002267e-064 2.554317e-030 
0.000000e+000 8.976896e-082 7.020017e-076 1.820818e-068 5.790495e-032 
0.000000e+000 8.417593e-087 1.418324e-080 8.283748e-073 1.312673e-033 
0.000000e+000 1.052232e-091 3.580797e-085 6.279166e-077 2.798344e-034 
0.000000e+000 3.288635e-097 1.522571e-116 1.189888e-085 1.962961e-035 
0.000000e+000 4.110922e-102 2.004012e-100 9.019474e-090 4.184620e-036 
0.000000e+000 5.138813e-107 7.564487e-105 6.836853e-094 8.920732e-037 
0.000000e+000 6.825186e-112 1.822779e-109 6.478103e-098 6.785577e-038 
0.000000e+000 9.064967e-117 4.114561e-114 6.138178e-102 5.161466e-039 
0.000000e+000 1.430565e-122 7.658105e-120 1.395806e-107 2.372319e-040 
0.000000e+000 2.257610e-128 1.414396e-125 3.174025e-113 1.090368e-041 
0.000000e+000 5.941083e-160 1.498195e-129 9.743827e-119 1.413372e-043 
0.000000e+000 1.563443e-191 1.528086e-133 2.991223e-124 1.832061e-045 
0.000000e+000 2.076509e-196 3.163441e-138 2.834265e-128 1.393561e-046 
0.000000e+000 2.757945e-201 6.548952e-143 2.685542e-132 1.060016e-047 
0.000000e+000 3.663003e-206 1.355763e-147 2.544624e-136 8.063038e-049 
0.000000e+000 4.865069e-211 2.806699e-152 2.411100e-140 6.133170e-050 
0.000000e+000 6.461609e-216 5.810424e-157 2.284582e-144 4.665211e-051 
0.000000e+000 1.019723e-221 1.026843e-162 5.195080e-150 2.144229e-052 
0.000000e+000 1.354359e-226 2.125769e-167 4.922479e-154 1.631013e-053 
0.000000e+000 1.798811e-231 4.400764e-172 4.664182e-158 1.240634e-054 
0.000000e+000 2.389116e-236 9.110456e-177 4.419438e-162 9.436917e-056 
0.000000e+000 3.770323e-242 1.610039e-182 1.004969e-167 4.337406e-057 
0.000000e+000 5.950042e-248 2.845329e-188 2.285272e-173 1.993563e-058 
0.000000e+000 7.902631e-253 5.890397e-193 2.165357e-177 1.516409e-059 
0.000000e+000 1.049599e-257 1.219429e-197 2.051735e-181 1.153460e-060 
0.000000e+000 1.394040e-262 2.524461e-202 1.944074e-185 8.773825e-062 
0.000000e+000 1.851513e-267 5.226135e-207 1.842063e-189 6.673832e-063 
0.000000e+000 2.459113e-272 1.081914e-211 1.745404e-193 5.076467e-064 
0.000000e+000 3.266106e-277 2.239776e-216 1.653818e-197 3.861427e-065 
0.000000e+000 5.154323e-283 3.958229e-222 3.760738e-203 1.774793e-066 
0.000000e+000 6.845786e-288 8.194320e-227 3.563401e-207 1.350001e-067 
0.000000e+000 1.080351e-293 1.448135e-232 8.103079e-213 6.204890e-069 
0.000000e+000 1.434883e-298 2.997928e-237 7.677887e-217 4.719765e-070 
0.000000e+000 1.905760e-303 6.206306e-242 7.275005e-221 3.590101e-071 
0.000000e+000 2.531161e-308 1.284829e-246 6.893264e-225 2.730819e-072 
0.000000e+000 0.000000e+000 1.310463e-250 2.116139e-230 3.539781e-074 
0.000000e+000 0.000000e+000 2.712918e-255 2.005099e-234 2.692543e-075 
0.000000e+000 0.000000e+000 2.767045e-259 6.155381e-240 3.490166e-077 
0.000000e+000 0.000000e+000 1.397154e-264 9.798022e-245 2.282380e-078 
0.000000e+000 0.000000e+000 5.290952e-272 1.114022e-251 4.221013e-081 
0.000000e+000 0.000000e+000 1.095332e-276 1.055566e-255 3.210724e-082 
0.000000e+000 0.000000e+000 2.267555e-281 1.000178e-259 2.442245e-083 
0.000000e+000 0.000000e+000 2.290098e-284 3.641467e-262 5.593360e-085 
0.000000e+000 0.000000e+000 4.740958e-289 3.450389e-266 4.254603e-086 
0.000000e+000 0.000000e+000 3.837738e-292 6.285508e-269 5.544245e-088 
0.000000e+000 0.000000e+000 7.944879e-297 5.955688e-273 4.217244e-089 



P(O|lamda) = 1.482874e-100

2.850320e-002 0.000000e+000 0.000000e+000 0.000000e+000 0.000000e+000 
8.124324e-004 4.680027e-097 0.000000e+000 0.000000e+000 0.000000e+000 
1.552688e-004 1.890429e-098 2.398514e-102 0.000000e+000 0.000000e+000 
4.425659e-006 2.549690e-099 9.459896e-104 8.997425e-108 0.000000e+000 
8.458142e-007 1.029796e-100 1.306910e-104 7.393651e-109 6.843913e-111 
1.616486e-007 1.967288e-101 5.280382e-106 1.021295e-109 5.884290e-112 
3.089364e-008 3.759801e-102 1.008343e-106 4.128655e-111 7.992301e-113 
8.805675e-010 5.073084e-103 1.880690e-107 3.783167e-112 1.026533e-114 
2.509899e-011 1.446592e-104 2.537711e-108 7.055505e-113 8.692582e-116 
4.796819e-012 5.840225e-106 7.418985e-110 1.982886e-113 5.399847e-116 
9.167489e-013 1.115697e-106 2.994636e-111 5.802510e-115 1.528824e-116 
2.613028e-014 1.505405e-107 5.580827e-112 1.124233e-116 1.488684e-118 
7.447965e-016 4.292668e-109 7.530494e-113 2.093676e-117 2.717313e-120 
2.122908e-017 1.223548e-110 2.148511e-114 2.825191e-118 4.777047e-121 
6.050968e-019 3.487503e-112 6.123949e-116 8.063841e-120 6.458695e-122 
1.058876e-019 1.325165e-113 2.181221e-117 3.829580e-121 1.787885e-122 
3.018135e-021 1.738799e-114 6.632259e-119 8.188050e-123 1.070796e-124 
8.602651e-023 4.958176e-116 8.698039e-120 2.489155e-124 1.977557e-126 
1.505402e-023 1.883985e-117 3.101035e-121 5.437032e-125 5.517142e-127 
1.301080e-024 8.239471e-119 3.968897e-148 4.848765e-131 4.007434e-128 
2.276796e-025 2.848037e-119 5.149669e-124 1.212221e-135 4.272538e-130 
3.984230e-026 4.984141e-120 1.780152e-124 3.218624e-129 4.554079e-132 
7.614501e-027 9.266988e-121 2.554737e-125 1.390900e-129 2.465574e-132 
1.455253e-027 1.771064e-121 4.749855e-126 1.996403e-130 1.067368e-132 
2.196925e-028 4.021805e-123 7.749237e-128 8.907476e-133 9.421182e-134 
3.316593e-029 6.070953e-124 1.759675e-129 1.453049e-134 6.259152e-136 
2.155785e-031 3.056602e-149 1.532933e-128 4.454326e-136 2.289158e-138 
1.401260e-033 1.986758e-151 1.548263e-132 3.880238e-135 5.922213e-140 
2.678033e-034 3.258843e-128 3.173939e-137 1.221755e-137 2.951738e-138 
5.118150e-035 6.228863e-129 1.670157e-133 6.297875e-142 2.051954e-140 
9.781603e-036 1.190435e-129 3.192635e-134 1.304862e-138 7.852023e-143 
1.869421e-036 2.275113e-130 6.101636e-135 2.494753e-139 9.928454e-142 
3.572762e-037 4.348104e-131 1.166120e-135 4.767873e-140 1.935401e-142 
5.393628e-038 9.873854e-133 1.902500e-137 2.186833e-142 2.235893e-143 
1.030809e-038 1.254391e-132 5.060740e-138 1.486456e-142 2.513789e-145 
1.970040e-039 2.397568e-133 6.428856e-138 3.954326e-143 1.140237e-145 
3.765062e-040 4.582136e-134 1.228885e-138 5.022868e-143 3.051233e-146 
5.683933e-041 1.040530e-135 2.004899e-140 2.304537e-145 2.315629e-146 
8.580761e-042 1.570690e-136 4.552670e-142 3.759359e-147 1.591370e-148 
1.639921e-042 1.995619e-136 8.049880e-142 3.557033e-147 3.464805e-150 
3.134151e-043 3.814308e-137 1.022771e-141 6.289331e-147 2.718843e-150 
5.989864e-044 7.289752e-138 1.955042e-142 7.990916e-147 4.794335e-150 
1.144759e-044 1.393188e-138 3.736399e-143 1.527688e-147 6.096544e-150 
2.187817e-045 2.662606e-139 7.140856e-144 2.919656e-148 1.185226e-150 
4.181269e-046 5.088666e-140 1.364732e-144 5.579929e-149 2.265920e-151 
6.312261e-047 1.155555e-141 2.226530e-146 2.559291e-151 2.616727e-152 
1.206374e-047 1.468036e-141 5.922676e-147 1.739626e-151 2.941940e-154 
1.821205e-048 3.333992e-143 6.422762e-148 1.110632e-153 8.063299e-155 
3.480614e-049 4.235558e-143 1.708803e-148 5.018018e-153 1.151474e-156 
6.652010e-050 8.095595e-144 2.170759e-148 1.335212e-153 3.821347e-156 
1.271306e-050 1.547198e-144 4.149437e-149 1.696015e-153 1.030166e-156 
8.263486e-053 1.171757e-170 3.907093e-149 1.050498e-155 2.205109e-157 
1.579284e-053 1.921799e-147 8.009541e-154 3.052542e-154 8.829299e-159 
1.026535e-055 1.455620e-173 4.852550e-152 5.118114e-160 3.957381e-158 
6.758021e-058 5.617158e-151 2.426275e-157 6.368972e-158 1.297304e-160 
2.111882e-064 3.700771e-155 5.266095e-159 4.662997e-165 1.189868e-162 
4.036144e-065 5.697937e-159 1.897725e-160 4.114315e-164 4.528928e-165 
7.713716e-066 9.387873e-160 3.309226e-164 1.483942e-165 4.852034e-167 
8.119705e-096 1.688765e-159 2.347504e-163 1.171634e-167 3.954221e-169 
1.551805e-096 3.588731e-164 8.659733e-165 1.834427e-168 1.041596e-170 
7.759027e-100 5.743988e-167 1.413323e-167 1.301848e-168 2.458339e-172 
1.482874e-100 1.220633e-171 5.841107e-172 1.511047e-172 9.911890e-172 



P(O|lamda) = 7.168228e-082

5.142516e-002 0.000000e+000 0.000000e+000 0.000000e+000 0.000000e+000 
1.322274e-004 2.442741e-003 0.000000e+000 0.000000e+000 0.000000e+000 
4.763874e-007 2.966131e-010 3.004571e-009 0.000000e+000 0.000000e+000 
1.224915e-009 2.262942e-008 6.217735e-016 1.396055e-010 0.000000e+000 
4.413111e-012 2.747767e-015 2.783419e-014 8.198765e-017 1.881785e-011 
1.589951e-014 5.568415e-018 5.902182e-021 5.056864e-020 3.627085e-012 
5.728260e-017 2.006160e-020 6.849685e-024 4.041037e-026 6.991080e-013 
1.472884e-019 2.721015e-018 2.408205e-026 3.188737e-025 6.031294e-016 
3.787164e-022 1.243846e-020 3.266239e-024 5.912863e-027 5.203275e-019 
1.364436e-024 1.138660e-027 1.529960e-026 5.931867e-030 1.002913e-019 
4.915775e-027 1.721645e-030 2.787054e-033 2.777306e-032 1.933080e-020 
1.263972e-029 2.335071e-028 2.066867e-036 5.470353e-034 1.667693e-023 
3.249999e-032 1.067421e-030 2.802962e-034 8.320094e-036 1.438740e-026 
8.356587e-035 3.678661e-033 1.281331e-036 1.314886e-035 1.241219e-029 
2.148694e-037 1.132691e-035 4.415888e-039 2.572146e-037 1.070816e-032 
9.400149e-041 3.286095e-038 1.699086e-041 1.272543e-043 1.232241e-034 
2.417021e-043 7.018829e-041 3.944697e-044 7.913824e-043 1.063070e-037 
6.214784e-046 1.518603e-043 8.425578e-047 1.373042e-044 9.171292e-041 
2.718856e-049 3.332491e-046 2.277997e-049 6.573049e-051 1.055479e-042 
5.874592e-053 4.246861e-054 3.367741e-076 8.346237e-060 1.850973e-046 
2.570028e-056 2.798995e-054 6.370292e-060 3.921157e-066 2.129970e-048 
1.124341e-059 6.818924e-057 4.198493e-060 9.249792e-066 2.451020e-050 
4.050764e-062 3.764524e-064 8.387657e-063 7.620489e-066 4.724256e-051 
1.459405e-064 5.113075e-068 1.223154e-069 1.522851e-068 9.105837e-052 
2.527076e-067 2.188000e-071 5.378191e-075 2.679105e-076 1.848724e-052 
4.375833e-070 3.788654e-074 2.297442e-078 2.380473e-082 3.753393e-053 
1.101069e-072 2.078528e-071 1.818792e-075 1.067508e-079 3.764428e-054 
2.770565e-075 9.387135e-074 9.978260e-073 8.450908e-077 3.775496e-055 
9.981764e-078 8.482839e-081 2.058881e-079 1.811156e-078 7.277136e-056 
3.596220e-080 1.259500e-083 2.909218e-086 1.437341e-084 1.402642e-056 
1.295643e-082 4.537618e-086 1.549449e-089 8.969153e-091 2.703544e-057 
4.667928e-085 1.634809e-088 5.581411e-092 2.865003e-095 5.210987e-058 
1.681756e-087 5.889872e-091 2.010865e-094 1.013223e-097 1.004399e-058 
2.912095e-090 2.521358e-094 6.184521e-098 8.760658e-102 2.039194e-059 
1.049167e-092 3.674366e-096 3.101326e-100 1.122574e-103 3.930475e-060 
3.779927e-095 1.323812e-098 4.519498e-102 5.629728e-106 7.575853e-061 
1.361828e-097 4.769415e-101 1.628329e-104 8.203455e-108 1.460219e-061 
2.358114e-100 2.041709e-104 5.008012e-108 7.094078e-112 2.964628e-062 
4.083262e-103 3.535342e-107 2.143833e-111 2.181565e-115 6.018971e-063 
1.471114e-105 5.152098e-109 4.348490e-113 3.891296e-117 1.160136e-063 
5.300113e-108 1.856213e-111 6.337120e-115 7.892964e-119 2.236121e-064 
1.909520e-110 6.687547e-114 2.283200e-117 1.150267e-120 4.310044e-065 
6.879598e-113 2.409383e-116 8.225890e-120 4.144802e-123 8.307459e-066 
2.478575e-115 8.680500e-119 2.963615e-122 1.493285e-125 1.601234e-066 
8.929784e-118 3.127402e-121 1.067728e-124 5.379993e-128 3.086322e-067 
1.546263e-120 1.338790e-124 3.283855e-128 4.651731e-132 6.266042e-068 
5.570861e-123 1.951014e-126 1.646741e-130 5.960640e-134 1.207758e-068 
9.646389e-126 8.352063e-130 2.048577e-133 7.173963e-138 2.452065e-069 
3.475391e-128 1.217143e-131 1.027322e-135 3.718316e-139 4.726269e-070 
1.252111e-130 4.385160e-134 1.497095e-137 1.864862e-141 9.109717e-071 
4.511091e-133 1.579881e-136 5.393882e-140 2.717415e-143 1.755866e-071 
1.135103e-135 2.142800e-134 7.584577e-138 2.506597e-141 1.761028e-072 
4.089539e-138 2.570619e-141 2.635713e-140 1.376787e-143 3.394321e-073 
1.029030e-140 1.942582e-139 2.166296e-142 1.224852e-141 3.404300e-074 
1.241268e-144 4.386535e-141 3.730070e-140 8.543804e-143 3.224637e-075 
3.103171e-147 1.766406e-143 6.849369e-142 5.203214e-141 9.170467e-077 
1.118007e-149 9.423461e-151 8.379810e-149 4.298904e-147 1.767575e-077 
4.027945e-152 1.415658e-155 8.753155e-156 2.676728e-153 3.406940e-078 
2.119972e-183 4.783853e-157 7.113600e-157 8.135612e-155 1.944641e-079 
7.637814e-186 2.541496e-164 6.528797e-163 4.906942e-161 3.748228e-080 
1.600759e-189 1.016956e-169 3.535845e-168 5.768104e-166 3.718993e-081 
5.767197e-192 5.402739e-177 4.455159e-175 3.451629e-172 7.168228e-082 



P(O|lamda) = 2.815528e-105

7.333163e-003 0.000000e+000 0.000000e+000 0.000000e+000 0.000000e+000 
5.377528e-006 1.649993e-005 0.000000e+000 0.000000e+000 0.000000e+000 
1.937410e-009 4.090592e-013 9.724644e-013 0.000000e+000 0.000000e+000 
1.420735e-012 4.359337e-012 2.839209e-020 2.236710e-015 0.000000e+000 
5.118608e-016 1.080732e-019 2.569284e-019 3.232577e-023 5.346191e-017 
1.844127e-019 3.059316e-023 7.686325e-027 2.308481e-026 1.499778e-018 
6.644003e-023 1.102203e-026 1.803124e-030 1.024200e-033 4.207356e-020 
4.872156e-026 1.494951e-025 6.339736e-034 4.147641e-033 2.093551e-021 
3.572831e-029 1.395251e-028 8.598653e-033 2.992560e-036 1.041736e-022 
1.287216e-032 2.876637e-036 8.223307e-036 7.726094e-040 2.922402e-024 
4.637569e-036 7.693506e-040 2.116862e-043 7.388535e-043 8.198270e-026 
3.400805e-039 1.043488e-038 4.425254e-047 7.602217e-046 4.079402e-027 
2.493866e-042 9.738970e-042 6.001931e-046 3.830220e-049 2.029882e-028 
1.828792e-045 7.559134e-045 5.601688e-049 1.380612e-048 1.010055e-029 
1.341083e-048 5.626715e-048 4.347888e-052 1.799161e-051 5.025963e-031 
5.866996e-053 4.142885e-051 2.588311e-049 5.205099e-059 8.100395e-033 
4.302364e-056 9.606024e-055 1.532850e-057 5.953226e-052 4.030700e-034 
3.154994e-059 2.889291e-058 5.525957e-062 2.202394e-055 2.005648e-035 
1.380253e-063 1.287764e-061 1.329098e-059 2.546150e-063 3.232523e-037 
1.613277e-065 1.731651e-063 5.908764e-062 6.114040e-061 2.866226e-038 
7.057793e-070 3.826386e-067 3.160070e-064 1.131536e-068 4.619525e-040 
3.087657e-074 7.811769e-071 1.281632e-066 2.271370e-071 7.445335e-042 
1.112418e-077 4.168579e-079 6.572966e-075 1.151515e-073 2.088654e-043 
4.007808e-081 6.670776e-085 3.371102e-083 2.254645e-081 5.859341e-045 
6.939840e-085 2.846212e-089 1.810480e-092 8.546357e-091 3.656611e-046 
1.201689e-088 4.928389e-093 1.432080e-097 3.354396e-100 2.281963e-047 
3.023750e-092 5.678000e-090 2.380432e-094 3.295028e-100 3.881894e-049 
7.608510e-096 2.527632e-092 2.742501e-091 5.475002e-097 6.603567e-051 
2.741186e-099 1.347392e-100 2.895255e-099 2.464065e-098 1.852511e-052 
9.875919e-103 1.645493e-106 2.277937e-107 6.162188e-106 5.196885e-054 
3.558086e-106 5.902665e-110 9.814871e-114 1.095179e-113 1.457892e-055 
1.281904e-109 2.126606e-113 3.478934e-117 1.040107e-120 4.089852e-057 
4.618430e-113 7.661715e-117 1.253386e-120 3.125880e-124 1.147334e-058 
7.997181e-117 3.279855e-121 3.854855e-125 2.702723e-129 7.160112e-060 
2.881216e-120 4.779723e-124 1.933084e-128 3.463524e-132 2.008640e-061 
1.038042e-123 1.722053e-127 2.817059e-131 1.736875e-135 5.634875e-063 
3.739846e-127 6.204195e-131 1.014949e-134 2.531078e-138 1.580762e-064 
6.475843e-131 2.655914e-135 3.121530e-139 2.188572e-143 9.864987e-066 
1.121344e-134 4.598877e-139 1.336271e-143 6.730875e-148 6.156395e-067 
4.039967e-138 6.702004e-142 2.710470e-146 1.200613e-150 1.727065e-068 
1.455515e-141 2.414618e-145 3.950007e-149 2.435303e-153 4.844969e-070 
5.243916e-145 8.699362e-149 1.423136e-152 3.549012e-156 1.359168e-071 
1.889273e-148 3.134197e-152 5.127259e-156 1.278701e-159 3.812901e-073 
6.806653e-152 1.129186e-155 1.847244e-159 4.606891e-163 1.069640e-074 
2.452294e-155 4.068218e-159 6.655232e-163 1.659766e-166 3.000682e-076 
4.246344e-159 1.741538e-163 2.046851e-167 1.435092e-171 1.872621e-077 
1.529868e-162 2.537938e-166 1.026429e-170 1.839062e-174 5.253300e-079 
2.649090e-166 1.086462e-170 1.276904e-174 2.213302e-179 3.278402e-080 
9.544113e-170 1.583297e-173 6.403399e-178 1.147268e-181 9.196963e-082 
3.438544e-173 5.704351e-177 9.331591e-181 5.753450e-185 2.580042e-083 
1.238835e-176 2.055158e-180 3.362049e-184 8.384270e-188 7.237840e-085 
3.117219e-180 5.853582e-178 9.926614e-182 7.733033e-187 1.231243e-086 
1.123068e-183 3.296115e-186 3.450006e-185 8.918810e-189 3.454030e-088 
2.825921e-187 5.307883e-185 3.041044e-187 7.935353e-188 5.875720e-090 
3.408767e-192 5.625808e-188 4.885695e-187 2.186393e-189 2.782813e-092 
8.521921e-196 2.251857e-191 4.542149e-190 3.373556e-189 3.956988e-095 
3.070269e-199 1.196844e-199 3.655040e-198 8.956205e-197 1.110061e-096 
1.106154e-202 1.898604e-206 2.578598e-206 1.622678e-204 3.114076e-098 
1.164373e-233 6.222986e-209 4.888611e-209 1.320182e-207 1.277999e-100 
4.194990e-237 3.306058e-217 3.918214e-216 2.347054e-215 3.585194e-102 
8.791999e-242 1.322888e-223 1.547100e-222 3.539035e-217 1.003639e-103 
3.167572e-245 7.028051e-232 1.572566e-230 5.114480e-225 2.815528e-105 



P(O|lamda) = 2.731566e-083

3.666581e-004 0.000000e+000 0.000000e+000 0.000000e+000 0.000000e+000 
2.711259e-090 4.583311e-008 0.000000e+000 0.000000e+000 0.000000e+000 
9.849821e-177 3.794583e-018 1.431486e-016 0.000000e+000 0.000000e+000 
7.283465e-263 1.182701e-023 2.272349e-026 1.744774e-020 0.000000e+000 
0.000000e+000 9.791737e-034 3.694062e-032 1.160937e-029 2.305831e-021 
0.000000e+000 8.106706e-044 6.008545e-042 7.900447e-039 3.528045e-022 
0.000000e+000 6.711648e-054 7.330773e-052 5.285355e-048 5.398100e-023 
0.000000e+000 2.091896e-059 7.759579e-062 9.011579e-053 9.618405e-025 
0.000000e+000 6.520053e-065 6.376775e-068 1.534959e-057 1.713820e-026 
0.000000e+000 5.398037e-075 2.036432e-073 1.021321e-066 2.622237e-027 
0.000000e+000 4.469105e-085 3.312381e-083 6.795607e-076 4.012164e-028 
0.000000e+000 1.392937e-090 3.943978e-093 1.157509e-080 7.148926e-030 
0.000000e+000 4.341528e-096 4.246027e-099 1.971607e-085 1.273805e-031 
0.000000e+000 1.353174e-101 1.323345e-104 3.358275e-090 2.269682e-033 
0.000000e+000 4.217592e-107 4.124622e-110 5.720213e-095 4.044149e-035 
0.000000e+000 1.314554e-112 1.028135e-109 3.044816e-104 4.740871e-036 
0.000000e+000 4.097221e-118 8.414303e-120 5.186418e-109 8.447346e-038 
0.000000e+000 1.277028e-123 1.249503e-126 8.834124e-114 1.505159e-039 
0.000000e+000 3.980285e-129 3.113049e-126 4.702322e-123 1.764466e-040 
0.000000e+000 7.443351e-133 2.037550e-130 1.609470e-126 8.823754e-042 
0.000000e+000 2.319970e-138 1.451556e-134 8.574819e-136 1.034390e-042 
0.000000e+000 7.230962e-144 9.104863e-139 5.574542e-143 1.212594e-043 
0.000000e+000 5.986607e-154 7.274031e-149 4.335094e-147 1.855334e-044 
0.000000e+000 4.956390e-164 5.811414e-159 3.230791e-156 2.838761e-045 
0.000000e+000 6.179147e-167 7.247523e-162 2.229519e-158 1.008574e-045 
0.000000e+000 7.703560e-170 9.038522e-165 1.522538e-160 3.583332e-046 
0.000000e+000 5.042127e-174 5.917893e-169 2.594426e-165 4.246879e-048 
0.000000e+000 3.300168e-178 3.874688e-173 4.426273e-170 5.033299e-050 
0.000000e+000 2.732252e-188 3.095624e-183 2.963573e-179 7.701219e-051 
0.000000e+000 2.262067e-198 2.473233e-193 1.973356e-188 1.178328e-051 
0.000000e+000 1.872795e-208 1.976001e-203 1.313136e-197 1.802906e-052 
0.000000e+000 1.550511e-218 1.578756e-213 8.737352e-207 2.758543e-053 
0.000000e+000 1.283689e-228 1.261388e-223 5.813609e-216 4.220720e-054 
0.000000e+000 1.600378e-231 1.573202e-226 3.960899e-218 1.499566e-054 
0.000000e+000 1.324974e-241 1.256968e-236 2.635477e-227 2.294417e-055 
0.000000e+000 1.096963e-251 1.004315e-246 1.753576e-236 3.510582e-056 
0.000000e+000 9.081902e-262 8.024580e-257 1.166783e-245 5.371380e-057 
0.000000e+000 1.132243e-264 1.000870e-259 7.949465e-248 1.908380e-057 
0.000000e+000 1.411571e-267 1.248339e-262 5.416090e-250 6.780224e-058 
0.000000e+000 1.168658e-277 9.974508e-273 3.603722e-259 1.037411e-058 
0.000000e+000 9.675474e-288 7.969981e-283 2.397820e-268 1.587295e-059 
0.000000e+000 8.010451e-298 6.368400e-293 1.595446e-277 2.428646e-060 
0.000000e+000 6.631957e-308 5.088746e-303 1.061567e-286 3.715960e-061 
0.000000e+000 5.490685e-318 4.066295e-313 7.063383e-296 5.685620e-062 
0.000000e+000 0.000000e+000 3.458460e-323 4.699787e-305 8.699305e-063 
0.000000e+000 0.000000e+000 0.000000e+000 3.202035e-307 3.090748e-063 
0.000000e+000 0.000000e+000 0.000000e+000 2.130549e-316 4.729012e-064 
0.000000e+000 0.000000e+000 0.000000e+000 1.451575e-318 1.680155e-064 
0.000000e+000 0.000000e+000 0.000000e+000 0.000000e+000 2.570729e-065 
0.000000e+000 0.000000e+000 0.000000e+000 0.000000e+000 3.933354e-066 
0.000000e+000 0.000000e+000 0.000000e+000 0.000000e+000 6.018243e-067 
0.000000e+000 0.000000e+000 0.000000e+000 0.000000e+000 7.132678e-069 
0.000000e+000 0.000000e+000 0.000000e+000 0.000000e+000 1.091338e-069 
0.000000e+000 0.000000e+000 0.000000e+000 0.000000e+000 1.293428e-071 
0.000000e+000 0.000000e+000 0.000000e+000 0.000000e+000 5.330520e-073 
0.000000e+000 0.000000e+000 0.000000e+000 0.000000e+000 1.104002e-075 
0.000000e+000 0.000000e+000 0.000000e+000 0.000000e+000 1.689183e-076 
0.000000e+000 0.000000e+000 0.000000e+000 0.000000e+000 2.584542e-077 
0.000000e+000 0.000000e+000 0.000000e+000 0.000000e+000 1.155798e-079 
0.000000e+000 0.000000e+000 0.000000e+000 0.000000e+000 1.768434e-080 
0.000000e+000 0.000000e+000 0.000000e+000 0.000000e+000 1.785275e-082 
0.000000e+000 0.000000e+000 0.000000e+000 0.000000e+000 2.731566e-083 



Max probability = 5.985827e-052

Utterance recognised as 0