8	8	18	8	18	18	8	8	20	20	28	8	18	12	28	8	8	8	8	8	8	8	28	28	8	8	28	28	8	8	12	8	8	8	28	28	28	
Iteraion 1
-----------------

P(O|lamda) = 2.039158e-056

3.125000e-002 0.000000e+000 0.000000e+000 0.000000e+000 0.000000e+000 
7.812500e-004 1.953125e-004 0.000000e+000 0.000000e+000 0.000000e+000 
1.953125e-005 9.765625e-006 1.220703e-006 0.000000e+000 0.000000e+000 
4.882813e-007 3.662109e-007 9.155273e-008 7.629395e-009 0.000000e+000 
1.220703e-008 1.220703e-008 4.577637e-009 7.629395e-010 4.768372e-011 
3.051758e-010 3.814697e-010 1.907349e-010 4.768372e-011 6.258488e-012 
7.629395e-012 1.144409e-011 7.152557e-012 2.384186e-012 4.936010e-013 
1.907349e-013 3.337860e-013 2.503395e-013 1.043081e-013 3.032619e-014 
4.768372e-015 9.536743e-015 8.344650e-015 4.172325e-015 1.599619e-015 
1.192093e-016 2.682209e-016 2.682209e-016 1.564622e-016 7.606513e-017 
2.980232e-018 7.450581e-018 8.381903e-018 5.587935e-018 3.354924e-018 
7.450581e-020 2.048910e-019 2.561137e-019 1.920853e-019 1.397660e-019 
1.862645e-021 5.587935e-021 7.683411e-021 6.402843e-021 5.568220e-021 
4.656613e-023 1.513399e-022 2.270099e-022 2.080924e-022 2.140246e-022 
1.164153e-024 4.074536e-024 6.621121e-024 6.621121e-024 7.988847e-024 
2.910383e-026 1.091394e-025 1.909939e-025 2.069100e-025 2.910335e-025 
7.275958e-028 2.910383e-027 5.456968e-027 6.366463e-027 1.038798e-026 
1.818989e-029 7.730705e-029 1.546141e-028 1.932676e-028 3.644149e-028 
4.547474e-031 2.046363e-030 4.348522e-030 5.798029e-030 1.259589e-029 
1.136868e-032 5.400125e-032 1.215028e-031 1.721290e-031 4.298592e-031 
2.842171e-034 1.421085e-033 3.375078e-033 5.062617e-033 1.450891e-032 
7.105427e-036 3.730349e-035 9.325873e-035 1.476597e-034 4.850447e-034 
1.776357e-037 9.769963e-037 2.564615e-036 4.274359e-036 1.608052e-035 
4.440892e-039 2.553513e-038 7.022161e-038 1.228878e-037 5.292309e-037 
1.110223e-040 6.661338e-040 1.915135e-039 3.511080e-039 1.730652e-038 
2.775558e-042 1.734723e-041 5.204170e-041 9.974660e-041 5.627729e-040 
6.938894e-044 4.510281e-043 1.409463e-042 2.818926e-042 1.821007e-041 
1.734723e-045 1.170938e-044 3.805550e-044 7.928228e-044 5.866829e-043 
4.336809e-047 3.035766e-046 1.024571e-045 2.219904e-045 1.882936e-044 
1.084202e-048 7.860466e-048 2.751163e-047 6.190117e-047 6.022918e-046 
2.710505e-050 2.032879e-049 7.369187e-049 1.719477e-048 1.920850e-047 
6.776264e-052 5.251604e-051 1.969352e-050 4.759266e-050 6.110124e-049 
1.694066e-053 1.355253e-052 5.251604e-052 1.312901e-051 1.939159e-050 
4.235165e-055 3.494011e-054 1.397604e-053 3.610478e-053 6.141928e-052 
1.058791e-056 8.999725e-056 3.712387e-055 9.899698e-055 1.941918e-053 
2.646978e-058 2.316106e-057 9.843449e-057 2.706949e-056 6.130367e-055 
6.617445e-060 5.955700e-059 2.605619e-058 7.382587e-058 1.932658e-056 


6.525304e-055 6.525304e-055 6.525304e-055 6.525304e-055 6.525304e-055 
2.088097e-053 2.088097e-053 2.088097e-053 2.088097e-053 2.088097e-053 
6.681912e-052 6.681912e-052 6.681912e-052 6.681912e-052 6.681912e-052 
2.138212e-050 2.138212e-050 2.138212e-050 2.138212e-050 2.138212e-050 
6.842278e-049 6.842278e-049 6.842278e-049 6.842278e-049 6.842278e-049 
2.189529e-047 2.189529e-047 2.189529e-047 2.189529e-047 2.189529e-047 
7.006492e-046 7.006492e-046 7.006492e-046 7.006492e-046 7.006492e-046 
2.242078e-044 2.242078e-044 2.242078e-044 2.242078e-044 2.242078e-044 
7.174648e-043 7.174648e-043 7.174648e-043 7.174648e-043 7.174648e-043 
2.295887e-041 2.295887e-041 2.295887e-041 2.295887e-041 2.295887e-041 
7.346840e-040 7.346840e-040 7.346840e-040 7.346840e-040 7.346840e-040 
2.350989e-038 2.350989e-038 2.350989e-038 2.350989e-038 2.350989e-038 
7.523164e-037 7.523164e-037 7.523164e-037 7.523164e-037 7.523164e-037 
2.407412e-035 2.407412e-035 2.407412e-035 2.407412e-035 2.407412e-035 
7.703720e-034 7.703720e-034 7.703720e-034 7.703720e-034 7.703720e-034 
2.465190e-032 2.465190e-032 2.465190e-032 2.465190e-032 2.465190e-032 
7.888609e-031 7.888609e-031 7.888609e-031 7.888609e-031 7.888609e-031 
2.524355e-029 2.524355e-029 2.524355e-029 2.524355e-029 2.524355e-029 
8.077936e-028 8.077936e-028 8.077936e-028 8.077936e-028 8.077936e-028 
2.584939e-026 2.584939e-026 2.584939e-026 2.584939e-026 2.584939e-026 
8.271806e-025 8.271806e-025 8.271806e-025 8.271806e-025 8.271806e-025 
2.646978e-023 2.646978e-023 2.646978e-023 2.646978e-023 2.646978e-023 
8.470329e-022 8.470329e-022 8.470329e-022 8.470329e-022 8.470329e-022 
2.710505e-020 2.710505e-020 2.710505e-020 2.710505e-020 2.710505e-020 
8.673617e-019 8.673617e-019 8.673617e-019 8.673617e-019 8.673617e-019 
2.775558e-017 2.775558e-017 2.775558e-017 2.775558e-017 2.775558e-017 
8.881784e-016 8.881784e-016 8.881784e-016 8.881784e-016 8.881784e-016 
2.842171e-014 2.842171e-014 2.842171e-014 2.842171e-014 2.842171e-014 
9.094947e-013 9.094947e-013 9.094947e-013 9.094947e-013 9.094947e-013 
2.910383e-011 2.910383e-011 2.910383e-011 2.910383e-011 2.910383e-011 
9.313226e-010 9.313226e-010 9.313226e-010 9.313226e-010 9.313226e-010 
2.980232e-008 2.980232e-008 2.980232e-008 2.980232e-008 2.980232e-008 
9.536743e-007 9.536743e-007 9.536743e-007 9.536743e-007 9.536743e-007 
3.051758e-005 3.051758e-005 3.051758e-005 3.051758e-005 3.051758e-005 
9.765625e-004 9.765625e-004 9.765625e-004 9.765625e-004 9.765625e-004 
3.125000e-002 3.125000e-002 3.125000e-002 3.125000e-002 3.125000e-002 
1.000000e+000 1.000000e+000 1.000000e+000 1.000000e+000 1.000000e+000 


1.000000e+000 0.000000e+000 0.000000e+000 0.000000e+000 0.000000e+000 
8.000000e-001 2.000000e-001 0.000000e+000 0.000000e+000 0.000000e+000 
6.400000e-001 3.200000e-001 4.000000e-002 0.000000e+000 0.000000e+000 
5.120000e-001 3.840000e-001 9.600000e-002 8.000000e-003 0.000000e+000 
4.096000e-001 4.096000e-001 1.536000e-001 2.560000e-002 1.600000e-003 
3.276800e-001 4.096000e-001 2.048000e-001 5.120000e-002 6.720000e-003 
2.621440e-001 3.932160e-001 2.457600e-001 8.192000e-002 1.696000e-002 
2.097152e-001 3.670016e-001 2.752512e-001 1.146880e-001 3.334400e-002 
1.677722e-001 3.355443e-001 2.936013e-001 1.468006e-001 5.628160e-002 
1.342177e-001 3.019899e-001 3.019899e-001 1.761608e-001 8.564173e-002 
1.073742e-001 2.684355e-001 3.019899e-001 2.013266e-001 1.208739e-001 
8.589935e-002 2.362232e-001 2.952790e-001 2.214593e-001 1.611392e-001 
6.871948e-002 2.061584e-001 2.834678e-001 2.362232e-001 2.054311e-001 
5.497558e-002 1.786706e-001 2.680060e-001 2.456721e-001 2.526757e-001 
4.398047e-002 1.539316e-001 2.501389e-001 2.501389e-001 3.018101e-001 
3.518437e-002 1.319414e-001 2.308974e-001 2.501389e-001 3.518379e-001 
2.814750e-002 1.125900e-001 2.111062e-001 2.462906e-001 4.018657e-001 
2.251800e-002 9.570149e-002 1.914030e-001 2.392537e-001 4.511238e-001 
1.801440e-002 8.106479e-002 1.722627e-001 2.296836e-001 4.989745e-001 
1.441152e-002 6.845471e-002 1.540231e-001 2.181994e-001 5.449113e-001 
1.152922e-002 5.764608e-002 1.369094e-001 2.053641e-001 5.885511e-001 
9.223372e-003 4.842270e-002 1.210568e-001 1.916732e-001 6.296240e-001 
7.378698e-003 4.058284e-002 1.065299e-001 1.775499e-001 6.679586e-001 
5.902958e-003 3.394201e-002 9.334053e-002 1.633459e-001 7.034686e-001 
4.722366e-003 2.833420e-002 8.146082e-002 1.493448e-001 7.361378e-001 
3.777893e-003 2.361183e-002 7.083550e-002 1.357680e-001 7.660067e-001 
3.022315e-003 1.964504e-002 6.139076e-002 1.227815e-001 7.931603e-001 
2.417852e-003 1.632050e-002 5.304162e-002 1.105034e-001 8.177167e-001 
1.934281e-003 1.353997e-002 4.569740e-002 9.901102e-002 8.398173e-001 
1.547425e-003 1.121883e-002 3.926591e-002 8.834830e-002 8.596195e-001 
1.237940e-003 9.284550e-003 3.365649e-002 7.853182e-002 8.772892e-001 
9.903520e-004 7.675228e-003 2.878211e-002 6.955676e-002 8.929956e-001 
7.922816e-004 6.338253e-003 2.456073e-002 6.140183e-002 9.069069e-001 
6.338253e-004 5.229059e-003 2.091623e-002 5.403361e-002 9.191873e-001 
5.070602e-004 4.310012e-003 1.777880e-002 4.741013e-002 9.299940e-001 
4.056482e-004 3.549422e-003 1.508504e-002 4.148387e-002 9.394760e-001 
3.245186e-004 2.920667e-003 1.277792e-002 3.620410e-002 9.477728e-001 



Q star

------------
1  2  3  4  5  5  5  5  5  5  5  5  5  5  5  5  5  5  5  5  5  5  5  5  5  5  5  5  5  5  5  5  5  5  5  5  5  
------------

P star

-----------
3.262652e-059

A Martrix

8.000000e-001 2.000000e-001 0.000000e+000 0.000000e+000 0.000000e+000 
0.000000e+000 8.000000e-001 2.000000e-001 0.000000e+000 0.000000e+000 
0.000000e+000 0.000000e+000 8.000000e-001 2.000000e-001 0.000000e+000 
0.000000e+000 0.000000e+000 0.000000e+000 8.000000e-001 2.000000e-001 
0.000000e+000 0.000000e+000 0.000000e+000 0.000000e+000 1.000000e+000 

B Martrix

1.000000e-030 1.000000e-030 1.000000e-030 1.000000e-030 1.000000e-030 1.000000e-030 1.000000e-030 1.000000e+000 1.000000e-030 1.000000e-030 1.000000e-030 1.000000e-030 1.000000e-030 1.000000e-030 1.000000e-030 1.000000e-030 1.000000e-030 1.000000e-030 1.000000e-030 1.000000e-030 1.000000e-030 1.000000e-030 1.000000e-030 1.000000e-030 1.000000e-030 1.000000e-030 1.000000e-030 1.000000e-030 1.000000e-030 1.000000e-030 1.000000e-030 1.000000e-030 
1.000000e-030 1.000000e-030 1.000000e-030 1.000000e-030 1.000000e-030 1.000000e-030 1.000000e-030 1.000000e+000 1.000000e-030 1.000000e-030 1.000000e-030 1.000000e-030 1.000000e-030 1.000000e-030 1.000000e-030 1.000000e-030 1.000000e-030 1.000000e-030 1.000000e-030 1.000000e-030 1.000000e-030 1.000000e-030 1.000000e-030 1.000000e-030 1.000000e-030 1.000000e-030 1.000000e-030 1.000000e-030 1.000000e-030 1.000000e-030 1.000000e-030 1.000000e-030 
1.000000e-030 1.000000e-030 1.000000e-030 1.000000e-030 1.000000e-030 1.000000e-030 1.000000e-030 1.000000e-030 1.000000e-030 1.000000e-030 1.000000e-030 1.000000e-030 1.000000e-030 1.000000e-030 1.000000e-030 1.000000e-030 1.000000e-030 1.000000e+000 1.000000e-030 1.000000e-030 1.000000e-030 1.000000e-030 1.000000e-030 1.000000e-030 1.000000e-030 1.000000e-030 1.000000e-030 1.000000e-030 1.000000e-030 1.000000e-030 1.000000e-030 1.000000e-030 
1.000000e-030 1.000000e-030 1.000000e-030 1.000000e-030 1.000000e-030 1.000000e-030 1.000000e-030 1.000000e+000 1.000000e-030 1.000000e-030 1.000000e-030 1.000000e-030 1.000000e-030 1.000000e-030 1.000000e-030 1.000000e-030 1.000000e-030 1.000000e-030 1.000000e-030 1.000000e-030 1.000000e-030 1.000000e-030 1.000000e-030 1.000000e-030 1.000000e-030 1.000000e-030 1.000000e-030 1.000000e-030 1.000000e-030 1.000000e-030 1.000000e-030 1.000000e-030 
1.000000e-030 1.000000e-030 1.000000e-030 1.000000e-030 1.000000e-030 1.000000e-030 1.000000e-030 5.546353e-001 1.000000e-030 1.000000e-030 1.000000e-030 6.528995e-002 1.000000e-030 1.000000e-030 1.000000e-030 1.000000e-030 1.000000e-030 1.235065e-002 1.000000e-030 8.200403e-003 1.000000e-030 1.000000e-030 1.000000e-030 1.000000e-030 1.000000e-030 1.000000e-030 1.000000e-030 3.595237e-001 1.000000e-030 1.000000e-030 1.000000e-030 1.000000e-030 
Iteraion 2
-----------------

P(O|lamda) = 3.856802e-024

1.000000e+000 0.000000e+000 0.000000e+000 0.000000e+000 0.000000e+000 
8.000000e-001 2.000000e-001 0.000000e+000 0.000000e+000 0.000000e+000 
6.400000e-031 3.200000e-031 4.000000e-002 0.000000e+000 0.000000e+000 
5.120000e-031 3.840000e-031 3.200000e-032 8.000000e-003 0.000000e+000 
4.096000e-061 4.096000e-061 1.024000e-031 6.400000e-033 1.976103e-005 
3.276800e-091 4.096000e-091 8.192000e-032 2.560000e-062 2.440615e-007 
2.621440e-091 3.932160e-091 6.553600e-062 1.638400e-032 1.353651e-007 
2.097152e-091 3.670016e-091 5.242880e-092 1.310720e-032 7.507828e-008 
1.677722e-121 3.355443e-121 1.153434e-121 1.048576e-062 6.156721e-010 
1.342177e-151 3.019899e-151 1.593836e-151 8.388608e-093 5.048759e-012 
1.073742e-181 2.684355e-181 1.879048e-181 6.710886e-123 1.815149e-012 
8.589935e-182 2.362232e-181 2.040109e-211 5.368709e-123 1.006746e-012 
6.871948e-212 2.061584e-211 4.724464e-182 4.294967e-153 1.243396e-014 
5.497558e-242 1.786706e-241 3.779571e-212 3.435974e-183 8.118124e-016 
4.398047e-272 1.539316e-271 3.023657e-242 2.748779e-213 2.918658e-016 
3.518437e-272 1.319414e-271 2.418926e-272 2.199023e-213 1.618791e-016 
2.814750e-272 1.125900e-271 4.573968e-302 1.759219e-213 8.978385e-017 
2.251800e-272 9.570149e-272 2.251800e-302 1.407375e-213 4.979729e-017 
1.801440e-272 8.106479e-272 1.914030e-302 1.125900e-213 2.761934e-017 
1.441152e-272 6.845471e-272 1.621296e-302 9.007199e-214 1.531866e-017 
1.152922e-272 5.764608e-272 1.369094e-302 7.205759e-214 8.496269e-018 
9.223372e-273 4.842270e-272 1.152922e-302 5.764608e-214 4.712331e-018 
7.378698e-303 4.058284e-302 9.684541e-303 4.611686e-244 1.694195e-018 
0.000000e+000 0.000000e+000 0.000000e+000 3.689349e-274 6.091031e-019 
0.000000e+000 0.000000e+000 0.000000e+000 2.951479e-274 3.378301e-019 
0.000000e+000 0.000000e+000 0.000000e+000 2.361183e-274 1.873725e-019 
0.000000e+000 0.000000e+000 0.000000e+000 1.888947e-304 6.736485e-020 
0.000000e+000 0.000000e+000 0.000000e+000 0.000000e+000 2.421926e-020 
0.000000e+000 0.000000e+000 0.000000e+000 0.000000e+000 1.343286e-020 
0.000000e+000 0.000000e+000 0.000000e+000 0.000000e+000 7.450337e-021 
0.000000e+000 0.000000e+000 0.000000e+000 0.000000e+000 4.864321e-022 
0.000000e+000 0.000000e+000 0.000000e+000 0.000000e+000 2.697924e-022 
0.000000e+000 0.000000e+000 0.000000e+000 0.000000e+000 1.496364e-022 
0.000000e+000 0.000000e+000 0.000000e+000 0.000000e+000 8.299363e-023 
0.000000e+000 0.000000e+000 0.000000e+000 0.000000e+000 2.983818e-023 
0.000000e+000 0.000000e+000 0.000000e+000 0.000000e+000 1.072753e-023 
0.000000e+000 0.000000e+000 0.000000e+000 0.000000e+000 3.856802e-024 


3.856802e-024 1.542721e-023 6.604874e-025 4.473597e-024 9.158240e-024 
1.425166e-049 1.928401e-023 7.713604e-023 3.302437e-024 1.651218e-023 
8.907286e-020 3.562914e-019 9.642005e-023 6.530700e-022 1.336949e-021 
1.113411e-049 4.453643e-019 1.781457e-018 4.821002e-022 2.410501e-021 
8.219266e-080 5.567054e-019 2.226822e-018 3.903442e-020 1.951721e-019 
1.965635e-075 4.109633e-049 2.783527e-018 1.429462e-017 1.580258e-017 
1.222257e-075 4.939144e-075 2.054816e-018 1.391763e-017 2.849184e-017 
2.301417e-104 6.111287e-075 2.505751e-046 1.027408e-017 5.137041e-017 
6.129536e-075 9.055272e-074 3.055643e-044 1.252875e-015 6.264377e-015 
1.216219e-071 3.064768e-044 3.301729e-043 1.527822e-013 7.639108e-013 
7.601366e-042 3.040546e-041 1.532384e-013 1.037911e-012 2.124786e-012 
3.327020e-099 3.800683e-041 1.644346e-040 7.661920e-013 3.830960e-012 
1.033087e-069 1.250275e-068 1.900341e-040 6.203660e-011 3.101830e-010 
1.676019e-068 5.165433e-039 4.185204e-038 9.501707e-010 4.750854e-009 
1.397139e-038 2.791538e-038 2.582717e-008 1.059515e-007 1.321430e-008 
1.068397e-038 2.712105e-038 3.109270e-008 1.291358e-007 2.382520e-008 
7.174517e-039 2.472180e-038 3.671805e-008 1.554635e-007 4.295652e-008 
3.869149e-039 2.039599e-038 4.202506e-008 1.835902e-007 7.745003e-008 
1.309518e-039 1.410767e-038 4.554925e-008 2.101253e-007 1.396414e-007 
2.197195e-067 6.547591e-039 4.434799e-008 2.277463e-007 2.517715e-007 
1.528935e-067 4.870235e-067 3.273796e-008 2.217400e-007 4.539407e-007 
4.461325e-068 5.860145e-067 9.105924e-038 1.636898e-007 8.184489e-007 
3.293377e-068 2.230663e-037 2.037808e-036 4.552962e-007 2.276481e-006 
5.525843e-066 1.646689e-037 1.115331e-006 5.727712e-006 6.331936e-006 
3.845200e-066 1.224841e-065 8.233443e-007 5.576656e-006 1.141640e-005 
1.122002e-066 1.473799e-065 2.290098e-036 4.116722e-006 2.058361e-005 
1.994531e-064 5.610012e-036 5.124991e-035 1.145049e-005 5.725244e-005 
1.655207e-034 3.351827e-034 2.805006e-005 1.440493e-004 1.592452e-004 
1.034504e-034 4.138017e-034 2.070673e-005 1.402503e-004 2.871170e-004 
2.196881e-064 5.172521e-034 4.455167e-033 1.035336e-004 5.176681e-004 
7.435370e-035 8.010255e-034 2.586261e-003 1.193079e-002 7.928757e-003 
1.127192e-063 3.717685e-034 2.518054e-003 1.293130e-002 1.429544e-002 
5.752379e-064 3.335010e-063 1.858842e-003 1.259027e-002 2.577449e-002 
1.000000e-090 2.876190e-063 5.170292e-033 9.294212e-003 4.647106e-002 
1.000000e-060 1.000000e-060 1.438095e-032 2.585146e-002 1.292573e-001 
1.000000e-030 1.000000e-030 1.000000e-030 7.190474e-002 3.595237e-001 
1.000000e+000 1.000000e+000 1.000000e+000 1.000000e+000 1.000000e+000 


1.000000e+000 0.000000e+000 0.000000e+000 0.000000e+000 0.000000e+000 
2.956161e-026 1.000000e+000 0.000000e+000 0.000000e+000 0.000000e+000 
1.478080e-026 2.956161e-026 1.000000e+000 0.000000e+000 0.000000e+000 
1.478080e-056 4.434241e-026 1.478080e-026 1.000000e+000 0.000000e+000 
8.729023e-117 5.912321e-056 5.912321e-026 6.477394e-029 1.000000e+000 
1.670034e-142 4.364511e-116 5.912321e-026 9.488233e-056 1.000000e+000 
8.307593e-143 5.035650e-142 3.491609e-056 5.912321e-026 1.000000e+000 
1.251405e-171 5.815315e-142 3.406281e-114 3.491609e-026 1.000000e+000 
2.666369e-172 7.878147e-171 9.138353e-142 3.406281e-054 1.000000e+000 
4.232473e-199 2.399732e-171 1.364450e-170 3.323037e-082 1.000000e+000 
2.116236e-199 2.116236e-198 7.465832e-171 1.805978e-111 1.000000e+000 
7.409996e-257 2.327860e-198 8.698000e-228 1.066547e-111 1.000000e+000 
1.840727e-257 6.683123e-256 2.327860e-198 6.908448e-140 1.000000e+000 
2.389029e-286 2.392944e-256 4.101397e-226 8.464945e-169 1.000000e+000 
1.593206e-286 1.114151e-285 2.024799e-226 7.551265e-197 1.000000e+000 
9.746648e-287 9.278126e-286 1.950085e-256 7.362906e-197 1.000000e+000 
5.236066e-287 7.216931e-286 4.354571e-286 7.091219e-197 1.000000e+000 
2.259009e-287 5.060997e-286 2.453640e-286 6.699340e-197 1.000000e+000 
6.116514e-288 2.965243e-286 2.260490e-286 6.134099e-197 1.000000e+000 
8.210148e-316 1.162138e-286 1.864270e-286 5.318800e-197 1.000000e+000 
4.570476e-316 7.279345e-315 1.162138e-286 4.142823e-197 1.000000e+000 
1.066906e-316 7.357496e-315 2.722052e-316 2.446606e-197 1.000000e+000 
0.000000e+000 2.347194e-315 5.116993e-315 5.444104e-227 1.000000e+000 
0.000000e+000 0.000000e+000 0.000000e+000 5.479029e-256 1.000000e+000 
0.000000e+000 0.000000e+000 0.000000e+000 4.267625e-256 1.000000e+000 
0.000000e+000 0.000000e+000 0.000000e+000 2.520309e-256 1.000000e+000 
0.000000e+000 0.000000e+000 0.000000e+000 5.608107e-286 1.000000e+000 
0.000000e+000 0.000000e+000 0.000000e+000 0.000000e+000 1.000000e+000 
0.000000e+000 0.000000e+000 0.000000e+000 0.000000e+000 1.000000e+000 
0.000000e+000 0.000000e+000 0.000000e+000 0.000000e+000 1.000000e+000 
0.000000e+000 0.000000e+000 0.000000e+000 0.000000e+000 1.000000e+000 
0.000000e+000 0.000000e+000 0.000000e+000 0.000000e+000 1.000000e+000 
0.000000e+000 0.000000e+000 0.000000e+000 0.000000e+000 1.000000e+000 
0.000000e+000 0.000000e+000 0.000000e+000 0.000000e+000 1.000000e+000 
0.000000e+000 0.000000e+000 0.000000e+000 0.000000e+000 1.000000e+000 
0.000000e+000 0.000000e+000 0.000000e+000 0.000000e+000 1.000000e+000 
0.000000e+000 0.000000e+000 0.000000e+000 0.000000e+000 1.000000e+000 



Q star

------------
1  2  3  4  5  5  5  5  5  5  5  5  5  5  5  5  5  5  5  5  5  5  5  5  5  5  5  5  5  5  5  5  5  5  5  5  5  
------------

P star

-----------
3.856802e-024

A Martrix

4.434241e-026 1.000000e+000 0.000000e+000 0.000000e+000 0.000000e+000 
0.000000e+000 4.434241e-026 1.000000e+000 0.000000e+000 0.000000e+000 
0.000000e+000 0.000000e+000 8.868482e-026 1.000000e+000 0.000000e+000 
0.000000e+000 0.000000e+000 0.000000e+000 3.498087e-026 1.000000e+000 
0.000000e+000 0.000000e+000 0.000000e+000 0.000000e+000 1.000000e+000 

B Martrix

1.000000e-030 1.000000e-030 1.000000e-030 1.000000e-030 1.000000e-030 1.000000e-030 1.000000e-030 1.000000e+000 1.000000e-030 1.000000e-030 1.000000e-030 1.000000e-030 1.000000e-030 1.000000e-030 1.000000e-030 1.000000e-030 1.000000e-030 1.000000e-030 1.000000e-030 1.000000e-030 1.000000e-030 1.000000e-030 1.000000e-030 1.000000e-030 1.000000e-030 1.000000e-030 1.000000e-030 1.000000e-030 1.000000e-030 1.000000e-030 1.000000e-030 1.000000e-030 
1.000000e-030 1.000000e-030 1.000000e-030 1.000000e-030 1.000000e-030 1.000000e-030 1.000000e-030 1.000000e+000 1.000000e-030 1.000000e-030 1.000000e-030 1.000000e-030 1.000000e-030 1.000000e-030 1.000000e-030 1.000000e-030 1.000000e-030 1.000000e-030 1.000000e-030 1.000000e-030 1.000000e-030 1.000000e-030 1.000000e-030 1.000000e-030 1.000000e-030 1.000000e-030 1.000000e-030 1.000000e-030 1.000000e-030 1.000000e-030 1.000000e-030 1.000000e-030 
1.000000e-030 1.000000e-030 1.000000e-030 1.000000e-030 1.000000e-030 1.000000e-030 1.000000e-030 1.000000e-030 1.000000e-030 1.000000e-030 1.000000e-030 1.000000e-030 1.000000e-030 1.000000e-030 1.000000e-030 1.000000e-030 1.000000e-030 1.000000e+000 1.000000e-030 1.000000e-030 1.000000e-030 1.000000e-030 1.000000e-030 1.000000e-030 1.000000e-030 1.000000e-030 1.000000e-030 1.000000e-030 1.000000e-030 1.000000e-030 1.000000e-030 1.000000e-030 
1.000000e-030 1.000000e-030 1.000000e-030 1.000000e-030 1.000000e-030 1.000000e-030 1.000000e-030 1.000000e+000 1.000000e-030 1.000000e-030 1.000000e-030 1.000000e-030 1.000000e-030 1.000000e-030 1.000000e-030 1.000000e-030 1.000000e-030 1.000000e-030 1.000000e-030 1.000000e-030 1.000000e-030 1.000000e-030 1.000000e-030 1.000000e-030 1.000000e-030 1.000000e-030 1.000000e-030 1.000000e-030 1.000000e-030 1.000000e-030 1.000000e-030 1.000000e-030 
1.000000e-030 1.000000e-030 1.000000e-030 1.000000e-030 1.000000e-030 1.000000e-030 1.000000e-030 5.151515e-001 1.000000e-030 1.000000e-030 1.000000e-030 6.060606e-002 1.000000e-030 1.000000e-030 1.000000e-030 1.000000e-030 1.000000e-030 9.090909e-002 1.000000e-030 6.060606e-002 1.000000e-030 1.000000e-030 1.000000e-030 1.000000e-030 1.000000e-030 1.000000e-030 1.000000e-030 2.727273e-001 1.000000e-030 1.000000e-030 1.000000e-030 1.000000e-030 
Iteraion 3
-----------------

P(O|lamda) = 1.072354e-018

1.000000e+000 0.000000e+000 0.000000e+000 0.000000e+000 0.000000e+000 
4.434241e-026 1.000000e+000 0.000000e+000 0.000000e+000 0.000000e+000 
1.966249e-081 8.868482e-056 1.000000e+000 0.000000e+000 0.000000e+000 
8.718823e-107 5.898748e-081 8.868482e-056 1.000000e+000 0.000000e+000 
3.866136e-162 3.487529e-136 1.376374e-080 3.498087e-056 9.090909e-002 
1.714338e-217 1.933068e-191 1.220635e-105 1.498741e-110 8.264463e-003 
7.601787e-243 1.028603e-216 1.082518e-160 1.220635e-105 4.257451e-003 
3.370816e-268 5.321251e-242 9.600292e-216 4.269888e-131 2.193232e-003 
1.482197e-323 2.696652e-297 9.046127e-271 1.493644e-186 1.329232e-004 
0.000000e+000 0.000000e+000 0.000000e+000 5.224895e-242 8.055949e-006 
0.000000e+000 0.000000e+000 0.000000e+000 1.827713e-297 2.197077e-006 
0.000000e+000 0.000000e+000 0.000000e+000 6.422853e-323 1.131828e-006 
0.000000e+000 0.000000e+000 0.000000e+000 0.000000e+000 1.028934e-007 
0.000000e+000 0.000000e+000 0.000000e+000 0.000000e+000 6.235964e-009 
0.000000e+000 0.000000e+000 0.000000e+000 0.000000e+000 1.700718e-009 
0.000000e+000 0.000000e+000 0.000000e+000 0.000000e+000 8.761272e-010 
0.000000e+000 0.000000e+000 0.000000e+000 0.000000e+000 4.513383e-010 
0.000000e+000 0.000000e+000 0.000000e+000 0.000000e+000 2.325076e-010 
0.000000e+000 0.000000e+000 0.000000e+000 0.000000e+000 1.197766e-010 
0.000000e+000 0.000000e+000 0.000000e+000 0.000000e+000 6.170312e-011 
0.000000e+000 0.000000e+000 0.000000e+000 0.000000e+000 3.178645e-011 
0.000000e+000 0.000000e+000 0.000000e+000 0.000000e+000 1.637484e-011 
0.000000e+000 0.000000e+000 0.000000e+000 0.000000e+000 4.465865e-012 
0.000000e+000 0.000000e+000 0.000000e+000 0.000000e+000 1.217963e-012 
0.000000e+000 0.000000e+000 0.000000e+000 0.000000e+000 6.274356e-013 
0.000000e+000 0.000000e+000 0.000000e+000 0.000000e+000 3.232244e-013 
0.000000e+000 0.000000e+000 0.000000e+000 0.000000e+000 8.815212e-014 
0.000000e+000 0.000000e+000 0.000000e+000 0.000000e+000 2.404149e-014 
0.000000e+000 0.000000e+000 0.000000e+000 0.000000e+000 1.238501e-014 
0.000000e+000 0.000000e+000 0.000000e+000 0.000000e+000 6.380156e-015 
0.000000e+000 0.000000e+000 0.000000e+000 0.000000e+000 3.866761e-016 
0.000000e+000 0.000000e+000 0.000000e+000 0.000000e+000 1.991968e-016 
0.000000e+000 0.000000e+000 0.000000e+000 0.000000e+000 1.026165e-016 
0.000000e+000 0.000000e+000 0.000000e+000 0.000000e+000 5.286306e-017 
0.000000e+000 0.000000e+000 0.000000e+000 0.000000e+000 1.441720e-017 
0.000000e+000 0.000000e+000 0.000000e+000 0.000000e+000 3.931963e-018 
0.000000e+000 0.000000e+000 0.000000e+000 0.000000e+000 1.072354e-018 


1.072354e-018 4.755074e-044 5.022041e-020 2.587112e-020 2.587112e-020 
1.981023e-096 1.072354e-018 9.510203e-044 5.022041e-020 5.022041e-020 
2.233779e-041 9.905113e-067 1.072354e-018 5.524245e-019 5.524245e-019 
2.518769e-046 2.233779e-041 1.179589e-047 1.072354e-018 1.072354e-018 
4.889375e-076 2.518769e-016 2.233779e-041 1.179589e-017 1.179589e-017 
8.067469e-075 4.889375e-046 2.518769e-016 1.297548e-016 1.297548e-016 
1.331132e-073 8.067469e-075 4.889375e-016 2.518769e-016 2.518769e-016 
4.880819e-103 1.331132e-073 8.067469e-045 4.889375e-016 4.889375e-016 
9.474531e-073 4.880819e-073 1.331132e-043 8.067469e-015 8.067469e-015 
1.525049e-095 9.474531e-043 4.880819e-043 1.331132e-013 1.331132e-013 
1.719627e-040 7.625253e-066 9.474531e-013 4.880819e-013 4.880819e-013 
6.305300e-100 1.719627e-040 1.042198e-041 9.474531e-013 9.474531e-013 
1.223970e-069 6.305300e-070 1.719627e-040 1.042198e-011 1.042198e-011 
2.375942e-069 1.223970e-039 6.305300e-040 1.719627e-010 1.719627e-010 
4.612123e-039 2.375942e-039 1.223970e-009 6.305300e-010 6.305300e-010 
8.952944e-039 4.612123e-039 2.375942e-009 1.223970e-009 1.223970e-009 
1.737924e-038 8.952944e-039 4.612123e-009 2.375942e-009 2.375942e-009 
3.373618e-038 1.737924e-038 8.952944e-009 4.612123e-009 4.612123e-009 
6.548788e-038 3.373618e-038 1.737924e-008 8.952944e-009 8.952944e-009 
2.401222e-067 6.548788e-038 3.373618e-008 1.737924e-008 1.737924e-008 
8.804481e-067 2.401222e-067 6.548788e-008 3.373618e-008 3.373618e-008 
1.709105e-066 8.804481e-067 2.401222e-037 6.548788e-008 6.548788e-008 
3.317675e-066 1.709105e-036 8.804481e-037 2.401222e-007 2.401222e-007 
1.216481e-065 3.317675e-036 1.709105e-006 8.804481e-007 8.804481e-007 
4.460429e-065 1.216481e-065 3.317675e-006 1.709105e-006 1.709105e-006 
8.658481e-065 4.460429e-065 1.216481e-035 3.317675e-006 3.317675e-006 
1.680764e-064 8.658481e-035 4.460429e-035 1.216481e-005 1.216481e-005 
4.774275e-058 1.680764e-034 8.658481e-005 4.460429e-005 4.460429e-005 
5.383388e-033 2.387152e-058 1.680764e-004 8.658481e-005 8.658481e-005 
1.045011e-062 5.383388e-033 2.773260e-033 1.680764e-004 1.680764e-004 
2.028550e-032 1.045011e-032 5.383388e-003 2.773260e-003 2.773260e-003 
7.438017e-062 2.028550e-032 1.045011e-002 5.383388e-003 5.383388e-003 
2.727273e-061 7.438017e-062 2.028550e-002 1.045011e-002 1.045011e-002 
1.000000e-090 2.727273e-061 7.438017e-032 2.028550e-002 2.028550e-002 
1.000000e-060 1.000000e-060 2.727273e-031 7.438017e-002 7.438017e-002 
1.000000e-030 1.000000e-030 1.000000e-030 2.727273e-001 2.727273e-001 
1.000000e+000 1.000000e+000 1.000000e+000 1.000000e+000 1.000000e+000 


1.000000e+000 0.000000e+000 0.000000e+000 0.000000e+000 0.000000e+000 
8.191638e-104 1.000000e+000 0.000000e+000 0.000000e+000 0.000000e+000 
4.095819e-104 8.191638e-104 1.000000e+000 0.000000e+000 0.000000e+000 
2.047898e-134 1.228746e-103 9.755330e-085 1.000000e+000 0.000000e+000 
1.762757e-219 8.191591e-134 2.867073e-103 3.847895e-055 1.000000e+000 
1.289721e-273 8.813787e-219 2.867057e-103 1.813476e-108 1.000000e+000 
9.436241e-298 7.738326e-273 4.935721e-158 2.867057e-103 1.000000e+000 
0.000000e+000 6.605368e-297 7.222438e-242 1.946847e-128 1.000000e+000 
0.000000e+000 0.000000e+000 1.122913e-295 1.123690e-182 1.000000e+000 
0.000000e+000 0.000000e+000 0.000000e+000 6.485759e-237 1.000000e+000 
0.000000e+000 0.000000e+000 0.000000e+000 8.318841e-292 1.000000e+000 
0.000000e+000 0.000000e+000 0.000000e+000 5.674763e-317 1.000000e+000 
0.000000e+000 0.000000e+000 0.000000e+000 0.000000e+000 1.000000e+000 
0.000000e+000 0.000000e+000 0.000000e+000 0.000000e+000 1.000000e+000 
0.000000e+000 0.000000e+000 0.000000e+000 0.000000e+000 1.000000e+000 
0.000000e+000 0.000000e+000 0.000000e+000 0.000000e+000 1.000000e+000 
0.000000e+000 0.000000e+000 0.000000e+000 0.000000e+000 1.000000e+000 
0.000000e+000 0.000000e+000 0.000000e+000 0.000000e+000 1.000000e+000 
0.000000e+000 0.000000e+000 0.000000e+000 0.000000e+000 1.000000e+000 
0.000000e+000 0.000000e+000 0.000000e+000 0.000000e+000 1.000000e+000 
0.000000e+000 0.000000e+000 0.000000e+000 0.000000e+000 1.000000e+000 
0.000000e+000 0.000000e+000 0.000000e+000 0.000000e+000 1.000000e+000 
0.000000e+000 0.000000e+000 0.000000e+000 0.000000e+000 1.000000e+000 
0.000000e+000 0.000000e+000 0.000000e+000 0.000000e+000 1.000000e+000 
0.000000e+000 0.000000e+000 0.000000e+000 0.000000e+000 1.000000e+000 
0.000000e+000 0.000000e+000 0.000000e+000 0.000000e+000 1.000000e+000 
0.000000e+000 0.000000e+000 0.000000e+000 0.000000e+000 1.000000e+000 
0.000000e+000 0.000000e+000 0.000000e+000 0.000000e+000 1.000000e+000 
0.000000e+000 0.000000e+000 0.000000e+000 0.000000e+000 1.000000e+000 
0.000000e+000 0.000000e+000 0.000000e+000 0.000000e+000 1.000000e+000 
0.000000e+000 0.000000e+000 0.000000e+000 0.000000e+000 1.000000e+000 
0.000000e+000 0.000000e+000 0.000000e+000 0.000000e+000 1.000000e+000 
0.000000e+000 0.000000e+000 0.000000e+000 0.000000e+000 1.000000e+000 
0.000000e+000 0.000000e+000 0.000000e+000 0.000000e+000 1.000000e+000 
0.000000e+000 0.000000e+000 0.000000e+000 0.000000e+000 1.000000e+000 
0.000000e+000 0.000000e+000 0.000000e+000 0.000000e+000 1.000000e+000 
0.000000e+000 0.000000e+000 0.000000e+000 0.000000e+000 1.000000e+000 



Q star

------------
1  2  3  4  5  5  5  5  5  5  5  5  5  5  5  5  5  5  5  5  5  5  5  5  5  5  5  5  5  5  5  5  5  5  5  5  5  
------------

P star

-----------
1.072354e-018

A Martrix

1.228746e-103 1.000000e+000 0.000000e+000 0.000000e+000 0.000000e+000 
0.000000e+000 1.228746e-103 1.000000e+000 0.000000e+000 0.000000e+000 
0.000000e+000 0.000000e+000 9.755330e-085 1.000000e+000 0.000000e+000 
0.000000e+000 0.000000e+000 0.000000e+000 3.847895e-055 1.000000e+000 
0.000000e+000 0.000000e+000 0.000000e+000 0.000000e+000 1.000000e+000 

B Martrix

1.000000e-030 1.000000e-030 1.000000e-030 1.000000e-030 1.000000e-030 1.000000e-030 1.000000e-030 1.000000e+000 1.000000e-030 1.000000e-030 1.000000e-030 1.000000e-030 1.000000e-030 1.000000e-030 1.000000e-030 1.000000e-030 1.000000e-030 1.000000e-030 1.000000e-030 1.000000e-030 1.000000e-030 1.000000e-030 1.000000e-030 1.000000e-030 1.000000e-030 1.000000e-030 1.000000e-030 1.000000e-030 1.000000e-030 1.000000e-030 1.000000e-030 1.000000e-030 
1.000000e-030 1.000000e-030 1.000000e-030 1.000000e-030 1.000000e-030 1.000000e-030 1.000000e-030 1.000000e+000 1.000000e-030 1.000000e-030 1.000000e-030 1.000000e-030 1.000000e-030 1.000000e-030 1.000000e-030 1.000000e-030 1.000000e-030 1.000000e-030 1.000000e-030 1.000000e-030 1.000000e-030 1.000000e-030 1.000000e-030 1.000000e-030 1.000000e-030 1.000000e-030 1.000000e-030 1.000000e-030 1.000000e-030 1.000000e-030 1.000000e-030 1.000000e-030 
1.000000e-030 1.000000e-030 1.000000e-030 1.000000e-030 1.000000e-030 1.000000e-030 1.000000e-030 1.000000e-030 1.000000e-030 1.000000e-030 1.000000e-030 1.000000e-030 1.000000e-030 1.000000e-030 1.000000e-030 1.000000e-030 1.000000e-030 1.000000e+000 1.000000e-030 1.000000e-030 1.000000e-030 1.000000e-030 1.000000e-030 1.000000e-030 1.000000e-030 1.000000e-030 1.000000e-030 1.000000e-030 1.000000e-030 1.000000e-030 1.000000e-030 1.000000e-030 
1.000000e-030 1.000000e-030 1.000000e-030 1.000000e-030 1.000000e-030 1.000000e-030 1.000000e-030 1.000000e+000 1.000000e-030 1.000000e-030 1.000000e-030 1.000000e-030 1.000000e-030 1.000000e-030 1.000000e-030 1.000000e-030 1.000000e-030 1.000000e-030 1.000000e-030 1.000000e-030 1.000000e-030 1.000000e-030 1.000000e-030 1.000000e-030 1.000000e-030 1.000000e-030 1.000000e-030 1.000000e-030 1.000000e-030 1.000000e-030 1.000000e-030 1.000000e-030 
1.000000e-030 1.000000e-030 1.000000e-030 1.000000e-030 1.000000e-030 1.000000e-030 1.000000e-030 5.151515e-001 1.000000e-030 1.000000e-030 1.000000e-030 6.060606e-002 1.000000e-030 1.000000e-030 1.000000e-030 1.000000e-030 1.000000e-030 9.090909e-002 1.000000e-030 6.060606e-002 1.000000e-030 1.000000e-030 1.000000e-030 1.000000e-030 1.000000e-030 1.000000e-030 1.000000e-030 2.727273e-001 1.000000e-030 1.000000e-030 1.000000e-030 1.000000e-030 
Iteraion 4
-----------------

P(O|lamda) = 1.072354e-018

1.000000e+000 0.000000e+000 0.000000e+000 0.000000e+000 0.000000e+000 
1.228746e-103 1.000000e+000 0.000000e+000 0.000000e+000 0.000000e+000 
1.509816e-236 2.457491e-133 1.000000e+000 0.000000e+000 0.000000e+000 
0.000000e+000 4.529448e-236 9.755330e-115 1.000000e+000 0.000000e+000 
0.000000e+000 0.000000e+000 9.516646e-199 3.847895e-085 9.090909e-002 
0.000000e+000 0.000000e+000 9.283803e-283 1.480630e-169 8.264463e-003 
0.000000e+000 0.000000e+000 0.000000e+000 5.697308e-224 4.257451e-003 
0.000000e+000 0.000000e+000 0.000000e+000 2.192264e-278 2.193232e-003 
0.000000e+000 0.000000e+000 0.000000e+000 0.000000e+000 1.329232e-004 
0.000000e+000 0.000000e+000 0.000000e+000 0.000000e+000 8.055949e-006 
0.000000e+000 0.000000e+000 0.000000e+000 0.000000e+000 2.197077e-006 
0.000000e+000 0.000000e+000 0.000000e+000 0.000000e+000 1.131828e-006 
0.000000e+000 0.000000e+000 0.000000e+000 0.000000e+000 1.028934e-007 
0.000000e+000 0.000000e+000 0.000000e+000 0.000000e+000 6.235964e-009 
0.000000e+000 0.000000e+000 0.000000e+000 0.000000e+000 1.700718e-009 
0.000000e+000 0.000000e+000 0.000000e+000 0.000000e+000 8.761272e-010 
0.000000e+000 0.000000e+000 0.000000e+000 0.000000e+000 4.513383e-010 
0.000000e+000 0.000000e+000 0.000000e+000 0.000000e+000 2.325076e-010 
0.000000e+000 0.000000e+000 0.000000e+000 0.000000e+000 1.197766e-010 
0.000000e+000 0.000000e+000 0.000000e+000 0.000000e+000 6.170312e-011 
0.000000e+000 0.000000e+000 0.000000e+000 0.000000e+000 3.178645e-011 
0.000000e+000 0.000000e+000 0.000000e+000 0.000000e+000 1.637484e-011 
0.000000e+000 0.000000e+000 0.000000e+000 0.000000e+000 4.465865e-012 
0.000000e+000 0.000000e+000 0.000000e+000 0.000000e+000 1.217963e-012 
0.000000e+000 0.000000e+000 0.000000e+000 0.000000e+000 6.274356e-013 
0.000000e+000 0.000000e+000 0.000000e+000 0.000000e+000 3.232244e-013 
0.000000e+000 0.000000e+000 0.000000e+000 0.000000e+000 8.815212e-014 
0.000000e+000 0.000000e+000 0.000000e+000 0.000000e+000 2.404149e-014 
0.000000e+000 0.000000e+000 0.000000e+000 0.000000e+000 1.238501e-014 
0.000000e+000 0.000000e+000 0.000000e+000 0.000000e+000 6.380156e-015 
0.000000e+000 0.000000e+000 0.000000e+000 0.000000e+000 3.866761e-016 
0.000000e+000 0.000000e+000 0.000000e+000 0.000000e+000 1.991968e-016 
0.000000e+000 0.000000e+000 0.000000e+000 0.000000e+000 1.026165e-016 
0.000000e+000 0.000000e+000 0.000000e+000 0.000000e+000 5.286306e-017 
0.000000e+000 0.000000e+000 0.000000e+000 0.000000e+000 1.441720e-017 
0.000000e+000 0.000000e+000 0.000000e+000 0.000000e+000 3.931963e-018 
0.000000e+000 0.000000e+000 0.000000e+000 0.000000e+000 1.072354e-018 


1.072354e-018 5.524245e-079 5.022041e-020 2.587112e-020 2.587112e-020 
1.179589e-107 1.072354e-018 5.524245e-049 5.022041e-020 5.022041e-020 
1.297548e-046 1.179589e-077 1.072354e-018 5.524245e-019 5.524245e-019 
2.518769e-046 1.297548e-046 1.179589e-047 1.072354e-018 1.072354e-018 
4.889375e-076 2.518769e-016 1.297548e-046 1.179589e-017 1.179589e-017 
8.067469e-075 4.889375e-046 2.518769e-016 1.297548e-016 1.297548e-016 
1.331132e-073 8.067469e-075 4.889375e-016 2.518769e-016 2.518769e-016 
4.880819e-103 1.331132e-073 8.067469e-045 4.889375e-016 4.889375e-016 
9.474531e-073 4.880819e-073 1.331132e-043 8.067469e-015 8.067469e-015 
1.042198e-101 9.474531e-043 4.880819e-043 1.331132e-013 1.331132e-013 
1.719627e-040 1.042198e-071 9.474531e-013 4.880819e-013 4.880819e-013 
6.305300e-100 1.719627e-040 1.042198e-041 9.474531e-013 9.474531e-013 
1.223970e-069 6.305300e-070 1.719627e-040 1.042198e-011 1.042198e-011 
2.375942e-069 1.223970e-039 6.305300e-040 1.719627e-010 1.719627e-010 
4.612123e-039 2.375942e-039 1.223970e-009 6.305300e-010 6.305300e-010 
8.952944e-039 4.612123e-039 2.375942e-009 1.223970e-009 1.223970e-009 
1.737924e-038 8.952944e-039 4.612123e-009 2.375942e-009 2.375942e-009 
3.373618e-038 1.737924e-038 8.952944e-009 4.612123e-009 4.612123e-009 
6.548788e-038 3.373618e-038 1.737924e-008 8.952944e-009 8.952944e-009 
2.401222e-067 6.548788e-038 3.373618e-008 1.737924e-008 1.737924e-008 
8.804481e-067 2.401222e-067 6.548788e-008 3.373618e-008 3.373618e-008 
1.709105e-066 8.804481e-067 2.401222e-037 6.548788e-008 6.548788e-008 
3.317675e-066 1.709105e-036 8.804481e-037 2.401222e-007 2.401222e-007 
1.216481e-065 3.317675e-036 1.709105e-006 8.804481e-007 8.804481e-007 
4.460429e-065 1.216481e-065 3.317675e-006 1.709105e-006 1.709105e-006 
8.658481e-065 4.460429e-065 1.216481e-035 3.317675e-006 3.317675e-006 
1.680764e-064 8.658481e-035 4.460429e-035 1.216481e-005 1.216481e-005 
2.773260e-063 1.680764e-034 8.658481e-005 4.460429e-005 4.460429e-005 
5.383388e-033 2.773260e-063 1.680764e-004 8.658481e-005 8.658481e-005 
1.045011e-062 5.383388e-033 2.773260e-033 1.680764e-004 1.680764e-004 
2.028550e-032 1.045011e-032 5.383388e-003 2.773260e-003 2.773260e-003 
7.438017e-062 2.028550e-032 1.045011e-002 5.383388e-003 5.383388e-003 
2.727273e-061 7.438017e-062 2.028550e-002 1.045011e-002 1.045011e-002 
1.000000e-090 2.727273e-061 7.438017e-032 2.028550e-002 2.028550e-002 
1.000000e-060 1.000000e-060 2.727273e-031 7.438017e-002 7.438017e-002 
1.000000e-030 1.000000e-030 1.000000e-030 2.727273e-001 2.727273e-001 
1.000000e+000 1.000000e+000 1.000000e+000 1.000000e+000 1.000000e+000 


1.000000e+000 0.000000e+000 0.000000e+000 0.000000e+000 0.000000e+000 
1.351620e-192 1.000000e+000 0.000000e+000 0.000000e+000 0.000000e+000 
1.826877e-264 2.703241e-192 1.000000e+000 0.000000e+000 0.000000e+000 
0.000000e+000 5.480632e-264 1.073086e-143 1.000000e+000 0.000000e+000 
0.000000e+000 0.000000e+000 1.151514e-226 4.232685e-084 1.000000e+000 
0.000000e+000 0.000000e+000 2.180601e-280 1.791562e-167 1.000000e+000 
0.000000e+000 0.000000e+000 0.000000e+000 1.338197e-221 1.000000e+000 
0.000000e+000 0.000000e+000 0.000000e+000 9.995588e-276 1.000000e+000 
0.000000e+000 0.000000e+000 0.000000e+000 0.000000e+000 1.000000e+000 
0.000000e+000 0.000000e+000 0.000000e+000 0.000000e+000 1.000000e+000 
0.000000e+000 0.000000e+000 0.000000e+000 0.000000e+000 1.000000e+000 
0.000000e+000 0.000000e+000 0.000000e+000 0.000000e+000 1.000000e+000 
0.000000e+000 0.000000e+000 0.000000e+000 0.000000e+000 1.000000e+000 
0.000000e+000 0.000000e+000 0.000000e+000 0.000000e+000 1.000000e+000 
0.000000e+000 0.000000e+000 0.000000e+000 0.000000e+000 1.000000e+000 
0.000000e+000 0.000000e+000 0.000000e+000 0.000000e+000 1.000000e+000 
0.000000e+000 0.000000e+000 0.000000e+000 0.000000e+000 1.000000e+000 
0.000000e+000 0.000000e+000 0.000000e+000 0.000000e+000 1.000000e+000 
0.000000e+000 0.000000e+000 0.000000e+000 0.000000e+000 1.000000e+000 
0.000000e+000 0.000000e+000 0.000000e+000 0.000000e+000 1.000000e+000 
0.000000e+000 0.000000e+000 0.000000e+000 0.000000e+000 1.000000e+000 
0.000000e+000 0.000000e+000 0.000000e+000 0.000000e+000 1.000000e+000 
0.000000e+000 0.000000e+000 0.000000e+000 0.000000e+000 1.000000e+000 
0.000000e+000 0.000000e+000 0.000000e+000 0.000000e+000 1.000000e+000 
0.000000e+000 0.000000e+000 0.000000e+000 0.000000e+000 1.000000e+000 
0.000000e+000 0.000000e+000 0.000000e+000 0.000000e+000 1.000000e+000 
0.000000e+000 0.000000e+000 0.000000e+000 0.000000e+000 1.000000e+000 
0.000000e+000 0.000000e+000 0.000000e+000 0.000000e+000 1.000000e+000 
0.000000e+000 0.000000e+000 0.000000e+000 0.000000e+000 1.000000e+000 
0.000000e+000 0.000000e+000 0.000000e+000 0.000000e+000 1.000000e+000 
0.000000e+000 0.000000e+000 0.000000e+000 0.000000e+000 1.000000e+000 
0.000000e+000 0.000000e+000 0.000000e+000 0.000000e+000 1.000000e+000 
0.000000e+000 0.000000e+000 0.000000e+000 0.000000e+000 1.000000e+000 
0.000000e+000 0.000000e+000 0.000000e+000 0.000000e+000 1.000000e+000 
0.000000e+000 0.000000e+000 0.000000e+000 0.000000e+000 1.000000e+000 
0.000000e+000 0.000000e+000 0.000000e+000 0.000000e+000 1.000000e+000 
0.000000e+000 0.000000e+000 0.000000e+000 0.000000e+000 1.000000e+000 



Q star

------------
1  2  3  4  5  5  5  5  5  5  5  5  5  5  5  5  5  5  5  5  5  5  5  5  5  5  5  5  5  5  5  5  5  5  5  5  5  
------------

P star

-----------
1.072354e-018

A Martrix

1.351620e-192 1.000000e+000 0.000000e+000 0.000000e+000 0.000000e+000 
0.000000e+000 1.351620e-192 1.000000e+000 0.000000e+000 0.000000e+000 
0.000000e+000 0.000000e+000 1.073086e-143 1.000000e+000 0.000000e+000 
0.000000e+000 0.000000e+000 0.000000e+000 4.232685e-084 1.000000e+000 
0.000000e+000 0.000000e+000 0.000000e+000 0.000000e+000 1.000000e+000 

B Martrix

1.000000e-030 1.000000e-030 1.000000e-030 1.000000e-030 1.000000e-030 1.000000e-030 1.000000e-030 1.000000e+000 1.000000e-030 1.000000e-030 1.000000e-030 1.000000e-030 1.000000e-030 1.000000e-030 1.000000e-030 1.000000e-030 1.000000e-030 1.000000e-030 1.000000e-030 1.000000e-030 1.000000e-030 1.000000e-030 1.000000e-030 1.000000e-030 1.000000e-030 1.000000e-030 1.000000e-030 1.000000e-030 1.000000e-030 1.000000e-030 1.000000e-030 1.000000e-030 
1.000000e-030 1.000000e-030 1.000000e-030 1.000000e-030 1.000000e-030 1.000000e-030 1.000000e-030 1.000000e+000 1.000000e-030 1.000000e-030 1.000000e-030 1.000000e-030 1.000000e-030 1.000000e-030 1.000000e-030 1.000000e-030 1.000000e-030 1.000000e-030 1.000000e-030 1.000000e-030 1.000000e-030 1.000000e-030 1.000000e-030 1.000000e-030 1.000000e-030 1.000000e-030 1.000000e-030 1.000000e-030 1.000000e-030 1.000000e-030 1.000000e-030 1.000000e-030 
1.000000e-030 1.000000e-030 1.000000e-030 1.000000e-030 1.000000e-030 1.000000e-030 1.000000e-030 1.000000e-030 1.000000e-030 1.000000e-030 1.000000e-030 1.000000e-030 1.000000e-030 1.000000e-030 1.000000e-030 1.000000e-030 1.000000e-030 1.000000e+000 1.000000e-030 1.000000e-030 1.000000e-030 1.000000e-030 1.000000e-030 1.000000e-030 1.000000e-030 1.000000e-030 1.000000e-030 1.000000e-030 1.000000e-030 1.000000e-030 1.000000e-030 1.000000e-030 
1.000000e-030 1.000000e-030 1.000000e-030 1.000000e-030 1.000000e-030 1.000000e-030 1.000000e-030 1.000000e+000 1.000000e-030 1.000000e-030 1.000000e-030 1.000000e-030 1.000000e-030 1.000000e-030 1.000000e-030 1.000000e-030 1.000000e-030 1.000000e-030 1.000000e-030 1.000000e-030 1.000000e-030 1.000000e-030 1.000000e-030 1.000000e-030 1.000000e-030 1.000000e-030 1.000000e-030 1.000000e-030 1.000000e-030 1.000000e-030 1.000000e-030 1.000000e-030 
1.000000e-030 1.000000e-030 1.000000e-030 1.000000e-030 1.000000e-030 1.000000e-030 1.000000e-030 5.151515e-001 1.000000e-030 1.000000e-030 1.000000e-030 6.060606e-002 1.000000e-030 1.000000e-030 1.000000e-030 1.000000e-030 1.000000e-030 9.090909e-002 1.000000e-030 6.060606e-002 1.000000e-030 1.000000e-030 1.000000e-030 1.000000e-030 1.000000e-030 1.000000e-030 1.000000e-030 2.727273e-001 1.000000e-030 1.000000e-030 1.000000e-030 1.000000e-030 
=================
