11	11	11	19	19	13	11	20	20	20	4	19	3	4	4	12	12	12	20	20	28	28	4	28	28	28	12	12	12	28	28	28	20	12	28	28	28	28	28	12	12	28	28	28	28	28	
Iteraion 1
-----------------

P(O|lamda) = 5.795635e-070

3.125000e-002 0.000000e+000 0.000000e+000 0.000000e+000 0.000000e+000 
7.812500e-004 1.953125e-004 0.000000e+000 0.000000e+000 0.000000e+000 
1.953125e-005 9.765625e-006 1.220703e-006 0.000000e+000 0.000000e+000 
4.882813e-007 3.662109e-007 9.155273e-008 7.629395e-009 0.000000e+000 
1.220703e-008 1.220703e-008 4.577637e-009 7.629395e-010 4.768372e-011 
3.051758e-010 3.814697e-010 1.907349e-010 4.768372e-011 6.258488e-012 
7.629395e-012 1.144409e-011 7.152557e-012 2.384186e-012 4.936010e-013 
1.907349e-013 3.337860e-013 2.503395e-013 1.043081e-013 3.032619e-014 
4.768372e-015 9.536743e-015 8.344650e-015 4.172325e-015 1.599619e-015 
1.192093e-016 2.682209e-016 2.682209e-016 1.564622e-016 7.606513e-017 
2.980232e-018 7.450581e-018 8.381903e-018 5.587935e-018 3.354924e-018 
7.450581e-020 2.048910e-019 2.561137e-019 1.920853e-019 1.397660e-019 
1.862645e-021 5.587935e-021 7.683411e-021 6.402843e-021 5.568220e-021 
4.656613e-023 1.513399e-022 2.270099e-022 2.080924e-022 2.140246e-022 
1.164153e-024 4.074536e-024 6.621121e-024 6.621121e-024 7.988847e-024 
2.910383e-026 1.091394e-025 1.909939e-025 2.069100e-025 2.910335e-025 
7.275958e-028 2.910383e-027 5.456968e-027 6.366463e-027 1.038798e-026 
1.818989e-029 7.730705e-029 1.546141e-028 1.932676e-028 3.644149e-028 
4.547474e-031 2.046363e-030 4.348522e-030 5.798029e-030 1.259589e-029 
1.136868e-032 5.400125e-032 1.215028e-031 1.721290e-031 4.298592e-031 
2.842171e-034 1.421085e-033 3.375078e-033 5.062617e-033 1.450891e-032 
7.105427e-036 3.730349e-035 9.325873e-035 1.476597e-034 4.850447e-034 
1.776357e-037 9.769963e-037 2.564615e-036 4.274359e-036 1.608052e-035 
4.440892e-039 2.553513e-038 7.022161e-038 1.228878e-037 5.292309e-037 
1.110223e-040 6.661338e-040 1.915135e-039 3.511080e-039 1.730652e-038 
2.775558e-042 1.734723e-041 5.204170e-041 9.974660e-041 5.627729e-040 
6.938894e-044 4.510281e-043 1.409463e-042 2.818926e-042 1.821007e-041 
1.734723e-045 1.170938e-044 3.805550e-044 7.928228e-044 5.866829e-043 
4.336809e-047 3.035766e-046 1.024571e-045 2.219904e-045 1.882936e-044 
1.084202e-048 7.860466e-048 2.751163e-047 6.190117e-047 6.022918e-046 
2.710505e-050 2.032879e-049 7.369187e-049 1.719477e-048 1.920850e-047 
6.776264e-052 5.251604e-051 1.969352e-050 4.759266e-050 6.110124e-049 
1.694066e-053 1.355253e-052 5.251604e-052 1.312901e-051 1.939159e-050 
4.235165e-055 3.494011e-054 1.397604e-053 3.610478e-053 6.141928e-052 
1.058791e-056 8.999725e-056 3.712387e-055 9.899698e-055 1.941918e-053 
2.646978e-058 2.316106e-057 9.843449e-057 2.706949e-056 6.130367e-055 
6.617445e-060 5.955700e-059 2.605619e-058 7.382587e-058 1.932658e-056 
1.654361e-061 1.530284e-060 6.886279e-060 2.008498e-059 6.085698e-058 
4.135903e-063 3.929108e-062 1.817212e-061 5.451637e-061 1.914334e-059 
1.033976e-064 1.008126e-063 4.788600e-063 1.476485e-062 6.016366e-061 
2.584939e-066 2.584939e-065 1.260158e-064 3.990500e-064 1.889342e-062 
6.462349e-068 6.623907e-067 3.311954e-066 1.076385e-065 5.929135e-064 
1.615587e-069 1.696366e-068 8.693878e-068 2.897959e-067 1.859582e-065 
4.038968e-071 4.341890e-070 2.279492e-069 7.788266e-069 5.829306e-067 
1.009742e-072 1.110716e-071 5.970099e-071 2.089535e-070 1.826526e-068 
2.524355e-074 2.839899e-073 1.561945e-072 5.596968e-072 5.720953e-070 


1.854603e-068 1.854603e-068 1.854603e-068 1.854603e-068 1.854603e-068 
5.934730e-067 5.934730e-067 5.934730e-067 5.934730e-067 5.934730e-067 
1.899114e-065 1.899114e-065 1.899114e-065 1.899114e-065 1.899114e-065 
6.077163e-064 6.077163e-064 6.077163e-064 6.077163e-064 6.077163e-064 
1.944692e-062 1.944692e-062 1.944692e-062 1.944692e-062 1.944692e-062 
6.223015e-061 6.223015e-061 6.223015e-061 6.223015e-061 6.223015e-061 
1.991365e-059 1.991365e-059 1.991365e-059 1.991365e-059 1.991365e-059 
6.372368e-058 6.372368e-058 6.372368e-058 6.372368e-058 6.372368e-058 
2.039158e-056 2.039158e-056 2.039158e-056 2.039158e-056 2.039158e-056 
6.525304e-055 6.525304e-055 6.525304e-055 6.525304e-055 6.525304e-055 
2.088097e-053 2.088097e-053 2.088097e-053 2.088097e-053 2.088097e-053 
6.681912e-052 6.681912e-052 6.681912e-052 6.681912e-052 6.681912e-052 
2.138212e-050 2.138212e-050 2.138212e-050 2.138212e-050 2.138212e-050 
6.842278e-049 6.842278e-049 6.842278e-049 6.842278e-049 6.842278e-049 
2.189529e-047 2.189529e-047 2.189529e-047 2.189529e-047 2.189529e-047 
7.006492e-046 7.006492e-046 7.006492e-046 7.006492e-046 7.006492e-046 
2.242078e-044 2.242078e-044 2.242078e-044 2.242078e-044 2.242078e-044 
7.174648e-043 7.174648e-043 7.174648e-043 7.174648e-043 7.174648e-043 
2.295887e-041 2.295887e-041 2.295887e-041 2.295887e-041 2.295887e-041 
7.346840e-040 7.346840e-040 7.346840e-040 7.346840e-040 7.346840e-040 
2.350989e-038 2.350989e-038 2.350989e-038 2.350989e-038 2.350989e-038 
7.523164e-037 7.523164e-037 7.523164e-037 7.523164e-037 7.523164e-037 
2.407412e-035 2.407412e-035 2.407412e-035 2.407412e-035 2.407412e-035 
7.703720e-034 7.703720e-034 7.703720e-034 7.703720e-034 7.703720e-034 
2.465190e-032 2.465190e-032 2.465190e-032 2.465190e-032 2.465190e-032 
7.888609e-031 7.888609e-031 7.888609e-031 7.888609e-031 7.888609e-031 
2.524355e-029 2.524355e-029 2.524355e-029 2.524355e-029 2.524355e-029 
8.077936e-028 8.077936e-028 8.077936e-028 8.077936e-028 8.077936e-028 
2.584939e-026 2.584939e-026 2.584939e-026 2.584939e-026 2.584939e-026 
8.271806e-025 8.271806e-025 8.271806e-025 8.271806e-025 8.271806e-025 
2.646978e-023 2.646978e-023 2.646978e-023 2.646978e-023 2.646978e-023 
8.470329e-022 8.470329e-022 8.470329e-022 8.470329e-022 8.470329e-022 
2.710505e-020 2.710505e-020 2.710505e-020 2.710505e-020 2.710505e-020 
8.673617e-019 8.673617e-019 8.673617e-019 8.673617e-019 8.673617e-019 
2.775558e-017 2.775558e-017 2.775558e-017 2.775558e-017 2.775558e-017 
8.881784e-016 8.881784e-016 8.881784e-016 8.881784e-016 8.881784e-016 
2.842171e-014 2.842171e-014 2.842171e-014 2.842171e-014 2.842171e-014 
9.094947e-013 9.094947e-013 9.094947e-013 9.094947e-013 9.094947e-013 
2.910383e-011 2.910383e-011 2.910383e-011 2.910383e-011 2.910383e-011 
9.313226e-010 9.313226e-010 9.313226e-010 9.313226e-010 9.313226e-010 
2.980232e-008 2.980232e-008 2.980232e-008 2.980232e-008 2.980232e-008 
9.536743e-007 9.536743e-007 9.536743e-007 9.536743e-007 9.536743e-007 
3.051758e-005 3.051758e-005 3.051758e-005 3.051758e-005 3.051758e-005 
9.765625e-004 9.765625e-004 9.765625e-004 9.765625e-004 9.765625e-004 
3.125000e-002 3.125000e-002 3.125000e-002 3.125000e-002 3.125000e-002 
1.000000e+000 1.000000e+000 1.000000e+000 1.000000e+000 1.000000e+000 


1.000000e+000 0.000000e+000 0.000000e+000 0.000000e+000 0.000000e+000 
8.000000e-001 2.000000e-001 0.000000e+000 0.000000e+000 0.000000e+000 
6.400000e-001 3.200000e-001 4.000000e-002 0.000000e+000 0.000000e+000 
5.120000e-001 3.840000e-001 9.600000e-002 8.000000e-003 0.000000e+000 
4.096000e-001 4.096000e-001 1.536000e-001 2.560000e-002 1.600000e-003 
3.276800e-001 4.096000e-001 2.048000e-001 5.120000e-002 6.720000e-003 
2.621440e-001 3.932160e-001 2.457600e-001 8.192000e-002 1.696000e-002 
2.097152e-001 3.670016e-001 2.752512e-001 1.146880e-001 3.334400e-002 
1.677722e-001 3.355443e-001 2.936013e-001 1.468006e-001 5.628160e-002 
1.342177e-001 3.019899e-001 3.019899e-001 1.761608e-001 8.564173e-002 
1.073742e-001 2.684355e-001 3.019899e-001 2.013266e-001 1.208739e-001 
8.589935e-002 2.362232e-001 2.952790e-001 2.214593e-001 1.611392e-001 
6.871948e-002 2.061584e-001 2.834678e-001 2.362232e-001 2.054311e-001 
5.497558e-002 1.786706e-001 2.680060e-001 2.456721e-001 2.526757e-001 
4.398047e-002 1.539316e-001 2.501389e-001 2.501389e-001 3.018101e-001 
3.518437e-002 1.319414e-001 2.308974e-001 2.501389e-001 3.518379e-001 
2.814750e-002 1.125900e-001 2.111062e-001 2.462906e-001 4.018657e-001 
2.251800e-002 9.570149e-002 1.914030e-001 2.392537e-001 4.511238e-001 
1.801440e-002 8.106479e-002 1.722627e-001 2.296836e-001 4.989745e-001 
1.441152e-002 6.845471e-002 1.540231e-001 2.181994e-001 5.449113e-001 
1.152922e-002 5.764608e-002 1.369094e-001 2.053641e-001 5.885511e-001 
9.223372e-003 4.842270e-002 1.210568e-001 1.916732e-001 6.296240e-001 
7.378698e-003 4.058284e-002 1.065299e-001 1.775499e-001 6.679586e-001 
5.902958e-003 3.394201e-002 9.334053e-002 1.633459e-001 7.034686e-001 
4.722366e-003 2.833420e-002 8.146082e-002 1.493448e-001 7.361378e-001 
3.777893e-003 2.361183e-002 7.083550e-002 1.357680e-001 7.660067e-001 
3.022315e-003 1.964504e-002 6.139076e-002 1.227815e-001 7.931603e-001 
2.417852e-003 1.632050e-002 5.304162e-002 1.105034e-001 8.177167e-001 
1.934281e-003 1.353997e-002 4.569740e-002 9.901102e-002 8.398173e-001 
1.547425e-003 1.121883e-002 3.926591e-002 8.834830e-002 8.596195e-001 
1.237940e-003 9.284550e-003 3.365649e-002 7.853182e-002 8.772892e-001 
9.903520e-004 7.675228e-003 2.878211e-002 6.955676e-002 8.929956e-001 
7.922816e-004 6.338253e-003 2.456073e-002 6.140183e-002 9.069069e-001 
6.338253e-004 5.229059e-003 2.091623e-002 5.403361e-002 9.191873e-001 
5.070602e-004 4.310012e-003 1.777880e-002 4.741013e-002 9.299940e-001 
4.056482e-004 3.549422e-003 1.508504e-002 4.148387e-002 9.394760e-001 
3.245186e-004 2.920667e-003 1.277792e-002 3.620410e-002 9.477728e-001 
2.596148e-004 2.401437e-003 1.080647e-002 3.151886e-002 9.550136e-001 
2.076919e-004 1.973073e-003 9.125462e-003 2.737639e-002 9.613174e-001 
1.661535e-004 1.619997e-003 7.694984e-003 2.372620e-002 9.667927e-001 
1.329228e-004 1.329228e-003 6.479986e-003 2.051996e-002 9.715379e-001 
1.063382e-004 1.089967e-003 5.449835e-003 1.771196e-002 9.756419e-001 
8.507059e-005 8.932412e-004 4.577861e-003 1.525954e-002 9.791843e-001 
6.805647e-005 7.316071e-004 3.840937e-003 1.312320e-002 9.822362e-001 
5.444518e-005 5.988970e-004 3.219071e-003 1.126675e-002 9.848608e-001 
4.355614e-005 4.900066e-004 2.695036e-003 9.657214e-003 9.871142e-001 



Q star

------------
1  2  3  4  5  5  5  5  5  5  5  5  5  5  5  5  5  5  5  5  5  5  5  5  5  5  5  5  5  5  5  5  5  5  5  5  5  5  5  5  5  5  5  5  5  5  
------------

P star

-----------
9.273015e-073

A Martrix

8.000000e-001 2.000000e-001 0.000000e+000 0.000000e+000 0.000000e+000 
0.000000e+000 8.000000e-001 2.000000e-001 0.000000e+000 0.000000e+000 
0.000000e+000 0.000000e+000 8.000000e-001 2.000000e-001 0.000000e+000 
0.000000e+000 0.000000e+000 0.000000e+000 8.000000e-001 2.000000e-001 
0.000000e+000 0.000000e+000 0.000000e+000 0.000000e+000 1.000000e+000 

B Martrix

1.000000e-030 1.000000e-030 1.000000e-030 1.000000e-030 1.000000e-030 1.000000e-030 1.000000e-030 1.000000e-030 1.000000e-030 1.000000e-030 1.000000e+000 1.000000e-030 1.000000e-030 1.000000e-030 1.000000e-030 1.000000e-030 1.000000e-030 1.000000e-030 1.000000e-030 1.000000e-030 1.000000e-030 1.000000e-030 1.000000e-030 1.000000e-030 1.000000e-030 1.000000e-030 1.000000e-030 1.000000e-030 1.000000e-030 1.000000e-030 1.000000e-030 1.000000e-030 
1.000000e-030 1.000000e-030 1.000000e-030 1.000000e-030 1.000000e-030 1.000000e-030 1.000000e-030 1.000000e-030 1.000000e-030 1.000000e-030 1.000000e+000 1.000000e-030 1.000000e-030 1.000000e-030 1.000000e-030 1.000000e-030 1.000000e-030 1.000000e-030 1.000000e-030 1.000000e-030 1.000000e-030 1.000000e-030 1.000000e-030 1.000000e-030 1.000000e-030 1.000000e-030 1.000000e-030 1.000000e-030 1.000000e-030 1.000000e-030 1.000000e-030 1.000000e-030 
1.000000e-030 1.000000e-030 1.000000e-030 1.000000e-030 1.000000e-030 1.000000e-030 1.000000e-030 1.000000e-030 1.000000e-030 1.000000e-030 1.000000e+000 1.000000e-030 1.000000e-030 1.000000e-030 1.000000e-030 1.000000e-030 1.000000e-030 1.000000e-030 1.000000e-030 1.000000e-030 1.000000e-030 1.000000e-030 1.000000e-030 1.000000e-030 1.000000e-030 1.000000e-030 1.000000e-030 1.000000e-030 1.000000e-030 1.000000e-030 1.000000e-030 1.000000e-030 
1.000000e-030 1.000000e-030 1.000000e-030 1.000000e-030 1.000000e-030 1.000000e-030 1.000000e-030 1.000000e-030 1.000000e-030 1.000000e-030 1.000000e-030 1.000000e-030 1.000000e-030 1.000000e-030 1.000000e-030 1.000000e-030 1.000000e-030 1.000000e-030 1.000000e+000 1.000000e-030 1.000000e-030 1.000000e-030 1.000000e-030 1.000000e-030 1.000000e-030 1.000000e-030 1.000000e-030 1.000000e-030 1.000000e-030 1.000000e-030 1.000000e-030 1.000000e-030 
1.000000e-030 1.000000e-030 7.879806e-003 5.152623e-002 1.000000e-030 1.000000e-030 1.000000e-030 1.000000e-030 1.000000e-030 1.000000e-030 6.505419e-004 2.498234e-001 2.577619e-004 1.000000e-030 1.000000e-030 1.000000e-030 1.000000e-030 1.000000e-030 6.242257e-003 8.155019e-002 1.000000e-030 1.000000e-030 1.000000e-030 1.000000e-030 1.000000e-030 1.000000e-030 1.000000e-030 6.020698e-001 1.000000e-030 1.000000e-030 1.000000e-030 1.000000e-030 
Iteraion 2
-----------------

P(O|lamda) = 9.035277e-036

1.000000e+000 0.000000e+000 0.000000e+000 0.000000e+000 0.000000e+000 
8.000000e-001 2.000000e-001 0.000000e+000 0.000000e+000 0.000000e+000 
6.400000e-001 3.200000e-001 4.000000e-002 0.000000e+000 0.000000e+000 
5.120000e-031 3.840000e-031 9.600000e-032 8.000000e-003 0.000000e+000 
4.096000e-061 4.096000e-061 1.536000e-061 6.400000e-003 9.987611e-006 
3.276800e-091 4.096000e-091 2.048000e-091 5.120000e-033 3.325097e-007 
2.621440e-091 3.932160e-091 2.457600e-091 4.096000e-063 2.163115e-010 
2.097152e-121 3.670016e-121 2.752512e-121 3.276800e-093 1.764024e-011 
1.677722e-151 3.355443e-151 2.936013e-151 2.621440e-123 1.438565e-012 
1.342177e-181 3.019899e-181 3.019899e-181 2.097152e-153 1.173152e-013 
1.073742e-211 2.684355e-211 3.019899e-211 1.677722e-183 6.044812e-015 
8.589935e-242 2.362232e-241 2.952790e-241 1.342177e-183 3.773327e-017 
6.871948e-272 2.061584e-271 2.834678e-271 1.073742e-213 2.973308e-019 
5.497558e-302 1.786706e-301 2.680060e-301 8.589935e-244 1.532034e-020 
0.000000e+000 0.000000e+000 0.000000e+000 6.871948e-274 7.893993e-022 
0.000000e+000 0.000000e+000 0.000000e+000 5.497558e-304 1.972104e-022 
0.000000e+000 0.000000e+000 0.000000e+000 0.000000e+000 4.926778e-023 
0.000000e+000 0.000000e+000 0.000000e+000 0.000000e+000 1.230825e-023 
0.000000e+000 0.000000e+000 0.000000e+000 0.000000e+000 1.003740e-024 
0.000000e+000 0.000000e+000 0.000000e+000 0.000000e+000 8.185517e-026 
0.000000e+000 0.000000e+000 0.000000e+000 0.000000e+000 4.928253e-026 
0.000000e+000 0.000000e+000 0.000000e+000 0.000000e+000 2.967152e-026 
0.000000e+000 0.000000e+000 0.000000e+000 0.000000e+000 1.528862e-027 
0.000000e+000 0.000000e+000 0.000000e+000 0.000000e+000 9.204814e-028 
0.000000e+000 0.000000e+000 0.000000e+000 0.000000e+000 5.541940e-028 
0.000000e+000 0.000000e+000 0.000000e+000 0.000000e+000 3.336635e-028 
0.000000e+000 0.000000e+000 0.000000e+000 0.000000e+000 8.335695e-029 
0.000000e+000 0.000000e+000 0.000000e+000 0.000000e+000 2.082452e-029 
0.000000e+000 0.000000e+000 0.000000e+000 0.000000e+000 5.202453e-030 
0.000000e+000 0.000000e+000 0.000000e+000 0.000000e+000 3.132240e-030 
0.000000e+000 0.000000e+000 0.000000e+000 0.000000e+000 1.885827e-030 
0.000000e+000 0.000000e+000 0.000000e+000 0.000000e+000 1.135399e-030 
0.000000e+000 0.000000e+000 0.000000e+000 0.000000e+000 9.259203e-032 
0.000000e+000 0.000000e+000 0.000000e+000 0.000000e+000 2.313166e-032 
0.000000e+000 0.000000e+000 0.000000e+000 0.000000e+000 1.392687e-032 
0.000000e+000 0.000000e+000 0.000000e+000 0.000000e+000 8.384949e-033 
0.000000e+000 0.000000e+000 0.000000e+000 0.000000e+000 5.048325e-033 
0.000000e+000 0.000000e+000 0.000000e+000 0.000000e+000 3.039444e-033 
0.000000e+000 0.000000e+000 0.000000e+000 0.000000e+000 1.829957e-033 
0.000000e+000 0.000000e+000 0.000000e+000 0.000000e+000 4.571662e-034 
0.000000e+000 0.000000e+000 0.000000e+000 0.000000e+000 1.142108e-034 
0.000000e+000 0.000000e+000 0.000000e+000 0.000000e+000 6.876289e-035 
0.000000e+000 0.000000e+000 0.000000e+000 0.000000e+000 4.140006e-035 
0.000000e+000 0.000000e+000 0.000000e+000 0.000000e+000 2.492572e-035 
0.000000e+000 0.000000e+000 0.000000e+000 0.000000e+000 1.500703e-035 
0.000000e+000 0.000000e+000 0.000000e+000 0.000000e+000 9.035277e-036 


9.035277e-036 7.228221e-035 1.445644e-034 2.310041e-044 1.155021e-043 
1.120665e-065 4.517638e-035 1.807055e-034 3.550949e-041 1.775475e-040 
4.347676e-122 5.603326e-065 2.258819e-034 9.035823e-034 2.729224e-037 
2.033668e-117 2.173838e-091 2.801663e-034 1.129410e-033 4.372175e-035 
8.195150e-088 6.890278e-087 1.086919e-060 1.400832e-033 7.004158e-033 
1.004921e-086 4.097575e-057 1.806109e-056 5.434595e-030 2.717298e-029 
1.232273e-115 5.024605e-086 2.048788e-056 8.353951e-027 4.176975e-026 
1.228382e-111 6.161366e-085 2.512303e-055 1.024394e-025 5.121969e-025 
3.831219e-082 4.609421e-081 3.080683e-054 1.256151e-024 6.280757e-024 
4.862073e-110 1.915610e-051 1.538467e-050 1.540341e-023 7.701707e-023 
9.436112e-109 2.431036e-079 9.578048e-021 3.861114e-020 1.494716e-021 
1.831322e-107 4.718056e-078 1.215518e-048 4.789024e-020 2.394512e-019 
7.330466e-107 9.156610e-077 2.359028e-047 6.077591e-018 3.038796e-017 
2.934259e-106 3.665233e-076 4.578305e-046 1.179514e-016 5.897570e-016 
1.174533e-105 1.467129e-075 1.832616e-045 2.289153e-015 1.144576e-014 
1.440258e-104 5.872665e-075 7.335647e-045 9.163082e-015 4.581541e-014 
1.766100e-103 7.201290e-074 2.936333e-044 3.667823e-014 1.833912e-013 
2.933381e-103 8.830501e-073 3.600645e-043 1.468166e-013 7.340832e-013 
4.872161e-103 1.466691e-072 4.415250e-042 1.800322e-012 9.001612e-012 
9.455691e-102 2.436081e-072 7.333453e-042 2.207625e-011 1.103813e-010 
1.570531e-101 4.727846e-071 1.218040e-041 3.666726e-011 1.833363e-010 
2.608553e-101 7.852654e-071 2.363923e-040 6.090201e-011 3.045101e-010 
4.332642e-101 1.304276e-070 3.926327e-040 1.181961e-009 5.909807e-009 
1.734282e-100 2.166321e-070 6.521382e-040 1.963163e-009 9.815817e-009 
6.942029e-100 8.671408e-070 1.083160e-039 3.260691e-009 1.630345e-008 
2.778774e-099 3.471015e-069 4.335704e-039 5.415802e-009 2.707901e-008 
4.615369e-099 1.389387e-068 1.735507e-038 2.167852e-008 1.083926e-007 
7.665838e-099 2.307685e-068 6.946936e-038 8.677537e-008 4.338768e-007 
1.273247e-098 3.832919e-068 1.153842e-037 3.473468e-007 1.736734e-006 
1.561305e-097 6.366237e-068 1.916459e-037 5.769212e-007 2.884606e-006 
6.249635e-097 7.806526e-067 3.183118e-037 9.582297e-007 4.791149e-006 
1.038025e-096 3.124818e-066 3.903263e-036 1.591559e-006 7.957796e-006 
1.724094e-096 5.190125e-066 1.562409e-035 1.951632e-005 9.758158e-005 
2.863612e-096 8.620471e-066 2.595063e-035 7.812044e-005 3.906022e-004 
4.756279e-096 1.431806e-065 4.310235e-035 1.297531e-004 6.487656e-004 
7.899880e-096 2.378139e-065 7.159030e-035 2.155118e-004 1.077559e-003 
3.162185e-095 3.949940e-065 1.189070e-034 3.579515e-004 1.789757e-003 
1.265768e-094 1.581093e-064 1.974970e-034 5.945349e-004 2.972674e-003 
2.102361e-094 6.328841e-064 7.905463e-034 9.874850e-004 4.937425e-003 
3.491889e-094 1.051181e-063 3.164420e-033 3.952732e-003 1.976366e-002 
5.799809e-094 1.745945e-063 5.255903e-033 1.582210e-002 7.911051e-002 
9.633117e-094 2.899904e-063 8.729724e-033 2.627951e-002 1.313976e-001 
1.000000e-090 4.816558e-063 1.449952e-032 4.364862e-002 2.182431e-001 
1.000000e-060 1.000000e-060 2.408279e-032 7.249761e-002 3.624880e-001 
1.000000e-030 1.000000e-030 1.000000e-030 1.204140e-001 6.020698e-001 
1.000000e+000 1.000000e+000 1.000000e+000 1.000000e+000 1.000000e+000 


1.000000e+000 0.000000e+000 0.000000e+000 0.000000e+000 0.000000e+000 
9.922576e-031 1.000000e+000 0.000000e+000 0.000000e+000 0.000000e+000 
3.079610e-087 1.984515e-030 1.000000e+000 0.000000e+000 0.000000e+000 
1.152414e-112 9.238830e-087 2.976773e-030 1.000000e+000 0.000000e+000 
3.715142e-113 3.123599e-112 1.847766e-086 9.922576e-001 7.742408e-003 
3.644521e-142 1.857571e-112 4.093855e-112 3.079610e-027 1.000000e+000 
3.575242e-171 2.186713e-141 5.572713e-112 3.787132e-054 1.000000e+000 
2.851161e-197 2.502669e-170 7.653494e-141 3.715142e-083 1.000000e+000 
7.114026e-198 1.711807e-196 1.001068e-169 3.644521e-112 1.000000e+000 
7.222539e-256 6.402623e-197 5.142082e-196 3.575242e-141 1.000000e+000 
1.121377e-284 7.222539e-255 3.201312e-196 7.169535e-168 1.000000e+000 
1.741058e-313 1.233514e-283 3.972396e-254 7.114026e-168 1.000000e+000 
0.000000e+000 2.089269e-312 7.401086e-283 7.222539e-196 1.000000e+000 
0.000000e+000 0.000000e+000 1.358025e-311 1.121377e-224 1.000000e+000 
0.000000e+000 0.000000e+000 0.000000e+000 1.741058e-253 1.000000e+000 
0.000000e+000 0.000000e+000 0.000000e+000 5.575322e-283 1.000000e+000 
0.000000e+000 0.000000e+000 0.000000e+000 0.000000e+000 1.000000e+000 
0.000000e+000 0.000000e+000 0.000000e+000 0.000000e+000 1.000000e+000 
0.000000e+000 0.000000e+000 0.000000e+000 0.000000e+000 1.000000e+000 
0.000000e+000 0.000000e+000 0.000000e+000 0.000000e+000 1.000000e+000 
0.000000e+000 0.000000e+000 0.000000e+000 0.000000e+000 1.000000e+000 
0.000000e+000 0.000000e+000 0.000000e+000 0.000000e+000 1.000000e+000 
0.000000e+000 0.000000e+000 0.000000e+000 0.000000e+000 1.000000e+000 
0.000000e+000 0.000000e+000 0.000000e+000 0.000000e+000 1.000000e+000 
0.000000e+000 0.000000e+000 0.000000e+000 0.000000e+000 1.000000e+000 
0.000000e+000 0.000000e+000 0.000000e+000 0.000000e+000 1.000000e+000 
0.000000e+000 0.000000e+000 0.000000e+000 0.000000e+000 1.000000e+000 
0.000000e+000 0.000000e+000 0.000000e+000 0.000000e+000 1.000000e+000 
0.000000e+000 0.000000e+000 0.000000e+000 0.000000e+000 1.000000e+000 
0.000000e+000 0.000000e+000 0.000000e+000 0.000000e+000 1.000000e+000 
0.000000e+000 0.000000e+000 0.000000e+000 0.000000e+000 1.000000e+000 
0.000000e+000 0.000000e+000 0.000000e+000 0.000000e+000 1.000000e+000 
0.000000e+000 0.000000e+000 0.000000e+000 0.000000e+000 1.000000e+000 
0.000000e+000 0.000000e+000 0.000000e+000 0.000000e+000 1.000000e+000 
0.000000e+000 0.000000e+000 0.000000e+000 0.000000e+000 1.000000e+000 
0.000000e+000 0.000000e+000 0.000000e+000 0.000000e+000 1.000000e+000 
0.000000e+000 0.000000e+000 0.000000e+000 0.000000e+000 1.000000e+000 
0.000000e+000 0.000000e+000 0.000000e+000 0.000000e+000 1.000000e+000 
0.000000e+000 0.000000e+000 0.000000e+000 0.000000e+000 1.000000e+000 
0.000000e+000 0.000000e+000 0.000000e+000 0.000000e+000 1.000000e+000 
0.000000e+000 0.000000e+000 0.000000e+000 0.000000e+000 1.000000e+000 
0.000000e+000 0.000000e+000 0.000000e+000 0.000000e+000 1.000000e+000 
0.000000e+000 0.000000e+000 0.000000e+000 0.000000e+000 1.000000e+000 
0.000000e+000 0.000000e+000 0.000000e+000 0.000000e+000 1.000000e+000 
0.000000e+000 0.000000e+000 0.000000e+000 0.000000e+000 1.000000e+000 
0.000000e+000 0.000000e+000 0.000000e+000 0.000000e+000 1.000000e+000 



Q star

------------
1  2  3  4  4  5  5  5  5  5  5  5  5  5  5  5  5  5  5  5  5  5  5  5  5  5  5  5  5  5  5  5  5  5  5  5  5  5  5  5  5  5  5  5  5  5  
------------

P star

-----------
8.965322e-036

A Martrix

9.922576e-031 1.000000e+000 0.000000e+000 0.000000e+000 0.000000e+000 
0.000000e+000 9.922576e-031 1.000000e+000 0.000000e+000 0.000000e+000 
0.000000e+000 0.000000e+000 9.922576e-031 1.000000e+000 0.000000e+000 
0.000000e+000 0.000000e+000 0.000000e+000 4.980569e-001 5.019431e-001 
0.000000e+000 0.000000e+000 0.000000e+000 0.000000e+000 1.000000e+000 

B Martrix

1.000000e-030 1.000000e-030 1.000000e-030 1.000000e-030 1.000000e-030 1.000000e-030 1.000000e-030 1.000000e-030 1.000000e-030 1.000000e-030 1.000000e+000 1.000000e-030 1.000000e-030 1.000000e-030 1.000000e-030 1.000000e-030 1.000000e-030 1.000000e-030 1.000000e-030 1.000000e-030 1.000000e-030 1.000000e-030 1.000000e-030 1.000000e-030 1.000000e-030 1.000000e-030 1.000000e-030 1.000000e-030 1.000000e-030 1.000000e-030 1.000000e-030 1.000000e-030 
1.000000e-030 1.000000e-030 1.000000e-030 1.000000e-030 1.000000e-030 1.000000e-030 1.000000e-030 1.000000e-030 1.000000e-030 1.000000e-030 1.000000e+000 1.000000e-030 1.000000e-030 1.000000e-030 1.000000e-030 1.000000e-030 1.000000e-030 1.000000e-030 1.000000e-030 1.000000e-030 1.000000e-030 1.000000e-030 1.000000e-030 1.000000e-030 1.000000e-030 1.000000e-030 1.000000e-030 1.000000e-030 1.000000e-030 1.000000e-030 1.000000e-030 1.000000e-030 
1.000000e-030 1.000000e-030 1.000000e-030 1.000000e-030 1.000000e-030 1.000000e-030 1.000000e-030 1.000000e-030 1.000000e-030 1.000000e-030 1.000000e+000 1.000000e-030 1.000000e-030 1.000000e-030 1.000000e-030 1.000000e-030 1.000000e-030 1.000000e-030 1.000000e-030 1.000000e-030 1.000000e-030 1.000000e-030 1.000000e-030 1.000000e-030 1.000000e-030 1.000000e-030 1.000000e-030 1.000000e-030 1.000000e-030 1.000000e-030 1.000000e-030 1.000000e-030 
1.000000e-030 1.000000e-030 1.000000e-030 1.000000e-030 1.000000e-030 1.000000e-030 1.000000e-030 1.000000e-030 1.000000e-030 1.000000e-030 1.000000e-030 1.000000e-030 1.000000e-030 1.000000e-030 1.000000e-030 1.000000e-030 1.000000e-030 1.000000e-030 1.000000e+000 1.000000e-030 1.000000e-030 1.000000e-030 1.000000e-030 1.000000e-030 1.000000e-030 1.000000e-030 1.000000e-030 1.000000e-030 1.000000e-030 1.000000e-030 1.000000e-030 1.000000e-030 
1.000000e-030 1.000000e-030 2.438564e-002 9.754256e-002 1.000000e-030 1.000000e-030 1.000000e-030 1.000000e-030 1.000000e-030 1.000000e-030 2.438564e-002 2.194708e-001 2.438564e-002 1.000000e-030 1.000000e-030 1.000000e-030 1.000000e-030 1.000000e-030 2.438564e-002 1.463138e-001 1.000000e-030 1.000000e-030 1.000000e-030 1.000000e-030 1.000000e-030 1.000000e-030 1.000000e-030 4.391303e-001 1.000000e-030 1.000000e-030 1.000000e-030 1.000000e-030 
Iteraion 3
-----------------

P(O|lamda) = 3.587481e-029

1.000000e+000 0.000000e+000 0.000000e+000 0.000000e+000 0.000000e+000 
9.922576e-031 1.000000e+000 0.000000e+000 0.000000e+000 0.000000e+000 
9.845751e-061 1.984515e-030 1.000000e+000 0.000000e+000 0.000000e+000 
9.769521e-121 2.953725e-090 2.976773e-060 1.000000e+000 0.000000e+000 
9.693882e-181 3.907809e-150 5.907451e-120 4.980569e-001 1.224020e-002 
9.618828e-241 4.846941e-210 9.769521e-180 2.480607e-031 6.394803e-003 
9.544355e-271 5.771297e-240 1.454082e-209 1.235483e-061 1.559414e-004 
0.000000e+000 6.681048e-300 2.019954e-269 6.153409e-092 2.281638e-005 
0.000000e+000 0.000000e+000 0.000000e+000 3.064748e-122 3.338352e-006 
0.000000e+000 0.000000e+000 0.000000e+000 1.526419e-152 4.884470e-007 
0.000000e+000 0.000000e+000 0.000000e+000 7.602433e-183 4.764437e-008 
0.000000e+000 0.000000e+000 0.000000e+000 3.786444e-183 1.161838e-009 
0.000000e+000 0.000000e+000 0.000000e+000 1.885864e-213 2.833217e-011 
0.000000e+000 0.000000e+000 0.000000e+000 9.392677e-244 2.763593e-012 
0.000000e+000 0.000000e+000 0.000000e+000 4.678087e-274 2.695679e-013 
0.000000e+000 0.000000e+000 0.000000e+000 2.329954e-304 5.916226e-014 
0.000000e+000 0.000000e+000 0.000000e+000 0.000000e+000 1.298439e-014 
0.000000e+000 0.000000e+000 0.000000e+000 0.000000e+000 2.849693e-015 
0.000000e+000 0.000000e+000 0.000000e+000 0.000000e+000 4.169495e-016 
0.000000e+000 0.000000e+000 0.000000e+000 0.000000e+000 6.100548e-017 
0.000000e+000 0.000000e+000 0.000000e+000 0.000000e+000 2.678936e-017 
0.000000e+000 0.000000e+000 0.000000e+000 0.000000e+000 1.176402e-017 
0.000000e+000 0.000000e+000 0.000000e+000 0.000000e+000 1.147492e-018 
0.000000e+000 0.000000e+000 0.000000e+000 0.000000e+000 5.038987e-019 
0.000000e+000 0.000000e+000 0.000000e+000 0.000000e+000 2.212772e-019 
0.000000e+000 0.000000e+000 0.000000e+000 0.000000e+000 9.716952e-020 
0.000000e+000 0.000000e+000 0.000000e+000 0.000000e+000 2.132587e-020 
0.000000e+000 0.000000e+000 0.000000e+000 0.000000e+000 4.680404e-021 
0.000000e+000 0.000000e+000 0.000000e+000 0.000000e+000 1.027212e-021 
0.000000e+000 0.000000e+000 0.000000e+000 0.000000e+000 4.510798e-022 
0.000000e+000 0.000000e+000 0.000000e+000 0.000000e+000 1.980828e-022 
0.000000e+000 0.000000e+000 0.000000e+000 0.000000e+000 8.698417e-023 
0.000000e+000 0.000000e+000 0.000000e+000 0.000000e+000 1.272699e-023 
0.000000e+000 0.000000e+000 0.000000e+000 0.000000e+000 2.793201e-024 
0.000000e+000 0.000000e+000 0.000000e+000 0.000000e+000 1.226579e-024 
0.000000e+000 0.000000e+000 0.000000e+000 0.000000e+000 5.386282e-025 
0.000000e+000 0.000000e+000 0.000000e+000 0.000000e+000 2.365280e-025 
0.000000e+000 0.000000e+000 0.000000e+000 0.000000e+000 1.038666e-025 
0.000000e+000 0.000000e+000 0.000000e+000 0.000000e+000 4.561097e-026 
0.000000e+000 0.000000e+000 0.000000e+000 0.000000e+000 1.001027e-026 
0.000000e+000 0.000000e+000 0.000000e+000 0.000000e+000 2.196962e-027 
0.000000e+000 0.000000e+000 0.000000e+000 0.000000e+000 9.647527e-028 
0.000000e+000 0.000000e+000 0.000000e+000 0.000000e+000 4.236521e-028 
0.000000e+000 0.000000e+000 0.000000e+000 0.000000e+000 1.860385e-028 
0.000000e+000 0.000000e+000 0.000000e+000 0.000000e+000 8.169514e-029 
0.000000e+000 0.000000e+000 0.000000e+000 0.000000e+000 3.587481e-029 


3.587481e-029 8.910264e-059 9.957574e-064 2.428218e-035 4.837636e-035 
6.866748e-059 3.587481e-029 5.350559e-059 9.957574e-034 1.983805e-033 
2.815898e-117 6.866748e-059 3.587481e-029 1.790853e-029 8.135137e-032 
1.154736e-115 2.815898e-087 6.866748e-029 3.587481e-029 3.336036e-030 
7.892189e-085 1.154736e-085 2.815898e-057 6.866748e-029 1.368033e-028 
5.394014e-084 7.892189e-055 1.154736e-055 2.815898e-027 5.609995e-027 
3.686606e-113 5.394014e-084 7.892189e-055 1.154736e-025 2.300532e-025 
8.097238e-111 3.686606e-083 5.394014e-054 7.892189e-025 1.572327e-024 
1.549881e-080 8.097238e-081 3.686606e-053 5.394014e-024 1.074627e-023 
6.355713e-109 1.549881e-050 8.097238e-051 3.686606e-023 7.344668e-023 
6.515836e-108 6.355713e-079 1.549881e-020 8.097238e-021 7.529706e-022 
6.679993e-107 6.515836e-078 6.355713e-049 1.549881e-020 3.087763e-020 
3.043683e-106 6.679993e-077 6.515836e-048 6.355713e-019 1.266222e-018 
1.386828e-105 3.043683e-076 6.679993e-047 6.515836e-018 1.298122e-017 
6.318967e-105 1.386828e-075 3.043683e-046 6.679993e-017 1.330827e-016 
4.318776e-104 6.318967e-075 1.386828e-045 3.043683e-016 6.063800e-016 
2.951721e-103 4.318776e-074 6.318967e-045 1.386828e-015 2.762919e-015 
6.721743e-103 2.951721e-073 4.318776e-044 6.318967e-015 1.258901e-014 
1.530694e-102 6.721743e-073 2.951721e-043 4.318776e-014 8.604114e-014 
1.569258e-101 1.530694e-072 6.721743e-043 2.951721e-013 5.880588e-013 
3.573559e-101 1.569258e-071 1.530694e-042 6.721743e-013 1.339144e-012 
8.137809e-101 3.573559e-071 1.569258e-041 1.530694e-012 3.049537e-012 
1.853165e-100 8.137809e-071 3.573559e-041 1.569258e-011 3.126366e-011 
8.443791e-100 1.853165e-070 8.137809e-041 3.573559e-011 7.119450e-011 
3.847342e-099 8.443791e-070 1.853165e-040 8.137809e-011 1.621261e-010 
1.753009e-098 3.847342e-069 8.443791e-040 1.853165e-010 3.691982e-010 
3.992002e-098 1.753009e-068 3.847342e-039 8.443791e-010 1.682221e-009 
9.090700e-098 3.992002e-068 1.753009e-038 3.847342e-009 7.664897e-009 
2.070160e-097 9.090700e-068 3.992002e-038 1.753009e-008 3.492446e-008 
1.414877e-096 2.070160e-067 9.090700e-038 3.992002e-008 7.953096e-008 
6.446766e-096 1.414877e-066 2.070160e-037 9.090700e-008 1.811102e-007 
1.468076e-095 6.446766e-066 1.414877e-036 2.070160e-007 4.124292e-007 
3.343144e-095 1.468076e-065 6.446766e-036 1.414877e-006 2.818799e-006 
7.613102e-095 3.343144e-065 1.468076e-035 6.446766e-006 1.284362e-005 
1.733677e-094 7.613102e-065 3.343144e-035 1.468076e-005 2.924785e-005 
3.947979e-094 1.733677e-064 7.613102e-035 3.343144e-005 6.660404e-005 
1.798863e-093 3.947979e-064 1.733677e-034 7.613102e-005 1.516726e-004 
8.196370e-093 1.798863e-063 3.947979e-034 1.733677e-004 3.453932e-004 
1.866501e-092 8.196370e-063 1.798863e-033 3.947979e-004 7.865391e-004 
4.250448e-092 1.866501e-062 8.196370e-033 1.798863e-003 3.583799e-003 
9.679242e-092 4.250448e-062 1.866501e-032 8.196370e-003 1.632928e-002 
2.204184e-091 9.679242e-062 4.250448e-032 1.866501e-002 3.718550e-002 
1.000000e-090 2.204184e-061 9.679242e-032 4.250448e-002 8.467988e-002 
1.000000e-060 1.000000e-060 2.204184e-031 9.679242e-002 1.928354e-001 
1.000000e-030 1.000000e-030 1.000000e-030 2.204184e-001 4.391303e-001 
1.000000e+000 1.000000e+000 1.000000e+000 1.000000e+000 1.000000e+000 


1.000000e+000 0.000000e+000 0.000000e+000 0.000000e+000 0.000000e+000 
1.899267e-060 1.000000e+000 0.000000e+000 0.000000e+000 0.000000e+000 
7.728162e-149 3.798533e-060 1.000000e+000 0.000000e+000 0.000000e+000 
3.144608e-207 2.318449e-148 5.697800e-060 1.000000e+000 0.000000e+000 
2.132581e-236 1.257843e-206 4.636897e-148 9.533238e-001 4.667621e-002 
1.446254e-295 1.066291e-235 3.144608e-206 1.947086e-029 1.000000e+000 
0.000000e+000 8.677524e-295 3.198872e-235 3.976766e-058 1.000000e+000 
0.000000e+000 0.000000e+000 3.037133e-294 1.353704e-087 1.000000e+000 
0.000000e+000 0.000000e+000 0.000000e+000 4.608049e-117 1.000000e+000 
0.000000e+000 0.000000e+000 0.000000e+000 1.568594e-146 1.000000e+000 
0.000000e+000 0.000000e+000 0.000000e+000 1.715931e-174 1.000000e+000 
0.000000e+000 0.000000e+000 0.000000e+000 1.635838e-174 1.000000e+000 
0.000000e+000 0.000000e+000 0.000000e+000 3.341066e-203 1.000000e+000 
0.000000e+000 0.000000e+000 0.000000e+000 1.705964e-232 1.000000e+000 
0.000000e+000 0.000000e+000 0.000000e+000 8.710733e-262 1.000000e+000 
0.000000e+000 0.000000e+000 0.000000e+000 1.976774e-291 1.000000e+000 
0.000000e+000 0.000000e+000 0.000000e+000 0.000000e+000 1.000000e+000 
0.000000e+000 0.000000e+000 0.000000e+000 0.000000e+000 1.000000e+000 
0.000000e+000 0.000000e+000 0.000000e+000 0.000000e+000 1.000000e+000 
0.000000e+000 0.000000e+000 0.000000e+000 0.000000e+000 1.000000e+000 
0.000000e+000 0.000000e+000 0.000000e+000 0.000000e+000 1.000000e+000 
0.000000e+000 0.000000e+000 0.000000e+000 0.000000e+000 1.000000e+000 
0.000000e+000 0.000000e+000 0.000000e+000 0.000000e+000 1.000000e+000 
0.000000e+000 0.000000e+000 0.000000e+000 0.000000e+000 1.000000e+000 
0.000000e+000 0.000000e+000 0.000000e+000 0.000000e+000 1.000000e+000 
0.000000e+000 0.000000e+000 0.000000e+000 0.000000e+000 1.000000e+000 
0.000000e+000 0.000000e+000 0.000000e+000 0.000000e+000 1.000000e+000 
0.000000e+000 0.000000e+000 0.000000e+000 0.000000e+000 1.000000e+000 
0.000000e+000 0.000000e+000 0.000000e+000 0.000000e+000 1.000000e+000 
0.000000e+000 0.000000e+000 0.000000e+000 0.000000e+000 1.000000e+000 
0.000000e+000 0.000000e+000 0.000000e+000 0.000000e+000 1.000000e+000 
0.000000e+000 0.000000e+000 0.000000e+000 0.000000e+000 1.000000e+000 
0.000000e+000 0.000000e+000 0.000000e+000 0.000000e+000 1.000000e+000 
0.000000e+000 0.000000e+000 0.000000e+000 0.000000e+000 1.000000e+000 
0.000000e+000 0.000000e+000 0.000000e+000 0.000000e+000 1.000000e+000 
0.000000e+000 0.000000e+000 0.000000e+000 0.000000e+000 1.000000e+000 
0.000000e+000 0.000000e+000 0.000000e+000 0.000000e+000 1.000000e+000 
0.000000e+000 0.000000e+000 0.000000e+000 0.000000e+000 1.000000e+000 
0.000000e+000 0.000000e+000 0.000000e+000 0.000000e+000 1.000000e+000 
0.000000e+000 0.000000e+000 0.000000e+000 0.000000e+000 1.000000e+000 
0.000000e+000 0.000000e+000 0.000000e+000 0.000000e+000 1.000000e+000 
0.000000e+000 0.000000e+000 0.000000e+000 0.000000e+000 1.000000e+000 
0.000000e+000 0.000000e+000 0.000000e+000 0.000000e+000 1.000000e+000 
0.000000e+000 0.000000e+000 0.000000e+000 0.000000e+000 1.000000e+000 
0.000000e+000 0.000000e+000 0.000000e+000 0.000000e+000 1.000000e+000 
0.000000e+000 0.000000e+000 0.000000e+000 0.000000e+000 1.000000e+000 



Q star

------------
1  2  3  4  4  5  5  5  5  5  5  5  5  5  5  5  5  5  5  5  5  5  5  5  5  5  5  5  5  5  5  5  5  5  5  5  5  5  5  5  5  5  5  5  5  5  
------------

P star

-----------
3.420031e-029

A Martrix

1.899267e-060 1.000000e+000 0.000000e+000 0.000000e+000 0.000000e+000 
0.000000e+000 1.899267e-060 1.000000e+000 0.000000e+000 0.000000e+000 
0.000000e+000 0.000000e+000 1.899267e-060 1.000000e+000 0.000000e+000 
0.000000e+000 0.000000e+000 0.000000e+000 4.880521e-001 5.119479e-001 
0.000000e+000 0.000000e+000 0.000000e+000 0.000000e+000 1.000000e+000 

B Martrix

1.000000e-030 1.000000e-030 1.000000e-030 1.000000e-030 1.000000e-030 1.000000e-030 1.000000e-030 1.000000e-030 1.000000e-030 1.000000e-030 1.000000e+000 1.000000e-030 1.000000e-030 1.000000e-030 1.000000e-030 1.000000e-030 1.000000e-030 1.000000e-030 1.000000e-030 1.000000e-030 1.000000e-030 1.000000e-030 1.000000e-030 1.000000e-030 1.000000e-030 1.000000e-030 1.000000e-030 1.000000e-030 1.000000e-030 1.000000e-030 1.000000e-030 1.000000e-030 
1.000000e-030 1.000000e-030 1.000000e-030 1.000000e-030 1.000000e-030 1.000000e-030 1.000000e-030 1.000000e-030 1.000000e-030 1.000000e-030 1.000000e+000 1.000000e-030 1.000000e-030 1.000000e-030 1.000000e-030 1.000000e-030 1.000000e-030 1.000000e-030 1.000000e-030 1.000000e-030 1.000000e-030 1.000000e-030 1.000000e-030 1.000000e-030 1.000000e-030 1.000000e-030 1.000000e-030 1.000000e-030 1.000000e-030 1.000000e-030 1.000000e-030 1.000000e-030 
1.000000e-030 1.000000e-030 1.000000e-030 1.000000e-030 1.000000e-030 1.000000e-030 1.000000e-030 1.000000e-030 1.000000e-030 1.000000e-030 1.000000e+000 1.000000e-030 1.000000e-030 1.000000e-030 1.000000e-030 1.000000e-030 1.000000e-030 1.000000e-030 1.000000e-030 1.000000e-030 1.000000e-030 1.000000e-030 1.000000e-030 1.000000e-030 1.000000e-030 1.000000e-030 1.000000e-030 1.000000e-030 1.000000e-030 1.000000e-030 1.000000e-030 1.000000e-030 
1.000000e-030 1.000000e-030 1.000000e-030 1.000000e-030 1.000000e-030 1.000000e-030 1.000000e-030 1.000000e-030 1.000000e-030 1.000000e-030 1.000000e-030 1.000000e-030 1.000000e-030 1.000000e-030 1.000000e-030 1.000000e-030 1.000000e-030 1.000000e-030 1.000000e+000 1.000000e-030 1.000000e-030 1.000000e-030 1.000000e-030 1.000000e-030 1.000000e-030 1.000000e-030 1.000000e-030 1.000000e-030 1.000000e-030 1.000000e-030 1.000000e-030 1.000000e-030 
1.000000e-030 1.000000e-030 2.436251e-002 9.745003e-002 1.000000e-030 1.000000e-030 1.000000e-030 1.000000e-030 1.000000e-030 1.000000e-030 2.436251e-002 2.192626e-001 2.436251e-002 1.000000e-030 1.000000e-030 1.000000e-030 1.000000e-030 1.000000e-030 2.436251e-002 1.461751e-001 1.000000e-030 1.000000e-030 1.000000e-030 1.000000e-030 1.000000e-030 1.000000e-030 1.000000e-030 4.396623e-001 1.000000e-030 1.000000e-030 1.000000e-030 1.000000e-030 
Iteraion 4
-----------------

P(O|lamda) = 3.588637e-029

1.000000e+000 0.000000e+000 0.000000e+000 0.000000e+000 0.000000e+000 
1.899267e-060 1.000000e+000 0.000000e+000 0.000000e+000 0.000000e+000 
3.607213e-120 3.798533e-060 1.000000e+000 0.000000e+000 0.000000e+000 
6.851060e-210 1.082164e-149 5.697800e-090 1.000000e+000 0.000000e+000 
1.301199e-299 2.740424e-239 2.164328e-179 4.880521e-001 1.247233e-002 
0.000000e+000 0.000000e+000 6.851060e-269 2.381949e-031 6.391007e-003 
0.000000e+000 0.000000e+000 0.000000e+000 1.162515e-061 1.557010e-004 
0.000000e+000 0.000000e+000 0.000000e+000 5.673679e-092 2.275960e-005 
0.000000e+000 0.000000e+000 0.000000e+000 2.769051e-122 3.326885e-006 
0.000000e+000 0.000000e+000 0.000000e+000 1.351441e-152 4.863076e-007 
0.000000e+000 0.000000e+000 0.000000e+000 6.595737e-183 4.739069e-008 
0.000000e+000 0.000000e+000 0.000000e+000 3.219063e-183 1.154556e-009 
0.000000e+000 0.000000e+000 0.000000e+000 1.571071e-213 2.812788e-011 
0.000000e+000 0.000000e+000 0.000000e+000 7.667643e-244 2.741063e-012 
0.000000e+000 0.000000e+000 0.000000e+000 3.742209e-274 2.671167e-013 
0.000000e+000 0.000000e+000 0.000000e+000 1.826393e-304 5.856870e-014 
0.000000e+000 0.000000e+000 0.000000e+000 0.000000e+000 1.284192e-014 
0.000000e+000 0.000000e+000 0.000000e+000 0.000000e+000 2.815753e-015 
0.000000e+000 0.000000e+000 0.000000e+000 0.000000e+000 4.115929e-016 
0.000000e+000 0.000000e+000 0.000000e+000 0.000000e+000 6.016461e-017 
0.000000e+000 0.000000e+000 0.000000e+000 0.000000e+000 2.645211e-017 
0.000000e+000 0.000000e+000 0.000000e+000 0.000000e+000 1.163000e-017 
0.000000e+000 0.000000e+000 0.000000e+000 0.000000e+000 1.133343e-018 
0.000000e+000 0.000000e+000 0.000000e+000 0.000000e+000 4.982884e-019 
0.000000e+000 0.000000e+000 0.000000e+000 0.000000e+000 2.190786e-019 
0.000000e+000 0.000000e+000 0.000000e+000 0.000000e+000 9.632061e-020 
0.000000e+000 0.000000e+000 0.000000e+000 0.000000e+000 2.111951e-020 
0.000000e+000 0.000000e+000 0.000000e+000 0.000000e+000 4.630717e-021 
0.000000e+000 0.000000e+000 0.000000e+000 0.000000e+000 1.015343e-021 
0.000000e+000 0.000000e+000 0.000000e+000 0.000000e+000 4.464080e-022 
0.000000e+000 0.000000e+000 0.000000e+000 0.000000e+000 1.962688e-022 
0.000000e+000 0.000000e+000 0.000000e+000 0.000000e+000 8.629199e-023 
0.000000e+000 0.000000e+000 0.000000e+000 0.000000e+000 1.261374e-023 
0.000000e+000 0.000000e+000 0.000000e+000 0.000000e+000 2.765720e-024 
0.000000e+000 0.000000e+000 0.000000e+000 0.000000e+000 1.215983e-024 
0.000000e+000 0.000000e+000 0.000000e+000 0.000000e+000 5.346219e-025 
0.000000e+000 0.000000e+000 0.000000e+000 0.000000e+000 2.350531e-025 
0.000000e+000 0.000000e+000 0.000000e+000 0.000000e+000 1.033440e-025 
0.000000e+000 0.000000e+000 0.000000e+000 0.000000e+000 4.543645e-026 
0.000000e+000 0.000000e+000 0.000000e+000 0.000000e+000 9.962513e-027 
0.000000e+000 0.000000e+000 0.000000e+000 0.000000e+000 2.184406e-027 
0.000000e+000 0.000000e+000 0.000000e+000 0.000000e+000 9.604011e-028 
0.000000e+000 0.000000e+000 0.000000e+000 0.000000e+000 4.222522e-028 
0.000000e+000 0.000000e+000 0.000000e+000 0.000000e+000 1.856484e-028 
0.000000e+000 0.000000e+000 0.000000e+000 0.000000e+000 8.162259e-029 
0.000000e+000 0.000000e+000 0.000000e+000 0.000000e+000 3.588637e-029 


3.588637e-029 1.755599e-059 1.012684e-063 2.467153e-035 4.819149e-035 
7.003386e-059 3.588637e-029 1.755599e-059 1.012684e-033 1.978100e-033 
2.874657e-117 7.003386e-059 3.588637e-029 1.755599e-029 8.119445e-032 
1.179951e-115 2.874657e-087 7.003386e-029 3.588637e-029 3.332762e-030 
8.072179e-085 1.179951e-085 2.874657e-057 7.003386e-029 1.367988e-028 
5.522269e-084 8.072179e-055 1.179951e-055 2.874657e-027 5.615136e-027 
3.777846e-113 5.522269e-084 8.072179e-055 1.179951e-025 2.304827e-025 
8.153833e-111 3.777846e-083 5.522269e-054 8.072179e-025 1.576758e-024 
1.591257e-080 8.153833e-081 3.777846e-053 5.522269e-024 1.078678e-023 
6.531581e-109 1.591257e-050 8.153833e-051 3.777846e-023 7.379357e-023 
6.702492e-108 6.531581e-079 1.591257e-020 8.153833e-021 7.572452e-022 
6.877875e-107 6.702492e-078 6.531581e-049 1.591257e-020 3.108240e-020 
3.136821e-106 6.877875e-077 6.702492e-048 6.531581e-019 1.275829e-018 
1.430623e-105 3.136821e-076 6.877875e-047 6.702492e-018 1.309214e-017 
6.524703e-105 1.430623e-075 3.136821e-046 6.877875e-017 1.343472e-016 
4.463623e-104 6.524703e-075 1.430623e-045 3.136821e-016 6.127228e-016 
3.053615e-103 4.463623e-074 6.524703e-045 1.430623e-015 2.794470e-015 
6.945364e-103 3.053615e-073 4.463623e-044 6.524703e-015 1.274486e-014 
1.579704e-102 6.945364e-073 3.053615e-043 4.463623e-014 8.718901e-014 
1.621040e-101 1.579704e-072 6.945364e-043 3.053615e-013 5.964698e-013 
3.687012e-101 1.621040e-071 1.579704e-042 6.945364e-013 1.356654e-012 
8.386009e-101 3.687012e-071 1.621040e-041 1.579704e-012 3.085674e-012 
1.907375e-100 8.386009e-071 3.687012e-041 1.621040e-011 3.166416e-011 
8.699045e-100 1.907375e-070 8.386009e-041 3.687012e-011 7.201928e-011 
3.967410e-099 8.699045e-070 1.907375e-040 8.386009e-011 1.638059e-010 
1.809433e-098 3.967410e-069 8.699045e-040 1.907375e-010 3.725721e-010 
4.115507e-098 1.809433e-068 3.967410e-039 8.699045e-010 1.699205e-009 
9.360609e-098 4.115507e-068 1.809433e-038 3.967410e-009 7.749636e-009 
2.129045e-097 9.360609e-068 4.115507e-038 1.809433e-008 3.534409e-008 
1.456504e-096 2.129045e-067 9.360609e-038 4.115507e-008 8.038917e-008 
6.642738e-096 1.456504e-066 2.129045e-037 9.360609e-008 1.828430e-007 
1.510873e-095 6.642738e-066 1.456504e-036 2.129045e-007 4.158714e-007 
3.436439e-095 1.510873e-065 6.642738e-036 1.456504e-006 2.845023e-006 
7.816087e-095 3.436439e-065 1.510873e-035 6.642738e-006 1.297542e-005 
1.777748e-094 7.816087e-065 3.436439e-035 1.510873e-005 2.951224e-005 
4.043439e-094 1.777748e-064 7.816087e-035 3.436439e-005 6.712478e-005 
1.844108e-093 4.043439e-064 1.777748e-034 7.816087e-005 1.526735e-004 
8.410502e-093 1.844108e-063 4.043439e-034 1.777748e-004 3.472517e-004 
1.912946e-092 8.410502e-063 1.844108e-033 4.043439e-004 7.898146e-004 
4.350944e-092 1.912946e-062 8.410502e-033 1.844108e-003 3.602141e-003 
9.896103e-092 4.350944e-062 1.912946e-032 8.410502e-003 1.642843e-002 
2.250842e-091 9.896103e-062 4.350944e-032 1.912946e-002 3.736603e-002 
1.000000e-090 2.250842e-061 9.896103e-032 4.350944e-002 8.498802e-002 
1.000000e-060 1.000000e-060 2.250842e-031 9.896103e-002 1.933029e-001 
1.000000e-030 1.000000e-030 1.000000e-030 2.250842e-001 4.396623e-001 
1.000000e+000 1.000000e+000 1.000000e+000 1.000000e+000 1.000000e+000 


1.000000e+000 0.000000e+000 0.000000e+000 0.000000e+000 0.000000e+000 
3.706503e-090 1.000000e+000 0.000000e+000 0.000000e+000 0.000000e+000 
2.889537e-208 7.413007e-090 1.000000e+000 0.000000e+000 0.000000e+000 
2.252642e-296 8.668612e-208 1.111951e-089 1.000000e+000 0.000000e+000 
0.000000e+000 9.010569e-296 1.733722e-207 9.524555e-001 4.754452e-002 
0.000000e+000 0.000000e+000 2.252642e-295 1.908046e-029 1.000000e+000 
0.000000e+000 0.000000e+000 0.000000e+000 3.822373e-058 1.000000e+000 
0.000000e+000 0.000000e+000 0.000000e+000 1.276221e-087 1.000000e+000 
0.000000e+000 0.000000e+000 0.000000e+000 4.261073e-117 1.000000e+000 
0.000000e+000 0.000000e+000 0.000000e+000 1.422695e-146 1.000000e+000 
0.000000e+000 0.000000e+000 0.000000e+000 1.498634e-174 1.000000e+000 
0.000000e+000 0.000000e+000 0.000000e+000 1.427382e-174 1.000000e+000 
0.000000e+000 0.000000e+000 0.000000e+000 2.859463e-203 1.000000e+000 
0.000000e+000 0.000000e+000 0.000000e+000 1.432084e-232 1.000000e+000 
0.000000e+000 0.000000e+000 0.000000e+000 7.172207e-262 1.000000e+000 
0.000000e+000 0.000000e+000 0.000000e+000 1.596447e-291 1.000000e+000 
0.000000e+000 0.000000e+000 0.000000e+000 0.000000e+000 1.000000e+000 
0.000000e+000 0.000000e+000 0.000000e+000 0.000000e+000 1.000000e+000 
0.000000e+000 0.000000e+000 0.000000e+000 0.000000e+000 1.000000e+000 
0.000000e+000 0.000000e+000 0.000000e+000 0.000000e+000 1.000000e+000 
0.000000e+000 0.000000e+000 0.000000e+000 0.000000e+000 1.000000e+000 
0.000000e+000 0.000000e+000 0.000000e+000 0.000000e+000 1.000000e+000 
0.000000e+000 0.000000e+000 0.000000e+000 0.000000e+000 1.000000e+000 
0.000000e+000 0.000000e+000 0.000000e+000 0.000000e+000 1.000000e+000 
0.000000e+000 0.000000e+000 0.000000e+000 0.000000e+000 1.000000e+000 
0.000000e+000 0.000000e+000 0.000000e+000 0.000000e+000 1.000000e+000 
0.000000e+000 0.000000e+000 0.000000e+000 0.000000e+000 1.000000e+000 
0.000000e+000 0.000000e+000 0.000000e+000 0.000000e+000 1.000000e+000 
0.000000e+000 0.000000e+000 0.000000e+000 0.000000e+000 1.000000e+000 
0.000000e+000 0.000000e+000 0.000000e+000 0.000000e+000 1.000000e+000 
0.000000e+000 0.000000e+000 0.000000e+000 0.000000e+000 1.000000e+000 
0.000000e+000 0.000000e+000 0.000000e+000 0.000000e+000 1.000000e+000 
0.000000e+000 0.000000e+000 0.000000e+000 0.000000e+000 1.000000e+000 
0.000000e+000 0.000000e+000 0.000000e+000 0.000000e+000 1.000000e+000 
0.000000e+000 0.000000e+000 0.000000e+000 0.000000e+000 1.000000e+000 
0.000000e+000 0.000000e+000 0.000000e+000 0.000000e+000 1.000000e+000 
0.000000e+000 0.000000e+000 0.000000e+000 0.000000e+000 1.000000e+000 
0.000000e+000 0.000000e+000 0.000000e+000 0.000000e+000 1.000000e+000 
0.000000e+000 0.000000e+000 0.000000e+000 0.000000e+000 1.000000e+000 
0.000000e+000 0.000000e+000 0.000000e+000 0.000000e+000 1.000000e+000 
0.000000e+000 0.000000e+000 0.000000e+000 0.000000e+000 1.000000e+000 
0.000000e+000 0.000000e+000 0.000000e+000 0.000000e+000 1.000000e+000 
0.000000e+000 0.000000e+000 0.000000e+000 0.000000e+000 1.000000e+000 
0.000000e+000 0.000000e+000 0.000000e+000 0.000000e+000 1.000000e+000 
0.000000e+000 0.000000e+000 0.000000e+000 0.000000e+000 1.000000e+000 
0.000000e+000 0.000000e+000 0.000000e+000 0.000000e+000 1.000000e+000 



Q star

------------
1  2  3  4  4  5  5  5  5  5  5  5  5  5  5  5  5  5  5  5  5  5  5  5  5  5  5  5  5  5  5  5  5  5  5  5  5  5  5  5  5  5  5  5  5  5  
------------

P star

-----------
3.418017e-029

A Martrix

3.706503e-090 1.000000e+000 0.000000e+000 0.000000e+000 0.000000e+000 
0.000000e+000 3.706503e-090 1.000000e+000 0.000000e+000 0.000000e+000 
0.000000e+000 0.000000e+000 3.706503e-090 1.000000e+000 0.000000e+000 
0.000000e+000 0.000000e+000 0.000000e+000 4.878244e-001 5.121756e-001 
0.000000e+000 0.000000e+000 0.000000e+000 0.000000e+000 1.000000e+000 

B Martrix

1.000000e-030 1.000000e-030 1.000000e-030 1.000000e-030 1.000000e-030 1.000000e-030 1.000000e-030 1.000000e-030 1.000000e-030 1.000000e-030 1.000000e+000 1.000000e-030 1.000000e-030 1.000000e-030 1.000000e-030 1.000000e-030 1.000000e-030 1.000000e-030 1.000000e-030 1.000000e-030 1.000000e-030 1.000000e-030 1.000000e-030 1.000000e-030 1.000000e-030 1.000000e-030 1.000000e-030 1.000000e-030 1.000000e-030 1.000000e-030 1.000000e-030 1.000000e-030 
1.000000e-030 1.000000e-030 1.000000e-030 1.000000e-030 1.000000e-030 1.000000e-030 1.000000e-030 1.000000e-030 1.000000e-030 1.000000e-030 1.000000e+000 1.000000e-030 1.000000e-030 1.000000e-030 1.000000e-030 1.000000e-030 1.000000e-030 1.000000e-030 1.000000e-030 1.000000e-030 1.000000e-030 1.000000e-030 1.000000e-030 1.000000e-030 1.000000e-030 1.000000e-030 1.000000e-030 1.000000e-030 1.000000e-030 1.000000e-030 1.000000e-030 1.000000e-030 
1.000000e-030 1.000000e-030 1.000000e-030 1.000000e-030 1.000000e-030 1.000000e-030 1.000000e-030 1.000000e-030 1.000000e-030 1.000000e-030 1.000000e+000 1.000000e-030 1.000000e-030 1.000000e-030 1.000000e-030 1.000000e-030 1.000000e-030 1.000000e-030 1.000000e-030 1.000000e-030 1.000000e-030 1.000000e-030 1.000000e-030 1.000000e-030 1.000000e-030 1.000000e-030 1.000000e-030 1.000000e-030 1.000000e-030 1.000000e-030 1.000000e-030 1.000000e-030 
1.000000e-030 1.000000e-030 1.000000e-030 1.000000e-030 1.000000e-030 1.000000e-030 1.000000e-030 1.000000e-030 1.000000e-030 1.000000e-030 1.000000e-030 1.000000e-030 1.000000e-030 1.000000e-030 1.000000e-030 1.000000e-030 1.000000e-030 1.000000e-030 1.000000e+000 1.000000e-030 1.000000e-030 1.000000e-030 1.000000e-030 1.000000e-030 1.000000e-030 1.000000e-030 1.000000e-030 1.000000e-030 1.000000e-030 1.000000e-030 1.000000e-030 1.000000e-030 
1.000000e-030 1.000000e-030 2.436199e-002 9.744797e-002 1.000000e-030 1.000000e-030 1.000000e-030 1.000000e-030 1.000000e-030 1.000000e-030 2.436199e-002 2.192579e-001 2.436199e-002 1.000000e-030 1.000000e-030 1.000000e-030 1.000000e-030 1.000000e-030 2.436199e-002 1.461720e-001 1.000000e-030 1.000000e-030 1.000000e-030 1.000000e-030 1.000000e-030 1.000000e-030 1.000000e-030 4.396742e-001 1.000000e-030 1.000000e-030 1.000000e-030 1.000000e-030 
=================
