26	14	10	10	12	10	14	14	26	10	10	10	28	12	12	28	28	28	
Iteraion 1
-----------------

P(O|lamda) = 8.077936e-028

3.125000e-002 0.000000e+000 0.000000e+000 0.000000e+000 0.000000e+000 
7.812500e-004 1.953125e-004 0.000000e+000 0.000000e+000 0.000000e+000 
1.953125e-005 9.765625e-006 1.220703e-006 0.000000e+000 0.000000e+000 
4.882813e-007 3.662109e-007 9.155273e-008 7.629395e-009 0.000000e+000 
1.220703e-008 1.220703e-008 4.577637e-009 7.629395e-010 4.768372e-011 
3.051758e-010 3.814697e-010 1.907349e-010 4.768372e-011 6.258488e-012 
7.629395e-012 1.144409e-011 7.152557e-012 2.384186e-012 4.936010e-013 
1.907349e-013 3.337860e-013 2.503395e-013 1.043081e-013 3.032619e-014 
4.768372e-015 9.536743e-015 8.344650e-015 4.172325e-015 1.599619e-015 
1.192093e-016 2.682209e-016 2.682209e-016 1.564622e-016 7.606513e-017 
2.980232e-018 7.450581e-018 8.381903e-018 5.587935e-018 3.354924e-018 
7.450581e-020 2.048910e-019 2.561137e-019 1.920853e-019 1.397660e-019 
1.862645e-021 5.587935e-021 7.683411e-021 6.402843e-021 5.568220e-021 
4.656613e-023 1.513399e-022 2.270099e-022 2.080924e-022 2.140246e-022 
1.164153e-024 4.074536e-024 6.621121e-024 6.621121e-024 7.988847e-024 
2.910383e-026 1.091394e-025 1.909939e-025 2.069100e-025 2.910335e-025 
7.275958e-028 2.910383e-027 5.456968e-027 6.366463e-027 1.038798e-026 
1.818989e-029 7.730705e-029 1.546141e-028 1.932676e-028 3.644149e-028 


2.584939e-026 2.584939e-026 2.584939e-026 2.584939e-026 2.584939e-026 
8.271806e-025 8.271806e-025 8.271806e-025 8.271806e-025 8.271806e-025 
2.646978e-023 2.646978e-023 2.646978e-023 2.646978e-023 2.646978e-023 
8.470329e-022 8.470329e-022 8.470329e-022 8.470329e-022 8.470329e-022 
2.710505e-020 2.710505e-020 2.710505e-020 2.710505e-020 2.710505e-020 
8.673617e-019 8.673617e-019 8.673617e-019 8.673617e-019 8.673617e-019 
2.775558e-017 2.775558e-017 2.775558e-017 2.775558e-017 2.775558e-017 
8.881784e-016 8.881784e-016 8.881784e-016 8.881784e-016 8.881784e-016 
2.842171e-014 2.842171e-014 2.842171e-014 2.842171e-014 2.842171e-014 
9.094947e-013 9.094947e-013 9.094947e-013 9.094947e-013 9.094947e-013 
2.910383e-011 2.910383e-011 2.910383e-011 2.910383e-011 2.910383e-011 
9.313226e-010 9.313226e-010 9.313226e-010 9.313226e-010 9.313226e-010 
2.980232e-008 2.980232e-008 2.980232e-008 2.980232e-008 2.980232e-008 
9.536743e-007 9.536743e-007 9.536743e-007 9.536743e-007 9.536743e-007 
3.051758e-005 3.051758e-005 3.051758e-005 3.051758e-005 3.051758e-005 
9.765625e-004 9.765625e-004 9.765625e-004 9.765625e-004 9.765625e-004 
3.125000e-002 3.125000e-002 3.125000e-002 3.125000e-002 3.125000e-002 
1.000000e+000 1.000000e+000 1.000000e+000 1.000000e+000 1.000000e+000 


1.000000e+000 0.000000e+000 0.000000e+000 0.000000e+000 0.000000e+000 
8.000000e-001 2.000000e-001 0.000000e+000 0.000000e+000 0.000000e+000 
6.400000e-001 3.200000e-001 4.000000e-002 0.000000e+000 0.000000e+000 
5.120000e-001 3.840000e-001 9.600000e-002 8.000000e-003 0.000000e+000 
4.096000e-001 4.096000e-001 1.536000e-001 2.560000e-002 1.600000e-003 
3.276800e-001 4.096000e-001 2.048000e-001 5.120000e-002 6.720000e-003 
2.621440e-001 3.932160e-001 2.457600e-001 8.192000e-002 1.696000e-002 
2.097152e-001 3.670016e-001 2.752512e-001 1.146880e-001 3.334400e-002 
1.677722e-001 3.355443e-001 2.936013e-001 1.468006e-001 5.628160e-002 
1.342177e-001 3.019899e-001 3.019899e-001 1.761608e-001 8.564173e-002 
1.073742e-001 2.684355e-001 3.019899e-001 2.013266e-001 1.208739e-001 
8.589935e-002 2.362232e-001 2.952790e-001 2.214593e-001 1.611392e-001 
6.871948e-002 2.061584e-001 2.834678e-001 2.362232e-001 2.054311e-001 
5.497558e-002 1.786706e-001 2.680060e-001 2.456721e-001 2.526757e-001 
4.398047e-002 1.539316e-001 2.501389e-001 2.501389e-001 3.018101e-001 
3.518437e-002 1.319414e-001 2.308974e-001 2.501389e-001 3.518379e-001 
2.814750e-002 1.125900e-001 2.111062e-001 2.462906e-001 4.018657e-001 
2.251800e-002 9.570149e-002 1.914030e-001 2.392537e-001 4.511238e-001 



Q star

------------
1  1  1  1  1  1  1  1  1  1  1  1  1  1  1  1  1  1  
------------

P star

-----------
1.818989e-029

A Martrix

8.000000e-001 2.000000e-001 0.000000e+000 0.000000e+000 0.000000e+000 
0.000000e+000 8.000000e-001 2.000000e-001 0.000000e+000 0.000000e+000 
0.000000e+000 0.000000e+000 8.000000e-001 2.000000e-001 0.000000e+000 
0.000000e+000 0.000000e+000 0.000000e+000 8.000000e-001 2.000000e-001 
0.000000e+000 0.000000e+000 0.000000e+000 0.000000e+000 1.000000e+000 

B Martrix

1.000000e-030 1.000000e-030 1.000000e-030 1.000000e-030 1.000000e-030 1.000000e-030 1.000000e-030 1.000000e-030 1.000000e-030 3.680647e-001 1.000000e-030 1.035771e-001 1.000000e-030 2.590383e-001 1.000000e-030 1.000000e-030 1.000000e-030 1.000000e-030 1.000000e-030 1.000000e-030 1.000000e-030 1.000000e-030 1.000000e-030 1.000000e-030 1.000000e-030 2.378390e-001 1.000000e-030 3.148098e-002 1.000000e-030 1.000000e-030 1.000000e-030 1.000000e-030 
1.000000e+000 1.000000e-030 1.000000e-030 1.000000e-030 1.000000e-030 1.000000e-030 1.000000e-030 1.000000e-030 1.000000e-030 1.000000e-030 1.000000e-030 1.000000e-030 1.000000e-030 1.000000e-030 1.000000e-030 1.000000e-030 1.000000e-030 1.000000e-030 1.000000e-030 1.000000e-030 1.000000e-030 1.000000e-030 1.000000e-030 1.000000e-030 1.000000e-030 1.000000e-030 1.000000e-030 1.000000e-030 1.000000e-030 1.000000e-030 1.000000e-030 1.000000e-030 
1.000000e+000 1.000000e-030 1.000000e-030 1.000000e-030 1.000000e-030 1.000000e-030 1.000000e-030 1.000000e-030 1.000000e-030 1.000000e-030 1.000000e-030 1.000000e-030 1.000000e-030 1.000000e-030 1.000000e-030 1.000000e-030 1.000000e-030 1.000000e-030 1.000000e-030 1.000000e-030 1.000000e-030 1.000000e-030 1.000000e-030 1.000000e-030 1.000000e-030 1.000000e-030 1.000000e-030 1.000000e-030 1.000000e-030 1.000000e-030 1.000000e-030 1.000000e-030 
1.000000e+000 1.000000e-030 1.000000e-030 1.000000e-030 1.000000e-030 1.000000e-030 1.000000e-030 1.000000e-030 1.000000e-030 1.000000e-030 1.000000e-030 1.000000e-030 1.000000e-030 1.000000e-030 1.000000e-030 1.000000e-030 1.000000e-030 1.000000e-030 1.000000e-030 1.000000e-030 1.000000e-030 1.000000e-030 1.000000e-030 1.000000e-030 1.000000e-030 1.000000e-030 1.000000e-030 1.000000e-030 1.000000e-030 1.000000e-030 1.000000e-030 1.000000e-030 
1.000000e+000 1.000000e-030 1.000000e-030 1.000000e-030 1.000000e-030 1.000000e-030 1.000000e-030 1.000000e-030 1.000000e-030 1.000000e-030 1.000000e-030 1.000000e-030 1.000000e-030 1.000000e-030 1.000000e-030 1.000000e-030 1.000000e-030 1.000000e-030 1.000000e-030 1.000000e-030 1.000000e-030 1.000000e-030 1.000000e-030 1.000000e-030 1.000000e-030 1.000000e-030 1.000000e-030 1.000000e-030 1.000000e-030 1.000000e-030 1.000000e-030 1.000000e-030 
Iteraion 2
-----------------

P(O|lamda) = 6.007817e-017

2.378390e-001 0.000000e+000 0.000000e+000 0.000000e+000 0.000000e+000 
4.928751e-002 4.756779e-032 0.000000e+000 0.000000e+000 0.000000e+000 
1.451280e-002 9.857502e-033 9.513558e-063 0.000000e+000 0.000000e+000 
4.273318e-003 2.902559e-033 1.971500e-063 1.902712e-093 0.000000e+000 
3.540943e-004 8.546637e-034 5.805118e-064 3.943001e-094 3.805423e-124 
1.042637e-004 7.081886e-035 1.709327e-064 1.161024e-094 7.886002e-125 
2.160663e-005 2.085274e-035 1.416377e-065 3.418655e-095 2.322047e-125 
4.477555e-006 4.321326e-036 4.170548e-066 2.832754e-096 6.837309e-126 
8.519495e-007 8.955109e-037 8.642651e-067 8.341095e-097 5.665509e-127 
2.508581e-007 1.703899e-037 1.791022e-067 1.728530e-097 1.668219e-127 
7.386560e-008 5.017161e-038 3.407798e-068 3.582044e-098 3.457060e-128 
2.174986e-008 1.477312e-038 1.003432e-068 6.815596e-099 7.164087e-129 
5.477654e-010 4.349971e-039 2.954624e-069 2.006864e-099 1.363119e-129 
4.538876e-011 1.095531e-040 8.699943e-070 5.909248e-100 4.013729e-130 
3.760988e-012 9.077752e-042 2.191062e-071 1.739989e-100 1.181850e-130 
9.471968e-014 7.521977e-043 1.815550e-072 4.382123e-102 3.479977e-131 
2.385495e-015 1.894394e-044 1.504395e-073 3.631101e-103 8.764247e-133 
6.007817e-017 4.770989e-046 3.788787e-075 3.008791e-104 7.262201e-134 


2.526002e-016 0.000000e+000 0.000000e+000 0.000000e+000 0.000000e+000 
1.218933e-015 0.000000e+000 0.000000e+000 0.000000e+000 0.000000e+000 
4.139669e-015 0.000000e+000 0.000000e+000 0.000000e+000 0.000000e+000 
1.405890e-014 0.000000e+000 0.000000e+000 0.000000e+000 0.000000e+000 
1.696671e-013 0.000000e+000 0.000000e+000 0.000000e+000 0.000000e+000 
5.762137e-013 0.000000e+000 0.000000e+000 0.000000e+000 0.000000e+000 
2.780543e-012 0.000000e+000 0.000000e+000 0.000000e+000 0.000000e+000 
1.341763e-011 1.000000e-300 1.000000e-300 1.000000e-300 1.000000e-300 
7.051846e-011 1.000000e-270 1.000000e-270 1.000000e-270 1.000000e-270 
2.394907e-010 1.000000e-240 1.000000e-240 1.000000e-240 1.000000e-240 
8.133444e-010 1.000000e-210 1.000000e-210 1.000000e-210 1.000000e-210 
2.762233e-009 1.000000e-180 1.000000e-180 1.000000e-180 1.000000e-180 
1.096786e-007 1.000000e-150 1.000000e-150 1.000000e-150 1.000000e-150 
1.323635e-006 1.000000e-120 1.000000e-120 1.000000e-120 1.000000e-120 
1.597404e-005 1.000000e-090 1.000000e-090 1.000000e-090 1.000000e-090 
6.342733e-004 1.000000e-060 1.000000e-060 1.000000e-060 1.000000e-060 
2.518478e-002 1.000000e-030 1.000000e-030 1.000000e-030 1.000000e-030 
1.000000e+000 1.000000e+000 1.000000e+000 1.000000e+000 1.000000e+000 


1.000000e+000 0.000000e+000 0.000000e+000 0.000000e+000 0.000000e+000 
1.000000e+000 0.000000e+000 0.000000e+000 0.000000e+000 0.000000e+000 
1.000000e+000 0.000000e+000 0.000000e+000 0.000000e+000 0.000000e+000 
1.000000e+000 0.000000e+000 0.000000e+000 0.000000e+000 0.000000e+000 
1.000000e+000 0.000000e+000 0.000000e+000 0.000000e+000 0.000000e+000 
1.000000e+000 0.000000e+000 0.000000e+000 0.000000e+000 0.000000e+000 
1.000000e+000 0.000000e+000 0.000000e+000 0.000000e+000 0.000000e+000 
1.000000e+000 7.192608e-320 0.000000e+000 0.000000e+000 0.000000e+000 
1.000000e+000 1.490576e-290 1.438719e-320 0.000000e+000 0.000000e+000 
1.000000e+000 2.836137e-261 2.981153e-291 2.875462e-321 0.000000e+000 
1.000000e+000 8.351055e-232 5.672274e-262 5.962305e-292 5.731161e-322 
1.000000e+000 2.458983e-202 1.670211e-232 1.134455e-262 1.192461e-292 
1.000000e+000 7.240519e-173 4.917966e-203 3.340422e-233 2.268910e-263 
1.000000e+000 1.823509e-144 1.448104e-173 9.835932e-204 6.680844e-234 
1.000000e+000 1.510990e-115 3.647018e-145 2.896208e-174 1.967186e-204 
1.000000e+000 1.252032e-086 3.021980e-116 7.294037e-146 5.792415e-175 
1.000000e+000 3.153215e-058 2.504063e-087 6.043960e-117 1.458807e-146 
1.000000e+000 7.941303e-030 6.306429e-059 5.008127e-088 1.208792e-117 



Q star

------------
1  1  1  1  1  1  1  1  1  1  1  1  1  1  1  1  1  1  
------------

P star

-----------
6.007817e-017

A Martrix

1.000000e+000 4.671355e-031 0.000000e+000 0.000000e+000 0.000000e+000 
0.000000e+000 8.000000e-001 2.000000e-001 0.000000e+000 0.000000e+000 
0.000000e+000 0.000000e+000 8.000000e-001 2.000000e-001 0.000000e+000 
0.000000e+000 0.000000e+000 0.000000e+000 8.000000e-001 2.000000e-001 
0.000000e+000 0.000000e+000 0.000000e+000 0.000000e+000 1.000000e+000 

B Martrix

1.000000e-030 1.000000e-030 1.000000e-030 1.000000e-030 1.000000e-030 1.000000e-030 1.000000e-030 1.000000e-030 1.000000e-030 3.333333e-001 1.000000e-030 1.666667e-001 1.000000e-030 1.666667e-001 1.000000e-030 1.000000e-030 1.000000e-030 1.000000e-030 1.000000e-030 1.000000e-030 1.000000e-030 1.000000e-030 1.000000e-030 1.000000e-030 1.000000e-030 1.111111e-001 1.000000e-030 2.222222e-001 1.000000e-030 1.000000e-030 1.000000e-030 1.000000e-030 
1.000000e+000 1.000000e-030 1.000000e-030 1.000000e-030 1.000000e-030 1.000000e-030 1.000000e-030 1.000000e-030 1.000000e-030 1.000000e-030 1.000000e-030 1.000000e-030 1.000000e-030 1.000000e-030 1.000000e-030 1.000000e-030 1.000000e-030 1.000000e-030 1.000000e-030 1.000000e-030 1.000000e-030 1.000000e-030 1.000000e-030 1.000000e-030 1.000000e-030 1.000000e-030 1.000000e-030 1.000000e-030 1.000000e-030 1.000000e-030 1.000000e-030 1.000000e-030 
1.000000e+000 1.000000e-030 1.000000e-030 1.000000e-030 1.000000e-030 1.000000e-030 1.000000e-030 1.000000e-030 1.000000e-030 1.000000e-030 1.000000e-030 1.000000e-030 1.000000e-030 1.000000e-030 1.000000e-030 1.000000e-030 1.000000e-030 1.000000e-030 1.000000e-030 1.000000e-030 1.000000e-030 1.000000e-030 1.000000e-030 1.000000e-030 1.000000e-030 1.000000e-030 1.000000e-030 1.000000e-030 1.000000e-030 1.000000e-030 1.000000e-030 1.000000e-030 
1.000000e+000 1.000000e-030 1.000000e-030 1.000000e-030 1.000000e-030 1.000000e-030 1.000000e-030 1.000000e-030 1.000000e-030 1.000000e-030 1.000000e-030 1.000000e-030 1.000000e-030 1.000000e-030 1.000000e-030 1.000000e-030 1.000000e-030 1.000000e-030 1.000000e-030 1.000000e-030 1.000000e-030 1.000000e-030 1.000000e-030 1.000000e-030 1.000000e-030 1.000000e-030 1.000000e-030 1.000000e-030 1.000000e-030 1.000000e-030 1.000000e-030 1.000000e-030 
1.000000e+000 1.000000e-030 1.000000e-030 1.000000e-030 1.000000e-030 1.000000e-030 1.000000e-030 1.000000e-030 1.000000e-030 1.000000e-030 1.000000e-030 1.000000e-030 1.000000e-030 1.000000e-030 1.000000e-030 1.000000e-030 1.000000e-030 1.000000e-030 1.000000e-030 1.000000e-030 1.000000e-030 1.000000e-030 1.000000e-030 1.000000e-030 1.000000e-030 1.000000e-030 1.000000e-030 1.000000e-030 1.000000e-030 1.000000e-030 1.000000e-030 1.000000e-030 
Iteraion 3
-----------------

P(O|lamda) = 8.851765e-013

1.111111e-001 0.000000e+000 0.000000e+000 0.000000e+000 0.000000e+000 
1.851852e-002 5.190394e-062 0.000000e+000 0.000000e+000 0.000000e+000 
6.172840e-003 8.650657e-063 1.038079e-092 0.000000e+000 0.000000e+000 
2.057613e-003 2.883552e-063 1.730131e-093 2.076158e-123 0.000000e+000 
3.429355e-004 9.611841e-064 5.767105e-094 3.460263e-124 4.152315e-154 
1.143118e-004 1.601973e-064 1.922368e-094 1.153421e-124 6.920525e-155 
1.905197e-005 5.339912e-065 3.203947e-095 3.844736e-125 2.306842e-155 
3.175329e-006 8.899853e-066 1.067982e-095 6.407894e-126 7.689473e-156 
3.528143e-007 1.483309e-066 1.779971e-096 2.135965e-126 1.281579e-156 
1.176048e-007 1.648121e-067 2.966618e-097 3.559941e-127 4.271929e-157 
3.920159e-008 5.493736e-068 3.296242e-098 5.933235e-128 7.119882e-158 
1.306720e-008 1.831245e-068 1.098747e-098 6.592484e-129 1.186647e-158 
2.903822e-009 6.104151e-069 3.662491e-099 2.197495e-129 1.318497e-159 
4.839703e-010 1.356478e-069 1.220830e-099 7.324982e-130 4.394989e-160 
8.066171e-011 2.260797e-070 2.712956e-100 2.441661e-130 1.464996e-160 
1.792482e-011 3.767995e-071 4.521594e-101 5.425912e-131 4.883321e-161 
3.983294e-012 8.373322e-072 7.535989e-102 9.043187e-132 1.085182e-161 
8.851765e-013 1.860738e-072 1.674664e-102 1.507198e-132 1.808637e-162 


7.966589e-012 0.000000e+000 0.000000e+000 0.000000e+000 0.000000e+000 
4.779953e-011 0.000000e+000 0.000000e+000 0.000000e+000 0.000000e+000 
1.433986e-010 0.000000e+000 0.000000e+000 0.000000e+000 0.000000e+000 
4.301958e-010 0.000000e+000 0.000000e+000 0.000000e+000 0.000000e+000 
2.581175e-009 0.000000e+000 0.000000e+000 0.000000e+000 0.000000e+000 
7.743524e-009 0.000000e+000 0.000000e+000 0.000000e+000 0.000000e+000 
4.646115e-008 0.000000e+000 0.000000e+000 0.000000e+000 0.000000e+000 
2.787669e-007 1.000000e-300 1.000000e-300 1.000000e-300 1.000000e-300 
2.508902e-006 1.000000e-270 1.000000e-270 1.000000e-270 1.000000e-270 
7.526706e-006 1.000000e-240 1.000000e-240 1.000000e-240 1.000000e-240 
2.258012e-005 1.000000e-210 1.000000e-210 1.000000e-210 1.000000e-210 
6.774035e-005 1.000000e-180 1.000000e-180 1.000000e-180 1.000000e-180 
3.048316e-004 1.000000e-150 1.000000e-150 1.000000e-150 1.000000e-150 
1.828989e-003 1.000000e-120 1.000000e-120 1.000000e-120 1.000000e-120 
1.097394e-002 1.000000e-090 1.000000e-090 1.000000e-090 1.000000e-090 
4.938272e-002 1.000000e-060 1.000000e-060 1.000000e-060 1.000000e-060 
2.222222e-001 1.000000e-030 1.000000e-030 1.000000e-030 1.000000e-030 
1.000000e+000 1.000000e+000 1.000000e+000 1.000000e+000 1.000000e+000 


1.000000e+000 0.000000e+000 0.000000e+000 0.000000e+000 0.000000e+000 
1.000000e+000 0.000000e+000 0.000000e+000 0.000000e+000 0.000000e+000 
1.000000e+000 0.000000e+000 0.000000e+000 0.000000e+000 0.000000e+000 
1.000000e+000 0.000000e+000 0.000000e+000 0.000000e+000 0.000000e+000 
1.000000e+000 0.000000e+000 0.000000e+000 0.000000e+000 0.000000e+000 
1.000000e+000 0.000000e+000 0.000000e+000 0.000000e+000 0.000000e+000 
1.000000e+000 0.000000e+000 0.000000e+000 0.000000e+000 0.000000e+000 
1.000000e+000 0.000000e+000 0.000000e+000 0.000000e+000 0.000000e+000 
1.000000e+000 0.000000e+000 0.000000e+000 0.000000e+000 0.000000e+000 
1.000000e+000 1.861912e-295 0.000000e+000 0.000000e+000 0.000000e+000 
1.000000e+000 6.206374e-266 3.723824e-296 0.000000e+000 0.000000e+000 
1.000000e+000 2.068791e-236 1.241275e-266 7.447648e-297 0.000000e+000 
1.000000e+000 6.895971e-207 4.137582e-237 2.482549e-267 1.489530e-297 
1.000000e+000 1.532438e-177 1.379194e-207 8.275165e-238 4.965099e-268 
1.000000e+000 2.554063e-148 3.064876e-178 2.758388e-208 1.655033e-238 
1.000000e+000 4.256772e-119 5.108126e-149 6.129752e-179 5.516776e-209 
1.000000e+000 9.459493e-090 8.513544e-120 1.021625e-149 1.225950e-179 
1.000000e+000 2.102110e-060 1.891899e-090 1.702709e-120 2.043251e-150 



Q star

------------
1  1  1  1  1  1  1  1  1  1  1  1  1  1  1  1  1  1  
------------

P star

-----------
8.851765e-013

A Martrix

1.000000e+000 1.236535e-061 0.000000e+000 0.000000e+000 0.000000e+000 
0.000000e+000 8.000000e-001 2.000000e-001 0.000000e+000 0.000000e+000 
0.000000e+000 0.000000e+000 8.000000e-001 2.000000e-001 0.000000e+000 
0.000000e+000 0.000000e+000 0.000000e+000 8.000000e-001 2.000000e-001 
0.000000e+000 0.000000e+000 0.000000e+000 0.000000e+000 1.000000e+000 

B Martrix

1.000000e-030 1.000000e-030 1.000000e-030 1.000000e-030 1.000000e-030 1.000000e-030 1.000000e-030 1.000000e-030 1.000000e-030 3.333333e-001 1.000000e-030 1.666667e-001 1.000000e-030 1.666667e-001 1.000000e-030 1.000000e-030 1.000000e-030 1.000000e-030 1.000000e-030 1.000000e-030 1.000000e-030 1.000000e-030 1.000000e-030 1.000000e-030 1.000000e-030 1.111111e-001 1.000000e-030 2.222222e-001 1.000000e-030 1.000000e-030 1.000000e-030 1.000000e-030 
1.000000e+000 1.000000e-030 1.000000e-030 1.000000e-030 1.000000e-030 1.000000e-030 1.000000e-030 1.000000e-030 1.000000e-030 1.000000e-030 1.000000e-030 1.000000e-030 1.000000e-030 1.000000e-030 1.000000e-030 1.000000e-030 1.000000e-030 1.000000e-030 1.000000e-030 1.000000e-030 1.000000e-030 1.000000e-030 1.000000e-030 1.000000e-030 1.000000e-030 1.000000e-030 1.000000e-030 1.000000e-030 1.000000e-030 1.000000e-030 1.000000e-030 1.000000e-030 
1.000000e+000 1.000000e-030 1.000000e-030 1.000000e-030 1.000000e-030 1.000000e-030 1.000000e-030 1.000000e-030 1.000000e-030 1.000000e-030 1.000000e-030 1.000000e-030 1.000000e-030 1.000000e-030 1.000000e-030 1.000000e-030 1.000000e-030 1.000000e-030 1.000000e-030 1.000000e-030 1.000000e-030 1.000000e-030 1.000000e-030 1.000000e-030 1.000000e-030 1.000000e-030 1.000000e-030 1.000000e-030 1.000000e-030 1.000000e-030 1.000000e-030 1.000000e-030 
1.000000e+000 1.000000e-030 1.000000e-030 1.000000e-030 1.000000e-030 1.000000e-030 1.000000e-030 1.000000e-030 1.000000e-030 1.000000e-030 1.000000e-030 1.000000e-030 1.000000e-030 1.000000e-030 1.000000e-030 1.000000e-030 1.000000e-030 1.000000e-030 1.000000e-030 1.000000e-030 1.000000e-030 1.000000e-030 1.000000e-030 1.000000e-030 1.000000e-030 1.000000e-030 1.000000e-030 1.000000e-030 1.000000e-030 1.000000e-030 1.000000e-030 1.000000e-030 
1.000000e+000 1.000000e-030 1.000000e-030 1.000000e-030 1.000000e-030 1.000000e-030 1.000000e-030 1.000000e-030 1.000000e-030 1.000000e-030 1.000000e-030 1.000000e-030 1.000000e-030 1.000000e-030 1.000000e-030 1.000000e-030 1.000000e-030 1.000000e-030 1.000000e-030 1.000000e-030 1.000000e-030 1.000000e-030 1.000000e-030 1.000000e-030 1.000000e-030 1.000000e-030 1.000000e-030 1.000000e-030 1.000000e-030 1.000000e-030 1.000000e-030 1.000000e-030 
Iteraion 4
-----------------

P(O|lamda) = 8.851765e-013

1.111111e-001 0.000000e+000 0.000000e+000 0.000000e+000 0.000000e+000 
1.851852e-002 1.373928e-092 0.000000e+000 0.000000e+000 0.000000e+000 
6.172840e-003 2.289880e-093 2.747856e-123 0.000000e+000 0.000000e+000 
2.057613e-003 7.632933e-094 4.579760e-124 5.495711e-154 0.000000e+000 
3.429355e-004 2.544311e-094 1.526587e-124 9.159519e-155 1.099142e-184 
1.143118e-004 4.240518e-095 5.088622e-125 3.053173e-155 1.831904e-185 
1.905197e-005 1.413506e-095 8.481036e-126 1.017724e-155 6.106346e-186 
3.175329e-006 2.355843e-096 2.827012e-126 1.696207e-156 2.035449e-186 
3.528143e-007 3.926406e-097 4.711687e-127 5.654024e-157 3.392414e-187 
1.176048e-007 4.362673e-098 7.852811e-128 9.423374e-158 1.130805e-187 
3.920159e-008 1.454224e-098 8.725346e-129 1.570562e-158 1.884675e-188 
1.306720e-008 4.847414e-099 2.908449e-129 1.745069e-159 3.141125e-189 
2.903822e-009 1.615805e-099 9.694829e-130 5.816897e-160 3.490138e-190 
4.839703e-010 3.590677e-100 3.231610e-130 1.938966e-160 1.163379e-190 
8.066171e-011 5.984462e-101 7.181355e-131 6.463219e-161 3.877931e-191 
1.792482e-011 9.974104e-102 1.196892e-131 1.436271e-161 1.292644e-191 
3.983294e-012 2.216467e-102 1.994821e-132 2.393785e-162 2.872542e-192 
8.851765e-013 4.925483e-103 4.432935e-133 3.989641e-163 4.787570e-193 


7.966589e-012 0.000000e+000 0.000000e+000 0.000000e+000 0.000000e+000 
4.779953e-011 0.000000e+000 0.000000e+000 0.000000e+000 0.000000e+000 
1.433986e-010 0.000000e+000 0.000000e+000 0.000000e+000 0.000000e+000 
4.301958e-010 0.000000e+000 0.000000e+000 0.000000e+000 0.000000e+000 
2.581175e-009 0.000000e+000 0.000000e+000 0.000000e+000 0.000000e+000 
7.743524e-009 0.000000e+000 0.000000e+000 0.000000e+000 0.000000e+000 
4.646115e-008 0.000000e+000 0.000000e+000 0.000000e+000 0.000000e+000 
2.787669e-007 1.000000e-300 1.000000e-300 1.000000e-300 1.000000e-300 
2.508902e-006 1.000000e-270 1.000000e-270 1.000000e-270 1.000000e-270 
7.526706e-006 1.000000e-240 1.000000e-240 1.000000e-240 1.000000e-240 
2.258012e-005 1.000000e-210 1.000000e-210 1.000000e-210 1.000000e-210 
6.774035e-005 1.000000e-180 1.000000e-180 1.000000e-180 1.000000e-180 
3.048316e-004 1.000000e-150 1.000000e-150 1.000000e-150 1.000000e-150 
1.828989e-003 1.000000e-120 1.000000e-120 1.000000e-120 1.000000e-120 
1.097394e-002 1.000000e-090 1.000000e-090 1.000000e-090 1.000000e-090 
4.938272e-002 1.000000e-060 1.000000e-060 1.000000e-060 1.000000e-060 
2.222222e-001 1.000000e-030 1.000000e-030 1.000000e-030 1.000000e-030 
1.000000e+000 1.000000e+000 1.000000e+000 1.000000e+000 1.000000e+000 


1.000000e+000 0.000000e+000 0.000000e+000 0.000000e+000 0.000000e+000 
1.000000e+000 0.000000e+000 0.000000e+000 0.000000e+000 0.000000e+000 
1.000000e+000 0.000000e+000 0.000000e+000 0.000000e+000 0.000000e+000 
1.000000e+000 0.000000e+000 0.000000e+000 0.000000e+000 0.000000e+000 
1.000000e+000 0.000000e+000 0.000000e+000 0.000000e+000 0.000000e+000 
1.000000e+000 0.000000e+000 0.000000e+000 0.000000e+000 0.000000e+000 
1.000000e+000 0.000000e+000 0.000000e+000 0.000000e+000 0.000000e+000 
1.000000e+000 0.000000e+000 0.000000e+000 0.000000e+000 0.000000e+000 
1.000000e+000 0.000000e+000 0.000000e+000 0.000000e+000 0.000000e+000 
1.000000e+000 0.000000e+000 0.000000e+000 0.000000e+000 0.000000e+000 
1.000000e+000 1.642864e-296 0.000000e+000 0.000000e+000 0.000000e+000 
1.000000e+000 5.476212e-267 3.285727e-297 0.000000e+000 0.000000e+000 
1.000000e+000 1.825404e-237 1.095242e-267 6.571454e-298 0.000000e+000 
1.000000e+000 4.056453e-208 3.650808e-238 2.190485e-268 1.314291e-298 
1.000000e+000 6.760755e-179 8.112907e-209 7.301616e-239 4.380970e-269 
1.000000e+000 1.126793e-149 1.352151e-179 1.622581e-209 1.460323e-239 
1.000000e+000 2.503984e-120 2.253585e-150 2.704302e-180 3.245163e-210 
1.000000e+000 5.564408e-091 5.007967e-121 4.507170e-151 5.408604e-181 



Q star

------------
1  1  1  1  1  1  1  1  1  1  1  1  1  1  1  1  1  1  
------------

P star

-----------
8.851765e-013

A Martrix

1.000000e+000 3.273181e-092 0.000000e+000 0.000000e+000 0.000000e+000 
0.000000e+000 8.000000e-001 2.000000e-001 0.000000e+000 0.000000e+000 
0.000000e+000 0.000000e+000 8.000000e-001 2.000000e-001 0.000000e+000 
0.000000e+000 0.000000e+000 0.000000e+000 8.000000e-001 2.000000e-001 
0.000000e+000 0.000000e+000 0.000000e+000 0.000000e+000 1.000000e+000 

B Martrix

1.000000e-030 1.000000e-030 1.000000e-030 1.000000e-030 1.000000e-030 1.000000e-030 1.000000e-030 1.000000e-030 1.000000e-030 3.333333e-001 1.000000e-030 1.666667e-001 1.000000e-030 1.666667e-001 1.000000e-030 1.000000e-030 1.000000e-030 1.000000e-030 1.000000e-030 1.000000e-030 1.000000e-030 1.000000e-030 1.000000e-030 1.000000e-030 1.000000e-030 1.111111e-001 1.000000e-030 2.222222e-001 1.000000e-030 1.000000e-030 1.000000e-030 1.000000e-030 
1.000000e+000 1.000000e-030 1.000000e-030 1.000000e-030 1.000000e-030 1.000000e-030 1.000000e-030 1.000000e-030 1.000000e-030 1.000000e-030 1.000000e-030 1.000000e-030 1.000000e-030 1.000000e-030 1.000000e-030 1.000000e-030 1.000000e-030 1.000000e-030 1.000000e-030 1.000000e-030 1.000000e-030 1.000000e-030 1.000000e-030 1.000000e-030 1.000000e-030 1.000000e-030 1.000000e-030 1.000000e-030 1.000000e-030 1.000000e-030 1.000000e-030 1.000000e-030 
1.000000e+000 1.000000e-030 1.000000e-030 1.000000e-030 1.000000e-030 1.000000e-030 1.000000e-030 1.000000e-030 1.000000e-030 1.000000e-030 1.000000e-030 1.000000e-030 1.000000e-030 1.000000e-030 1.000000e-030 1.000000e-030 1.000000e-030 1.000000e-030 1.000000e-030 1.000000e-030 1.000000e-030 1.000000e-030 1.000000e-030 1.000000e-030 1.000000e-030 1.000000e-030 1.000000e-030 1.000000e-030 1.000000e-030 1.000000e-030 1.000000e-030 1.000000e-030 
1.000000e+000 1.000000e-030 1.000000e-030 1.000000e-030 1.000000e-030 1.000000e-030 1.000000e-030 1.000000e-030 1.000000e-030 1.000000e-030 1.000000e-030 1.000000e-030 1.000000e-030 1.000000e-030 1.000000e-030 1.000000e-030 1.000000e-030 1.000000e-030 1.000000e-030 1.000000e-030 1.000000e-030 1.000000e-030 1.000000e-030 1.000000e-030 1.000000e-030 1.000000e-030 1.000000e-030 1.000000e-030 1.000000e-030 1.000000e-030 1.000000e-030 1.000000e-030 
1.000000e+000 1.000000e-030 1.000000e-030 1.000000e-030 1.000000e-030 1.000000e-030 1.000000e-030 1.000000e-030 1.000000e-030 1.000000e-030 1.000000e-030 1.000000e-030 1.000000e-030 1.000000e-030 1.000000e-030 1.000000e-030 1.000000e-030 1.000000e-030 1.000000e-030 1.000000e-030 1.000000e-030 1.000000e-030 1.000000e-030 1.000000e-030 1.000000e-030 1.000000e-030 1.000000e-030 1.000000e-030 1.000000e-030 1.000000e-030 1.000000e-030 1.000000e-030 
=================
