14	14	14	12	12	12	12	12	16	12	6	6	6	14	14	10	10	6	6	6	14	14	6	14	6	6	6	6	6	22	6	15	28	28	6	22	22	22	
Iteraion 1
-----------------

P(O|lamda) = 6.372368e-058

3.125000e-002 0.000000e+000 0.000000e+000 0.000000e+000 0.000000e+000 
7.812500e-004 1.953125e-004 0.000000e+000 0.000000e+000 0.000000e+000 
1.953125e-005 9.765625e-006 1.220703e-006 0.000000e+000 0.000000e+000 
4.882813e-007 3.662109e-007 9.155273e-008 7.629395e-009 0.000000e+000 
1.220703e-008 1.220703e-008 4.577637e-009 7.629395e-010 4.768372e-011 
3.051758e-010 3.814697e-010 1.907349e-010 4.768372e-011 6.258488e-012 
7.629395e-012 1.144409e-011 7.152557e-012 2.384186e-012 4.936010e-013 
1.907349e-013 3.337860e-013 2.503395e-013 1.043081e-013 3.032619e-014 
4.768372e-015 9.536743e-015 8.344650e-015 4.172325e-015 1.599619e-015 
1.192093e-016 2.682209e-016 2.682209e-016 1.564622e-016 7.606513e-017 
2.980232e-018 7.450581e-018 8.381903e-018 5.587935e-018 3.354924e-018 
7.450581e-020 2.048910e-019 2.561137e-019 1.920853e-019 1.397660e-019 
1.862645e-021 5.587935e-021 7.683411e-021 6.402843e-021 5.568220e-021 
4.656613e-023 1.513399e-022 2.270099e-022 2.080924e-022 2.140246e-022 
1.164153e-024 4.074536e-024 6.621121e-024 6.621121e-024 7.988847e-024 
2.910383e-026 1.091394e-025 1.909939e-025 2.069100e-025 2.910335e-025 
7.275958e-028 2.910383e-027 5.456968e-027 6.366463e-027 1.038798e-026 
1.818989e-029 7.730705e-029 1.546141e-028 1.932676e-028 3.644149e-028 
4.547474e-031 2.046363e-030 4.348522e-030 5.798029e-030 1.259589e-029 
1.136868e-032 5.400125e-032 1.215028e-031 1.721290e-031 4.298592e-031 
2.842171e-034 1.421085e-033 3.375078e-033 5.062617e-033 1.450891e-032 
7.105427e-036 3.730349e-035 9.325873e-035 1.476597e-034 4.850447e-034 
1.776357e-037 9.769963e-037 2.564615e-036 4.274359e-036 1.608052e-035 
4.440892e-039 2.553513e-038 7.022161e-038 1.228878e-037 5.292309e-037 
1.110223e-040 6.661338e-040 1.915135e-039 3.511080e-039 1.730652e-038 
2.775558e-042 1.734723e-041 5.204170e-041 9.974660e-041 5.627729e-040 
6.938894e-044 4.510281e-043 1.409463e-042 2.818926e-042 1.821007e-041 
1.734723e-045 1.170938e-044 3.805550e-044 7.928228e-044 5.866829e-043 
4.336809e-047 3.035766e-046 1.024571e-045 2.219904e-045 1.882936e-044 
1.084202e-048 7.860466e-048 2.751163e-047 6.190117e-047 6.022918e-046 
2.710505e-050 2.032879e-049 7.369187e-049 1.719477e-048 1.920850e-047 
6.776264e-052 5.251604e-051 1.969352e-050 4.759266e-050 6.110124e-049 
1.694066e-053 1.355253e-052 5.251604e-052 1.312901e-051 1.939159e-050 
4.235165e-055 3.494011e-054 1.397604e-053 3.610478e-053 6.141928e-052 
1.058791e-056 8.999725e-056 3.712387e-055 9.899698e-055 1.941918e-053 
2.646978e-058 2.316106e-057 9.843449e-057 2.706949e-056 6.130367e-055 
6.617445e-060 5.955700e-059 2.605619e-058 7.382587e-058 1.932658e-056 
1.654361e-061 1.530284e-060 6.886279e-060 2.008498e-059 6.085698e-058 


2.039158e-056 2.039158e-056 2.039158e-056 2.039158e-056 2.039158e-056 
6.525304e-055 6.525304e-055 6.525304e-055 6.525304e-055 6.525304e-055 
2.088097e-053 2.088097e-053 2.088097e-053 2.088097e-053 2.088097e-053 
6.681912e-052 6.681912e-052 6.681912e-052 6.681912e-052 6.681912e-052 
2.138212e-050 2.138212e-050 2.138212e-050 2.138212e-050 2.138212e-050 
6.842278e-049 6.842278e-049 6.842278e-049 6.842278e-049 6.842278e-049 
2.189529e-047 2.189529e-047 2.189529e-047 2.189529e-047 2.189529e-047 
7.006492e-046 7.006492e-046 7.006492e-046 7.006492e-046 7.006492e-046 
2.242078e-044 2.242078e-044 2.242078e-044 2.242078e-044 2.242078e-044 
7.174648e-043 7.174648e-043 7.174648e-043 7.174648e-043 7.174648e-043 
2.295887e-041 2.295887e-041 2.295887e-041 2.295887e-041 2.295887e-041 
7.346840e-040 7.346840e-040 7.346840e-040 7.346840e-040 7.346840e-040 
2.350989e-038 2.350989e-038 2.350989e-038 2.350989e-038 2.350989e-038 
7.523164e-037 7.523164e-037 7.523164e-037 7.523164e-037 7.523164e-037 
2.407412e-035 2.407412e-035 2.407412e-035 2.407412e-035 2.407412e-035 
7.703720e-034 7.703720e-034 7.703720e-034 7.703720e-034 7.703720e-034 
2.465190e-032 2.465190e-032 2.465190e-032 2.465190e-032 2.465190e-032 
7.888609e-031 7.888609e-031 7.888609e-031 7.888609e-031 7.888609e-031 
2.524355e-029 2.524355e-029 2.524355e-029 2.524355e-029 2.524355e-029 
8.077936e-028 8.077936e-028 8.077936e-028 8.077936e-028 8.077936e-028 
2.584939e-026 2.584939e-026 2.584939e-026 2.584939e-026 2.584939e-026 
8.271806e-025 8.271806e-025 8.271806e-025 8.271806e-025 8.271806e-025 
2.646978e-023 2.646978e-023 2.646978e-023 2.646978e-023 2.646978e-023 
8.470329e-022 8.470329e-022 8.470329e-022 8.470329e-022 8.470329e-022 
2.710505e-020 2.710505e-020 2.710505e-020 2.710505e-020 2.710505e-020 
8.673617e-019 8.673617e-019 8.673617e-019 8.673617e-019 8.673617e-019 
2.775558e-017 2.775558e-017 2.775558e-017 2.775558e-017 2.775558e-017 
8.881784e-016 8.881784e-016 8.881784e-016 8.881784e-016 8.881784e-016 
2.842171e-014 2.842171e-014 2.842171e-014 2.842171e-014 2.842171e-014 
9.094947e-013 9.094947e-013 9.094947e-013 9.094947e-013 9.094947e-013 
2.910383e-011 2.910383e-011 2.910383e-011 2.910383e-011 2.910383e-011 
9.313226e-010 9.313226e-010 9.313226e-010 9.313226e-010 9.313226e-010 
2.980232e-008 2.980232e-008 2.980232e-008 2.980232e-008 2.980232e-008 
9.536743e-007 9.536743e-007 9.536743e-007 9.536743e-007 9.536743e-007 
3.051758e-005 3.051758e-005 3.051758e-005 3.051758e-005 3.051758e-005 
9.765625e-004 9.765625e-004 9.765625e-004 9.765625e-004 9.765625e-004 
3.125000e-002 3.125000e-002 3.125000e-002 3.125000e-002 3.125000e-002 
1.000000e+000 1.000000e+000 1.000000e+000 1.000000e+000 1.000000e+000 


1.000000e+000 0.000000e+000 0.000000e+000 0.000000e+000 0.000000e+000 
8.000000e-001 2.000000e-001 0.000000e+000 0.000000e+000 0.000000e+000 
6.400000e-001 3.200000e-001 4.000000e-002 0.000000e+000 0.000000e+000 
5.120000e-001 3.840000e-001 9.600000e-002 8.000000e-003 0.000000e+000 
4.096000e-001 4.096000e-001 1.536000e-001 2.560000e-002 1.600000e-003 
3.276800e-001 4.096000e-001 2.048000e-001 5.120000e-002 6.720000e-003 
2.621440e-001 3.932160e-001 2.457600e-001 8.192000e-002 1.696000e-002 
2.097152e-001 3.670016e-001 2.752512e-001 1.146880e-001 3.334400e-002 
1.677722e-001 3.355443e-001 2.936013e-001 1.468006e-001 5.628160e-002 
1.342177e-001 3.019899e-001 3.019899e-001 1.761608e-001 8.564173e-002 
1.073742e-001 2.684355e-001 3.019899e-001 2.013266e-001 1.208739e-001 
8.589935e-002 2.362232e-001 2.952790e-001 2.214593e-001 1.611392e-001 
6.871948e-002 2.061584e-001 2.834678e-001 2.362232e-001 2.054311e-001 
5.497558e-002 1.786706e-001 2.680060e-001 2.456721e-001 2.526757e-001 
4.398047e-002 1.539316e-001 2.501389e-001 2.501389e-001 3.018101e-001 
3.518437e-002 1.319414e-001 2.308974e-001 2.501389e-001 3.518379e-001 
2.814750e-002 1.125900e-001 2.111062e-001 2.462906e-001 4.018657e-001 
2.251800e-002 9.570149e-002 1.914030e-001 2.392537e-001 4.511238e-001 
1.801440e-002 8.106479e-002 1.722627e-001 2.296836e-001 4.989745e-001 
1.441152e-002 6.845471e-002 1.540231e-001 2.181994e-001 5.449113e-001 
1.152922e-002 5.764608e-002 1.369094e-001 2.053641e-001 5.885511e-001 
9.223372e-003 4.842270e-002 1.210568e-001 1.916732e-001 6.296240e-001 
7.378698e-003 4.058284e-002 1.065299e-001 1.775499e-001 6.679586e-001 
5.902958e-003 3.394201e-002 9.334053e-002 1.633459e-001 7.034686e-001 
4.722366e-003 2.833420e-002 8.146082e-002 1.493448e-001 7.361378e-001 
3.777893e-003 2.361183e-002 7.083550e-002 1.357680e-001 7.660067e-001 
3.022315e-003 1.964504e-002 6.139076e-002 1.227815e-001 7.931603e-001 
2.417852e-003 1.632050e-002 5.304162e-002 1.105034e-001 8.177167e-001 
1.934281e-003 1.353997e-002 4.569740e-002 9.901102e-002 8.398173e-001 
1.547425e-003 1.121883e-002 3.926591e-002 8.834830e-002 8.596195e-001 
1.237940e-003 9.284550e-003 3.365649e-002 7.853182e-002 8.772892e-001 
9.903520e-004 7.675228e-003 2.878211e-002 6.955676e-002 8.929956e-001 
7.922816e-004 6.338253e-003 2.456073e-002 6.140183e-002 9.069069e-001 
6.338253e-004 5.229059e-003 2.091623e-002 5.403361e-002 9.191873e-001 
5.070602e-004 4.310012e-003 1.777880e-002 4.741013e-002 9.299940e-001 
4.056482e-004 3.549422e-003 1.508504e-002 4.148387e-002 9.394760e-001 
3.245186e-004 2.920667e-003 1.277792e-002 3.620410e-002 9.477728e-001 
2.596148e-004 2.401437e-003 1.080647e-002 3.151886e-002 9.550136e-001 



Q star

------------
1  2  3  4  5  5  5  5  5  5  5  5  5  5  5  5  5  5  5  5  5  5  5  5  5  5  5  5  5  5  5  5  5  5  5  5  5  5  
------------

P star

-----------
1.019579e-060

A Martrix

8.000000e-001 2.000000e-001 0.000000e+000 0.000000e+000 0.000000e+000 
0.000000e+000 8.000000e-001 2.000000e-001 0.000000e+000 0.000000e+000 
0.000000e+000 0.000000e+000 8.000000e-001 2.000000e-001 0.000000e+000 
0.000000e+000 0.000000e+000 0.000000e+000 8.000000e-001 2.000000e-001 
0.000000e+000 0.000000e+000 0.000000e+000 0.000000e+000 1.000000e+000 

B Martrix

1.000000e-030 1.000000e-030 1.000000e-030 1.000000e-030 1.000000e-030 1.000000e-030 1.000000e-030 1.000000e-030 1.000000e-030 1.000000e-030 1.000000e-030 1.000000e-030 1.000000e-030 1.000000e+000 1.000000e-030 1.000000e-030 1.000000e-030 1.000000e-030 1.000000e-030 1.000000e-030 1.000000e-030 1.000000e-030 1.000000e-030 1.000000e-030 1.000000e-030 1.000000e-030 1.000000e-030 1.000000e-030 1.000000e-030 1.000000e-030 1.000000e-030 1.000000e-030 
1.000000e-030 1.000000e-030 1.000000e-030 1.000000e-030 1.000000e-030 1.000000e-030 1.000000e-030 1.000000e-030 1.000000e-030 1.000000e-030 1.000000e-030 1.000000e-030 1.000000e-030 1.000000e+000 1.000000e-030 1.000000e-030 1.000000e-030 1.000000e-030 1.000000e-030 1.000000e-030 1.000000e-030 1.000000e-030 1.000000e-030 1.000000e-030 1.000000e-030 1.000000e-030 1.000000e-030 1.000000e-030 1.000000e-030 1.000000e-030 1.000000e-030 1.000000e-030 
1.000000e-030 1.000000e-030 1.000000e-030 1.000000e-030 1.000000e-030 1.000000e-030 1.000000e-030 1.000000e-030 1.000000e-030 1.000000e-030 1.000000e-030 1.000000e-030 1.000000e-030 1.000000e+000 1.000000e-030 1.000000e-030 1.000000e-030 1.000000e-030 1.000000e-030 1.000000e-030 1.000000e-030 1.000000e-030 1.000000e-030 1.000000e-030 1.000000e-030 1.000000e-030 1.000000e-030 1.000000e-030 1.000000e-030 1.000000e-030 1.000000e-030 1.000000e-030 
1.000000e-030 1.000000e-030 1.000000e-030 1.000000e-030 1.000000e-030 1.000000e-030 1.000000e-030 1.000000e-030 1.000000e-030 1.000000e-030 1.000000e-030 1.000000e+000 1.000000e-030 1.000000e-030 1.000000e-030 1.000000e-030 1.000000e-030 1.000000e-030 1.000000e-030 1.000000e-030 1.000000e-030 1.000000e-030 1.000000e-030 1.000000e-030 1.000000e-030 1.000000e-030 1.000000e-030 1.000000e-030 1.000000e-030 1.000000e-030 1.000000e-030 1.000000e-030 
1.000000e-030 1.000000e-030 1.000000e-030 1.000000e-030 1.000000e-030 4.605512e-001 1.000000e-030 1.000000e-030 1.000000e-030 4.127194e-002 1.000000e-030 7.899826e-003 1.000000e-030 1.355900e-001 4.889941e-002 3.081916e-003 1.000000e-030 1.000000e-030 1.000000e-030 1.000000e-030 1.000000e-030 2.027108e-001 1.000000e-030 1.000000e-030 1.000000e-030 1.000000e-030 1.000000e-030 9.999483e-002 1.000000e-030 1.000000e-030 1.000000e-030 1.000000e-030 
Iteraion 2
-----------------

P(O|lamda) = 2.006016e-026

1.000000e+000 0.000000e+000 0.000000e+000 0.000000e+000 0.000000e+000 
8.000000e-001 2.000000e-001 0.000000e+000 0.000000e+000 0.000000e+000 
6.400000e-001 3.200000e-001 4.000000e-002 0.000000e+000 0.000000e+000 
5.120000e-031 3.840000e-031 9.600000e-032 8.000000e-003 0.000000e+000 
4.096000e-061 4.096000e-061 1.536000e-061 6.400000e-003 1.263972e-005 
3.276800e-091 4.096000e-091 2.048000e-091 5.120000e-003 1.021163e-005 
2.621440e-121 3.932160e-121 2.457600e-121 4.096000e-003 8.170092e-006 
2.097152e-151 3.670016e-151 2.752512e-151 3.276800e-003 6.536080e-006 
1.677722e-181 3.355443e-181 2.936013e-181 2.621440e-033 2.039908e-006 
1.342177e-211 3.019899e-211 3.019899e-211 2.097152e-033 1.611492e-008 
1.073742e-241 2.684355e-241 3.019899e-241 1.677722e-063 7.421746e-009 
8.589935e-272 2.362232e-271 2.952790e-271 1.342177e-093 3.418094e-009 
6.871948e-302 2.061584e-301 2.834678e-301 1.073742e-123 1.574208e-009 
5.497558e-302 1.786706e-301 2.680060e-301 8.589935e-154 2.134468e-010 
4.398047e-302 1.539316e-301 2.501389e-301 6.871948e-184 2.894126e-011 
0.000000e+000 0.000000e+000 0.000000e+000 5.497558e-214 1.194462e-012 
0.000000e+000 0.000000e+000 0.000000e+000 4.398047e-244 4.929777e-014 
0.000000e+000 0.000000e+000 0.000000e+000 3.518437e-274 2.270415e-014 
0.000000e+000 0.000000e+000 0.000000e+000 2.814750e-304 1.045642e-014 
0.000000e+000 0.000000e+000 0.000000e+000 0.000000e+000 4.815719e-015 
0.000000e+000 0.000000e+000 0.000000e+000 0.000000e+000 6.529634e-016 
0.000000e+000 0.000000e+000 0.000000e+000 0.000000e+000 8.853532e-017 
0.000000e+000 0.000000e+000 0.000000e+000 0.000000e+000 4.077505e-017 
0.000000e+000 0.000000e+000 0.000000e+000 0.000000e+000 5.528690e-018 
0.000000e+000 0.000000e+000 0.000000e+000 0.000000e+000 2.546245e-018 
0.000000e+000 0.000000e+000 0.000000e+000 0.000000e+000 1.172676e-018 
0.000000e+000 0.000000e+000 0.000000e+000 0.000000e+000 5.400775e-019 
0.000000e+000 0.000000e+000 0.000000e+000 0.000000e+000 2.487334e-019 
0.000000e+000 0.000000e+000 0.000000e+000 0.000000e+000 1.145545e-019 
0.000000e+000 0.000000e+000 0.000000e+000 0.000000e+000 2.322143e-020 
0.000000e+000 0.000000e+000 0.000000e+000 0.000000e+000 1.069466e-020 
0.000000e+000 0.000000e+000 0.000000e+000 0.000000e+000 5.229625e-022 
0.000000e+000 0.000000e+000 0.000000e+000 0.000000e+000 5.229354e-023 
0.000000e+000 0.000000e+000 0.000000e+000 0.000000e+000 5.229084e-024 
0.000000e+000 0.000000e+000 0.000000e+000 0.000000e+000 2.408261e-024 
0.000000e+000 0.000000e+000 0.000000e+000 0.000000e+000 4.881806e-025 
0.000000e+000 0.000000e+000 0.000000e+000 0.000000e+000 9.895948e-026 
0.000000e+000 0.000000e+000 0.000000e+000 0.000000e+000 2.006016e-026 


2.006016e-026 1.604813e-025 3.209625e-025 3.428606e-036 1.714303e-035 
2.507520e-056 1.003008e-025 4.012032e-025 2.528657e-035 1.264328e-034 
3.134397e-086 1.253760e-055 5.015039e-025 2.006016e-024 9.324643e-034 
3.917618e-086 1.567198e-055 6.268799e-025 2.507520e-024 1.180360e-031 
4.849138e-086 1.958809e-055 7.835992e-025 3.134400e-024 1.494160e-029 
6.389207e-111 2.424569e-055 9.794044e-025 3.917996e-024 1.891384e-027 
1.991710e-081 2.397920e-080 1.212284e-024 4.897022e-024 2.394209e-025 
4.324623e-111 9.958552e-051 8.006177e-050 6.061422e-024 3.030711e-023 
9.390101e-111 2.162311e-080 4.979276e-020 2.011378e-019 9.833854e-021 
2.038883e-110 4.695051e-080 1.081156e-049 2.489638e-019 1.244819e-018 
1.059962e-106 1.019442e-079 2.347525e-049 5.405779e-019 2.702889e-018 
6.559914e-077 2.675845e-076 5.097208e-049 1.173763e-018 5.868813e-018 
2.687088e-047 2.205121e-046 4.558737e-046 2.548604e-018 1.274302e-017 
6.510690e-076 1.343544e-046 5.651430e-046 1.879640e-017 9.398199e-017 
1.413673e-105 3.255345e-075 6.717721e-046 1.386267e-016 6.931336e-016 
3.069525e-105 7.068367e-075 1.627673e-044 3.358861e-015 1.679430e-014 
6.664893e-105 1.534762e-074 3.534183e-044 8.138363e-014 4.069181e-013 
3.941886e-102 3.332447e-074 7.673812e-044 1.767092e-013 8.835459e-013 
2.251695e-072 1.070265e-071 1.666223e-043 3.836906e-013 1.918453e-012 
7.871542e-043 8.109857e-042 2.107383e-041 8.331116e-013 4.165558e-012 
3.605819e-071 3.935771e-042 2.480620e-041 6.144343e-012 3.072172e-011 
1.260533e-071 1.298696e-070 1.967885e-041 4.531560e-011 2.265780e-010 
2.737009e-071 6.302664e-041 3.972415e-040 9.839427e-011 4.919714e-010 
5.942897e-101 1.368504e-070 3.151332e-040 7.256749e-010 3.628374e-009 
1.290388e-100 2.971449e-070 6.842522e-040 1.575666e-009 7.878330e-009 
2.801834e-100 6.451939e-070 1.485724e-039 3.421261e-009 1.710630e-008 
1.382183e-099 1.400917e-069 3.225970e-039 7.428622e-009 3.714311e-008 
3.001148e-099 6.910913e-069 7.004584e-039 1.612985e-008 8.064924e-008 
6.137391e-098 1.500574e-068 3.455456e-038 3.502292e-008 1.751146e-007 
6.137708e-097 3.068695e-067 7.502871e-038 1.727728e-007 8.638641e-007 
6.138026e-096 3.068854e-066 1.534348e-036 3.751435e-007 1.875718e-006 
1.332756e-095 3.069013e-065 1.534427e-035 7.671739e-006 3.835869e-005 
6.574668e-095 6.663782e-065 1.534506e-034 7.672136e-005 3.836068e-004 
3.243373e-094 3.287334e-064 3.331891e-034 7.672532e-004 3.836266e-003 
1.000000e-090 1.621687e-063 1.643667e-033 1.665945e-003 8.329727e-003 
1.000000e-060 1.000000e-060 8.108433e-033 8.218335e-003 4.109168e-002 
1.000000e-030 1.000000e-030 1.000000e-030 4.054216e-002 2.027108e-001 
1.000000e+000 1.000000e+000 1.000000e+000 1.000000e+000 1.000000e+000 


1.000000e+000 0.000000e+000 0.000000e+000 0.000000e+000 0.000000e+000 
1.000000e-030 1.000000e+000 0.000000e+000 0.000000e+000 0.000000e+000 
9.999990e-061 2.000000e-030 1.000000e+000 0.000000e+000 0.000000e+000 
9.999025e-091 2.999997e-060 3.000000e-030 1.000000e+000 0.000000e+000 
9.901252e-121 3.999610e-090 5.999994e-060 1.000000e+000 9.414566e-009 
1.043669e-175 4.950626e-120 9.999025e-090 9.999990e-001 9.628093e-007 
2.602746e-176 4.700363e-175 1.485188e-119 9.999025e-001 9.751124e-005 
4.521097e-236 1.821922e-175 1.098551e-174 9.901252e-001 9.874783e-003 
7.853366e-266 3.616877e-235 7.287688e-175 2.628447e-026 1.000000e+000 
1.364168e-295 7.068029e-265 1.627595e-234 2.602746e-026 1.000000e+000 
5.681755e-322 1.364168e-294 3.534015e-264 4.521097e-056 1.000000e+000 
2.816174e-322 3.152139e-321 7.502924e-294 7.853366e-086 1.000000e+000 
9.387247e-323 2.267761e-321 6.442616e-321 1.364168e-115 1.000000e+000 
0.000000e+000 1.195639e-321 7.549323e-321 8.048782e-145 1.000000e+000 
0.000000e+000 0.000000e+000 8.374413e-321 4.748893e-174 1.000000e+000 
0.000000e+000 0.000000e+000 0.000000e+000 9.205078e-203 1.000000e+000 
0.000000e+000 0.000000e+000 0.000000e+000 1.784278e-231 1.000000e+000 
0.000000e+000 0.000000e+000 0.000000e+000 3.099378e-261 1.000000e+000 
0.000000e+000 0.000000e+000 0.000000e+000 5.383771e-291 1.000000e+000 
0.000000e+000 0.000000e+000 0.000000e+000 0.000000e+000 1.000000e+000 
0.000000e+000 0.000000e+000 0.000000e+000 0.000000e+000 1.000000e+000 
0.000000e+000 0.000000e+000 0.000000e+000 0.000000e+000 1.000000e+000 
0.000000e+000 0.000000e+000 0.000000e+000 0.000000e+000 1.000000e+000 
0.000000e+000 0.000000e+000 0.000000e+000 0.000000e+000 1.000000e+000 
0.000000e+000 0.000000e+000 0.000000e+000 0.000000e+000 1.000000e+000 
0.000000e+000 0.000000e+000 0.000000e+000 0.000000e+000 1.000000e+000 
0.000000e+000 0.000000e+000 0.000000e+000 0.000000e+000 1.000000e+000 
0.000000e+000 0.000000e+000 0.000000e+000 0.000000e+000 1.000000e+000 
0.000000e+000 0.000000e+000 0.000000e+000 0.000000e+000 1.000000e+000 
0.000000e+000 0.000000e+000 0.000000e+000 0.000000e+000 1.000000e+000 
0.000000e+000 0.000000e+000 0.000000e+000 0.000000e+000 1.000000e+000 
0.000000e+000 0.000000e+000 0.000000e+000 0.000000e+000 1.000000e+000 
0.000000e+000 0.000000e+000 0.000000e+000 0.000000e+000 1.000000e+000 
0.000000e+000 0.000000e+000 0.000000e+000 0.000000e+000 1.000000e+000 
0.000000e+000 0.000000e+000 0.000000e+000 0.000000e+000 1.000000e+000 
0.000000e+000 0.000000e+000 0.000000e+000 0.000000e+000 1.000000e+000 
0.000000e+000 0.000000e+000 0.000000e+000 0.000000e+000 1.000000e+000 
0.000000e+000 0.000000e+000 0.000000e+000 0.000000e+000 1.000000e+000 



Q star

------------
1  2  3  4  4  4  4  4  5  5  5  5  5  5  5  5  5  5  5  5  5  5  5  5  5  5  5  5  5  5  5  5  5  5  5  5  5  5  
------------

P star

-----------
1.986207e-026

A Martrix

1.000000e-030 1.000000e+000 0.000000e+000 0.000000e+000 0.000000e+000 
0.000000e+000 1.000000e-030 1.000000e+000 0.000000e+000 0.000000e+000 
0.000000e+000 0.000000e+000 1.000000e-030 1.000000e+000 0.000000e+000 
0.000000e+000 0.000000e+000 0.000000e+000 7.996003e-001 2.003997e-001 
0.000000e+000 0.000000e+000 0.000000e+000 0.000000e+000 1.000000e+000 

B Martrix

1.000000e-030 1.000000e-030 1.000000e-030 1.000000e-030 1.000000e-030 1.000000e-030 1.000000e-030 1.000000e-030 1.000000e-030 1.000000e-030 1.000000e-030 1.000000e-030 1.000000e-030 1.000000e+000 1.000000e-030 1.000000e-030 1.000000e-030 1.000000e-030 1.000000e-030 1.000000e-030 1.000000e-030 1.000000e-030 1.000000e-030 1.000000e-030 1.000000e-030 1.000000e-030 1.000000e-030 1.000000e-030 1.000000e-030 1.000000e-030 1.000000e-030 1.000000e-030 
1.000000e-030 1.000000e-030 1.000000e-030 1.000000e-030 1.000000e-030 1.000000e-030 1.000000e-030 1.000000e-030 1.000000e-030 1.000000e-030 1.000000e-030 1.000000e-030 1.000000e-030 1.000000e+000 1.000000e-030 1.000000e-030 1.000000e-030 1.000000e-030 1.000000e-030 1.000000e-030 1.000000e-030 1.000000e-030 1.000000e-030 1.000000e-030 1.000000e-030 1.000000e-030 1.000000e-030 1.000000e-030 1.000000e-030 1.000000e-030 1.000000e-030 1.000000e-030 
1.000000e-030 1.000000e-030 1.000000e-030 1.000000e-030 1.000000e-030 1.000000e-030 1.000000e-030 1.000000e-030 1.000000e-030 1.000000e-030 1.000000e-030 1.000000e-030 1.000000e-030 1.000000e+000 1.000000e-030 1.000000e-030 1.000000e-030 1.000000e-030 1.000000e-030 1.000000e-030 1.000000e-030 1.000000e-030 1.000000e-030 1.000000e-030 1.000000e-030 1.000000e-030 1.000000e-030 1.000000e-030 1.000000e-030 1.000000e-030 1.000000e-030 1.000000e-030 
1.000000e-030 1.000000e-030 1.000000e-030 1.000000e-030 1.000000e-030 1.000000e-030 1.000000e-030 1.000000e-030 1.000000e-030 1.000000e-030 1.000000e-030 1.000000e+000 1.000000e-030 1.000000e-030 1.000000e-030 1.000000e-030 1.000000e-030 1.000000e-030 1.000000e-030 1.000000e-030 1.000000e-030 1.000000e-030 1.000000e-030 1.000000e-030 1.000000e-030 1.000000e-030 1.000000e-030 1.000000e-030 1.000000e-030 1.000000e-030 1.000000e-030 1.000000e-030 
1.000000e-030 1.000000e-030 1.000000e-030 1.000000e-030 1.000000e-030 4.668439e-001 1.000000e-030 1.000000e-030 1.000000e-030 6.664451e-002 1.000000e-030 3.332226e-002 1.000000e-030 1.666113e-001 3.332226e-002 3.332226e-002 1.000000e-030 1.000000e-030 1.000000e-030 1.000000e-030 1.000000e-030 1.332890e-001 1.000000e-030 1.000000e-030 1.000000e-030 1.000000e-030 1.000000e-030 6.664451e-002 1.000000e-030 1.000000e-030 1.000000e-030 1.000000e-030 
Iteraion 3
-----------------

P(O|lamda) = 5.905265e-023

1.000000e+000 0.000000e+000 0.000000e+000 0.000000e+000 0.000000e+000 
1.000000e-030 1.000000e+000 0.000000e+000 0.000000e+000 0.000000e+000 
1.000000e-060 2.000000e-030 1.000000e+000 0.000000e+000 0.000000e+000 
1.000000e-120 3.000000e-090 3.000000e-060 1.000000e+000 0.000000e+000 
1.000000e-180 4.000000e-150 6.000000e-120 7.996003e-001 6.677771e-003 
1.000000e-240 5.000000e-210 1.000000e-179 6.393606e-001 5.562066e-003 
9.999999e-301 6.000000e-270 1.500000e-239 5.112329e-001 4.454844e-003 
0.000000e+000 0.000000e+000 2.100000e-299 4.087820e-001 3.562342e-003 
0.000000e+000 0.000000e+000 0.000000e+000 3.268622e-031 2.848458e-003 
0.000000e+000 0.000000e+000 0.000000e+000 2.613591e-031 9.491703e-005 
0.000000e+000 0.000000e+000 0.000000e+000 2.089828e-061 4.431144e-005 
0.000000e+000 0.000000e+000 0.000000e+000 1.671027e-091 2.068653e-005 
0.000000e+000 0.000000e+000 0.000000e+000 1.336154e-121 9.657378e-006 
0.000000e+000 0.000000e+000 0.000000e+000 1.068389e-151 1.609028e-006 
0.000000e+000 0.000000e+000 0.000000e+000 8.542840e-182 2.680822e-007 
0.000000e+000 0.000000e+000 0.000000e+000 6.830857e-212 1.786621e-008 
0.000000e+000 0.000000e+000 0.000000e+000 5.461955e-242 1.190685e-009 
0.000000e+000 0.000000e+000 0.000000e+000 4.367381e-272 5.558640e-010 
0.000000e+000 0.000000e+000 0.000000e+000 3.492159e-302 2.595017e-010 
0.000000e+000 0.000000e+000 0.000000e+000 0.000000e+000 1.211468e-010 
0.000000e+000 0.000000e+000 0.000000e+000 0.000000e+000 2.018442e-011 
0.000000e+000 0.000000e+000 0.000000e+000 0.000000e+000 3.362952e-012 
0.000000e+000 0.000000e+000 0.000000e+000 0.000000e+000 1.569974e-012 
0.000000e+000 0.000000e+000 0.000000e+000 0.000000e+000 2.615753e-013 
0.000000e+000 0.000000e+000 0.000000e+000 0.000000e+000 1.221149e-013 
0.000000e+000 0.000000e+000 0.000000e+000 0.000000e+000 5.700858e-014 
0.000000e+000 0.000000e+000 0.000000e+000 0.000000e+000 2.661411e-014 
0.000000e+000 0.000000e+000 0.000000e+000 0.000000e+000 1.242463e-014 
0.000000e+000 0.000000e+000 0.000000e+000 0.000000e+000 5.800364e-015 
0.000000e+000 0.000000e+000 0.000000e+000 0.000000e+000 7.731249e-016 
0.000000e+000 0.000000e+000 0.000000e+000 0.000000e+000 3.609287e-016 
0.000000e+000 0.000000e+000 0.000000e+000 0.000000e+000 1.202696e-017 
0.000000e+000 0.000000e+000 0.000000e+000 0.000000e+000 8.015307e-019 
0.000000e+000 0.000000e+000 0.000000e+000 0.000000e+000 5.341762e-020 
0.000000e+000 0.000000e+000 0.000000e+000 0.000000e+000 2.493769e-020 
0.000000e+000 0.000000e+000 0.000000e+000 0.000000e+000 3.323920e-021 
0.000000e+000 0.000000e+000 0.000000e+000 0.000000e+000 4.430421e-022 
0.000000e+000 0.000000e+000 0.000000e+000 0.000000e+000 5.905265e-023 


5.905265e-023 1.653238e-052 9.476271e-061 1.578854e-031 7.878522e-031 
7.385250e-053 5.905265e-023 1.062712e-052 9.476271e-031 4.728685e-030 
9.235537e-083 7.385250e-053 5.905265e-023 4.721852e-023 2.838154e-029 
1.153097e-082 9.235537e-053 7.385250e-023 5.905265e-023 8.517293e-028 
1.384399e-082 1.153097e-052 9.235537e-023 7.385250e-023 2.556037e-026 
1.038477e-109 1.384399e-052 1.153097e-022 9.235537e-023 7.670661e-025 
1.246787e-079 1.038477e-079 1.384399e-022 1.153097e-022 2.301963e-023 
2.670673e-109 1.246787e-049 1.038477e-049 1.384399e-022 6.908186e-022 
5.720697e-109 2.670673e-079 1.246787e-019 1.038477e-019 2.073145e-020 
1.225398e-108 5.720697e-079 2.670673e-049 1.246787e-019 6.221502e-019 
7.354834e-108 1.225398e-078 5.720697e-049 2.670673e-019 1.332673e-018 
4.414367e-077 7.354834e-078 1.225398e-048 5.720697e-019 2.854643e-018 
6.623752e-046 4.414367e-047 7.354834e-048 1.225398e-018 6.114770e-018 
9.938931e-075 6.623752e-046 4.414367e-047 7.354834e-018 3.670082e-017 
2.128962e-104 9.938931e-075 6.623752e-046 4.414367e-017 2.202781e-016 
4.560330e-104 2.128962e-074 9.938931e-045 6.623752e-016 3.305270e-015 
9.768426e-104 4.560330e-074 2.128962e-044 9.938931e-015 4.959553e-014 
5.863004e-103 9.768426e-074 4.560330e-044 2.128962e-014 1.062358e-013 
3.518972e-072 5.863004e-073 9.768426e-044 4.560330e-014 2.275617e-013 
7.537791e-042 3.518972e-042 5.863004e-043 9.768426e-014 4.874471e-013 
4.524178e-071 7.537791e-042 3.518972e-042 5.863004e-013 2.925655e-012 
9.690987e-071 4.524178e-071 7.537791e-042 3.518972e-012 1.755976e-011 
2.075852e-070 9.690987e-041 4.524178e-041 7.537791e-012 3.761378e-011 
4.446565e-100 2.075852e-070 9.690987e-041 4.524178e-011 2.257577e-010 
9.524735e-100 4.446565e-070 2.075852e-040 9.690987e-011 4.835828e-010 
2.040240e-099 9.524735e-070 4.446565e-040 2.075852e-010 1.035856e-009 
1.530689e-098 2.040240e-069 9.524735e-040 4.446565e-010 2.218848e-009 
3.278802e-098 1.530689e-068 2.040240e-039 9.524735e-010 4.752868e-009 
9.839675e-097 3.278802e-068 1.530689e-038 2.040240e-009 1.018085e-008 
1.476442e-095 9.839675e-067 3.278802e-038 1.530689e-008 7.638177e-008 
2.215399e-094 1.476442e-065 9.839675e-037 3.278802e-008 1.636131e-007 
4.745481e-094 2.215399e-064 1.476442e-035 9.839675e-007 4.910024e-006 
3.560294e-093 4.745481e-064 2.215399e-034 1.476442e-005 7.367485e-005 
2.671108e-092 3.560294e-063 4.745481e-034 2.215399e-004 1.105490e-003 
1.000000e-090 2.671108e-062 3.560294e-033 4.745481e-004 2.368008e-003 
1.000000e-060 1.000000e-060 2.671108e-032 3.560294e-003 1.776596e-002 
1.000000e-030 1.000000e-030 1.000000e-030 2.671108e-002 1.332890e-001 
1.000000e+000 1.000000e+000 1.000000e+000 1.000000e+000 1.000000e+000 


1.000000e+000 0.000000e+000 0.000000e+000 0.000000e+000 0.000000e+000 
1.250621e-060 1.000000e+000 0.000000e+000 0.000000e+000 0.000000e+000 
1.563950e-120 2.501243e-060 1.000000e+000 0.000000e+000 0.000000e+000 
1.952659e-180 4.691849e-120 3.751864e-060 1.000000e+000 0.000000e+000 
2.344346e-240 7.810635e-180 9.383697e-120 9.999971e-001 2.890409e-006 
0.000000e+000 1.172173e-239 1.952659e-179 9.999278e-001 7.224862e-005 
0.000000e+000 0.000000e+000 3.516519e-239 9.982634e-001 1.736567e-003 
0.000000e+000 0.000000e+000 0.000000e+000 9.583265e-001 4.167352e-002 
0.000000e+000 0.000000e+000 0.000000e+000 5.748073e-028 1.000000e+000 
0.000000e+000 0.000000e+000 0.000000e+000 5.518113e-028 1.000000e+000 
0.000000e+000 0.000000e+000 0.000000e+000 9.451306e-058 1.000000e+000 
0.000000e+000 0.000000e+000 0.000000e+000 1.618799e-087 1.000000e+000 
0.000000e+000 0.000000e+000 0.000000e+000 2.772645e-117 1.000000e+000 
0.000000e+000 0.000000e+000 0.000000e+000 1.330647e-146 1.000000e+000 
0.000000e+000 0.000000e+000 0.000000e+000 6.386036e-176 1.000000e+000 
0.000000e+000 0.000000e+000 0.000000e+000 7.661960e-205 1.000000e+000 
0.000000e+000 0.000000e+000 0.000000e+000 9.192813e-234 1.000000e+000 
0.000000e+000 0.000000e+000 0.000000e+000 1.574525e-263 1.000000e+000 
0.000000e+000 0.000000e+000 0.000000e+000 2.696814e-293 1.000000e+000 
0.000000e+000 0.000000e+000 0.000000e+000 0.000000e+000 1.000000e+000 
0.000000e+000 0.000000e+000 0.000000e+000 0.000000e+000 1.000000e+000 
0.000000e+000 0.000000e+000 0.000000e+000 0.000000e+000 1.000000e+000 
0.000000e+000 0.000000e+000 0.000000e+000 0.000000e+000 1.000000e+000 
0.000000e+000 0.000000e+000 0.000000e+000 0.000000e+000 1.000000e+000 
0.000000e+000 0.000000e+000 0.000000e+000 0.000000e+000 1.000000e+000 
0.000000e+000 0.000000e+000 0.000000e+000 0.000000e+000 1.000000e+000 
0.000000e+000 0.000000e+000 0.000000e+000 0.000000e+000 1.000000e+000 
0.000000e+000 0.000000e+000 0.000000e+000 0.000000e+000 1.000000e+000 
0.000000e+000 0.000000e+000 0.000000e+000 0.000000e+000 1.000000e+000 
0.000000e+000 0.000000e+000 0.000000e+000 0.000000e+000 1.000000e+000 
0.000000e+000 0.000000e+000 0.000000e+000 0.000000e+000 1.000000e+000 
0.000000e+000 0.000000e+000 0.000000e+000 0.000000e+000 1.000000e+000 
0.000000e+000 0.000000e+000 0.000000e+000 0.000000e+000 1.000000e+000 
0.000000e+000 0.000000e+000 0.000000e+000 0.000000e+000 1.000000e+000 
0.000000e+000 0.000000e+000 0.000000e+000 0.000000e+000 1.000000e+000 
0.000000e+000 0.000000e+000 0.000000e+000 0.000000e+000 1.000000e+000 
0.000000e+000 0.000000e+000 0.000000e+000 0.000000e+000 1.000000e+000 
0.000000e+000 0.000000e+000 0.000000e+000 0.000000e+000 1.000000e+000 



Q star

------------
1  2  3  4  4  4  4  4  5  5  5  5  5  5  5  5  5  5  5  5  5  5  5  5  5  5  5  5  5  5  5  5  5  5  5  5  5  5  
------------

P star

-----------
5.659172e-023

A Martrix

1.250621e-060 1.000000e+000 0.000000e+000 0.000000e+000 0.000000e+000 
0.000000e+000 1.250621e-060 1.000000e+000 0.000000e+000 0.000000e+000 
0.000000e+000 0.000000e+000 1.250621e-060 1.000000e+000 0.000000e+000 
0.000000e+000 0.000000e+000 0.000000e+000 7.982453e-001 2.017547e-001 
0.000000e+000 0.000000e+000 0.000000e+000 0.000000e+000 1.000000e+000 

B Martrix

1.000000e-030 1.000000e-030 1.000000e-030 1.000000e-030 1.000000e-030 1.000000e-030 1.000000e-030 1.000000e-030 1.000000e-030 1.000000e-030 1.000000e-030 1.000000e-030 1.000000e-030 1.000000e+000 1.000000e-030 1.000000e-030 1.000000e-030 1.000000e-030 1.000000e-030 1.000000e-030 1.000000e-030 1.000000e-030 1.000000e-030 1.000000e-030 1.000000e-030 1.000000e-030 1.000000e-030 1.000000e-030 1.000000e-030 1.000000e-030 1.000000e-030 1.000000e-030 
1.000000e-030 1.000000e-030 1.000000e-030 1.000000e-030 1.000000e-030 1.000000e-030 1.000000e-030 1.000000e-030 1.000000e-030 1.000000e-030 1.000000e-030 1.000000e-030 1.000000e-030 1.000000e+000 1.000000e-030 1.000000e-030 1.000000e-030 1.000000e-030 1.000000e-030 1.000000e-030 1.000000e-030 1.000000e-030 1.000000e-030 1.000000e-030 1.000000e-030 1.000000e-030 1.000000e-030 1.000000e-030 1.000000e-030 1.000000e-030 1.000000e-030 1.000000e-030 
1.000000e-030 1.000000e-030 1.000000e-030 1.000000e-030 1.000000e-030 1.000000e-030 1.000000e-030 1.000000e-030 1.000000e-030 1.000000e-030 1.000000e-030 1.000000e-030 1.000000e-030 1.000000e+000 1.000000e-030 1.000000e-030 1.000000e-030 1.000000e-030 1.000000e-030 1.000000e-030 1.000000e-030 1.000000e-030 1.000000e-030 1.000000e-030 1.000000e-030 1.000000e-030 1.000000e-030 1.000000e-030 1.000000e-030 1.000000e-030 1.000000e-030 1.000000e-030 
1.000000e-030 1.000000e-030 1.000000e-030 1.000000e-030 1.000000e-030 1.000000e-030 1.000000e-030 1.000000e-030 1.000000e-030 1.000000e-030 1.000000e-030 1.000000e+000 1.000000e-030 1.000000e-030 1.000000e-030 1.000000e-030 1.000000e-030 1.000000e-030 1.000000e-030 1.000000e-030 1.000000e-030 1.000000e-030 1.000000e-030 1.000000e-030 1.000000e-030 1.000000e-030 1.000000e-030 1.000000e-030 1.000000e-030 1.000000e-030 1.000000e-030 1.000000e-030 
1.000000e-030 1.000000e-030 1.000000e-030 1.000000e-030 1.000000e-030 4.674386e-001 1.000000e-030 1.000000e-030 1.000000e-030 6.657017e-002 1.000000e-030 3.328509e-002 1.000000e-030 1.664254e-001 3.328509e-002 3.328509e-002 1.000000e-030 1.000000e-030 1.000000e-030 1.000000e-030 1.000000e-030 1.331403e-001 1.000000e-030 1.000000e-030 1.000000e-030 1.000000e-030 1.000000e-030 6.657017e-002 1.000000e-030 1.000000e-030 1.000000e-030 1.000000e-030 
Iteraion 4
-----------------

P(O|lamda) = 5.904945e-023

1.000000e+000 0.000000e+000 0.000000e+000 0.000000e+000 0.000000e+000 
1.250621e-060 1.000000e+000 0.000000e+000 0.000000e+000 0.000000e+000 
1.564054e-120 2.501243e-060 1.000000e+000 0.000000e+000 0.000000e+000 
1.956039e-210 4.692161e-150 3.751864e-090 1.000000e+000 0.000000e+000 
2.446263e-300 7.824154e-240 9.384321e-180 7.982453e-001 6.715422e-003 
0.000000e+000 0.000000e+000 1.956039e-269 6.371956e-001 5.584077e-003 
0.000000e+000 0.000000e+000 0.000000e+000 5.086384e-001 4.464904e-003 
0.000000e+000 0.000000e+000 0.000000e+000 4.060182e-001 3.564336e-003 
0.000000e+000 0.000000e+000 0.000000e+000 3.241022e-031 2.845223e-003 
0.000000e+000 0.000000e+000 0.000000e+000 2.587130e-031 9.470349e-005 
0.000000e+000 0.000000e+000 0.000000e+000 2.065165e-061 4.426807e-005 
0.000000e+000 0.000000e+000 0.000000e+000 1.648508e-091 2.069260e-005 
0.000000e+000 0.000000e+000 0.000000e+000 1.315914e-121 9.672523e-006 
0.000000e+000 0.000000e+000 0.000000e+000 1.050422e-151 1.609754e-006 
0.000000e+000 0.000000e+000 0.000000e+000 8.384946e-182 2.679040e-007 
0.000000e+000 0.000000e+000 0.000000e+000 6.693244e-212 1.783441e-008 
0.000000e+000 0.000000e+000 0.000000e+000 5.342851e-242 1.187240e-009 
0.000000e+000 0.000000e+000 0.000000e+000 4.264906e-272 5.549618e-010 
0.000000e+000 0.000000e+000 0.000000e+000 3.404441e-302 2.594106e-010 
0.000000e+000 0.000000e+000 0.000000e+000 0.000000e+000 1.212585e-010 
0.000000e+000 0.000000e+000 0.000000e+000 0.000000e+000 2.018050e-011 
0.000000e+000 0.000000e+000 0.000000e+000 0.000000e+000 3.358549e-012 
0.000000e+000 0.000000e+000 0.000000e+000 0.000000e+000 1.569915e-012 
0.000000e+000 0.000000e+000 0.000000e+000 0.000000e+000 2.612738e-013 
0.000000e+000 0.000000e+000 0.000000e+000 0.000000e+000 1.221295e-013 
0.000000e+000 0.000000e+000 0.000000e+000 0.000000e+000 5.708804e-014 
0.000000e+000 0.000000e+000 0.000000e+000 0.000000e+000 2.668515e-014 
0.000000e+000 0.000000e+000 0.000000e+000 0.000000e+000 1.247367e-014 
0.000000e+000 0.000000e+000 0.000000e+000 0.000000e+000 5.830676e-015 
0.000000e+000 0.000000e+000 0.000000e+000 0.000000e+000 7.762982e-016 
0.000000e+000 0.000000e+000 0.000000e+000 0.000000e+000 3.628717e-016 
0.000000e+000 0.000000e+000 0.000000e+000 0.000000e+000 1.207822e-017 
0.000000e+000 0.000000e+000 0.000000e+000 0.000000e+000 8.040490e-019 
0.000000e+000 0.000000e+000 0.000000e+000 0.000000e+000 5.352568e-020 
0.000000e+000 0.000000e+000 0.000000e+000 0.000000e+000 2.501997e-020 
0.000000e+000 0.000000e+000 0.000000e+000 0.000000e+000 3.331168e-021 
0.000000e+000 0.000000e+000 0.000000e+000 0.000000e+000 4.435128e-022 
0.000000e+000 0.000000e+000 0.000000e+000 0.000000e+000 5.904945e-023 


5.904945e-023 4.713595e-053 9.476347e-061 1.577105e-031 7.816945e-031 
7.397385e-053 5.904945e-023 4.713595e-053 9.476347e-031 4.696965e-030 
9.266413e-083 7.397385e-053 5.904945e-023 4.713595e-023 2.822264e-029 
1.158913e-082 9.266413e-053 7.397385e-023 5.904945e-023 8.479065e-028 
1.393711e-082 1.158913e-052 9.266413e-023 7.397385e-023 2.547407e-026 
1.046048e-109 1.393711e-052 1.158913e-022 9.266413e-023 7.653298e-025 
1.257979e-079 1.046048e-079 1.393711e-022 1.158913e-022 2.299317e-023 
2.691218e-109 1.257979e-049 1.046048e-049 1.393711e-022 6.907951e-022 
5.757372e-109 2.691218e-079 1.257979e-019 1.046048e-019 2.075389e-020 
1.231685e-108 5.757372e-079 2.691218e-049 1.257979e-019 6.235192e-019 
7.400823e-108 1.231685e-078 5.757372e-049 2.691218e-019 1.333906e-018 
4.446930e-077 7.400823e-078 1.231685e-048 5.757372e-019 2.853650e-018 
6.680064e-046 4.446930e-047 7.400823e-048 1.231685e-018 6.104865e-018 
1.003462e-074 6.680064e-046 4.446930e-047 7.400823e-018 3.668229e-017 
2.146725e-104 1.003462e-074 6.680064e-046 4.446930e-017 2.204127e-016 
4.592527e-104 2.146725e-074 1.003462e-044 6.680064e-016 3.310984e-015 
9.824878e-104 4.592527e-074 2.146725e-044 1.003462e-014 4.973674e-014 
5.903471e-103 9.824878e-074 4.592527e-044 2.146725e-014 1.064027e-013 
3.547217e-072 5.903471e-073 9.824878e-044 4.592527e-014 2.276293e-013 
7.588627e-042 3.547217e-042 5.903471e-043 9.824878e-014 4.869715e-013 
4.559776e-071 7.588627e-042 3.547217e-042 5.903471e-013 2.926064e-012 
9.754812e-071 4.559776e-071 7.588627e-042 3.547217e-012 1.758183e-011 
2.086865e-070 9.754812e-041 4.559776e-041 7.588627e-012 3.761314e-011 
4.464468e-100 2.086865e-070 9.754812e-041 4.559776e-011 2.260060e-010 
9.550918e-100 4.464468e-070 2.086865e-040 9.754812e-011 4.834987e-010 
2.043245e-099 9.550918e-070 4.464468e-040 2.086865e-010 1.034358e-009 
1.534655e-098 2.043245e-069 9.550918e-040 4.464468e-010 2.212820e-009 
3.283116e-098 1.534655e-068 2.043245e-039 9.550918e-010 4.733927e-009 
9.863626e-097 3.283116e-068 1.534655e-038 2.043245e-009 1.012738e-008 
1.481688e-095 9.863626e-067 3.283116e-038 1.534655e-008 7.606542e-008 
2.225754e-094 1.481688e-065 9.863626e-037 3.283116e-008 1.627281e-007 
4.761597e-094 2.225754e-064 1.481688e-035 9.863626e-007 4.888921e-006 
3.576374e-093 4.761597e-064 2.225754e-034 1.481688e-005 7.344011e-005 
2.686169e-092 3.576374e-063 4.761597e-034 2.225754e-004 1.103198e-003 
1.000000e-090 2.686169e-062 3.576374e-033 4.761597e-004 2.360093e-003 
1.000000e-060 1.000000e-060 2.686169e-032 3.576374e-003 1.772635e-002 
1.000000e-030 1.000000e-030 1.000000e-030 2.686169e-002 1.331403e-001 
1.000000e+000 1.000000e+000 1.000000e+000 1.000000e+000 1.000000e+000 


1.000000e+000 0.000000e+000 0.000000e+000 0.000000e+000 0.000000e+000 
1.566708e-090 1.000000e+000 0.000000e+000 0.000000e+000 0.000000e+000 
2.454412e-180 3.133417e-090 1.000000e+000 0.000000e+000 0.000000e+000 
3.838951e-270 7.363235e-180 4.700125e-090 1.000000e+000 0.000000e+000 
0.000000e+000 1.535580e-269 1.472647e-179 9.999971e-001 2.897048e-006 
0.000000e+000 0.000000e+000 3.838951e-269 9.999276e-001 7.237427e-005 
0.000000e+000 0.000000e+000 0.000000e+000 9.982614e-001 1.738582e-003 
0.000000e+000 0.000000e+000 0.000000e+000 9.583023e-001 4.169769e-002 
0.000000e+000 0.000000e+000 0.000000e+000 5.741398e-028 1.000000e+000 
0.000000e+000 0.000000e+000 0.000000e+000 5.511578e-028 1.000000e+000 
0.000000e+000 0.000000e+000 0.000000e+000 9.412126e-058 1.000000e+000 
0.000000e+000 0.000000e+000 0.000000e+000 1.607310e-087 1.000000e+000 
0.000000e+000 0.000000e+000 0.000000e+000 2.744804e-117 1.000000e+000 
0.000000e+000 0.000000e+000 0.000000e+000 1.316522e-146 1.000000e+000 
0.000000e+000 0.000000e+000 0.000000e+000 6.314583e-176 1.000000e+000 
0.000000e+000 0.000000e+000 0.000000e+000 7.571840e-205 1.000000e+000 
0.000000e+000 0.000000e+000 0.000000e+000 9.079420e-234 1.000000e+000 
0.000000e+000 0.000000e+000 0.000000e+000 1.550493e-263 1.000000e+000 
0.000000e+000 0.000000e+000 0.000000e+000 2.647779e-293 1.000000e+000 
0.000000e+000 0.000000e+000 0.000000e+000 0.000000e+000 1.000000e+000 
0.000000e+000 0.000000e+000 0.000000e+000 0.000000e+000 1.000000e+000 
0.000000e+000 0.000000e+000 0.000000e+000 0.000000e+000 1.000000e+000 
0.000000e+000 0.000000e+000 0.000000e+000 0.000000e+000 1.000000e+000 
0.000000e+000 0.000000e+000 0.000000e+000 0.000000e+000 1.000000e+000 
0.000000e+000 0.000000e+000 0.000000e+000 0.000000e+000 1.000000e+000 
0.000000e+000 0.000000e+000 0.000000e+000 0.000000e+000 1.000000e+000 
0.000000e+000 0.000000e+000 0.000000e+000 0.000000e+000 1.000000e+000 
0.000000e+000 0.000000e+000 0.000000e+000 0.000000e+000 1.000000e+000 
0.000000e+000 0.000000e+000 0.000000e+000 0.000000e+000 1.000000e+000 
0.000000e+000 0.000000e+000 0.000000e+000 0.000000e+000 1.000000e+000 
0.000000e+000 0.000000e+000 0.000000e+000 0.000000e+000 1.000000e+000 
0.000000e+000 0.000000e+000 0.000000e+000 0.000000e+000 1.000000e+000 
0.000000e+000 0.000000e+000 0.000000e+000 0.000000e+000 1.000000e+000 
0.000000e+000 0.000000e+000 0.000000e+000 0.000000e+000 1.000000e+000 
0.000000e+000 0.000000e+000 0.000000e+000 0.000000e+000 1.000000e+000 
0.000000e+000 0.000000e+000 0.000000e+000 0.000000e+000 1.000000e+000 
0.000000e+000 0.000000e+000 0.000000e+000 0.000000e+000 1.000000e+000 
0.000000e+000 0.000000e+000 0.000000e+000 0.000000e+000 1.000000e+000 



Q star

------------
1  2  3  4  4  4  4  4  5  5  5  5  5  5  5  5  5  5  5  5  5  5  5  5  5  5  5  5  5  5  5  5  5  5  5  5  5  5  
------------

P star

-----------
5.658722e-023

A Martrix

1.566708e-090 1.000000e+000 0.000000e+000 0.000000e+000 0.000000e+000 
0.000000e+000 1.566708e-090 1.000000e+000 0.000000e+000 0.000000e+000 
0.000000e+000 0.000000e+000 1.566708e-090 1.000000e+000 0.000000e+000 
0.000000e+000 0.000000e+000 0.000000e+000 7.982443e-001 2.017557e-001 
0.000000e+000 0.000000e+000 0.000000e+000 0.000000e+000 1.000000e+000 

B Martrix

1.000000e-030 1.000000e-030 1.000000e-030 1.000000e-030 1.000000e-030 1.000000e-030 1.000000e-030 1.000000e-030 1.000000e-030 1.000000e-030 1.000000e-030 1.000000e-030 1.000000e-030 1.000000e+000 1.000000e-030 1.000000e-030 1.000000e-030 1.000000e-030 1.000000e-030 1.000000e-030 1.000000e-030 1.000000e-030 1.000000e-030 1.000000e-030 1.000000e-030 1.000000e-030 1.000000e-030 1.000000e-030 1.000000e-030 1.000000e-030 1.000000e-030 1.000000e-030 
1.000000e-030 1.000000e-030 1.000000e-030 1.000000e-030 1.000000e-030 1.000000e-030 1.000000e-030 1.000000e-030 1.000000e-030 1.000000e-030 1.000000e-030 1.000000e-030 1.000000e-030 1.000000e+000 1.000000e-030 1.000000e-030 1.000000e-030 1.000000e-030 1.000000e-030 1.000000e-030 1.000000e-030 1.000000e-030 1.000000e-030 1.000000e-030 1.000000e-030 1.000000e-030 1.000000e-030 1.000000e-030 1.000000e-030 1.000000e-030 1.000000e-030 1.000000e-030 
1.000000e-030 1.000000e-030 1.000000e-030 1.000000e-030 1.000000e-030 1.000000e-030 1.000000e-030 1.000000e-030 1.000000e-030 1.000000e-030 1.000000e-030 1.000000e-030 1.000000e-030 1.000000e+000 1.000000e-030 1.000000e-030 1.000000e-030 1.000000e-030 1.000000e-030 1.000000e-030 1.000000e-030 1.000000e-030 1.000000e-030 1.000000e-030 1.000000e-030 1.000000e-030 1.000000e-030 1.000000e-030 1.000000e-030 1.000000e-030 1.000000e-030 1.000000e-030 
1.000000e-030 1.000000e-030 1.000000e-030 1.000000e-030 1.000000e-030 1.000000e-030 1.000000e-030 1.000000e-030 1.000000e-030 1.000000e-030 1.000000e-030 1.000000e+000 1.000000e-030 1.000000e-030 1.000000e-030 1.000000e-030 1.000000e-030 1.000000e-030 1.000000e-030 1.000000e-030 1.000000e-030 1.000000e-030 1.000000e-030 1.000000e-030 1.000000e-030 1.000000e-030 1.000000e-030 1.000000e-030 1.000000e-030 1.000000e-030 1.000000e-030 1.000000e-030 
1.000000e-030 1.000000e-030 1.000000e-030 1.000000e-030 1.000000e-030 4.674391e-001 1.000000e-030 1.000000e-030 1.000000e-030 6.657011e-002 1.000000e-030 3.328506e-002 1.000000e-030 1.664253e-001 3.328506e-002 3.328506e-002 1.000000e-030 1.000000e-030 1.000000e-030 1.000000e-030 1.000000e-030 1.331402e-001 1.000000e-030 1.000000e-030 1.000000e-030 1.000000e-030 1.000000e-030 6.657011e-002 1.000000e-030 1.000000e-030 1.000000e-030 1.000000e-030 
=================
