14	26	14	14	10	10	18	26	30	30	10	10	14	14	10	10	28	26	10	28	10	14	10	12	
Iteraion 1
-----------------

P(O|lamda) = 7.523164e-037

3.125000e-002 0.000000e+000 0.000000e+000 0.000000e+000 0.000000e+000 
7.812500e-004 1.953125e-004 0.000000e+000 0.000000e+000 0.000000e+000 
1.953125e-005 9.765625e-006 1.220703e-006 0.000000e+000 0.000000e+000 
4.882813e-007 3.662109e-007 9.155273e-008 7.629395e-009 0.000000e+000 
1.220703e-008 1.220703e-008 4.577637e-009 7.629395e-010 4.768372e-011 
3.051758e-010 3.814697e-010 1.907349e-010 4.768372e-011 6.258488e-012 
7.629395e-012 1.144409e-011 7.152557e-012 2.384186e-012 4.936010e-013 
1.907349e-013 3.337860e-013 2.503395e-013 1.043081e-013 3.032619e-014 
4.768372e-015 9.536743e-015 8.344650e-015 4.172325e-015 1.599619e-015 
1.192093e-016 2.682209e-016 2.682209e-016 1.564622e-016 7.606513e-017 
2.980232e-018 7.450581e-018 8.381903e-018 5.587935e-018 3.354924e-018 
7.450581e-020 2.048910e-019 2.561137e-019 1.920853e-019 1.397660e-019 
1.862645e-021 5.587935e-021 7.683411e-021 6.402843e-021 5.568220e-021 
4.656613e-023 1.513399e-022 2.270099e-022 2.080924e-022 2.140246e-022 
1.164153e-024 4.074536e-024 6.621121e-024 6.621121e-024 7.988847e-024 
2.910383e-026 1.091394e-025 1.909939e-025 2.069100e-025 2.910335e-025 
7.275958e-028 2.910383e-027 5.456968e-027 6.366463e-027 1.038798e-026 
1.818989e-029 7.730705e-029 1.546141e-028 1.932676e-028 3.644149e-028 
4.547474e-031 2.046363e-030 4.348522e-030 5.798029e-030 1.259589e-029 
1.136868e-032 5.400125e-032 1.215028e-031 1.721290e-031 4.298592e-031 
2.842171e-034 1.421085e-033 3.375078e-033 5.062617e-033 1.450891e-032 
7.105427e-036 3.730349e-035 9.325873e-035 1.476597e-034 4.850447e-034 
1.776357e-037 9.769963e-037 2.564615e-036 4.274359e-036 1.608052e-035 
4.440892e-039 2.553513e-038 7.022161e-038 1.228878e-037 5.292309e-037 


2.407412e-035 2.407412e-035 2.407412e-035 2.407412e-035 2.407412e-035 
7.703720e-034 7.703720e-034 7.703720e-034 7.703720e-034 7.703720e-034 
2.465190e-032 2.465190e-032 2.465190e-032 2.465190e-032 2.465190e-032 
7.888609e-031 7.888609e-031 7.888609e-031 7.888609e-031 7.888609e-031 
2.524355e-029 2.524355e-029 2.524355e-029 2.524355e-029 2.524355e-029 
8.077936e-028 8.077936e-028 8.077936e-028 8.077936e-028 8.077936e-028 
2.584939e-026 2.584939e-026 2.584939e-026 2.584939e-026 2.584939e-026 
8.271806e-025 8.271806e-025 8.271806e-025 8.271806e-025 8.271806e-025 
2.646978e-023 2.646978e-023 2.646978e-023 2.646978e-023 2.646978e-023 
8.470329e-022 8.470329e-022 8.470329e-022 8.470329e-022 8.470329e-022 
2.710505e-020 2.710505e-020 2.710505e-020 2.710505e-020 2.710505e-020 
8.673617e-019 8.673617e-019 8.673617e-019 8.673617e-019 8.673617e-019 
2.775558e-017 2.775558e-017 2.775558e-017 2.775558e-017 2.775558e-017 
8.881784e-016 8.881784e-016 8.881784e-016 8.881784e-016 8.881784e-016 
2.842171e-014 2.842171e-014 2.842171e-014 2.842171e-014 2.842171e-014 
9.094947e-013 9.094947e-013 9.094947e-013 9.094947e-013 9.094947e-013 
2.910383e-011 2.910383e-011 2.910383e-011 2.910383e-011 2.910383e-011 
9.313226e-010 9.313226e-010 9.313226e-010 9.313226e-010 9.313226e-010 
2.980232e-008 2.980232e-008 2.980232e-008 2.980232e-008 2.980232e-008 
9.536743e-007 9.536743e-007 9.536743e-007 9.536743e-007 9.536743e-007 
3.051758e-005 3.051758e-005 3.051758e-005 3.051758e-005 3.051758e-005 
9.765625e-004 9.765625e-004 9.765625e-004 9.765625e-004 9.765625e-004 
3.125000e-002 3.125000e-002 3.125000e-002 3.125000e-002 3.125000e-002 
1.000000e+000 1.000000e+000 1.000000e+000 1.000000e+000 1.000000e+000 


1.000000e+000 0.000000e+000 0.000000e+000 0.000000e+000 0.000000e+000 
8.000000e-001 2.000000e-001 0.000000e+000 0.000000e+000 0.000000e+000 
6.400000e-001 3.200000e-001 4.000000e-002 0.000000e+000 0.000000e+000 
5.120000e-001 3.840000e-001 9.600000e-002 8.000000e-003 0.000000e+000 
4.096000e-001 4.096000e-001 1.536000e-001 2.560000e-002 1.600000e-003 
3.276800e-001 4.096000e-001 2.048000e-001 5.120000e-002 6.720000e-003 
2.621440e-001 3.932160e-001 2.457600e-001 8.192000e-002 1.696000e-002 
2.097152e-001 3.670016e-001 2.752512e-001 1.146880e-001 3.334400e-002 
1.677722e-001 3.355443e-001 2.936013e-001 1.468006e-001 5.628160e-002 
1.342177e-001 3.019899e-001 3.019899e-001 1.761608e-001 8.564173e-002 
1.073742e-001 2.684355e-001 3.019899e-001 2.013266e-001 1.208739e-001 
8.589935e-002 2.362232e-001 2.952790e-001 2.214593e-001 1.611392e-001 
6.871948e-002 2.061584e-001 2.834678e-001 2.362232e-001 2.054311e-001 
5.497558e-002 1.786706e-001 2.680060e-001 2.456721e-001 2.526757e-001 
4.398047e-002 1.539316e-001 2.501389e-001 2.501389e-001 3.018101e-001 
3.518437e-002 1.319414e-001 2.308974e-001 2.501389e-001 3.518379e-001 
2.814750e-002 1.125900e-001 2.111062e-001 2.462906e-001 4.018657e-001 
2.251800e-002 9.570149e-002 1.914030e-001 2.392537e-001 4.511238e-001 
1.801440e-002 8.106479e-002 1.722627e-001 2.296836e-001 4.989745e-001 
1.441152e-002 6.845471e-002 1.540231e-001 2.181994e-001 5.449113e-001 
1.152922e-002 5.764608e-002 1.369094e-001 2.053641e-001 5.885511e-001 
9.223372e-003 4.842270e-002 1.210568e-001 1.916732e-001 6.296240e-001 
7.378698e-003 4.058284e-002 1.065299e-001 1.775499e-001 6.679586e-001 
5.902958e-003 3.394201e-002 9.334053e-002 1.633459e-001 7.034686e-001 



Q star

------------
1  1  1  1  1  1  1  1  1  1  1  1  1  1  1  1  1  1  1  1  1  1  1  1  
------------

P star

-----------
4.440892e-039

A Martrix

8.000000e-001 2.000000e-001 0.000000e+000 0.000000e+000 0.000000e+000 
0.000000e+000 8.000000e-001 2.000000e-001 0.000000e+000 0.000000e+000 
0.000000e+000 0.000000e+000 8.000000e-001 2.000000e-001 0.000000e+000 
0.000000e+000 0.000000e+000 0.000000e+000 8.000000e-001 2.000000e-001 
0.000000e+000 0.000000e+000 0.000000e+000 0.000000e+000 1.000000e+000 

B Martrix

1.000000e-030 1.000000e-030 1.000000e-030 1.000000e-030 1.000000e-030 1.000000e-030 1.000000e-030 1.000000e-030 1.000000e-030 2.103213e-001 1.000000e-030 1.186193e-003 1.000000e-030 4.591520e-001 1.000000e-030 1.000000e-030 1.000000e-030 5.267756e-002 1.000000e-030 1.000000e-030 1.000000e-030 1.000000e-030 1.000000e-030 1.000000e-030 1.000000e-030 2.074262e-001 1.000000e-030 8.552190e-003 1.000000e-030 6.068455e-002 1.000000e-030 1.000000e-030 
1.000000e+000 1.000000e-030 1.000000e-030 1.000000e-030 1.000000e-030 1.000000e-030 1.000000e-030 1.000000e-030 1.000000e-030 1.000000e-030 1.000000e-030 1.000000e-030 1.000000e-030 1.000000e-030 1.000000e-030 1.000000e-030 1.000000e-030 1.000000e-030 1.000000e-030 1.000000e-030 1.000000e-030 1.000000e-030 1.000000e-030 1.000000e-030 1.000000e-030 1.000000e-030 1.000000e-030 1.000000e-030 1.000000e-030 1.000000e-030 1.000000e-030 1.000000e-030 
1.000000e+000 1.000000e-030 1.000000e-030 1.000000e-030 1.000000e-030 1.000000e-030 1.000000e-030 1.000000e-030 1.000000e-030 1.000000e-030 1.000000e-030 1.000000e-030 1.000000e-030 1.000000e-030 1.000000e-030 1.000000e-030 1.000000e-030 1.000000e-030 1.000000e-030 1.000000e-030 1.000000e-030 1.000000e-030 1.000000e-030 1.000000e-030 1.000000e-030 1.000000e-030 1.000000e-030 1.000000e-030 1.000000e-030 1.000000e-030 1.000000e-030 1.000000e-030 
1.000000e+000 1.000000e-030 1.000000e-030 1.000000e-030 1.000000e-030 1.000000e-030 1.000000e-030 1.000000e-030 1.000000e-030 1.000000e-030 1.000000e-030 1.000000e-030 1.000000e-030 1.000000e-030 1.000000e-030 1.000000e-030 1.000000e-030 1.000000e-030 1.000000e-030 1.000000e-030 1.000000e-030 1.000000e-030 1.000000e-030 1.000000e-030 1.000000e-030 1.000000e-030 1.000000e-030 1.000000e-030 1.000000e-030 1.000000e-030 1.000000e-030 1.000000e-030 
1.000000e+000 1.000000e-030 1.000000e-030 1.000000e-030 1.000000e-030 1.000000e-030 1.000000e-030 1.000000e-030 1.000000e-030 1.000000e-030 1.000000e-030 1.000000e-030 1.000000e-030 1.000000e-030 1.000000e-030 1.000000e-030 1.000000e-030 1.000000e-030 1.000000e-030 1.000000e-030 1.000000e-030 1.000000e-030 1.000000e-030 1.000000e-030 1.000000e-030 1.000000e-030 1.000000e-030 1.000000e-030 1.000000e-030 1.000000e-030 1.000000e-030 1.000000e-030 
Iteraion 2
-----------------

P(O|lamda) = 6.690237e-024

4.591520e-001 0.000000e+000 0.000000e+000 0.000000e+000 0.000000e+000 
7.619211e-002 9.183039e-032 0.000000e+000 0.000000e+000 0.000000e+000 
2.798701e-002 1.523842e-032 1.836608e-062 0.000000e+000 0.000000e+000 
1.028023e-002 5.597401e-033 3.047684e-063 3.673216e-093 0.000000e+000 
1.729722e-003 2.056046e-033 1.119480e-063 6.095369e-094 7.346432e-124 
2.910379e-004 3.459443e-034 4.112093e-064 2.238961e-094 1.219074e-124 
1.226493e-005 5.820758e-035 6.918887e-065 8.224185e-095 4.477921e-125 
2.035255e-006 2.452987e-036 1.164152e-065 1.383777e-095 1.644837e-125 
9.880683e-008 4.070510e-037 4.905974e-067 2.328303e-096 2.767555e-126 
4.796838e-009 1.976137e-038 8.141020e-068 9.811948e-098 4.656607e-127 
8.071020e-010 9.593677e-040 3.952273e-069 1.628204e-098 1.962390e-128 
1.358006e-010 1.614204e-040 1.918735e-070 7.904546e-100 3.256408e-129 
4.988250e-011 2.716013e-041 3.228408e-071 3.837471e-101 1.580909e-130 
1.832292e-011 9.976500e-042 5.432025e-072 6.456816e-102 7.674941e-132 
3.082961e-012 3.664584e-042 1.995300e-072 1.086405e-102 1.291363e-132 
5.187300e-013 6.165922e-043 7.329168e-073 3.990600e-103 2.172810e-133 
3.549022e-015 1.037460e-043 1.233184e-073 1.465834e-103 7.981200e-134 
5.889280e-016 7.098044e-046 2.074920e-074 2.466369e-104 2.931667e-134 
9.909131e-017 1.177856e-046 1.419609e-076 4.149840e-105 4.932737e-135 
6.779582e-019 1.981826e-047 2.355712e-077 2.839217e-107 8.299680e-136 
1.140713e-019 1.355916e-049 3.963653e-078 4.711424e-108 5.678435e-138 
4.190084e-020 2.281425e-050 2.711833e-080 7.927305e-109 9.422849e-139 
7.050112e-021 8.380167e-051 4.562851e-081 5.423665e-111 1.585461e-139 
6.690237e-024 1.410022e-051 1.676033e-081 9.125701e-112 1.084733e-141 


1.457085e-023 0.000000e+000 0.000000e+000 0.000000e+000 0.000000e+000 
8.780747e-023 0.000000e+000 0.000000e+000 0.000000e+000 0.000000e+000 
2.390479e-022 0.000000e+000 0.000000e+000 0.000000e+000 0.000000e+000 
6.507866e-022 0.000000e+000 0.000000e+000 0.000000e+000 0.000000e+000 
3.867811e-021 0.000000e+000 0.000000e+000 0.000000e+000 0.000000e+000 
2.298751e-020 0.000000e+000 0.000000e+000 0.000000e+000 0.000000e+000 
5.454767e-019 0.000000e+000 0.000000e+000 0.000000e+000 0.000000e+000 
3.287174e-018 0.000000e+000 0.000000e+000 0.000000e+000 0.000000e+000 
6.771027e-017 0.000000e+000 0.000000e+000 0.000000e+000 0.000000e+000 
1.394718e-015 0.000000e+000 0.000000e+000 0.000000e+000 0.000000e+000 
8.289208e-015 0.000000e+000 0.000000e+000 0.000000e+000 0.000000e+000 
4.926514e-014 0.000000e+000 0.000000e+000 0.000000e+000 0.000000e+000 
1.341199e-013 0.000000e+000 0.000000e+000 0.000000e+000 0.000000e+000 
3.651294e-013 1.000000e-300 1.000000e-300 1.000000e-300 1.000000e-300 
2.170069e-012 1.000000e-270 1.000000e-270 1.000000e-270 1.000000e-270 
1.289734e-011 1.000000e-240 1.000000e-240 1.000000e-240 1.000000e-240 
1.885093e-009 1.000000e-210 1.000000e-210 1.000000e-210 1.000000e-210 
1.136002e-008 1.000000e-180 1.000000e-180 1.000000e-180 1.000000e-180 
6.751587e-008 1.000000e-150 1.000000e-150 1.000000e-150 1.000000e-150 
9.868214e-006 1.000000e-120 1.000000e-120 1.000000e-120 1.000000e-120 
5.864962e-005 1.000000e-090 1.000000e-090 1.000000e-090 1.000000e-090 
1.596683e-004 1.000000e-060 1.000000e-060 1.000000e-060 1.000000e-060 
9.489546e-004 1.000000e-030 1.000000e-030 1.000000e-030 1.000000e-030 
1.000000e+000 1.000000e+000 1.000000e+000 1.000000e+000 1.000000e+000 


1.000000e+000 0.000000e+000 0.000000e+000 0.000000e+000 0.000000e+000 
1.000000e+000 0.000000e+000 0.000000e+000 0.000000e+000 0.000000e+000 
1.000000e+000 0.000000e+000 0.000000e+000 0.000000e+000 0.000000e+000 
1.000000e+000 0.000000e+000 0.000000e+000 0.000000e+000 0.000000e+000 
1.000000e+000 0.000000e+000 0.000000e+000 0.000000e+000 0.000000e+000 
1.000000e+000 0.000000e+000 0.000000e+000 0.000000e+000 0.000000e+000 
1.000000e+000 0.000000e+000 0.000000e+000 0.000000e+000 0.000000e+000 
1.000000e+000 0.000000e+000 0.000000e+000 0.000000e+000 0.000000e+000 
1.000000e+000 0.000000e+000 0.000000e+000 0.000000e+000 0.000000e+000 
1.000000e+000 0.000000e+000 0.000000e+000 0.000000e+000 0.000000e+000 
1.000000e+000 0.000000e+000 0.000000e+000 0.000000e+000 0.000000e+000 
1.000000e+000 0.000000e+000 0.000000e+000 0.000000e+000 0.000000e+000 
1.000000e+000 0.000000e+000 0.000000e+000 0.000000e+000 0.000000e+000 
1.000000e+000 1.491204e-318 0.000000e+000 0.000000e+000 0.000000e+000 
1.000000e+000 5.477510e-289 2.982427e-319 0.000000e+000 0.000000e+000 
1.000000e+000 9.216298e-260 1.095502e-289 5.964855e-320 0.000000e+000 
1.000000e+000 1.550707e-230 1.843260e-260 2.191004e-290 1.193169e-320 
1.000000e+000 1.060956e-202 3.101415e-231 3.686519e-261 4.382008e-291 
1.000000e+000 1.760560e-173 2.121911e-203 6.202830e-232 7.373039e-262 
1.000000e+000 2.962266e-144 3.521119e-174 4.243822e-204 1.240566e-232 
1.000000e+000 2.026709e-116 5.924533e-145 7.042239e-175 8.487644e-205 
1.000000e+000 3.410082e-087 4.053418e-117 1.184907e-145 1.408448e-175 
1.000000e+000 1.252597e-057 6.820163e-088 8.106837e-118 2.369813e-146 
1.000000e+000 2.107582e-028 2.505193e-058 1.364033e-088 1.621367e-118 



Q star

------------
1  1  1  1  1  1  1  1  1  1  1  1  1  1  1  1  1  1  1  1  1  1  1  1  
------------

P star

-----------
6.690237e-024

A Martrix

1.000000e+000 9.163402e-030 0.000000e+000 0.000000e+000 0.000000e+000 
0.000000e+000 8.000000e-001 2.000000e-001 0.000000e+000 0.000000e+000 
0.000000e+000 0.000000e+000 8.000000e-001 2.000000e-001 0.000000e+000 
0.000000e+000 0.000000e+000 0.000000e+000 8.000000e-001 2.000000e-001 
0.000000e+000 0.000000e+000 0.000000e+000 0.000000e+000 1.000000e+000 

B Martrix

1.000000e-030 1.000000e-030 1.000000e-030 1.000000e-030 1.000000e-030 1.000000e-030 1.000000e-030 1.000000e-030 1.000000e-030 3.750000e-001 1.000000e-030 4.166667e-002 1.000000e-030 2.500000e-001 1.000000e-030 1.000000e-030 1.000000e-030 4.166667e-002 1.000000e-030 1.000000e-030 1.000000e-030 1.000000e-030 1.000000e-030 1.000000e-030 1.000000e-030 1.250000e-001 1.000000e-030 8.333333e-002 1.000000e-030 8.333333e-002 1.000000e-030 1.000000e-030 
1.000000e+000 1.000000e-030 1.000000e-030 1.000000e-030 1.000000e-030 1.000000e-030 1.000000e-030 1.000000e-030 1.000000e-030 1.000000e-030 1.000000e-030 1.000000e-030 1.000000e-030 1.000000e-030 1.000000e-030 1.000000e-030 1.000000e-030 1.000000e-030 1.000000e-030 1.000000e-030 1.000000e-030 1.000000e-030 1.000000e-030 1.000000e-030 1.000000e-030 1.000000e-030 1.000000e-030 1.000000e-030 1.000000e-030 1.000000e-030 1.000000e-030 1.000000e-030 
1.000000e+000 1.000000e-030 1.000000e-030 1.000000e-030 1.000000e-030 1.000000e-030 1.000000e-030 1.000000e-030 1.000000e-030 1.000000e-030 1.000000e-030 1.000000e-030 1.000000e-030 1.000000e-030 1.000000e-030 1.000000e-030 1.000000e-030 1.000000e-030 1.000000e-030 1.000000e-030 1.000000e-030 1.000000e-030 1.000000e-030 1.000000e-030 1.000000e-030 1.000000e-030 1.000000e-030 1.000000e-030 1.000000e-030 1.000000e-030 1.000000e-030 1.000000e-030 
1.000000e+000 1.000000e-030 1.000000e-030 1.000000e-030 1.000000e-030 1.000000e-030 1.000000e-030 1.000000e-030 1.000000e-030 1.000000e-030 1.000000e-030 1.000000e-030 1.000000e-030 1.000000e-030 1.000000e-030 1.000000e-030 1.000000e-030 1.000000e-030 1.000000e-030 1.000000e-030 1.000000e-030 1.000000e-030 1.000000e-030 1.000000e-030 1.000000e-030 1.000000e-030 1.000000e-030 1.000000e-030 1.000000e-030 1.000000e-030 1.000000e-030 1.000000e-030 
1.000000e+000 1.000000e-030 1.000000e-030 1.000000e-030 1.000000e-030 1.000000e-030 1.000000e-030 1.000000e-030 1.000000e-030 1.000000e-030 1.000000e-030 1.000000e-030 1.000000e-030 1.000000e-030 1.000000e-030 1.000000e-030 1.000000e-030 1.000000e-030 1.000000e-030 1.000000e-030 1.000000e-030 1.000000e-030 1.000000e-030 1.000000e-030 1.000000e-030 1.000000e-030 1.000000e-030 1.000000e-030 1.000000e-030 1.000000e-030 1.000000e-030 1.000000e-030 
Iteraion 3
-----------------

P(O|lamda) = 5.854692e-018

2.500000e-001 0.000000e+000 0.000000e+000 0.000000e+000 0.000000e+000 
3.125000e-002 2.290850e-060 0.000000e+000 0.000000e+000 0.000000e+000 
7.812500e-003 2.863563e-061 4.581701e-091 0.000000e+000 0.000000e+000 
1.953125e-003 7.158908e-062 5.727126e-092 9.163402e-122 0.000000e+000 
7.324219e-004 1.789727e-062 1.431782e-092 1.145425e-122 1.832680e-152 
2.746582e-004 6.711476e-063 3.579454e-093 2.863563e-123 2.290850e-153 
1.144409e-005 2.516803e-063 1.342295e-093 7.158908e-124 5.727126e-154 
1.430511e-006 1.048668e-064 5.033607e-094 2.684590e-124 1.431782e-154 
1.192093e-007 1.310835e-065 2.097336e-095 1.006721e-124 5.369181e-155 
9.934107e-009 1.092363e-066 2.621670e-096 4.194672e-126 2.013443e-155 
3.725290e-009 9.103022e-068 2.184725e-097 5.243340e-127 8.389345e-157 
1.396984e-009 3.413633e-068 1.820604e-098 4.369450e-128 1.048668e-157 
3.492460e-010 1.280112e-068 6.827266e-099 3.641209e-129 8.738901e-159 
8.731149e-011 3.200281e-069 2.560225e-099 1.365453e-129 7.282417e-160 
3.274181e-011 8.000703e-070 6.400562e-100 5.120450e-130 2.730906e-160 
1.227818e-011 3.000263e-070 1.600141e-100 1.280112e-130 1.024090e-160 
1.023182e-012 1.125099e-070 6.000527e-101 3.200281e-131 2.560225e-161 
1.278977e-013 9.375823e-072 2.250198e-101 1.200105e-131 6.400562e-162 
4.796163e-014 1.171978e-072 1.875165e-102 4.500395e-132 2.400211e-162 
3.996803e-015 4.394917e-073 2.343956e-103 3.750329e-133 9.000790e-163 
1.498801e-015 3.662431e-074 8.789834e-104 4.687912e-134 7.500659e-164 
3.747003e-016 1.373412e-074 7.324862e-105 1.757967e-134 9.375823e-165 
1.405126e-016 3.433529e-075 2.746823e-105 1.464972e-135 3.515934e-165 
5.854692e-018 1.287573e-075 6.867058e-106 5.493646e-136 2.929945e-166 


2.341877e-017 0.000000e+000 0.000000e+000 0.000000e+000 0.000000e+000 
1.873501e-016 0.000000e+000 0.000000e+000 0.000000e+000 0.000000e+000 
7.494005e-016 0.000000e+000 0.000000e+000 0.000000e+000 0.000000e+000 
2.997602e-015 0.000000e+000 0.000000e+000 0.000000e+000 0.000000e+000 
7.993606e-015 0.000000e+000 0.000000e+000 0.000000e+000 0.000000e+000 
2.131628e-014 0.000000e+000 0.000000e+000 0.000000e+000 0.000000e+000 
5.115908e-013 0.000000e+000 0.000000e+000 0.000000e+000 0.000000e+000 
4.092726e-012 0.000000e+000 0.000000e+000 0.000000e+000 0.000000e+000 
4.911271e-011 0.000000e+000 0.000000e+000 0.000000e+000 0.000000e+000 
5.893526e-010 0.000000e+000 0.000000e+000 0.000000e+000 0.000000e+000 
1.571607e-009 0.000000e+000 0.000000e+000 0.000000e+000 0.000000e+000 
4.190952e-009 0.000000e+000 0.000000e+000 0.000000e+000 0.000000e+000 
1.676381e-008 0.000000e+000 0.000000e+000 0.000000e+000 0.000000e+000 
6.705523e-008 1.000000e-300 1.000000e-300 1.000000e-300 1.000000e-300 
1.788139e-007 1.000000e-270 1.000000e-270 1.000000e-270 1.000000e-270 
4.768372e-007 1.000000e-240 1.000000e-240 1.000000e-240 1.000000e-240 
5.722046e-006 1.000000e-210 1.000000e-210 1.000000e-210 1.000000e-210 
4.577637e-005 1.000000e-180 1.000000e-180 1.000000e-180 1.000000e-180 
1.220703e-004 1.000000e-150 1.000000e-150 1.000000e-150 1.000000e-150 
1.464844e-003 1.000000e-120 1.000000e-120 1.000000e-120 1.000000e-120 
3.906250e-003 1.000000e-090 1.000000e-090 1.000000e-090 1.000000e-090 
1.562500e-002 1.000000e-060 1.000000e-060 1.000000e-060 1.000000e-060 
4.166667e-002 1.000000e-030 1.000000e-030 1.000000e-030 1.000000e-030 
1.000000e+000 1.000000e+000 1.000000e+000 1.000000e+000 1.000000e+000 


1.000000e+000 0.000000e+000 0.000000e+000 0.000000e+000 0.000000e+000 
1.000000e+000 0.000000e+000 0.000000e+000 0.000000e+000 0.000000e+000 
1.000000e+000 0.000000e+000 0.000000e+000 0.000000e+000 0.000000e+000 
1.000000e+000 0.000000e+000 0.000000e+000 0.000000e+000 0.000000e+000 
1.000000e+000 0.000000e+000 0.000000e+000 0.000000e+000 0.000000e+000 
1.000000e+000 0.000000e+000 0.000000e+000 0.000000e+000 0.000000e+000 
1.000000e+000 0.000000e+000 0.000000e+000 0.000000e+000 0.000000e+000 
1.000000e+000 0.000000e+000 0.000000e+000 0.000000e+000 0.000000e+000 
1.000000e+000 0.000000e+000 0.000000e+000 0.000000e+000 0.000000e+000 
1.000000e+000 0.000000e+000 0.000000e+000 0.000000e+000 0.000000e+000 
1.000000e+000 0.000000e+000 0.000000e+000 0.000000e+000 0.000000e+000 
1.000000e+000 0.000000e+000 0.000000e+000 0.000000e+000 0.000000e+000 
1.000000e+000 0.000000e+000 0.000000e+000 0.000000e+000 0.000000e+000 
1.000000e+000 0.000000e+000 0.000000e+000 0.000000e+000 0.000000e+000 
1.000000e+000 1.383384e-322 0.000000e+000 0.000000e+000 0.000000e+000 
1.000000e+000 5.124546e-293 2.964394e-323 0.000000e+000 0.000000e+000 
1.000000e+000 1.921705e-263 1.024909e-293 4.940656e-324 0.000000e+000 
1.000000e+000 1.601420e-234 3.843409e-264 2.049818e-294 0.000000e+000 
1.000000e+000 2.001776e-205 3.202841e-235 7.686818e-265 4.099636e-295 
1.000000e+000 7.506659e-176 4.003551e-206 6.405682e-236 1.537364e-265 
1.000000e+000 6.255549e-147 1.501332e-176 8.007102e-207 1.281136e-236 
1.000000e+000 2.345831e-117 1.251110e-147 3.002663e-177 1.601420e-207 
1.000000e+000 5.864577e-088 4.691662e-118 2.502220e-148 6.005327e-178 
1.000000e+000 2.199216e-058 1.172915e-088 9.383323e-119 5.004439e-149 



Q star

------------
1  1  1  1  1  1  1  1  1  1  1  1  1  1  1  1  1  1  1  1  1  1  1  1  
------------

P star

-----------
5.854692e-018

A Martrix

1.000000e+000 9.561810e-060 0.000000e+000 0.000000e+000 0.000000e+000 
0.000000e+000 8.000000e-001 2.000000e-001 0.000000e+000 0.000000e+000 
0.000000e+000 0.000000e+000 8.000000e-001 2.000000e-001 0.000000e+000 
0.000000e+000 0.000000e+000 0.000000e+000 8.000000e-001 2.000000e-001 
0.000000e+000 0.000000e+000 0.000000e+000 0.000000e+000 1.000000e+000 

B Martrix

1.000000e-030 1.000000e-030 1.000000e-030 1.000000e-030 1.000000e-030 1.000000e-030 1.000000e-030 1.000000e-030 1.000000e-030 3.750000e-001 1.000000e-030 4.166667e-002 1.000000e-030 2.500000e-001 1.000000e-030 1.000000e-030 1.000000e-030 4.166667e-002 1.000000e-030 1.000000e-030 1.000000e-030 1.000000e-030 1.000000e-030 1.000000e-030 1.000000e-030 1.250000e-001 1.000000e-030 8.333333e-002 1.000000e-030 8.333333e-002 1.000000e-030 1.000000e-030 
1.000000e+000 1.000000e-030 1.000000e-030 1.000000e-030 1.000000e-030 1.000000e-030 1.000000e-030 1.000000e-030 1.000000e-030 1.000000e-030 1.000000e-030 1.000000e-030 1.000000e-030 1.000000e-030 1.000000e-030 1.000000e-030 1.000000e-030 1.000000e-030 1.000000e-030 1.000000e-030 1.000000e-030 1.000000e-030 1.000000e-030 1.000000e-030 1.000000e-030 1.000000e-030 1.000000e-030 1.000000e-030 1.000000e-030 1.000000e-030 1.000000e-030 1.000000e-030 
1.000000e+000 1.000000e-030 1.000000e-030 1.000000e-030 1.000000e-030 1.000000e-030 1.000000e-030 1.000000e-030 1.000000e-030 1.000000e-030 1.000000e-030 1.000000e-030 1.000000e-030 1.000000e-030 1.000000e-030 1.000000e-030 1.000000e-030 1.000000e-030 1.000000e-030 1.000000e-030 1.000000e-030 1.000000e-030 1.000000e-030 1.000000e-030 1.000000e-030 1.000000e-030 1.000000e-030 1.000000e-030 1.000000e-030 1.000000e-030 1.000000e-030 1.000000e-030 
1.000000e+000 1.000000e-030 1.000000e-030 1.000000e-030 1.000000e-030 1.000000e-030 1.000000e-030 1.000000e-030 1.000000e-030 1.000000e-030 1.000000e-030 1.000000e-030 1.000000e-030 1.000000e-030 1.000000e-030 1.000000e-030 1.000000e-030 1.000000e-030 1.000000e-030 1.000000e-030 1.000000e-030 1.000000e-030 1.000000e-030 1.000000e-030 1.000000e-030 1.000000e-030 1.000000e-030 1.000000e-030 1.000000e-030 1.000000e-030 1.000000e-030 1.000000e-030 
1.000000e+000 1.000000e-030 1.000000e-030 1.000000e-030 1.000000e-030 1.000000e-030 1.000000e-030 1.000000e-030 1.000000e-030 1.000000e-030 1.000000e-030 1.000000e-030 1.000000e-030 1.000000e-030 1.000000e-030 1.000000e-030 1.000000e-030 1.000000e-030 1.000000e-030 1.000000e-030 1.000000e-030 1.000000e-030 1.000000e-030 1.000000e-030 1.000000e-030 1.000000e-030 1.000000e-030 1.000000e-030 1.000000e-030 1.000000e-030 1.000000e-030 1.000000e-030 
Iteraion 4
-----------------

P(O|lamda) = 5.854692e-018

2.500000e-001 0.000000e+000 0.000000e+000 0.000000e+000 0.000000e+000 
3.125000e-002 2.390453e-090 0.000000e+000 0.000000e+000 0.000000e+000 
7.812500e-003 2.988066e-091 4.780905e-121 0.000000e+000 0.000000e+000 
1.953125e-003 7.470164e-092 5.976131e-122 9.561810e-152 0.000000e+000 
7.324219e-004 1.867541e-092 1.494033e-122 1.195226e-152 1.912362e-182 
2.746582e-004 7.003279e-093 3.735082e-123 2.988066e-153 2.390453e-183 
1.144409e-005 2.626230e-093 1.400656e-123 7.470164e-154 5.976131e-184 
1.430511e-006 1.094262e-094 5.252459e-124 2.801312e-154 1.494033e-184 
1.192093e-007 1.367828e-095 2.188525e-125 1.050492e-154 5.602623e-185 
9.934107e-009 1.139857e-096 2.735656e-126 4.377049e-156 2.100984e-185 
3.725290e-009 9.498805e-098 2.279713e-127 5.471312e-157 8.754099e-187 
1.396984e-009 3.562052e-098 1.899761e-128 4.559426e-158 1.094262e-187 
3.492460e-010 1.335769e-098 7.124104e-129 3.799522e-159 9.118853e-189 
8.731149e-011 3.339424e-099 2.671539e-129 1.424821e-159 7.599044e-190 
3.274181e-011 8.348559e-100 6.678847e-130 5.343078e-160 2.849642e-190 
1.227818e-011 3.130710e-100 1.669712e-130 1.335769e-160 1.068616e-190 
1.023182e-012 1.174016e-100 6.261419e-131 3.339424e-161 2.671539e-191 
1.278977e-013 9.783468e-102 2.348032e-131 1.252284e-161 6.678847e-192 
4.796163e-014 1.222933e-102 1.956694e-132 4.696065e-162 2.504568e-192 
3.996803e-015 4.586001e-103 2.445867e-133 3.913387e-163 9.392129e-193 
1.498801e-015 3.821667e-104 9.172001e-134 4.891734e-164 7.826774e-194 
3.747003e-016 1.433125e-104 7.643334e-135 1.834400e-164 9.783468e-195 
1.405126e-016 3.582813e-105 2.866250e-135 1.528667e-165 3.668800e-195 
5.854692e-018 1.343555e-105 7.165626e-136 5.732501e-166 3.057334e-196 


2.341877e-017 0.000000e+000 0.000000e+000 0.000000e+000 0.000000e+000 
1.873501e-016 0.000000e+000 0.000000e+000 0.000000e+000 0.000000e+000 
7.494005e-016 0.000000e+000 0.000000e+000 0.000000e+000 0.000000e+000 
2.997602e-015 0.000000e+000 0.000000e+000 0.000000e+000 0.000000e+000 
7.993606e-015 0.000000e+000 0.000000e+000 0.000000e+000 0.000000e+000 
2.131628e-014 0.000000e+000 0.000000e+000 0.000000e+000 0.000000e+000 
5.115908e-013 0.000000e+000 0.000000e+000 0.000000e+000 0.000000e+000 
4.092726e-012 0.000000e+000 0.000000e+000 0.000000e+000 0.000000e+000 
4.911271e-011 0.000000e+000 0.000000e+000 0.000000e+000 0.000000e+000 
5.893526e-010 0.000000e+000 0.000000e+000 0.000000e+000 0.000000e+000 
1.571607e-009 0.000000e+000 0.000000e+000 0.000000e+000 0.000000e+000 
4.190952e-009 0.000000e+000 0.000000e+000 0.000000e+000 0.000000e+000 
1.676381e-008 0.000000e+000 0.000000e+000 0.000000e+000 0.000000e+000 
6.705523e-008 1.000000e-300 1.000000e-300 1.000000e-300 1.000000e-300 
1.788139e-007 1.000000e-270 1.000000e-270 1.000000e-270 1.000000e-270 
4.768372e-007 1.000000e-240 1.000000e-240 1.000000e-240 1.000000e-240 
5.722046e-006 1.000000e-210 1.000000e-210 1.000000e-210 1.000000e-210 
4.577637e-005 1.000000e-180 1.000000e-180 1.000000e-180 1.000000e-180 
1.220703e-004 1.000000e-150 1.000000e-150 1.000000e-150 1.000000e-150 
1.464844e-003 1.000000e-120 1.000000e-120 1.000000e-120 1.000000e-120 
3.906250e-003 1.000000e-090 1.000000e-090 1.000000e-090 1.000000e-090 
1.562500e-002 1.000000e-060 1.000000e-060 1.000000e-060 1.000000e-060 
4.166667e-002 1.000000e-030 1.000000e-030 1.000000e-030 1.000000e-030 
1.000000e+000 1.000000e+000 1.000000e+000 1.000000e+000 1.000000e+000 


1.000000e+000 0.000000e+000 0.000000e+000 0.000000e+000 0.000000e+000 
1.000000e+000 0.000000e+000 0.000000e+000 0.000000e+000 0.000000e+000 
1.000000e+000 0.000000e+000 0.000000e+000 0.000000e+000 0.000000e+000 
1.000000e+000 0.000000e+000 0.000000e+000 0.000000e+000 0.000000e+000 
1.000000e+000 0.000000e+000 0.000000e+000 0.000000e+000 0.000000e+000 
1.000000e+000 0.000000e+000 0.000000e+000 0.000000e+000 0.000000e+000 
1.000000e+000 0.000000e+000 0.000000e+000 0.000000e+000 0.000000e+000 
1.000000e+000 0.000000e+000 0.000000e+000 0.000000e+000 0.000000e+000 
1.000000e+000 0.000000e+000 0.000000e+000 0.000000e+000 0.000000e+000 
1.000000e+000 0.000000e+000 0.000000e+000 0.000000e+000 0.000000e+000 
1.000000e+000 0.000000e+000 0.000000e+000 0.000000e+000 0.000000e+000 
1.000000e+000 0.000000e+000 0.000000e+000 0.000000e+000 0.000000e+000 
1.000000e+000 0.000000e+000 0.000000e+000 0.000000e+000 0.000000e+000 
1.000000e+000 0.000000e+000 0.000000e+000 0.000000e+000 0.000000e+000 
1.000000e+000 0.000000e+000 0.000000e+000 0.000000e+000 0.000000e+000 
1.000000e+000 5.434722e-323 0.000000e+000 0.000000e+000 0.000000e+000 
1.000000e+000 2.005257e-293 9.881313e-324 0.000000e+000 0.000000e+000 
1.000000e+000 1.671047e-264 4.010514e-294 0.000000e+000 0.000000e+000 
1.000000e+000 2.088809e-235 3.342095e-265 8.021028e-295 0.000000e+000 
1.000000e+000 7.833035e-206 4.177619e-236 6.684190e-266 1.604206e-295 
1.000000e+000 6.527529e-177 1.566607e-206 8.355237e-237 1.336838e-266 
1.000000e+000 2.447823e-147 1.305506e-177 3.133214e-207 1.671047e-237 
1.000000e+000 6.119559e-118 4.895647e-148 2.611012e-178 6.266428e-208 
1.000000e+000 2.294834e-088 1.223912e-118 9.791294e-149 5.222023e-179 



Q star

------------
1  1  1  1  1  1  1  1  1  1  1  1  1  1  1  1  1  1  1  1  1  1  1  1  
------------

P star

-----------
5.854692e-018

A Martrix

1.000000e+000 9.977541e-090 0.000000e+000 0.000000e+000 0.000000e+000 
0.000000e+000 8.000000e-001 2.000000e-001 0.000000e+000 0.000000e+000 
0.000000e+000 0.000000e+000 8.000000e-001 2.000000e-001 0.000000e+000 
0.000000e+000 0.000000e+000 0.000000e+000 8.000000e-001 2.000000e-001 
0.000000e+000 0.000000e+000 0.000000e+000 0.000000e+000 1.000000e+000 

B Martrix

1.000000e-030 1.000000e-030 1.000000e-030 1.000000e-030 1.000000e-030 1.000000e-030 1.000000e-030 1.000000e-030 1.000000e-030 3.750000e-001 1.000000e-030 4.166667e-002 1.000000e-030 2.500000e-001 1.000000e-030 1.000000e-030 1.000000e-030 4.166667e-002 1.000000e-030 1.000000e-030 1.000000e-030 1.000000e-030 1.000000e-030 1.000000e-030 1.000000e-030 1.250000e-001 1.000000e-030 8.333333e-002 1.000000e-030 8.333333e-002 1.000000e-030 1.000000e-030 
1.000000e+000 1.000000e-030 1.000000e-030 1.000000e-030 1.000000e-030 1.000000e-030 1.000000e-030 1.000000e-030 1.000000e-030 1.000000e-030 1.000000e-030 1.000000e-030 1.000000e-030 1.000000e-030 1.000000e-030 1.000000e-030 1.000000e-030 1.000000e-030 1.000000e-030 1.000000e-030 1.000000e-030 1.000000e-030 1.000000e-030 1.000000e-030 1.000000e-030 1.000000e-030 1.000000e-030 1.000000e-030 1.000000e-030 1.000000e-030 1.000000e-030 1.000000e-030 
1.000000e+000 1.000000e-030 1.000000e-030 1.000000e-030 1.000000e-030 1.000000e-030 1.000000e-030 1.000000e-030 1.000000e-030 1.000000e-030 1.000000e-030 1.000000e-030 1.000000e-030 1.000000e-030 1.000000e-030 1.000000e-030 1.000000e-030 1.000000e-030 1.000000e-030 1.000000e-030 1.000000e-030 1.000000e-030 1.000000e-030 1.000000e-030 1.000000e-030 1.000000e-030 1.000000e-030 1.000000e-030 1.000000e-030 1.000000e-030 1.000000e-030 1.000000e-030 
1.000000e+000 1.000000e-030 1.000000e-030 1.000000e-030 1.000000e-030 1.000000e-030 1.000000e-030 1.000000e-030 1.000000e-030 1.000000e-030 1.000000e-030 1.000000e-030 1.000000e-030 1.000000e-030 1.000000e-030 1.000000e-030 1.000000e-030 1.000000e-030 1.000000e-030 1.000000e-030 1.000000e-030 1.000000e-030 1.000000e-030 1.000000e-030 1.000000e-030 1.000000e-030 1.000000e-030 1.000000e-030 1.000000e-030 1.000000e-030 1.000000e-030 1.000000e-030 
1.000000e+000 1.000000e-030 1.000000e-030 1.000000e-030 1.000000e-030 1.000000e-030 1.000000e-030 1.000000e-030 1.000000e-030 1.000000e-030 1.000000e-030 1.000000e-030 1.000000e-030 1.000000e-030 1.000000e-030 1.000000e-030 1.000000e-030 1.000000e-030 1.000000e-030 1.000000e-030 1.000000e-030 1.000000e-030 1.000000e-030 1.000000e-030 1.000000e-030 1.000000e-030 1.000000e-030 1.000000e-030 1.000000e-030 1.000000e-030 1.000000e-030 1.000000e-030 
=================
