28	28	15	12	12	28	4	28	28	12	18	12	12	18	6	6	12	8	6	12	12	8	12	12	12	12	12	12	12	12	12	28	28	28	12	12	28	12	12	28	28	26	28	28	12	12	28	28	28	28	28	28	28	28	28	12	

P(O|lamda) = 9.899278e-163

1.000000e-030 0.000000e+000 0.000000e+000 0.000000e+000 0.000000e+000 
2.571063e-062 9.742894e-061 0.000000e+000 0.000000e+000 0.000000e+000 
6.610365e-094 6.205654e-092 4.686412e-062 0.000000e+000 0.000000e+000 
1.699566e-125 1.500584e-094 6.087828e-093 4.077630e-063 0.000000e+000 
4.369692e-157 2.849873e-097 9.351906e-124 9.115598e-065 8.096495e-064 
1.123475e-188 1.082483e-128 2.741625e-127 2.037805e-095 1.620584e-064 
2.888526e-220 4.111651e-160 4.602841e-158 4.555541e-126 1.339140e-065 
7.426583e-252 1.561750e-191 6.374813e-189 1.018398e-156 2.464927e-066 
1.909421e-283 5.932078e-223 8.431368e-220 2.276642e-187 4.537140e-067 
4.909242e-315 1.126606e-225 1.100973e-250 5.089465e-189 1.160269e-067 
0.000000e+000 4.279249e-257 1.083814e-255 1.137757e-219 1.975177e-070 
0.000000e+000 8.127048e-260 1.819586e-286 2.543472e-221 5.051062e-071 
0.000000e+000 1.543470e-262 7.818355e-290 5.685967e-223 1.291693e-071 
0.000000e+000 5.862644e-294 1.484844e-292 1.271106e-253 2.198906e-074 
0.000000e+000 5.567097e-296 1.246432e-293 1.136630e-254 2.327726e-075 
0.000000e+000 5.286450e-298 8.363595e-295 1.016381e-255 2.464094e-076 
0.000000e+000 1.003990e-300 0.000000e+000 2.272134e-257 6.301353e-077 
0.000000e+000 0.000000e+000 0.000000e+000 5.079387e-288 6.301353e-107 
0.000000e+000 0.000000e+000 0.000000e+000 4.542016e-289 6.670511e-108 
0.000000e+000 0.000000e+000 0.000000e+000 1.015374e-290 1.705830e-108 
0.000000e+000 0.000000e+000 0.000000e+000 2.269883e-292 4.362268e-109 
0.000000e+000 0.000000e+000 0.000000e+000 4.940656e-323 4.362268e-139 
0.000000e+000 0.000000e+000 0.000000e+000 0.000000e+000 1.115550e-139 
0.000000e+000 0.000000e+000 0.000000e+000 0.000000e+000 2.852762e-140 
0.000000e+000 0.000000e+000 0.000000e+000 0.000000e+000 7.295281e-141 
0.000000e+000 0.000000e+000 0.000000e+000 0.000000e+000 1.865600e-141 
0.000000e+000 0.000000e+000 0.000000e+000 0.000000e+000 4.770844e-142 
0.000000e+000 0.000000e+000 0.000000e+000 0.000000e+000 1.220034e-142 
0.000000e+000 0.000000e+000 0.000000e+000 0.000000e+000 3.119955e-143 
0.000000e+000 0.000000e+000 0.000000e+000 0.000000e+000 7.978568e-144 
0.000000e+000 0.000000e+000 0.000000e+000 0.000000e+000 2.040335e-144 
0.000000e+000 0.000000e+000 0.000000e+000 0.000000e+000 3.755602e-145 
0.000000e+000 0.000000e+000 0.000000e+000 0.000000e+000 6.912858e-146 
0.000000e+000 0.000000e+000 0.000000e+000 0.000000e+000 1.272435e-146 
0.000000e+000 0.000000e+000 0.000000e+000 0.000000e+000 3.253961e-147 
0.000000e+000 0.000000e+000 0.000000e+000 0.000000e+000 8.321256e-148 
0.000000e+000 0.000000e+000 0.000000e+000 0.000000e+000 1.531676e-148 
0.000000e+000 0.000000e+000 0.000000e+000 0.000000e+000 3.916909e-149 
0.000000e+000 0.000000e+000 0.000000e+000 0.000000e+000 1.001660e-149 
0.000000e+000 0.000000e+000 0.000000e+000 0.000000e+000 1.843734e-150 
0.000000e+000 0.000000e+000 0.000000e+000 0.000000e+000 3.393722e-151 
0.000000e+000 0.000000e+000 0.000000e+000 0.000000e+000 7.203029e-153 
0.000000e+000 0.000000e+000 0.000000e+000 0.000000e+000 1.325846e-153 
0.000000e+000 0.000000e+000 0.000000e+000 0.000000e+000 2.440457e-154 
0.000000e+000 0.000000e+000 0.000000e+000 0.000000e+000 6.240909e-155 
0.000000e+000 0.000000e+000 0.000000e+000 0.000000e+000 1.595969e-155 
0.000000e+000 0.000000e+000 0.000000e+000 0.000000e+000 2.937666e-156 
0.000000e+000 0.000000e+000 0.000000e+000 0.000000e+000 5.407301e-157 
0.000000e+000 0.000000e+000 0.000000e+000 0.000000e+000 9.953105e-158 
0.000000e+000 0.000000e+000 0.000000e+000 0.000000e+000 1.832047e-158 
0.000000e+000 0.000000e+000 0.000000e+000 0.000000e+000 3.372211e-159 
0.000000e+000 0.000000e+000 0.000000e+000 0.000000e+000 6.207157e-160 
0.000000e+000 0.000000e+000 0.000000e+000 0.000000e+000 1.142538e-160 
0.000000e+000 0.000000e+000 0.000000e+000 0.000000e+000 2.103047e-161 
0.000000e+000 0.000000e+000 0.000000e+000 0.000000e+000 3.871034e-162 
0.000000e+000 0.000000e+000 0.000000e+000 0.000000e+000 9.899278e-163 



P(O|lamda) = 1.692246e-151

1.050000e-030 0.000000e+000 0.000000e+000 0.000000e+000 0.000000e+000 
8.711110e-182 1.050000e-031 0.000000e+000 0.000000e+000 0.000000e+000 
0.000000e+000 1.926115e-147 2.625000e-034 0.000000e+000 0.000000e+000 
0.000000e+000 8.412514e-236 6.890625e-066 1.279688e-036 0.000000e+000 
0.000000e+000 4.940656e-324 1.808789e-097 1.014426e-039 1.479993e-037 
0.000000e+000 0.000000e+000 4.748071e-129 1.688715e-070 1.840309e-038 
0.000000e+000 0.000000e+000 1.246369e-160 1.338668e-072 4.045689e-040 
0.000000e+000 0.000000e+000 3.271718e-192 2.228479e-103 5.001798e-041 
0.000000e+000 0.000000e+000 8.588259e-224 3.709748e-134 6.183863e-042 
0.000000e+000 0.000000e+000 2.254418e-255 2.940769e-137 8.499305e-043 
0.000000e+000 0.000000e+000 5.917848e-287 4.895497e-168 7.234370e-047 
0.000000e+000 0.000000e+000 1.553436e-318 3.880729e-171 9.943157e-048 
0.000000e+000 0.000000e+000 0.000000e+000 3.076308e-174 1.366620e-048 
0.000000e+000 0.000000e+000 0.000000e+000 5.121129e-205 1.163229e-052 
0.000000e+000 0.000000e+000 0.000000e+000 1.623836e-207 5.015663e-054 
0.000000e+000 0.000000e+000 0.000000e+000 5.148951e-210 2.162677e-055 
0.000000e+000 0.000000e+000 0.000000e+000 4.081645e-213 2.972454e-056 
0.000000e+000 0.000000e+000 0.000000e+000 6.794712e-244 3.121077e-086 
0.000000e+000 0.000000e+000 0.000000e+000 2.154505e-246 1.345760e-087 
0.000000e+000 0.000000e+000 0.000000e+000 1.707907e-249 1.849657e-088 
0.000000e+000 0.000000e+000 0.000000e+000 1.353881e-252 2.542230e-089 
0.000000e+000 0.000000e+000 0.000000e+000 2.253806e-283 2.669342e-119 
0.000000e+000 0.000000e+000 0.000000e+000 1.786623e-286 3.668831e-120 
0.000000e+000 0.000000e+000 0.000000e+000 1.416281e-289 5.042563e-121 
0.000000e+000 0.000000e+000 0.000000e+000 1.122706e-292 6.930665e-122 
0.000000e+000 0.000000e+000 0.000000e+000 8.899848e-296 9.525735e-123 
0.000000e+000 0.000000e+000 0.000000e+000 7.055034e-299 1.309248e-123 
0.000000e+000 0.000000e+000 0.000000e+000 5.592624e-302 1.799474e-124 
0.000000e+000 0.000000e+000 0.000000e+000 4.433352e-305 2.473257e-125 
0.000000e+000 0.000000e+000 0.000000e+000 3.514380e-308 3.399326e-126 
0.000000e+000 0.000000e+000 0.000000e+000 2.785898e-311 4.672145e-127 
0.000000e+000 0.000000e+000 0.000000e+000 0.000000e+000 5.776304e-128 
0.000000e+000 0.000000e+000 0.000000e+000 0.000000e+000 7.141406e-129 
0.000000e+000 0.000000e+000 0.000000e+000 0.000000e+000 8.829121e-130 
0.000000e+000 0.000000e+000 0.000000e+000 0.000000e+000 1.213503e-130 
0.000000e+000 0.000000e+000 0.000000e+000 0.000000e+000 1.667879e-131 
0.000000e+000 0.000000e+000 0.000000e+000 0.000000e+000 2.062046e-132 
0.000000e+000 0.000000e+000 0.000000e+000 0.000000e+000 2.834144e-133 
0.000000e+000 0.000000e+000 0.000000e+000 0.000000e+000 3.895341e-134 
0.000000e+000 0.000000e+000 0.000000e+000 0.000000e+000 4.815919e-135 
0.000000e+000 0.000000e+000 0.000000e+000 0.000000e+000 5.954055e-136 
0.000000e+000 0.000000e+000 0.000000e+000 0.000000e+000 6.318616e-139 
0.000000e+000 0.000000e+000 0.000000e+000 0.000000e+000 7.811882e-140 
0.000000e+000 0.000000e+000 0.000000e+000 0.000000e+000 9.658049e-141 
0.000000e+000 0.000000e+000 0.000000e+000 0.000000e+000 1.327434e-141 
0.000000e+000 0.000000e+000 0.000000e+000 0.000000e+000 1.824469e-142 
0.000000e+000 0.000000e+000 0.000000e+000 0.000000e+000 2.255642e-143 
0.000000e+000 0.000000e+000 0.000000e+000 0.000000e+000 2.788714e-144 
0.000000e+000 0.000000e+000 0.000000e+000 0.000000e+000 3.447765e-145 
0.000000e+000 0.000000e+000 0.000000e+000 0.000000e+000 4.262568e-146 
0.000000e+000 0.000000e+000 0.000000e+000 0.000000e+000 5.269933e-147 
0.000000e+000 0.000000e+000 0.000000e+000 0.000000e+000 6.515365e-148 
0.000000e+000 0.000000e+000 0.000000e+000 0.000000e+000 8.055129e-149 
0.000000e+000 0.000000e+000 0.000000e+000 0.000000e+000 9.958781e-150 
0.000000e+000 0.000000e+000 0.000000e+000 0.000000e+000 1.231232e-150 
0.000000e+000 0.000000e+000 0.000000e+000 0.000000e+000 1.692246e-151 



P(O|lamda) = 6.448593e-127

5.000000e-001 0.000000e+000 0.000000e+000 0.000000e+000 0.000000e+000 
1.484795e-003 2.510004e-001 0.000000e+000 0.000000e+000 0.000000e+000 
9.281434e-036 3.122465e-033 3.118870e-005 0.000000e+000 0.000000e+000 
5.512411e-039 6.946270e-036 1.395801e-007 7.455673e-006 0.000000e+000 
3.273920e-042 1.168955e-038 6.246690e-010 3.234613e-007 5.809780e-007 
9.722200e-045 3.670380e-041 9.784628e-012 7.633345e-009 1.865168e-007 
6.077335e-077 2.396068e-073 8.757913e-014 2.422286e-010 1.251839e-008 
1.804719e-079 7.491576e-076 1.371813e-015 5.661859e-012 2.778263e-009 
5.359276e-082 2.337535e-078 2.148767e-017 1.322437e-013 6.077226e-010 
3.182971e-085 3.605748e-081 9.616471e-020 5.150640e-015 5.608527e-011 
1.989671e-117 2.287250e-113 4.529645e-051 8.429694e-046 2.387096e-016 
1.181701e-120 3.447267e-116 2.027171e-053 3.280039e-047 2.202589e-017 
7.018337e-124 5.150426e-119 9.072287e-056 1.276243e-048 2.032343e-018 
4.387153e-156 3.226867e-151 4.273318e-087 2.088500e-079 8.649369e-024 
2.621894e-159 1.200535e-156 2.390571e-091 3.247231e-083 1.864737e-026 
1.566923e-162 6.085322e-162 1.337328e-095 5.048844e-087 4.020230e-029 
9.306235e-166 3.986388e-163 5.985001e-098 1.964467e-088 3.709493e-030 
5.817316e-198 3.465550e-195 2.819114e-129 3.214738e-119 3.904241e-060 
3.476602e-201 1.647831e-200 1.577063e-133 4.998323e-123 8.417244e-063 
2.064817e-204 8.888996e-202 7.057897e-136 1.944810e-124 7.766646e-064 
1.226332e-207 1.833889e-204 3.158651e-138 7.567108e-126 7.166336e-065 
7.665784e-240 1.274666e-236 1.487819e-169 1.238314e-156 7.542568e-095 
4.552847e-243 2.084166e-239 6.658500e-172 4.818186e-158 6.959578e-096 
2.704018e-246 3.209308e-242 2.979907e-174 1.874720e-159 6.421648e-097 
1.605965e-249 4.834780e-245 1.333611e-176 7.294393e-161 5.925297e-098 
9.538114e-253 7.222177e-248 5.968365e-179 2.838193e-162 5.467311e-099 
5.664858e-256 1.075253e-250 2.671048e-181 1.104320e-163 5.044724e-100 
3.364461e-259 1.598737e-253 1.195386e-183 4.296824e-165 4.654800e-101 
1.998214e-262 2.375820e-256 5.349761e-186 1.671862e-166 4.295015e-102 
1.186775e-265 3.529866e-259 2.394201e-188 6.505088e-168 3.963038e-103 
7.048472e-269 5.244044e-262 1.071487e-190 2.531081e-169 3.656722e-104 
2.093107e-271 1.572874e-264 1.678346e-192 5.903044e-171 7.985040e-105 
6.215670e-274 4.717604e-267 2.628910e-194 1.376721e-172 1.743662e-105 
1.845799e-276 1.414975e-269 4.117846e-196 3.210820e-174 3.807567e-106 
1.096253e-279 2.102045e-272 1.842877e-198 1.249306e-175 3.513267e-107 
6.510846e-283 3.122694e-275 8.247509e-201 4.860955e-177 3.241715e-108 
1.933454e-285 9.365883e-278 1.291865e-202 1.133683e-178 7.078806e-109 
1.148313e-288 1.391342e-280 5.781539e-205 4.411074e-180 6.531661e-110 
6.820039e-292 2.066893e-283 2.587437e-207 1.716316e-181 6.026807e-111 
2.025272e-294 6.199207e-286 4.052884e-209 4.002830e-183 1.316050e-111 
6.014228e-297 1.859320e-288 6.348316e-211 9.335490e-185 2.873808e-112 
0.000000e+000 1.380356e-294 2.990246e-242 1.814370e-189 1.524883e-116 
0.000000e+000 4.140081e-297 4.683832e-244 4.231515e-191 3.329829e-117 
0.000000e+000 1.241729e-299 7.336615e-246 9.868834e-193 7.271217e-118 
0.000000e+000 1.844634e-302 3.283387e-248 3.839889e-194 6.709200e-119 
0.000000e+000 2.740273e-305 1.469428e-250 1.494072e-195 6.190623e-120 
0.000000e+000 8.218863e-308 2.301668e-252 3.484508e-197 1.351822e-120 
0.000000e+000 2.465072e-310 3.605264e-254 8.126647e-199 2.951921e-121 
0.000000e+000 7.393456e-313 5.647178e-256 1.895315e-200 6.445996e-122 
0.000000e+000 2.217509e-315 8.845570e-258 4.420296e-202 1.407587e-122 
0.000000e+000 6.650944e-318 1.385544e-259 1.030911e-203 3.073693e-123 
0.000000e+000 1.994543e-320 2.170274e-261 2.404315e-205 6.711903e-124 
0.000000e+000 5.928788e-323 3.399452e-263 5.607397e-207 1.465652e-124 
0.000000e+000 0.000000e+000 5.324800e-265 1.307770e-208 3.200487e-125 
0.000000e+000 0.000000e+000 8.340608e-267 3.050010e-210 6.988779e-126 
0.000000e+000 0.000000e+000 3.732708e-269 1.186736e-211 6.448593e-127 



P(O|lamda) = 8.167480e-075

3.000000e-002 0.000000e+000 0.000000e+000 0.000000e+000 0.000000e+000 
2.452304e-004 5.510978e-004 0.000000e+000 0.000000e+000 0.000000e+000 
7.033633e-035 3.507837e-034 2.476635e-009 0.000000e+000 0.000000e+000 
3.550591e-036 3.181796e-035 1.637103e-010 5.244110e-010 0.000000e+000 
1.792345e-037 2.448643e-036 1.082157e-011 9.405004e-011 3.076020e-011 
1.465125e-039 2.066376e-038 6.106445e-014 3.105915e-013 5.026838e-012 
4.202232e-070 7.233206e-069 1.969014e-016 1.558444e-015 2.595650e-014 
3.435050e-072 5.903348e-071 1.111084e-018 5.235973e-018 1.493156e-015 
2.807929e-074 4.818985e-073 6.269678e-021 1.987595e-020 8.291215e-017 
1.417447e-075 3.311320e-074 4.144378e-022 3.578360e-021 7.628284e-018 
4.065485e-106 1.087855e-104 1.406673e-052 1.660473e-051 1.879160e-020 
2.052265e-107 7.123646e-106 9.298381e-054 2.178210e-052 1.728646e-021 
1.035987e-108 4.570504e-107 6.146408e-055 2.663541e-053 1.590188e-022 
2.971390e-139 1.431040e-137 2.086197e-085 1.059791e-083 3.916115e-025 
1.889855e-140 6.356555e-139 1.345802e-086 5.974412e-085 1.261575e-025 
1.201980e-141 2.885740e-140 8.681748e-088 3.385243e-086 4.064161e-026 
6.067615e-143 1.908779e-141 5.738802e-089 4.017354e-087 3.738636e-027 
1.740297e-173 6.109781e-172 1.947848e-119 1.573268e-117 5.192551e-030 
1.106859e-174 2.765394e-173 1.256554e-120 8.752239e-119 1.672779e-030 
5.587443e-176 1.822220e-174 8.306062e-122 1.017730e-119 1.538795e-031 
2.820552e-177 1.174351e-175 5.490466e-123 1.170087e-120 1.415543e-032 
8.089832e-208 3.689085e-206 1.863559e-153 4.502220e-151 1.966032e-035 
4.083762e-209 2.327663e-207 1.231848e-154 5.137873e-152 1.808560e-036 
2.061490e-210 1.452882e-208 8.142754e-156 5.844325e-153 1.663700e-037 
1.040644e-211 8.993238e-210 5.382517e-157 6.635485e-154 1.530444e-038 
5.253191e-213 5.530356e-211 3.557947e-158 7.525567e-155 1.407861e-039 
2.651820e-214 3.383150e-212 2.351871e-159 8.529653e-156 1.295096e-040 
1.338644e-215 2.060929e-213 1.554632e-160 9.664148e-157 1.191363e-041 
6.757498e-217 1.251187e-214 1.027642e-161 1.094719e-157 1.095939e-042 
3.411198e-218 7.574763e-216 6.792910e-163 1.239901e-158 1.008158e-043 
1.721979e-219 4.575298e-217 4.490244e-164 1.404236e-159 9.274084e-045 
1.407605e-221 3.277453e-219 2.533776e-166 3.816526e-162 5.138235e-046 
1.150625e-223 2.350957e-221 1.429771e-168 1.037348e-164 2.846799e-047 
9.405607e-226 1.688960e-223 8.067979e-171 2.819931e-167 1.577247e-048 
4.747968e-227 1.022945e-224 5.333089e-172 3.195061e-168 1.450915e-049 
2.396783e-228 6.180966e-226 3.525274e-173 3.619287e-169 1.334702e-050 
1.959213e-230 4.428946e-228 1.989258e-175 9.837943e-172 7.394814e-052 
9.890144e-232 2.674620e-229 1.314938e-176 1.114492e-172 6.802515e-053 
4.992563e-233 1.612190e-230 8.691993e-178 1.262354e-173 6.257657e-054 
4.081094e-235 1.152895e-232 4.904759e-180 3.431146e-176 3.467007e-055 
3.336027e-237 8.253871e-235 2.767680e-182 9.327332e-179 1.920868e-056 
9.568305e-268 1.171783e-236 9.393985e-213 2.113583e-184 6.948469e-058 
7.821464e-270 8.312897e-239 5.300882e-215 5.744094e-187 3.849746e-059 
6.393535e-272 5.897358e-241 2.991206e-217 1.561075e-189 2.132922e-060 
3.227468e-273 3.521055e-242 1.977245e-218 1.767796e-190 1.962082e-061 
1.629232e-274 2.102268e-243 1.306997e-219 2.001891e-191 1.804926e-062 
1.331791e-276 1.491397e-245 7.375184e-222 5.440549e-194 1.000006e-063 
1.088652e-278 1.058031e-247 4.161703e-224 1.478581e-196 5.540454e-065 
8.899015e-281 7.505912e-250 2.348386e-226 4.018345e-199 3.069646e-066 
7.274363e-283 5.324865e-252 1.325158e-228 1.092067e-201 1.700714e-067 
5.946316e-285 3.777580e-254 7.477664e-231 2.967917e-204 9.422673e-069 
4.860724e-287 2.679901e-256 4.219531e-233 8.065920e-207 5.220560e-070 
3.973324e-289 1.901183e-258 2.381017e-235 2.192079e-209 2.892411e-071 
3.247933e-291 1.348742e-260 1.343571e-237 5.957422e-212 1.602518e-072 
2.654973e-293 9.568285e-263 7.581568e-240 1.619051e-214 8.878627e-074 
1.340235e-294 5.712805e-264 5.011562e-241 1.833450e-215 8.167480e-075 



P(O|lamda) = 3.951812e-107

5.150000e-002 0.000000e+000 0.000000e+000 0.000000e+000 0.000000e+000 
4.067217e-005 6.402169e-005 0.000000e+000 0.000000e+000 0.000000e+000 
6.565329e-037 4.670284e-035 1.865701e-011 0.000000e+000 0.000000e+000 
9.326066e-041 4.034745e-038 3.328788e-014 2.407818e-013 0.000000e+000 
1.324770e-044 2.989848e-041 5.939230e-017 1.407400e-015 6.060525e-015 
1.046238e-047 2.563078e-045 9.046038e-021 1.555581e-019 1.355906e-016 
1.688845e-079 1.928645e-076 7.951883e-023 2.424898e-023 6.658942e-018 
1.333767e-082 1.663722e-080 1.211151e-026 2.699218e-026 1.271293e-019 
1.053344e-085 1.582885e-084 1.844703e-030 6.381840e-030 2.427084e-021 
1.496277e-089 2.236725e-087 3.291323e-033 4.972336e-032 8.254189e-023 
2.415300e-121 1.743527e-118 6.030688e-064 1.646415e-062 1.016370e-026 
3.430940e-125 1.275103e-121 1.075997e-066 7.464273e-065 3.456538e-028 
4.873659e-129 9.176373e-125 1.919795e-069 3.170051e-067 1.175523e-029 
7.867092e-161 6.521772e-156 3.517639e-100 8.839121e-098 1.447466e-033 
1.408005e-164 3.301229e-159 6.125012e-103 1.745263e-100 2.331503e-035 
2.519962e-168 1.670846e-162 1.066504e-105 3.440895e-103 3.755463e-037 
3.579612e-172 1.197759e-165 1.902859e-108 1.411086e-105 1.277183e-038 
5.778233e-204 8.506077e-197 3.486607e-139 3.876810e-136 8.869326e-043 
1.034153e-207 4.304903e-200 6.070978e-142 7.580669e-139 1.428625e-044 
1.469017e-211 3.085937e-203 1.083185e-144 3.086289e-141 4.858563e-046 
2.086743e-215 2.212129e-206 1.932621e-147 1.254717e-143 1.652333e-047 
3.368434e-247 1.570972e-237 3.541140e-178 3.434172e-174 1.147453e-051 
4.784869e-251 1.126139e-240 6.318110e-181 1.395049e-176 3.902336e-053 
6.796919e-255 8.072639e-244 1.127278e-183 5.666006e-179 1.327133e-054 
9.655040e-259 5.786807e-247 2.011293e-186 2.301069e-181 4.513401e-056 
1.371501e-262 4.148227e-250 3.588553e-189 9.344730e-184 1.534948e-057 
1.948220e-266 2.973623e-253 6.402703e-192 3.794872e-186 5.220153e-059 
2.767452e-270 2.131618e-256 1.142372e-194 1.541078e-188 1.775305e-060 
3.931172e-274 1.528034e-259 2.038222e-197 6.258219e-191 6.037575e-062 
5.584240e-278 1.095359e-262 3.636600e-200 2.541419e-193 2.053299e-063 
7.932427e-282 7.851993e-266 6.488429e-203 1.032052e-195 6.982997e-065 
6.264642e-285 6.687952e-270 9.882523e-207 1.005821e-199 1.333156e-066 
4.947507e-288 5.696478e-274 1.505206e-210 9.802559e-204 2.545189e-068 
3.907298e-291 4.851987e-278 2.292579e-214 9.553412e-208 4.859138e-070 
5.550327e-295 3.478109e-281 4.090424e-217 3.879573e-210 1.652528e-071 
7.884253e-299 2.493255e-284 7.298144e-220 1.575467e-212 5.620029e-073 
6.226597e-302 2.123635e-288 1.111580e-223 1.535423e-216 1.072946e-074 
8.844896e-306 1.522311e-291 1.983283e-226 6.235241e-219 3.648945e-076 
1.256420e-309 1.091257e-294 3.538578e-229 2.532086e-221 1.240958e-077 
9.922586e-313 9.294801e-299 5.389606e-233 2.467728e-225 2.369170e-079 
7.836372e-316 7.916867e-303 8.208905e-237 2.405006e-229 4.523090e-081 
0.000000e+000 1.335456e-306 1.504117e-267 1.953232e-236 8.180819e-084 
0.000000e+000 1.137477e-310 2.290919e-271 1.903586e-240 1.561838e-085 
0.000000e+000 9.688487e-315 3.489298e-275 1.855203e-244 2.981776e-087 
0.000000e+000 6.945115e-318 6.225613e-278 7.533842e-247 1.014062e-088 
0.000000e+000 4.980182e-321 1.110775e-280 3.059438e-249 3.448692e-090 
0.000000e+000 0.000000e+000 1.691821e-284 2.981676e-253 6.584056e-092 
0.000000e+000 0.000000e+000 2.576811e-288 2.905891e-257 1.256992e-093 
0.000000e+000 0.000000e+000 3.924740e-292 2.832032e-261 2.399782e-095 
0.000000e+000 0.000000e+000 5.977769e-296 2.760050e-265 4.581534e-097 
0.000000e+000 0.000000e+000 9.104736e-300 2.689898e-269 8.746817e-099 
0.000000e+000 0.000000e+000 1.386742e-303 2.621529e-273 1.669895e-100 
0.000000e+000 0.000000e+000 2.112146e-307 2.554897e-277 3.188074e-102 
0.000000e+000 0.000000e+000 3.217008e-311 2.489960e-281 6.086498e-104 
0.000000e+000 0.000000e+000 4.899822e-315 2.426672e-285 1.162001e-105 
0.000000e+000 0.000000e+000 8.742274e-318 9.854537e-288 3.951812e-107 



P(O|lamda) = 1.735365e-094

2.575000e-003 0.000000e+000 0.000000e+000 0.000000e+000 0.000000e+000 
3.759863e-090 1.625469e-007 0.000000e+000 0.000000e+000 0.000000e+000 
2.244223e-204 4.277551e-039 2.476300e-015 0.000000e+000 0.000000e+000 
5.894035e-292 5.681289e-044 5.126433e-020 1.856537e-018 0.000000e+000 
0.000000e+000 7.545684e-049 1.061273e-024 2.143459e-022 1.240912e-019 
0.000000e+000 1.190803e-054 1.875528e-030 5.065120e-028 5.712152e-021 
0.000000e+000 3.133694e-086 1.912947e-034 1.600480e-033 7.404286e-023 
0.000000e+000 4.945361e-092 3.380643e-040 7.081341e-039 3.403166e-024 
0.000000e+000 7.804398e-098 5.974416e-046 2.218544e-044 1.564167e-025 
0.000000e+000 1.036552e-102 1.236823e-050 2.550046e-048 1.189788e-026 
0.000000e+000 2.727769e-134 5.258988e-082 3.380366e-079 5.995151e-029 
0.000000e+000 3.622925e-139 1.088715e-086 3.242416e-083 4.560227e-030 
0.000000e+000 4.811839e-144 2.253856e-091 3.080439e-087 3.468748e-031 
0.000000e+000 1.266274e-175 9.583430e-123 3.934818e-118 1.747847e-033 
0.000000e+000 1.187379e-180 1.936176e-127 1.790476e-122 3.962274e-035 
0.000000e+000 1.113400e-185 3.911727e-132 8.146403e-127 8.982256e-037 
0.000000e+000 1.478777e-190 8.098053e-137 7.719230e-131 6.832376e-038 
0.000000e+000 3.891521e-222 3.443304e-168 9.854585e-162 2.372353e-043 
0.000000e+000 3.649061e-227 6.956634e-173 4.483320e-166 5.377993e-045 
0.000000e+000 4.846551e-232 1.440161e-177 4.248072e-170 4.090784e-046 
0.000000e+000 6.437015e-237 2.981420e-182 4.025164e-174 3.111665e-047 
0.000000e+000 1.693952e-268 1.267704e-213 5.138595e-205 1.080439e-052 
0.000000e+000 2.249846e-273 2.624399e-218 4.868957e-209 8.218387e-054 
0.000000e+000 2.988164e-278 5.433028e-223 4.613469e-213 6.251337e-055 
0.000000e+000 3.968772e-283 1.124745e-227 4.371386e-217 4.755095e-056 
0.000000e+000 5.271181e-288 2.328445e-232 4.142007e-221 3.616975e-057 
0.000000e+000 7.000992e-293 4.820344e-237 3.924663e-225 2.751261e-058 
0.000000e+000 9.298466e-298 9.979069e-242 3.718724e-229 2.092753e-059 
0.000000e+000 1.234989e-302 2.065866e-246 3.523592e-233 1.591858e-060 
0.000000e+000 1.640268e-307 4.276752e-251 3.338699e-237 1.210851e-061 
0.000000e+000 2.178544e-312 8.853726e-256 3.163507e-241 9.210368e-063 
0.000000e+000 3.438015e-318 1.564668e-261 7.193732e-247 4.233279e-064 
0.000000e+000 4.940656e-324 2.765149e-267 1.635836e-252 1.945704e-065 
0.000000e+000 0.000000e+000 4.886689e-273 3.719848e-258 8.942868e-067 
0.000000e+000 0.000000e+000 1.011642e-277 3.524656e-262 6.802415e-068 
0.000000e+000 0.000000e+000 2.094299e-282 3.339707e-266 5.174274e-069 
0.000000e+000 0.000000e+000 3.701135e-288 7.594406e-272 2.378206e-070 
0.000000e+000 0.000000e+000 7.662085e-293 7.195905e-276 1.808988e-071 
0.000000e+000 0.000000e+000 1.586204e-297 6.818314e-280 1.376011e-072 
0.000000e+000 0.000000e+000 2.803207e-303 1.550467e-285 6.324438e-074 
0.000000e+000 0.000000e+000 4.953948e-309 3.525721e-291 2.906845e-075 
0.000000e+000 0.000000e+000 0.000000e+000 6.681164e-300 2.039071e-076 
0.000000e+000 0.000000e+000 0.000000e+000 1.519279e-305 9.372002e-078 
0.000000e+000 0.000000e+000 0.000000e+000 3.454801e-311 4.307570e-079 
0.000000e+000 0.000000e+000 0.000000e+000 3.273517e-315 3.276564e-080 
0.000000e+000 0.000000e+000 0.000000e+000 3.101744e-319 2.492327e-081 
0.000000e+000 0.000000e+000 0.000000e+000 0.000000e+000 1.145526e-082 
0.000000e+000 0.000000e+000 0.000000e+000 0.000000e+000 5.265079e-084 
0.000000e+000 0.000000e+000 0.000000e+000 0.000000e+000 2.419941e-085 
0.000000e+000 0.000000e+000 0.000000e+000 0.000000e+000 1.112256e-086 
0.000000e+000 0.000000e+000 0.000000e+000 0.000000e+000 5.112163e-088 
0.000000e+000 0.000000e+000 0.000000e+000 0.000000e+000 2.349658e-089 
0.000000e+000 0.000000e+000 0.000000e+000 0.000000e+000 1.079952e-090 
0.000000e+000 0.000000e+000 0.000000e+000 0.000000e+000 4.963689e-092 
0.000000e+000 0.000000e+000 0.000000e+000 0.000000e+000 2.281416e-093 
0.000000e+000 0.000000e+000 0.000000e+000 0.000000e+000 1.735365e-094 



P(O|lamda) = 2.630427e-111

1.509652e-001 0.000000e+000 0.000000e+000 0.000000e+000 0.000000e+000 
2.279049e-002 4.171681e-097 0.000000e+000 0.000000e+000 0.000000e+000 
1.972622e-004 2.100392e-122 6.518252e-107 0.000000e+000 0.000000e+000 
3.769997e-005 4.587632e-099 1.336242e-111 5.092588e-112 0.000000e+000 
7.205067e-006 8.768673e-100 2.351161e-104 2.635478e-116 3.873689e-115 
1.087714e-006 1.991226e-101 3.836706e-106 4.408427e-111 9.023281e-118 
7.070144e-009 1.002447e-126 5.028234e-106 9.712108e-113 5.714359e-115 
1.067346e-009 1.953721e-104 8.799409e-112 9.427946e-113 4.595213e-116 
1.611321e-010 2.949488e-105 8.547531e-111 2.356985e-118 4.343844e-116 
3.079491e-011 3.747432e-105 1.511630e-110 6.678026e-116 1.653871e-118 
6.415606e-014 2.838355e-131 7.889462e-136 3.182437e-141 3.406620e-120 
1.226125e-014 1.492046e-108 1.454819e-136 6.163988e-141 1.295627e-122 
2.343321e-015 2.851856e-109 7.646737e-114 1.136815e-141 4.927608e-125 
4.881918e-018 2.159830e-135 6.004554e-140 1.609840e-144 1.241472e-128 
1.391503e-019 8.015769e-113 1.080372e-140 2.252700e-145 1.407174e-131 
3.966228e-021 2.285953e-114 4.009137e-118 4.053085e-146 1.594992e-134 
7.580097e-022 9.228922e-116 1.172373e-119 3.132263e-123 6.066172e-137 
7.979052e-052 6.986546e-142 1.943919e-146 2.470792e-150 1.087591e-130 
2.274285e-053 2.358305e-146 3.494753e-147 7.295833e-152 1.232754e-133 
4.346523e-054 5.294206e-148 1.925056e-151 2.730613e-152 4.688487e-136 
8.306901e-055 1.010962e-148 2.717227e-153 2.357361e-156 1.783155e-138 
8.744110e-085 7.656438e-175 2.128571e-179 5.740332e-184 3.095754e-145 
1.671139e-085 3.660616e-179 3.924361e-180 1.663192e-184 1.177396e-147 
3.193815e-086 3.887265e-180 2.680560e-184 3.066549e-185 4.477947e-150 
6.103891e-087 7.428525e-181 1.992773e-185 3.052606e-189 1.703081e-152 
1.166551e-087 1.419710e-181 3.807528e-186 1.557870e-190 6.477262e-155 
2.229466e-088 2.713293e-182 7.276794e-187 2.975237e-191 2.463472e-157 
4.260866e-089 5.185537e-183 1.390712e-187 5.686152e-192 9.369231e-160 
8.143197e-090 9.910391e-184 2.657873e-188 1.086715e-192 3.563364e-162 
1.556295e-090 1.894034e-184 5.079620e-189 2.076886e-193 1.355241e-164 
2.974329e-091 3.619802e-185 9.707967e-190 3.969261e-194 5.154335e-167 
4.490202e-092 8.219996e-187 1.583833e-191 1.820541e-196 1.184521e-169 
6.778642e-093 1.240816e-187 3.596525e-193 2.969824e-198 2.722155e-172 
1.023339e-093 1.873201e-188 5.428634e-194 6.743708e-200 6.255800e-175 
1.955765e-094 2.379970e-188 9.600264e-194 4.241310e-199 2.379245e-177 
3.737779e-095 4.548933e-189 1.219754e-193 7.500638e-199 9.048891e-180 
5.642746e-096 1.032990e-190 1.990371e-195 2.287095e-200 2.079531e-182 
1.078419e-096 1.312328e-190 5.294483e-196 1.555111e-200 7.909001e-185 
2.061031e-097 2.508306e-191 6.725789e-196 4.136966e-201 3.008000e-187 
3.111440e-098 5.695963e-193 1.097501e-197 1.261116e-202 6.912704e-190 
4.697192e-099 8.598110e-194 2.492176e-199 2.057910e-204 1.588613e-192 
4.059662e-100 2.570649e-194 1.810150e-224 3.894154e-209 5.571839e-195 
6.128676e-101 1.121887e-195 1.124659e-200 2.920615e-215 1.280468e-197 
9.252169e-102 1.693590e-196 4.908454e-202 2.108735e-207 2.942651e-200 
1.768237e-102 2.151768e-196 8.679749e-202 3.834949e-207 1.119167e-202 
3.379385e-103 4.112761e-197 1.102799e-201 6.781444e-207 4.256515e-205 
5.101695e-104 9.339427e-199 1.799526e-203 2.067799e-208 9.813092e-208 
7.701784e-105 1.409795e-199 4.086314e-205 3.374266e-210 2.350193e-210 
1.162701e-105 2.128300e-200 6.167926e-206 7.662092e-212 6.951877e-213 
1.755274e-106 3.212993e-201 9.311421e-207 1.156492e-212 5.119275e-215 
2.649854e-107 4.850501e-202 1.405701e-207 1.745900e-213 5.433128e-216 
4.000357e-108 7.322568e-203 2.122119e-208 2.635702e-214 8.149386e-217 
6.039146e-109 1.105453e-203 3.203661e-209 3.978992e-215 1.230153e-217 
9.117010e-110 1.668849e-204 4.836413e-210 6.006894e-216 1.857099e-218 
1.376351e-110 2.519382e-205 7.301300e-211 9.068319e-217 2.803574e-219 
2.630427e-111 3.200966e-205 1.291198e-210 5.704397e-216 7.004466e-220 



P(O|lamda) = 2.994416e-086

3.463159e-002 0.000000e+000 0.000000e+000 0.000000e+000 0.000000e+000 
5.996735e-005 5.192033e-009 0.000000e+000 0.000000e+000 0.000000e+000 
4.635458e-007 5.996759e-035 1.947012e-019 0.000000e+000 0.000000e+000 
1.670058e-009 5.848816e-013 1.764449e-026 3.533929e-025 0.000000e+000 
6.016869e-012 2.107237e-015 7.194044e-019 2.395638e-031 4.763491e-026 
1.041869e-014 9.020736e-019 2.212654e-022 3.133690e-026 9.671168e-027 
2.621602e-017 4.948895e-016 4.330578e-020 1.028124e-023 3.167881e-027 
4.539513e-020 7.054345e-024 5.196373e-023 1.886523e-027 1.460394e-024 
7.860527e-023 6.805767e-027 1.142705e-030 2.263541e-030 2.967661e-025 
2.831983e-025 9.918102e-029 8.371197e-033 3.403386e-036 5.720094e-026 
7.094707e-028 1.345212e-026 1.002257e-058 8.189605e-063 3.514977e-028 
2.556074e-030 1.609844e-033 1.654610e-032 1.819196e-064 6.774994e-029 
9.208998e-033 3.225227e-036 3.479572e-039 3.003204e-038 1.305856e-029 
2.307046e-035 4.374339e-034 3.259437e-066 1.290869e-068 8.024440e-032 
5.932011e-038 1.970752e-036 5.250848e-040 1.516417e-067 6.922787e-035 
1.525273e-040 6.759335e-039 2.365688e-042 2.439772e-041 5.972377e-038 
5.495238e-043 5.515524e-046 8.314197e-045 1.862197e-047 1.151484e-038 
2.892232e-074 5.495473e-073 1.176377e-075 8.138665e-075 9.995518e-047 
7.436674e-077 2.472951e-075 6.597670e-079 1.770152e-076 8.623261e-050 
2.679278e-079 2.252121e-082 3.041790e-081 1.051538e-082 1.662103e-050 
9.652874e-082 3.380714e-085 5.526682e-088 5.582760e-087 3.203646e-051 
5.080462e-113 9.653021e-112 3.416713e-115 2.307534e-117 2.780943e-059 
1.830384e-115 1.153862e-118 1.187352e-117 6.215063e-121 5.360170e-060 
6.594489e-118 2.309559e-121 2.495270e-124 2.155471e-123 1.033154e-060 
2.375856e-120 8.320757e-124 2.840983e-127 1.718755e-129 1.991368e-061 
8.559709e-123 2.997794e-126 1.023479e-129 5.166626e-133 3.838293e-062 
3.083884e-125 1.080042e-128 3.687379e-132 1.857971e-135 7.398175e-063 
1.111058e-127 3.891165e-131 1.328485e-134 6.693876e-138 1.425972e-063 
4.002910e-130 1.401905e-133 4.786254e-137 2.411663e-140 2.748512e-064 
1.442165e-132 5.050770e-136 1.724387e-139 8.688716e-143 5.297660e-065 
5.195816e-135 1.819686e-138 6.212603e-142 3.130362e-145 1.021105e-065 
8.996968e-138 7.789780e-142 1.910719e-145 2.706621e-149 2.073112e-066 
1.557897e-140 1.348847e-144 8.179416e-149 8.323378e-153 4.208960e-067 
2.697622e-143 2.335636e-147 1.416296e-151 3.563031e-156 8.545291e-068 
9.718965e-146 3.403752e-149 2.872846e-153 2.570672e-157 1.647075e-068 
3.501539e-148 1.226314e-151 4.186642e-155 5.214515e-159 3.174679e-069 
6.063193e-151 5.249650e-155 1.287662e-158 1.823754e-162 6.445430e-070 
2.184441e-153 7.650297e-157 6.457187e-161 2.337281e-164 1.242334e-070 
7.870083e-156 2.756272e-159 9.409924e-163 1.172150e-166 2.394556e-071 
1.362767e-158 1.179915e-162 2.894158e-166 4.099082e-170 4.861575e-072 
2.359740e-161 2.043094e-165 1.238933e-169 1.260739e-173 9.870272e-073 
5.098656e-165 7.006380e-168 2.064610e-195 4.497424e-180 1.730931e-076 
8.828729e-168 7.644443e-172 7.356699e-175 6.338666e-188 3.514243e-077 
1.528765e-170 1.323624e-174 8.027235e-179 3.204542e-182 7.134834e-078 
5.507818e-173 1.928935e-176 1.628065e-180 1.457173e-184 1.375214e-078 
1.984351e-175 6.949623e-179 2.372604e-182 2.955109e-186 2.650677e-079 
3.436062e-178 2.975020e-182 7.297288e-186 1.033536e-189 5.381570e-080 
5.949814e-181 5.151427e-185 3.123828e-189 3.178808e-193 1.092600e-080 
1.030258e-183 8.920105e-188 5.409022e-192 1.360769e-196 2.218263e-081 
1.783973e-186 1.544587e-190 9.366152e-195 2.356163e-199 4.503656e-082 
3.089091e-189 2.674575e-193 1.621824e-197 4.079883e-202 9.143602e-083 
5.349006e-192 4.631240e-196 2.808317e-200 7.064642e-205 1.856391e-083 
9.262230e-195 8.019360e-199 4.862823e-203 1.223299e-207 3.768960e-084 
1.603829e-197 1.388616e-201 8.420365e-206 2.118239e-210 7.651975e-085 
2.777157e-200 2.404499e-204 1.458053e-208 3.667900e-213 1.553551e-085 
1.000551e-202 3.504107e-206 2.957547e-210 2.646464e-214 2.994416e-086 



P(O|lamda) = 2.248187e-096

1.731580e-003 0.000000e+000 0.000000e+000 0.000000e+000 0.000000e+000 
2.998369e-007 1.229692e-011 0.000000e+000 0.000000e+000 0.000000e+000 
2.317731e-010 2.840572e-037 2.209603e-023 0.000000e+000 0.000000e+000 
8.350298e-014 1.385247e-017 1.132422e-031 1.985270e-030 0.000000e+000 
3.008437e-017 4.990828e-021 8.164300e-025 3.886411e-038 4.745198e-032 
5.209350e-021 2.136492e-025 2.511046e-029 1.760427e-033 2.961315e-033 
1.310803e-024 2.461427e-022 1.031942e-026 5.775478e-032 7.589111e-035 
2.269760e-028 1.646863e-031 1.238410e-030 2.225128e-035 3.075670e-033 
3.930270e-032 1.611988e-036 1.370382e-039 2.670329e-039 1.931250e-034 
1.415994e-035 2.349028e-039 9.501356e-044 1.617148e-046 5.417835e-036 
3.938652e-037 3.855100e-036 8.644454e-040 2.185910e-044 1.323696e-036 
1.419014e-040 4.402111e-044 2.272144e-043 7.766844e-047 3.713391e-038 
5.112408e-044 8.481306e-048 3.758968e-051 2.041573e-050 1.041725e-039 
1.422040e-045 1.391874e-044 3.121241e-048 1.619816e-051 2.545162e-040 
1.042805e-048 5.983449e-048 8.005930e-052 7.179589e-051 1.266455e-041 
7.647059e-052 3.543068e-051 3.441598e-055 4.497442e-054 6.301791e-043 
2.755075e-055 6.452757e-059 2.088213e-058 9.591543e-062 1.767853e-044 
7.826916e-057 7.438857e-056 1.901777e-059 4.803245e-059 4.853139e-045 
5.739605e-060 3.248889e-059 4.278774e-063 6.151099e-062 2.414888e-046 
2.067859e-063 5.156435e-067 1.914836e-066 1.273346e-069 6.774532e-048 
7.450063e-067 1.235933e-070 4.020427e-074 1.720613e-073 1.900472e-049 
2.116495e-068 2.011547e-067 2.842726e-071 1.561216e-074 5.217207e-050 
7.625287e-072 2.333639e-075 1.185570e-074 2.554339e-078 1.463593e-051 
2.747231e-075 4.557558e-079 1.982993e-082 1.065240e-081 4.105845e-053 
9.897696e-079 1.641972e-082 2.686213e-086 3.321070e-089 1.151821e-054 
3.565932e-082 5.915681e-086 9.677511e-090 2.413971e-093 3.231224e-056 
1.284730e-085 2.131296e-089 3.486604e-093 8.695336e-097 9.064614e-058 
4.628614e-089 7.678610e-093 1.256150e-096 3.132747e-100 2.542913e-059 
1.667592e-092 2.766442e-096 4.525645e-100 1.128663e-103 7.133683e-061 
6.007985e-096 9.966910e-100 1.630495e-103 4.066335e-107 2.001226e-062 
2.164551e-099 3.590868e-103 5.874331e-107 1.465015e-110 5.614077e-064 
3.748093e-103 1.537192e-107 1.806681e-111 1.266703e-115 3.503550e-065 
6.490123e-107 2.661741e-111 7.734076e-116 3.895700e-120 2.186444e-066 
1.123817e-110 4.609018e-115 1.339192e-119 1.667674e-124 1.364483e-067 
4.048876e-114 6.716782e-118 2.716447e-122 1.203231e-126 3.827811e-069 
1.458725e-117 2.419943e-121 3.958718e-125 2.440673e-129 1.073823e-070 
2.525899e-121 1.035938e-125 1.217551e-129 8.536069e-134 6.701356e-072 
9.100283e-125 1.509669e-128 6.105621e-133 1.093950e-136 1.879944e-073 
3.278641e-128 5.439081e-132 8.897643e-136 5.485897e-140 5.273843e-075 
5.677229e-132 2.328382e-136 2.736576e-140 1.918573e-144 3.291222e-076 
9.830576e-136 4.031734e-140 1.171479e-144 5.900809e-149 2.053937e-077 
1.149024e-137 1.327133e-136 1.854602e-141 5.388847e-146 1.821193e-078 
1.989627e-141 1.653739e-145 6.677144e-145 3.999005e-150 1.136543e-079 
3.445199e-145 1.412957e-149 1.124163e-153 1.439761e-153 7.092770e-081 
1.241233e-148 2.059113e-152 8.327672e-157 1.218093e-160 1.989748e-082 
4.471901e-152 7.418633e-156 1.213594e-159 7.482368e-164 5.581879e-084 
7.743455e-156 3.175795e-160 3.732553e-164 2.616838e-168 3.483456e-085 
1.340841e-159 5.499083e-164 1.597838e-168 8.048408e-173 2.173904e-086 
2.321774e-163 9.522102e-168 2.766733e-172 3.445367e-177 1.356658e-087 
4.020337e-167 1.648828e-171 4.790820e-176 5.965780e-181 8.466429e-089 
6.961535e-171 2.855078e-175 8.295688e-180 1.033023e-184 5.283604e-090 
1.205445e-174 4.943796e-179 1.436465e-183 1.788761e-188 3.297313e-091 
2.087325e-178 8.560578e-183 2.487353e-187 3.097383e-192 2.057738e-092 
3.614371e-182 1.482333e-186 4.307052e-191 5.363367e-196 1.284163e-093 
6.258572e-186 2.566777e-190 7.458004e-195 9.287098e-200 8.014014e-095 
2.254832e-189 3.740598e-193 1.512798e-197 6.700832e-202 2.248187e-096 



P(O|lamda) = 2.764210e-070

8.657898e-005 0.000000e+000 0.000000e+000 0.000000e+000 0.000000e+000 
1.511727e-091 4.328949e-006 0.000000e+000 0.000000e+000 0.000000e+000 
1.178337e-177 1.136193e-037 4.122081e-019 0.000000e+000 0.000000e+000 
4.280821e-264 9.406688e-048 3.292178e-029 1.962628e-027 0.000000e+000 
0.000000e+000 7.787920e-058 2.629361e-039 1.462629e-036 2.593738e-028 
0.000000e+000 9.709223e-061 3.278033e-042 1.009330e-038 9.215210e-029 
0.000000e+000 6.354872e-065 2.145548e-046 1.723177e-043 1.092165e-030 
0.000000e+000 7.922637e-068 2.674861e-049 1.184487e-045 3.880317e-031 
0.000000e+000 9.877176e-071 3.334757e-052 8.083128e-048 1.378625e-031 
0.000000e+000 8.177443e-081 2.663368e-062 5.379885e-057 2.109371e-032 
0.000000e+000 3.083940e-084 1.328171e-065 9.163816e-060 7.946195e-034 
0.000000e+000 2.553234e-094 1.060769e-075 6.097422e-069 1.215811e-034 
0.000000e+000 2.113856e-104 8.472038e-086 4.057067e-078 1.860256e-035 
0.000000e+000 7.971934e-108 4.224846e-089 6.910352e-081 7.007756e-037 
0.000000e+000 2.484704e-113 3.292984e-099 1.177053e-085 1.248651e-038 
0.000000e+000 7.744363e-119 2.566661e-109 2.004897e-090 2.224863e-040 
0.000000e+000 6.411659e-129 2.049913e-119 1.334005e-099 3.404160e-041 
0.000000e+000 2.398030e-132 6.389080e-123 2.272194e-102 4.672577e-043 
0.000000e+000 7.474217e-138 4.979860e-133 3.870271e-107 8.325659e-045 
0.000000e+000 6.188001e-148 3.979595e-143 2.575175e-116 1.273871e-045 
0.000000e+000 5.123127e-158 3.180312e-153 1.713453e-125 1.949091e-046 
0.000000e+000 1.916105e-161 9.918506e-157 2.918503e-128 2.675338e-048 
0.000000e+000 1.586369e-171 7.927589e-167 1.941894e-137 4.093412e-049 
0.000000e+000 1.313375e-181 6.336475e-177 1.292084e-146 6.263141e-050 
0.000000e+000 1.087360e-191 5.064849e-187 8.597185e-156 9.582944e-051 
0.000000e+000 9.002398e-202 4.048534e-197 5.720337e-165 1.466242e-051 
0.000000e+000 7.453203e-212 3.236251e-207 3.806160e-174 2.243430e-052 
0.000000e+000 6.170604e-222 2.587021e-217 2.532517e-183 3.432569e-053 
0.000000e+000 5.108723e-232 2.068101e-227 1.685069e-192 5.252015e-054 
0.000000e+000 4.229578e-242 1.653324e-237 1.121200e-201 8.035867e-055 
0.000000e+000 3.501723e-252 1.321780e-247 7.460167e-211 1.229531e-055 
0.000000e+000 4.365609e-255 1.649574e-250 5.082724e-213 4.368361e-056 
0.000000e+000 5.442617e-258 2.058658e-253 3.462936e-215 1.552021e-056 
0.000000e+000 6.785327e-261 2.569188e-256 2.359350e-217 5.514126e-057 
0.000000e+000 5.617661e-271 2.054050e-266 1.569849e-226 8.436911e-058 
0.000000e+000 4.650935e-281 1.642261e-276 1.044535e-235 1.290893e-058 
0.000000e+000 5.798334e-284 2.049679e-279 7.116577e-238 4.586372e-059 
0.000000e+000 4.800516e-294 1.638827e-289 4.735180e-247 7.017397e-060 
0.000000e+000 3.974410e-304 1.310379e-299 3.150663e-256 1.073700e-060 
0.000000e+000 4.954909e-307 1.635592e-302 2.146594e-258 3.814713e-061 
0.000000e+000 6.177300e-310 2.041513e-305 1.462506e-260 1.355317e-061 
0.000000e+000 1.155189e-313 1.274086e-309 4.982138e-264 6.777679e-063 
0.000000e+000 1.440177e-316 1.594039e-312 3.394405e-266 2.408020e-063 
0.000000e+000 1.795484e-319 1.994314e-315 2.312659e-268 8.555376e-064 
0.000000e+000 0.000000e+000 0.000000e+000 1.538782e-277 1.309019e-064 
0.000000e+000 0.000000e+000 0.000000e+000 1.023864e-286 2.002869e-065 
0.000000e+000 0.000000e+000 0.000000e+000 6.975741e-289 7.115931e-066 
0.000000e+000 0.000000e+000 0.000000e+000 4.752677e-291 2.528196e-066 
0.000000e+000 0.000000e+000 0.000000e+000 3.238070e-293 8.982347e-067 
0.000000e+000 0.000000e+000 0.000000e+000 2.206146e-295 3.191309e-067 
0.000000e+000 0.000000e+000 0.000000e+000 1.503080e-297 1.133830e-067 
0.000000e+000 0.000000e+000 0.000000e+000 1.024071e-299 4.028349e-068 
0.000000e+000 0.000000e+000 0.000000e+000 6.977150e-302 1.431219e-068 
0.000000e+000 0.000000e+000 0.000000e+000 4.753637e-304 5.084933e-069 
0.000000e+000 0.000000e+000 0.000000e+000 3.238724e-306 1.806609e-069 
0.000000e+000 0.000000e+000 0.000000e+000 2.154961e-315 2.764210e-070 



Max probability = 2.764210e-070

Utterance recognised as 9