23	29	5	29	5	23	21	5	21	21	21	5	21	5	5	9	23	9	9	9	5	7	14	9	7	9	25	10	3	10	2	19	3	2	10	10	12	10	18	12	12	12	28	26	28	6	26	28	28	12	12	
Iteraion 1
-----------------

P(O|lamda) = 1.727234e-077

3.125000e-002 0.000000e+000 0.000000e+000 0.000000e+000 0.000000e+000 
7.812500e-004 1.953125e-004 0.000000e+000 0.000000e+000 0.000000e+000 
1.953125e-005 9.765625e-006 1.220703e-006 0.000000e+000 0.000000e+000 
4.882813e-007 3.662109e-007 9.155273e-008 7.629395e-009 0.000000e+000 
1.220703e-008 1.220703e-008 4.577637e-009 7.629395e-010 4.768372e-011 
3.051758e-010 3.814697e-010 1.907349e-010 4.768372e-011 6.258488e-012 
7.629395e-012 1.144409e-011 7.152557e-012 2.384186e-012 4.936010e-013 
1.907349e-013 3.337860e-013 2.503395e-013 1.043081e-013 3.032619e-014 
4.768372e-015 9.536743e-015 8.344650e-015 4.172325e-015 1.599619e-015 
1.192093e-016 2.682209e-016 2.682209e-016 1.564622e-016 7.606513e-017 
2.980232e-018 7.450581e-018 8.381903e-018 5.587935e-018 3.354924e-018 
7.450581e-020 2.048910e-019 2.561137e-019 1.920853e-019 1.397660e-019 
1.862645e-021 5.587935e-021 7.683411e-021 6.402843e-021 5.568220e-021 
4.656613e-023 1.513399e-022 2.270099e-022 2.080924e-022 2.140246e-022 
1.164153e-024 4.074536e-024 6.621121e-024 6.621121e-024 7.988847e-024 
2.910383e-026 1.091394e-025 1.909939e-025 2.069100e-025 2.910335e-025 
7.275958e-028 2.910383e-027 5.456968e-027 6.366463e-027 1.038798e-026 
1.818989e-029 7.730705e-029 1.546141e-028 1.932676e-028 3.644149e-028 
4.547474e-031 2.046363e-030 4.348522e-030 5.798029e-030 1.259589e-029 
1.136868e-032 5.400125e-032 1.215028e-031 1.721290e-031 4.298592e-031 
2.842171e-034 1.421085e-033 3.375078e-033 5.062617e-033 1.450891e-032 
7.105427e-036 3.730349e-035 9.325873e-035 1.476597e-034 4.850447e-034 
1.776357e-037 9.769963e-037 2.564615e-036 4.274359e-036 1.608052e-035 
4.440892e-039 2.553513e-038 7.022161e-038 1.228878e-037 5.292309e-037 
1.110223e-040 6.661338e-040 1.915135e-039 3.511080e-039 1.730652e-038 
2.775558e-042 1.734723e-041 5.204170e-041 9.974660e-041 5.627729e-040 
6.938894e-044 4.510281e-043 1.409463e-042 2.818926e-042 1.821007e-041 
1.734723e-045 1.170938e-044 3.805550e-044 7.928228e-044 5.866829e-043 
4.336809e-047 3.035766e-046 1.024571e-045 2.219904e-045 1.882936e-044 
1.084202e-048 7.860466e-048 2.751163e-047 6.190117e-047 6.022918e-046 
2.710505e-050 2.032879e-049 7.369187e-049 1.719477e-048 1.920850e-047 
6.776264e-052 5.251604e-051 1.969352e-050 4.759266e-050 6.110124e-049 
1.694066e-053 1.355253e-052 5.251604e-052 1.312901e-051 1.939159e-050 
4.235165e-055 3.494011e-054 1.397604e-053 3.610478e-053 6.141928e-052 
1.058791e-056 8.999725e-056 3.712387e-055 9.899698e-055 1.941918e-053 
2.646978e-058 2.316106e-057 9.843449e-057 2.706949e-056 6.130367e-055 
6.617445e-060 5.955700e-059 2.605619e-058 7.382587e-058 1.932658e-056 
1.654361e-061 1.530284e-060 6.886279e-060 2.008498e-059 6.085698e-058 
4.135903e-063 3.929108e-062 1.817212e-061 5.451637e-061 1.914334e-059 
1.033976e-064 1.008126e-063 4.788600e-063 1.476485e-062 6.016366e-061 
2.584939e-066 2.584939e-065 1.260158e-064 3.990500e-064 1.889342e-062 
6.462349e-068 6.623907e-067 3.311954e-066 1.076385e-065 5.929135e-064 
1.615587e-069 1.696366e-068 8.693878e-068 2.897959e-067 1.859582e-065 
4.038968e-071 4.341890e-070 2.279492e-069 7.788266e-069 5.829306e-067 
1.009742e-072 1.110716e-071 5.970099e-071 2.089535e-070 1.826526e-068 
2.524355e-074 2.839899e-073 1.561945e-072 5.596968e-072 5.720953e-070 
6.310887e-076 7.257520e-075 4.082355e-074 1.496864e-073 1.791296e-071 
1.577722e-077 1.853823e-076 1.065948e-075 3.997306e-075 5.607155e-073 
3.944305e-079 4.733165e-078 2.780735e-077 1.065948e-076 1.754734e-074 
9.860761e-081 1.207943e-079 7.247660e-079 2.838667e-078 5.490207e-076 
2.465190e-082 3.081488e-081 1.887411e-080 7.549645e-080 1.717464e-077 


5.527148e-076 5.527148e-076 5.527148e-076 5.527148e-076 5.527148e-076 
1.768687e-074 1.768687e-074 1.768687e-074 1.768687e-074 1.768687e-074 
5.659799e-073 5.659799e-073 5.659799e-073 5.659799e-073 5.659799e-073 
1.811136e-071 1.811136e-071 1.811136e-071 1.811136e-071 1.811136e-071 
5.795635e-070 5.795635e-070 5.795635e-070 5.795635e-070 5.795635e-070 
1.854603e-068 1.854603e-068 1.854603e-068 1.854603e-068 1.854603e-068 
5.934730e-067 5.934730e-067 5.934730e-067 5.934730e-067 5.934730e-067 
1.899114e-065 1.899114e-065 1.899114e-065 1.899114e-065 1.899114e-065 
6.077163e-064 6.077163e-064 6.077163e-064 6.077163e-064 6.077163e-064 
1.944692e-062 1.944692e-062 1.944692e-062 1.944692e-062 1.944692e-062 
6.223015e-061 6.223015e-061 6.223015e-061 6.223015e-061 6.223015e-061 
1.991365e-059 1.991365e-059 1.991365e-059 1.991365e-059 1.991365e-059 
6.372368e-058 6.372368e-058 6.372368e-058 6.372368e-058 6.372368e-058 
2.039158e-056 2.039158e-056 2.039158e-056 2.039158e-056 2.039158e-056 
6.525304e-055 6.525304e-055 6.525304e-055 6.525304e-055 6.525304e-055 
2.088097e-053 2.088097e-053 2.088097e-053 2.088097e-053 2.088097e-053 
6.681912e-052 6.681912e-052 6.681912e-052 6.681912e-052 6.681912e-052 
2.138212e-050 2.138212e-050 2.138212e-050 2.138212e-050 2.138212e-050 
6.842278e-049 6.842278e-049 6.842278e-049 6.842278e-049 6.842278e-049 
2.189529e-047 2.189529e-047 2.189529e-047 2.189529e-047 2.189529e-047 
7.006492e-046 7.006492e-046 7.006492e-046 7.006492e-046 7.006492e-046 
2.242078e-044 2.242078e-044 2.242078e-044 2.242078e-044 2.242078e-044 
7.174648e-043 7.174648e-043 7.174648e-043 7.174648e-043 7.174648e-043 
2.295887e-041 2.295887e-041 2.295887e-041 2.295887e-041 2.295887e-041 
7.346840e-040 7.346840e-040 7.346840e-040 7.346840e-040 7.346840e-040 
2.350989e-038 2.350989e-038 2.350989e-038 2.350989e-038 2.350989e-038 
7.523164e-037 7.523164e-037 7.523164e-037 7.523164e-037 7.523164e-037 
2.407412e-035 2.407412e-035 2.407412e-035 2.407412e-035 2.407412e-035 
7.703720e-034 7.703720e-034 7.703720e-034 7.703720e-034 7.703720e-034 
2.465190e-032 2.465190e-032 2.465190e-032 2.465190e-032 2.465190e-032 
7.888609e-031 7.888609e-031 7.888609e-031 7.888609e-031 7.888609e-031 
2.524355e-029 2.524355e-029 2.524355e-029 2.524355e-029 2.524355e-029 
8.077936e-028 8.077936e-028 8.077936e-028 8.077936e-028 8.077936e-028 
2.584939e-026 2.584939e-026 2.584939e-026 2.584939e-026 2.584939e-026 
8.271806e-025 8.271806e-025 8.271806e-025 8.271806e-025 8.271806e-025 
2.646978e-023 2.646978e-023 2.646978e-023 2.646978e-023 2.646978e-023 
8.470329e-022 8.470329e-022 8.470329e-022 8.470329e-022 8.470329e-022 
2.710505e-020 2.710505e-020 2.710505e-020 2.710505e-020 2.710505e-020 
8.673617e-019 8.673617e-019 8.673617e-019 8.673617e-019 8.673617e-019 
2.775558e-017 2.775558e-017 2.775558e-017 2.775558e-017 2.775558e-017 
8.881784e-016 8.881784e-016 8.881784e-016 8.881784e-016 8.881784e-016 
2.842171e-014 2.842171e-014 2.842171e-014 2.842171e-014 2.842171e-014 
9.094947e-013 9.094947e-013 9.094947e-013 9.094947e-013 9.094947e-013 
2.910383e-011 2.910383e-011 2.910383e-011 2.910383e-011 2.910383e-011 
9.313226e-010 9.313226e-010 9.313226e-010 9.313226e-010 9.313226e-010 
2.980232e-008 2.980232e-008 2.980232e-008 2.980232e-008 2.980232e-008 
9.536743e-007 9.536743e-007 9.536743e-007 9.536743e-007 9.536743e-007 
3.051758e-005 3.051758e-005 3.051758e-005 3.051758e-005 3.051758e-005 
9.765625e-004 9.765625e-004 9.765625e-004 9.765625e-004 9.765625e-004 
3.125000e-002 3.125000e-002 3.125000e-002 3.125000e-002 3.125000e-002 
1.000000e+000 1.000000e+000 1.000000e+000 1.000000e+000 1.000000e+000 


1.000000e+000 0.000000e+000 0.000000e+000 0.000000e+000 0.000000e+000 
8.000000e-001 2.000000e-001 0.000000e+000 0.000000e+000 0.000000e+000 
6.400000e-001 3.200000e-001 4.000000e-002 0.000000e+000 0.000000e+000 
5.120000e-001 3.840000e-001 9.600000e-002 8.000000e-003 0.000000e+000 
4.096000e-001 4.096000e-001 1.536000e-001 2.560000e-002 1.600000e-003 
3.276800e-001 4.096000e-001 2.048000e-001 5.120000e-002 6.720000e-003 
2.621440e-001 3.932160e-001 2.457600e-001 8.192000e-002 1.696000e-002 
2.097152e-001 3.670016e-001 2.752512e-001 1.146880e-001 3.334400e-002 
1.677722e-001 3.355443e-001 2.936013e-001 1.468006e-001 5.628160e-002 
1.342177e-001 3.019899e-001 3.019899e-001 1.761608e-001 8.564173e-002 
1.073742e-001 2.684355e-001 3.019899e-001 2.013266e-001 1.208739e-001 
8.589935e-002 2.362232e-001 2.952790e-001 2.214593e-001 1.611392e-001 
6.871948e-002 2.061584e-001 2.834678e-001 2.362232e-001 2.054311e-001 
5.497558e-002 1.786706e-001 2.680060e-001 2.456721e-001 2.526757e-001 
4.398047e-002 1.539316e-001 2.501389e-001 2.501389e-001 3.018101e-001 
3.518437e-002 1.319414e-001 2.308974e-001 2.501389e-001 3.518379e-001 
2.814750e-002 1.125900e-001 2.111062e-001 2.462906e-001 4.018657e-001 
2.251800e-002 9.570149e-002 1.914030e-001 2.392537e-001 4.511238e-001 
1.801440e-002 8.106479e-002 1.722627e-001 2.296836e-001 4.989745e-001 
1.441152e-002 6.845471e-002 1.540231e-001 2.181994e-001 5.449113e-001 
1.152922e-002 5.764608e-002 1.369094e-001 2.053641e-001 5.885511e-001 
9.223372e-003 4.842270e-002 1.210568e-001 1.916732e-001 6.296240e-001 
7.378698e-003 4.058284e-002 1.065299e-001 1.775499e-001 6.679586e-001 
5.902958e-003 3.394201e-002 9.334053e-002 1.633459e-001 7.034686e-001 
4.722366e-003 2.833420e-002 8.146082e-002 1.493448e-001 7.361378e-001 
3.777893e-003 2.361183e-002 7.083550e-002 1.357680e-001 7.660067e-001 
3.022315e-003 1.964504e-002 6.139076e-002 1.227815e-001 7.931603e-001 
2.417852e-003 1.632050e-002 5.304162e-002 1.105034e-001 8.177167e-001 
1.934281e-003 1.353997e-002 4.569740e-002 9.901102e-002 8.398173e-001 
1.547425e-003 1.121883e-002 3.926591e-002 8.834830e-002 8.596195e-001 
1.237940e-003 9.284550e-003 3.365649e-002 7.853182e-002 8.772892e-001 
9.903520e-004 7.675228e-003 2.878211e-002 6.955676e-002 8.929956e-001 
7.922816e-004 6.338253e-003 2.456073e-002 6.140183e-002 9.069069e-001 
6.338253e-004 5.229059e-003 2.091623e-002 5.403361e-002 9.191873e-001 
5.070602e-004 4.310012e-003 1.777880e-002 4.741013e-002 9.299940e-001 
4.056482e-004 3.549422e-003 1.508504e-002 4.148387e-002 9.394760e-001 
3.245186e-004 2.920667e-003 1.277792e-002 3.620410e-002 9.477728e-001 
2.596148e-004 2.401437e-003 1.080647e-002 3.151886e-002 9.550136e-001 
2.076919e-004 1.973073e-003 9.125462e-003 2.737639e-002 9.613174e-001 
1.661535e-004 1.619997e-003 7.694984e-003 2.372620e-002 9.667927e-001 
1.329228e-004 1.329228e-003 6.479986e-003 2.051996e-002 9.715379e-001 
1.063382e-004 1.089967e-003 5.449835e-003 1.771196e-002 9.756419e-001 
8.507059e-005 8.932412e-004 4.577861e-003 1.525954e-002 9.791843e-001 
6.805647e-005 7.316071e-004 3.840937e-003 1.312320e-002 9.822362e-001 
5.444518e-005 5.988970e-004 3.219071e-003 1.126675e-002 9.848608e-001 
4.355614e-005 4.900066e-004 2.695036e-003 9.657214e-003 9.871142e-001 
3.484491e-005 4.007165e-004 2.254030e-003 8.264778e-003 9.890456e-001 
2.787593e-005 3.275422e-004 1.883368e-003 7.062629e-003 9.906986e-001 
2.230075e-005 2.676089e-004 1.572203e-003 6.026776e-003 9.921111e-001 
1.784060e-005 2.185473e-004 1.311284e-003 5.135862e-003 9.933165e-001 
1.427248e-005 1.784060e-004 1.092737e-003 4.370946e-003 9.943436e-001 



Q star

------------
1  2  3  4  5  5  5  5  5  5  5  5  5  5  5  5  5  5  5  5  5  5  5  5  5  5  5  5  5  5  5  5  5  5  5  5  5  5  5  5  5  5  5  5  5  5  5  5  5  5  5  
------------

P star

-----------
2.763574e-080

A Martrix

8.000000e-001 2.000000e-001 0.000000e+000 0.000000e+000 0.000000e+000 
0.000000e+000 8.000000e-001 2.000000e-001 0.000000e+000 0.000000e+000 
0.000000e+000 0.000000e+000 8.000000e-001 2.000000e-001 0.000000e+000 
0.000000e+000 0.000000e+000 0.000000e+000 8.000000e-001 2.000000e-001 
0.000000e+000 0.000000e+000 0.000000e+000 0.000000e+000 1.000000e+000 

B Martrix

1.000000e-030 1.000000e-030 1.000000e-030 1.000000e-030 1.000000e-030 1.000000e-030 1.000000e-030 1.000000e-030 1.000000e-030 1.000000e-030 1.000000e-030 1.000000e-030 1.000000e-030 1.000000e-030 1.000000e-030 1.000000e-030 1.000000e-030 1.000000e-030 1.000000e-030 1.000000e-030 1.000000e-030 1.000000e-030 1.000000e+000 1.000000e-030 1.000000e-030 1.000000e-030 1.000000e-030 1.000000e-030 1.000000e-030 1.000000e-030 1.000000e-030 1.000000e-030 
1.000000e-030 1.000000e-030 1.000000e-030 1.000000e-030 1.000000e-030 1.000000e-030 1.000000e-030 1.000000e-030 1.000000e-030 1.000000e-030 1.000000e-030 1.000000e-030 1.000000e-030 1.000000e-030 1.000000e-030 1.000000e-030 1.000000e-030 1.000000e-030 1.000000e-030 1.000000e-030 1.000000e-030 1.000000e-030 1.000000e-030 1.000000e-030 1.000000e-030 1.000000e-030 1.000000e-030 1.000000e-030 1.000000e+000 1.000000e-030 1.000000e-030 1.000000e-030 
1.000000e-030 1.000000e-030 1.000000e-030 1.000000e-030 1.000000e+000 1.000000e-030 1.000000e-030 1.000000e-030 1.000000e-030 1.000000e-030 1.000000e-030 1.000000e-030 1.000000e-030 1.000000e-030 1.000000e-030 1.000000e-030 1.000000e-030 1.000000e-030 1.000000e-030 1.000000e-030 1.000000e-030 1.000000e-030 1.000000e-030 1.000000e-030 1.000000e-030 1.000000e-030 1.000000e-030 1.000000e-030 1.000000e-030 1.000000e-030 1.000000e-030 1.000000e-030 
1.000000e-030 1.000000e-030 1.000000e-030 1.000000e-030 1.000000e-030 1.000000e-030 1.000000e-030 1.000000e-030 1.000000e-030 1.000000e-030 1.000000e-030 1.000000e-030 1.000000e-030 1.000000e-030 1.000000e-030 1.000000e-030 1.000000e-030 1.000000e-030 1.000000e-030 1.000000e-030 1.000000e-030 1.000000e-030 1.000000e-030 1.000000e-030 1.000000e-030 1.000000e-030 1.000000e-030 1.000000e-030 1.000000e+000 1.000000e-030 1.000000e-030 1.000000e-030 
1.000000e-030 5.789466e-002 5.629131e-002 1.000000e-030 4.315554e-002 3.181152e-002 4.401411e-002 1.000000e-030 1.068744e-001 1.450792e-001 1.000000e-030 1.885075e-001 1.000000e-030 2.152616e-002 1.000000e-030 1.000000e-030 1.000000e-030 3.098017e-002 2.877838e-002 1.000000e-030 1.563606e-002 1.000000e-030 1.316740e-002 1.000000e-030 2.556101e-002 6.352808e-002 1.000000e-030 1.271944e-001 1.000000e-030 1.000000e-030 1.000000e-030 1.000000e-030 
Iteraion 2
-----------------

P(O|lamda) = 2.441425e-060

1.000000e+000 0.000000e+000 0.000000e+000 0.000000e+000 0.000000e+000 
8.000000e-031 2.000000e-001 0.000000e+000 0.000000e+000 0.000000e+000 
6.400000e-061 1.600000e-031 4.000000e-002 0.000000e+000 0.000000e+000 
5.120000e-091 1.280000e-031 3.200000e-032 8.000000e-003 0.000000e+000 
4.096000e-121 1.024000e-061 5.120000e-032 6.400000e-033 6.904886e-005 
3.276800e-121 8.192000e-092 4.096000e-062 1.536000e-062 9.091942e-007 
2.621440e-151 6.553600e-122 3.276800e-092 2.048000e-092 1.421621e-008 
2.097152e-181 5.242880e-152 2.621440e-092 2.293760e-122 6.135084e-010 
1.677722e-211 4.194304e-182 2.097152e-122 5.242880e-123 9.592853e-012 
1.342177e-241 3.355443e-212 1.677722e-152 8.388608e-153 1.499944e-013 
1.073742e-271 2.684355e-242 1.342177e-182 1.006633e-182 2.345321e-015 
8.589935e-302 2.147484e-272 1.073742e-182 1.073742e-212 1.012136e-016 
0.000000e+000 1.717987e-302 8.589935e-213 2.147484e-213 1.582582e-018 
0.000000e+000 0.000000e+000 6.871948e-213 3.435974e-243 6.829717e-020 
0.000000e+000 0.000000e+000 5.497558e-213 1.374390e-243 2.947401e-021 
0.000000e+000 0.000000e+000 4.398047e-243 1.099512e-243 3.150018e-022 
0.000000e+000 0.000000e+000 3.518437e-273 1.759219e-273 4.147756e-024 
0.000000e+000 0.000000e+000 2.814750e-303 2.111062e-303 4.432891e-025 
0.000000e+000 0.000000e+000 0.000000e+000 0.000000e+000 4.737627e-026 
0.000000e+000 0.000000e+000 0.000000e+000 0.000000e+000 5.063311e-027 
0.000000e+000 0.000000e+000 0.000000e+000 0.000000e+000 2.185099e-028 
0.000000e+000 0.000000e+000 0.000000e+000 0.000000e+000 9.617521e-030 
0.000000e+000 0.000000e+000 0.000000e+000 0.000000e+000 2.070283e-031 
0.000000e+000 0.000000e+000 0.000000e+000 0.000000e+000 2.212603e-032 
0.000000e+000 0.000000e+000 0.000000e+000 0.000000e+000 9.738575e-034 
0.000000e+000 0.000000e+000 0.000000e+000 0.000000e+000 1.040805e-034 
0.000000e+000 0.000000e+000 0.000000e+000 0.000000e+000 2.660402e-036 
0.000000e+000 0.000000e+000 0.000000e+000 0.000000e+000 3.859689e-037 
0.000000e+000 0.000000e+000 0.000000e+000 0.000000e+000 2.172670e-038 
0.000000e+000 0.000000e+000 0.000000e+000 0.000000e+000 3.152091e-039 
0.000000e+000 0.000000e+000 0.000000e+000 0.000000e+000 1.824893e-040 
0.000000e+000 0.000000e+000 0.000000e+000 0.000000e+000 5.251745e-042 
0.000000e+000 0.000000e+000 0.000000e+000 0.000000e+000 2.956276e-043 
0.000000e+000 0.000000e+000 0.000000e+000 0.000000e+000 1.711526e-044 
0.000000e+000 0.000000e+000 0.000000e+000 0.000000e+000 2.483068e-045 
0.000000e+000 0.000000e+000 0.000000e+000 0.000000e+000 3.602415e-046 
0.000000e+000 0.000000e+000 0.000000e+000 0.000000e+000 6.790824e-047 
0.000000e+000 0.000000e+000 0.000000e+000 0.000000e+000 9.852072e-048 
0.000000e+000 0.000000e+000 0.000000e+000 0.000000e+000 3.052189e-049 
0.000000e+000 0.000000e+000 0.000000e+000 0.000000e+000 5.753606e-050 
0.000000e+000 0.000000e+000 0.000000e+000 0.000000e+000 1.084598e-050 
0.000000e+000 0.000000e+000 0.000000e+000 0.000000e+000 2.044549e-051 
0.000000e+000 0.000000e+000 0.000000e+000 0.000000e+000 2.600553e-052 
0.000000e+000 0.000000e+000 0.000000e+000 0.000000e+000 1.652081e-053 
0.000000e+000 0.000000e+000 0.000000e+000 0.000000e+000 2.101356e-054 
0.000000e+000 0.000000e+000 0.000000e+000 0.000000e+000 6.684732e-056 
0.000000e+000 0.000000e+000 0.000000e+000 0.000000e+000 4.246682e-057 
0.000000e+000 0.000000e+000 0.000000e+000 0.000000e+000 5.401543e-058 
0.000000e+000 0.000000e+000 0.000000e+000 0.000000e+000 6.870463e-059 
0.000000e+000 0.000000e+000 0.000000e+000 0.000000e+000 1.295134e-059 
0.000000e+000 0.000000e+000 0.000000e+000 0.000000e+000 2.441425e-060 


2.441425e-060 9.765701e-060 8.075964e-089 1.667873e-088 6.585064e-119 
6.874273e-117 1.220713e-059 4.882851e-059 2.084842e-088 6.585064e-089 
4.296420e-087 1.718568e-086 6.103563e-059 2.441425e-058 1.525891e-087 
2.608875e-142 2.148210e-086 8.734272e-086 3.051782e-058 1.525891e-057 
3.257659e-112 1.373882e-114 1.074105e-085 7.071587e-057 3.535794e-056 
4.072074e-112 3.289495e-111 6.869411e-084 5.370525e-055 2.685263e-054 
2.604284e-140 2.036037e-081 8.303326e-081 3.434705e-053 1.717353e-052 
1.665563e-138 1.302142e-109 1.018018e-080 7.958898e-052 3.979449e-051 
5.962505e-135 8.327815e-108 6.510710e-079 5.090092e-050 2.545046e-049 
2.468296e-105 1.993934e-104 4.163908e-077 3.255355e-048 1.627678e-047 
2.704756e-131 1.234148e-074 5.033078e-074 2.081954e-046 1.040977e-045 
1.124599e-101 9.025386e-101 6.170740e-074 4.824303e-045 2.412151e-044 
1.240082e-101 5.622993e-071 2.263496e-070 3.085370e-043 1.542685e-042 
9.417816e-130 6.200409e-071 2.811496e-070 7.149418e-042 3.574709e-041 
8.812039e-129 4.708908e-099 3.100205e-070 1.656663e-040 8.283315e-040 
6.996421e-127 4.406019e-098 2.354454e-068 1.550102e-039 7.750511e-039 
7.714873e-127 4.122613e-097 2.203010e-067 1.177227e-037 5.886135e-037 
9.926680e-124 3.857437e-096 2.061307e-066 1.101505e-036 5.507524e-036 
4.061630e-094 3.338688e-093 1.928718e-065 1.030653e-035 5.153267e-035 
1.886834e-122 2.030815e-063 8.570182e-063 9.643592e-035 4.821796e-034 
1.765468e-121 9.434171e-092 1.015407e-062 2.234613e-033 1.117306e-032 
4.011142e-120 8.827342e-091 4.717086e-061 5.077037e-032 2.538518e-031 
3.753135e-119 2.005571e-089 4.413671e-060 2.358543e-030 1.179271e-029 
1.468305e-117 1.876568e-088 1.002785e-058 2.206836e-029 1.103418e-028 
1.012071e-116 7.341524e-087 9.382838e-058 5.013927e-028 2.506964e-027 
1.797917e-115 5.060356e-086 3.670762e-056 4.691419e-027 2.345709e-026 
1.239266e-114 8.989587e-085 2.530178e-055 1.835381e-025 9.176905e-025 
2.140554e-113 6.196331e-084 4.494794e-054 1.265089e-024 6.325445e-024 
7.438062e-112 1.070277e-082 3.098166e-053 2.247397e-023 1.123698e-022 
1.321352e-110 3.719031e-081 5.351384e-052 1.549083e-022 7.745414e-022 
2.282338e-109 6.606759e-080 1.859516e-050 2.675692e-021 1.337846e-020 
1.573167e-108 1.141169e-078 3.303379e-049 9.297578e-020 4.648789e-019 
1.084351e-107 7.865835e-078 5.705844e-048 1.651690e-018 8.258449e-018 
5.752293e-107 5.421753e-077 3.932917e-047 2.852922e-017 1.426461e-016 
3.964933e-106 2.876146e-076 2.710876e-046 1.966459e-016 9.832293e-016 
1.279829e-104 1.982467e-075 1.438073e-045 1.355438e-015 6.777191e-015 
6.789274e-104 6.399147e-074 9.912333e-045 7.190366e-015 3.595183e-014 
3.601593e-103 3.394637e-073 3.199573e-043 4.956166e-014 2.478083e-013 
1.910583e-102 1.800796e-072 1.697318e-042 1.599787e-012 7.998933e-012 
1.502096e-101 9.552915e-072 9.003982e-042 8.486592e-012 4.243296e-011 
2.364460e-100 7.510481e-071 4.776457e-041 4.501991e-011 2.250995e-010 
1.858934e-099 1.182230e-069 3.755240e-040 2.388229e-010 1.194114e-009 
5.843586e-098 9.294668e-069 5.911151e-039 1.877620e-009 9.388101e-009 
9.198431e-097 2.921793e-067 4.647334e-038 2.955575e-008 1.477788e-007 
7.231786e-096 4.599215e-066 1.460897e-036 2.323667e-007 1.161833e-006 
5.685615e-095 3.615893e-065 2.299608e-035 7.304483e-006 3.652241e-005 
3.016121e-094 2.842807e-064 1.807947e-034 1.149804e-004 5.749019e-004 
1.000000e-090 1.508060e-063 1.421404e-033 9.039733e-004 4.519866e-003 
1.000000e-060 1.000000e-060 7.540302e-033 7.107018e-003 3.553509e-002 
1.000000e-030 1.000000e-030 1.000000e-030 3.770151e-002 1.885075e-001 
1.000000e+000 1.000000e+000 1.000000e+000 1.000000e+000 1.000000e+000 


1.000000e+000 0.000000e+000 0.000000e+000 0.000000e+000 0.000000e+000 
2.252544e-087 1.000000e+000 0.000000e+000 0.000000e+000 0.000000e+000 
1.126272e-087 1.126272e-057 1.000000e+000 0.000000e+000 0.000000e+000 
5.471165e-173 1.126272e-057 1.144810e-057 1.000000e+000 0.000000e+000 
5.465402e-173 5.762434e-116 2.252544e-057 1.853760e-029 1.000000e+000 
5.465402e-173 1.103763e-142 1.152487e-085 3.378816e-057 1.000000e+000 
2.796307e-231 5.465402e-143 1.114445e-112 2.881217e-085 1.000000e+000 
1.430697e-259 2.796307e-201 1.093080e-112 7.477518e-114 1.000000e+000 
4.097370e-286 1.430697e-229 5.592614e-141 1.093080e-112 1.000000e+000 
1.356949e-286 2.740421e-256 2.861393e-169 1.118523e-140 1.000000e+000 
0.000000e+000 1.356949e-256 2.766942e-196 8.584179e-169 1.000000e+000 
0.000000e+000 7.938751e-313 2.713899e-196 2.121734e-197 1.000000e+000 
0.000000e+000 3.956798e-313 7.963906e-223 2.713899e-196 1.000000e+000 
0.000000e+000 0.000000e+000 7.913597e-223 1.006183e-224 1.000000e+000 
0.000000e+000 0.000000e+000 6.980985e-223 9.326110e-224 1.000000e+000 
0.000000e+000 0.000000e+000 4.241374e-251 6.980985e-223 1.000000e+000 
0.000000e+000 0.000000e+000 3.174847e-280 8.482748e-251 1.000000e+000 
0.000000e+000 0.000000e+000 2.376506e-309 9.524540e-280 1.000000e+000 
0.000000e+000 0.000000e+000 0.000000e+000 0.000000e+000 1.000000e+000 
0.000000e+000 0.000000e+000 0.000000e+000 0.000000e+000 1.000000e+000 
0.000000e+000 0.000000e+000 0.000000e+000 0.000000e+000 1.000000e+000 
0.000000e+000 0.000000e+000 0.000000e+000 0.000000e+000 1.000000e+000 
0.000000e+000 0.000000e+000 0.000000e+000 0.000000e+000 1.000000e+000 
0.000000e+000 0.000000e+000 0.000000e+000 0.000000e+000 1.000000e+000 
0.000000e+000 0.000000e+000 0.000000e+000 0.000000e+000 1.000000e+000 
0.000000e+000 0.000000e+000 0.000000e+000 0.000000e+000 1.000000e+000 
0.000000e+000 0.000000e+000 0.000000e+000 0.000000e+000 1.000000e+000 
0.000000e+000 0.000000e+000 0.000000e+000 0.000000e+000 1.000000e+000 
0.000000e+000 0.000000e+000 0.000000e+000 0.000000e+000 1.000000e+000 
0.000000e+000 0.000000e+000 0.000000e+000 0.000000e+000 1.000000e+000 
0.000000e+000 0.000000e+000 0.000000e+000 0.000000e+000 1.000000e+000 
0.000000e+000 0.000000e+000 0.000000e+000 0.000000e+000 1.000000e+000 
0.000000e+000 0.000000e+000 0.000000e+000 0.000000e+000 1.000000e+000 
0.000000e+000 0.000000e+000 0.000000e+000 0.000000e+000 1.000000e+000 
0.000000e+000 0.000000e+000 0.000000e+000 0.000000e+000 1.000000e+000 
0.000000e+000 0.000000e+000 0.000000e+000 0.000000e+000 1.000000e+000 
0.000000e+000 0.000000e+000 0.000000e+000 0.000000e+000 1.000000e+000 
0.000000e+000 0.000000e+000 0.000000e+000 0.000000e+000 1.000000e+000 
0.000000e+000 0.000000e+000 0.000000e+000 0.000000e+000 1.000000e+000 
0.000000e+000 0.000000e+000 0.000000e+000 0.000000e+000 1.000000e+000 
0.000000e+000 0.000000e+000 0.000000e+000 0.000000e+000 1.000000e+000 
0.000000e+000 0.000000e+000 0.000000e+000 0.000000e+000 1.000000e+000 
0.000000e+000 0.000000e+000 0.000000e+000 0.000000e+000 1.000000e+000 
0.000000e+000 0.000000e+000 0.000000e+000 0.000000e+000 1.000000e+000 
0.000000e+000 0.000000e+000 0.000000e+000 0.000000e+000 1.000000e+000 
0.000000e+000 0.000000e+000 0.000000e+000 0.000000e+000 1.000000e+000 
0.000000e+000 0.000000e+000 0.000000e+000 0.000000e+000 1.000000e+000 
0.000000e+000 0.000000e+000 0.000000e+000 0.000000e+000 1.000000e+000 
0.000000e+000 0.000000e+000 0.000000e+000 0.000000e+000 1.000000e+000 
0.000000e+000 0.000000e+000 0.000000e+000 0.000000e+000 1.000000e+000 
0.000000e+000 0.000000e+000 0.000000e+000 0.000000e+000 1.000000e+000 



Q star

------------
1  2  3  4  5  5  5  5  5  5  5  5  5  5  5  5  5  5  5  5  5  5  5  5  5  5  5  5  5  5  5  5  5  5  5  5  5  5  5  5  5  5  5  5  5  5  5  5  5  5  5  
------------

P star

-----------
2.441425e-060

A Martrix

3.378816e-087 1.000000e+000 0.000000e+000 0.000000e+000 0.000000e+000 
0.000000e+000 2.252544e-057 1.000000e+000 0.000000e+000 0.000000e+000 
0.000000e+000 0.000000e+000 2.271082e-057 1.000000e+000 0.000000e+000 
0.000000e+000 0.000000e+000 0.000000e+000 1.853760e-029 1.000000e+000 
0.000000e+000 0.000000e+000 0.000000e+000 0.000000e+000 1.000000e+000 

B Martrix

1.000000e-030 1.000000e-030 1.000000e-030 1.000000e-030 1.000000e-030 1.000000e-030 1.000000e-030 1.000000e-030 1.000000e-030 1.000000e-030 1.000000e-030 1.000000e-030 1.000000e-030 1.000000e-030 1.000000e-030 1.000000e-030 1.000000e-030 1.000000e-030 1.000000e-030 1.000000e-030 1.000000e-030 1.000000e-030 1.000000e+000 1.000000e-030 1.000000e-030 1.000000e-030 1.000000e-030 1.000000e-030 1.000000e-030 1.000000e-030 1.000000e-030 1.000000e-030 
1.000000e-030 1.000000e-030 1.000000e-030 1.000000e-030 1.000000e-030 1.000000e-030 1.000000e-030 1.000000e-030 1.000000e-030 1.000000e-030 1.000000e-030 1.000000e-030 1.000000e-030 1.000000e-030 1.000000e-030 1.000000e-030 1.000000e-030 1.000000e-030 1.000000e-030 1.000000e-030 1.000000e-030 1.000000e-030 1.000000e-030 1.000000e-030 1.000000e-030 1.000000e-030 1.000000e-030 1.000000e-030 1.000000e+000 1.000000e-030 1.000000e-030 1.000000e-030 
1.000000e-030 1.000000e-030 1.000000e-030 1.000000e-030 1.000000e+000 1.000000e-030 1.000000e-030 1.000000e-030 1.000000e-030 1.000000e-030 1.000000e-030 1.000000e-030 1.000000e-030 1.000000e-030 1.000000e-030 1.000000e-030 1.000000e-030 1.000000e-030 1.000000e-030 1.000000e-030 1.000000e-030 1.000000e-030 1.000000e-030 1.000000e-030 1.000000e-030 1.000000e-030 1.000000e-030 1.000000e-030 1.000000e-030 1.000000e-030 1.000000e-030 1.000000e-030 
1.000000e-030 1.000000e-030 1.000000e-030 1.000000e-030 1.000000e-030 1.000000e-030 1.000000e-030 1.000000e-030 1.000000e-030 1.000000e-030 1.000000e-030 1.000000e-030 1.000000e-030 1.000000e-030 1.000000e-030 1.000000e-030 1.000000e-030 1.000000e-030 1.000000e-030 1.000000e-030 1.000000e-030 1.000000e-030 1.000000e-030 1.000000e-030 1.000000e-030 1.000000e-030 1.000000e-030 1.000000e-030 1.000000e+000 1.000000e-030 1.000000e-030 1.000000e-030 
1.000000e-030 4.255319e-002 4.255319e-002 1.000000e-030 1.276596e-001 2.127660e-002 4.255319e-002 1.000000e-030 1.276596e-001 1.063830e-001 1.000000e-030 1.276596e-001 1.000000e-030 2.127660e-002 1.000000e-030 1.000000e-030 1.000000e-030 2.127660e-002 2.127660e-002 1.000000e-030 1.063830e-001 1.000000e-030 4.255319e-002 1.000000e-030 2.127660e-002 4.255319e-002 1.000000e-030 8.510638e-002 1.000000e-030 1.000000e-030 1.000000e-030 1.000000e-030 
Iteraion 3
-----------------

P(O|lamda) = 6.704450e-053

1.000000e+000 0.000000e+000 0.000000e+000 0.000000e+000 0.000000e+000 
3.378816e-117 1.000000e+000 0.000000e+000 0.000000e+000 0.000000e+000 
1.141640e-233 2.252544e-087 1.000000e+000 0.000000e+000 0.000000e+000 
0.000000e+000 5.073955e-144 2.271082e-087 1.000000e+000 0.000000e+000 
0.000000e+000 1.142931e-230 1.023177e-143 1.853760e-059 1.276596e-001 
0.000000e+000 2.574501e-317 2.323718e-230 3.436425e-118 5.432322e-003 
0.000000e+000 0.000000e+000 5.277352e-317 6.370306e-177 5.779066e-004 
0.000000e+000 0.000000e+000 0.000000e+000 1.180902e-235 7.377531e-005 
0.000000e+000 0.000000e+000 0.000000e+000 2.189108e-294 7.848438e-006 
0.000000e+000 0.000000e+000 0.000000e+000 0.000000e+000 8.349402e-007 
0.000000e+000 0.000000e+000 0.000000e+000 0.000000e+000 8.882342e-008 
0.000000e+000 0.000000e+000 0.000000e+000 0.000000e+000 1.133916e-008 
0.000000e+000 0.000000e+000 0.000000e+000 0.000000e+000 1.206294e-009 
0.000000e+000 0.000000e+000 0.000000e+000 0.000000e+000 1.539949e-010 
0.000000e+000 0.000000e+000 0.000000e+000 0.000000e+000 1.965893e-011 
0.000000e+000 0.000000e+000 0.000000e+000 0.000000e+000 2.509650e-012 
0.000000e+000 0.000000e+000 0.000000e+000 0.000000e+000 1.067936e-013 
0.000000e+000 0.000000e+000 0.000000e+000 0.000000e+000 1.363323e-014 
0.000000e+000 0.000000e+000 0.000000e+000 0.000000e+000 1.740412e-015 
0.000000e+000 0.000000e+000 0.000000e+000 0.000000e+000 2.221803e-016 
0.000000e+000 0.000000e+000 0.000000e+000 0.000000e+000 2.836344e-017 
0.000000e+000 0.000000e+000 0.000000e+000 0.000000e+000 1.206955e-018 
0.000000e+000 0.000000e+000 0.000000e+000 0.000000e+000 2.567989e-020 
0.000000e+000 0.000000e+000 0.000000e+000 0.000000e+000 3.278284e-021 
0.000000e+000 0.000000e+000 0.000000e+000 0.000000e+000 1.395015e-022 
0.000000e+000 0.000000e+000 0.000000e+000 0.000000e+000 1.780870e-023 
0.000000e+000 0.000000e+000 0.000000e+000 0.000000e+000 3.789084e-025 
0.000000e+000 0.000000e+000 0.000000e+000 0.000000e+000 4.030941e-026 
0.000000e+000 0.000000e+000 0.000000e+000 0.000000e+000 1.715294e-027 
0.000000e+000 0.000000e+000 0.000000e+000 0.000000e+000 1.824781e-028 
0.000000e+000 0.000000e+000 0.000000e+000 0.000000e+000 7.765025e-030 
0.000000e+000 0.000000e+000 0.000000e+000 0.000000e+000 1.652133e-031 
0.000000e+000 0.000000e+000 0.000000e+000 0.000000e+000 7.030353e-033 
0.000000e+000 0.000000e+000 0.000000e+000 0.000000e+000 2.991640e-034 
0.000000e+000 0.000000e+000 0.000000e+000 0.000000e+000 3.182595e-035 
0.000000e+000 0.000000e+000 0.000000e+000 0.000000e+000 3.385740e-036 
0.000000e+000 0.000000e+000 0.000000e+000 0.000000e+000 4.322221e-037 
0.000000e+000 0.000000e+000 0.000000e+000 0.000000e+000 4.598107e-038 
0.000000e+000 0.000000e+000 0.000000e+000 0.000000e+000 9.783207e-040 
0.000000e+000 0.000000e+000 0.000000e+000 0.000000e+000 1.248920e-040 
0.000000e+000 0.000000e+000 0.000000e+000 0.000000e+000 1.594366e-041 
0.000000e+000 0.000000e+000 0.000000e+000 0.000000e+000 2.035361e-042 
0.000000e+000 0.000000e+000 0.000000e+000 0.000000e+000 1.732222e-043 
0.000000e+000 0.000000e+000 0.000000e+000 0.000000e+000 7.371157e-045 
0.000000e+000 0.000000e+000 0.000000e+000 0.000000e+000 6.273325e-046 
0.000000e+000 0.000000e+000 0.000000e+000 0.000000e+000 1.334750e-047 
0.000000e+000 0.000000e+000 0.000000e+000 0.000000e+000 5.679788e-049 
0.000000e+000 0.000000e+000 0.000000e+000 0.000000e+000 4.833862e-050 
0.000000e+000 0.000000e+000 0.000000e+000 0.000000e+000 4.113925e-051 
0.000000e+000 0.000000e+000 0.000000e+000 0.000000e+000 5.251819e-052 
0.000000e+000 0.000000e+000 0.000000e+000 0.000000e+000 6.704450e-053 


6.704450e-053 1.510207e-109 8.558872e-084 1.672198e-112 8.558872e-114 
5.251819e-142 6.704450e-053 1.535734e-109 8.558872e-084 8.558872e-084 
1.234177e-080 5.251819e-112 6.704450e-053 1.309888e-081 6.704450e-083 
1.160127e-139 1.234177e-080 5.251819e-082 6.704450e-053 6.704450e-053 
9.087660e-139 1.160127e-109 1.234177e-080 5.251819e-052 5.251819e-052 
8.542401e-108 9.087660e-109 1.160127e-079 1.234177e-050 1.234177e-050 
8.029857e-137 8.542401e-078 9.087660e-079 1.160127e-049 1.160127e-049 
7.548065e-136 8.029857e-107 8.542401e-078 9.087660e-049 9.087660e-049 
5.912651e-135 7.548065e-106 8.029857e-077 8.542401e-048 8.542401e-048 
5.557892e-104 5.912651e-105 7.548065e-076 8.029857e-047 8.029857e-047 
4.353682e-133 5.557892e-074 5.912651e-075 7.548065e-046 7.548065e-046 
3.410384e-102 4.353682e-103 5.557892e-074 5.912651e-045 5.912651e-045 
2.671468e-101 3.410384e-072 4.353682e-073 5.557892e-044 5.557892e-044 
6.277949e-130 2.671468e-071 3.410384e-072 4.353682e-043 4.353682e-043 
4.917727e-129 6.277949e-100 2.671468e-071 3.410384e-042 3.410384e-042 
3.852219e-128 4.917727e-099 6.277949e-070 2.671468e-041 2.671468e-041 
3.017572e-127 3.852219e-098 4.917727e-069 6.277949e-040 6.277949e-040 
2.363765e-126 3.017572e-097 3.852219e-068 4.917727e-039 4.917727e-039 
5.554847e-095 2.363765e-096 3.017572e-067 3.852219e-038 3.852219e-038 
2.610778e-123 5.554847e-065 2.363765e-066 3.017572e-037 3.017572e-037 
2.045109e-122 2.610778e-093 5.554847e-065 2.363765e-036 2.363765e-036 
4.806007e-121 2.045109e-092 2.610778e-063 5.554847e-035 5.554847e-035 
3.764706e-120 4.806007e-091 2.045109e-062 2.610778e-033 2.610778e-033 
1.769412e-118 3.764706e-090 4.806007e-061 2.045109e-032 2.045109e-032 
1.663247e-117 1.769412e-088 3.764706e-060 4.806007e-031 4.806007e-031 
3.908630e-116 1.663247e-087 1.769412e-058 3.764706e-030 3.764706e-030 
3.674112e-115 3.908630e-086 1.663247e-057 1.769412e-028 1.769412e-028 
8.634164e-114 3.674112e-085 3.908630e-056 1.663247e-027 1.663247e-027 
4.058057e-112 8.634164e-084 3.674112e-055 3.908630e-026 3.908630e-026 
9.536434e-111 4.058057e-082 8.634164e-054 3.674112e-025 3.674112e-025 
2.241062e-109 9.536434e-081 4.058057e-052 8.634164e-024 8.634164e-024 
2.106598e-108 2.241062e-079 9.536434e-051 4.058057e-022 4.058057e-022 
1.980202e-107 2.106598e-078 2.241062e-049 9.536434e-021 9.536434e-021 
1.551159e-106 1.980202e-077 2.106598e-048 2.241062e-019 2.241062e-019 
1.458089e-105 1.551159e-076 1.980202e-047 2.106598e-018 2.106598e-018 
6.853019e-104 1.458089e-075 1.551159e-046 1.980202e-017 1.980202e-017 
5.368198e-103 6.853019e-074 1.458089e-045 1.551159e-016 1.551159e-016 
4.205088e-102 5.368198e-073 6.853019e-044 1.458089e-015 1.458089e-015 
3.293986e-101 4.205088e-072 5.368198e-043 6.853019e-014 6.853019e-014 
3.870433e-100 3.293986e-071 4.205088e-042 5.368198e-013 5.368198e-013 
9.095519e-099 3.870433e-070 3.293986e-041 4.205088e-012 4.205088e-012 
1.068723e-097 9.095519e-069 3.870433e-040 3.293986e-011 3.293986e-011 
5.023000e-096 1.068723e-067 9.095519e-039 3.870433e-010 3.870433e-010 
1.180405e-094 5.023000e-066 1.068723e-037 9.095519e-009 9.095519e-009 
1.386976e-093 1.180405e-064 5.023000e-036 1.068723e-007 1.068723e-007 
1.629697e-092 1.386976e-063 1.180405e-034 5.023000e-006 5.023000e-006 
1.276596e-091 1.629697e-062 1.386976e-033 1.180405e-004 1.180405e-004 
1.000000e-090 1.276596e-061 1.629697e-032 1.386976e-003 1.386976e-003 
1.000000e-060 1.000000e-060 1.276596e-031 1.629697e-002 1.629697e-002 
1.000000e-030 1.000000e-030 1.000000e-030 1.276596e-001 1.276596e-001 
1.000000e+000 1.000000e+000 1.000000e+000 1.000000e+000 1.000000e+000 


1.000000e+000 0.000000e+000 0.000000e+000 0.000000e+000 0.000000e+000 
2.646739e-206 1.000000e+000 0.000000e+000 0.000000e+000 0.000000e+000 
2.101569e-261 1.764493e-146 1.000000e+000 0.000000e+000 0.000000e+000 
0.000000e+000 9.340305e-172 1.779014e-116 1.000000e+000 0.000000e+000 
0.000000e+000 1.977708e-287 1.883498e-171 1.452112e-058 1.000000e+000 
0.000000e+000 0.000000e+000 4.020922e-257 6.325886e-116 1.000000e+000 
0.000000e+000 0.000000e+000 0.000000e+000 1.102307e-173 1.000000e+000 
0.000000e+000 0.000000e+000 0.000000e+000 1.600673e-231 1.000000e+000 
0.000000e+000 0.000000e+000 0.000000e+000 2.789228e-289 1.000000e+000 
0.000000e+000 0.000000e+000 0.000000e+000 0.000000e+000 1.000000e+000 
0.000000e+000 0.000000e+000 0.000000e+000 0.000000e+000 1.000000e+000 
0.000000e+000 0.000000e+000 0.000000e+000 0.000000e+000 1.000000e+000 
0.000000e+000 0.000000e+000 0.000000e+000 0.000000e+000 1.000000e+000 
0.000000e+000 0.000000e+000 0.000000e+000 0.000000e+000 1.000000e+000 
0.000000e+000 0.000000e+000 0.000000e+000 0.000000e+000 1.000000e+000 
0.000000e+000 0.000000e+000 0.000000e+000 0.000000e+000 1.000000e+000 
0.000000e+000 0.000000e+000 0.000000e+000 0.000000e+000 1.000000e+000 
0.000000e+000 0.000000e+000 0.000000e+000 0.000000e+000 1.000000e+000 
0.000000e+000 0.000000e+000 0.000000e+000 0.000000e+000 1.000000e+000 
0.000000e+000 0.000000e+000 0.000000e+000 0.000000e+000 1.000000e+000 
0.000000e+000 0.000000e+000 0.000000e+000 0.000000e+000 1.000000e+000 
0.000000e+000 0.000000e+000 0.000000e+000 0.000000e+000 1.000000e+000 
0.000000e+000 0.000000e+000 0.000000e+000 0.000000e+000 1.000000e+000 
0.000000e+000 0.000000e+000 0.000000e+000 0.000000e+000 1.000000e+000 
0.000000e+000 0.000000e+000 0.000000e+000 0.000000e+000 1.000000e+000 
0.000000e+000 0.000000e+000 0.000000e+000 0.000000e+000 1.000000e+000 
0.000000e+000 0.000000e+000 0.000000e+000 0.000000e+000 1.000000e+000 
0.000000e+000 0.000000e+000 0.000000e+000 0.000000e+000 1.000000e+000 
0.000000e+000 0.000000e+000 0.000000e+000 0.000000e+000 1.000000e+000 
0.000000e+000 0.000000e+000 0.000000e+000 0.000000e+000 1.000000e+000 
0.000000e+000 0.000000e+000 0.000000e+000 0.000000e+000 1.000000e+000 
0.000000e+000 0.000000e+000 0.000000e+000 0.000000e+000 1.000000e+000 
0.000000e+000 0.000000e+000 0.000000e+000 0.000000e+000 1.000000e+000 
0.000000e+000 0.000000e+000 0.000000e+000 0.000000e+000 1.000000e+000 
0.000000e+000 0.000000e+000 0.000000e+000 0.000000e+000 1.000000e+000 
0.000000e+000 0.000000e+000 0.000000e+000 0.000000e+000 1.000000e+000 
0.000000e+000 0.000000e+000 0.000000e+000 0.000000e+000 1.000000e+000 
0.000000e+000 0.000000e+000 0.000000e+000 0.000000e+000 1.000000e+000 
0.000000e+000 0.000000e+000 0.000000e+000 0.000000e+000 1.000000e+000 
0.000000e+000 0.000000e+000 0.000000e+000 0.000000e+000 1.000000e+000 
0.000000e+000 0.000000e+000 0.000000e+000 0.000000e+000 1.000000e+000 
0.000000e+000 0.000000e+000 0.000000e+000 0.000000e+000 1.000000e+000 
0.000000e+000 0.000000e+000 0.000000e+000 0.000000e+000 1.000000e+000 
0.000000e+000 0.000000e+000 0.000000e+000 0.000000e+000 1.000000e+000 
0.000000e+000 0.000000e+000 0.000000e+000 0.000000e+000 1.000000e+000 
0.000000e+000 0.000000e+000 0.000000e+000 0.000000e+000 1.000000e+000 
0.000000e+000 0.000000e+000 0.000000e+000 0.000000e+000 1.000000e+000 
0.000000e+000 0.000000e+000 0.000000e+000 0.000000e+000 1.000000e+000 
0.000000e+000 0.000000e+000 0.000000e+000 0.000000e+000 1.000000e+000 
0.000000e+000 0.000000e+000 0.000000e+000 0.000000e+000 1.000000e+000 
0.000000e+000 0.000000e+000 0.000000e+000 0.000000e+000 1.000000e+000 



Q star

------------
1  2  3  4  5  5  5  5  5  5  5  5  5  5  5  5  5  5  5  5  5  5  5  5  5  5  5  5  5  5  5  5  5  5  5  5  5  5  5  5  5  5  5  5  5  5  5  5  5  5  5  
------------

P star

-----------
6.704450e-053

A Martrix

2.646739e-206 1.000000e+000 0.000000e+000 0.000000e+000 0.000000e+000 
0.000000e+000 1.764493e-146 1.000000e+000 0.000000e+000 0.000000e+000 
0.000000e+000 0.000000e+000 1.779014e-116 1.000000e+000 0.000000e+000 
0.000000e+000 0.000000e+000 0.000000e+000 1.452112e-058 1.000000e+000 
0.000000e+000 0.000000e+000 0.000000e+000 0.000000e+000 1.000000e+000 

B Martrix

1.000000e-030 1.000000e-030 1.000000e-030 1.000000e-030 1.000000e-030 1.000000e-030 1.000000e-030 1.000000e-030 1.000000e-030 1.000000e-030 1.000000e-030 1.000000e-030 1.000000e-030 1.000000e-030 1.000000e-030 1.000000e-030 1.000000e-030 1.000000e-030 1.000000e-030 1.000000e-030 1.000000e-030 1.000000e-030 1.000000e+000 1.000000e-030 1.000000e-030 1.000000e-030 1.000000e-030 1.000000e-030 1.000000e-030 1.000000e-030 1.000000e-030 1.000000e-030 
1.000000e-030 1.000000e-030 1.000000e-030 1.000000e-030 1.000000e-030 1.000000e-030 1.000000e-030 1.000000e-030 1.000000e-030 1.000000e-030 1.000000e-030 1.000000e-030 1.000000e-030 1.000000e-030 1.000000e-030 1.000000e-030 1.000000e-030 1.000000e-030 1.000000e-030 1.000000e-030 1.000000e-030 1.000000e-030 1.000000e-030 1.000000e-030 1.000000e-030 1.000000e-030 1.000000e-030 1.000000e-030 1.000000e+000 1.000000e-030 1.000000e-030 1.000000e-030 
1.000000e-030 1.000000e-030 1.000000e-030 1.000000e-030 1.000000e+000 1.000000e-030 1.000000e-030 1.000000e-030 1.000000e-030 1.000000e-030 1.000000e-030 1.000000e-030 1.000000e-030 1.000000e-030 1.000000e-030 1.000000e-030 1.000000e-030 1.000000e-030 1.000000e-030 1.000000e-030 1.000000e-030 1.000000e-030 1.000000e-030 1.000000e-030 1.000000e-030 1.000000e-030 1.000000e-030 1.000000e-030 1.000000e-030 1.000000e-030 1.000000e-030 1.000000e-030 
1.000000e-030 1.000000e-030 1.000000e-030 1.000000e-030 1.000000e-030 1.000000e-030 1.000000e-030 1.000000e-030 1.000000e-030 1.000000e-030 1.000000e-030 1.000000e-030 1.000000e-030 1.000000e-030 1.000000e-030 1.000000e-030 1.000000e-030 1.000000e-030 1.000000e-030 1.000000e-030 1.000000e-030 1.000000e-030 1.000000e-030 1.000000e-030 1.000000e-030 1.000000e-030 1.000000e-030 1.000000e-030 1.000000e+000 1.000000e-030 1.000000e-030 1.000000e-030 
1.000000e-030 4.255319e-002 4.255319e-002 1.000000e-030 1.276596e-001 2.127660e-002 4.255319e-002 1.000000e-030 1.276596e-001 1.063830e-001 1.000000e-030 1.276596e-001 1.000000e-030 2.127660e-002 1.000000e-030 1.000000e-030 1.000000e-030 2.127660e-002 2.127660e-002 1.000000e-030 1.063830e-001 1.000000e-030 4.255319e-002 1.000000e-030 2.127660e-002 4.255319e-002 1.000000e-030 8.510638e-002 1.000000e-030 1.000000e-030 1.000000e-030 1.000000e-030 
Iteraion 4
-----------------

P(O|lamda) = 6.704450e-053

1.000000e+000 0.000000e+000 0.000000e+000 0.000000e+000 0.000000e+000 
2.646739e-236 1.000000e+000 0.000000e+000 0.000000e+000 0.000000e+000 
0.000000e+000 1.764493e-176 1.000000e+000 0.000000e+000 0.000000e+000 
0.000000e+000 3.112614e-322 1.779014e-146 1.000000e+000 0.000000e+000 
0.000000e+000 0.000000e+000 3.164891e-262 1.452112e-088 1.276596e-001 
0.000000e+000 0.000000e+000 0.000000e+000 2.108629e-176 5.432322e-003 
0.000000e+000 0.000000e+000 0.000000e+000 3.061964e-264 5.779066e-004 
0.000000e+000 0.000000e+000 0.000000e+000 0.000000e+000 7.377531e-005 
0.000000e+000 0.000000e+000 0.000000e+000 0.000000e+000 7.848438e-006 
0.000000e+000 0.000000e+000 0.000000e+000 0.000000e+000 8.349402e-007 
0.000000e+000 0.000000e+000 0.000000e+000 0.000000e+000 8.882342e-008 
0.000000e+000 0.000000e+000 0.000000e+000 0.000000e+000 1.133916e-008 
0.000000e+000 0.000000e+000 0.000000e+000 0.000000e+000 1.206294e-009 
0.000000e+000 0.000000e+000 0.000000e+000 0.000000e+000 1.539949e-010 
0.000000e+000 0.000000e+000 0.000000e+000 0.000000e+000 1.965893e-011 
0.000000e+000 0.000000e+000 0.000000e+000 0.000000e+000 2.509650e-012 
0.000000e+000 0.000000e+000 0.000000e+000 0.000000e+000 1.067936e-013 
0.000000e+000 0.000000e+000 0.000000e+000 0.000000e+000 1.363323e-014 
0.000000e+000 0.000000e+000 0.000000e+000 0.000000e+000 1.740412e-015 
0.000000e+000 0.000000e+000 0.000000e+000 0.000000e+000 2.221803e-016 
0.000000e+000 0.000000e+000 0.000000e+000 0.000000e+000 2.836344e-017 
0.000000e+000 0.000000e+000 0.000000e+000 0.000000e+000 1.206955e-018 
0.000000e+000 0.000000e+000 0.000000e+000 0.000000e+000 2.567989e-020 
0.000000e+000 0.000000e+000 0.000000e+000 0.000000e+000 3.278284e-021 
0.000000e+000 0.000000e+000 0.000000e+000 0.000000e+000 1.395015e-022 
0.000000e+000 0.000000e+000 0.000000e+000 0.000000e+000 1.780870e-023 
0.000000e+000 0.000000e+000 0.000000e+000 0.000000e+000 3.789084e-025 
0.000000e+000 0.000000e+000 0.000000e+000 0.000000e+000 4.030941e-026 
0.000000e+000 0.000000e+000 0.000000e+000 0.000000e+000 1.715294e-027 
0.000000e+000 0.000000e+000 0.000000e+000 0.000000e+000 1.824781e-028 
0.000000e+000 0.000000e+000 0.000000e+000 0.000000e+000 7.765025e-030 
0.000000e+000 0.000000e+000 0.000000e+000 0.000000e+000 1.652133e-031 
0.000000e+000 0.000000e+000 0.000000e+000 0.000000e+000 7.030353e-033 
0.000000e+000 0.000000e+000 0.000000e+000 0.000000e+000 2.991640e-034 
0.000000e+000 0.000000e+000 0.000000e+000 0.000000e+000 3.182595e-035 
0.000000e+000 0.000000e+000 0.000000e+000 0.000000e+000 3.385740e-036 
0.000000e+000 0.000000e+000 0.000000e+000 0.000000e+000 4.322221e-037 
0.000000e+000 0.000000e+000 0.000000e+000 0.000000e+000 4.598107e-038 
0.000000e+000 0.000000e+000 0.000000e+000 0.000000e+000 9.783207e-040 
0.000000e+000 0.000000e+000 0.000000e+000 0.000000e+000 1.248920e-040 
0.000000e+000 0.000000e+000 0.000000e+000 0.000000e+000 1.594366e-041 
0.000000e+000 0.000000e+000 0.000000e+000 0.000000e+000 2.035361e-042 
0.000000e+000 0.000000e+000 0.000000e+000 0.000000e+000 1.732222e-043 
0.000000e+000 0.000000e+000 0.000000e+000 0.000000e+000 7.371157e-045 
0.000000e+000 0.000000e+000 0.000000e+000 0.000000e+000 6.273325e-046 
0.000000e+000 0.000000e+000 0.000000e+000 0.000000e+000 1.334750e-047 
0.000000e+000 0.000000e+000 0.000000e+000 0.000000e+000 5.679788e-049 
0.000000e+000 0.000000e+000 0.000000e+000 0.000000e+000 4.833862e-050 
0.000000e+000 0.000000e+000 0.000000e+000 0.000000e+000 4.113925e-051 
0.000000e+000 0.000000e+000 0.000000e+000 0.000000e+000 5.251819e-052 
0.000000e+000 0.000000e+000 0.000000e+000 0.000000e+000 6.704450e-053 


6.704450e-053 6.704450e-143 8.558872e-084 8.558872e-114 8.558872e-114 
5.251819e-142 6.704450e-053 6.704450e-113 8.558872e-084 8.558872e-084 
1.234177e-080 5.251819e-112 6.704450e-053 6.704450e-083 6.704450e-083 
1.160127e-139 1.234177e-080 5.251819e-082 6.704450e-053 6.704450e-053 
9.087660e-139 1.160127e-109 1.234177e-080 5.251819e-052 5.251819e-052 
8.542401e-108 9.087660e-109 1.160127e-079 1.234177e-050 1.234177e-050 
8.029857e-137 8.542401e-078 9.087660e-079 1.160127e-049 1.160127e-049 
7.548065e-136 8.029857e-107 8.542401e-078 9.087660e-049 9.087660e-049 
5.912651e-135 7.548065e-106 8.029857e-077 8.542401e-048 8.542401e-048 
5.557892e-104 5.912651e-105 7.548065e-076 8.029857e-047 8.029857e-047 
4.353682e-133 5.557892e-074 5.912651e-075 7.548065e-046 7.548065e-046 
3.410384e-102 4.353682e-103 5.557892e-074 5.912651e-045 5.912651e-045 
2.671468e-101 3.410384e-072 4.353682e-073 5.557892e-044 5.557892e-044 
6.277949e-130 2.671468e-071 3.410384e-072 4.353682e-043 4.353682e-043 
4.917727e-129 6.277949e-100 2.671468e-071 3.410384e-042 3.410384e-042 
3.852219e-128 4.917727e-099 6.277949e-070 2.671468e-041 2.671468e-041 
3.017572e-127 3.852219e-098 4.917727e-069 6.277949e-040 6.277949e-040 
2.363765e-126 3.017572e-097 3.852219e-068 4.917727e-039 4.917727e-039 
5.554847e-095 2.363765e-096 3.017572e-067 3.852219e-038 3.852219e-038 
2.610778e-123 5.554847e-065 2.363765e-066 3.017572e-037 3.017572e-037 
2.045109e-122 2.610778e-093 5.554847e-065 2.363765e-036 2.363765e-036 
4.806007e-121 2.045109e-092 2.610778e-063 5.554847e-035 5.554847e-035 
3.764706e-120 4.806007e-091 2.045109e-062 2.610778e-033 2.610778e-033 
1.769412e-118 3.764706e-090 4.806007e-061 2.045109e-032 2.045109e-032 
1.663247e-117 1.769412e-088 3.764706e-060 4.806007e-031 4.806007e-031 
3.908630e-116 1.663247e-087 1.769412e-058 3.764706e-030 3.764706e-030 
3.674112e-115 3.908630e-086 1.663247e-057 1.769412e-028 1.769412e-028 
8.634164e-114 3.674112e-085 3.908630e-056 1.663247e-027 1.663247e-027 
4.058057e-112 8.634164e-084 3.674112e-055 3.908630e-026 3.908630e-026 
9.536434e-111 4.058057e-082 8.634164e-054 3.674112e-025 3.674112e-025 
2.241062e-109 9.536434e-081 4.058057e-052 8.634164e-024 8.634164e-024 
2.106598e-108 2.241062e-079 9.536434e-051 4.058057e-022 4.058057e-022 
1.980202e-107 2.106598e-078 2.241062e-049 9.536434e-021 9.536434e-021 
1.551159e-106 1.980202e-077 2.106598e-048 2.241062e-019 2.241062e-019 
1.458089e-105 1.551159e-076 1.980202e-047 2.106598e-018 2.106598e-018 
6.853019e-104 1.458089e-075 1.551159e-046 1.980202e-017 1.980202e-017 
5.368198e-103 6.853019e-074 1.458089e-045 1.551159e-016 1.551159e-016 
4.205088e-102 5.368198e-073 6.853019e-044 1.458089e-015 1.458089e-015 
3.293986e-101 4.205088e-072 5.368198e-043 6.853019e-014 6.853019e-014 
3.870433e-100 3.293986e-071 4.205088e-042 5.368198e-013 5.368198e-013 
9.095519e-099 3.870433e-070 3.293986e-041 4.205088e-012 4.205088e-012 
1.068723e-097 9.095519e-069 3.870433e-040 3.293986e-011 3.293986e-011 
5.023000e-096 1.068723e-067 9.095519e-039 3.870433e-010 3.870433e-010 
1.180405e-094 5.023000e-066 1.068723e-037 9.095519e-009 9.095519e-009 
1.386976e-093 1.180405e-064 5.023000e-036 1.068723e-007 1.068723e-007 
1.629697e-092 1.386976e-063 1.180405e-034 5.023000e-006 5.023000e-006 
1.276596e-091 1.629697e-062 1.386976e-033 1.180405e-004 1.180405e-004 
1.000000e-090 1.276596e-061 1.629697e-032 1.386976e-003 1.386976e-003 
1.000000e-060 1.000000e-060 1.276596e-031 1.629697e-002 1.629697e-002 
1.000000e-030 1.000000e-030 1.000000e-030 1.276596e-001 1.276596e-001 
1.000000e+000 1.000000e+000 1.000000e+000 1.000000e+000 1.000000e+000 


1.000000e+000 0.000000e+000 0.000000e+000 0.000000e+000 0.000000e+000 
0.000000e+000 1.000000e+000 0.000000e+000 0.000000e+000 0.000000e+000 
0.000000e+000 1.382186e-235 1.000000e+000 0.000000e+000 0.000000e+000 
0.000000e+000 0.000000e+000 1.393561e-175 1.000000e+000 0.000000e+000 
0.000000e+000 0.000000e+000 5.826036e-290 1.137488e-087 1.000000e+000 
0.000000e+000 0.000000e+000 0.000000e+000 3.881634e-174 1.000000e+000 
0.000000e+000 0.000000e+000 0.000000e+000 5.298372e-261 1.000000e+000 
0.000000e+000 0.000000e+000 0.000000e+000 0.000000e+000 1.000000e+000 
0.000000e+000 0.000000e+000 0.000000e+000 0.000000e+000 1.000000e+000 
0.000000e+000 0.000000e+000 0.000000e+000 0.000000e+000 1.000000e+000 
0.000000e+000 0.000000e+000 0.000000e+000 0.000000e+000 1.000000e+000 
0.000000e+000 0.000000e+000 0.000000e+000 0.000000e+000 1.000000e+000 
0.000000e+000 0.000000e+000 0.000000e+000 0.000000e+000 1.000000e+000 
0.000000e+000 0.000000e+000 0.000000e+000 0.000000e+000 1.000000e+000 
0.000000e+000 0.000000e+000 0.000000e+000 0.000000e+000 1.000000e+000 
0.000000e+000 0.000000e+000 0.000000e+000 0.000000e+000 1.000000e+000 
0.000000e+000 0.000000e+000 0.000000e+000 0.000000e+000 1.000000e+000 
0.000000e+000 0.000000e+000 0.000000e+000 0.000000e+000 1.000000e+000 
0.000000e+000 0.000000e+000 0.000000e+000 0.000000e+000 1.000000e+000 
0.000000e+000 0.000000e+000 0.000000e+000 0.000000e+000 1.000000e+000 
0.000000e+000 0.000000e+000 0.000000e+000 0.000000e+000 1.000000e+000 
0.000000e+000 0.000000e+000 0.000000e+000 0.000000e+000 1.000000e+000 
0.000000e+000 0.000000e+000 0.000000e+000 0.000000e+000 1.000000e+000 
0.000000e+000 0.000000e+000 0.000000e+000 0.000000e+000 1.000000e+000 
0.000000e+000 0.000000e+000 0.000000e+000 0.000000e+000 1.000000e+000 
0.000000e+000 0.000000e+000 0.000000e+000 0.000000e+000 1.000000e+000 
0.000000e+000 0.000000e+000 0.000000e+000 0.000000e+000 1.000000e+000 
0.000000e+000 0.000000e+000 0.000000e+000 0.000000e+000 1.000000e+000 
0.000000e+000 0.000000e+000 0.000000e+000 0.000000e+000 1.000000e+000 
0.000000e+000 0.000000e+000 0.000000e+000 0.000000e+000 1.000000e+000 
0.000000e+000 0.000000e+000 0.000000e+000 0.000000e+000 1.000000e+000 
0.000000e+000 0.000000e+000 0.000000e+000 0.000000e+000 1.000000e+000 
0.000000e+000 0.000000e+000 0.000000e+000 0.000000e+000 1.000000e+000 
0.000000e+000 0.000000e+000 0.000000e+000 0.000000e+000 1.000000e+000 
0.000000e+000 0.000000e+000 0.000000e+000 0.000000e+000 1.000000e+000 
0.000000e+000 0.000000e+000 0.000000e+000 0.000000e+000 1.000000e+000 
0.000000e+000 0.000000e+000 0.000000e+000 0.000000e+000 1.000000e+000 
0.000000e+000 0.000000e+000 0.000000e+000 0.000000e+000 1.000000e+000 
0.000000e+000 0.000000e+000 0.000000e+000 0.000000e+000 1.000000e+000 
0.000000e+000 0.000000e+000 0.000000e+000 0.000000e+000 1.000000e+000 
0.000000e+000 0.000000e+000 0.000000e+000 0.000000e+000 1.000000e+000 
0.000000e+000 0.000000e+000 0.000000e+000 0.000000e+000 1.000000e+000 
0.000000e+000 0.000000e+000 0.000000e+000 0.000000e+000 1.000000e+000 
0.000000e+000 0.000000e+000 0.000000e+000 0.000000e+000 1.000000e+000 
0.000000e+000 0.000000e+000 0.000000e+000 0.000000e+000 1.000000e+000 
0.000000e+000 0.000000e+000 0.000000e+000 0.000000e+000 1.000000e+000 
0.000000e+000 0.000000e+000 0.000000e+000 0.000000e+000 1.000000e+000 
0.000000e+000 0.000000e+000 0.000000e+000 0.000000e+000 1.000000e+000 
0.000000e+000 0.000000e+000 0.000000e+000 0.000000e+000 1.000000e+000 
0.000000e+000 0.000000e+000 0.000000e+000 0.000000e+000 1.000000e+000 
0.000000e+000 0.000000e+000 0.000000e+000 0.000000e+000 1.000000e+000 



Q star

------------
1  2  3  4  5  5  5  5  5  5  5  5  5  5  5  5  5  5  5  5  5  5  5  5  5  5  5  5  5  5  5  5  5  5  5  5  5  5  5  5  5  5  5  5  5  5  5  5  5  5  5  
------------

P star

-----------
6.704450e-053

A Martrix

0.000000e+000 1.000000e+000 0.000000e+000 0.000000e+000 0.000000e+000 
0.000000e+000 1.382186e-235 1.000000e+000 0.000000e+000 0.000000e+000 
0.000000e+000 0.000000e+000 1.393561e-175 1.000000e+000 0.000000e+000 
0.000000e+000 0.000000e+000 0.000000e+000 1.137488e-087 1.000000e+000 
0.000000e+000 0.000000e+000 0.000000e+000 0.000000e+000 1.000000e+000 

B Martrix

1.000000e-030 1.000000e-030 1.000000e-030 1.000000e-030 1.000000e-030 1.000000e-030 1.000000e-030 1.000000e-030 1.000000e-030 1.000000e-030 1.000000e-030 1.000000e-030 1.000000e-030 1.000000e-030 1.000000e-030 1.000000e-030 1.000000e-030 1.000000e-030 1.000000e-030 1.000000e-030 1.000000e-030 1.000000e-030 1.000000e+000 1.000000e-030 1.000000e-030 1.000000e-030 1.000000e-030 1.000000e-030 1.000000e-030 1.000000e-030 1.000000e-030 1.000000e-030 
1.000000e-030 1.000000e-030 1.000000e-030 1.000000e-030 1.000000e-030 1.000000e-030 1.000000e-030 1.000000e-030 1.000000e-030 1.000000e-030 1.000000e-030 1.000000e-030 1.000000e-030 1.000000e-030 1.000000e-030 1.000000e-030 1.000000e-030 1.000000e-030 1.000000e-030 1.000000e-030 1.000000e-030 1.000000e-030 1.000000e-030 1.000000e-030 1.000000e-030 1.000000e-030 1.000000e-030 1.000000e-030 1.000000e+000 1.000000e-030 1.000000e-030 1.000000e-030 
1.000000e-030 1.000000e-030 1.000000e-030 1.000000e-030 1.000000e+000 1.000000e-030 1.000000e-030 1.000000e-030 1.000000e-030 1.000000e-030 1.000000e-030 1.000000e-030 1.000000e-030 1.000000e-030 1.000000e-030 1.000000e-030 1.000000e-030 1.000000e-030 1.000000e-030 1.000000e-030 1.000000e-030 1.000000e-030 1.000000e-030 1.000000e-030 1.000000e-030 1.000000e-030 1.000000e-030 1.000000e-030 1.000000e-030 1.000000e-030 1.000000e-030 1.000000e-030 
1.000000e-030 1.000000e-030 1.000000e-030 1.000000e-030 1.000000e-030 1.000000e-030 1.000000e-030 1.000000e-030 1.000000e-030 1.000000e-030 1.000000e-030 1.000000e-030 1.000000e-030 1.000000e-030 1.000000e-030 1.000000e-030 1.000000e-030 1.000000e-030 1.000000e-030 1.000000e-030 1.000000e-030 1.000000e-030 1.000000e-030 1.000000e-030 1.000000e-030 1.000000e-030 1.000000e-030 1.000000e-030 1.000000e+000 1.000000e-030 1.000000e-030 1.000000e-030 
1.000000e-030 4.255319e-002 4.255319e-002 1.000000e-030 1.276596e-001 2.127660e-002 4.255319e-002 1.000000e-030 1.276596e-001 1.063830e-001 1.000000e-030 1.276596e-001 1.000000e-030 2.127660e-002 1.000000e-030 1.000000e-030 1.000000e-030 2.127660e-002 2.127660e-002 1.000000e-030 1.063830e-001 1.000000e-030 4.255319e-002 1.000000e-030 2.127660e-002 4.255319e-002 1.000000e-030 8.510638e-002 1.000000e-030 1.000000e-030 1.000000e-030 1.000000e-030 
=================
