16	16	16	27	20	19	12	20	20	11	20	20	12	28	20	20	20	16	16	20	11	11	11	20	15	15	15	15	16	12	12	12	20	16	20	20	16	16	16	16	16	16	15	16	

P(O|lamda) = 0.000000e+000

1.000000e-030 0.000000e+000 0.000000e+000 0.000000e+000 0.000000e+000 
2.571063e-062 9.742894e-061 0.000000e+000 0.000000e+000 0.000000e+000 
6.610365e-094 6.205654e-092 9.372825e-091 0.000000e+000 0.000000e+000 
1.699566e-125 3.001167e-123 1.814560e-121 8.155259e-121 0.000000e+000 
4.369692e-157 1.305536e-154 2.645899e-152 3.401961e-151 7.107485e-122 
1.123475e-188 5.384622e-186 3.562719e-183 9.907319e-182 4.098677e-123 
2.888526e-220 1.077364e-188 4.679908e-214 2.524786e-183 1.048142e-123 
7.426583e-252 4.092210e-220 1.036442e-218 5.644194e-214 1.176483e-124 
1.909421e-283 1.554366e-251 1.740055e-249 1.261858e-244 1.320539e-125 
4.909242e-315 5.904030e-283 2.409930e-280 2.821052e-275 1.078523e-127 
0.000000e+000 2.242559e-314 3.187389e-311 6.306711e-306 1.210584e-128 
0.000000e+000 0.000000e+000 0.000000e+000 0.000000e+000 1.358815e-129 
0.000000e+000 0.000000e+000 0.000000e+000 0.000000e+000 3.474856e-130 
0.000000e+000 0.000000e+000 0.000000e+000 0.000000e+000 6.396095e-131 
0.000000e+000 0.000000e+000 0.000000e+000 0.000000e+000 7.179271e-132 
0.000000e+000 0.000000e+000 0.000000e+000 0.000000e+000 8.058344e-133 
0.000000e+000 0.000000e+000 0.000000e+000 0.000000e+000 9.045057e-134 
0.000000e+000 0.000000e+000 0.000000e+000 0.000000e+000 7.784307e-137 
0.000000e+000 0.000000e+000 0.000000e+000 0.000000e+000 6.699287e-140 
0.000000e+000 0.000000e+000 0.000000e+000 0.000000e+000 7.519588e-141 
0.000000e+000 0.000000e+000 0.000000e+000 0.000000e+000 6.141469e-143 
0.000000e+000 0.000000e+000 0.000000e+000 0.000000e+000 5.015918e-145 
0.000000e+000 0.000000e+000 0.000000e+000 0.000000e+000 4.096648e-147 
0.000000e+000 0.000000e+000 0.000000e+000 0.000000e+000 4.598266e-148 
0.000000e+000 0.000000e+000 0.000000e+000 0.000000e+000 4.598266e-178 
0.000000e+000 0.000000e+000 0.000000e+000 0.000000e+000 4.598266e-208 
0.000000e+000 0.000000e+000 0.000000e+000 0.000000e+000 4.598266e-238 
0.000000e+000 0.000000e+000 0.000000e+000 0.000000e+000 4.598266e-268 
0.000000e+000 0.000000e+000 0.000000e+000 0.000000e+000 3.957334e-271 
0.000000e+000 0.000000e+000 0.000000e+000 0.000000e+000 1.011997e-271 
0.000000e+000 0.000000e+000 0.000000e+000 0.000000e+000 2.587950e-272 
0.000000e+000 0.000000e+000 0.000000e+000 0.000000e+000 6.618087e-273 
0.000000e+000 0.000000e+000 0.000000e+000 0.000000e+000 7.428446e-274 
0.000000e+000 0.000000e+000 0.000000e+000 0.000000e+000 6.393028e-277 
0.000000e+000 0.000000e+000 0.000000e+000 0.000000e+000 7.175829e-278 
0.000000e+000 0.000000e+000 0.000000e+000 0.000000e+000 8.054480e-279 
0.000000e+000 0.000000e+000 0.000000e+000 0.000000e+000 6.931803e-282 
0.000000e+000 0.000000e+000 0.000000e+000 0.000000e+000 5.965610e-285 
0.000000e+000 0.000000e+000 0.000000e+000 0.000000e+000 5.134090e-288 
0.000000e+000 0.000000e+000 0.000000e+000 0.000000e+000 4.418473e-291 
0.000000e+000 0.000000e+000 0.000000e+000 0.000000e+000 3.802602e-294 
0.000000e+000 0.000000e+000 0.000000e+000 0.000000e+000 3.272574e-297 
0.000000e+000 0.000000e+000 0.000000e+000 0.000000e+000 0.000000e+000 
0.000000e+000 0.000000e+000 0.000000e+000 0.000000e+000 0.000000e+000 



P(O|lamda) = 4.328463e-114

1.050000e-030 0.000000e+000 0.000000e+000 0.000000e+000 0.000000e+000 
8.711110e-182 1.575000e-031 0.000000e+000 0.000000e+000 0.000000e+000 
0.000000e+000 4.127389e-118 1.653750e-061 0.000000e+000 0.000000e+000 
0.000000e+000 1.081609e-204 4.341094e-093 1.612406e-062 0.000000e+000 
0.000000e+000 4.724043e-291 3.798457e-095 7.669062e-064 2.893831e-064 
0.000000e+000 0.000000e+000 3.323650e-097 3.039686e-065 4.172034e-065 
0.000000e+000 0.000000e+000 8.724581e-129 2.409602e-068 9.249659e-066 
0.000000e+000 0.000000e+000 7.634008e-131 1.146075e-069 1.977167e-067 
0.000000e+000 0.000000e+000 6.679757e-133 5.451059e-071 4.237631e-069 
0.000000e+000 0.000000e+000 2.504909e-135 1.296339e-072 4.784904e-070 
0.000000e+000 0.000000e+000 2.191795e-137 6.165757e-074 1.022890e-071 
0.000000e+000 0.000000e+000 1.917821e-139 2.932609e-075 2.192768e-073 
0.000000e+000 0.000000e+000 5.034280e-171 2.324720e-078 3.047729e-074 
0.000000e+000 0.000000e+000 1.321498e-202 3.869961e-109 3.768234e-075 
0.000000e+000 0.000000e+000 1.156311e-204 1.840663e-110 8.037195e-077 
0.000000e+000 0.000000e+000 1.011772e-206 8.754717e-112 1.714238e-078 
0.000000e+000 0.000000e+000 8.853008e-209 4.163992e-113 3.656266e-080 
0.000000e+000 0.000000e+000 2.323914e-240 6.931795e-144 2.707438e-081 
0.000000e+000 0.000000e+000 6.100275e-272 1.153936e-174 2.004838e-082 
0.000000e+000 0.000000e+000 5.337741e-274 5.488445e-176 4.276081e-084 
0.000000e+000 0.000000e+000 2.001653e-276 1.305230e-177 4.776618e-085 
0.000000e+000 0.000000e+000 7.506198e-279 3.104023e-179 5.335745e-086 
0.000000e+000 0.000000e+000 2.814824e-281 7.381807e-181 5.960321e-087 
0.000000e+000 0.000000e+000 2.462971e-283 3.510997e-182 1.271265e-088 
0.000000e+000 0.000000e+000 1.539357e-287 5.844754e-213 3.675058e-090 
0.000000e+000 0.000000e+000 9.620982e-292 9.729759e-244 1.062410e-091 
0.000000e+000 0.000000e+000 6.013114e-296 1.619712e-274 3.071285e-093 
0.000000e+000 0.000000e+000 3.758196e-300 2.696334e-305 8.878674e-095 
0.000000e+000 0.000000e+000 0.000000e+000 0.000000e+000 6.574593e-096 
0.000000e+000 0.000000e+000 0.000000e+000 0.000000e+000 9.036338e-097 
0.000000e+000 0.000000e+000 0.000000e+000 0.000000e+000 1.241984e-097 
0.000000e+000 0.000000e+000 0.000000e+000 0.000000e+000 1.707024e-098 
0.000000e+000 0.000000e+000 0.000000e+000 0.000000e+000 3.640879e-100 
0.000000e+000 0.000000e+000 0.000000e+000 0.000000e+000 2.696044e-101 
0.000000e+000 0.000000e+000 0.000000e+000 0.000000e+000 5.750341e-103 
0.000000e+000 0.000000e+000 0.000000e+000 0.000000e+000 1.226479e-104 
0.000000e+000 0.000000e+000 0.000000e+000 0.000000e+000 9.081990e-106 
0.000000e+000 0.000000e+000 0.000000e+000 0.000000e+000 6.725148e-107 
0.000000e+000 0.000000e+000 0.000000e+000 0.000000e+000 4.979923e-108 
0.000000e+000 0.000000e+000 0.000000e+000 0.000000e+000 3.687596e-109 
0.000000e+000 0.000000e+000 0.000000e+000 0.000000e+000 2.730638e-110 
0.000000e+000 0.000000e+000 0.000000e+000 0.000000e+000 2.022018e-111 
0.000000e+000 0.000000e+000 0.000000e+000 0.000000e+000 5.845382e-113 
0.000000e+000 0.000000e+000 0.000000e+000 0.000000e+000 4.328463e-114 



P(O|lamda) = 8.727529e-047

2.000000e-001 0.000000e+000 0.000000e+000 0.000000e+000 0.000000e+000 
2.375672e-004 2.137231e-002 0.000000e+000 0.000000e+000 0.000000e+000 
2.821909e-007 3.903220e-005 2.236075e-032 0.000000e+000 0.000000e+000 
6.703930e-011 3.842506e-009 4.083740e-035 1.068002e-034 0.000000e+000 
4.190618e-043 1.006453e-011 1.212750e-009 9.176514e-036 2.642648e-035 
2.619550e-075 2.988752e-016 1.124891e-012 1.882522e-010 3.247809e-036 
1.555798e-078 4.439903e-019 5.063982e-015 7.593657e-012 1.466942e-011 
9.725271e-111 2.966556e-022 7.209533e-017 1.956092e-013 6.177009e-012 
6.079254e-143 1.982127e-025 1.024512e-018 5.029611e-015 1.858225e-012 
1.805289e-146 1.177221e-029 3.438795e-022 5.872425e-018 1.040659e-013 
1.128484e-178 7.865693e-033 4.886262e-024 1.507080e-019 3.049210e-014 
7.054138e-211 5.255524e-036 6.942994e-026 3.867101e-021 8.934028e-015 
4.189580e-214 7.807277e-039 3.107228e-028 1.504826e-022 8.243489e-016 
1.244133e-216 2.341626e-041 4.867069e-030 3.509633e-024 1.800099e-016 
7.777062e-249 1.564575e-044 6.915722e-032 9.003847e-026 5.274175e-017 
4.861431e-281 1.045383e-047 9.826698e-034 2.309898e-027 1.545299e-017 
3.038874e-313 6.984809e-051 1.396297e-035 5.925932e-029 4.527628e-018 
3.609684e-316 4.459534e-054 6.576974e-067 9.697462e-060 5.588130e-019 
4.287699e-319 2.847242e-057 4.665783e-084 1.586935e-090 6.897033e-020 
0.000000e+000 1.902407e-060 8.986304e-058 7.354006e-085 2.020786e-020 
0.000000e+000 1.129874e-064 3.158092e-061 6.438102e-060 1.129117e-021 
0.000000e+000 6.710523e-069 1.068440e-064 9.770111e-063 6.308956e-023 
0.000000e+000 3.985501e-073 3.591229e-068 1.215850e-065 3.525137e-024 
0.000000e+000 2.662943e-076 5.104112e-070 3.175800e-067 1.032843e-024 
0.000000e+000 1.664602e-108 2.855364e-075 5.248332e-098 1.498788e-026 
0.000000e+000 1.040541e-140 1.597342e-080 2.870775e-105 2.174935e-028 
0.000000e+000 6.504406e-173 8.935816e-086 1.605963e-110 3.156111e-030 
0.000000e+000 4.065896e-205 4.998855e-091 8.984043e-116 4.579924e-032 
0.000000e+000 2.595919e-208 2.354610e-122 5.025834e-121 5.652675e-033 
0.000000e+000 3.856335e-211 1.053769e-124 2.518385e-122 5.215761e-034 
0.000000e+000 5.728731e-214 4.715977e-127 1.005075e-123 4.812617e-035 
0.000000e+000 8.510243e-217 2.110561e-129 3.921944e-125 4.440633e-036 
0.000000e+000 5.686185e-220 2.998942e-131 1.006486e-126 1.301077e-036 
0.000000e+000 3.630412e-223 1.412591e-162 1.647358e-157 1.605827e-037 
0.000000e+000 2.425688e-226 2.007181e-164 4.226428e-159 4.704971e-038 
0.000000e+000 1.620742e-229 2.852046e-166 1.084298e-160 1.378526e-038 
0.000000e+000 1.034782e-232 1.343399e-197 1.774421e-191 1.701417e-039 
0.000000e+000 6.606689e-236 6.327810e-229 2.903752e-222 2.099938e-040 
0.000000e+000 4.218119e-239 2.980594e-260 4.751831e-253 2.591805e-041 
0.000000e+000 2.693108e-242 4.413203e-269 7.776102e-284 3.198881e-042 
0.000000e+000 1.719447e-245 2.817662e-272 4.437021e-299 3.948151e-043 
0.000000e+000 1.097801e-248 1.798969e-275 2.832869e-302 4.872923e-044 
0.000000e+000 6.862341e-281 1.364101e-252 1.808679e-305 7.071239e-046 
0.000000e+000 4.381343e-284 6.425325e-284 1.371463e-282 8.727529e-047 



P(O|lamda) = 4.191705e-086

1.000000e-002 0.000000e+000 0.000000e+000 0.000000e+000 0.000000e+000 
2.724782e-005 3.910430e-005 0.000000e+000 0.000000e+000 0.000000e+000 
7.424437e-008 1.656043e-007 2.959726e-035 0.000000e+000 0.000000e+000 
4.045994e-011 3.770344e-011 1.253426e-037 5.013418e-039 0.000000e+000 
1.160461e-041 2.251610e-013 4.303760e-013 7.156276e-040 4.683140e-041 
3.328405e-072 1.581528e-017 2.630897e-016 2.369266e-015 2.390720e-042 
1.680185e-073 9.442616e-019 1.972196e-017 3.240084e-016 1.389733e-016 
4.819062e-104 1.492308e-021 1.117327e-019 1.078857e-018 5.062545e-018 
1.382191e-134 2.358440e-024 5.889791e-022 3.849779e-021 8.424250e-020 
9.415421e-138 3.313131e-028 7.185419e-026 6.727770e-025 2.422110e-022 
2.700506e-168 5.236062e-031 3.715940e-028 2.412901e-027 3.554599e-024 
7.745521e-199 8.275058e-034 1.908118e-030 9.290442e-030 5.209627e-026 
3.909953e-200 4.940676e-035 1.262522e-031 1.456101e-030 4.792899e-027 
3.196131e-202 3.505028e-037 7.130437e-034 4.598821e-033 2.655983e-028 
9.167059e-233 5.539336e-040 3.653978e-036 1.773383e-035 3.890973e-030 
2.629272e-263 8.754351e-043 1.871055e-038 7.343986e-038 5.700168e-032 
7.541208e-294 1.383535e-045 9.578685e-041 3.241349e-040 8.350571e-034 
2.054815e-296 2.089356e-048 3.251276e-071 1.919506e-070 1.484940e-035 
5.598922e-299 3.155256e-051 1.581392e-078 9.640405e-101 2.640593e-037 
0.000000e+000 4.986558e-054 3.601651e-053 8.839664e-081 3.868384e-039 
0.000000e+000 7.005104e-058 5.699627e-057 9.151143e-057 1.080732e-041 
0.000000e+000 9.840752e-062 8.780741e-061 2.691677e-060 3.019302e-044 
0.000000e+000 1.382426e-065 1.327097e-064 5.888618e-064 8.435192e-047 
0.000000e+000 2.184783e-068 8.371243e-067 2.502208e-066 1.235729e-048 
0.000000e+000 6.461386e-099 1.785243e-072 1.551460e-096 2.953165e-051 
0.000000e+000 1.910922e-129 3.597805e-078 1.273249e-102 7.057525e-054 
0.000000e+000 5.651458e-160 7.250664e-084 2.565982e-108 1.686619e-056 
0.000000e+000 1.671390e-190 1.461228e-089 5.171230e-114 4.030711e-059 
0.000000e+000 2.524062e-193 4.959661e-120 1.042159e-119 7.167608e-061 
0.000000e+000 1.507007e-194 3.278431e-121 2.230339e-120 6.593508e-062 
0.000000e+000 8.997684e-196 2.167106e-122 3.219872e-121 6.065391e-063 
0.000000e+000 5.372124e-197 1.432499e-123 4.105124e-122 5.579575e-064 
0.000000e+000 8.490090e-200 7.332772e-126 1.307290e-124 8.173898e-066 
0.000000e+000 1.282137e-202 2.488869e-156 5.509375e-155 1.453523e-067 
0.000000e+000 2.026286e-205 1.274019e-158 1.786137e-157 2.129364e-069 
0.000000e+000 3.202337e-208 6.521538e-161 6.051762e-160 3.119450e-071 
0.000000e+000 4.836032e-211 2.213522e-191 2.773444e-190 5.547159e-073 
0.000000e+000 7.303169e-214 7.513077e-222 1.215744e-220 9.864231e-075 
0.000000e+000 1.102893e-216 5.527623e-244 5.173050e-251 1.754106e-076 
0.000000e+000 1.665543e-219 8.347580e-247 3.942344e-274 3.119237e-078 
0.000000e+000 2.515231e-222 1.260616e-249 5.953559e-277 5.546780e-080 
0.000000e+000 3.798395e-225 1.903728e-252 8.990810e-280 9.863556e-082 
0.000000e+000 1.123356e-255 1.707000e-230 1.357754e-282 2.357209e-084 
0.000000e+000 1.696445e-258 5.793852e-261 1.217446e-260 4.191705e-086 



P(O|lamda) = 1.906858e-078

5.050000e-002 0.000000e+000 0.000000e+000 0.000000e+000 0.000000e+000 
3.910801e-005 1.336375e-005 0.000000e+000 0.000000e+000 0.000000e+000 
3.028587e-008 1.059140e-008 1.311805e-035 0.000000e+000 0.000000e+000 
2.322629e-010 1.527372e-009 1.039668e-038 1.354327e-040 0.000000e+000 
7.123488e-013 2.654901e-010 5.708614e-010 2.590199e-039 2.612365e-041 
1.149878e-044 1.861518e-012 1.734890e-010 2.830870e-010 6.431355e-040 
1.633405e-048 1.334414e-015 3.273328e-013 3.388593e-012 7.125356e-012 
5.009642e-051 7.204689e-017 2.333530e-014 3.457784e-013 2.510661e-012 
1.536454e-053 3.889912e-018 1.654929e-015 3.278620e-014 7.210344e-013 
2.945185e-059 6.560873e-024 5.469346e-021 1.853930e-019 2.756702e-014 
9.032865e-062 3.542306e-025 3.840242e-022 1.583140e-020 7.184647e-015 
2.770374e-064 1.912540e-026 2.692407e-023 1.331302e-021 1.872490e-015 
3.935324e-068 1.370989e-029 4.822078e-026 5.753794e-024 6.368093e-017 
3.107926e-071 1.167743e-033 7.355691e-030 5.756901e-028 1.215762e-018 
9.531989e-074 6.304807e-035 5.136105e-031 4.677143e-029 3.168561e-019 
2.923455e-076 3.404053e-036 3.585590e-032 3.779063e-030 8.258010e-020 
8.966220e-079 1.837895e-037 2.502780e-033 3.039425e-031 2.152231e-020 
6.943584e-082 3.332354e-042 4.587644e-064 8.532457e-062 1.913601e-023 
5.377222e-085 6.042010e-047 3.271088e-072 2.374084e-092 1.701430e-026 
1.649191e-087 3.262165e-048 2.258226e-047 8.116228e-073 4.434326e-027 
3.161287e-093 5.502092e-054 1.307427e-052 3.497137e-052 1.640161e-028 
6.059779e-099 9.280037e-060 5.229200e-058 3.728834e-057 6.066599e-030 
1.161582e-104 1.565206e-065 1.868960e-063 2.626834e-062 2.243903e-031 
3.562564e-107 8.450766e-067 1.362391e-064 2.514597e-063 5.848137e-032 
5.750714e-139 6.001421e-098 7.657186e-072 8.063572e-094 1.559492e-034 
9.282840e-171 4.261987e-129 4.165234e-079 6.657166e-102 4.158614e-037 
1.498442e-202 3.026706e-160 2.265738e-086 3.621259e-109 1.108956e-039 
2.418795e-234 2.149454e-191 1.232480e-093 1.969835e-116 2.957193e-042 
1.873153e-237 3.897252e-196 2.258272e-124 1.071519e-123 2.629313e-045 
2.660819e-241 2.793715e-199 4.029213e-127 7.265819e-126 8.941945e-047 
3.779700e-245 2.002652e-202 7.188930e-130 3.470593e-128 3.041036e-048 
5.369074e-249 1.435585e-205 1.282650e-132 1.502161e-130 1.034216e-049 
1.646692e-251 7.750924e-207 8.948485e-134 1.204620e-131 2.695409e-050 
1.275224e-254 1.405348e-211 1.639630e-164 3.373240e-162 2.396555e-053 
3.911105e-257 7.587668e-213 1.143897e-165 2.674301e-163 6.245983e-054 
1.199534e-259 4.096687e-214 7.980465e-167 2.116312e-164 1.627849e-054 
9.289380e-263 7.427850e-219 1.462260e-197 5.858913e-195 1.447361e-057 
7.193845e-266 1.346770e-223 2.679297e-228 1.615518e-225 1.286884e-060 
5.571028e-269 2.441877e-228 1.322014e-253 4.442819e-256 1.144201e-063 
4.314293e-272 4.427455e-233 2.396983e-258 1.150576e-283 1.017337e-066 
3.341058e-275 8.027578e-238 4.346055e-263 2.083939e-288 9.045395e-070 
2.587369e-278 1.455509e-242 7.879988e-268 3.778465e-293 8.042484e-073 
4.176547e-310 1.033649e-273 4.241601e-249 6.850871e-298 2.144647e-075 
3.234385e-313 1.874145e-278 7.771881e-280 3.687652e-279 1.906858e-078 



P(O|lamda) = 9.875098e-125

2.525000e-003 0.000000e+000 0.000000e+000 0.000000e+000 0.000000e+000 
3.615266e-090 3.392969e-008 0.000000e+000 0.000000e+000 0.000000e+000 
5.176297e-177 1.139825e-014 3.482259e-038 0.000000e+000 0.000000e+000 
7.339451e-263 7.126582e-019 1.169821e-044 2.088498e-044 0.000000e+000 
0.000000e+000 7.129087e-022 1.392441e-020 2.066625e-046 2.391490e-046 
0.000000e+000 8.912473e-026 3.144151e-023 4.011298e-022 9.636188e-048 
0.000000e+000 1.183723e-030 6.954363e-028 6.158054e-026 2.681158e-023 
0.000000e+000 1.184139e-033 5.860741e-031 1.222040e-028 3.500915e-025 
0.000000e+000 1.184555e-036 4.975551e-034 2.310644e-031 4.563501e-027 
0.000000e+000 3.701734e-044 1.992491e-041 2.671933e-038 8.440072e-030 
0.000000e+000 3.703035e-047 1.685220e-044 4.896129e-041 1.099840e-031 
0.000000e+000 3.704337e-050 1.436514e-047 8.943476e-044 1.433220e-033 
0.000000e+000 4.919966e-055 3.158970e-052 8.484955e-048 1.090183e-034 
0.000000e+000 7.764322e-061 5.792535e-058 1.930025e-053 5.010710e-036 
0.000000e+000 7.767051e-064 4.840679e-061 3.516724e-056 6.529541e-038 
0.000000e+000 7.769781e-067 4.070218e-064 6.407048e-059 8.508756e-040 
0.000000e+000 7.772512e-070 3.446594e-067 1.167218e-061 1.108790e-041 
0.000000e+000 2.611078e-076 1.545267e-098 1.490126e-092 4.929264e-046 
0.000000e+000 8.771592e-083 2.679792e-106 1.902336e-123 2.191365e-050 
0.000000e+000 8.774675e-086 1.713855e-084 3.862622e-108 2.855605e-052 
0.000000e+000 2.742086e-093 1.451088e-091 1.541836e-090 5.281130e-055 
0.000000e+000 8.569018e-101 8.001634e-099 3.058491e-097 9.766875e-058 
0.000000e+000 2.677818e-108 3.813440e-106 4.197315e-104 1.806277e-060 
0.000000e+000 2.678759e-111 3.610135e-109 8.195834e-107 2.353790e-062 
0.000000e+000 7.049370e-143 2.686659e-118 1.082761e-137 3.406763e-065 
0.000000e+000 1.855098e-174 1.695706e-127 2.713826e-148 4.930786e-068 
0.000000e+000 4.881839e-206 1.070259e-136 1.712853e-157 7.136582e-071 
0.000000e+000 1.284695e-237 6.755026e-146 1.081081e-166 1.032915e-073 
0.000000e+000 4.315772e-244 2.872247e-177 6.823332e-176 4.591949e-078 
0.000000e+000 5.732053e-249 5.946121e-182 8.618678e-180 3.492878e-079 
0.000000e+000 7.613107e-254 1.230965e-186 8.612224e-184 2.656866e-080 
0.000000e+000 1.011145e-258 2.548343e-191 8.252604e-188 2.020952e-081 
0.000000e+000 1.011501e-261 2.062847e-194 1.507034e-190 2.633537e-083 
0.000000e+000 3.398011e-268 8.771254e-226 1.925990e-221 1.170771e-087 
0.000000e+000 3.399205e-271 7.100204e-229 3.509803e-224 1.525652e-089 
0.000000e+000 3.400400e-274 5.747513e-232 6.394765e-227 1.988103e-091 
0.000000e+000 1.142322e-280 2.443851e-263 8.164249e-258 8.838355e-096 
0.000000e+000 3.837487e-287 1.039129e-294 1.042287e-288 3.929200e-100 
0.000000e+000 1.289156e-293 3.938475e-317 1.330618e-319 1.746774e-104 
0.000000e+000 4.330758e-300 1.482197e-323 0.000000e+000 7.765499e-109 
0.000000e+000 1.454864e-306 0.000000e+000 0.000000e+000 3.452248e-113 
0.000000e+000 4.887434e-313 0.000000e+000 0.000000e+000 1.534739e-117 
0.000000e+000 0.000000e+000 7.445569e-321 0.000000e+000 2.221308e-120 
0.000000e+000 0.000000e+000 0.000000e+000 0.000000e+000 9.875098e-125 



P(O|lamda) = 7.487492e-172

1.262500e-004 0.000000e+000 0.000000e+000 0.000000e+000 0.000000e+000 
1.593906e-008 7.426476e-101 0.000000e+000 0.000000e+000 0.000000e+000 
2.012307e-012 9.415843e-105 1.563469e-131 0.000000e+000 0.000000e+000 
2.515886e-015 2.212498e-106 1.982284e-135 9.771682e-140 0.000000e+000 
1.257943e-018 4.761058e-108 4.433775e-110 2.978101e-139 1.273364e-143 
1.324151e-048 1.227702e-111 1.234710e-111 1.331033e-113 6.822060e-143 
2.530665e-049 2.608943e-116 3.160353e-116 1.006252e-116 1.012454e-116 
1.265332e-052 4.175776e-119 3.056122e-119 1.079286e-119 7.907992e-120 
6.326662e-056 6.683591e-122 3.286561e-122 1.107511e-122 6.558954e-123 
1.977082e-062 3.341795e-129 1.859047e-129 7.234316e-130 8.113258e-127 
9.885410e-066 5.348752e-132 2.159873e-132 7.138963e-133 5.287204e-130 
4.942705e-069 8.561011e-135 2.803199e-135 7.533532e-136 3.445853e-133 
9.446300e-070 1.819268e-139 1.013408e-139 4.544410e-140 1.311121e-135 
1.426063e-070 4.593652e-145 2.569393e-145 5.308447e-146 3.013116e-138 
7.130313e-074 7.352427e-148 2.980146e-148 7.048837e-149 1.963221e-141 
3.565156e-077 1.176802e-150 3.862250e-151 8.711484e-152 1.279153e-144 
1.782578e-080 1.883545e-153 5.454203e-154 1.103542e-154 8.334430e-148 
2.250505e-084 1.012405e-159 8.558374e-184 2.077553e-184 1.852587e-153 
2.841263e-088 5.441679e-166 2.131381e-190 3.551282e-214 4.117953e-159 
1.420631e-091 8.709746e-169 1.090495e-169 3.201467e-194 2.683087e-162 
4.439473e-098 4.354873e-176 1.225474e-176 1.022339e-177 2.481039e-166 
1.387335e-104 2.177437e-183 8.678222e-184 1.532259e-184 2.294206e-170 
4.335423e-111 1.088718e-190 5.295680e-191 1.388181e-191 2.121442e-174 
2.167711e-114 1.742562e-193 6.426706e-194 1.629498e-194 1.382244e-177 
1.876254e-116 1.467421e-223 6.739444e-203 2.725201e-224 1.000296e-181 
1.623985e-118 1.729144e-236 4.212152e-212 1.418831e-233 7.238904e-186 
1.405634e-120 1.496654e-238 2.632595e-221 8.867693e-243 5.238620e-190 
1.216641e-122 1.295423e-240 1.645372e-230 5.542308e-252 3.791063e-194 
1.536009e-126 7.156717e-219 1.385577e-260 3.463942e-261 8.426821e-200 
2.935559e-127 3.587430e-221 3.667817e-224 2.165050e-265 3.204941e-202 
5.610324e-128 6.827850e-222 1.846077e-226 2.865597e-229 1.218923e-204 
1.072223e-128 1.304911e-222 3.499652e-227 1.451261e-231 4.635883e-207 
5.361113e-132 1.878360e-221 2.615280e-226 5.257568e-231 3.020549e-210 
6.768406e-136 1.324978e-227 3.954664e-252 5.506298e-257 6.714112e-216 
3.384203e-139 1.206790e-228 2.655214e-231 5.940483e-256 4.374636e-219 
1.692101e-142 2.524334e-231 2.439652e-232 3.988298e-235 2.850331e-222 
2.136278e-146 1.456365e-237 7.368834e-262 5.169698e-263 6.335750e-228 
2.697051e-150 1.334915e-242 3.066033e-268 1.986677e-292 1.408318e-233 
3.405027e-154 1.593677e-246 2.810348e-273 6.454808e-299 3.130426e-239 
4.298846e-158 2.011524e-250 3.355110e-277 5.916524e-304 6.958349e-245 
5.427294e-162 2.539547e-254 4.234790e-281 7.063393e-308 1.546710e-250 
6.851958e-166 3.206178e-258 5.346417e-285 8.915351e-312 3.438046e-256 
5.930686e-168 6.341720e-286 5.009653e-268 1.125562e-315 2.488031e-260 
7.487492e-172 3.488641e-264 4.218657e-298 1.054664e-298 5.530425e-266 



P(O|lamda) = 1.235020e-087

6.312500e-006 0.000000e+000 0.000000e+000 0.000000e+000 0.000000e+000 
1.992383e-012 2.014575e-013 0.000000e+000 0.000000e+000 0.000000e+000 
6.288458e-019 6.385574e-020 2.035782e-043 0.000000e+000 0.000000e+000 
1.965536e-024 3.751142e-024 6.452793e-050 2.955922e-052 0.000000e+000 
4.119437e-028 2.018015e-028 1.804121e-028 2.255073e-054 2.051036e-053 
2.168125e-059 4.993355e-033 1.033741e-029 1.677774e-029 1.260723e-054 
7.811301e-062 2.652798e-040 9.429533e-037 2.861606e-035 2.261523e-030 
1.637119e-065 1.061493e-045 3.354152e-042 3.560000e-040 2.243903e-031 
3.431128e-069 4.247465e-051 1.193663e-047 4.136532e-045 2.226401e-032 
8.577823e-072 1.698986e-053 8.483608e-050 1.882246e-046 6.331609e-034 
1.797769e-075 6.798336e-059 3.014372e-055 2.128148e-051 6.282224e-035 
3.767824e-079 2.720292e-064 1.071425e-060 2.403878e-056 6.233224e-036 
1.357468e-081 1.445197e-071 9.743076e-068 1.411927e-062 1.201432e-036 
2.350564e-084 9.122808e-080 7.552559e-076 1.990012e-070 2.439222e-037 
4.926390e-088 3.652642e-085 2.680668e-081 2.246888e-075 2.420197e-038 
1.032489e-091 1.508388e-090 9.516623e-087 2.536902e-080 2.401319e-039 
2.163926e-095 1.584778e-095 3.379509e-092 2.864342e-085 2.382590e-040 
6.829891e-102 7.118921e-103 2.532165e-123 9.065553e-116 9.888209e-043 
2.155684e-108 2.189262e-109 7.193860e-133 2.869218e-146 4.103799e-045 
4.517955e-112 2.057381e-112 1.052931e-113 2.510335e-137 4.071790e-046 
1.129489e-114 4.374353e-113 1.982533e-113 1.467685e-114 1.157967e-047 
2.823724e-117 2.822756e-115 4.339604e-114 2.829655e-114 3.293113e-049 
7.059314e-120 1.397356e-117 5.779268e-116 7.325189e-115 9.365206e-051 
1.479515e-123 6.262263e-123 2.719969e-121 1.028735e-119 9.292159e-052 
1.143660e-125 1.743190e-153 9.863375e-133 3.521976e-150 1.292271e-053 
8.840460e-128 1.143661e-155 2.725160e-144 9.648144e-163 1.797175e-055 
6.833649e-130 8.840464e-158 7.529369e-156 2.665694e-174 2.499351e-057 
5.282390e-132 6.833652e-160 2.411813e-167 7.365069e-186 3.475875e-059 
1.667254e-138 1.685825e-139 6.905588e-190 2.359185e-197 1.442556e-061 
6.006768e-141 2.112624e-144 2.073565e-145 1.253400e-195 2.780476e-062 
2.164112e-143 7.579186e-147 2.617319e-150 3.763629e-151 5.359270e-063 
7.796842e-146 2.730621e-149 9.322636e-153 4.971598e-156 1.032980e-063 
1.634088e-149 7.409716e-150 1.313332e-153 3.253744e-157 1.024923e-064 
5.157591e-156 5.314608e-157 7.487814e-180 1.284777e-183 4.253631e-067 
1.080945e-159 4.922702e-160 2.556074e-161 2.613057e-184 4.220453e-068 
2.265481e-163 1.046957e-163 2.376644e-164 8.919553e-166 4.187535e-069 
7.150425e-170 7.370756e-171 1.075673e-193 2.353012e-194 1.737908e-071 
2.256853e-176 2.291896e-177 7.448346e-201 1.126673e-223 7.212656e-074 
7.123192e-183 7.233332e-184 2.316022e-207 7.285814e-231 2.993392e-076 
2.248257e-189 2.283020e-190 7.309475e-214 2.265483e-237 1.242316e-078 
7.096063e-196 7.205781e-197 2.307052e-220 7.149974e-244 5.155852e-081 
2.239695e-202 2.274325e-203 7.281634e-227 2.256710e-250 2.139778e-083 
1.731277e-204 2.249272e-232 8.528717e-214 7.122740e-257 2.975813e-085 
5.464344e-211 5.525209e-212 6.349898e-245 8.342611e-244 1.235020e-087 



P(O|lamda) = 1.380028e-119

3.156250e-007 0.000000e+000 0.000000e+000 0.000000e+000 0.000000e+000 
9.961914e-015 4.771364e-016 0.000000e+000 0.000000e+000 0.000000e+000 
3.144229e-022 1.512373e-023 4.620691e-046 0.000000e+000 0.000000e+000 
9.827681e-029 8.884284e-029 1.464615e-053 3.321122e-056 0.000000e+000 
2.059718e-033 4.779508e-034 2.047440e-034 6.739938e-055 7.921405e-058 
2.168125e-064 1.182637e-039 1.141661e-036 9.425295e-037 2.359979e-057 
7.811299e-068 6.282941e-048 5.920714e-045 1.161959e-043 2.252837e-038 
1.637118e-072 2.514060e-054 1.200972e-051 1.132098e-045 6.306618e-040 
3.431125e-077 1.005978e-060 2.464649e-058 8.376465e-048 1.765477e-041 
8.577817e-081 4.023911e-064 1.032134e-061 9.296286e-051 2.510400e-044 
1.797767e-085 1.610130e-070 2.161099e-068 6.878335e-053 7.027617e-046 
3.767820e-090 6.442785e-077 4.701839e-075 5.089289e-055 1.967311e-047 
1.357466e-093 3.422830e-085 2.789414e-083 7.354650e-063 5.518936e-049 
2.350562e-097 2.160662e-094 1.392580e-092 2.550708e-072 3.444176e-050 
4.926385e-102 8.751498e-101 3.288625e-099 1.887272e-074 9.641626e-052 
1.032488e-106 5.719482e-107 8.607141e-106 1.396395e-076 2.699077e-053 
2.163922e-111 4.876689e-112 3.042935e-112 1.033195e-078 7.555796e-055 
6.829880e-119 3.336773e-120 4.978938e-142 1.609334e-109 2.157628e-057 
2.155681e-126 1.036970e-127 3.231403e-150 2.506745e-140 6.161307e-060 
4.517947e-131 9.745468e-132 2.389763e-133 1.854744e-142 1.724796e-061 
1.129487e-134 2.072058e-133 4.492474e-134 1.648937e-135 2.452553e-064 
2.823719e-138 1.337092e-136 9.711166e-136 3.118107e-136 3.487379e-067 
7.059301e-142 6.619043e-140 1.003509e-138 7.046755e-138 4.958836e-070 
1.479512e-146 2.966328e-146 3.536402e-145 9.830219e-140 1.388177e-071 
1.143658e-149 1.651439e-176 1.085575e-157 1.531218e-170 9.652764e-075 
8.840446e-153 1.083466e-179 1.696211e-170 1.051294e-187 6.712103e-078 
6.833640e-156 8.375163e-183 2.650330e-183 1.642647e-200 4.667299e-081 
5.282385e-159 6.473978e-186 1.546323e-194 2.566636e-213 3.245432e-084 
1.667253e-166 7.985482e-168 6.269539e-216 1.497493e-224 9.267634e-087 
6.006761e-170 1.000716e-173 4.706444e-175 5.633014e-223 2.599867e-088 
2.164110e-173 3.590137e-177 5.922088e-181 4.228615e-182 7.293456e-090 
7.796834e-177 1.293451e-180 2.115967e-184 5.381948e-188 2.046047e-091 
1.634086e-181 3.509861e-182 2.980883e-186 9.734214e-186 5.727704e-093 
5.157584e-189 2.517443e-190 3.399049e-212 4.402980e-216 1.635599e-095 
1.080944e-193 2.331802e-194 5.801609e-196 1.563654e-213 4.578696e-097 
2.265477e-198 4.959261e-199 5.385414e-200 2.668841e-197 1.281760e-098 
7.150412e-206 3.491405e-207 4.848006e-229 4.209217e-228 3.660186e-101 
2.256849e-213 1.085633e-214 3.381152e-237 1.125131e-258 1.045200e-103 
7.123179e-221 3.426310e-222 1.051350e-244 3.274380e-267 2.984666e-106 
2.248253e-228 1.081429e-229 3.318112e-252 1.018150e-274 8.522991e-109 
7.096050e-236 3.413260e-237 1.047279e-259 3.213331e-282 2.433819e-111 
2.239691e-243 1.077310e-244 3.305474e-267 1.014207e-289 6.949998e-114 
1.731275e-246 2.130885e-273 1.935792e-256 3.201092e-297 4.832720e-117 
5.464336e-254 2.617201e-255 1.630141e-287 1.874662e-286 1.380028e-119 



P(O|lamda) = 4.986557e-147

1.578125e-008 0.000000e+000 0.000000e+000 0.000000e+000 0.000000e+000 
5.022630e-099 1.325378e-018 0.000000e+000 0.000000e+000 0.000000e+000 
1.598531e-189 2.775437e-030 1.360349e-048 0.000000e+000 0.000000e+000 
5.038209e-279 1.081701e-039 2.848669e-060 5.181368e-060 0.000000e+000 
0.000000e+000 6.745171e-048 1.321028e-046 8.709499e-063 4.517958e-062 
0.000000e+000 8.409231e-051 4.947777e-049 3.222640e-050 2.356829e-064 
0.000000e+000 6.962111e-061 6.578057e-059 2.377205e-057 4.258926e-051 
0.000000e+000 4.341369e-069 2.904537e-067 9.702003e-061 4.299486e-053 
0.000000e+000 2.707150e-077 1.437260e-075 3.305191e-064 4.340430e-055 
0.000000e+000 3.391887e-080 1.555830e-080 1.688907e-068 8.989452e-058 
0.000000e+000 2.115081e-088 4.190932e-087 5.753606e-072 9.075058e-060 
0.000000e+000 1.318903e-096 3.891848e-095 1.960083e-075 9.161480e-062 
0.000000e+000 1.091937e-106 7.227572e-105 1.304187e-084 1.401756e-062 
0.000000e+000 1.361321e-109 1.433419e-107 8.885620e-087 4.980254e-063 
0.000000e+000 8.488797e-118 6.138996e-116 3.027067e-090 5.027681e-065 
0.000000e+000 5.293365e-126 2.953867e-124 1.031232e-093 5.075559e-067 
0.000000e+000 3.300787e-134 1.568928e-132 3.513101e-097 5.123894e-069 
0.000000e+000 6.912084e-146 7.505749e-164 5.039009e-128 7.315880e-073 
0.000000e+000 1.447440e-157 7.094464e-176 7.227692e-159 1.044559e-076 
0.000000e+000 9.025811e-166 1.767687e-164 2.462260e-162 1.054507e-078 
0.000000e+000 1.130877e-168 3.302080e-169 1.322816e-166 2.183985e-081 
0.000000e+000 1.416917e-171 2.777282e-172 6.880150e-171 4.523245e-084 
0.000000e+000 1.775307e-174 3.471281e-175 4.531175e-175 9.368080e-087 
0.000000e+000 1.107029e-182 2.178935e-181 1.000577e-177 9.457292e-089 
0.000000e+000 2.905552e-214 1.584691e-195 1.437412e-208 8.481647e-092 
0.000000e+000 7.626026e-246 3.858670e-210 1.626504e-225 7.606652e-095 
0.000000e+000 2.001556e-277 9.395733e-225 3.960483e-240 6.821925e-098 
0.000000e+000 5.253363e-309 2.287830e-239 9.643645e-255 6.118153e-101 
0.000000e+000 1.100284e-320 6.004727e-271 2.348195e-269 8.735480e-105 
0.000000e+000 0.000000e+000 4.795790e-281 1.848327e-278 1.336576e-105 
0.000000e+000 0.000000e+000 3.830249e-291 1.252661e-287 2.045033e-106 
0.000000e+000 0.000000e+000 3.059102e-301 8.353112e-297 3.129011e-107 
0.000000e+000 0.000000e+000 9.553395e-310 2.846403e-300 3.158808e-109 
0.000000e+000 0.000000e+000 0.000000e+000 0.000000e+000 4.510137e-113 
0.000000e+000 0.000000e+000 0.000000e+000 0.000000e+000 4.553087e-115 
0.000000e+000 0.000000e+000 0.000000e+000 0.000000e+000 4.596446e-117 
0.000000e+000 0.000000e+000 0.000000e+000 0.000000e+000 6.562792e-121 
0.000000e+000 0.000000e+000 0.000000e+000 0.000000e+000 9.370334e-125 
0.000000e+000 0.000000e+000 0.000000e+000 0.000000e+000 1.337894e-128 
0.000000e+000 0.000000e+000 0.000000e+000 0.000000e+000 1.910240e-132 
0.000000e+000 0.000000e+000 0.000000e+000 0.000000e+000 2.727435e-136 
0.000000e+000 0.000000e+000 0.000000e+000 0.000000e+000 3.894224e-140 
0.000000e+000 0.000000e+000 0.000000e+000 0.000000e+000 3.492483e-143 
0.000000e+000 0.000000e+000 0.000000e+000 0.000000e+000 4.986557e-147 



Max probability = 8.727529e-047

Utterance recognised as 2