6	6	6	6	6	6	12	6	22	6	6	6	6	28	22	22	6	22	22	28	
Iteraion 1
-----------------

P(O|lamda) = 7.888609e-031

3.125000e-002 0.000000e+000 0.000000e+000 0.000000e+000 0.000000e+000 
7.812500e-004 1.953125e-004 0.000000e+000 0.000000e+000 0.000000e+000 
1.953125e-005 9.765625e-006 1.220703e-006 0.000000e+000 0.000000e+000 
4.882813e-007 3.662109e-007 9.155273e-008 7.629395e-009 0.000000e+000 
1.220703e-008 1.220703e-008 4.577637e-009 7.629395e-010 4.768372e-011 
3.051758e-010 3.814697e-010 1.907349e-010 4.768372e-011 6.258488e-012 
7.629395e-012 1.144409e-011 7.152557e-012 2.384186e-012 4.936010e-013 
1.907349e-013 3.337860e-013 2.503395e-013 1.043081e-013 3.032619e-014 
4.768372e-015 9.536743e-015 8.344650e-015 4.172325e-015 1.599619e-015 
1.192093e-016 2.682209e-016 2.682209e-016 1.564622e-016 7.606513e-017 
2.980232e-018 7.450581e-018 8.381903e-018 5.587935e-018 3.354924e-018 
7.450581e-020 2.048910e-019 2.561137e-019 1.920853e-019 1.397660e-019 
1.862645e-021 5.587935e-021 7.683411e-021 6.402843e-021 5.568220e-021 
4.656613e-023 1.513399e-022 2.270099e-022 2.080924e-022 2.140246e-022 
1.164153e-024 4.074536e-024 6.621121e-024 6.621121e-024 7.988847e-024 
2.910383e-026 1.091394e-025 1.909939e-025 2.069100e-025 2.910335e-025 
7.275958e-028 2.910383e-027 5.456968e-027 6.366463e-027 1.038798e-026 
1.818989e-029 7.730705e-029 1.546141e-028 1.932676e-028 3.644149e-028 
4.547474e-031 2.046363e-030 4.348522e-030 5.798029e-030 1.259589e-029 
1.136868e-032 5.400125e-032 1.215028e-031 1.721290e-031 4.298592e-031 


2.524355e-029 2.524355e-029 2.524355e-029 2.524355e-029 2.524355e-029 
8.077936e-028 8.077936e-028 8.077936e-028 8.077936e-028 8.077936e-028 
2.584939e-026 2.584939e-026 2.584939e-026 2.584939e-026 2.584939e-026 
8.271806e-025 8.271806e-025 8.271806e-025 8.271806e-025 8.271806e-025 
2.646978e-023 2.646978e-023 2.646978e-023 2.646978e-023 2.646978e-023 
8.470329e-022 8.470329e-022 8.470329e-022 8.470329e-022 8.470329e-022 
2.710505e-020 2.710505e-020 2.710505e-020 2.710505e-020 2.710505e-020 
8.673617e-019 8.673617e-019 8.673617e-019 8.673617e-019 8.673617e-019 
2.775558e-017 2.775558e-017 2.775558e-017 2.775558e-017 2.775558e-017 
8.881784e-016 8.881784e-016 8.881784e-016 8.881784e-016 8.881784e-016 
2.842171e-014 2.842171e-014 2.842171e-014 2.842171e-014 2.842171e-014 
9.094947e-013 9.094947e-013 9.094947e-013 9.094947e-013 9.094947e-013 
2.910383e-011 2.910383e-011 2.910383e-011 2.910383e-011 2.910383e-011 
9.313226e-010 9.313226e-010 9.313226e-010 9.313226e-010 9.313226e-010 
2.980232e-008 2.980232e-008 2.980232e-008 2.980232e-008 2.980232e-008 
9.536743e-007 9.536743e-007 9.536743e-007 9.536743e-007 9.536743e-007 
3.051758e-005 3.051758e-005 3.051758e-005 3.051758e-005 3.051758e-005 
9.765625e-004 9.765625e-004 9.765625e-004 9.765625e-004 9.765625e-004 
3.125000e-002 3.125000e-002 3.125000e-002 3.125000e-002 3.125000e-002 
1.000000e+000 1.000000e+000 1.000000e+000 1.000000e+000 1.000000e+000 


1.000000e+000 0.000000e+000 0.000000e+000 0.000000e+000 0.000000e+000 
8.000000e-001 2.000000e-001 0.000000e+000 0.000000e+000 0.000000e+000 
6.400000e-001 3.200000e-001 4.000000e-002 0.000000e+000 0.000000e+000 
5.120000e-001 3.840000e-001 9.600000e-002 8.000000e-003 0.000000e+000 
4.096000e-001 4.096000e-001 1.536000e-001 2.560000e-002 1.600000e-003 
3.276800e-001 4.096000e-001 2.048000e-001 5.120000e-002 6.720000e-003 
2.621440e-001 3.932160e-001 2.457600e-001 8.192000e-002 1.696000e-002 
2.097152e-001 3.670016e-001 2.752512e-001 1.146880e-001 3.334400e-002 
1.677722e-001 3.355443e-001 2.936013e-001 1.468006e-001 5.628160e-002 
1.342177e-001 3.019899e-001 3.019899e-001 1.761608e-001 8.564173e-002 
1.073742e-001 2.684355e-001 3.019899e-001 2.013266e-001 1.208739e-001 
8.589935e-002 2.362232e-001 2.952790e-001 2.214593e-001 1.611392e-001 
6.871948e-002 2.061584e-001 2.834678e-001 2.362232e-001 2.054311e-001 
5.497558e-002 1.786706e-001 2.680060e-001 2.456721e-001 2.526757e-001 
4.398047e-002 1.539316e-001 2.501389e-001 2.501389e-001 3.018101e-001 
3.518437e-002 1.319414e-001 2.308974e-001 2.501389e-001 3.518379e-001 
2.814750e-002 1.125900e-001 2.111062e-001 2.462906e-001 4.018657e-001 
2.251800e-002 9.570149e-002 1.914030e-001 2.392537e-001 4.511238e-001 
1.801440e-002 8.106479e-002 1.722627e-001 2.296836e-001 4.989745e-001 
1.441152e-002 6.845471e-002 1.540231e-001 2.181994e-001 5.449113e-001 



Q star

------------
1  1  1  1  1  1  1  1  1  1  1  1  1  1  1  1  1  1  1  1  
------------

P star

-----------
1.136868e-032

A Martrix

8.000000e-001 2.000000e-001 0.000000e+000 0.000000e+000 0.000000e+000 
0.000000e+000 8.000000e-001 2.000000e-001 0.000000e+000 0.000000e+000 
0.000000e+000 0.000000e+000 8.000000e-001 2.000000e-001 0.000000e+000 
0.000000e+000 0.000000e+000 0.000000e+000 8.000000e-001 2.000000e-001 
0.000000e+000 0.000000e+000 0.000000e+000 0.000000e+000 1.000000e+000 

B Martrix

1.000000e-030 1.000000e-030 1.000000e-030 1.000000e-030 1.000000e-030 8.747559e-001 1.000000e-030 1.000000e-030 1.000000e-030 1.000000e-030 1.000000e-030 5.304031e-002 1.000000e-030 1.000000e-030 1.000000e-030 1.000000e-030 1.000000e-030 1.000000e-030 1.000000e-030 1.000000e-030 1.000000e-030 5.816447e-002 1.000000e-030 1.000000e-030 1.000000e-030 1.000000e-030 1.000000e-030 1.403928e-002 1.000000e-030 1.000000e-030 1.000000e-030 1.000000e-030 
1.000000e+000 1.000000e-030 1.000000e-030 1.000000e-030 1.000000e-030 1.000000e-030 1.000000e-030 1.000000e-030 1.000000e-030 1.000000e-030 1.000000e-030 1.000000e-030 1.000000e-030 1.000000e-030 1.000000e-030 1.000000e-030 1.000000e-030 1.000000e-030 1.000000e-030 1.000000e-030 1.000000e-030 1.000000e-030 1.000000e-030 1.000000e-030 1.000000e-030 1.000000e-030 1.000000e-030 1.000000e-030 1.000000e-030 1.000000e-030 1.000000e-030 1.000000e-030 
1.000000e+000 1.000000e-030 1.000000e-030 1.000000e-030 1.000000e-030 1.000000e-030 1.000000e-030 1.000000e-030 1.000000e-030 1.000000e-030 1.000000e-030 1.000000e-030 1.000000e-030 1.000000e-030 1.000000e-030 1.000000e-030 1.000000e-030 1.000000e-030 1.000000e-030 1.000000e-030 1.000000e-030 1.000000e-030 1.000000e-030 1.000000e-030 1.000000e-030 1.000000e-030 1.000000e-030 1.000000e-030 1.000000e-030 1.000000e-030 1.000000e-030 1.000000e-030 
1.000000e+000 1.000000e-030 1.000000e-030 1.000000e-030 1.000000e-030 1.000000e-030 1.000000e-030 1.000000e-030 1.000000e-030 1.000000e-030 1.000000e-030 1.000000e-030 1.000000e-030 1.000000e-030 1.000000e-030 1.000000e-030 1.000000e-030 1.000000e-030 1.000000e-030 1.000000e-030 1.000000e-030 1.000000e-030 1.000000e-030 1.000000e-030 1.000000e-030 1.000000e-030 1.000000e-030 1.000000e-030 1.000000e-030 1.000000e-030 1.000000e-030 1.000000e-030 
1.000000e+000 1.000000e-030 1.000000e-030 1.000000e-030 1.000000e-030 1.000000e-030 1.000000e-030 1.000000e-030 1.000000e-030 1.000000e-030 1.000000e-030 1.000000e-030 1.000000e-030 1.000000e-030 1.000000e-030 1.000000e-030 1.000000e-030 1.000000e-030 1.000000e-030 1.000000e-030 1.000000e-030 1.000000e-030 1.000000e-030 1.000000e-030 1.000000e-030 1.000000e-030 1.000000e-030 1.000000e-030 1.000000e-030 1.000000e-030 1.000000e-030 1.000000e-030 
Iteraion 2
-----------------

P(O|lamda) = 2.013433e-014

8.747559e-001 0.000000e+000 0.000000e+000 0.000000e+000 0.000000e+000 
6.121584e-001 1.749512e-031 0.000000e+000 0.000000e+000 0.000000e+000 
4.283913e-001 1.224317e-031 3.499024e-062 0.000000e+000 0.000000e+000 
2.997903e-001 8.567827e-032 2.448633e-062 6.998047e-093 0.000000e+000 
2.097947e-001 5.995806e-032 1.713565e-062 4.897267e-093 1.399609e-123 
1.468153e-001 4.195893e-032 1.199161e-062 3.427131e-093 9.794534e-124 
6.229704e-003 2.936306e-032 8.391787e-063 2.398322e-093 6.854261e-124 
4.359576e-003 1.245941e-033 5.872612e-063 1.678357e-093 4.796645e-124 
2.028579e-004 8.719152e-034 2.491881e-064 1.174522e-093 3.356715e-124 
1.419610e-004 4.057159e-035 1.743830e-064 4.983763e-095 2.349045e-124 
9.934495e-005 2.839219e-035 8.114318e-066 3.487661e-095 9.967526e-126 
6.952207e-005 1.986899e-035 5.678438e-066 1.622864e-096 6.975322e-126 
4.865187e-005 1.390441e-035 3.973798e-066 1.135688e-096 3.245727e-127 
5.464299e-007 9.730375e-036 2.780883e-066 7.947596e-097 2.271375e-127 
2.542624e-008 1.092860e-037 1.946075e-066 5.561766e-097 1.589519e-127 
1.183123e-009 5.085249e-039 2.185720e-068 3.892150e-097 1.112353e-127 
8.279552e-010 2.366246e-040 1.017050e-069 4.371439e-099 7.784300e-128 
3.852606e-011 1.655910e-040 4.732493e-071 2.034100e-100 8.742878e-130 
1.792678e-012 7.705212e-042 3.311821e-071 9.464986e-102 4.068199e-131 
2.013433e-014 3.585357e-043 1.541042e-072 6.623642e-102 1.892997e-132 


2.301709e-014 0.000000e+000 0.000000e+000 0.000000e+000 0.000000e+000 
3.289073e-014 0.000000e+000 0.000000e+000 0.000000e+000 0.000000e+000 
4.699986e-014 0.000000e+000 0.000000e+000 0.000000e+000 0.000000e+000 
6.716139e-014 0.000000e+000 0.000000e+000 0.000000e+000 0.000000e+000 
9.597162e-014 0.000000e+000 0.000000e+000 0.000000e+000 0.000000e+000 
1.371406e-013 0.000000e+000 0.000000e+000 0.000000e+000 0.000000e+000 
3.231989e-012 0.000000e+000 0.000000e+000 0.000000e+000 0.000000e+000 
4.618415e-012 0.000000e+000 0.000000e+000 0.000000e+000 0.000000e+000 
9.925336e-011 0.000000e+000 0.000000e+000 0.000000e+000 0.000000e+000 
1.418301e-010 1.000000e-300 1.000000e-300 1.000000e-300 1.000000e-300 
2.026709e-010 1.000000e-270 1.000000e-270 1.000000e-270 1.000000e-270 
2.896107e-010 1.000000e-240 1.000000e-240 1.000000e-240 1.000000e-240 
4.138450e-010 1.000000e-210 1.000000e-210 1.000000e-210 1.000000e-210 
3.684706e-008 1.000000e-180 1.000000e-180 1.000000e-180 1.000000e-180 
7.918721e-007 1.000000e-150 1.000000e-150 1.000000e-150 1.000000e-150 
1.701795e-005 1.000000e-120 1.000000e-120 1.000000e-120 1.000000e-120 
2.431814e-005 1.000000e-090 1.000000e-090 1.000000e-090 1.000000e-090 
5.226159e-004 1.000000e-060 1.000000e-060 1.000000e-060 1.000000e-060 
1.123143e-002 1.000000e-030 1.000000e-030 1.000000e-030 1.000000e-030 
1.000000e+000 1.000000e+000 1.000000e+000 1.000000e+000 1.000000e+000 


1.000000e+000 0.000000e+000 0.000000e+000 0.000000e+000 0.000000e+000 
1.000000e+000 0.000000e+000 0.000000e+000 0.000000e+000 0.000000e+000 
1.000000e+000 0.000000e+000 0.000000e+000 0.000000e+000 0.000000e+000 
1.000000e+000 0.000000e+000 0.000000e+000 0.000000e+000 0.000000e+000 
1.000000e+000 0.000000e+000 0.000000e+000 0.000000e+000 0.000000e+000 
1.000000e+000 0.000000e+000 0.000000e+000 0.000000e+000 0.000000e+000 
1.000000e+000 0.000000e+000 0.000000e+000 0.000000e+000 0.000000e+000 
1.000000e+000 0.000000e+000 0.000000e+000 0.000000e+000 0.000000e+000 
1.000000e+000 0.000000e+000 0.000000e+000 0.000000e+000 0.000000e+000 
1.000000e+000 2.015788e-321 0.000000e+000 0.000000e+000 0.000000e+000 
1.000000e+000 1.410138e-291 4.051338e-322 0.000000e+000 0.000000e+000 
1.000000e+000 9.868214e-262 2.820276e-292 7.905050e-323 0.000000e+000 
1.000000e+000 6.905823e-232 1.973643e-262 5.640553e-293 1.482197e-323 
1.000000e+000 4.832728e-202 1.381165e-232 3.947285e-263 1.128111e-293 
1.000000e+000 5.427842e-174 9.665455e-203 2.762329e-233 7.894571e-264 
1.000000e+000 2.525660e-145 1.085568e-174 1.933091e-203 5.524658e-234 
1.000000e+000 1.175230e-116 5.051321e-146 2.171137e-175 3.866182e-204 
1.000000e+000 8.224312e-087 2.350459e-117 1.010264e-146 4.342274e-176 
1.000000e+000 3.826902e-058 1.644862e-087 4.700918e-118 2.020528e-147 
1.000000e+000 1.780718e-029 7.653804e-059 3.289725e-088 9.401837e-119 



Q star

------------
1  1  1  1  1  1  1  1  1  1  1  1  1  1  1  1  1  1  1  1  
------------

P star

-----------
2.013433e-014

A Martrix

1.000000e+000 9.372199e-031 0.000000e+000 0.000000e+000 0.000000e+000 
0.000000e+000 8.000000e-001 2.000000e-001 0.000000e+000 0.000000e+000 
0.000000e+000 0.000000e+000 8.000000e-001 2.000000e-001 0.000000e+000 
0.000000e+000 0.000000e+000 0.000000e+000 8.000000e-001 2.000000e-001 
0.000000e+000 0.000000e+000 0.000000e+000 0.000000e+000 1.000000e+000 

B Martrix

1.000000e-030 1.000000e-030 1.000000e-030 1.000000e-030 1.000000e-030 6.000000e-001 1.000000e-030 1.000000e-030 1.000000e-030 1.000000e-030 1.000000e-030 5.000000e-002 1.000000e-030 1.000000e-030 1.000000e-030 1.000000e-030 1.000000e-030 1.000000e-030 1.000000e-030 1.000000e-030 1.000000e-030 2.500000e-001 1.000000e-030 1.000000e-030 1.000000e-030 1.000000e-030 1.000000e-030 1.000000e-001 1.000000e-030 1.000000e-030 1.000000e-030 1.000000e-030 
1.000000e+000 1.000000e-030 1.000000e-030 1.000000e-030 1.000000e-030 1.000000e-030 1.000000e-030 1.000000e-030 1.000000e-030 1.000000e-030 1.000000e-030 1.000000e-030 1.000000e-030 1.000000e-030 1.000000e-030 1.000000e-030 1.000000e-030 1.000000e-030 1.000000e-030 1.000000e-030 1.000000e-030 1.000000e-030 1.000000e-030 1.000000e-030 1.000000e-030 1.000000e-030 1.000000e-030 1.000000e-030 1.000000e-030 1.000000e-030 1.000000e-030 1.000000e-030 
1.000000e+000 1.000000e-030 1.000000e-030 1.000000e-030 1.000000e-030 1.000000e-030 1.000000e-030 1.000000e-030 1.000000e-030 1.000000e-030 1.000000e-030 1.000000e-030 1.000000e-030 1.000000e-030 1.000000e-030 1.000000e-030 1.000000e-030 1.000000e-030 1.000000e-030 1.000000e-030 1.000000e-030 1.000000e-030 1.000000e-030 1.000000e-030 1.000000e-030 1.000000e-030 1.000000e-030 1.000000e-030 1.000000e-030 1.000000e-030 1.000000e-030 1.000000e-030 
1.000000e+000 1.000000e-030 1.000000e-030 1.000000e-030 1.000000e-030 1.000000e-030 1.000000e-030 1.000000e-030 1.000000e-030 1.000000e-030 1.000000e-030 1.000000e-030 1.000000e-030 1.000000e-030 1.000000e-030 1.000000e-030 1.000000e-030 1.000000e-030 1.000000e-030 1.000000e-030 1.000000e-030 1.000000e-030 1.000000e-030 1.000000e-030 1.000000e-030 1.000000e-030 1.000000e-030 1.000000e-030 1.000000e-030 1.000000e-030 1.000000e-030 1.000000e-030 
1.000000e+000 1.000000e-030 1.000000e-030 1.000000e-030 1.000000e-030 1.000000e-030 1.000000e-030 1.000000e-030 1.000000e-030 1.000000e-030 1.000000e-030 1.000000e-030 1.000000e-030 1.000000e-030 1.000000e-030 1.000000e-030 1.000000e-030 1.000000e-030 1.000000e-030 1.000000e-030 1.000000e-030 1.000000e-030 1.000000e-030 1.000000e-030 1.000000e-030 1.000000e-030 1.000000e-030 1.000000e-030 1.000000e-030 1.000000e-030 1.000000e-030 1.000000e-030 
Iteraion 3
-----------------

P(O|lamda) = 1.062882e-009

6.000000e-001 0.000000e+000 0.000000e+000 0.000000e+000 0.000000e+000 
3.600000e-001 5.623320e-061 0.000000e+000 0.000000e+000 0.000000e+000 
2.160000e-001 3.373992e-061 1.124664e-091 0.000000e+000 0.000000e+000 
1.296000e-001 2.024395e-061 6.747983e-092 2.249328e-122 0.000000e+000 
7.776000e-002 1.214637e-061 4.048790e-092 1.349597e-122 4.498656e-153 
4.665600e-002 7.287822e-062 2.429274e-092 8.097580e-123 2.699193e-153 
2.332800e-003 4.372693e-062 1.457564e-092 4.858548e-123 1.619516e-153 
1.399680e-003 2.186347e-063 8.745387e-093 2.915129e-123 9.717096e-154 
3.499200e-004 1.311808e-063 4.372693e-094 1.749077e-123 5.830258e-154 
2.099520e-004 3.279520e-064 2.623616e-094 8.745387e-125 3.498155e-154 
1.259712e-004 1.967712e-064 6.559040e-095 5.247232e-125 1.749077e-155 
7.558272e-005 1.180627e-064 3.935424e-095 1.311808e-125 1.049446e-155 
4.534963e-005 7.083763e-065 2.361254e-095 7.870848e-126 2.623616e-156 
4.534963e-006 4.250258e-065 1.416753e-095 4.722509e-126 1.574170e-156 
1.133741e-006 4.250258e-066 8.500516e-096 2.833505e-126 9.445017e-157 
2.834352e-007 1.062564e-066 8.500516e-097 1.700103e-126 5.667010e-157 
1.700611e-007 2.656411e-067 2.125129e-097 1.700103e-127 3.400206e-157 
4.251528e-008 1.593847e-067 5.312822e-098 4.250258e-128 3.400206e-158 
1.062882e-008 3.984617e-068 3.187693e-098 1.062564e-128 8.500516e-159 
1.062882e-009 9.961542e-069 7.969233e-099 6.375387e-129 2.125129e-159 


1.771470e-009 0.000000e+000 0.000000e+000 0.000000e+000 0.000000e+000 
2.952450e-009 0.000000e+000 0.000000e+000 0.000000e+000 0.000000e+000 
4.920750e-009 0.000000e+000 0.000000e+000 0.000000e+000 0.000000e+000 
8.201250e-009 0.000000e+000 0.000000e+000 0.000000e+000 0.000000e+000 
1.366875e-008 0.000000e+000 0.000000e+000 0.000000e+000 0.000000e+000 
2.278125e-008 0.000000e+000 0.000000e+000 0.000000e+000 0.000000e+000 
4.556250e-007 0.000000e+000 0.000000e+000 0.000000e+000 0.000000e+000 
7.593750e-007 0.000000e+000 0.000000e+000 0.000000e+000 0.000000e+000 
3.037500e-006 0.000000e+000 0.000000e+000 0.000000e+000 0.000000e+000 
5.062500e-006 1.000000e-300 1.000000e-300 1.000000e-300 1.000000e-300 
8.437500e-006 1.000000e-270 1.000000e-270 1.000000e-270 1.000000e-270 
1.406250e-005 1.000000e-240 1.000000e-240 1.000000e-240 1.000000e-240 
2.343750e-005 1.000000e-210 1.000000e-210 1.000000e-210 1.000000e-210 
2.343750e-004 1.000000e-180 1.000000e-180 1.000000e-180 1.000000e-180 
9.375000e-004 1.000000e-150 1.000000e-150 1.000000e-150 1.000000e-150 
3.750000e-003 1.000000e-120 1.000000e-120 1.000000e-120 1.000000e-120 
6.250000e-003 1.000000e-090 1.000000e-090 1.000000e-090 1.000000e-090 
2.500000e-002 1.000000e-060 1.000000e-060 1.000000e-060 1.000000e-060 
1.000000e-001 1.000000e-030 1.000000e-030 1.000000e-030 1.000000e-030 
1.000000e+000 1.000000e+000 1.000000e+000 1.000000e+000 1.000000e+000 


1.000000e+000 0.000000e+000 0.000000e+000 0.000000e+000 0.000000e+000 
1.000000e+000 0.000000e+000 0.000000e+000 0.000000e+000 0.000000e+000 
1.000000e+000 0.000000e+000 0.000000e+000 0.000000e+000 0.000000e+000 
1.000000e+000 0.000000e+000 0.000000e+000 0.000000e+000 0.000000e+000 
1.000000e+000 0.000000e+000 0.000000e+000 0.000000e+000 0.000000e+000 
1.000000e+000 0.000000e+000 0.000000e+000 0.000000e+000 0.000000e+000 
1.000000e+000 0.000000e+000 0.000000e+000 0.000000e+000 0.000000e+000 
1.000000e+000 0.000000e+000 0.000000e+000 0.000000e+000 0.000000e+000 
1.000000e+000 0.000000e+000 0.000000e+000 0.000000e+000 0.000000e+000 
1.000000e+000 0.000000e+000 0.000000e+000 0.000000e+000 0.000000e+000 
1.000000e+000 0.000000e+000 0.000000e+000 0.000000e+000 0.000000e+000 
1.000000e+000 1.110779e-295 0.000000e+000 0.000000e+000 0.000000e+000 
1.000000e+000 6.664675e-266 2.221558e-296 0.000000e+000 0.000000e+000 
1.000000e+000 3.998805e-236 1.332935e-266 4.443117e-297 0.000000e+000 
1.000000e+000 3.998805e-207 7.997610e-237 2.665870e-267 8.886233e-298 
1.000000e+000 9.997013e-178 7.997610e-208 1.599522e-237 5.331740e-268 
1.000000e+000 2.499253e-148 1.999403e-178 1.599522e-208 3.199044e-238 
1.000000e+000 1.499552e-118 4.998506e-149 3.998805e-179 3.199044e-209 
1.000000e+000 3.748880e-089 2.999104e-119 9.997013e-150 7.997610e-180 
1.000000e+000 9.372199e-060 7.497759e-090 5.998208e-120 1.999403e-150 



Q star

------------
1  1  1  1  1  1  1  1  1  1  1  1  1  1  1  1  1  1  1  1  
------------

P star

-----------
1.062882e-009

A Martrix

1.000000e+000 4.932736e-061 0.000000e+000 0.000000e+000 0.000000e+000 
0.000000e+000 8.000000e-001 2.000000e-001 0.000000e+000 0.000000e+000 
0.000000e+000 0.000000e+000 8.000000e-001 2.000000e-001 0.000000e+000 
0.000000e+000 0.000000e+000 0.000000e+000 8.000000e-001 2.000000e-001 
0.000000e+000 0.000000e+000 0.000000e+000 0.000000e+000 1.000000e+000 

B Martrix

1.000000e-030 1.000000e-030 1.000000e-030 1.000000e-030 1.000000e-030 6.000000e-001 1.000000e-030 1.000000e-030 1.000000e-030 1.000000e-030 1.000000e-030 5.000000e-002 1.000000e-030 1.000000e-030 1.000000e-030 1.000000e-030 1.000000e-030 1.000000e-030 1.000000e-030 1.000000e-030 1.000000e-030 2.500000e-001 1.000000e-030 1.000000e-030 1.000000e-030 1.000000e-030 1.000000e-030 1.000000e-001 1.000000e-030 1.000000e-030 1.000000e-030 1.000000e-030 
1.000000e+000 1.000000e-030 1.000000e-030 1.000000e-030 1.000000e-030 1.000000e-030 1.000000e-030 1.000000e-030 1.000000e-030 1.000000e-030 1.000000e-030 1.000000e-030 1.000000e-030 1.000000e-030 1.000000e-030 1.000000e-030 1.000000e-030 1.000000e-030 1.000000e-030 1.000000e-030 1.000000e-030 1.000000e-030 1.000000e-030 1.000000e-030 1.000000e-030 1.000000e-030 1.000000e-030 1.000000e-030 1.000000e-030 1.000000e-030 1.000000e-030 1.000000e-030 
1.000000e+000 1.000000e-030 1.000000e-030 1.000000e-030 1.000000e-030 1.000000e-030 1.000000e-030 1.000000e-030 1.000000e-030 1.000000e-030 1.000000e-030 1.000000e-030 1.000000e-030 1.000000e-030 1.000000e-030 1.000000e-030 1.000000e-030 1.000000e-030 1.000000e-030 1.000000e-030 1.000000e-030 1.000000e-030 1.000000e-030 1.000000e-030 1.000000e-030 1.000000e-030 1.000000e-030 1.000000e-030 1.000000e-030 1.000000e-030 1.000000e-030 1.000000e-030 
1.000000e+000 1.000000e-030 1.000000e-030 1.000000e-030 1.000000e-030 1.000000e-030 1.000000e-030 1.000000e-030 1.000000e-030 1.000000e-030 1.000000e-030 1.000000e-030 1.000000e-030 1.000000e-030 1.000000e-030 1.000000e-030 1.000000e-030 1.000000e-030 1.000000e-030 1.000000e-030 1.000000e-030 1.000000e-030 1.000000e-030 1.000000e-030 1.000000e-030 1.000000e-030 1.000000e-030 1.000000e-030 1.000000e-030 1.000000e-030 1.000000e-030 1.000000e-030 
1.000000e+000 1.000000e-030 1.000000e-030 1.000000e-030 1.000000e-030 1.000000e-030 1.000000e-030 1.000000e-030 1.000000e-030 1.000000e-030 1.000000e-030 1.000000e-030 1.000000e-030 1.000000e-030 1.000000e-030 1.000000e-030 1.000000e-030 1.000000e-030 1.000000e-030 1.000000e-030 1.000000e-030 1.000000e-030 1.000000e-030 1.000000e-030 1.000000e-030 1.000000e-030 1.000000e-030 1.000000e-030 1.000000e-030 1.000000e-030 1.000000e-030 1.000000e-030 
Iteraion 4
-----------------

P(O|lamda) = 1.062882e-009

6.000000e-001 0.000000e+000 0.000000e+000 0.000000e+000 0.000000e+000 
3.600000e-001 2.959642e-091 0.000000e+000 0.000000e+000 0.000000e+000 
2.160000e-001 1.775785e-091 5.919284e-122 0.000000e+000 0.000000e+000 
1.296000e-001 1.065471e-091 3.551570e-122 1.183857e-152 0.000000e+000 
7.776000e-002 6.392826e-092 2.130942e-122 7.103140e-153 2.367713e-183 
4.665600e-002 3.835696e-092 1.278565e-122 4.261884e-153 1.420628e-183 
2.332800e-003 2.301418e-092 7.671392e-123 2.557131e-153 8.523769e-184 
1.399680e-003 1.150709e-093 4.602835e-123 1.534278e-153 5.114261e-184 
3.499200e-004 6.904253e-094 2.301418e-124 9.205670e-154 3.068557e-184 
2.099520e-004 1.726063e-094 1.380851e-124 4.602835e-155 1.841134e-184 
1.259712e-004 1.035638e-094 3.452126e-125 2.761701e-155 9.205670e-186 
7.558272e-005 6.213827e-095 2.071276e-125 6.904253e-156 5.523402e-186 
4.534963e-005 3.728296e-095 1.242765e-125 4.142552e-156 1.380851e-186 
4.534963e-006 2.236978e-095 7.456593e-126 2.485531e-156 8.285103e-187 
1.133741e-006 2.236978e-096 4.473956e-126 1.491319e-156 4.971062e-187 
2.834352e-007 5.592445e-097 4.473956e-127 8.947911e-157 2.982637e-187 
1.700611e-007 1.398111e-097 1.118489e-127 8.947911e-158 1.789582e-187 
4.251528e-008 8.388667e-098 2.796222e-128 2.236978e-158 1.789582e-188 
1.062882e-008 2.097167e-098 1.677733e-128 5.592445e-159 4.473956e-189 
1.062882e-009 5.242917e-099 4.194333e-129 3.355467e-159 1.118489e-189 


1.771470e-009 0.000000e+000 0.000000e+000 0.000000e+000 0.000000e+000 
2.952450e-009 0.000000e+000 0.000000e+000 0.000000e+000 0.000000e+000 
4.920750e-009 0.000000e+000 0.000000e+000 0.000000e+000 0.000000e+000 
8.201250e-009 0.000000e+000 0.000000e+000 0.000000e+000 0.000000e+000 
1.366875e-008 0.000000e+000 0.000000e+000 0.000000e+000 0.000000e+000 
2.278125e-008 0.000000e+000 0.000000e+000 0.000000e+000 0.000000e+000 
4.556250e-007 0.000000e+000 0.000000e+000 0.000000e+000 0.000000e+000 
7.593750e-007 0.000000e+000 0.000000e+000 0.000000e+000 0.000000e+000 
3.037500e-006 0.000000e+000 0.000000e+000 0.000000e+000 0.000000e+000 
5.062500e-006 1.000000e-300 1.000000e-300 1.000000e-300 1.000000e-300 
8.437500e-006 1.000000e-270 1.000000e-270 1.000000e-270 1.000000e-270 
1.406250e-005 1.000000e-240 1.000000e-240 1.000000e-240 1.000000e-240 
2.343750e-005 1.000000e-210 1.000000e-210 1.000000e-210 1.000000e-210 
2.343750e-004 1.000000e-180 1.000000e-180 1.000000e-180 1.000000e-180 
9.375000e-004 1.000000e-150 1.000000e-150 1.000000e-150 1.000000e-150 
3.750000e-003 1.000000e-120 1.000000e-120 1.000000e-120 1.000000e-120 
6.250000e-003 1.000000e-090 1.000000e-090 1.000000e-090 1.000000e-090 
2.500000e-002 1.000000e-060 1.000000e-060 1.000000e-060 1.000000e-060 
1.000000e-001 1.000000e-030 1.000000e-030 1.000000e-030 1.000000e-030 
1.000000e+000 1.000000e+000 1.000000e+000 1.000000e+000 1.000000e+000 


1.000000e+000 0.000000e+000 0.000000e+000 0.000000e+000 0.000000e+000 
1.000000e+000 0.000000e+000 0.000000e+000 0.000000e+000 0.000000e+000 
1.000000e+000 0.000000e+000 0.000000e+000 0.000000e+000 0.000000e+000 
1.000000e+000 0.000000e+000 0.000000e+000 0.000000e+000 0.000000e+000 
1.000000e+000 0.000000e+000 0.000000e+000 0.000000e+000 0.000000e+000 
1.000000e+000 0.000000e+000 0.000000e+000 0.000000e+000 0.000000e+000 
1.000000e+000 0.000000e+000 0.000000e+000 0.000000e+000 0.000000e+000 
1.000000e+000 0.000000e+000 0.000000e+000 0.000000e+000 0.000000e+000 
1.000000e+000 0.000000e+000 0.000000e+000 0.000000e+000 0.000000e+000 
1.000000e+000 0.000000e+000 0.000000e+000 0.000000e+000 0.000000e+000 
1.000000e+000 0.000000e+000 0.000000e+000 0.000000e+000 0.000000e+000 
1.000000e+000 0.000000e+000 0.000000e+000 0.000000e+000 0.000000e+000 
1.000000e+000 3.507724e-296 0.000000e+000 0.000000e+000 0.000000e+000 
1.000000e+000 2.104634e-266 7.015447e-297 0.000000e+000 0.000000e+000 
1.000000e+000 2.104634e-237 4.209268e-267 1.403089e-297 0.000000e+000 
1.000000e+000 5.261586e-208 4.209268e-238 8.418537e-268 2.806179e-298 
1.000000e+000 1.315396e-178 1.052317e-208 8.418537e-239 1.683707e-268 
1.000000e+000 7.892378e-149 2.630793e-179 2.104634e-209 1.683707e-239 
1.000000e+000 1.973095e-119 1.578476e-149 5.261586e-180 4.209268e-210 
1.000000e+000 4.932736e-090 3.946189e-120 3.156951e-150 1.052317e-180 



Q star

------------
1  1  1  1  1  1  1  1  1  1  1  1  1  1  1  1  1  1  1  1  
------------

P star

-----------
1.062882e-009

A Martrix

1.000000e+000 2.596177e-091 0.000000e+000 0.000000e+000 0.000000e+000 
0.000000e+000 8.000000e-001 2.000000e-001 0.000000e+000 0.000000e+000 
0.000000e+000 0.000000e+000 8.000000e-001 2.000000e-001 0.000000e+000 
0.000000e+000 0.000000e+000 0.000000e+000 8.000000e-001 2.000000e-001 
0.000000e+000 0.000000e+000 0.000000e+000 0.000000e+000 1.000000e+000 

B Martrix

1.000000e-030 1.000000e-030 1.000000e-030 1.000000e-030 1.000000e-030 6.000000e-001 1.000000e-030 1.000000e-030 1.000000e-030 1.000000e-030 1.000000e-030 5.000000e-002 1.000000e-030 1.000000e-030 1.000000e-030 1.000000e-030 1.000000e-030 1.000000e-030 1.000000e-030 1.000000e-030 1.000000e-030 2.500000e-001 1.000000e-030 1.000000e-030 1.000000e-030 1.000000e-030 1.000000e-030 1.000000e-001 1.000000e-030 1.000000e-030 1.000000e-030 1.000000e-030 
1.000000e+000 1.000000e-030 1.000000e-030 1.000000e-030 1.000000e-030 1.000000e-030 1.000000e-030 1.000000e-030 1.000000e-030 1.000000e-030 1.000000e-030 1.000000e-030 1.000000e-030 1.000000e-030 1.000000e-030 1.000000e-030 1.000000e-030 1.000000e-030 1.000000e-030 1.000000e-030 1.000000e-030 1.000000e-030 1.000000e-030 1.000000e-030 1.000000e-030 1.000000e-030 1.000000e-030 1.000000e-030 1.000000e-030 1.000000e-030 1.000000e-030 1.000000e-030 
1.000000e+000 1.000000e-030 1.000000e-030 1.000000e-030 1.000000e-030 1.000000e-030 1.000000e-030 1.000000e-030 1.000000e-030 1.000000e-030 1.000000e-030 1.000000e-030 1.000000e-030 1.000000e-030 1.000000e-030 1.000000e-030 1.000000e-030 1.000000e-030 1.000000e-030 1.000000e-030 1.000000e-030 1.000000e-030 1.000000e-030 1.000000e-030 1.000000e-030 1.000000e-030 1.000000e-030 1.000000e-030 1.000000e-030 1.000000e-030 1.000000e-030 1.000000e-030 
1.000000e+000 1.000000e-030 1.000000e-030 1.000000e-030 1.000000e-030 1.000000e-030 1.000000e-030 1.000000e-030 1.000000e-030 1.000000e-030 1.000000e-030 1.000000e-030 1.000000e-030 1.000000e-030 1.000000e-030 1.000000e-030 1.000000e-030 1.000000e-030 1.000000e-030 1.000000e-030 1.000000e-030 1.000000e-030 1.000000e-030 1.000000e-030 1.000000e-030 1.000000e-030 1.000000e-030 1.000000e-030 1.000000e-030 1.000000e-030 1.000000e-030 1.000000e-030 
1.000000e+000 1.000000e-030 1.000000e-030 1.000000e-030 1.000000e-030 1.000000e-030 1.000000e-030 1.000000e-030 1.000000e-030 1.000000e-030 1.000000e-030 1.000000e-030 1.000000e-030 1.000000e-030 1.000000e-030 1.000000e-030 1.000000e-030 1.000000e-030 1.000000e-030 1.000000e-030 1.000000e-030 1.000000e-030 1.000000e-030 1.000000e-030 1.000000e-030 1.000000e-030 1.000000e-030 1.000000e-030 1.000000e-030 1.000000e-030 1.000000e-030 1.000000e-030 
=================
