32	20	20	20	11	11	11	29	11	29	29	29	29	13	23	11	11	11	11	29	11	19	19	19	11	11	15	15	15	15	16	16	28	12	12	12	12	15	16	16	6	12	16	16	16	28	12	12	22	32	32	22	22	
Iteraion 1
-----------------

P(O|lamda) = 1.686752e-080

3.125000e-002 0.000000e+000 0.000000e+000 0.000000e+000 0.000000e+000 
7.812500e-004 1.953125e-004 0.000000e+000 0.000000e+000 0.000000e+000 
1.953125e-005 9.765625e-006 1.220703e-006 0.000000e+000 0.000000e+000 
4.882813e-007 3.662109e-007 9.155273e-008 7.629395e-009 0.000000e+000 
1.220703e-008 1.220703e-008 4.577637e-009 7.629395e-010 4.768372e-011 
3.051758e-010 3.814697e-010 1.907349e-010 4.768372e-011 6.258488e-012 
7.629395e-012 1.144409e-011 7.152557e-012 2.384186e-012 4.936010e-013 
1.907349e-013 3.337860e-013 2.503395e-013 1.043081e-013 3.032619e-014 
4.768372e-015 9.536743e-015 8.344650e-015 4.172325e-015 1.599619e-015 
1.192093e-016 2.682209e-016 2.682209e-016 1.564622e-016 7.606513e-017 
2.980232e-018 7.450581e-018 8.381903e-018 5.587935e-018 3.354924e-018 
7.450581e-020 2.048910e-019 2.561137e-019 1.920853e-019 1.397660e-019 
1.862645e-021 5.587935e-021 7.683411e-021 6.402843e-021 5.568220e-021 
4.656613e-023 1.513399e-022 2.270099e-022 2.080924e-022 2.140246e-022 
1.164153e-024 4.074536e-024 6.621121e-024 6.621121e-024 7.988847e-024 
2.910383e-026 1.091394e-025 1.909939e-025 2.069100e-025 2.910335e-025 
7.275958e-028 2.910383e-027 5.456968e-027 6.366463e-027 1.038798e-026 
1.818989e-029 7.730705e-029 1.546141e-028 1.932676e-028 3.644149e-028 
4.547474e-031 2.046363e-030 4.348522e-030 5.798029e-030 1.259589e-029 
1.136868e-032 5.400125e-032 1.215028e-031 1.721290e-031 4.298592e-031 
2.842171e-034 1.421085e-033 3.375078e-033 5.062617e-033 1.450891e-032 
7.105427e-036 3.730349e-035 9.325873e-035 1.476597e-034 4.850447e-034 
1.776357e-037 9.769963e-037 2.564615e-036 4.274359e-036 1.608052e-035 
4.440892e-039 2.553513e-038 7.022161e-038 1.228878e-037 5.292309e-037 
1.110223e-040 6.661338e-040 1.915135e-039 3.511080e-039 1.730652e-038 
2.775558e-042 1.734723e-041 5.204170e-041 9.974660e-041 5.627729e-040 
6.938894e-044 4.510281e-043 1.409463e-042 2.818926e-042 1.821007e-041 
1.734723e-045 1.170938e-044 3.805550e-044 7.928228e-044 5.866829e-043 
4.336809e-047 3.035766e-046 1.024571e-045 2.219904e-045 1.882936e-044 
1.084202e-048 7.860466e-048 2.751163e-047 6.190117e-047 6.022918e-046 
2.710505e-050 2.032879e-049 7.369187e-049 1.719477e-048 1.920850e-047 
6.776264e-052 5.251604e-051 1.969352e-050 4.759266e-050 6.110124e-049 
1.694066e-053 1.355253e-052 5.251604e-052 1.312901e-051 1.939159e-050 
4.235165e-055 3.494011e-054 1.397604e-053 3.610478e-053 6.141928e-052 
1.058791e-056 8.999725e-056 3.712387e-055 9.899698e-055 1.941918e-053 
2.646978e-058 2.316106e-057 9.843449e-057 2.706949e-056 6.130367e-055 
6.617445e-060 5.955700e-059 2.605619e-058 7.382587e-058 1.932658e-056 
1.654361e-061 1.530284e-060 6.886279e-060 2.008498e-059 6.085698e-058 
4.135903e-063 3.929108e-062 1.817212e-061 5.451637e-061 1.914334e-059 
1.033976e-064 1.008126e-063 4.788600e-063 1.476485e-062 6.016366e-061 
2.584939e-066 2.584939e-065 1.260158e-064 3.990500e-064 1.889342e-062 
6.462349e-068 6.623907e-067 3.311954e-066 1.076385e-065 5.929135e-064 
1.615587e-069 1.696366e-068 8.693878e-068 2.897959e-067 1.859582e-065 
4.038968e-071 4.341890e-070 2.279492e-069 7.788266e-069 5.829306e-067 
1.009742e-072 1.110716e-071 5.970099e-071 2.089535e-070 1.826526e-068 
2.524355e-074 2.839899e-073 1.561945e-072 5.596968e-072 5.720953e-070 
6.310887e-076 7.257520e-075 4.082355e-074 1.496864e-073 1.791296e-071 
1.577722e-077 1.853823e-076 1.065948e-075 3.997306e-075 5.607155e-073 
3.944305e-079 4.733165e-078 2.780735e-077 1.065948e-076 1.754734e-074 
9.860761e-081 1.207943e-079 7.247660e-079 2.838667e-078 5.490207e-076 
2.465190e-082 3.081488e-081 1.887411e-080 7.549645e-080 1.717464e-077 
6.162976e-084 7.857794e-083 4.911121e-082 2.005375e-081 5.371793e-079 
1.540744e-085 2.002967e-084 1.276892e-083 5.320381e-083 1.679939e-080 


5.397605e-079 5.397605e-079 5.397605e-079 5.397605e-079 5.397605e-079 
1.727234e-077 1.727234e-077 1.727234e-077 1.727234e-077 1.727234e-077 
5.527148e-076 5.527148e-076 5.527148e-076 5.527148e-076 5.527148e-076 
1.768687e-074 1.768687e-074 1.768687e-074 1.768687e-074 1.768687e-074 
5.659799e-073 5.659799e-073 5.659799e-073 5.659799e-073 5.659799e-073 
1.811136e-071 1.811136e-071 1.811136e-071 1.811136e-071 1.811136e-071 
5.795635e-070 5.795635e-070 5.795635e-070 5.795635e-070 5.795635e-070 
1.854603e-068 1.854603e-068 1.854603e-068 1.854603e-068 1.854603e-068 
5.934730e-067 5.934730e-067 5.934730e-067 5.934730e-067 5.934730e-067 
1.899114e-065 1.899114e-065 1.899114e-065 1.899114e-065 1.899114e-065 
6.077163e-064 6.077163e-064 6.077163e-064 6.077163e-064 6.077163e-064 
1.944692e-062 1.944692e-062 1.944692e-062 1.944692e-062 1.944692e-062 
6.223015e-061 6.223015e-061 6.223015e-061 6.223015e-061 6.223015e-061 
1.991365e-059 1.991365e-059 1.991365e-059 1.991365e-059 1.991365e-059 
6.372368e-058 6.372368e-058 6.372368e-058 6.372368e-058 6.372368e-058 
2.039158e-056 2.039158e-056 2.039158e-056 2.039158e-056 2.039158e-056 
6.525304e-055 6.525304e-055 6.525304e-055 6.525304e-055 6.525304e-055 
2.088097e-053 2.088097e-053 2.088097e-053 2.088097e-053 2.088097e-053 
6.681912e-052 6.681912e-052 6.681912e-052 6.681912e-052 6.681912e-052 
2.138212e-050 2.138212e-050 2.138212e-050 2.138212e-050 2.138212e-050 
6.842278e-049 6.842278e-049 6.842278e-049 6.842278e-049 6.842278e-049 
2.189529e-047 2.189529e-047 2.189529e-047 2.189529e-047 2.189529e-047 
7.006492e-046 7.006492e-046 7.006492e-046 7.006492e-046 7.006492e-046 
2.242078e-044 2.242078e-044 2.242078e-044 2.242078e-044 2.242078e-044 
7.174648e-043 7.174648e-043 7.174648e-043 7.174648e-043 7.174648e-043 
2.295887e-041 2.295887e-041 2.295887e-041 2.295887e-041 2.295887e-041 
7.346840e-040 7.346840e-040 7.346840e-040 7.346840e-040 7.346840e-040 
2.350989e-038 2.350989e-038 2.350989e-038 2.350989e-038 2.350989e-038 
7.523164e-037 7.523164e-037 7.523164e-037 7.523164e-037 7.523164e-037 
2.407412e-035 2.407412e-035 2.407412e-035 2.407412e-035 2.407412e-035 
7.703720e-034 7.703720e-034 7.703720e-034 7.703720e-034 7.703720e-034 
2.465190e-032 2.465190e-032 2.465190e-032 2.465190e-032 2.465190e-032 
7.888609e-031 7.888609e-031 7.888609e-031 7.888609e-031 7.888609e-031 
2.524355e-029 2.524355e-029 2.524355e-029 2.524355e-029 2.524355e-029 
8.077936e-028 8.077936e-028 8.077936e-028 8.077936e-028 8.077936e-028 
2.584939e-026 2.584939e-026 2.584939e-026 2.584939e-026 2.584939e-026 
8.271806e-025 8.271806e-025 8.271806e-025 8.271806e-025 8.271806e-025 
2.646978e-023 2.646978e-023 2.646978e-023 2.646978e-023 2.646978e-023 
8.470329e-022 8.470329e-022 8.470329e-022 8.470329e-022 8.470329e-022 
2.710505e-020 2.710505e-020 2.710505e-020 2.710505e-020 2.710505e-020 
8.673617e-019 8.673617e-019 8.673617e-019 8.673617e-019 8.673617e-019 
2.775558e-017 2.775558e-017 2.775558e-017 2.775558e-017 2.775558e-017 
8.881784e-016 8.881784e-016 8.881784e-016 8.881784e-016 8.881784e-016 
2.842171e-014 2.842171e-014 2.842171e-014 2.842171e-014 2.842171e-014 
9.094947e-013 9.094947e-013 9.094947e-013 9.094947e-013 9.094947e-013 
2.910383e-011 2.910383e-011 2.910383e-011 2.910383e-011 2.910383e-011 
9.313226e-010 9.313226e-010 9.313226e-010 9.313226e-010 9.313226e-010 
2.980232e-008 2.980232e-008 2.980232e-008 2.980232e-008 2.980232e-008 
9.536743e-007 9.536743e-007 9.536743e-007 9.536743e-007 9.536743e-007 
3.051758e-005 3.051758e-005 3.051758e-005 3.051758e-005 3.051758e-005 
9.765625e-004 9.765625e-004 9.765625e-004 9.765625e-004 9.765625e-004 
3.125000e-002 3.125000e-002 3.125000e-002 3.125000e-002 3.125000e-002 
1.000000e+000 1.000000e+000 1.000000e+000 1.000000e+000 1.000000e+000 


1.000000e+000 0.000000e+000 0.000000e+000 0.000000e+000 0.000000e+000 
8.000000e-001 2.000000e-001 0.000000e+000 0.000000e+000 0.000000e+000 
6.400000e-001 3.200000e-001 4.000000e-002 0.000000e+000 0.000000e+000 
5.120000e-001 3.840000e-001 9.600000e-002 8.000000e-003 0.000000e+000 
4.096000e-001 4.096000e-001 1.536000e-001 2.560000e-002 1.600000e-003 
3.276800e-001 4.096000e-001 2.048000e-001 5.120000e-002 6.720000e-003 
2.621440e-001 3.932160e-001 2.457600e-001 8.192000e-002 1.696000e-002 
2.097152e-001 3.670016e-001 2.752512e-001 1.146880e-001 3.334400e-002 
1.677722e-001 3.355443e-001 2.936013e-001 1.468006e-001 5.628160e-002 
1.342177e-001 3.019899e-001 3.019899e-001 1.761608e-001 8.564173e-002 
1.073742e-001 2.684355e-001 3.019899e-001 2.013266e-001 1.208739e-001 
8.589935e-002 2.362232e-001 2.952790e-001 2.214593e-001 1.611392e-001 
6.871948e-002 2.061584e-001 2.834678e-001 2.362232e-001 2.054311e-001 
5.497558e-002 1.786706e-001 2.680060e-001 2.456721e-001 2.526757e-001 
4.398047e-002 1.539316e-001 2.501389e-001 2.501389e-001 3.018101e-001 
3.518437e-002 1.319414e-001 2.308974e-001 2.501389e-001 3.518379e-001 
2.814750e-002 1.125900e-001 2.111062e-001 2.462906e-001 4.018657e-001 
2.251800e-002 9.570149e-002 1.914030e-001 2.392537e-001 4.511238e-001 
1.801440e-002 8.106479e-002 1.722627e-001 2.296836e-001 4.989745e-001 
1.441152e-002 6.845471e-002 1.540231e-001 2.181994e-001 5.449113e-001 
1.152922e-002 5.764608e-002 1.369094e-001 2.053641e-001 5.885511e-001 
9.223372e-003 4.842270e-002 1.210568e-001 1.916732e-001 6.296240e-001 
7.378698e-003 4.058284e-002 1.065299e-001 1.775499e-001 6.679586e-001 
5.902958e-003 3.394201e-002 9.334053e-002 1.633459e-001 7.034686e-001 
4.722366e-003 2.833420e-002 8.146082e-002 1.493448e-001 7.361378e-001 
3.777893e-003 2.361183e-002 7.083550e-002 1.357680e-001 7.660067e-001 
3.022315e-003 1.964504e-002 6.139076e-002 1.227815e-001 7.931603e-001 
2.417852e-003 1.632050e-002 5.304162e-002 1.105034e-001 8.177167e-001 
1.934281e-003 1.353997e-002 4.569740e-002 9.901102e-002 8.398173e-001 
1.547425e-003 1.121883e-002 3.926591e-002 8.834830e-002 8.596195e-001 
1.237940e-003 9.284550e-003 3.365649e-002 7.853182e-002 8.772892e-001 
9.903520e-004 7.675228e-003 2.878211e-002 6.955676e-002 8.929956e-001 
7.922816e-004 6.338253e-003 2.456073e-002 6.140183e-002 9.069069e-001 
6.338253e-004 5.229059e-003 2.091623e-002 5.403361e-002 9.191873e-001 
5.070602e-004 4.310012e-003 1.777880e-002 4.741013e-002 9.299940e-001 
4.056482e-004 3.549422e-003 1.508504e-002 4.148387e-002 9.394760e-001 
3.245186e-004 2.920667e-003 1.277792e-002 3.620410e-002 9.477728e-001 
2.596148e-004 2.401437e-003 1.080647e-002 3.151886e-002 9.550136e-001 
2.076919e-004 1.973073e-003 9.125462e-003 2.737639e-002 9.613174e-001 
1.661535e-004 1.619997e-003 7.694984e-003 2.372620e-002 9.667927e-001 
1.329228e-004 1.329228e-003 6.479986e-003 2.051996e-002 9.715379e-001 
1.063382e-004 1.089967e-003 5.449835e-003 1.771196e-002 9.756419e-001 
8.507059e-005 8.932412e-004 4.577861e-003 1.525954e-002 9.791843e-001 
6.805647e-005 7.316071e-004 3.840937e-003 1.312320e-002 9.822362e-001 
5.444518e-005 5.988970e-004 3.219071e-003 1.126675e-002 9.848608e-001 
4.355614e-005 4.900066e-004 2.695036e-003 9.657214e-003 9.871142e-001 
3.484491e-005 4.007165e-004 2.254030e-003 8.264778e-003 9.890456e-001 
2.787593e-005 3.275422e-004 1.883368e-003 7.062629e-003 9.906986e-001 
2.230075e-005 2.676089e-004 1.572203e-003 6.026776e-003 9.921111e-001 
1.784060e-005 2.185473e-004 1.311284e-003 5.135862e-003 9.933165e-001 
1.427248e-005 1.784060e-004 1.092737e-003 4.370946e-003 9.943436e-001 
1.141798e-005 1.455793e-004 9.098704e-004 3.715304e-003 9.952178e-001 
9.134385e-006 1.187470e-004 7.570122e-004 3.154217e-003 9.959609e-001 



Q star

------------
1  2  3  4  5  5  5  5  5  5  5  5  5  5  5  5  5  5  5  5  5  5  5  5  5  5  5  5  5  5  5  5  5  5  5  5  5  5  5  5  5  5  5  5  5  5  5  5  5  5  5  5  5  
------------

P star

-----------
2.698803e-083

A Martrix

8.000000e-001 2.000000e-001 0.000000e+000 0.000000e+000 0.000000e+000 
0.000000e+000 8.000000e-001 2.000000e-001 0.000000e+000 0.000000e+000 
0.000000e+000 0.000000e+000 8.000000e-001 2.000000e-001 0.000000e+000 
0.000000e+000 0.000000e+000 0.000000e+000 8.000000e-001 2.000000e-001 
0.000000e+000 0.000000e+000 0.000000e+000 0.000000e+000 1.000000e+000 

B Martrix

1.000000e-030 1.000000e-030 1.000000e-030 1.000000e-030 1.000000e-030 1.000000e-030 1.000000e-030 1.000000e-030 1.000000e-030 1.000000e-030 1.000000e-030 1.000000e-030 1.000000e-030 1.000000e-030 1.000000e-030 1.000000e-030 1.000000e-030 1.000000e-030 1.000000e-030 1.000000e-030 1.000000e-030 1.000000e-030 1.000000e-030 1.000000e-030 1.000000e-030 1.000000e-030 1.000000e-030 1.000000e-030 1.000000e-030 1.000000e-030 1.000000e-030 1.000000e+000 
1.000000e-030 1.000000e-030 1.000000e-030 1.000000e-030 1.000000e-030 1.000000e-030 1.000000e-030 1.000000e-030 1.000000e-030 1.000000e-030 1.000000e-030 1.000000e-030 1.000000e-030 1.000000e-030 1.000000e-030 1.000000e-030 1.000000e-030 1.000000e-030 1.000000e-030 1.000000e+000 1.000000e-030 1.000000e-030 1.000000e-030 1.000000e-030 1.000000e-030 1.000000e-030 1.000000e-030 1.000000e-030 1.000000e-030 1.000000e-030 1.000000e-030 1.000000e-030 
1.000000e-030 1.000000e-030 1.000000e-030 1.000000e-030 1.000000e-030 1.000000e-030 1.000000e-030 1.000000e-030 1.000000e-030 1.000000e-030 1.000000e-030 1.000000e-030 1.000000e-030 1.000000e-030 1.000000e-030 1.000000e-030 1.000000e-030 1.000000e-030 1.000000e-030 1.000000e+000 1.000000e-030 1.000000e-030 1.000000e-030 1.000000e-030 1.000000e-030 1.000000e-030 1.000000e-030 1.000000e-030 1.000000e-030 1.000000e-030 1.000000e-030 1.000000e-030 
1.000000e-030 1.000000e-030 1.000000e-030 1.000000e-030 1.000000e-030 1.000000e-030 1.000000e-030 1.000000e-030 1.000000e-030 1.000000e-030 1.000000e-030 1.000000e-030 1.000000e-030 1.000000e-030 1.000000e-030 1.000000e-030 1.000000e-030 1.000000e-030 1.000000e-030 1.000000e+000 1.000000e-030 1.000000e-030 1.000000e-030 1.000000e-030 1.000000e-030 1.000000e-030 1.000000e-030 1.000000e-030 1.000000e-030 1.000000e-030 1.000000e-030 1.000000e-030 
1.000000e-030 1.000000e-030 1.000000e-030 1.000000e-030 1.000000e-030 2.942158e-002 1.000000e-030 1.000000e-030 1.000000e-030 1.000000e-030 1.173807e-001 2.026517e-001 7.651908e-003 1.000000e-030 1.291691e-001 2.012241e-001 1.000000e-030 1.000000e-030 6.059886e-002 1.000000e-030 1.000000e-030 9.034450e-002 9.139871e-003 1.000000e-030 1.000000e-030 1.000000e-030 1.000000e-030 5.735762e-002 3.486666e-002 1.000000e-030 1.000000e-030 6.019333e-002 
Iteraion 2
-----------------

P(O|lamda) = 4.546787e-054

1.000000e+000 0.000000e+000 0.000000e+000 0.000000e+000 0.000000e+000 
8.000000e-031 2.000000e-001 0.000000e+000 0.000000e+000 0.000000e+000 
6.400000e-061 1.600000e-001 4.000000e-002 0.000000e+000 0.000000e+000 
5.120000e-091 1.280000e-001 6.400000e-002 8.000000e-003 0.000000e+000 
4.096000e-121 1.024000e-031 7.680000e-032 1.920000e-032 1.878091e-004 
3.276800e-151 8.192000e-062 8.192000e-062 3.072000e-062 2.204516e-005 
2.621440e-181 6.553600e-092 8.192000e-092 4.096000e-092 2.587677e-006 
2.097152e-211 5.242880e-122 7.864320e-122 4.915200e-122 9.022363e-008 
1.677722e-241 4.194304e-152 7.340032e-152 5.505024e-152 1.059051e-008 
1.342177e-271 3.355443e-182 6.710886e-182 5.872026e-182 3.692558e-010 
1.073742e-301 2.684355e-212 6.039798e-212 6.039798e-212 1.287471e-011 
0.000000e+000 2.147484e-242 5.368709e-242 6.039798e-242 4.488982e-013 
0.000000e+000 1.717987e-272 4.724464e-272 5.905580e-272 1.565158e-014 
0.000000e+000 1.374390e-302 4.123169e-302 5.669357e-302 1.197644e-016 
0.000000e+000 0.000000e+000 0.000000e+000 0.000000e+000 1.094632e-018 
0.000000e+000 0.000000e+000 0.000000e+000 0.000000e+000 1.284886e-019 
0.000000e+000 0.000000e+000 0.000000e+000 0.000000e+000 1.508208e-020 
0.000000e+000 0.000000e+000 0.000000e+000 0.000000e+000 1.770345e-021 
0.000000e+000 0.000000e+000 0.000000e+000 0.000000e+000 2.078044e-022 
0.000000e+000 0.000000e+000 0.000000e+000 0.000000e+000 7.245444e-024 
0.000000e+000 0.000000e+000 0.000000e+000 0.000000e+000 8.504752e-025 
0.000000e+000 0.000000e+000 0.000000e+000 0.000000e+000 5.153783e-026 
0.000000e+000 0.000000e+000 0.000000e+000 0.000000e+000 3.123134e-027 
0.000000e+000 0.000000e+000 0.000000e+000 0.000000e+000 1.892584e-028 
0.000000e+000 0.000000e+000 0.000000e+000 0.000000e+000 2.221528e-029 
0.000000e+000 0.000000e+000 0.000000e+000 0.000000e+000 2.607645e-030 
0.000000e+000 0.000000e+000 0.000000e+000 0.000000e+000 3.368272e-031 
0.000000e+000 0.000000e+000 0.000000e+000 0.000000e+000 4.350766e-032 
0.000000e+000 0.000000e+000 0.000000e+000 0.000000e+000 5.619846e-033 
0.000000e+000 0.000000e+000 0.000000e+000 0.000000e+000 7.259105e-034 
0.000000e+000 0.000000e+000 0.000000e+000 0.000000e+000 1.460707e-034 
0.000000e+000 0.000000e+000 0.000000e+000 0.000000e+000 2.939296e-035 
0.000000e+000 0.000000e+000 0.000000e+000 0.000000e+000 1.685910e-036 
0.000000e+000 0.000000e+000 0.000000e+000 0.000000e+000 3.416525e-037 
0.000000e+000 0.000000e+000 0.000000e+000 0.000000e+000 6.923647e-038 
0.000000e+000 0.000000e+000 0.000000e+000 0.000000e+000 1.403089e-038 
0.000000e+000 0.000000e+000 0.000000e+000 0.000000e+000 2.843384e-039 
0.000000e+000 0.000000e+000 0.000000e+000 0.000000e+000 3.672774e-040 
0.000000e+000 0.000000e+000 0.000000e+000 0.000000e+000 7.390508e-041 
0.000000e+000 0.000000e+000 0.000000e+000 0.000000e+000 1.487149e-041 
0.000000e+000 0.000000e+000 0.000000e+000 0.000000e+000 4.375427e-043 
0.000000e+000 0.000000e+000 0.000000e+000 0.000000e+000 8.866877e-044 
0.000000e+000 0.000000e+000 0.000000e+000 0.000000e+000 1.784230e-044 
0.000000e+000 0.000000e+000 0.000000e+000 0.000000e+000 3.590301e-045 
0.000000e+000 0.000000e+000 0.000000e+000 0.000000e+000 7.224553e-046 
0.000000e+000 0.000000e+000 0.000000e+000 0.000000e+000 4.143831e-047 
0.000000e+000 0.000000e+000 0.000000e+000 0.000000e+000 8.397545e-048 
0.000000e+000 0.000000e+000 0.000000e+000 0.000000e+000 1.701777e-048 
0.000000e+000 0.000000e+000 0.000000e+000 0.000000e+000 1.537462e-049 
0.000000e+000 0.000000e+000 0.000000e+000 0.000000e+000 9.254496e-051 
0.000000e+000 0.000000e+000 0.000000e+000 0.000000e+000 5.570590e-052 
0.000000e+000 0.000000e+000 0.000000e+000 0.000000e+000 5.032721e-053 
0.000000e+000 0.000000e+000 0.000000e+000 0.000000e+000 4.546787e-054 


4.546787e-054 5.456145e-053 2.182458e-052 2.909944e-052 2.841742e-141 
3.873539e-083 2.273394e-053 1.818715e-052 3.637430e-052 2.841742e-111 
3.299980e-112 1.936770e-082 1.136697e-052 4.546787e-052 2.841742e-081 
2.811348e-141 1.649990e-111 9.683848e-082 5.683484e-052 2.841742e-051 
8.063142e-140 1.405674e-110 8.249949e-081 4.841924e-051 2.420962e-050 
6.869223e-139 4.031571e-109 7.028370e-080 4.124975e-050 2.062487e-049 
1.970141e-137 3.434612e-108 2.015785e-078 3.514185e-049 1.757092e-048 
5.650502e-136 9.850705e-107 1.717306e-077 1.007893e-047 5.039464e-047 
1.620603e-134 2.825251e-105 4.925353e-076 8.586529e-047 4.293264e-046 
4.648003e-133 8.103017e-104 1.412625e-074 2.462676e-045 1.231338e-044 
6.074306e-131 2.324002e-102 4.051508e-073 7.063127e-044 3.531564e-043 
6.645943e-129 3.037153e-100 1.162001e-071 2.025754e-042 1.012877e-041 
5.661871e-128 3.322972e-098 1.518577e-069 5.810004e-041 2.905002e-040 
4.823511e-127 2.830935e-097 1.661486e-067 7.592883e-039 3.796442e-038 
4.109288e-126 2.411755e-096 1.415468e-066 8.307429e-037 4.153715e-036 
3.500821e-125 2.054644e-095 1.205878e-065 7.077338e-036 3.538669e-035 
1.004060e-123 1.750411e-094 1.027322e-064 6.029389e-035 3.014694e-034 
8.553876e-123 5.020299e-093 8.752053e-064 5.136610e-034 2.568305e-033 
1.411557e-121 4.276938e-092 2.510150e-062 4.376026e-033 2.188013e-032 
2.329346e-120 7.057786e-091 2.138469e-061 1.255075e-031 6.275374e-031 
3.843877e-119 1.164673e-089 3.528893e-060 1.069234e-030 5.346172e-030 
3.274710e-118 1.921939e-088 5.823365e-059 1.764446e-029 8.822232e-029 
2.789820e-117 1.637355e-087 9.609693e-058 2.911682e-028 1.455841e-027 
2.159820e-116 1.394910e-086 8.186775e-057 4.804847e-027 2.402423e-026 
1.672087e-115 1.079910e-085 6.974550e-056 4.093388e-026 2.046694e-025 
1.294494e-114 8.360435e-085 5.399549e-055 3.487275e-025 1.743637e-024 
1.002170e-113 6.472472e-084 4.180217e-054 2.699775e-024 1.349887e-023 
4.980368e-113 5.010851e-083 3.236236e-053 2.090109e-023 1.045054e-022 
2.475035e-112 2.490184e-082 2.505426e-052 1.618118e-022 8.090590e-022 
4.315094e-111 1.237517e-081 1.245092e-051 1.252713e-021 6.263564e-021 
2.129315e-110 2.157547e-080 6.187587e-051 6.225460e-021 3.112730e-020 
1.050726e-109 1.064658e-079 1.078773e-049 3.093794e-020 1.546897e-019 
5.184888e-109 5.253632e-079 5.323288e-049 5.393867e-019 2.696934e-018 
2.558522e-108 2.592444e-078 2.626816e-048 2.661644e-018 1.330822e-017 
1.980754e-107 1.279261e-077 1.296222e-047 1.313408e-017 6.567040e-017 
9.843518e-107 9.903768e-077 6.396304e-047 6.481110e-017 3.240555e-016 
4.891817e-106 4.921759e-076 4.951884e-046 3.198152e-016 1.599076e-015 
1.662663e-104 2.445909e-075 2.460879e-045 2.475942e-015 1.237971e-014 
8.204534e-104 8.313315e-074 1.222954e-044 1.230440e-014 6.152199e-014 
4.077311e-103 4.102267e-073 4.156657e-043 6.114772e-014 3.057386e-013 
2.026253e-102 2.038655e-072 2.051134e-042 2.078329e-012 1.039164e-011 
1.006963e-101 1.013127e-071 1.019328e-041 1.025567e-011 5.127834e-011 
1.755588e-100 5.034816e-071 5.065633e-041 5.096639e-011 2.548319e-010 
8.663079e-100 8.777939e-070 2.517408e-040 2.532817e-010 1.266408e-009 
4.274861e-099 4.331539e-069 4.388969e-039 1.258704e-009 6.293520e-009 
4.731733e-098 2.137430e-068 2.165770e-038 2.194485e-008 1.097242e-007 
7.860892e-097 2.365867e-067 1.068715e-037 1.082885e-007 5.414424e-007 
5.120131e-091 3.930446e-066 1.182933e-036 5.343576e-007 2.671788e-006 
6.400000e-061 6.529703e-065 1.965223e-035 5.914666e-006 2.957333e-005 
8.000000e-061 7.227560e-064 3.264852e-034 9.826115e-005 4.913058e-004 
1.000000e-060 1.000000e-060 3.613780e-033 1.632426e-003 8.162129e-003 
1.000000e-030 1.000000e-030 1.000000e-030 1.806890e-002 9.034450e-002 
1.000000e+000 1.000000e+000 1.000000e+000 1.000000e+000 1.000000e+000 


1.000000e+000 0.000000e+000 0.000000e+000 0.000000e+000 0.000000e+000 
6.815431e-060 1.000000e+000 0.000000e+000 0.000000e+000 0.000000e+000 
4.645010e-119 6.815431e-030 1.000000e+000 0.000000e+000 0.000000e+000 
3.165774e-178 4.645010e-059 1.363086e-029 1.000000e+000 0.000000e+000 
7.263729e-207 3.165774e-088 1.393503e-058 2.044629e-029 1.000000e+000 
4.950544e-236 7.263729e-117 1.266310e-087 2.787006e-058 1.000000e+000 
1.135880e-264 4.950544e-146 3.631864e-116 3.165774e-087 1.000000e+000 
2.606227e-293 1.135880e-174 2.970326e-145 1.089559e-115 1.000000e+000 
5.978194e-322 2.606227e-203 7.951163e-174 1.039614e-144 1.000000e+000 
0.000000e+000 5.979874e-232 2.084982e-202 3.180465e-173 1.000000e+000 
0.000000e+000 1.372056e-260 5.381886e-231 9.382419e-202 1.000000e+000 
0.000000e+000 1.434472e-288 1.372056e-259 2.690943e-230 1.000000e+000 
0.000000e+000 1.255573e-316 1.577919e-287 7.546306e-259 1.000000e+000 
0.000000e+000 0.000000e+000 1.506687e-315 9.467512e-287 1.000000e+000 
0.000000e+000 0.000000e+000 0.000000e+000 0.000000e+000 1.000000e+000 
0.000000e+000 0.000000e+000 0.000000e+000 0.000000e+000 1.000000e+000 
0.000000e+000 0.000000e+000 0.000000e+000 0.000000e+000 1.000000e+000 
0.000000e+000 0.000000e+000 0.000000e+000 0.000000e+000 1.000000e+000 
0.000000e+000 0.000000e+000 0.000000e+000 0.000000e+000 1.000000e+000 
0.000000e+000 0.000000e+000 0.000000e+000 0.000000e+000 1.000000e+000 
0.000000e+000 0.000000e+000 0.000000e+000 0.000000e+000 1.000000e+000 
0.000000e+000 0.000000e+000 0.000000e+000 0.000000e+000 1.000000e+000 
0.000000e+000 0.000000e+000 0.000000e+000 0.000000e+000 1.000000e+000 
0.000000e+000 0.000000e+000 0.000000e+000 0.000000e+000 1.000000e+000 
0.000000e+000 0.000000e+000 0.000000e+000 0.000000e+000 1.000000e+000 
0.000000e+000 0.000000e+000 0.000000e+000 0.000000e+000 1.000000e+000 
0.000000e+000 0.000000e+000 0.000000e+000 0.000000e+000 1.000000e+000 
0.000000e+000 0.000000e+000 0.000000e+000 0.000000e+000 1.000000e+000 
0.000000e+000 0.000000e+000 0.000000e+000 0.000000e+000 1.000000e+000 
0.000000e+000 0.000000e+000 0.000000e+000 0.000000e+000 1.000000e+000 
0.000000e+000 0.000000e+000 0.000000e+000 0.000000e+000 1.000000e+000 
0.000000e+000 0.000000e+000 0.000000e+000 0.000000e+000 1.000000e+000 
0.000000e+000 0.000000e+000 0.000000e+000 0.000000e+000 1.000000e+000 
0.000000e+000 0.000000e+000 0.000000e+000 0.000000e+000 1.000000e+000 
0.000000e+000 0.000000e+000 0.000000e+000 0.000000e+000 1.000000e+000 
0.000000e+000 0.000000e+000 0.000000e+000 0.000000e+000 1.000000e+000 
0.000000e+000 0.000000e+000 0.000000e+000 0.000000e+000 1.000000e+000 
0.000000e+000 0.000000e+000 0.000000e+000 0.000000e+000 1.000000e+000 
0.000000e+000 0.000000e+000 0.000000e+000 0.000000e+000 1.000000e+000 
0.000000e+000 0.000000e+000 0.000000e+000 0.000000e+000 1.000000e+000 
0.000000e+000 0.000000e+000 0.000000e+000 0.000000e+000 1.000000e+000 
0.000000e+000 0.000000e+000 0.000000e+000 0.000000e+000 1.000000e+000 
0.000000e+000 0.000000e+000 0.000000e+000 0.000000e+000 1.000000e+000 
0.000000e+000 0.000000e+000 0.000000e+000 0.000000e+000 1.000000e+000 
0.000000e+000 0.000000e+000 0.000000e+000 0.000000e+000 1.000000e+000 
0.000000e+000 0.000000e+000 0.000000e+000 0.000000e+000 1.000000e+000 
0.000000e+000 0.000000e+000 0.000000e+000 0.000000e+000 1.000000e+000 
0.000000e+000 0.000000e+000 0.000000e+000 0.000000e+000 1.000000e+000 
0.000000e+000 0.000000e+000 0.000000e+000 0.000000e+000 1.000000e+000 
0.000000e+000 0.000000e+000 0.000000e+000 0.000000e+000 1.000000e+000 
0.000000e+000 0.000000e+000 0.000000e+000 0.000000e+000 1.000000e+000 
0.000000e+000 0.000000e+000 0.000000e+000 0.000000e+000 1.000000e+000 
0.000000e+000 0.000000e+000 0.000000e+000 0.000000e+000 1.000000e+000 



Q star

------------
1  2  3  4  5  5  5  5  5  5  5  5  5  5  5  5  5  5  5  5  5  5  5  5  5  5  5  5  5  5  5  5  5  5  5  5  5  5  5  5  5  5  5  5  5  5  5  5  5  5  5  5  5  
------------

P star

-----------
4.546787e-054

A Martrix

6.815431e-060 1.000000e+000 0.000000e+000 0.000000e+000 0.000000e+000 
0.000000e+000 6.815431e-030 1.000000e+000 0.000000e+000 0.000000e+000 
0.000000e+000 0.000000e+000 6.815431e-030 1.000000e+000 0.000000e+000 
0.000000e+000 0.000000e+000 0.000000e+000 6.815431e-030 1.000000e+000 
0.000000e+000 0.000000e+000 0.000000e+000 0.000000e+000 1.000000e+000 

B Martrix

1.000000e-030 1.000000e-030 1.000000e-030 1.000000e-030 1.000000e-030 1.000000e-030 1.000000e-030 1.000000e-030 1.000000e-030 1.000000e-030 1.000000e-030 1.000000e-030 1.000000e-030 1.000000e-030 1.000000e-030 1.000000e-030 1.000000e-030 1.000000e-030 1.000000e-030 1.000000e-030 1.000000e-030 1.000000e-030 1.000000e-030 1.000000e-030 1.000000e-030 1.000000e-030 1.000000e-030 1.000000e-030 1.000000e-030 1.000000e-030 1.000000e-030 1.000000e+000 
1.000000e-030 1.000000e-030 1.000000e-030 1.000000e-030 1.000000e-030 1.000000e-030 1.000000e-030 1.000000e-030 1.000000e-030 1.000000e-030 1.000000e-030 1.000000e-030 1.000000e-030 1.000000e-030 1.000000e-030 1.000000e-030 1.000000e-030 1.000000e-030 1.000000e-030 1.000000e+000 1.000000e-030 1.000000e-030 1.000000e-030 1.000000e-030 1.000000e-030 1.000000e-030 1.000000e-030 1.000000e-030 1.000000e-030 1.000000e-030 1.000000e-030 1.000000e-030 
1.000000e-030 1.000000e-030 1.000000e-030 1.000000e-030 1.000000e-030 1.000000e-030 1.000000e-030 1.000000e-030 1.000000e-030 1.000000e-030 1.000000e-030 1.000000e-030 1.000000e-030 1.000000e-030 1.000000e-030 1.000000e-030 1.000000e-030 1.000000e-030 1.000000e-030 1.000000e+000 1.000000e-030 1.000000e-030 1.000000e-030 1.000000e-030 1.000000e-030 1.000000e-030 1.000000e-030 1.000000e-030 1.000000e-030 1.000000e-030 1.000000e-030 1.000000e-030 
1.000000e-030 1.000000e-030 1.000000e-030 1.000000e-030 1.000000e-030 1.000000e-030 1.000000e-030 1.000000e-030 1.000000e-030 1.000000e-030 1.000000e-030 1.000000e-030 1.000000e-030 1.000000e-030 1.000000e-030 1.000000e-030 1.000000e-030 1.000000e-030 1.000000e-030 1.000000e+000 1.000000e-030 1.000000e-030 1.000000e-030 1.000000e-030 1.000000e-030 1.000000e-030 1.000000e-030 1.000000e-030 1.000000e-030 1.000000e-030 1.000000e-030 1.000000e-030 
1.000000e-030 1.000000e-030 1.000000e-030 1.000000e-030 1.000000e-030 2.040816e-002 1.000000e-030 1.000000e-030 1.000000e-030 1.000000e-030 2.244898e-001 1.428571e-001 2.040816e-002 1.000000e-030 1.020408e-001 1.428571e-001 1.000000e-030 1.000000e-030 6.122449e-002 1.000000e-030 1.000000e-030 6.122449e-002 2.040816e-002 1.000000e-030 1.000000e-030 1.000000e-030 1.000000e-030 4.081633e-002 1.224490e-001 1.000000e-030 1.000000e-030 4.081633e-002 
Iteraion 3
-----------------

P(O|lamda) = 4.985276e-048

1.000000e+000 0.000000e+000 0.000000e+000 0.000000e+000 0.000000e+000 
6.815431e-090 1.000000e+000 0.000000e+000 0.000000e+000 0.000000e+000 
4.645010e-179 6.815431e-030 1.000000e+000 0.000000e+000 0.000000e+000 
3.165774e-268 4.645010e-059 1.363086e-029 1.000000e+000 0.000000e+000 
0.000000e+000 3.165774e-118 1.393503e-088 2.044629e-059 2.244898e-001 
0.000000e+000 2.157611e-177 1.266310e-147 2.787006e-118 5.039567e-002 
0.000000e+000 1.470505e-236 1.078806e-206 3.165774e-177 1.131331e-002 
0.000000e+000 1.002213e-295 8.823031e-266 3.236417e-236 1.385304e-003 
0.000000e+000 0.000000e+000 0.000000e+000 3.088061e-295 3.109865e-004 
0.000000e+000 0.000000e+000 0.000000e+000 0.000000e+000 3.807998e-005 
0.000000e+000 0.000000e+000 0.000000e+000 0.000000e+000 4.662855e-006 
0.000000e+000 0.000000e+000 0.000000e+000 0.000000e+000 5.709619e-007 
0.000000e+000 0.000000e+000 0.000000e+000 0.000000e+000 6.991370e-008 
0.000000e+000 0.000000e+000 0.000000e+000 0.000000e+000 1.426810e-009 
0.000000e+000 0.000000e+000 0.000000e+000 0.000000e+000 2.911857e-011 
0.000000e+000 0.000000e+000 0.000000e+000 0.000000e+000 6.536823e-012 
0.000000e+000 0.000000e+000 0.000000e+000 0.000000e+000 1.467450e-012 
0.000000e+000 0.000000e+000 0.000000e+000 0.000000e+000 3.294276e-013 
0.000000e+000 0.000000e+000 0.000000e+000 0.000000e+000 7.395313e-014 
0.000000e+000 0.000000e+000 0.000000e+000 0.000000e+000 9.055485e-015 
0.000000e+000 0.000000e+000 0.000000e+000 0.000000e+000 2.032864e-015 
0.000000e+000 0.000000e+000 0.000000e+000 0.000000e+000 1.244611e-016 
0.000000e+000 0.000000e+000 0.000000e+000 0.000000e+000 7.620065e-018 
0.000000e+000 0.000000e+000 0.000000e+000 0.000000e+000 4.665346e-019 
0.000000e+000 0.000000e+000 0.000000e+000 0.000000e+000 1.047323e-019 
0.000000e+000 0.000000e+000 0.000000e+000 0.000000e+000 2.351132e-020 
0.000000e+000 0.000000e+000 0.000000e+000 0.000000e+000 2.399114e-021 
0.000000e+000 0.000000e+000 0.000000e+000 0.000000e+000 2.448076e-022 
0.000000e+000 0.000000e+000 0.000000e+000 0.000000e+000 2.498037e-023 
0.000000e+000 0.000000e+000 0.000000e+000 0.000000e+000 2.549017e-024 
0.000000e+000 0.000000e+000 0.000000e+000 0.000000e+000 3.641453e-025 
0.000000e+000 0.000000e+000 0.000000e+000 0.000000e+000 5.202076e-026 
0.000000e+000 0.000000e+000 0.000000e+000 0.000000e+000 2.123296e-027 
0.000000e+000 0.000000e+000 0.000000e+000 0.000000e+000 3.033280e-028 
0.000000e+000 0.000000e+000 0.000000e+000 0.000000e+000 4.333257e-029 
0.000000e+000 0.000000e+000 0.000000e+000 0.000000e+000 6.190368e-030 
0.000000e+000 0.000000e+000 0.000000e+000 0.000000e+000 8.843383e-031 
0.000000e+000 0.000000e+000 0.000000e+000 0.000000e+000 9.023860e-032 
0.000000e+000 0.000000e+000 0.000000e+000 0.000000e+000 1.289123e-032 
0.000000e+000 0.000000e+000 0.000000e+000 0.000000e+000 1.841604e-033 
0.000000e+000 0.000000e+000 0.000000e+000 0.000000e+000 3.758376e-035 
0.000000e+000 0.000000e+000 0.000000e+000 0.000000e+000 5.369108e-036 
0.000000e+000 0.000000e+000 0.000000e+000 0.000000e+000 7.670154e-037 
0.000000e+000 0.000000e+000 0.000000e+000 0.000000e+000 1.095736e-037 
0.000000e+000 0.000000e+000 0.000000e+000 0.000000e+000 1.565338e-038 
0.000000e+000 0.000000e+000 0.000000e+000 0.000000e+000 6.389133e-040 
0.000000e+000 0.000000e+000 0.000000e+000 0.000000e+000 9.127333e-041 
0.000000e+000 0.000000e+000 0.000000e+000 0.000000e+000 1.303905e-041 
0.000000e+000 0.000000e+000 0.000000e+000 0.000000e+000 7.983090e-043 
0.000000e+000 0.000000e+000 0.000000e+000 0.000000e+000 3.258404e-044 
0.000000e+000 0.000000e+000 0.000000e+000 0.000000e+000 1.329961e-045 
0.000000e+000 0.000000e+000 0.000000e+000 0.000000e+000 8.142618e-047 
0.000000e+000 0.000000e+000 0.000000e+000 0.000000e+000 4.985276e-048 


4.985276e-048 1.069157e-076 7.676385e-106 1.848754e-135 4.985276e-138 
2.220714e-077 4.985276e-048 7.293888e-077 2.705286e-106 4.985276e-108 
9.892271e-107 2.220714e-077 4.985276e-048 3.896208e-077 4.985276e-078 
4.406557e-136 9.892271e-107 2.220714e-077 4.985276e-048 4.985276e-048 
3.598688e-135 4.406557e-106 9.892271e-077 2.220714e-047 2.220714e-047 
1.603052e-134 3.598688e-105 4.406557e-076 9.892271e-047 9.892271e-047 
1.309159e-133 1.603052e-104 3.598688e-075 4.406557e-046 4.406557e-046 
1.069147e-132 1.309159e-103 1.603052e-074 3.598688e-045 3.598688e-045 
8.731364e-132 1.069147e-102 1.309159e-073 1.603052e-044 1.603052e-044 
7.130614e-131 8.731364e-102 1.069147e-072 1.309159e-043 1.309159e-043 
3.494001e-129 7.130614e-101 8.731364e-072 1.069147e-042 1.069147e-042 
1.712060e-127 3.494001e-099 7.130614e-071 8.731364e-042 8.731364e-042 
7.626451e-127 1.712060e-097 3.494001e-069 7.130614e-041 7.130614e-041 
3.397237e-126 7.626451e-097 1.712060e-067 3.494001e-039 3.494001e-039 
1.513315e-125 3.397237e-096 7.626451e-067 1.712060e-037 1.712060e-037 
6.741130e-125 1.513315e-095 3.397237e-066 7.626451e-037 7.626451e-037 
5.505256e-124 6.741130e-095 1.513315e-065 3.397237e-036 3.397237e-036 
2.452341e-123 5.505256e-094 6.741130e-065 1.513315e-035 1.513315e-035 
4.005491e-122 2.452341e-093 5.505256e-064 6.741130e-035 6.741130e-035 
6.542301e-121 4.005491e-092 2.452341e-063 5.505256e-034 5.505256e-034 
1.068576e-119 6.542301e-091 4.005491e-062 2.452341e-033 2.452341e-033 
4.760020e-119 1.068576e-089 6.542301e-061 4.005491e-032 4.005491e-032 
2.120373e-118 4.760020e-089 1.068576e-059 6.542301e-031 6.542301e-031 
2.077965e-117 2.120373e-088 4.760020e-059 1.068576e-029 1.068576e-029 
2.036406e-116 2.077965e-087 2.120373e-058 4.760020e-029 4.760020e-029 
1.995678e-115 2.036406e-086 2.077965e-057 2.120373e-028 2.120373e-028 
1.955764e-114 1.995678e-085 2.036406e-056 2.077965e-027 2.077965e-027 
1.369035e-113 1.955764e-084 1.995678e-055 2.036406e-026 2.036406e-026 
9.583244e-113 1.369035e-083 1.955764e-054 1.995678e-025 1.995678e-025 
2.347895e-111 9.583244e-083 1.369035e-053 1.955764e-024 1.955764e-024 
1.643526e-110 2.347895e-081 9.583244e-053 1.369035e-023 1.369035e-023 
1.150468e-109 1.643526e-080 2.347895e-051 9.583244e-023 9.583244e-023 
8.053279e-109 1.150468e-079 1.643526e-050 2.347895e-021 2.347895e-021 
5.637295e-108 8.053279e-079 1.150468e-049 1.643526e-020 1.643526e-020 
5.524550e-107 5.637295e-078 8.053279e-049 1.150468e-019 1.150468e-019 
3.867185e-106 5.524550e-077 5.637295e-048 8.053279e-019 8.053279e-019 
2.707029e-105 3.867185e-076 5.524550e-047 5.637295e-018 5.637295e-018 
1.326444e-103 2.707029e-075 3.867185e-046 5.524550e-017 5.524550e-017 
9.285110e-103 1.326444e-073 2.707029e-045 3.867185e-016 3.867185e-016 
6.499577e-102 9.285110e-073 1.326444e-043 2.707029e-015 2.707029e-015 
4.549704e-101 6.499577e-072 9.285110e-043 1.326444e-013 1.326444e-013 
3.184793e-100 4.549704e-071 6.499577e-042 9.285110e-013 9.285110e-013 
7.802743e-099 3.184793e-070 4.549704e-041 6.499577e-012 6.499577e-012 
5.461920e-098 7.802743e-069 3.184793e-040 4.549704e-011 4.549704e-011 
3.823344e-097 5.461920e-068 7.802743e-039 3.184793e-010 3.184793e-010 
6.244795e-096 3.823344e-067 5.461920e-038 7.802743e-009 7.802743e-009 
1.529975e-094 6.244795e-066 3.823344e-037 5.461920e-008 5.461920e-008 
3.748438e-093 1.529975e-064 6.244795e-036 3.823344e-007 3.823344e-007 
6.122449e-092 3.748438e-063 1.529975e-034 6.244795e-006 6.244795e-006 
1.000000e-090 6.122449e-062 3.748438e-033 1.529975e-004 1.529975e-004 
1.000000e-060 1.000000e-060 6.122449e-032 3.748438e-003 3.748438e-003 
1.000000e-030 1.000000e-030 1.000000e-030 6.122449e-002 6.122449e-002 
1.000000e+000 1.000000e+000 1.000000e+000 1.000000e+000 1.000000e+000 


1.000000e+000 0.000000e+000 0.000000e+000 0.000000e+000 0.000000e+000 
3.035965e-119 1.000000e+000 0.000000e+000 0.000000e+000 0.000000e+000 
9.217081e-238 3.035965e-059 1.000000e+000 0.000000e+000 0.000000e+000 
0.000000e+000 9.217081e-118 6.071929e-059 1.000000e+000 0.000000e+000 
0.000000e+000 2.798273e-176 2.765124e-117 9.107894e-059 1.000000e+000 
0.000000e+000 1.557501e-234 1.119309e-175 5.530249e-117 1.000000e+000 
0.000000e+000 4.728517e-293 7.787504e-234 2.798273e-175 1.000000e+000 
0.000000e+000 0.000000e+000 2.837110e-292 2.336251e-233 1.000000e+000 
0.000000e+000 0.000000e+000 0.000000e+000 9.929886e-292 1.000000e+000 
0.000000e+000 0.000000e+000 0.000000e+000 0.000000e+000 1.000000e+000 
0.000000e+000 0.000000e+000 0.000000e+000 0.000000e+000 1.000000e+000 
0.000000e+000 0.000000e+000 0.000000e+000 0.000000e+000 1.000000e+000 
0.000000e+000 0.000000e+000 0.000000e+000 0.000000e+000 1.000000e+000 
0.000000e+000 0.000000e+000 0.000000e+000 0.000000e+000 1.000000e+000 
0.000000e+000 0.000000e+000 0.000000e+000 0.000000e+000 1.000000e+000 
0.000000e+000 0.000000e+000 0.000000e+000 0.000000e+000 1.000000e+000 
0.000000e+000 0.000000e+000 0.000000e+000 0.000000e+000 1.000000e+000 
0.000000e+000 0.000000e+000 0.000000e+000 0.000000e+000 1.000000e+000 
0.000000e+000 0.000000e+000 0.000000e+000 0.000000e+000 1.000000e+000 
0.000000e+000 0.000000e+000 0.000000e+000 0.000000e+000 1.000000e+000 
0.000000e+000 0.000000e+000 0.000000e+000 0.000000e+000 1.000000e+000 
0.000000e+000 0.000000e+000 0.000000e+000 0.000000e+000 1.000000e+000 
0.000000e+000 0.000000e+000 0.000000e+000 0.000000e+000 1.000000e+000 
0.000000e+000 0.000000e+000 0.000000e+000 0.000000e+000 1.000000e+000 
0.000000e+000 0.000000e+000 0.000000e+000 0.000000e+000 1.000000e+000 
0.000000e+000 0.000000e+000 0.000000e+000 0.000000e+000 1.000000e+000 
0.000000e+000 0.000000e+000 0.000000e+000 0.000000e+000 1.000000e+000 
0.000000e+000 0.000000e+000 0.000000e+000 0.000000e+000 1.000000e+000 
0.000000e+000 0.000000e+000 0.000000e+000 0.000000e+000 1.000000e+000 
0.000000e+000 0.000000e+000 0.000000e+000 0.000000e+000 1.000000e+000 
0.000000e+000 0.000000e+000 0.000000e+000 0.000000e+000 1.000000e+000 
0.000000e+000 0.000000e+000 0.000000e+000 0.000000e+000 1.000000e+000 
0.000000e+000 0.000000e+000 0.000000e+000 0.000000e+000 1.000000e+000 
0.000000e+000 0.000000e+000 0.000000e+000 0.000000e+000 1.000000e+000 
0.000000e+000 0.000000e+000 0.000000e+000 0.000000e+000 1.000000e+000 
0.000000e+000 0.000000e+000 0.000000e+000 0.000000e+000 1.000000e+000 
0.000000e+000 0.000000e+000 0.000000e+000 0.000000e+000 1.000000e+000 
0.000000e+000 0.000000e+000 0.000000e+000 0.000000e+000 1.000000e+000 
0.000000e+000 0.000000e+000 0.000000e+000 0.000000e+000 1.000000e+000 
0.000000e+000 0.000000e+000 0.000000e+000 0.000000e+000 1.000000e+000 
0.000000e+000 0.000000e+000 0.000000e+000 0.000000e+000 1.000000e+000 
0.000000e+000 0.000000e+000 0.000000e+000 0.000000e+000 1.000000e+000 
0.000000e+000 0.000000e+000 0.000000e+000 0.000000e+000 1.000000e+000 
0.000000e+000 0.000000e+000 0.000000e+000 0.000000e+000 1.000000e+000 
0.000000e+000 0.000000e+000 0.000000e+000 0.000000e+000 1.000000e+000 
0.000000e+000 0.000000e+000 0.000000e+000 0.000000e+000 1.000000e+000 
0.000000e+000 0.000000e+000 0.000000e+000 0.000000e+000 1.000000e+000 
0.000000e+000 0.000000e+000 0.000000e+000 0.000000e+000 1.000000e+000 
0.000000e+000 0.000000e+000 0.000000e+000 0.000000e+000 1.000000e+000 
0.000000e+000 0.000000e+000 0.000000e+000 0.000000e+000 1.000000e+000 
0.000000e+000 0.000000e+000 0.000000e+000 0.000000e+000 1.000000e+000 
0.000000e+000 0.000000e+000 0.000000e+000 0.000000e+000 1.000000e+000 
0.000000e+000 0.000000e+000 0.000000e+000 0.000000e+000 1.000000e+000 



Q star

------------
1  2  3  4  5  5  5  5  5  5  5  5  5  5  5  5  5  5  5  5  5  5  5  5  5  5  5  5  5  5  5  5  5  5  5  5  5  5  5  5  5  5  5  5  5  5  5  5  5  5  5  5  5  
------------

P star

-----------
4.985276e-048

A Martrix

3.035965e-119 1.000000e+000 0.000000e+000 0.000000e+000 0.000000e+000 
0.000000e+000 3.035965e-059 1.000000e+000 0.000000e+000 0.000000e+000 
0.000000e+000 0.000000e+000 3.035965e-059 1.000000e+000 0.000000e+000 
0.000000e+000 0.000000e+000 0.000000e+000 3.035965e-059 1.000000e+000 
0.000000e+000 0.000000e+000 0.000000e+000 0.000000e+000 1.000000e+000 

B Martrix

1.000000e-030 1.000000e-030 1.000000e-030 1.000000e-030 1.000000e-030 1.000000e-030 1.000000e-030 1.000000e-030 1.000000e-030 1.000000e-030 1.000000e-030 1.000000e-030 1.000000e-030 1.000000e-030 1.000000e-030 1.000000e-030 1.000000e-030 1.000000e-030 1.000000e-030 1.000000e-030 1.000000e-030 1.000000e-030 1.000000e-030 1.000000e-030 1.000000e-030 1.000000e-030 1.000000e-030 1.000000e-030 1.000000e-030 1.000000e-030 1.000000e-030 1.000000e+000 
1.000000e-030 1.000000e-030 1.000000e-030 1.000000e-030 1.000000e-030 1.000000e-030 1.000000e-030 1.000000e-030 1.000000e-030 1.000000e-030 1.000000e-030 1.000000e-030 1.000000e-030 1.000000e-030 1.000000e-030 1.000000e-030 1.000000e-030 1.000000e-030 1.000000e-030 1.000000e+000 1.000000e-030 1.000000e-030 1.000000e-030 1.000000e-030 1.000000e-030 1.000000e-030 1.000000e-030 1.000000e-030 1.000000e-030 1.000000e-030 1.000000e-030 1.000000e-030 
1.000000e-030 1.000000e-030 1.000000e-030 1.000000e-030 1.000000e-030 1.000000e-030 1.000000e-030 1.000000e-030 1.000000e-030 1.000000e-030 1.000000e-030 1.000000e-030 1.000000e-030 1.000000e-030 1.000000e-030 1.000000e-030 1.000000e-030 1.000000e-030 1.000000e-030 1.000000e+000 1.000000e-030 1.000000e-030 1.000000e-030 1.000000e-030 1.000000e-030 1.000000e-030 1.000000e-030 1.000000e-030 1.000000e-030 1.000000e-030 1.000000e-030 1.000000e-030 
1.000000e-030 1.000000e-030 1.000000e-030 1.000000e-030 1.000000e-030 1.000000e-030 1.000000e-030 1.000000e-030 1.000000e-030 1.000000e-030 1.000000e-030 1.000000e-030 1.000000e-030 1.000000e-030 1.000000e-030 1.000000e-030 1.000000e-030 1.000000e-030 1.000000e-030 1.000000e+000 1.000000e-030 1.000000e-030 1.000000e-030 1.000000e-030 1.000000e-030 1.000000e-030 1.000000e-030 1.000000e-030 1.000000e-030 1.000000e-030 1.000000e-030 1.000000e-030 
1.000000e-030 1.000000e-030 1.000000e-030 1.000000e-030 1.000000e-030 2.040816e-002 1.000000e-030 1.000000e-030 1.000000e-030 1.000000e-030 2.244898e-001 1.428571e-001 2.040816e-002 1.000000e-030 1.020408e-001 1.428571e-001 1.000000e-030 1.000000e-030 6.122449e-002 1.000000e-030 1.000000e-030 6.122449e-002 2.040816e-002 1.000000e-030 1.000000e-030 1.000000e-030 1.000000e-030 4.081633e-002 1.224490e-001 1.000000e-030 1.000000e-030 4.081633e-002 
Iteraion 4
-----------------

P(O|lamda) = 4.985276e-048

1.000000e+000 0.000000e+000 0.000000e+000 0.000000e+000 0.000000e+000 
3.035965e-149 1.000000e+000 0.000000e+000 0.000000e+000 0.000000e+000 
9.217081e-298 3.035965e-059 1.000000e+000 0.000000e+000 0.000000e+000 
0.000000e+000 9.217081e-118 6.071929e-059 1.000000e+000 0.000000e+000 
0.000000e+000 2.798273e-206 2.765124e-147 9.107894e-089 2.244898e-001 
0.000000e+000 8.495458e-295 1.119309e-235 5.530249e-177 5.039567e-002 
0.000000e+000 0.000000e+000 4.940656e-324 2.798273e-265 1.131331e-002 
0.000000e+000 0.000000e+000 0.000000e+000 0.000000e+000 1.385304e-003 
0.000000e+000 0.000000e+000 0.000000e+000 0.000000e+000 3.109865e-004 
0.000000e+000 0.000000e+000 0.000000e+000 0.000000e+000 3.807998e-005 
0.000000e+000 0.000000e+000 0.000000e+000 0.000000e+000 4.662855e-006 
0.000000e+000 0.000000e+000 0.000000e+000 0.000000e+000 5.709619e-007 
0.000000e+000 0.000000e+000 0.000000e+000 0.000000e+000 6.991370e-008 
0.000000e+000 0.000000e+000 0.000000e+000 0.000000e+000 1.426810e-009 
0.000000e+000 0.000000e+000 0.000000e+000 0.000000e+000 2.911857e-011 
0.000000e+000 0.000000e+000 0.000000e+000 0.000000e+000 6.536823e-012 
0.000000e+000 0.000000e+000 0.000000e+000 0.000000e+000 1.467450e-012 
0.000000e+000 0.000000e+000 0.000000e+000 0.000000e+000 3.294276e-013 
0.000000e+000 0.000000e+000 0.000000e+000 0.000000e+000 7.395313e-014 
0.000000e+000 0.000000e+000 0.000000e+000 0.000000e+000 9.055485e-015 
0.000000e+000 0.000000e+000 0.000000e+000 0.000000e+000 2.032864e-015 
0.000000e+000 0.000000e+000 0.000000e+000 0.000000e+000 1.244611e-016 
0.000000e+000 0.000000e+000 0.000000e+000 0.000000e+000 7.620065e-018 
0.000000e+000 0.000000e+000 0.000000e+000 0.000000e+000 4.665346e-019 
0.000000e+000 0.000000e+000 0.000000e+000 0.000000e+000 1.047323e-019 
0.000000e+000 0.000000e+000 0.000000e+000 0.000000e+000 2.351132e-020 
0.000000e+000 0.000000e+000 0.000000e+000 0.000000e+000 2.399114e-021 
0.000000e+000 0.000000e+000 0.000000e+000 0.000000e+000 2.448076e-022 
0.000000e+000 0.000000e+000 0.000000e+000 0.000000e+000 2.498037e-023 
0.000000e+000 0.000000e+000 0.000000e+000 0.000000e+000 2.549017e-024 
0.000000e+000 0.000000e+000 0.000000e+000 0.000000e+000 3.641453e-025 
0.000000e+000 0.000000e+000 0.000000e+000 0.000000e+000 5.202076e-026 
0.000000e+000 0.000000e+000 0.000000e+000 0.000000e+000 2.123296e-027 
0.000000e+000 0.000000e+000 0.000000e+000 0.000000e+000 3.033280e-028 
0.000000e+000 0.000000e+000 0.000000e+000 0.000000e+000 4.333257e-029 
0.000000e+000 0.000000e+000 0.000000e+000 0.000000e+000 6.190368e-030 
0.000000e+000 0.000000e+000 0.000000e+000 0.000000e+000 8.843383e-031 
0.000000e+000 0.000000e+000 0.000000e+000 0.000000e+000 9.023860e-032 
0.000000e+000 0.000000e+000 0.000000e+000 0.000000e+000 1.289123e-032 
0.000000e+000 0.000000e+000 0.000000e+000 0.000000e+000 1.841604e-033 
0.000000e+000 0.000000e+000 0.000000e+000 0.000000e+000 3.758376e-035 
0.000000e+000 0.000000e+000 0.000000e+000 0.000000e+000 5.369108e-036 
0.000000e+000 0.000000e+000 0.000000e+000 0.000000e+000 7.670154e-037 
0.000000e+000 0.000000e+000 0.000000e+000 0.000000e+000 1.095736e-037 
0.000000e+000 0.000000e+000 0.000000e+000 0.000000e+000 1.565338e-038 
0.000000e+000 0.000000e+000 0.000000e+000 0.000000e+000 6.389133e-040 
0.000000e+000 0.000000e+000 0.000000e+000 0.000000e+000 9.127333e-041 
0.000000e+000 0.000000e+000 0.000000e+000 0.000000e+000 1.303905e-041 
0.000000e+000 0.000000e+000 0.000000e+000 0.000000e+000 7.983090e-043 
0.000000e+000 0.000000e+000 0.000000e+000 0.000000e+000 3.258404e-044 
0.000000e+000 0.000000e+000 0.000000e+000 0.000000e+000 1.329961e-045 
0.000000e+000 0.000000e+000 0.000000e+000 0.000000e+000 8.142618e-047 
0.000000e+000 0.000000e+000 0.000000e+000 0.000000e+000 4.985276e-048 


4.985276e-048 4.985276e-078 4.985276e-108 4.985276e-138 4.985276e-138 
2.220714e-077 4.985276e-048 4.985276e-078 4.985276e-108 4.985276e-108 
9.892271e-107 2.220714e-077 4.985276e-048 4.985276e-078 4.985276e-078 
4.406557e-136 9.892271e-107 2.220714e-077 4.985276e-048 4.985276e-048 
3.598688e-135 4.406557e-106 9.892271e-077 2.220714e-047 2.220714e-047 
1.603052e-134 3.598688e-105 4.406557e-076 9.892271e-047 9.892271e-047 
1.309159e-133 1.603052e-104 3.598688e-075 4.406557e-046 4.406557e-046 
1.069147e-132 1.309159e-103 1.603052e-074 3.598688e-045 3.598688e-045 
8.731364e-132 1.069147e-102 1.309159e-073 1.603052e-044 1.603052e-044 
7.130614e-131 8.731364e-102 1.069147e-072 1.309159e-043 1.309159e-043 
3.494001e-129 7.130614e-101 8.731364e-072 1.069147e-042 1.069147e-042 
1.712060e-127 3.494001e-099 7.130614e-071 8.731364e-042 8.731364e-042 
7.626451e-127 1.712060e-097 3.494001e-069 7.130614e-041 7.130614e-041 
3.397237e-126 7.626451e-097 1.712060e-067 3.494001e-039 3.494001e-039 
1.513315e-125 3.397237e-096 7.626451e-067 1.712060e-037 1.712060e-037 
6.741130e-125 1.513315e-095 3.397237e-066 7.626451e-037 7.626451e-037 
5.505256e-124 6.741130e-095 1.513315e-065 3.397237e-036 3.397237e-036 
2.452341e-123 5.505256e-094 6.741130e-065 1.513315e-035 1.513315e-035 
4.005491e-122 2.452341e-093 5.505256e-064 6.741130e-035 6.741130e-035 
6.542301e-121 4.005491e-092 2.452341e-063 5.505256e-034 5.505256e-034 
1.068576e-119 6.542301e-091 4.005491e-062 2.452341e-033 2.452341e-033 
4.760020e-119 1.068576e-089 6.542301e-061 4.005491e-032 4.005491e-032 
2.120373e-118 4.760020e-089 1.068576e-059 6.542301e-031 6.542301e-031 
2.077965e-117 2.120373e-088 4.760020e-059 1.068576e-029 1.068576e-029 
2.036406e-116 2.077965e-087 2.120373e-058 4.760020e-029 4.760020e-029 
1.995678e-115 2.036406e-086 2.077965e-057 2.120373e-028 2.120373e-028 
1.955764e-114 1.995678e-085 2.036406e-056 2.077965e-027 2.077965e-027 
1.369035e-113 1.955764e-084 1.995678e-055 2.036406e-026 2.036406e-026 
9.583244e-113 1.369035e-083 1.955764e-054 1.995678e-025 1.995678e-025 
2.347895e-111 9.583244e-083 1.369035e-053 1.955764e-024 1.955764e-024 
1.643526e-110 2.347895e-081 9.583244e-053 1.369035e-023 1.369035e-023 
1.150468e-109 1.643526e-080 2.347895e-051 9.583244e-023 9.583244e-023 
8.053279e-109 1.150468e-079 1.643526e-050 2.347895e-021 2.347895e-021 
5.637295e-108 8.053279e-079 1.150468e-049 1.643526e-020 1.643526e-020 
5.524550e-107 5.637295e-078 8.053279e-049 1.150468e-019 1.150468e-019 
3.867185e-106 5.524550e-077 5.637295e-048 8.053279e-019 8.053279e-019 
2.707029e-105 3.867185e-076 5.524550e-047 5.637295e-018 5.637295e-018 
1.326444e-103 2.707029e-075 3.867185e-046 5.524550e-017 5.524550e-017 
9.285110e-103 1.326444e-073 2.707029e-045 3.867185e-016 3.867185e-016 
6.499577e-102 9.285110e-073 1.326444e-043 2.707029e-015 2.707029e-015 
4.549704e-101 6.499577e-072 9.285110e-043 1.326444e-013 1.326444e-013 
3.184793e-100 4.549704e-071 6.499577e-042 9.285110e-013 9.285110e-013 
7.802743e-099 3.184793e-070 4.549704e-041 6.499577e-012 6.499577e-012 
5.461920e-098 7.802743e-069 3.184793e-040 4.549704e-011 4.549704e-011 
3.823344e-097 5.461920e-068 7.802743e-039 3.184793e-010 3.184793e-010 
6.244795e-096 3.823344e-067 5.461920e-038 7.802743e-009 7.802743e-009 
1.529975e-094 6.244795e-066 3.823344e-037 5.461920e-008 5.461920e-008 
3.748438e-093 1.529975e-064 6.244795e-036 3.823344e-007 3.823344e-007 
6.122449e-092 3.748438e-063 1.529975e-034 6.244795e-006 6.244795e-006 
1.000000e-090 6.122449e-062 3.748438e-033 1.529975e-004 1.529975e-004 
1.000000e-060 1.000000e-060 6.122449e-032 3.748438e-003 3.748438e-003 
1.000000e-030 1.000000e-030 1.000000e-030 6.122449e-002 6.122449e-002 
1.000000e+000 1.000000e+000 1.000000e+000 1.000000e+000 1.000000e+000 


1.000000e+000 0.000000e+000 0.000000e+000 0.000000e+000 0.000000e+000 
1.352384e-178 1.000000e+000 0.000000e+000 0.000000e+000 0.000000e+000 
0.000000e+000 1.352384e-088 1.000000e+000 0.000000e+000 0.000000e+000 
0.000000e+000 1.828943e-176 2.704768e-088 1.000000e+000 0.000000e+000 
0.000000e+000 2.473434e-264 5.486829e-176 4.057153e-088 1.000000e+000 
0.000000e+000 0.000000e+000 9.893735e-264 1.097366e-175 1.000000e+000 
0.000000e+000 0.000000e+000 0.000000e+000 2.473434e-263 1.000000e+000 
0.000000e+000 0.000000e+000 0.000000e+000 0.000000e+000 1.000000e+000 
0.000000e+000 0.000000e+000 0.000000e+000 0.000000e+000 1.000000e+000 
0.000000e+000 0.000000e+000 0.000000e+000 0.000000e+000 1.000000e+000 
0.000000e+000 0.000000e+000 0.000000e+000 0.000000e+000 1.000000e+000 
0.000000e+000 0.000000e+000 0.000000e+000 0.000000e+000 1.000000e+000 
0.000000e+000 0.000000e+000 0.000000e+000 0.000000e+000 1.000000e+000 
0.000000e+000 0.000000e+000 0.000000e+000 0.000000e+000 1.000000e+000 
0.000000e+000 0.000000e+000 0.000000e+000 0.000000e+000 1.000000e+000 
0.000000e+000 0.000000e+000 0.000000e+000 0.000000e+000 1.000000e+000 
0.000000e+000 0.000000e+000 0.000000e+000 0.000000e+000 1.000000e+000 
0.000000e+000 0.000000e+000 0.000000e+000 0.000000e+000 1.000000e+000 
0.000000e+000 0.000000e+000 0.000000e+000 0.000000e+000 1.000000e+000 
0.000000e+000 0.000000e+000 0.000000e+000 0.000000e+000 1.000000e+000 
0.000000e+000 0.000000e+000 0.000000e+000 0.000000e+000 1.000000e+000 
0.000000e+000 0.000000e+000 0.000000e+000 0.000000e+000 1.000000e+000 
0.000000e+000 0.000000e+000 0.000000e+000 0.000000e+000 1.000000e+000 
0.000000e+000 0.000000e+000 0.000000e+000 0.000000e+000 1.000000e+000 
0.000000e+000 0.000000e+000 0.000000e+000 0.000000e+000 1.000000e+000 
0.000000e+000 0.000000e+000 0.000000e+000 0.000000e+000 1.000000e+000 
0.000000e+000 0.000000e+000 0.000000e+000 0.000000e+000 1.000000e+000 
0.000000e+000 0.000000e+000 0.000000e+000 0.000000e+000 1.000000e+000 
0.000000e+000 0.000000e+000 0.000000e+000 0.000000e+000 1.000000e+000 
0.000000e+000 0.000000e+000 0.000000e+000 0.000000e+000 1.000000e+000 
0.000000e+000 0.000000e+000 0.000000e+000 0.000000e+000 1.000000e+000 
0.000000e+000 0.000000e+000 0.000000e+000 0.000000e+000 1.000000e+000 
0.000000e+000 0.000000e+000 0.000000e+000 0.000000e+000 1.000000e+000 
0.000000e+000 0.000000e+000 0.000000e+000 0.000000e+000 1.000000e+000 
0.000000e+000 0.000000e+000 0.000000e+000 0.000000e+000 1.000000e+000 
0.000000e+000 0.000000e+000 0.000000e+000 0.000000e+000 1.000000e+000 
0.000000e+000 0.000000e+000 0.000000e+000 0.000000e+000 1.000000e+000 
0.000000e+000 0.000000e+000 0.000000e+000 0.000000e+000 1.000000e+000 
0.000000e+000 0.000000e+000 0.000000e+000 0.000000e+000 1.000000e+000 
0.000000e+000 0.000000e+000 0.000000e+000 0.000000e+000 1.000000e+000 
0.000000e+000 0.000000e+000 0.000000e+000 0.000000e+000 1.000000e+000 
0.000000e+000 0.000000e+000 0.000000e+000 0.000000e+000 1.000000e+000 
0.000000e+000 0.000000e+000 0.000000e+000 0.000000e+000 1.000000e+000 
0.000000e+000 0.000000e+000 0.000000e+000 0.000000e+000 1.000000e+000 
0.000000e+000 0.000000e+000 0.000000e+000 0.000000e+000 1.000000e+000 
0.000000e+000 0.000000e+000 0.000000e+000 0.000000e+000 1.000000e+000 
0.000000e+000 0.000000e+000 0.000000e+000 0.000000e+000 1.000000e+000 
0.000000e+000 0.000000e+000 0.000000e+000 0.000000e+000 1.000000e+000 
0.000000e+000 0.000000e+000 0.000000e+000 0.000000e+000 1.000000e+000 
0.000000e+000 0.000000e+000 0.000000e+000 0.000000e+000 1.000000e+000 
0.000000e+000 0.000000e+000 0.000000e+000 0.000000e+000 1.000000e+000 
0.000000e+000 0.000000e+000 0.000000e+000 0.000000e+000 1.000000e+000 
0.000000e+000 0.000000e+000 0.000000e+000 0.000000e+000 1.000000e+000 



Q star

------------
1  2  3  4  5  5  5  5  5  5  5  5  5  5  5  5  5  5  5  5  5  5  5  5  5  5  5  5  5  5  5  5  5  5  5  5  5  5  5  5  5  5  5  5  5  5  5  5  5  5  5  5  5  
------------

P star

-----------
4.985276e-048

A Martrix

1.352384e-178 1.000000e+000 0.000000e+000 0.000000e+000 0.000000e+000 
0.000000e+000 1.352384e-088 1.000000e+000 0.000000e+000 0.000000e+000 
0.000000e+000 0.000000e+000 1.352384e-088 1.000000e+000 0.000000e+000 
0.000000e+000 0.000000e+000 0.000000e+000 1.352384e-088 1.000000e+000 
0.000000e+000 0.000000e+000 0.000000e+000 0.000000e+000 1.000000e+000 

B Martrix

1.000000e-030 1.000000e-030 1.000000e-030 1.000000e-030 1.000000e-030 1.000000e-030 1.000000e-030 1.000000e-030 1.000000e-030 1.000000e-030 1.000000e-030 1.000000e-030 1.000000e-030 1.000000e-030 1.000000e-030 1.000000e-030 1.000000e-030 1.000000e-030 1.000000e-030 1.000000e-030 1.000000e-030 1.000000e-030 1.000000e-030 1.000000e-030 1.000000e-030 1.000000e-030 1.000000e-030 1.000000e-030 1.000000e-030 1.000000e-030 1.000000e-030 1.000000e+000 
1.000000e-030 1.000000e-030 1.000000e-030 1.000000e-030 1.000000e-030 1.000000e-030 1.000000e-030 1.000000e-030 1.000000e-030 1.000000e-030 1.000000e-030 1.000000e-030 1.000000e-030 1.000000e-030 1.000000e-030 1.000000e-030 1.000000e-030 1.000000e-030 1.000000e-030 1.000000e+000 1.000000e-030 1.000000e-030 1.000000e-030 1.000000e-030 1.000000e-030 1.000000e-030 1.000000e-030 1.000000e-030 1.000000e-030 1.000000e-030 1.000000e-030 1.000000e-030 
1.000000e-030 1.000000e-030 1.000000e-030 1.000000e-030 1.000000e-030 1.000000e-030 1.000000e-030 1.000000e-030 1.000000e-030 1.000000e-030 1.000000e-030 1.000000e-030 1.000000e-030 1.000000e-030 1.000000e-030 1.000000e-030 1.000000e-030 1.000000e-030 1.000000e-030 1.000000e+000 1.000000e-030 1.000000e-030 1.000000e-030 1.000000e-030 1.000000e-030 1.000000e-030 1.000000e-030 1.000000e-030 1.000000e-030 1.000000e-030 1.000000e-030 1.000000e-030 
1.000000e-030 1.000000e-030 1.000000e-030 1.000000e-030 1.000000e-030 1.000000e-030 1.000000e-030 1.000000e-030 1.000000e-030 1.000000e-030 1.000000e-030 1.000000e-030 1.000000e-030 1.000000e-030 1.000000e-030 1.000000e-030 1.000000e-030 1.000000e-030 1.000000e-030 1.000000e+000 1.000000e-030 1.000000e-030 1.000000e-030 1.000000e-030 1.000000e-030 1.000000e-030 1.000000e-030 1.000000e-030 1.000000e-030 1.000000e-030 1.000000e-030 1.000000e-030 
1.000000e-030 1.000000e-030 1.000000e-030 1.000000e-030 1.000000e-030 2.040816e-002 1.000000e-030 1.000000e-030 1.000000e-030 1.000000e-030 2.244898e-001 1.428571e-001 2.040816e-002 1.000000e-030 1.020408e-001 1.428571e-001 1.000000e-030 1.000000e-030 6.122449e-002 1.000000e-030 1.000000e-030 6.122449e-002 2.040816e-002 1.000000e-030 1.000000e-030 1.000000e-030 1.000000e-030 4.081633e-002 1.224490e-001 1.000000e-030 1.000000e-030 4.081633e-002 
=================
