20	20	20	20	19	19	20	19	20	20	20	20	20	20	20	19	19	20	20	20	19	4	20	13	20	20	13	20	20	11	11	29	29	29	29	19	19	19	19	19	20	20	15	20	20	13	3	5	3	19	
Iteraion 1
-----------------

P(O|lamda) = 5.527148e-076

3.125000e-002 0.000000e+000 0.000000e+000 0.000000e+000 0.000000e+000 
7.812500e-004 1.953125e-004 0.000000e+000 0.000000e+000 0.000000e+000 
1.953125e-005 9.765625e-006 1.220703e-006 0.000000e+000 0.000000e+000 
4.882813e-007 3.662109e-007 9.155273e-008 7.629395e-009 0.000000e+000 
1.220703e-008 1.220703e-008 4.577637e-009 7.629395e-010 4.768372e-011 
3.051758e-010 3.814697e-010 1.907349e-010 4.768372e-011 6.258488e-012 
7.629395e-012 1.144409e-011 7.152557e-012 2.384186e-012 4.936010e-013 
1.907349e-013 3.337860e-013 2.503395e-013 1.043081e-013 3.032619e-014 
4.768372e-015 9.536743e-015 8.344650e-015 4.172325e-015 1.599619e-015 
1.192093e-016 2.682209e-016 2.682209e-016 1.564622e-016 7.606513e-017 
2.980232e-018 7.450581e-018 8.381903e-018 5.587935e-018 3.354924e-018 
7.450581e-020 2.048910e-019 2.561137e-019 1.920853e-019 1.397660e-019 
1.862645e-021 5.587935e-021 7.683411e-021 6.402843e-021 5.568220e-021 
4.656613e-023 1.513399e-022 2.270099e-022 2.080924e-022 2.140246e-022 
1.164153e-024 4.074536e-024 6.621121e-024 6.621121e-024 7.988847e-024 
2.910383e-026 1.091394e-025 1.909939e-025 2.069100e-025 2.910335e-025 
7.275958e-028 2.910383e-027 5.456968e-027 6.366463e-027 1.038798e-026 
1.818989e-029 7.730705e-029 1.546141e-028 1.932676e-028 3.644149e-028 
4.547474e-031 2.046363e-030 4.348522e-030 5.798029e-030 1.259589e-029 
1.136868e-032 5.400125e-032 1.215028e-031 1.721290e-031 4.298592e-031 
2.842171e-034 1.421085e-033 3.375078e-033 5.062617e-033 1.450891e-032 
7.105427e-036 3.730349e-035 9.325873e-035 1.476597e-034 4.850447e-034 
1.776357e-037 9.769963e-037 2.564615e-036 4.274359e-036 1.608052e-035 
4.440892e-039 2.553513e-038 7.022161e-038 1.228878e-037 5.292309e-037 
1.110223e-040 6.661338e-040 1.915135e-039 3.511080e-039 1.730652e-038 
2.775558e-042 1.734723e-041 5.204170e-041 9.974660e-041 5.627729e-040 
6.938894e-044 4.510281e-043 1.409463e-042 2.818926e-042 1.821007e-041 
1.734723e-045 1.170938e-044 3.805550e-044 7.928228e-044 5.866829e-043 
4.336809e-047 3.035766e-046 1.024571e-045 2.219904e-045 1.882936e-044 
1.084202e-048 7.860466e-048 2.751163e-047 6.190117e-047 6.022918e-046 
2.710505e-050 2.032879e-049 7.369187e-049 1.719477e-048 1.920850e-047 
6.776264e-052 5.251604e-051 1.969352e-050 4.759266e-050 6.110124e-049 
1.694066e-053 1.355253e-052 5.251604e-052 1.312901e-051 1.939159e-050 
4.235165e-055 3.494011e-054 1.397604e-053 3.610478e-053 6.141928e-052 
1.058791e-056 8.999725e-056 3.712387e-055 9.899698e-055 1.941918e-053 
2.646978e-058 2.316106e-057 9.843449e-057 2.706949e-056 6.130367e-055 
6.617445e-060 5.955700e-059 2.605619e-058 7.382587e-058 1.932658e-056 
1.654361e-061 1.530284e-060 6.886279e-060 2.008498e-059 6.085698e-058 
4.135903e-063 3.929108e-062 1.817212e-061 5.451637e-061 1.914334e-059 
1.033976e-064 1.008126e-063 4.788600e-063 1.476485e-062 6.016366e-061 
2.584939e-066 2.584939e-065 1.260158e-064 3.990500e-064 1.889342e-062 
6.462349e-068 6.623907e-067 3.311954e-066 1.076385e-065 5.929135e-064 
1.615587e-069 1.696366e-068 8.693878e-068 2.897959e-067 1.859582e-065 
4.038968e-071 4.341890e-070 2.279492e-069 7.788266e-069 5.829306e-067 
1.009742e-072 1.110716e-071 5.970099e-071 2.089535e-070 1.826526e-068 
2.524355e-074 2.839899e-073 1.561945e-072 5.596968e-072 5.720953e-070 
6.310887e-076 7.257520e-075 4.082355e-074 1.496864e-073 1.791296e-071 
1.577722e-077 1.853823e-076 1.065948e-075 3.997306e-075 5.607155e-073 
3.944305e-079 4.733165e-078 2.780735e-077 1.065948e-076 1.754734e-074 
9.860761e-081 1.207943e-079 7.247660e-079 2.838667e-078 5.490207e-076 


1.768687e-074 1.768687e-074 1.768687e-074 1.768687e-074 1.768687e-074 
5.659799e-073 5.659799e-073 5.659799e-073 5.659799e-073 5.659799e-073 
1.811136e-071 1.811136e-071 1.811136e-071 1.811136e-071 1.811136e-071 
5.795635e-070 5.795635e-070 5.795635e-070 5.795635e-070 5.795635e-070 
1.854603e-068 1.854603e-068 1.854603e-068 1.854603e-068 1.854603e-068 
5.934730e-067 5.934730e-067 5.934730e-067 5.934730e-067 5.934730e-067 
1.899114e-065 1.899114e-065 1.899114e-065 1.899114e-065 1.899114e-065 
6.077163e-064 6.077163e-064 6.077163e-064 6.077163e-064 6.077163e-064 
1.944692e-062 1.944692e-062 1.944692e-062 1.944692e-062 1.944692e-062 
6.223015e-061 6.223015e-061 6.223015e-061 6.223015e-061 6.223015e-061 
1.991365e-059 1.991365e-059 1.991365e-059 1.991365e-059 1.991365e-059 
6.372368e-058 6.372368e-058 6.372368e-058 6.372368e-058 6.372368e-058 
2.039158e-056 2.039158e-056 2.039158e-056 2.039158e-056 2.039158e-056 
6.525304e-055 6.525304e-055 6.525304e-055 6.525304e-055 6.525304e-055 
2.088097e-053 2.088097e-053 2.088097e-053 2.088097e-053 2.088097e-053 
6.681912e-052 6.681912e-052 6.681912e-052 6.681912e-052 6.681912e-052 
2.138212e-050 2.138212e-050 2.138212e-050 2.138212e-050 2.138212e-050 
6.842278e-049 6.842278e-049 6.842278e-049 6.842278e-049 6.842278e-049 
2.189529e-047 2.189529e-047 2.189529e-047 2.189529e-047 2.189529e-047 
7.006492e-046 7.006492e-046 7.006492e-046 7.006492e-046 7.006492e-046 
2.242078e-044 2.242078e-044 2.242078e-044 2.242078e-044 2.242078e-044 
7.174648e-043 7.174648e-043 7.174648e-043 7.174648e-043 7.174648e-043 
2.295887e-041 2.295887e-041 2.295887e-041 2.295887e-041 2.295887e-041 
7.346840e-040 7.346840e-040 7.346840e-040 7.346840e-040 7.346840e-040 
2.350989e-038 2.350989e-038 2.350989e-038 2.350989e-038 2.350989e-038 
7.523164e-037 7.523164e-037 7.523164e-037 7.523164e-037 7.523164e-037 
2.407412e-035 2.407412e-035 2.407412e-035 2.407412e-035 2.407412e-035 
7.703720e-034 7.703720e-034 7.703720e-034 7.703720e-034 7.703720e-034 
2.465190e-032 2.465190e-032 2.465190e-032 2.465190e-032 2.465190e-032 
7.888609e-031 7.888609e-031 7.888609e-031 7.888609e-031 7.888609e-031 
2.524355e-029 2.524355e-029 2.524355e-029 2.524355e-029 2.524355e-029 
8.077936e-028 8.077936e-028 8.077936e-028 8.077936e-028 8.077936e-028 
2.584939e-026 2.584939e-026 2.584939e-026 2.584939e-026 2.584939e-026 
8.271806e-025 8.271806e-025 8.271806e-025 8.271806e-025 8.271806e-025 
2.646978e-023 2.646978e-023 2.646978e-023 2.646978e-023 2.646978e-023 
8.470329e-022 8.470329e-022 8.470329e-022 8.470329e-022 8.470329e-022 
2.710505e-020 2.710505e-020 2.710505e-020 2.710505e-020 2.710505e-020 
8.673617e-019 8.673617e-019 8.673617e-019 8.673617e-019 8.673617e-019 
2.775558e-017 2.775558e-017 2.775558e-017 2.775558e-017 2.775558e-017 
8.881784e-016 8.881784e-016 8.881784e-016 8.881784e-016 8.881784e-016 
2.842171e-014 2.842171e-014 2.842171e-014 2.842171e-014 2.842171e-014 
9.094947e-013 9.094947e-013 9.094947e-013 9.094947e-013 9.094947e-013 
2.910383e-011 2.910383e-011 2.910383e-011 2.910383e-011 2.910383e-011 
9.313226e-010 9.313226e-010 9.313226e-010 9.313226e-010 9.313226e-010 
2.980232e-008 2.980232e-008 2.980232e-008 2.980232e-008 2.980232e-008 
9.536743e-007 9.536743e-007 9.536743e-007 9.536743e-007 9.536743e-007 
3.051758e-005 3.051758e-005 3.051758e-005 3.051758e-005 3.051758e-005 
9.765625e-004 9.765625e-004 9.765625e-004 9.765625e-004 9.765625e-004 
3.125000e-002 3.125000e-002 3.125000e-002 3.125000e-002 3.125000e-002 
1.000000e+000 1.000000e+000 1.000000e+000 1.000000e+000 1.000000e+000 


1.000000e+000 0.000000e+000 0.000000e+000 0.000000e+000 0.000000e+000 
8.000000e-001 2.000000e-001 0.000000e+000 0.000000e+000 0.000000e+000 
6.400000e-001 3.200000e-001 4.000000e-002 0.000000e+000 0.000000e+000 
5.120000e-001 3.840000e-001 9.600000e-002 8.000000e-003 0.000000e+000 
4.096000e-001 4.096000e-001 1.536000e-001 2.560000e-002 1.600000e-003 
3.276800e-001 4.096000e-001 2.048000e-001 5.120000e-002 6.720000e-003 
2.621440e-001 3.932160e-001 2.457600e-001 8.192000e-002 1.696000e-002 
2.097152e-001 3.670016e-001 2.752512e-001 1.146880e-001 3.334400e-002 
1.677722e-001 3.355443e-001 2.936013e-001 1.468006e-001 5.628160e-002 
1.342177e-001 3.019899e-001 3.019899e-001 1.761608e-001 8.564173e-002 
1.073742e-001 2.684355e-001 3.019899e-001 2.013266e-001 1.208739e-001 
8.589935e-002 2.362232e-001 2.952790e-001 2.214593e-001 1.611392e-001 
6.871948e-002 2.061584e-001 2.834678e-001 2.362232e-001 2.054311e-001 
5.497558e-002 1.786706e-001 2.680060e-001 2.456721e-001 2.526757e-001 
4.398047e-002 1.539316e-001 2.501389e-001 2.501389e-001 3.018101e-001 
3.518437e-002 1.319414e-001 2.308974e-001 2.501389e-001 3.518379e-001 
2.814750e-002 1.125900e-001 2.111062e-001 2.462906e-001 4.018657e-001 
2.251800e-002 9.570149e-002 1.914030e-001 2.392537e-001 4.511238e-001 
1.801440e-002 8.106479e-002 1.722627e-001 2.296836e-001 4.989745e-001 
1.441152e-002 6.845471e-002 1.540231e-001 2.181994e-001 5.449113e-001 
1.152922e-002 5.764608e-002 1.369094e-001 2.053641e-001 5.885511e-001 
9.223372e-003 4.842270e-002 1.210568e-001 1.916732e-001 6.296240e-001 
7.378698e-003 4.058284e-002 1.065299e-001 1.775499e-001 6.679586e-001 
5.902958e-003 3.394201e-002 9.334053e-002 1.633459e-001 7.034686e-001 
4.722366e-003 2.833420e-002 8.146082e-002 1.493448e-001 7.361378e-001 
3.777893e-003 2.361183e-002 7.083550e-002 1.357680e-001 7.660067e-001 
3.022315e-003 1.964504e-002 6.139076e-002 1.227815e-001 7.931603e-001 
2.417852e-003 1.632050e-002 5.304162e-002 1.105034e-001 8.177167e-001 
1.934281e-003 1.353997e-002 4.569740e-002 9.901102e-002 8.398173e-001 
1.547425e-003 1.121883e-002 3.926591e-002 8.834830e-002 8.596195e-001 
1.237940e-003 9.284550e-003 3.365649e-002 7.853182e-002 8.772892e-001 
9.903520e-004 7.675228e-003 2.878211e-002 6.955676e-002 8.929956e-001 
7.922816e-004 6.338253e-003 2.456073e-002 6.140183e-002 9.069069e-001 
6.338253e-004 5.229059e-003 2.091623e-002 5.403361e-002 9.191873e-001 
5.070602e-004 4.310012e-003 1.777880e-002 4.741013e-002 9.299940e-001 
4.056482e-004 3.549422e-003 1.508504e-002 4.148387e-002 9.394760e-001 
3.245186e-004 2.920667e-003 1.277792e-002 3.620410e-002 9.477728e-001 
2.596148e-004 2.401437e-003 1.080647e-002 3.151886e-002 9.550136e-001 
2.076919e-004 1.973073e-003 9.125462e-003 2.737639e-002 9.613174e-001 
1.661535e-004 1.619997e-003 7.694984e-003 2.372620e-002 9.667927e-001 
1.329228e-004 1.329228e-003 6.479986e-003 2.051996e-002 9.715379e-001 
1.063382e-004 1.089967e-003 5.449835e-003 1.771196e-002 9.756419e-001 
8.507059e-005 8.932412e-004 4.577861e-003 1.525954e-002 9.791843e-001 
6.805647e-005 7.316071e-004 3.840937e-003 1.312320e-002 9.822362e-001 
5.444518e-005 5.988970e-004 3.219071e-003 1.126675e-002 9.848608e-001 
4.355614e-005 4.900066e-004 2.695036e-003 9.657214e-003 9.871142e-001 
3.484491e-005 4.007165e-004 2.254030e-003 8.264778e-003 9.890456e-001 
2.787593e-005 3.275422e-004 1.883368e-003 7.062629e-003 9.906986e-001 
2.230075e-005 2.676089e-004 1.572203e-003 6.026776e-003 9.921111e-001 
1.784060e-005 2.185473e-004 1.311284e-003 5.135862e-003 9.933165e-001 



Q star

------------
1  2  3  4  5  5  5  5  5  5  5  5  5  5  5  5  5  5  5  5  5  5  5  5  5  5  5  5  5  5  5  5  5  5  5  5  5  5  5  5  5  5  5  5  5  5  5  5  5  5  
------------

P star

-----------
8.843437e-079

A Martrix

8.000000e-001 2.000000e-001 0.000000e+000 0.000000e+000 0.000000e+000 
0.000000e+000 8.000000e-001 2.000000e-001 0.000000e+000 0.000000e+000 
0.000000e+000 0.000000e+000 8.000000e-001 2.000000e-001 0.000000e+000 
0.000000e+000 0.000000e+000 0.000000e+000 8.000000e-001 2.000000e-001 
0.000000e+000 0.000000e+000 0.000000e+000 0.000000e+000 1.000000e+000 

B Martrix

1.000000e-030 1.000000e-030 1.000000e-030 1.000000e-030 1.000000e-030 1.000000e-030 1.000000e-030 1.000000e-030 1.000000e-030 1.000000e-030 1.000000e-030 1.000000e-030 1.000000e-030 1.000000e-030 1.000000e-030 1.000000e-030 1.000000e-030 1.000000e-030 1.000000e-030 1.000000e+000 1.000000e-030 1.000000e-030 1.000000e-030 1.000000e-030 1.000000e-030 1.000000e-030 1.000000e-030 1.000000e-030 1.000000e-030 1.000000e-030 1.000000e-030 1.000000e-030 
1.000000e-030 1.000000e-030 1.000000e-030 1.000000e-030 1.000000e-030 1.000000e-030 1.000000e-030 1.000000e-030 1.000000e-030 1.000000e-030 1.000000e-030 1.000000e-030 1.000000e-030 1.000000e-030 1.000000e-030 1.000000e-030 1.000000e-030 1.000000e-030 1.000000e-030 1.000000e+000 1.000000e-030 1.000000e-030 1.000000e-030 1.000000e-030 1.000000e-030 1.000000e-030 1.000000e-030 1.000000e-030 1.000000e-030 1.000000e-030 1.000000e-030 1.000000e-030 
1.000000e-030 1.000000e-030 1.000000e-030 1.000000e-030 1.000000e-030 1.000000e-030 1.000000e-030 1.000000e-030 1.000000e-030 1.000000e-030 1.000000e-030 1.000000e-030 1.000000e-030 1.000000e-030 1.000000e-030 1.000000e-030 1.000000e-030 1.000000e-030 1.000000e-030 1.000000e+000 1.000000e-030 1.000000e-030 1.000000e-030 1.000000e-030 1.000000e-030 1.000000e-030 1.000000e-030 1.000000e-030 1.000000e-030 1.000000e-030 1.000000e-030 1.000000e-030 
1.000000e-030 1.000000e-030 1.000000e-030 1.000000e-030 1.000000e-030 1.000000e-030 1.000000e-030 1.000000e-030 1.000000e-030 1.000000e-030 1.000000e-030 1.000000e-030 1.000000e-030 1.000000e-030 1.000000e-030 1.000000e-030 1.000000e-030 1.000000e-030 1.000000e-030 1.000000e+000 1.000000e-030 1.000000e-030 1.000000e-030 1.000000e-030 1.000000e-030 1.000000e-030 1.000000e-030 1.000000e-030 1.000000e-030 1.000000e-030 1.000000e-030 1.000000e-030 
1.000000e-030 1.000000e-030 6.595997e-002 2.096249e-002 3.298399e-002 1.000000e-030 1.000000e-030 1.000000e-030 1.000000e-030 1.000000e-030 5.782806e-002 1.000000e-030 8.269291e-002 1.000000e-030 3.260063e-002 1.000000e-030 1.000000e-030 1.000000e-030 2.379701e-001 3.475105e-001 1.000000e-030 1.000000e-030 1.000000e-030 1.000000e-030 1.000000e-030 1.000000e-030 1.000000e-030 1.000000e-030 1.214914e-001 1.000000e-030 1.000000e-030 1.000000e-030 
Iteraion 2
-----------------

P(O|lamda) = 1.406513e-036

1.000000e+000 0.000000e+000 0.000000e+000 0.000000e+000 0.000000e+000 
8.000000e-001 2.000000e-001 0.000000e+000 0.000000e+000 0.000000e+000 
6.400000e-001 3.200000e-001 4.000000e-002 0.000000e+000 0.000000e+000 
5.120000e-001 3.840000e-001 9.600000e-002 8.000000e-003 0.000000e+000 
4.096000e-031 4.096000e-031 1.536000e-031 2.560000e-032 3.807521e-004 
3.276800e-061 4.096000e-061 2.048000e-061 5.120000e-062 9.060760e-005 
2.621440e-061 3.932160e-061 2.457600e-061 8.192000e-062 3.148709e-005 
2.097152e-091 3.670016e-091 2.752512e-091 1.146880e-091 7.492985e-006 
1.677722e-091 3.355443e-091 2.936013e-091 1.468006e-091 2.603891e-006 
1.342177e-091 3.019899e-091 3.019899e-091 1.761608e-091 9.048796e-007 
1.073742e-091 2.684355e-091 3.019899e-091 2.013266e-091 3.144552e-007 
8.589935e-092 2.362232e-091 2.952790e-091 2.214593e-091 1.092765e-007 
6.871948e-092 2.061584e-091 2.834678e-091 2.362232e-091 3.797473e-008 
5.497558e-092 1.786706e-091 2.680060e-091 2.456721e-091 1.319662e-008 
4.398047e-092 1.539316e-091 2.501389e-091 2.501389e-091 4.585963e-009 
3.518437e-122 1.319414e-121 2.308974e-121 2.501389e-121 1.091322e-009 
2.814750e-152 1.125900e-151 2.111062e-151 2.462906e-151 2.597019e-010 
2.251800e-152 9.570149e-152 1.914030e-151 2.392537e-151 9.024915e-011 
1.801440e-152 8.106479e-152 1.722627e-151 2.296836e-151 3.136253e-011 
1.441152e-152 6.845471e-152 1.540231e-151 2.181994e-151 1.089881e-011 
1.152922e-182 5.764608e-182 1.369094e-181 2.053641e-181 2.593590e-012 
9.223372e-213 4.842270e-212 1.210568e-211 1.916732e-211 5.436811e-014 
7.378698e-213 4.058284e-212 1.065299e-211 1.775499e-211 1.889349e-014 
5.902958e-243 3.394201e-242 9.334053e-242 1.633459e-241 1.562358e-015 
4.722366e-243 2.833420e-242 8.146082e-242 1.493448e-241 5.429357e-016 
3.777893e-243 2.361183e-242 7.083550e-242 1.357680e-241 1.886759e-016 
3.022315e-273 1.964504e-272 6.139076e-272 1.227815e-271 1.560216e-017 
2.417852e-273 1.632050e-272 5.304162e-272 1.105034e-271 5.421914e-018 
1.934281e-273 1.353997e-272 4.569740e-272 9.901102e-272 1.884172e-018 
1.547425e-303 1.121883e-302 3.926591e-302 8.834830e-302 1.089580e-019 
0.000000e+000 0.000000e+000 0.000000e+000 0.000000e+000 6.300830e-021 
0.000000e+000 0.000000e+000 0.000000e+000 0.000000e+000 7.654965e-022 
0.000000e+000 0.000000e+000 0.000000e+000 0.000000e+000 9.300122e-023 
0.000000e+000 0.000000e+000 0.000000e+000 0.000000e+000 1.129885e-023 
0.000000e+000 0.000000e+000 0.000000e+000 0.000000e+000 1.372712e-024 
0.000000e+000 0.000000e+000 0.000000e+000 0.000000e+000 3.266644e-025 
0.000000e+000 0.000000e+000 0.000000e+000 0.000000e+000 7.773636e-026 
0.000000e+000 0.000000e+000 0.000000e+000 0.000000e+000 1.849893e-026 
0.000000e+000 0.000000e+000 0.000000e+000 0.000000e+000 4.402190e-027 
0.000000e+000 0.000000e+000 0.000000e+000 0.000000e+000 1.047589e-027 
0.000000e+000 0.000000e+000 0.000000e+000 0.000000e+000 3.640484e-028 
0.000000e+000 0.000000e+000 0.000000e+000 0.000000e+000 1.265106e-028 
0.000000e+000 0.000000e+000 0.000000e+000 0.000000e+000 4.124327e-030 
0.000000e+000 0.000000e+000 0.000000e+000 0.000000e+000 1.433247e-030 
0.000000e+000 0.000000e+000 0.000000e+000 0.000000e+000 4.980684e-031 
0.000000e+000 0.000000e+000 0.000000e+000 0.000000e+000 4.118673e-032 
0.000000e+000 0.000000e+000 0.000000e+000 0.000000e+000 2.716675e-033 
0.000000e+000 0.000000e+000 0.000000e+000 0.000000e+000 8.960678e-035 
0.000000e+000 0.000000e+000 0.000000e+000 0.000000e+000 5.910461e-036 
0.000000e+000 0.000000e+000 0.000000e+000 0.000000e+000 1.406513e-036 


1.406513e-036 1.932204e-035 9.131011e-035 1.534829e-034 3.689160e-035 
5.910461e-066 7.032563e-036 6.847995e-035 1.826307e-034 1.061597e-034 
2.535448e-094 2.955230e-065 3.516282e-035 2.017485e-034 3.054862e-034 
7.147120e-095 9.818393e-094 1.477615e-064 1.758141e-034 8.790704e-034 
1.757939e-089 3.573560e-064 3.479773e-063 7.388076e-034 3.694038e-033 
1.505000e-059 2.769694e-059 1.786780e-033 1.025174e-032 1.552312e-032 
1.221348e-059 2.639607e-059 3.290043e-059 8.933900e-033 4.466950e-032 
9.233506e-030 2.413336e-029 3.544691e-029 2.271452e-029 1.877106e-031 
6.326586e-030 2.086118e-029 3.722208e-029 2.834622e-029 5.401580e-031 
3.745560e-030 1.665069e-029 3.770316e-029 3.529774e-029 1.554364e-030 
1.740832e-030 1.176448e-029 3.619555e-029 4.373358e-029 4.472856e-030 
4.907192e-031 6.741281e-030 3.185725e-029 5.354877e-029 1.287114e-029 
2.062105e-060 2.453596e-030 2.389202e-029 6.371817e-029 3.703813e-029 
2.662079e-087 1.031052e-059 1.226798e-029 7.038818e-029 1.065813e-028 
1.576044e-087 7.006220e-087 5.155262e-059 6.133990e-029 3.066995e-028 
7.325011e-058 4.950215e-057 1.523024e-056 2.577631e-028 1.288816e-027 
2.064831e-028 2.836573e-027 1.340478e-026 2.253206e-026 5.415873e-027 
8.676853e-058 1.032416e-027 1.005320e-026 2.681111e-026 1.558477e-026 
4.225471e-085 4.338427e-057 5.162078e-027 2.961770e-026 4.484691e-026 
1.191109e-085 1.636292e-084 2.169213e-056 2.581039e-026 1.290520e-025 
9.103973e-083 5.955544e-055 5.799243e-054 1.084607e-025 5.423033e-025 
4.231272e-053 2.859478e-052 2.977772e-024 1.708512e-023 2.587018e-023 
1.192744e-053 1.638538e-052 7.743236e-052 1.488886e-023 7.444430e-023 
9.116472e-051 5.963720e-023 5.807204e-022 1.548736e-021 9.002501e-022 
4.237081e-051 2.863403e-050 2.981860e-022 1.710858e-021 2.590569e-021 
1.194381e-051 1.640788e-050 7.753866e-050 1.490930e-021 7.454650e-021 
2.065401e-050 5.971907e-021 5.815176e-020 1.550863e-019 9.014860e-020 
3.571625e-079 1.032701e-049 2.985954e-020 1.713207e-019 2.594126e-019 
2.939818e-108 1.785812e-078 5.163503e-049 1.492977e-019 7.464884e-019 
2.419775e-107 1.469909e-077 8.929062e-048 2.581752e-018 1.290876e-017 
1.991726e-106 1.209887e-076 7.349544e-047 4.464531e-017 2.232266e-016 
1.639397e-105 9.958628e-076 6.049437e-046 3.674772e-016 1.837386e-015 
6.889089e-105 8.196984e-075 4.979314e-045 3.024719e-015 1.512359e-014 
2.894939e-104 3.444544e-074 4.098492e-044 2.489657e-014 1.244829e-013 
1.216514e-103 1.447470e-073 1.722272e-043 2.049246e-013 1.024623e-012 
5.112047e-103 6.082570e-073 7.237348e-043 8.611361e-013 4.305680e-012 
1.357752e-100 2.556023e-072 3.041285e-042 3.618674e-012 1.809337e-011 
6.310449e-071 4.264578e-070 1.278012e-041 1.520643e-011 7.603213e-011 
1.778839e-041 2.443689e-040 1.154813e-039 6.390058e-011 3.195029e-010 
3.448723e-038 8.894194e-011 8.660768e-010 2.309760e-009 1.342618e-009 
1.602870e-038 1.083214e-037 4.447097e-010 2.551545e-009 3.863532e-009 
4.518296e-039 6.207032e-038 2.933255e-037 2.223548e-009 1.111774e-008 
5.463945e-038 2.259148e-008 2.199857e-007 5.866849e-007 3.410284e-007 
8.283729e-067 2.731973e-037 1.129574e-007 6.480990e-007 9.813470e-007 
2.511440e-095 4.141865e-066 1.365986e-036 5.647869e-007 2.823935e-006 
3.807521e-094 1.255720e-064 2.070932e-035 6.829932e-006 3.414966e-005 
1.000000e-090 1.903760e-063 6.278599e-034 1.035466e-004 5.177331e-004 
1.000000e-060 1.000000e-060 9.518802e-033 3.139300e-003 1.569650e-002 
1.000000e-030 1.000000e-030 1.000000e-030 4.759401e-002 2.379701e-001 
1.000000e+000 1.000000e+000 1.000000e+000 1.000000e+000 1.000000e+000 


1.000000e+000 0.000000e+000 0.000000e+000 0.000000e+000 0.000000e+000 
3.361767e-030 1.000000e+000 0.000000e+000 0.000000e+000 0.000000e+000 
1.153695e-058 6.723535e-030 1.000000e+000 0.000000e+000 0.000000e+000 
2.601701e-059 2.680575e-058 1.008530e-029 1.000000e+000 0.000000e+000 
5.119411e-084 1.040680e-058 3.800130e-058 1.344707e-029 1.000000e+000 
3.506248e-084 8.065813e-084 2.601701e-058 3.731849e-058 1.000000e+000 
2.276332e-084 7.379498e-084 5.748693e-084 5.203402e-058 1.000000e+000 
1.376743e-084 6.297123e-084 6.936876e-084 1.852157e-084 1.000000e+000 
7.546502e-085 4.976743e-084 7.769890e-084 2.958554e-084 1.000000e+000 
3.574234e-085 3.575041e-084 8.095180e-084 4.420918e-084 1.000000e+000 
1.328963e-085 2.245271e-084 7.771485e-084 6.259974e-084 1.000000e+000 
2.996949e-086 1.132195e-084 6.688015e-084 8.431399e-084 1.000000e+000 
1.007504e-115 3.596338e-085 4.815186e-084 1.070144e-083 1.000000e+000 
1.040512e-142 1.309756e-114 2.337620e-084 1.229453e-083 1.000000e+000 
4.928156e-143 7.667751e-142 9.168290e-114 1.090889e-083 1.000000e+000 
1.832375e-143 4.643672e-142 2.500243e-141 4.584145e-113 1.000000e+000 
4.132194e-144 2.270649e-142 2.011950e-141 3.945528e-141 1.000000e+000 
1.389148e-173 7.024730e-143 1.368074e-141 4.560683e-141 1.000000e+000 
5.411919e-201 2.500466e-172 6.322257e-142 4.836571e-141 1.000000e+000 
1.220443e-201 7.963803e-200 2.375442e-171 4.004096e-141 1.000000e+000 
7.462547e-229 2.440886e-200 5.644961e-199 1.583628e-170 1.000000e+000 
2.774706e-229 9.844465e-228 2.562931e-199 2.328284e-198 1.000000e+000 
6.257247e-230 4.727760e-228 5.864764e-227 1.879482e-198 1.000000e+000 
3.826069e-257 1.439167e-228 3.853840e-227 1.798631e-226 1.000000e+000 
1.422600e-257 5.768327e-256 1.727000e-227 1.816605e-226 1.000000e+000 
3.208109e-258 2.754473e-256 3.905041e-255 1.439167e-226 1.000000e+000 
4.438135e-287 8.341083e-257 2.538179e-255 1.353825e-254 1.000000e+000 
6.139766e-316 1.198296e-285 1.126046e-255 1.345989e-254 1.000000e+000 
0.000000e+000 1.719135e-314 1.677615e-284 1.050976e-254 1.000000e+000 
0.000000e+000 0.000000e+000 2.492745e-313 1.621694e-283 1.000000e+000 
0.000000e+000 0.000000e+000 0.000000e+000 0.000000e+000 1.000000e+000 
0.000000e+000 0.000000e+000 0.000000e+000 0.000000e+000 1.000000e+000 
0.000000e+000 0.000000e+000 0.000000e+000 0.000000e+000 1.000000e+000 
0.000000e+000 0.000000e+000 0.000000e+000 0.000000e+000 1.000000e+000 
0.000000e+000 0.000000e+000 0.000000e+000 0.000000e+000 1.000000e+000 
0.000000e+000 0.000000e+000 0.000000e+000 0.000000e+000 1.000000e+000 
0.000000e+000 0.000000e+000 0.000000e+000 0.000000e+000 1.000000e+000 
0.000000e+000 0.000000e+000 0.000000e+000 0.000000e+000 1.000000e+000 
0.000000e+000 0.000000e+000 0.000000e+000 0.000000e+000 1.000000e+000 
0.000000e+000 0.000000e+000 0.000000e+000 0.000000e+000 1.000000e+000 
0.000000e+000 0.000000e+000 0.000000e+000 0.000000e+000 1.000000e+000 
0.000000e+000 0.000000e+000 0.000000e+000 0.000000e+000 1.000000e+000 
0.000000e+000 0.000000e+000 0.000000e+000 0.000000e+000 1.000000e+000 
0.000000e+000 0.000000e+000 0.000000e+000 0.000000e+000 1.000000e+000 
0.000000e+000 0.000000e+000 0.000000e+000 0.000000e+000 1.000000e+000 
0.000000e+000 0.000000e+000 0.000000e+000 0.000000e+000 1.000000e+000 
0.000000e+000 0.000000e+000 0.000000e+000 0.000000e+000 1.000000e+000 
0.000000e+000 0.000000e+000 0.000000e+000 0.000000e+000 1.000000e+000 
0.000000e+000 0.000000e+000 0.000000e+000 0.000000e+000 1.000000e+000 
0.000000e+000 0.000000e+000 0.000000e+000 0.000000e+000 1.000000e+000 



Q star

------------
1  2  3  4  5  5  5  5  5  5  5  5  5  5  5  5  5  5  5  5  5  5  5  5  5  5  5  5  5  5  5  5  5  5  5  5  5  5  5  5  5  5  5  5  5  5  5  5  5  5  
------------

P star

-----------
1.406513e-036

A Martrix

3.361767e-030 1.000000e+000 0.000000e+000 0.000000e+000 0.000000e+000 
0.000000e+000 3.361767e-030 1.000000e+000 0.000000e+000 0.000000e+000 
0.000000e+000 0.000000e+000 3.361767e-030 1.000000e+000 0.000000e+000 
0.000000e+000 0.000000e+000 0.000000e+000 3.361767e-030 1.000000e+000 
0.000000e+000 0.000000e+000 0.000000e+000 0.000000e+000 1.000000e+000 

B Martrix

1.000000e-030 1.000000e-030 1.000000e-030 1.000000e-030 1.000000e-030 1.000000e-030 1.000000e-030 1.000000e-030 1.000000e-030 1.000000e-030 1.000000e-030 1.000000e-030 1.000000e-030 1.000000e-030 1.000000e-030 1.000000e-030 1.000000e-030 1.000000e-030 1.000000e-030 1.000000e+000 1.000000e-030 1.000000e-030 1.000000e-030 1.000000e-030 1.000000e-030 1.000000e-030 1.000000e-030 1.000000e-030 1.000000e-030 1.000000e-030 1.000000e-030 1.000000e-030 
1.000000e-030 1.000000e-030 1.000000e-030 1.000000e-030 1.000000e-030 1.000000e-030 1.000000e-030 1.000000e-030 1.000000e-030 1.000000e-030 1.000000e-030 1.000000e-030 1.000000e-030 1.000000e-030 1.000000e-030 1.000000e-030 1.000000e-030 1.000000e-030 1.000000e-030 1.000000e+000 1.000000e-030 1.000000e-030 1.000000e-030 1.000000e-030 1.000000e-030 1.000000e-030 1.000000e-030 1.000000e-030 1.000000e-030 1.000000e-030 1.000000e-030 1.000000e-030 
1.000000e-030 1.000000e-030 1.000000e-030 1.000000e-030 1.000000e-030 1.000000e-030 1.000000e-030 1.000000e-030 1.000000e-030 1.000000e-030 1.000000e-030 1.000000e-030 1.000000e-030 1.000000e-030 1.000000e-030 1.000000e-030 1.000000e-030 1.000000e-030 1.000000e-030 1.000000e+000 1.000000e-030 1.000000e-030 1.000000e-030 1.000000e-030 1.000000e-030 1.000000e-030 1.000000e-030 1.000000e-030 1.000000e-030 1.000000e-030 1.000000e-030 1.000000e-030 
1.000000e-030 1.000000e-030 1.000000e-030 1.000000e-030 1.000000e-030 1.000000e-030 1.000000e-030 1.000000e-030 1.000000e-030 1.000000e-030 1.000000e-030 1.000000e-030 1.000000e-030 1.000000e-030 1.000000e-030 1.000000e-030 1.000000e-030 1.000000e-030 1.000000e-030 1.000000e+000 1.000000e-030 1.000000e-030 1.000000e-030 1.000000e-030 1.000000e-030 1.000000e-030 1.000000e-030 1.000000e-030 1.000000e-030 1.000000e-030 1.000000e-030 1.000000e-030 
1.000000e-030 1.000000e-030 4.347826e-002 2.173913e-002 2.173913e-002 1.000000e-030 1.000000e-030 1.000000e-030 1.000000e-030 1.000000e-030 4.347826e-002 1.000000e-030 6.521739e-002 1.000000e-030 2.173913e-002 1.000000e-030 1.000000e-030 1.000000e-030 2.608696e-001 4.347826e-001 1.000000e-030 1.000000e-030 1.000000e-030 1.000000e-030 1.000000e-030 1.000000e-030 1.000000e-030 1.000000e-030 8.695652e-002 1.000000e-030 1.000000e-030 1.000000e-030 
Iteraion 3
-----------------

P(O|lamda) = 3.370065e-033

1.000000e+000 0.000000e+000 0.000000e+000 0.000000e+000 0.000000e+000 
3.361767e-030 1.000000e+000 0.000000e+000 0.000000e+000 0.000000e+000 
1.130148e-059 6.723535e-030 1.000000e+000 0.000000e+000 0.000000e+000 
3.799295e-089 3.390444e-059 1.008530e-029 1.000000e+000 0.000000e+000 
1.277235e-148 1.519718e-118 6.780888e-089 1.344707e-059 2.608696e-001 
4.293766e-208 6.386173e-178 3.799295e-148 1.130148e-118 6.805293e-002 
1.443464e-237 2.576259e-207 1.915852e-177 7.598590e-148 2.958823e-002 
4.852591e-297 1.010425e-266 9.016908e-237 4.470321e-207 7.718669e-003 
0.000000e+000 3.882073e-296 4.041700e-266 2.404509e-236 3.355943e-003 
0.000000e+000 0.000000e+000 1.746933e-295 1.212510e-265 1.459106e-003 
0.000000e+000 0.000000e+000 0.000000e+000 5.823109e-295 6.343938e-004 
0.000000e+000 0.000000e+000 0.000000e+000 0.000000e+000 2.758234e-004 
0.000000e+000 0.000000e+000 0.000000e+000 0.000000e+000 1.199232e-004 
0.000000e+000 0.000000e+000 0.000000e+000 0.000000e+000 5.214052e-005 
0.000000e+000 0.000000e+000 0.000000e+000 0.000000e+000 2.266979e-005 
0.000000e+000 0.000000e+000 0.000000e+000 0.000000e+000 5.913859e-006 
0.000000e+000 0.000000e+000 0.000000e+000 0.000000e+000 1.542746e-006 
0.000000e+000 0.000000e+000 0.000000e+000 0.000000e+000 6.707591e-007 
0.000000e+000 0.000000e+000 0.000000e+000 0.000000e+000 2.916344e-007 
0.000000e+000 0.000000e+000 0.000000e+000 0.000000e+000 1.267976e-007 
0.000000e+000 0.000000e+000 0.000000e+000 0.000000e+000 3.307762e-008 
0.000000e+000 0.000000e+000 0.000000e+000 0.000000e+000 7.190788e-010 
0.000000e+000 0.000000e+000 0.000000e+000 0.000000e+000 3.126429e-010 
0.000000e+000 0.000000e+000 0.000000e+000 0.000000e+000 2.038976e-011 
0.000000e+000 0.000000e+000 0.000000e+000 0.000000e+000 8.865112e-012 
0.000000e+000 0.000000e+000 0.000000e+000 0.000000e+000 3.854396e-012 
0.000000e+000 0.000000e+000 0.000000e+000 0.000000e+000 2.513737e-013 
0.000000e+000 0.000000e+000 0.000000e+000 0.000000e+000 1.092929e-013 
0.000000e+000 0.000000e+000 0.000000e+000 0.000000e+000 4.751865e-014 
0.000000e+000 0.000000e+000 0.000000e+000 0.000000e+000 2.066028e-015 
0.000000e+000 0.000000e+000 0.000000e+000 0.000000e+000 8.982732e-017 
0.000000e+000 0.000000e+000 0.000000e+000 0.000000e+000 7.811071e-018 
0.000000e+000 0.000000e+000 0.000000e+000 0.000000e+000 6.792236e-019 
0.000000e+000 0.000000e+000 0.000000e+000 0.000000e+000 5.906292e-020 
0.000000e+000 0.000000e+000 0.000000e+000 0.000000e+000 5.135906e-021 
0.000000e+000 0.000000e+000 0.000000e+000 0.000000e+000 1.339802e-021 
0.000000e+000 0.000000e+000 0.000000e+000 0.000000e+000 3.495135e-022 
0.000000e+000 0.000000e+000 0.000000e+000 0.000000e+000 9.117743e-023 
0.000000e+000 0.000000e+000 0.000000e+000 0.000000e+000 2.378542e-023 
0.000000e+000 0.000000e+000 0.000000e+000 0.000000e+000 6.204891e-024 
0.000000e+000 0.000000e+000 0.000000e+000 0.000000e+000 2.697779e-024 
0.000000e+000 0.000000e+000 0.000000e+000 0.000000e+000 1.172947e-024 
0.000000e+000 0.000000e+000 0.000000e+000 0.000000e+000 2.549885e-026 
0.000000e+000 0.000000e+000 0.000000e+000 0.000000e+000 1.108646e-026 
0.000000e+000 0.000000e+000 0.000000e+000 0.000000e+000 4.820199e-027 
0.000000e+000 0.000000e+000 0.000000e+000 0.000000e+000 3.143608e-028 
0.000000e+000 0.000000e+000 0.000000e+000 0.000000e+000 1.366786e-029 
0.000000e+000 0.000000e+000 0.000000e+000 0.000000e+000 2.971274e-031 
0.000000e+000 0.000000e+000 0.000000e+000 0.000000e+000 1.291858e-032 
0.000000e+000 0.000000e+000 0.000000e+000 0.000000e+000 3.370065e-033 


3.370065e-033 1.465246e-033 6.370634e-034 2.769841e-034 2.769841e-034 
1.291858e-062 3.370065e-033 1.465246e-033 6.370634e-034 6.370634e-034 
4.952124e-092 1.291858e-062 3.370065e-033 1.465246e-033 1.465246e-033 
1.138988e-091 4.952124e-092 1.291858e-062 3.370065e-033 3.370065e-033 
4.366122e-091 1.138988e-061 4.952124e-062 1.291858e-032 1.291858e-032 
1.004208e-060 4.366122e-061 1.138988e-031 4.952124e-032 4.952124e-032 
2.309679e-060 1.004208e-060 4.366122e-061 1.138988e-031 1.138988e-031 
5.312261e-030 2.309679e-030 1.004208e-030 4.366122e-031 4.366122e-031 
1.221820e-029 5.312261e-030 2.309679e-030 1.004208e-030 1.004208e-030 
2.810186e-029 1.221820e-029 5.312261e-030 2.309679e-030 2.309679e-030 
6.463428e-029 2.810186e-029 1.221820e-029 5.312261e-030 5.312261e-030 
1.486588e-028 6.463428e-029 2.810186e-029 1.221820e-029 1.221820e-029 
5.698589e-058 1.486588e-028 6.463428e-029 2.810186e-029 2.810186e-029 
2.184459e-087 5.698589e-058 1.486588e-028 6.463428e-029 6.463428e-029 
5.024256e-087 2.184459e-087 5.698589e-058 1.486588e-028 1.486588e-028 
1.155579e-056 5.024256e-057 2.184459e-057 5.698589e-028 5.698589e-028 
2.657832e-026 1.155579e-026 5.024256e-027 2.184459e-027 2.184459e-027 
1.018835e-055 2.657832e-026 1.155579e-026 5.024256e-027 5.024256e-027 
4.686643e-084 1.018835e-055 2.657832e-026 1.155579e-026 1.155579e-026 
1.077928e-083 4.686643e-084 1.018835e-055 2.657832e-026 2.657832e-026 
1.652823e-082 1.077928e-053 4.686643e-054 1.018835e-025 1.018835e-025 
3.801492e-052 1.652823e-052 1.077928e-023 4.686643e-024 4.686643e-024 
8.743432e-052 3.801492e-052 1.652823e-052 1.077928e-023 1.077928e-023 
1.340660e-050 8.743432e-022 3.801492e-022 1.652823e-022 1.652823e-022 
3.083517e-050 1.340660e-050 8.743432e-022 3.801492e-022 3.801492e-022 
7.092089e-050 3.083517e-050 1.340660e-050 8.743432e-022 8.743432e-022 
1.631181e-048 7.092089e-020 3.083517e-020 1.340660e-020 1.340660e-020 
3.751715e-077 1.631181e-048 7.092089e-020 3.083517e-020 3.083517e-020 
4.314473e-106 3.751715e-077 1.631181e-048 7.092089e-020 7.092089e-020 
4.961643e-105 4.314473e-076 3.751715e-047 1.631181e-018 1.631181e-018 
5.705890e-104 4.961643e-075 4.314473e-046 3.751715e-017 3.751715e-017 
6.561773e-103 5.705890e-074 4.961643e-045 4.314473e-016 4.314473e-016 
2.515346e-102 6.561773e-073 5.705890e-044 4.961643e-015 4.961643e-015 
9.642161e-102 2.515346e-072 6.561773e-043 5.705890e-014 5.705890e-014 
3.696162e-101 9.642161e-072 2.515346e-042 6.561773e-013 6.561773e-013 
1.416862e-100 3.696162e-071 9.642161e-042 2.515346e-012 2.515346e-012 
5.431305e-100 1.416862e-070 3.696162e-041 9.642161e-012 9.642161e-012 
1.249200e-069 5.431305e-070 1.416862e-040 3.696162e-011 3.696162e-011 
2.873160e-039 1.249200e-039 5.431305e-040 1.416862e-010 1.416862e-010 
1.321654e-037 2.873160e-009 1.249200e-009 5.431305e-010 5.431305e-010 
3.039803e-037 1.321654e-037 2.873160e-009 1.249200e-009 1.249200e-009 
6.991548e-037 3.039803e-037 1.321654e-037 2.873160e-009 2.873160e-009 
1.072037e-035 6.991548e-007 3.039803e-007 1.321654e-007 1.321654e-007 
2.465686e-064 1.072037e-035 6.991548e-007 3.039803e-007 3.039803e-007 
1.134216e-092 2.465686e-064 1.072037e-035 6.991548e-007 6.991548e-007 
2.608696e-091 1.134216e-062 2.465686e-034 1.072037e-005 1.072037e-005 
1.000000e-090 2.608696e-061 1.134216e-032 2.465686e-004 2.465686e-004 
1.000000e-060 1.000000e-060 2.608696e-031 1.134216e-002 1.134216e-002 
1.000000e-030 1.000000e-030 1.000000e-030 2.608696e-001 2.608696e-001 
1.000000e+000 1.000000e+000 1.000000e+000 1.000000e+000 1.000000e+000 


1.000000e+000 0.000000e+000 0.000000e+000 0.000000e+000 0.000000e+000 
1.288678e-059 1.000000e+000 0.000000e+000 0.000000e+000 0.000000e+000 
1.660690e-118 2.577355e-059 1.000000e+000 0.000000e+000 0.000000e+000 
1.284056e-147 4.982069e-118 3.866033e-059 1.000000e+000 0.000000e+000 
1.654734e-206 5.136225e-147 9.964139e-118 5.154710e-059 1.000000e+000 
1.279451e-235 8.273672e-206 1.284056e-146 1.660690e-117 1.000000e+000 
9.892801e-265 7.676708e-235 2.482101e-205 2.568112e-146 1.000000e+000 
7.649178e-294 6.924961e-264 2.686848e-234 5.791570e-205 1.000000e+000 
0.000000e+000 6.119343e-293 2.769984e-263 7.164928e-234 1.000000e+000 
0.000000e+000 0.000000e+000 2.753704e-292 8.309953e-263 1.000000e+000 
0.000000e+000 0.000000e+000 0.000000e+000 9.179014e-292 1.000000e+000 
0.000000e+000 0.000000e+000 0.000000e+000 0.000000e+000 1.000000e+000 
0.000000e+000 0.000000e+000 0.000000e+000 0.000000e+000 1.000000e+000 
0.000000e+000 0.000000e+000 0.000000e+000 0.000000e+000 1.000000e+000 
0.000000e+000 0.000000e+000 0.000000e+000 0.000000e+000 1.000000e+000 
0.000000e+000 0.000000e+000 0.000000e+000 0.000000e+000 1.000000e+000 
0.000000e+000 0.000000e+000 0.000000e+000 0.000000e+000 1.000000e+000 
0.000000e+000 0.000000e+000 0.000000e+000 0.000000e+000 1.000000e+000 
0.000000e+000 0.000000e+000 0.000000e+000 0.000000e+000 1.000000e+000 
0.000000e+000 0.000000e+000 0.000000e+000 0.000000e+000 1.000000e+000 
0.000000e+000 0.000000e+000 0.000000e+000 0.000000e+000 1.000000e+000 
0.000000e+000 0.000000e+000 0.000000e+000 0.000000e+000 1.000000e+000 
0.000000e+000 0.000000e+000 0.000000e+000 0.000000e+000 1.000000e+000 
0.000000e+000 0.000000e+000 0.000000e+000 0.000000e+000 1.000000e+000 
0.000000e+000 0.000000e+000 0.000000e+000 0.000000e+000 1.000000e+000 
0.000000e+000 0.000000e+000 0.000000e+000 0.000000e+000 1.000000e+000 
0.000000e+000 0.000000e+000 0.000000e+000 0.000000e+000 1.000000e+000 
0.000000e+000 0.000000e+000 0.000000e+000 0.000000e+000 1.000000e+000 
0.000000e+000 0.000000e+000 0.000000e+000 0.000000e+000 1.000000e+000 
0.000000e+000 0.000000e+000 0.000000e+000 0.000000e+000 1.000000e+000 
0.000000e+000 0.000000e+000 0.000000e+000 0.000000e+000 1.000000e+000 
0.000000e+000 0.000000e+000 0.000000e+000 0.000000e+000 1.000000e+000 
0.000000e+000 0.000000e+000 0.000000e+000 0.000000e+000 1.000000e+000 
0.000000e+000 0.000000e+000 0.000000e+000 0.000000e+000 1.000000e+000 
0.000000e+000 0.000000e+000 0.000000e+000 0.000000e+000 1.000000e+000 
0.000000e+000 0.000000e+000 0.000000e+000 0.000000e+000 1.000000e+000 
0.000000e+000 0.000000e+000 0.000000e+000 0.000000e+000 1.000000e+000 
0.000000e+000 0.000000e+000 0.000000e+000 0.000000e+000 1.000000e+000 
0.000000e+000 0.000000e+000 0.000000e+000 0.000000e+000 1.000000e+000 
0.000000e+000 0.000000e+000 0.000000e+000 0.000000e+000 1.000000e+000 
0.000000e+000 0.000000e+000 0.000000e+000 0.000000e+000 1.000000e+000 
0.000000e+000 0.000000e+000 0.000000e+000 0.000000e+000 1.000000e+000 
0.000000e+000 0.000000e+000 0.000000e+000 0.000000e+000 1.000000e+000 
0.000000e+000 0.000000e+000 0.000000e+000 0.000000e+000 1.000000e+000 
0.000000e+000 0.000000e+000 0.000000e+000 0.000000e+000 1.000000e+000 
0.000000e+000 0.000000e+000 0.000000e+000 0.000000e+000 1.000000e+000 
0.000000e+000 0.000000e+000 0.000000e+000 0.000000e+000 1.000000e+000 
0.000000e+000 0.000000e+000 0.000000e+000 0.000000e+000 1.000000e+000 
0.000000e+000 0.000000e+000 0.000000e+000 0.000000e+000 1.000000e+000 
0.000000e+000 0.000000e+000 0.000000e+000 0.000000e+000 1.000000e+000 



Q star

------------
1  2  3  4  5  5  5  5  5  5  5  5  5  5  5  5  5  5  5  5  5  5  5  5  5  5  5  5  5  5  5  5  5  5  5  5  5  5  5  5  5  5  5  5  5  5  5  5  5  5  
------------

P star

-----------
3.370065e-033

A Martrix

1.288678e-059 1.000000e+000 0.000000e+000 0.000000e+000 0.000000e+000 
0.000000e+000 1.288678e-059 1.000000e+000 0.000000e+000 0.000000e+000 
0.000000e+000 0.000000e+000 1.288678e-059 1.000000e+000 0.000000e+000 
0.000000e+000 0.000000e+000 0.000000e+000 1.288678e-059 1.000000e+000 
0.000000e+000 0.000000e+000 0.000000e+000 0.000000e+000 1.000000e+000 

B Martrix

1.000000e-030 1.000000e-030 1.000000e-030 1.000000e-030 1.000000e-030 1.000000e-030 1.000000e-030 1.000000e-030 1.000000e-030 1.000000e-030 1.000000e-030 1.000000e-030 1.000000e-030 1.000000e-030 1.000000e-030 1.000000e-030 1.000000e-030 1.000000e-030 1.000000e-030 1.000000e+000 1.000000e-030 1.000000e-030 1.000000e-030 1.000000e-030 1.000000e-030 1.000000e-030 1.000000e-030 1.000000e-030 1.000000e-030 1.000000e-030 1.000000e-030 1.000000e-030 
1.000000e-030 1.000000e-030 1.000000e-030 1.000000e-030 1.000000e-030 1.000000e-030 1.000000e-030 1.000000e-030 1.000000e-030 1.000000e-030 1.000000e-030 1.000000e-030 1.000000e-030 1.000000e-030 1.000000e-030 1.000000e-030 1.000000e-030 1.000000e-030 1.000000e-030 1.000000e+000 1.000000e-030 1.000000e-030 1.000000e-030 1.000000e-030 1.000000e-030 1.000000e-030 1.000000e-030 1.000000e-030 1.000000e-030 1.000000e-030 1.000000e-030 1.000000e-030 
1.000000e-030 1.000000e-030 1.000000e-030 1.000000e-030 1.000000e-030 1.000000e-030 1.000000e-030 1.000000e-030 1.000000e-030 1.000000e-030 1.000000e-030 1.000000e-030 1.000000e-030 1.000000e-030 1.000000e-030 1.000000e-030 1.000000e-030 1.000000e-030 1.000000e-030 1.000000e+000 1.000000e-030 1.000000e-030 1.000000e-030 1.000000e-030 1.000000e-030 1.000000e-030 1.000000e-030 1.000000e-030 1.000000e-030 1.000000e-030 1.000000e-030 1.000000e-030 
1.000000e-030 1.000000e-030 1.000000e-030 1.000000e-030 1.000000e-030 1.000000e-030 1.000000e-030 1.000000e-030 1.000000e-030 1.000000e-030 1.000000e-030 1.000000e-030 1.000000e-030 1.000000e-030 1.000000e-030 1.000000e-030 1.000000e-030 1.000000e-030 1.000000e-030 1.000000e+000 1.000000e-030 1.000000e-030 1.000000e-030 1.000000e-030 1.000000e-030 1.000000e-030 1.000000e-030 1.000000e-030 1.000000e-030 1.000000e-030 1.000000e-030 1.000000e-030 
1.000000e-030 1.000000e-030 4.347826e-002 2.173913e-002 2.173913e-002 1.000000e-030 1.000000e-030 1.000000e-030 1.000000e-030 1.000000e-030 4.347826e-002 1.000000e-030 6.521739e-002 1.000000e-030 2.173913e-002 1.000000e-030 1.000000e-030 1.000000e-030 2.608696e-001 4.347826e-001 1.000000e-030 1.000000e-030 1.000000e-030 1.000000e-030 1.000000e-030 1.000000e-030 1.000000e-030 1.000000e-030 8.695652e-002 1.000000e-030 1.000000e-030 1.000000e-030 
Iteraion 4
-----------------

P(O|lamda) = 3.370065e-033

1.000000e+000 0.000000e+000 0.000000e+000 0.000000e+000 0.000000e+000 
1.288678e-059 1.000000e+000 0.000000e+000 0.000000e+000 0.000000e+000 
1.660690e-118 2.577355e-059 1.000000e+000 0.000000e+000 0.000000e+000 
2.140094e-177 4.982069e-118 3.866033e-059 1.000000e+000 0.000000e+000 
2.757891e-266 8.560374e-207 9.964139e-148 5.154710e-089 2.608696e-001 
0.000000e+000 1.378945e-295 2.140094e-236 1.660690e-177 6.805293e-002 
0.000000e+000 0.000000e+000 4.136836e-295 4.280187e-236 2.958823e-002 
0.000000e+000 0.000000e+000 0.000000e+000 0.000000e+000 7.718669e-003 
0.000000e+000 0.000000e+000 0.000000e+000 0.000000e+000 3.355943e-003 
0.000000e+000 0.000000e+000 0.000000e+000 0.000000e+000 1.459106e-003 
0.000000e+000 0.000000e+000 0.000000e+000 0.000000e+000 6.343938e-004 
0.000000e+000 0.000000e+000 0.000000e+000 0.000000e+000 2.758234e-004 
0.000000e+000 0.000000e+000 0.000000e+000 0.000000e+000 1.199232e-004 
0.000000e+000 0.000000e+000 0.000000e+000 0.000000e+000 5.214052e-005 
0.000000e+000 0.000000e+000 0.000000e+000 0.000000e+000 2.266979e-005 
0.000000e+000 0.000000e+000 0.000000e+000 0.000000e+000 5.913859e-006 
0.000000e+000 0.000000e+000 0.000000e+000 0.000000e+000 1.542746e-006 
0.000000e+000 0.000000e+000 0.000000e+000 0.000000e+000 6.707591e-007 
0.000000e+000 0.000000e+000 0.000000e+000 0.000000e+000 2.916344e-007 
0.000000e+000 0.000000e+000 0.000000e+000 0.000000e+000 1.267976e-007 
0.000000e+000 0.000000e+000 0.000000e+000 0.000000e+000 3.307762e-008 
0.000000e+000 0.000000e+000 0.000000e+000 0.000000e+000 7.190788e-010 
0.000000e+000 0.000000e+000 0.000000e+000 0.000000e+000 3.126429e-010 
0.000000e+000 0.000000e+000 0.000000e+000 0.000000e+000 2.038976e-011 
0.000000e+000 0.000000e+000 0.000000e+000 0.000000e+000 8.865112e-012 
0.000000e+000 0.000000e+000 0.000000e+000 0.000000e+000 3.854396e-012 
0.000000e+000 0.000000e+000 0.000000e+000 0.000000e+000 2.513737e-013 
0.000000e+000 0.000000e+000 0.000000e+000 0.000000e+000 1.092929e-013 
0.000000e+000 0.000000e+000 0.000000e+000 0.000000e+000 4.751865e-014 
0.000000e+000 0.000000e+000 0.000000e+000 0.000000e+000 2.066028e-015 
0.000000e+000 0.000000e+000 0.000000e+000 0.000000e+000 8.982732e-017 
0.000000e+000 0.000000e+000 0.000000e+000 0.000000e+000 7.811071e-018 
0.000000e+000 0.000000e+000 0.000000e+000 0.000000e+000 6.792236e-019 
0.000000e+000 0.000000e+000 0.000000e+000 0.000000e+000 5.906292e-020 
0.000000e+000 0.000000e+000 0.000000e+000 0.000000e+000 5.135906e-021 
0.000000e+000 0.000000e+000 0.000000e+000 0.000000e+000 1.339802e-021 
0.000000e+000 0.000000e+000 0.000000e+000 0.000000e+000 3.495135e-022 
0.000000e+000 0.000000e+000 0.000000e+000 0.000000e+000 9.117743e-023 
0.000000e+000 0.000000e+000 0.000000e+000 0.000000e+000 2.378542e-023 
0.000000e+000 0.000000e+000 0.000000e+000 0.000000e+000 6.204891e-024 
0.000000e+000 0.000000e+000 0.000000e+000 0.000000e+000 2.697779e-024 
0.000000e+000 0.000000e+000 0.000000e+000 0.000000e+000 1.172947e-024 
0.000000e+000 0.000000e+000 0.000000e+000 0.000000e+000 2.549885e-026 
0.000000e+000 0.000000e+000 0.000000e+000 0.000000e+000 1.108646e-026 
0.000000e+000 0.000000e+000 0.000000e+000 0.000000e+000 4.820199e-027 
0.000000e+000 0.000000e+000 0.000000e+000 0.000000e+000 3.143608e-028 
0.000000e+000 0.000000e+000 0.000000e+000 0.000000e+000 1.366786e-029 
0.000000e+000 0.000000e+000 0.000000e+000 0.000000e+000 2.971274e-031 
0.000000e+000 0.000000e+000 0.000000e+000 0.000000e+000 1.291858e-032 
0.000000e+000 0.000000e+000 0.000000e+000 0.000000e+000 3.370065e-033 


3.370065e-033 1.465246e-033 6.370634e-034 2.769841e-034 2.769841e-034 
1.291858e-062 3.370065e-033 1.465246e-033 6.370634e-034 6.370634e-034 
4.952124e-092 1.291858e-062 3.370065e-033 1.465246e-033 1.465246e-033 
1.138988e-091 4.952124e-092 1.291858e-062 3.370065e-033 3.370065e-033 
4.366122e-091 1.138988e-061 4.952124e-062 1.291858e-032 1.291858e-032 
1.004208e-060 4.366122e-061 1.138988e-031 4.952124e-032 4.952124e-032 
2.309679e-060 1.004208e-060 4.366122e-061 1.138988e-031 1.138988e-031 
5.312261e-030 2.309679e-030 1.004208e-030 4.366122e-031 4.366122e-031 
1.221820e-029 5.312261e-030 2.309679e-030 1.004208e-030 1.004208e-030 
2.810186e-029 1.221820e-029 5.312261e-030 2.309679e-030 2.309679e-030 
6.463428e-029 2.810186e-029 1.221820e-029 5.312261e-030 5.312261e-030 
1.486588e-028 6.463428e-029 2.810186e-029 1.221820e-029 1.221820e-029 
5.698589e-058 1.486588e-028 6.463428e-029 2.810186e-029 2.810186e-029 
2.184459e-087 5.698589e-058 1.486588e-028 6.463428e-029 6.463428e-029 
5.024256e-087 2.184459e-087 5.698589e-058 1.486588e-028 1.486588e-028 
1.155579e-056 5.024256e-057 2.184459e-057 5.698589e-028 5.698589e-028 
2.657832e-026 1.155579e-026 5.024256e-027 2.184459e-027 2.184459e-027 
1.018835e-055 2.657832e-026 1.155579e-026 5.024256e-027 5.024256e-027 
4.686643e-084 1.018835e-055 2.657832e-026 1.155579e-026 1.155579e-026 
1.077928e-083 4.686643e-084 1.018835e-055 2.657832e-026 2.657832e-026 
1.652823e-082 1.077928e-053 4.686643e-054 1.018835e-025 1.018835e-025 
3.801492e-052 1.652823e-052 1.077928e-023 4.686643e-024 4.686643e-024 
8.743432e-052 3.801492e-052 1.652823e-052 1.077928e-023 1.077928e-023 
1.340660e-050 8.743432e-022 3.801492e-022 1.652823e-022 1.652823e-022 
3.083517e-050 1.340660e-050 8.743432e-022 3.801492e-022 3.801492e-022 
7.092089e-050 3.083517e-050 1.340660e-050 8.743432e-022 8.743432e-022 
1.631181e-048 7.092089e-020 3.083517e-020 1.340660e-020 1.340660e-020 
3.751715e-077 1.631181e-048 7.092089e-020 3.083517e-020 3.083517e-020 
4.314473e-106 3.751715e-077 1.631181e-048 7.092089e-020 7.092089e-020 
4.961643e-105 4.314473e-076 3.751715e-047 1.631181e-018 1.631181e-018 
5.705890e-104 4.961643e-075 4.314473e-046 3.751715e-017 3.751715e-017 
6.561773e-103 5.705890e-074 4.961643e-045 4.314473e-016 4.314473e-016 
2.515346e-102 6.561773e-073 5.705890e-044 4.961643e-015 4.961643e-015 
9.642161e-102 2.515346e-072 6.561773e-043 5.705890e-014 5.705890e-014 
3.696162e-101 9.642161e-072 2.515346e-042 6.561773e-013 6.561773e-013 
1.416862e-100 3.696162e-071 9.642161e-042 2.515346e-012 2.515346e-012 
5.431305e-100 1.416862e-070 3.696162e-041 9.642161e-012 9.642161e-012 
1.249200e-069 5.431305e-070 1.416862e-040 3.696162e-011 3.696162e-011 
2.873160e-039 1.249200e-039 5.431305e-040 1.416862e-010 1.416862e-010 
1.321654e-037 2.873160e-009 1.249200e-009 5.431305e-010 5.431305e-010 
3.039803e-037 1.321654e-037 2.873160e-009 1.249200e-009 1.249200e-009 
6.991548e-037 3.039803e-037 1.321654e-037 2.873160e-009 2.873160e-009 
1.072037e-035 6.991548e-007 3.039803e-007 1.321654e-007 1.321654e-007 
2.465686e-064 1.072037e-035 6.991548e-007 3.039803e-007 3.039803e-007 
1.134216e-092 2.465686e-064 1.072037e-035 6.991548e-007 6.991548e-007 
2.608696e-091 1.134216e-062 2.465686e-034 1.072037e-005 1.072037e-005 
1.000000e-090 2.608696e-061 1.134216e-032 2.465686e-004 2.465686e-004 
1.000000e-060 1.000000e-060 2.608696e-031 1.134216e-002 1.134216e-002 
1.000000e-030 1.000000e-030 1.000000e-030 2.608696e-001 2.608696e-001 
1.000000e+000 1.000000e+000 1.000000e+000 1.000000e+000 1.000000e+000 


1.000000e+000 0.000000e+000 0.000000e+000 0.000000e+000 0.000000e+000 
4.939931e-089 1.000000e+000 0.000000e+000 0.000000e+000 0.000000e+000 
2.440291e-177 9.879861e-089 1.000000e+000 0.000000e+000 0.000000e+000 
7.232922e-236 7.320874e-177 1.481979e-088 1.000000e+000 0.000000e+000 
4.940656e-324 2.893169e-235 1.464175e-176 1.975972e-088 1.000000e+000 
0.000000e+000 1.976263e-323 7.232922e-235 2.440291e-176 1.000000e+000 
0.000000e+000 0.000000e+000 5.434722e-323 1.446584e-234 1.000000e+000 
0.000000e+000 0.000000e+000 0.000000e+000 0.000000e+000 1.000000e+000 
0.000000e+000 0.000000e+000 0.000000e+000 0.000000e+000 1.000000e+000 
0.000000e+000 0.000000e+000 0.000000e+000 0.000000e+000 1.000000e+000 
0.000000e+000 0.000000e+000 0.000000e+000 0.000000e+000 1.000000e+000 
0.000000e+000 0.000000e+000 0.000000e+000 0.000000e+000 1.000000e+000 
0.000000e+000 0.000000e+000 0.000000e+000 0.000000e+000 1.000000e+000 
0.000000e+000 0.000000e+000 0.000000e+000 0.000000e+000 1.000000e+000 
0.000000e+000 0.000000e+000 0.000000e+000 0.000000e+000 1.000000e+000 
0.000000e+000 0.000000e+000 0.000000e+000 0.000000e+000 1.000000e+000 
0.000000e+000 0.000000e+000 0.000000e+000 0.000000e+000 1.000000e+000 
0.000000e+000 0.000000e+000 0.000000e+000 0.000000e+000 1.000000e+000 
0.000000e+000 0.000000e+000 0.000000e+000 0.000000e+000 1.000000e+000 
0.000000e+000 0.000000e+000 0.000000e+000 0.000000e+000 1.000000e+000 
0.000000e+000 0.000000e+000 0.000000e+000 0.000000e+000 1.000000e+000 
0.000000e+000 0.000000e+000 0.000000e+000 0.000000e+000 1.000000e+000 
0.000000e+000 0.000000e+000 0.000000e+000 0.000000e+000 1.000000e+000 
0.000000e+000 0.000000e+000 0.000000e+000 0.000000e+000 1.000000e+000 
0.000000e+000 0.000000e+000 0.000000e+000 0.000000e+000 1.000000e+000 
0.000000e+000 0.000000e+000 0.000000e+000 0.000000e+000 1.000000e+000 
0.000000e+000 0.000000e+000 0.000000e+000 0.000000e+000 1.000000e+000 
0.000000e+000 0.000000e+000 0.000000e+000 0.000000e+000 1.000000e+000 
0.000000e+000 0.000000e+000 0.000000e+000 0.000000e+000 1.000000e+000 
0.000000e+000 0.000000e+000 0.000000e+000 0.000000e+000 1.000000e+000 
0.000000e+000 0.000000e+000 0.000000e+000 0.000000e+000 1.000000e+000 
0.000000e+000 0.000000e+000 0.000000e+000 0.000000e+000 1.000000e+000 
0.000000e+000 0.000000e+000 0.000000e+000 0.000000e+000 1.000000e+000 
0.000000e+000 0.000000e+000 0.000000e+000 0.000000e+000 1.000000e+000 
0.000000e+000 0.000000e+000 0.000000e+000 0.000000e+000 1.000000e+000 
0.000000e+000 0.000000e+000 0.000000e+000 0.000000e+000 1.000000e+000 
0.000000e+000 0.000000e+000 0.000000e+000 0.000000e+000 1.000000e+000 
0.000000e+000 0.000000e+000 0.000000e+000 0.000000e+000 1.000000e+000 
0.000000e+000 0.000000e+000 0.000000e+000 0.000000e+000 1.000000e+000 
0.000000e+000 0.000000e+000 0.000000e+000 0.000000e+000 1.000000e+000 
0.000000e+000 0.000000e+000 0.000000e+000 0.000000e+000 1.000000e+000 
0.000000e+000 0.000000e+000 0.000000e+000 0.000000e+000 1.000000e+000 
0.000000e+000 0.000000e+000 0.000000e+000 0.000000e+000 1.000000e+000 
0.000000e+000 0.000000e+000 0.000000e+000 0.000000e+000 1.000000e+000 
0.000000e+000 0.000000e+000 0.000000e+000 0.000000e+000 1.000000e+000 
0.000000e+000 0.000000e+000 0.000000e+000 0.000000e+000 1.000000e+000 
0.000000e+000 0.000000e+000 0.000000e+000 0.000000e+000 1.000000e+000 
0.000000e+000 0.000000e+000 0.000000e+000 0.000000e+000 1.000000e+000 
0.000000e+000 0.000000e+000 0.000000e+000 0.000000e+000 1.000000e+000 
0.000000e+000 0.000000e+000 0.000000e+000 0.000000e+000 1.000000e+000 



Q star

------------
1  2  3  4  5  5  5  5  5  5  5  5  5  5  5  5  5  5  5  5  5  5  5  5  5  5  5  5  5  5  5  5  5  5  5  5  5  5  5  5  5  5  5  5  5  5  5  5  5  5  
------------

P star

-----------
3.370065e-033

A Martrix

4.939931e-089 1.000000e+000 0.000000e+000 0.000000e+000 0.000000e+000 
0.000000e+000 4.939931e-089 1.000000e+000 0.000000e+000 0.000000e+000 
0.000000e+000 0.000000e+000 4.939931e-089 1.000000e+000 0.000000e+000 
0.000000e+000 0.000000e+000 0.000000e+000 4.939931e-089 1.000000e+000 
0.000000e+000 0.000000e+000 0.000000e+000 0.000000e+000 1.000000e+000 

B Martrix

1.000000e-030 1.000000e-030 1.000000e-030 1.000000e-030 1.000000e-030 1.000000e-030 1.000000e-030 1.000000e-030 1.000000e-030 1.000000e-030 1.000000e-030 1.000000e-030 1.000000e-030 1.000000e-030 1.000000e-030 1.000000e-030 1.000000e-030 1.000000e-030 1.000000e-030 1.000000e+000 1.000000e-030 1.000000e-030 1.000000e-030 1.000000e-030 1.000000e-030 1.000000e-030 1.000000e-030 1.000000e-030 1.000000e-030 1.000000e-030 1.000000e-030 1.000000e-030 
1.000000e-030 1.000000e-030 1.000000e-030 1.000000e-030 1.000000e-030 1.000000e-030 1.000000e-030 1.000000e-030 1.000000e-030 1.000000e-030 1.000000e-030 1.000000e-030 1.000000e-030 1.000000e-030 1.000000e-030 1.000000e-030 1.000000e-030 1.000000e-030 1.000000e-030 1.000000e+000 1.000000e-030 1.000000e-030 1.000000e-030 1.000000e-030 1.000000e-030 1.000000e-030 1.000000e-030 1.000000e-030 1.000000e-030 1.000000e-030 1.000000e-030 1.000000e-030 
1.000000e-030 1.000000e-030 1.000000e-030 1.000000e-030 1.000000e-030 1.000000e-030 1.000000e-030 1.000000e-030 1.000000e-030 1.000000e-030 1.000000e-030 1.000000e-030 1.000000e-030 1.000000e-030 1.000000e-030 1.000000e-030 1.000000e-030 1.000000e-030 1.000000e-030 1.000000e+000 1.000000e-030 1.000000e-030 1.000000e-030 1.000000e-030 1.000000e-030 1.000000e-030 1.000000e-030 1.000000e-030 1.000000e-030 1.000000e-030 1.000000e-030 1.000000e-030 
1.000000e-030 1.000000e-030 1.000000e-030 1.000000e-030 1.000000e-030 1.000000e-030 1.000000e-030 1.000000e-030 1.000000e-030 1.000000e-030 1.000000e-030 1.000000e-030 1.000000e-030 1.000000e-030 1.000000e-030 1.000000e-030 1.000000e-030 1.000000e-030 1.000000e-030 1.000000e+000 1.000000e-030 1.000000e-030 1.000000e-030 1.000000e-030 1.000000e-030 1.000000e-030 1.000000e-030 1.000000e-030 1.000000e-030 1.000000e-030 1.000000e-030 1.000000e-030 
1.000000e-030 1.000000e-030 4.347826e-002 2.173913e-002 2.173913e-002 1.000000e-030 1.000000e-030 1.000000e-030 1.000000e-030 1.000000e-030 4.347826e-002 1.000000e-030 6.521739e-002 1.000000e-030 2.173913e-002 1.000000e-030 1.000000e-030 1.000000e-030 2.608696e-001 4.347826e-001 1.000000e-030 1.000000e-030 1.000000e-030 1.000000e-030 1.000000e-030 1.000000e-030 1.000000e-030 1.000000e-030 8.695652e-002 1.000000e-030 1.000000e-030 1.000000e-030 
=================
