16	20	19	19	20	20	19	19	29	29	13	29	19	29	29	29	19	29	29	19	19	19	29	20	11	11	11	19	19	19	4	3	3	19	3	3	3	19	11	11	3	13	3	3	4	12	20	4	4	

P(O|lamda) = 0.000000e+000

1.000000e-030 0.000000e+000 0.000000e+000 0.000000e+000 0.000000e+000 
2.571063e-062 9.742894e-061 0.000000e+000 0.000000e+000 0.000000e+000 
6.610365e-094 6.205654e-092 9.372825e-091 0.000000e+000 0.000000e+000 
1.699566e-125 3.001167e-123 1.814560e-121 8.155259e-121 0.000000e+000 
4.369692e-157 1.305536e-154 2.645899e-152 3.401961e-151 7.107485e-122 
1.123475e-188 5.384622e-186 3.562719e-183 9.907319e-182 7.977768e-123 
2.888526e-220 2.154729e-217 4.679908e-214 2.524786e-212 4.600543e-124 
7.426583e-252 8.465846e-249 6.100107e-245 6.051391e-243 2.652998e-125 
1.909421e-283 3.287984e-280 7.932415e-276 1.405874e-273 2.652998e-155 
4.909242e-315 1.267496e-311 1.030767e-306 3.211870e-304 2.652998e-185 
0.000000e+000 0.000000e+000 0.000000e+000 0.000000e+000 2.652998e-215 
0.000000e+000 0.000000e+000 0.000000e+000 0.000000e+000 2.652998e-245 
0.000000e+000 0.000000e+000 0.000000e+000 0.000000e+000 1.529905e-246 
0.000000e+000 0.000000e+000 0.000000e+000 0.000000e+000 1.529905e-276 
0.000000e+000 0.000000e+000 0.000000e+000 0.000000e+000 1.529905e-306 
0.000000e+000 0.000000e+000 0.000000e+000 0.000000e+000 0.000000e+000 
0.000000e+000 0.000000e+000 0.000000e+000 0.000000e+000 0.000000e+000 
0.000000e+000 0.000000e+000 0.000000e+000 0.000000e+000 0.000000e+000 
0.000000e+000 0.000000e+000 0.000000e+000 0.000000e+000 0.000000e+000 
0.000000e+000 0.000000e+000 0.000000e+000 0.000000e+000 0.000000e+000 
0.000000e+000 0.000000e+000 0.000000e+000 0.000000e+000 0.000000e+000 
0.000000e+000 0.000000e+000 0.000000e+000 0.000000e+000 0.000000e+000 
0.000000e+000 0.000000e+000 0.000000e+000 0.000000e+000 0.000000e+000 
0.000000e+000 0.000000e+000 0.000000e+000 0.000000e+000 0.000000e+000 
0.000000e+000 0.000000e+000 0.000000e+000 0.000000e+000 0.000000e+000 
0.000000e+000 0.000000e+000 0.000000e+000 0.000000e+000 0.000000e+000 
0.000000e+000 0.000000e+000 0.000000e+000 0.000000e+000 0.000000e+000 
0.000000e+000 0.000000e+000 0.000000e+000 0.000000e+000 0.000000e+000 
0.000000e+000 0.000000e+000 0.000000e+000 0.000000e+000 0.000000e+000 
0.000000e+000 0.000000e+000 0.000000e+000 0.000000e+000 0.000000e+000 
0.000000e+000 0.000000e+000 0.000000e+000 0.000000e+000 0.000000e+000 
0.000000e+000 0.000000e+000 0.000000e+000 0.000000e+000 0.000000e+000 
0.000000e+000 0.000000e+000 0.000000e+000 0.000000e+000 0.000000e+000 
0.000000e+000 0.000000e+000 0.000000e+000 0.000000e+000 0.000000e+000 
0.000000e+000 0.000000e+000 0.000000e+000 0.000000e+000 0.000000e+000 
0.000000e+000 0.000000e+000 0.000000e+000 0.000000e+000 0.000000e+000 
0.000000e+000 0.000000e+000 0.000000e+000 0.000000e+000 0.000000e+000 
0.000000e+000 0.000000e+000 0.000000e+000 0.000000e+000 0.000000e+000 
0.000000e+000 0.000000e+000 0.000000e+000 0.000000e+000 0.000000e+000 
0.000000e+000 0.000000e+000 0.000000e+000 0.000000e+000 0.000000e+000 
0.000000e+000 0.000000e+000 0.000000e+000 0.000000e+000 0.000000e+000 
0.000000e+000 0.000000e+000 0.000000e+000 0.000000e+000 0.000000e+000 
0.000000e+000 0.000000e+000 0.000000e+000 0.000000e+000 0.000000e+000 
0.000000e+000 0.000000e+000 0.000000e+000 0.000000e+000 0.000000e+000 
0.000000e+000 0.000000e+000 0.000000e+000 0.000000e+000 0.000000e+000 
0.000000e+000 0.000000e+000 0.000000e+000 0.000000e+000 0.000000e+000 
0.000000e+000 0.000000e+000 0.000000e+000 0.000000e+000 0.000000e+000 
0.000000e+000 0.000000e+000 0.000000e+000 0.000000e+000 0.000000e+000 
0.000000e+000 0.000000e+000 0.000000e+000 0.000000e+000 0.000000e+000 



P(O|lamda) = 3.086369e-085

1.050000e-030 0.000000e+000 0.000000e+000 0.000000e+000 0.000000e+000 
8.711110e-182 2.625000e-031 0.000000e+000 0.000000e+000 0.000000e+000 
0.000000e+000 4.585988e-118 9.187500e-032 0.000000e+000 0.000000e+000 
0.000000e+000 8.011918e-205 8.039063e-034 2.239453e-032 0.000000e+000 
0.000000e+000 3.499291e-291 7.034180e-036 1.300290e-033 4.019209e-034 
0.000000e+000 0.000000e+000 6.154907e-038 6.390299e-035 3.190917e-035 
0.000000e+000 0.000000e+000 5.385544e-040 2.547842e-036 3.824355e-036 
0.000000e+000 0.000000e+000 4.712351e-042 1.011168e-037 2.663926e-037 
0.000000e+000 0.000000e+000 1.178088e-044 8.017966e-040 5.123028e-038 
0.000000e+000 0.000000e+000 2.945219e-047 6.356528e-042 7.565496e-039 
0.000000e+000 0.000000e+000 7.731201e-079 5.039053e-044 4.341185e-040 
0.000000e+000 0.000000e+000 1.932800e-081 3.994528e-046 6.328186e-041 
0.000000e+000 0.000000e+000 1.691200e-083 1.583259e-047 2.824596e-042 
0.000000e+000 0.000000e+000 4.228000e-086 1.255072e-049 4.117057e-043 
0.000000e+000 0.000000e+000 1.057000e-088 9.949128e-052 6.000888e-044 
0.000000e+000 0.000000e+000 2.642500e-091 7.886813e-054 8.746696e-045 
0.000000e+000 0.000000e+000 2.312188e-093 3.125993e-055 3.904081e-046 
0.000000e+000 0.000000e+000 5.780469e-096 2.478019e-057 5.690459e-047 
0.000000e+000 0.000000e+000 1.445117e-098 1.964360e-059 8.294226e-048 
0.000000e+000 0.000000e+000 1.264478e-100 7.785879e-061 3.702121e-049 
0.000000e+000 0.000000e+000 1.106418e-102 3.085988e-062 1.652439e-050 
0.000000e+000 0.000000e+000 9.681157e-105 1.223153e-063 7.375647e-052 
0.000000e+000 0.000000e+000 2.420289e-107 9.696104e-066 1.075050e-052 
0.000000e+000 0.000000e+000 2.117753e-109 4.611742e-067 2.292954e-054 
0.000000e+000 0.000000e+000 7.941574e-112 1.096738e-068 2.561355e-055 
0.000000e+000 0.000000e+000 2.978090e-114 2.608198e-070 2.861175e-056 
0.000000e+000 0.000000e+000 1.116784e-116 6.202666e-072 3.196090e-057 
0.000000e+000 0.000000e+000 9.771859e-119 2.458470e-073 1.426572e-058 
0.000000e+000 0.000000e+000 8.550376e-121 9.744318e-075 6.367493e-060 
0.000000e+000 0.000000e+000 7.481579e-123 3.862229e-076 2.842125e-061 
0.000000e+000 0.000000e+000 1.963915e-154 3.061643e-078 6.248055e-063 
0.000000e+000 0.000000e+000 5.155276e-186 5.096715e-109 4.748299e-064 
0.000000e+000 0.000000e+000 1.353260e-217 8.484498e-140 3.608537e-065 
0.000000e+000 0.000000e+000 1.184102e-219 3.362890e-141 1.610668e-066 
0.000000e+000 0.000000e+000 3.108269e-251 5.598201e-172 1.224050e-067 
0.000000e+000 0.000000e+000 8.159206e-283 9.319322e-203 9.302343e-069 
0.000000e+000 0.000000e+000 2.141791e-314 1.551387e-233 7.069449e-070 
0.000000e+000 0.000000e+000 1.874068e-316 6.149031e-235 3.155443e-071 
0.000000e+000 0.000000e+000 7.027738e-319 1.462327e-236 3.524803e-072 
0.000000e+000 0.000000e+000 2.633370e-321 3.477621e-238 3.937399e-073 
0.000000e+000 0.000000e+000 0.000000e+000 5.789194e-269 2.992283e-074 
0.000000e+000 0.000000e+000 0.000000e+000 4.589175e-271 1.715800e-075 
0.000000e+000 0.000000e+000 0.000000e+000 7.639597e-302 1.303947e-076 
0.000000e+000 0.000000e+000 0.000000e+000 0.000000e+000 9.909528e-078 
0.000000e+000 0.000000e+000 0.000000e+000 0.000000e+000 2.178485e-079 
0.000000e+000 0.000000e+000 0.000000e+000 0.000000e+000 2.994182e-080 
0.000000e+000 0.000000e+000 0.000000e+000 0.000000e+000 6.386233e-082 
0.000000e+000 0.000000e+000 0.000000e+000 0.000000e+000 1.403933e-083 
0.000000e+000 0.000000e+000 0.000000e+000 0.000000e+000 3.086369e-085 



P(O|lamda) = 3.106388e-073

2.000000e-001 0.000000e+000 0.000000e+000 0.000000e+000 0.000000e+000 
1.250197e-033 2.236637e-002 0.000000e+000 0.000000e+000 0.000000e+000 
7.814968e-066 6.641894e-007 3.890868e-004 0.000000e+000 0.000000e+000 
4.885126e-098 1.972370e-011 3.162812e-007 6.039699e-005 0.000000e+000 
3.053686e-130 1.317854e-014 4.500333e-009 1.599302e-006 1.494454e-005 
1.908855e-162 8.805347e-018 6.395035e-011 4.173854e-008 4.774384e-006 
1.193223e-194 2.614827e-022 5.008511e-014 1.064482e-009 4.570656e-007 
7.458820e-227 7.764964e-027 3.922591e-017 2.690271e-011 4.352096e-008 
4.662499e-259 4.853869e-059 8.777470e-021 1.045728e-014 3.173391e-010 
2.914522e-291 3.034147e-091 1.964110e-024 4.064804e-018 2.312779e-012 
1.976263e-323 1.896641e-123 9.251542e-056 1.580009e-021 9.521821e-015 
0.000000e+000 1.185588e-155 2.070191e-059 6.141555e-025 6.939346e-017 
0.000000e+000 3.520711e-160 1.621343e-062 1.551710e-026 6.594549e-018 
0.000000e+000 2.200792e-192 3.628032e-066 6.031553e-030 4.805998e-020 
0.000000e+000 1.375712e-224 8.118345e-070 2.344487e-033 3.502532e-022 
0.000000e+000 8.599557e-257 1.816619e-073 9.113110e-037 2.552587e-024 
0.000000e+000 2.553716e-261 1.422749e-076 2.302495e-038 2.425756e-025 
0.000000e+000 1.596324e-293 3.183644e-080 8.949885e-042 1.767851e-027 
0.000000e+000 0.000000e+000 7.123950e-084 3.478854e-045 1.288380e-029 
0.000000e+000 0.000000e+000 5.579371e-087 8.789583e-047 1.224364e-030 
0.000000e+000 0.000000e+000 4.369680e-090 2.220753e-048 1.163529e-031 
0.000000e+000 0.000000e+000 3.422268e-093 5.610899e-050 1.105717e-032 
0.000000e+000 0.000000e+000 7.657911e-097 2.180977e-053 8.058278e-035 
0.000000e+000 0.000000e+000 1.088129e-098 5.595177e-055 2.361024e-035 
0.000000e+000 0.000000e+000 3.652313e-102 6.524599e-058 1.319225e-036 
0.000000e+000 0.000000e+000 1.225901e-105 7.608408e-061 7.371188e-038 
0.000000e+000 0.000000e+000 4.114747e-109 8.872250e-064 4.118661e-039 
0.000000e+000 0.000000e+000 3.222608e-112 2.241640e-065 3.914016e-040 
0.000000e+000 0.000000e+000 2.523899e-115 5.663670e-067 3.719540e-041 
0.000000e+000 0.000000e+000 1.976680e-118 1.430968e-068 3.534726e-042 
0.000000e+000 0.000000e+000 1.769264e-120 4.505405e-070 2.293136e-043 
0.000000e+000 0.000000e+000 8.333761e-152 3.502535e-072 1.365512e-045 
0.000000e+000 0.000000e+000 3.925450e-183 2.722897e-074 8.131328e-048 
0.000000e+000 0.000000e+000 3.074354e-186 6.879602e-076 7.727305e-049 
0.000000e+000 0.000000e+000 1.448112e-217 5.348255e-078 4.601442e-051 
0.000000e+000 0.000000e+000 6.821041e-249 4.157773e-080 2.740058e-053 
0.000000e+000 0.000000e+000 3.212914e-280 3.232284e-082 1.631645e-055 
0.000000e+000 0.000000e+000 2.516306e-283 8.166606e-084 1.550573e-056 
0.000000e+000 0.000000e+000 8.446000e-287 9.523171e-087 8.663847e-058 
0.000000e+000 0.000000e+000 2.834906e-290 1.110508e-089 4.840936e-059 
0.000000e+000 0.000000e+000 1.333977e-321 8.633170e-092 2.882672e-061 
0.000000e+000 0.000000e+000 0.000000e+000 3.355746e-095 1.186808e-063 
0.000000e+000 0.000000e+000 0.000000e+000 2.608782e-097 7.067182e-066 
0.000000e+000 0.000000e+000 0.000000e+000 2.028087e-099 4.208353e-068 
0.000000e+000 0.000000e+000 0.000000e+000 6.385431e-101 2.730147e-069 
0.000000e+000 0.000000e+000 0.000000e+000 2.484523e-102 2.519125e-070 
0.000000e+000 0.000000e+000 0.000000e+000 6.373907e-104 7.380875e-071 
0.000000e+000 0.000000e+000 0.000000e+000 2.006825e-105 4.788305e-072 
0.000000e+000 0.000000e+000 0.000000e+000 6.318489e-107 3.106388e-073 



P(O|lamda) = 4.978057e-122

1.000000e-002 0.000000e+000 0.000000e+000 0.000000e+000 0.000000e+000 
2.868174e-033 4.092310e-005 0.000000e+000 0.000000e+000 0.000000e+000 
8.226420e-064 2.874434e-009 2.574720e-008 0.000000e+000 0.000000e+000 
2.359480e-094 2.018999e-013 9.072854e-012 1.417411e-010 0.000000e+000 
6.767399e-125 3.190820e-016 4.874739e-014 4.744468e-013 1.324033e-012 
1.941007e-155 5.042762e-019 2.531737e-016 1.690835e-015 2.382858e-014 
5.567147e-186 3.542030e-023 7.174829e-020 6.371871e-018 1.183459e-016 
1.596754e-216 2.487917e-027 2.026552e-023 1.915492e-020 5.816334e-019 
4.579769e-247 7.357891e-058 1.634093e-027 8.693397e-025 2.163930e-022 
1.313557e-277 2.176059e-088 1.317277e-031 3.951520e-029 7.905381e-026 
3.767510e-308 6.435587e-119 4.471065e-062 1.801001e-033 1.627858e-029 
0.000000e+000 1.903293e-149 3.604219e-066 8.157646e-038 5.932198e-033 
0.000000e+000 1.336870e-153 1.016903e-069 2.401758e-040 2.818747e-035 
0.000000e+000 3.953727e-184 8.197467e-074 1.087878e-044 1.027133e-038 
0.000000e+000 1.169295e-214 6.608151e-078 4.927551e-049 3.742791e-042 
0.000000e+000 3.458131e-245 5.326969e-082 2.231938e-053 1.363842e-045 
0.000000e+000 2.428987e-249 1.502964e-085 6.571227e-056 6.480384e-048 
0.000000e+000 7.183608e-280 1.211570e-089 2.976442e-060 2.361398e-051 
0.000000e+000 2.124516e-310 9.766724e-094 1.348182e-064 8.604739e-055 
0.000000e+000 1.492257e-314 2.755606e-097 3.969290e-067 4.088597e-057 
0.000000e+000 1.048160e-318 7.774733e-101 1.168630e-069 1.942723e-059 
0.000000e+000 7.410985e-323 2.193581e-104 3.440658e-072 9.230972e-062 
0.000000e+000 0.000000e+000 1.768292e-108 1.558449e-076 3.363690e-065 
0.000000e+000 0.000000e+000 9.051654e-111 4.658943e-079 4.927698e-067 
0.000000e+000 0.000000e+000 1.094509e-114 6.330815e-083 1.376678e-069 
0.000000e+000 0.000000e+000 1.323460e-118 8.602642e-087 3.846104e-072 
0.000000e+000 0.000000e+000 1.600304e-122 1.168972e-090 1.074508e-074 
0.000000e+000 0.000000e+000 4.515135e-126 3.441664e-093 5.105591e-077 
0.000000e+000 0.000000e+000 1.273911e-129 1.013288e-095 2.425954e-079 
0.000000e+000 0.000000e+000 3.594242e-133 2.983301e-098 1.152708e-081 
0.000000e+000 0.000000e+000 1.158957e-135 1.094544e-100 5.726493e-084 
0.000000e+000 0.000000e+000 1.868520e-137 2.082252e-102 7.999716e-086 
0.000000e+000 0.000000e+000 3.012506e-139 3.961263e-104 1.117533e-087 
0.000000e+000 0.000000e+000 8.499556e-143 1.166267e-106 5.310030e-090 
0.000000e+000 0.000000e+000 1.370334e-144 2.218698e-108 7.417932e-092 
0.000000e+000 0.000000e+000 2.209310e-146 4.220837e-110 1.036260e-093 
0.000000e+000 0.000000e+000 3.561943e-148 8.029691e-112 1.447620e-095 
0.000000e+000 0.000000e+000 1.004975e-151 2.364085e-114 6.878458e-098 
0.000000e+000 0.000000e+000 1.215197e-155 3.212443e-118 1.921673e-100 
0.000000e+000 0.000000e+000 1.469394e-159 4.365235e-122 5.368686e-103 
0.000000e+000 0.000000e+000 2.369018e-161 8.304393e-124 7.499872e-105 
0.000000e+000 0.000000e+000 8.040857e-192 3.761481e-128 1.543864e-108 
0.000000e+000 0.000000e+000 1.296381e-193 7.155816e-130 2.156726e-110 
0.000000e+000 0.000000e+000 2.090079e-195 1.361318e-131 3.012873e-112 
0.000000e+000 0.000000e+000 6.739428e-198 4.994539e-134 1.496754e-114 
0.000000e+000 0.000000e+000 4.454891e-199 5.655927e-135 1.376869e-115 
0.000000e+000 0.000000e+000 2.280400e-201 1.690825e-137 2.017069e-117 
0.000000e+000 0.000000e+000 7.353114e-204 6.203471e-140 1.002052e-119 
0.000000e+000 0.000000e+000 2.371000e-206 2.275992e-142 4.978057e-122 



P(O|lamda) = 2.217436e-046

5.050000e-002 0.000000e+000 0.000000e+000 0.000000e+000 0.000000e+000 
1.548832e-004 3.979445e-002 0.000000e+000 0.000000e+000 0.000000e+000 
2.500135e-036 2.837616e-004 1.855647e-002 0.000000e+000 0.000000e+000 
4.035733e-068 1.914652e-006 1.747511e-003 9.202053e-003 0.000000e+000 
1.237757e-070 1.033747e-007 1.226317e-004 1.152032e-003 1.774987e-003 
3.796193e-073 5.581343e-009 8.594107e-006 1.203710e-004 6.848189e-004 
6.127840e-105 3.765953e-011 7.506498e-007 2.304432e-005 2.561432e-004 
9.891599e-137 2.541037e-013 6.535553e-008 3.968053e-006 9.042167e-005 
1.596708e-168 1.804551e-044 1.422072e-013 5.426837e-008 1.388440e-005 
2.577417e-200 1.281525e-075 3.094224e-019 7.052811e-010 2.070881e-006 
4.160483e-232 9.100917e-107 5.669544e-050 1.145592e-015 5.156246e-008 
6.715879e-264 6.463134e-138 1.233611e-055 1.488818e-017 7.668442e-009 
1.084082e-295 4.360932e-140 1.073758e-056 2.323135e-018 2.538056e-009 
0.000000e+000 3.096972e-171 2.336344e-062 3.019161e-020 3.774633e-010 
0.000000e+000 2.199355e-202 5.083548e-068 3.923722e-022 5.613687e-011 
0.000000e+000 1.561901e-233 1.106107e-073 5.099294e-024 8.348754e-012 
0.000000e+000 1.053876e-235 9.627763e-075 7.956881e-025 2.763222e-012 
0.000000e+000 7.484238e-267 2.094863e-080 1.034081e-026 4.109503e-013 
0.000000e+000 5.315029e-298 4.558120e-086 1.343899e-028 6.111710e-014 
0.000000e+000 3.586260e-300 3.967473e-087 2.097004e-029 2.022818e-014 
0.000000e+000 2.419791e-302 3.453363e-088 3.272142e-030 6.695007e-015 
0.000000e+000 1.632729e-304 3.005872e-089 5.105814e-031 2.215875e-015 
0.000000e+000 0.000000e+000 6.540345e-095 6.635548e-033 3.295480e-016 
0.000000e+000 0.000000e+000 4.562910e-096 5.180628e-034 8.588791e-017 
0.000000e+000 0.000000e+000 1.489235e-101 2.524476e-039 3.176807e-018 
0.000000e+000 0.000000e+000 4.860543e-107 1.230156e-044 1.175032e-019 
0.000000e+000 0.000000e+000 1.586376e-112 5.994444e-050 4.346189e-021 
0.000000e+000 0.000000e+000 1.380812e-113 9.353662e-051 1.438476e-021 
0.000000e+000 0.000000e+000 1.201884e-114 1.459535e-051 4.760986e-022 
0.000000e+000 0.000000e+000 1.046143e-115 2.277442e-052 1.575763e-022 
0.000000e+000 0.000000e+000 9.196075e-118 2.996401e-056 7.732114e-024 
0.000000e+000 0.000000e+000 4.001867e-121 2.044169e-059 3.137021e-025 
0.000000e+000 0.000000e+000 1.741498e-124 1.394549e-062 1.272731e-026 
0.000000e+000 0.000000e+000 1.515832e-125 2.176038e-063 4.212410e-027 
0.000000e+000 0.000000e+000 6.596466e-129 1.484511e-066 1.709030e-028 
0.000000e+000 0.000000e+000 2.870592e-132 1.012745e-069 6.933762e-030 
0.000000e+000 0.000000e+000 1.249199e-135 6.909030e-073 2.813119e-031 
0.000000e+000 0.000000e+000 1.087326e-136 1.078077e-073 9.310697e-032 
0.000000e+000 0.000000e+000 3.548799e-142 5.253379e-079 3.443825e-033 
0.000000e+000 0.000000e+000 1.158251e-147 2.559927e-084 1.273796e-034 
0.000000e+000 0.000000e+000 5.040378e-151 1.746403e-087 5.167959e-036 
0.000000e+000 0.000000e+000 9.235479e-182 2.836691e-093 1.286436e-037 
0.000000e+000 0.000000e+000 4.019015e-185 1.935213e-096 5.219239e-039 
0.000000e+000 0.000000e+000 1.748960e-188 1.320218e-099 2.117514e-040 
0.000000e+000 0.000000e+000 1.537416e-190 1.736994e-103 1.039043e-041 
0.000000e+000 0.000000e+000 2.743061e-193 7.053805e-106 3.533647e-043 
0.000000e+000 0.000000e+000 1.913712e-194 5.507176e-107 9.209512e-044 
0.000000e+000 0.000000e+000 1.682241e-196 7.245721e-111 4.519015e-045 
0.000000e+000 0.000000e+000 1.478767e-198 9.533101e-115 2.217436e-046 



P(O|lamda) = 5.527401e-086

2.525000e-003 0.000000e+000 0.000000e+000 0.000000e+000 0.000000e+000 
1.431789e-089 1.010355e-004 0.000000e+000 0.000000e+000 0.000000e+000 
8.546199e-204 1.263102e-008 2.462956e-006 0.000000e+000 0.000000e+000 
5.101139e-318 1.579074e-012 2.795349e-009 7.095202e-008 0.000000e+000 
0.000000e+000 1.579629e-015 2.293648e-012 1.695438e-010 8.124551e-010 
0.000000e+000 1.580185e-018 1.887539e-015 3.419151e-013 1.252865e-011 
0.000000e+000 1.975478e-022 1.944825e-018 1.299227e-015 2.938187e-013 
0.000000e+000 2.469656e-026 1.968975e-021 4.786280e-018 6.755339e-015 
0.000000e+000 3.087070e-028 1.591186e-023 1.179286e-019 1.119258e-016 
0.000000e+000 3.858837e-030 1.286097e-025 2.899296e-021 1.855003e-018 
0.000000e+000 9.647093e-033 7.798258e-028 5.276200e-023 5.347498e-020 
0.000000e+000 1.205887e-034 6.301976e-030 1.295931e-024 8.862160e-022 
0.000000e+000 1.507547e-038 6.367566e-033 4.718434e-027 2.032267e-023 
0.000000e+000 1.884433e-040 5.144554e-035 1.158810e-028 3.365751e-025 
0.000000e+000 2.355542e-042 4.156575e-037 2.845927e-030 5.574757e-027 
0.000000e+000 2.944427e-044 3.358493e-039 6.989307e-032 9.234923e-029 
0.000000e+000 3.680994e-048 3.392599e-042 2.544683e-034 2.116438e-030 
0.000000e+000 4.601243e-050 2.740901e-044 6.249475e-036 3.504806e-032 
0.000000e+000 5.751553e-052 2.214422e-046 1.534806e-037 5.804230e-034 
0.000000e+000 7.190340e-056 2.236577e-049 5.587953e-040 1.329624e-035 
0.000000e+000 8.989049e-060 2.258829e-052 2.034474e-042 3.045289e-037 
0.000000e+000 1.123772e-063 2.281288e-055 7.407155e-045 6.974522e-039 
0.000000e+000 1.404714e-065 1.843018e-057 1.819120e-046 1.154855e-040 
0.000000e+000 1.405208e-068 1.491897e-060 3.313856e-049 1.504913e-042 
0.000000e+000 4.391276e-076 5.649738e-068 3.767811e-056 2.783174e-045 
0.000000e+000 1.372274e-083 2.139527e-075 4.283951e-063 5.147176e-048 
0.000000e+000 4.288355e-091 8.102281e-083 4.870796e-070 9.519142e-051 
0.000000e+000 5.361114e-095 8.182830e-086 1.773370e-072 2.180124e-052 
0.000000e+000 6.702230e-099 8.264180e-089 6.456522e-075 4.993036e-054 
0.000000e+000 8.378835e-103 8.346338e-092 2.350704e-077 1.143532e-055 
0.000000e+000 2.204957e-134 8.512860e-096 7.216344e-083 1.482285e-057 
0.000000e+000 6.890492e-140 4.298369e-101 1.148684e-087 9.693340e-059 
0.000000e+000 2.153279e-145 2.170360e-106 1.828455e-092 6.338921e-060 
0.000000e+000 2.691935e-149 2.191937e-109 6.657076e-095 1.451773e-061 
0.000000e+000 8.412296e-155 1.106767e-114 1.059661e-099 9.493814e-063 
0.000000e+000 2.628843e-160 5.588360e-120 1.686749e-104 6.208441e-064 
0.000000e+000 8.215133e-166 2.821711e-125 2.684936e-109 4.059985e-065 
0.000000e+000 1.027020e-169 2.849763e-128 9.775373e-112 9.298394e-067 
0.000000e+000 3.209438e-177 1.079191e-135 1.111447e-118 1.719637e-069 
0.000000e+000 1.002949e-184 4.086839e-143 1.263701e-125 3.180280e-072 
0.000000e+000 3.134216e-190 2.063554e-148 2.011536e-130 2.079732e-073 
0.000000e+000 7.835541e-193 1.250331e-150 3.659351e-132 5.987111e-075 
0.000000e+000 2.448607e-198 6.313255e-156 5.824887e-137 3.915247e-076 
0.000000e+000 7.651895e-204 3.187730e-161 9.271949e-142 2.560360e-077 
0.000000e+000 2.013658e-235 3.251330e-165 2.846363e-147 3.318826e-079 
0.000000e+000 2.674467e-240 6.730898e-170 2.697006e-151 2.524473e-080 
0.000000e+000 2.675407e-243 5.448566e-173 4.913084e-154 3.289684e-082 
0.000000e+000 7.040549e-275 5.557273e-177 1.508250e-159 4.264200e-084 
0.000000e+000 1.852777e-306 5.668149e-181 4.630124e-165 5.527401e-086 



P(O|lamda) = 1.993008e-230

1.262500e-004 0.000000e+000 0.000000e+000 0.000000e+000 0.000000e+000 
6.312500e-008 2.211449e-097 0.000000e+000 0.000000e+000 0.000000e+000 
6.644740e-038 5.805294e-101 5.529104e-101 0.000000e+000 0.000000e+000 
6.994465e-068 1.161204e-104 6.981037e-104 1.659855e-104 0.000000e+000 
3.497233e-071 1.858580e-107 5.828611e-107 2.045878e-107 2.162985e-108 
1.748616e-074 2.974773e-110 5.044594e-110 2.104708e-110 4.075328e-111 
1.840650e-104 5.950291e-114 5.788792e-113 4.041764e-113 9.487077e-114 
1.937527e-134 1.190207e-117 5.938067e-116 6.591216e-116 2.012056e-116 
3.390672e-136 2.380414e-119 4.774272e-118 6.541356e-118 2.757184e-119 
5.933675e-138 4.760829e-121 3.867037e-120 6.265301e-120 1.311399e-121 
2.966838e-140 1.904331e-123 2.391635e-122 4.339245e-122 1.992411e-123 
5.191966e-142 3.808663e-125 1.951400e-124 3.999103e-124 8.834534e-126 
5.465229e-172 7.618280e-129 2.046795e-127 5.387990e-127 1.017062e-127 
9.564151e-174 1.523656e-130 1.652678e-129 4.778758e-129 1.734188e-130 
1.673726e-175 3.047312e-132 1.352619e-131 4.205469e-131 9.348501e-133 
2.929021e-177 6.094624e-134 1.143045e-133 3.680343e-133 7.737462e-135 
3.083182e-207 1.219077e-137 1.295524e-136 4.762549e-136 9.314949e-137 
5.395568e-209 2.438155e-139 1.060804e-138 4.120016e-138 1.559784e-139 
9.442244e-211 4.876309e-141 8.974088e-141 3.552033e-140 8.113355e-142 
9.939208e-241 9.753840e-145 1.019405e-143 4.534731e-143 9.064132e-144 
1.046233e-270 1.951012e-148 1.043881e-146 5.751392e-146 2.076525e-146 
1.101298e-300 3.902513e-152 1.048850e-149 7.219722e-149 3.695097e-149 
1.927272e-302 7.805026e-154 8.398630e-152 6.060379e-151 4.254658e-152 
9.636359e-306 1.249243e-156 6.747876e-155 3.767380e-154 1.066954e-154 
3.011362e-312 6.246216e-164 2.542165e-162 1.476029e-161 1.683344e-158 
9.410518e-319 3.123108e-171 9.591677e-170 5.773436e-169 1.556854e-162 
0.000000e+000 1.561554e-178 3.626158e-177 2.254961e-176 1.439616e-166 
0.000000e+000 3.123499e-182 3.665516e-180 2.816644e-179 1.648542e-169 
0.000000e+000 6.247780e-186 3.673645e-183 3.492302e-182 1.887788e-172 
0.000000e+000 1.249712e-189 3.675528e-186 4.303885e-185 2.161755e-175 
0.000000e+000 1.052390e-219 3.712599e-190 4.450720e-191 1.401070e-178 
0.000000e+000 5.261949e-225 1.856299e-195 7.209414e-196 4.581121e-181 
0.000000e+000 2.630974e-230 9.281497e-201 6.221335e-201 1.497903e-183 
0.000000e+000 5.262608e-234 9.282306e-204 1.025699e-203 1.715288e-186 
0.000000e+000 2.631304e-239 4.641153e-209 6.603225e-209 5.608528e-189 
0.000000e+000 1.315652e-244 2.320577e-214 4.075844e-214 1.833837e-191 
0.000000e+000 6.578260e-250 1.160288e-219 2.444394e-219 5.996152e-194 
0.000000e+000 1.315817e-253 1.160389e-222 3.283582e-222 6.866350e-197 
0.000000e+000 6.579083e-261 4.351460e-230 1.340130e-229 6.349284e-201 
0.000000e+000 3.289542e-268 1.631798e-237 5.433436e-237 5.871156e-205 
0.000000e+000 1.644771e-273 8.158988e-243 3.066727e-242 1.919709e-207 
0.000000e+000 6.579083e-276 4.895393e-245 1.962425e-244 2.763220e-210 
0.000000e+000 3.289542e-281 2.447697e-250 1.094525e-249 9.034984e-213 
0.000000e+000 1.644771e-286 1.223848e-255 6.067518e-255 2.954196e-215 
0.000000e+000 1.385071e-316 1.236087e-259 6.453149e-261 1.914664e-218 
0.000000e+000 2.944631e-321 2.533978e-264 1.167400e-264 7.281971e-221 
0.000000e+000 4.940656e-324 2.031204e-267 1.082023e-267 4.744629e-224 
0.000000e+000 0.000000e+000 2.051516e-271 1.609696e-273 3.075075e-227 
0.000000e+000 0.000000e+000 2.072031e-275 5.355882e-278 1.993008e-230 



P(O|lamda) = 1.104623e-076

6.312500e-006 0.000000e+000 0.000000e+000 0.000000e+000 0.000000e+000 
1.322995e-009 5.998986e-010 0.000000e+000 0.000000e+000 0.000000e+000 
6.963134e-041 1.601251e-014 2.883113e-011 0.000000e+000 0.000000e+000 
3.664809e-072 8.007255e-021 1.028590e-013 2.681201e-012 0.000000e+000 
7.680829e-076 3.204029e-026 3.644854e-019 3.386194e-017 1.860415e-013 
1.609774e-079 1.282063e-031 1.291571e-024 3.950438e-022 1.846139e-014 
8.472497e-111 6.411115e-038 4.573386e-027 1.200688e-023 1.053754e-015 
4.459211e-142 3.205957e-044 1.619410e-029 3.617096e-025 6.014707e-017 
1.950905e-146 1.602979e-048 5.784353e-032 5.506537e-029 2.453321e-019 
8.535208e-151 8.014893e-053 2.066106e-034 8.409006e-033 1.000678e-021 
1.066901e-155 8.014893e-058 2.197530e-036 1.020133e-036 2.631833e-023 
4.667692e-160 4.007447e-062 7.849331e-039 1.189093e-039 1.073491e-025 
2.456681e-191 2.003973e-068 2.779404e-041 7.657417e-040 6.127359e-027 
1.074798e-195 1.001987e-072 9.927722e-044 1.296332e-043 2.499270e-029 
4.702241e-200 5.009933e-077 3.546071e-046 6.643647e-047 1.019420e-031 
2.057230e-204 2.504967e-081 1.266617e-048 1.769352e-049 4.158081e-034 
1.082753e-235 1.252640e-087 4.485021e-051 1.231152e-049 2.373384e-035 
4.737046e-240 6.263198e-092 1.601999e-053 2.084997e-053 9.680724e-038 
2.072458e-244 3.131599e-096 5.722162e-056 1.071019e-056 3.948641e-040 
1.090768e-275 1.565995e-102 2.026186e-058 5.643691e-057 2.253838e-041 
5.740884e-307 7.830952e-109 7.174611e-061 1.886602e-058 1.286465e-042 
0.000000e+000 3.915965e-115 2.540490e-063 5.743461e-060 7.342989e-044 
0.000000e+000 1.957982e-119 9.074346e-066 8.754380e-064 2.995110e-046 
0.000000e+000 7.834686e-125 3.215532e-071 1.020096e-068 2.971749e-047 
0.000000e+000 3.133875e-127 2.274360e-073 4.645532e-070 8.451284e-049 
0.000000e+000 1.253550e-129 1.608665e-075 2.098341e-071 2.403440e-050 
0.000000e+000 5.014199e-132 1.137816e-077 9.465922e-073 6.835087e-052 
0.000000e+000 2.507413e-138 4.028945e-080 2.848379e-074 3.901387e-053 
0.000000e+000 1.253863e-144 1.426627e-082 8.570741e-076 2.226866e-054 
0.000000e+000 6.270096e-151 5.051607e-085 2.578917e-077 1.271069e-055 
0.000000e+000 1.254019e-153 1.786738e-087 3.877043e-079 1.274806e-056 
0.000000e+000 1.254021e-155 2.527539e-089 1.748580e-080 1.207528e-057 
0.000000e+000 1.254022e-157 3.575486e-091 7.886245e-082 1.143800e-058 
0.000000e+000 6.270894e-164 1.266060e-093 2.372952e-083 6.528677e-060 
0.000000e+000 6.270901e-166 1.790982e-095 1.070222e-084 6.184123e-061 
0.000000e+000 6.270909e-168 2.533544e-097 4.826793e-086 5.857754e-062 
0.000000e+000 6.270916e-170 3.583980e-099 2.176925e-087 5.548608e-063 
0.000000e+000 3.135849e-176 1.269067e-101 6.550315e-089 3.167081e-064 
0.000000e+000 1.254340e-178 8.976172e-104 2.954243e-090 9.006785e-066 
0.000000e+000 5.017359e-181 6.348888e-106 1.332386e-091 2.561418e-067 
0.000000e+000 5.017365e-183 8.981208e-108 6.009176e-093 2.426238e-068 
0.000000e+000 5.017365e-188 9.552497e-110 6.775476e-097 6.381130e-070 
0.000000e+000 5.017371e-190 1.351307e-111 3.055798e-098 6.044363e-071 
0.000000e+000 5.017377e-192 1.911574e-113 1.378191e-099 5.725369e-072 
0.000000e+000 1.003475e-194 6.761179e-116 2.071919e-101 5.742202e-073 
0.000000e+000 5.331120e-202 6.127211e-123 1.216782e-107 1.106789e-073 
0.000000e+000 2.133199e-207 2.171202e-128 1.373831e-112 1.098157e-074 
0.000000e+000 4.266397e-210 7.679475e-131 2.065364e-114 1.101385e-075 
0.000000e+000 8.532794e-213 2.716207e-133 3.104988e-116 1.104623e-076 



P(O|lamda) = 9.483687e-133

3.156250e-007 0.000000e+000 0.000000e+000 0.000000e+000 0.000000e+000 
6.614973e-012 1.420812e-012 0.000000e+000 0.000000e+000 0.000000e+000 
6.963132e-043 3.792437e-018 3.271952e-015 0.000000e+000 0.000000e+000 
7.329616e-074 1.896455e-025 6.639419e-019 1.506228e-017 0.000000e+000 
1.536165e-078 7.588488e-032 1.330523e-025 1.419885e-019 3.592594e-019 
3.219545e-083 3.036463e-038 2.666345e-032 1.050581e-021 1.344376e-020 
3.388997e-114 1.518421e-045 5.339425e-036 7.778802e-025 5.884591e-023 
3.567366e-145 7.593054e-053 1.069220e-039 5.759650e-028 2.442201e-025 
1.560723e-150 3.796527e-058 2.159824e-043 2.157343e-033 4.990719e-029 
6.828162e-156 1.898263e-063 4.362845e-047 8.080578e-039 1.017862e-032 
8.535202e-162 1.898263e-069 2.624251e-050 2.241982e-044 1.338516e-035 
3.734151e-167 9.491317e-075 5.300987e-054 8.397664e-050 2.729817e-039 
3.930687e-198 4.746252e-082 1.061523e-057 6.220313e-053 1.120301e-041 
1.719675e-203 2.373126e-087 2.144276e-061 2.330137e-058 2.284781e-045 
7.523580e-209 1.186563e-092 4.331437e-065 8.777733e-064 4.659661e-049 
3.291566e-214 5.932815e-098 8.749503e-069 4.296486e-069 9.503077e-053 
3.464808e-245 2.966778e-105 1.752088e-072 4.345917e-071 3.900007e-055 
1.515854e-250 1.483389e-110 3.539218e-076 2.035831e-076 7.953810e-059 
6.631859e-256 7.416945e-116 7.149220e-080 9.004511e-081 1.622128e-062 
6.980907e-287 3.708936e-123 1.431631e-083 3.357782e-082 6.657117e-065 
7.348327e-318 1.854700e-130 2.866842e-087 3.145243e-085 2.732041e-067 
0.000000e+000 9.274657e-138 5.740850e-091 2.460802e-088 1.121214e-069 
0.000000e+000 4.637329e-143 1.159652e-094 9.350910e-094 2.286642e-073 
0.000000e+000 1.855584e-149 2.323906e-101 1.225335e-095 6.401227e-075 
0.000000e+000 7.422334e-153 9.295624e-105 1.359905e-098 9.102148e-078 
0.000000e+000 2.968934e-156 3.718250e-108 1.509243e-101 1.294269e-080 
0.000000e+000 1.187574e-159 1.487300e-111 1.674976e-104 1.840370e-083 
0.000000e+000 5.938610e-167 2.978318e-115 1.240201e-107 7.552771e-086 
0.000000e+000 2.969676e-174 5.964082e-119 9.182810e-111 3.099613e-088 
0.000000e+000 1.485023e-181 1.194307e-122 6.799218e-114 1.272063e-090 
0.000000e+000 6.237099e-184 5.016121e-125 2.515284e-117 2.163931e-092 
0.000000e+000 6.237109e-187 4.012905e-128 2.791494e-120 1.024865e-094 
0.000000e+000 6.237118e-190 3.210331e-131 3.098035e-123 4.853884e-097 
0.000000e+000 3.118949e-197 6.428687e-135 2.293875e-126 1.992006e-099 
0.000000e+000 3.118954e-200 5.142960e-138 2.545771e-129 9.434383e-102 
0.000000e+000 3.118959e-203 4.114376e-141 2.825329e-132 4.468240e-104 
0.000000e+000 3.118964e-206 3.291507e-144 3.135586e-135 2.116213e-106 
0.000000e+000 1.559677e-213 6.591244e-148 2.321678e-138 8.684815e-109 
0.000000e+000 6.238707e-217 2.636497e-151 2.576622e-141 1.234927e-111 
0.000000e+000 2.495483e-220 1.054599e-154 2.859562e-144 1.755989e-114 
0.000000e+000 2.495487e-223 8.436809e-158 3.173578e-147 8.316582e-117 
0.000000e+000 2.495487e-229 5.074741e-161 8.805192e-153 1.093652e-119 
0.000000e+000 2.495491e-232 4.059801e-164 9.772114e-156 5.179671e-122 
0.000000e+000 2.495495e-235 3.247847e-167 1.084522e-158 2.453156e-124 
0.000000e+000 1.048108e-237 1.364104e-169 4.012049e-162 4.173112e-126 
0.000000e+000 5.568237e-246 6.991033e-178 5.797906e-170 1.170691e-127 
0.000000e+000 2.228078e-252 1.400981e-184 4.289879e-172 3.277233e-129 
0.000000e+000 9.357926e-255 5.884157e-187 1.586986e-175 5.574966e-131 
0.000000e+000 3.930329e-257 2.471361e-189 5.870850e-179 9.483687e-133 



P(O|lamda) = 6.585976e-109

1.578125e-008 0.000000e+000 0.000000e+000 0.000000e+000 0.000000e+000 
3.335160e-096 3.946700e-015 0.000000e+000 0.000000e+000 0.000000e+000 
1.008919e-179 4.920365e-018 1.928963e-016 0.000000e+000 0.000000e+000 
3.052081e-263 6.134238e-021 4.815708e-019 4.705693e-020 0.000000e+000 
0.000000e+000 3.825131e-029 2.253061e-027 1.189983e-021 4.103187e-022 
0.000000e+000 2.385239e-037 1.170762e-035 4.053975e-025 1.451847e-023 
0.000000e+000 2.973687e-040 2.629040e-038 1.382053e-029 6.649198e-026 
0.000000e+000 3.707307e-043 4.739236e-041 4.711601e-034 2.974033e-028 
0.000000e+000 9.244107e-046 1.948253e-046 3.210168e-036 3.756562e-030 
0.000000e+000 2.305003e-048 1.144102e-049 2.187191e-038 4.744989e-032 
0.000000e+000 1.436830e-050 4.509224e-049 2.980359e-040 1.397122e-033 
0.000000e+000 3.582712e-053 3.188238e-054 2.030615e-042 1.764732e-035 
0.000000e+000 4.466581e-056 1.755047e-054 6.922633e-047 7.891822e-038 
0.000000e+000 1.113734e-058 1.102321e-059 4.716615e-049 9.968310e-040 
0.000000e+000 2.777078e-061 1.374500e-062 3.213582e-051 1.259116e-041 
0.000000e+000 6.924598e-064 3.422968e-065 2.189517e-053 1.590414e-043 
0.000000e+000 8.632923e-067 3.388699e-065 7.464351e-058 7.112276e-046 
0.000000e+000 2.152605e-069 2.129468e-070 5.085705e-060 8.983650e-048 
0.000000e+000 5.367484e-072 2.656605e-073 3.465055e-062 1.134742e-049 
0.000000e+000 6.691663e-075 2.626696e-073 1.181283e-066 5.074527e-052 
0.000000e+000 8.342521e-078 6.553480e-076 4.027155e-071 2.269311e-054 
0.000000e+000 1.040065e-080 1.226813e-078 1.373070e-075 1.014828e-056 
0.000000e+000 2.593385e-083 5.142257e-084 9.414981e-078 1.281849e-058 
0.000000e+000 1.617159e-091 3.183232e-090 3.207417e-081 1.294056e-060 
0.000000e+000 2.026198e-094 5.926364e-095 1.638946e-085 2.680116e-063 
0.000000e+000 2.538697e-097 4.976132e-098 8.374789e-090 5.550779e-066 
0.000000e+000 3.180826e-100 6.219511e-101 4.279402e-094 1.149620e-068 
0.000000e+000 3.965548e-103 1.562413e-101 1.458906e-098 5.141063e-071 
0.000000e+000 4.943863e-106 3.890915e-104 5.011717e-103 2.299066e-073 
0.000000e+000 6.163533e-109 7.279288e-107 2.657746e-107 1.028134e-075 
0.000000e+000 4.034150e-113 6.342057e-111 9.324937e-111 1.218520e-077 
0.000000e+000 1.012164e-115 2.971906e-113 1.866437e-111 5.021808e-079 
0.000000e+000 2.539509e-118 1.263763e-115 7.093234e-113 2.069605e-080 
0.000000e+000 3.166016e-121 1.703600e-118 2.449006e-117 9.255204e-083 
0.000000e+000 7.943501e-124 6.857494e-121 1.251427e-118 3.814287e-084 
0.000000e+000 1.993016e-126 2.689896e-123 4.436889e-120 1.571957e-085 
0.000000e+000 5.000458e-129 1.038651e-125 1.520294e-121 6.478405e-087 
0.000000e+000 6.234089e-132 1.322570e-128 5.185414e-126 2.897121e-089 
0.000000e+000 7.810918e-135 8.396228e-134 2.698035e-130 6.000218e-092 
0.000000e+000 9.786585e-138 2.427420e-138 1.381729e-134 1.242703e-094 
0.000000e+000 2.455444e-140 1.445265e-138 4.719950e-136 5.121473e-096 
0.000000e+000 1.530608e-142 1.201825e-140 6.572527e-138 1.507974e-097 
0.000000e+000 3.840281e-145 6.756068e-143 2.271679e-139 6.214716e-099 
0.000000e+000 9.635226e-148 3.098817e-145 7.766748e-141 2.561230e-100 
0.000000e+000 6.306439e-152 2.274867e-149 1.323280e-145 3.035509e-102 
0.000000e+000 5.221183e-162 2.013832e-159 8.815585e-155 4.644492e-103 
0.000000e+000 3.255777e-170 6.926718e-168 3.003699e-158 4.688722e-105 
0.000000e+000 2.130968e-174 5.367033e-172 5.116171e-163 5.556961e-107 
0.000000e+000 1.394759e-178 4.058282e-176 8.714325e-168 6.585976e-109 



Max probability = 2.217436e-046

Utterance recognised as 4