26	6	6	6	10	6	6	6	6	6	6	6	6	6	6	6	6	12	6	6	10	10	26	6	6	6	6	6	

P(O|lamda) = 1.052373e-055

1.000000e-030 0.000000e+000 0.000000e+000 0.000000e+000 0.000000e+000 
6.427658e-033 2.435723e-031 0.000000e+000 0.000000e+000 0.000000e+000 
4.131478e-035 3.878534e-033 1.171603e-031 0.000000e+000 0.000000e+000 
2.655573e-037 4.689324e-035 9.475392e-033 4.077630e-032 0.000000e+000 
3.413822e-040 1.019950e-037 1.276001e-063 8.680050e-034 3.074813e-033 
2.194288e-042 1.051684e-039 4.906045e-038 7.761749e-035 3.968393e-034 
1.410413e-044 1.052114e-041 3.692438e-039 6.957675e-036 4.838843e-035 
9.065653e-047 1.033428e-043 2.448916e-040 6.234443e-037 5.694198e-036 
5.827091e-049 1.003413e-045 1.595588e-041 5.583397e-038 6.540219e-037 
3.745455e-051 9.670223e-048 1.036848e-042 4.998258e-039 7.382290e-038 
2.407450e-053 9.273959e-050 6.734988e-044 4.473079e-040 8.225599e-039 
1.547426e-055 8.865082e-052 4.374547e-045 4.002196e-041 9.075146e-040 
9.946327e-058 8.455868e-054 2.841356e-046 3.580309e-042 9.935760e-041 
6.393158e-060 8.053820e-056 1.845515e-047 3.202521e-043 1.081211e-041 
4.109303e-062 7.663385e-058 1.198697e-048 2.864355e-044 1.170876e-042 
2.641319e-064 7.287069e-060 7.785765e-050 2.561739e-045 1.263014e-043 
1.697750e-066 6.926149e-062 5.057002e-051 2.290992e-046 1.358062e-044 
4.365021e-098 1.316225e-064 6.569238e-082 5.121986e-048 3.518420e-045 
2.805686e-100 1.249872e-066 6.331151e-065 4.580108e-049 3.728754e-046 
1.803399e-102 1.186864e-068 4.713401e-066 4.095558e-050 3.950963e-047 
2.318326e-105 2.254063e-071 6.237066e-097 4.577839e-052 3.840172e-048 
2.980281e-108 4.280864e-074 2.168446e-101 5.116912e-054 3.729831e-049 
7.662491e-140 8.130116e-077 4.118262e-104 5.719464e-056 7.916490e-051 
4.925187e-142 7.720263e-079 3.910653e-077 5.114377e-057 8.380316e-052 
3.165741e-144 7.331071e-081 2.911394e-078 4.573304e-058 8.871311e-053 
2.034830e-146 6.961499e-083 1.926269e-079 4.089474e-059 9.391065e-054 
1.307919e-148 6.610558e-085 1.254497e-080 3.656831e-060 9.941265e-055 
8.406856e-151 6.277308e-087 8.151376e-082 3.269959e-061 1.052369e-055 



P(O|lamda) = 5.750291e-072

1.050000e-030 0.000000e+000 0.000000e+000 0.000000e+000 0.000000e+000 
1.037037e-153 1.312500e-032 0.000000e+000 0.000000e+000 0.000000e+000 
1.024234e-276 2.866242e-120 3.281250e-034 0.000000e+000 0.000000e+000 
0.000000e+000 6.259311e-208 2.050781e-037 6.398438e-036 0.000000e+000 
0.000000e+000 2.733821e-296 5.383301e-069 3.035943e-039 4.549220e-038 
0.000000e+000 0.000000e+000 3.364563e-072 9.626539e-042 2.071705e-039 
0.000000e+000 0.000000e+000 2.102852e-075 3.052437e-044 8.967799e-041 
0.000000e+000 0.000000e+000 1.314282e-078 9.678838e-047 3.867884e-042 
0.000000e+000 0.000000e+000 8.214265e-082 3.069020e-049 1.667807e-043 
0.000000e+000 0.000000e+000 5.133916e-085 9.731421e-052 7.191339e-045 
0.000000e+000 0.000000e+000 3.208697e-088 3.085694e-054 3.100795e-046 
0.000000e+000 0.000000e+000 2.005436e-091 9.784290e-057 1.337015e-047 
0.000000e+000 0.000000e+000 1.253397e-094 3.102457e-059 5.765003e-049 
0.000000e+000 0.000000e+000 7.833734e-098 9.837446e-062 2.485781e-050 
0.000000e+000 0.000000e+000 4.896084e-101 3.119312e-064 1.071830e-051 
0.000000e+000 0.000000e+000 3.060052e-104 9.890890e-067 4.621567e-053 
0.000000e+000 0.000000e+000 1.912533e-107 3.136259e-069 1.992749e-054 
0.000000e+000 0.000000e+000 5.020398e-139 2.486156e-072 2.738899e-055 
0.000000e+000 0.000000e+000 3.137749e-142 7.883244e-075 1.180971e-056 
0.000000e+000 0.000000e+000 1.961093e-145 2.499663e-077 5.092166e-058 
0.000000e+000 0.000000e+000 5.147869e-177 9.907590e-081 4.302625e-060 
0.000000e+000 0.000000e+000 1.351316e-208 3.926942e-084 3.635503e-062 
0.000000e+000 0.000000e+000 3.547204e-240 1.556471e-087 3.858101e-065 
0.000000e+000 0.000000e+000 2.217002e-243 4.935346e-090 1.663554e-066 
0.000000e+000 0.000000e+000 1.385626e-246 1.564927e-092 7.172988e-068 
0.000000e+000 0.000000e+000 8.660165e-250 4.962159e-095 3.092882e-069 
0.000000e+000 0.000000e+000 5.412603e-253 1.573429e-097 1.333603e-070 
0.000000e+000 0.000000e+000 3.382877e-256 4.989117e-100 5.750291e-072 



P(O|lamda) = 2.625573e-103

1.052500e-030 0.000000e+000 0.000000e+000 0.000000e+000 0.000000e+000 
6.290056e-034 6.539056e-034 0.000000e+000 0.000000e+000 0.000000e+000 
3.759126e-037 3.932209e-037 8.125274e-037 0.000000e+000 0.000000e+000 
2.246566e-040 2.350096e-040 5.340611e-040 7.761641e-040 0.000000e+000 
1.667845e-046 2.808976e-044 2.710344e-070 7.885490e-044 2.167748e-042 
9.967543e-050 2.078901e-049 3.490367e-047 1.226048e-047 4.817069e-045 
5.956903e-053 6.269884e-053 2.210893e-051 3.524789e-050 1.040755e-047 
3.560024e-056 3.724226e-056 2.015894e-055 7.592342e-054 2.250206e-050 
2.127577e-059 2.225624e-059 5.755361e-059 1.373036e-057 4.852653e-053 
1.271504e-062 1.330100e-062 3.087473e-062 2.684596e-061 1.046220e-055 
7.598888e-066 7.949074e-066 1.825468e-065 7.123348e-065 2.255574e-058 
4.541323e-069 4.750605e-069 1.089853e-068 2.851321e-068 4.862845e-061 
2.714031e-072 2.839104e-072 6.512671e-072 1.484406e-071 1.048392e-063 
1.621986e-075 1.696734e-075 3.892133e-075 8.529183e-075 2.260252e-066 
9.693476e-079 1.014019e-078 2.326053e-078 5.044077e-078 4.872930e-069 
5.793112e-082 6.060081e-082 1.390119e-081 3.006215e-081 1.050566e-071 
3.462138e-085 3.621686e-085 8.307768e-085 1.795317e-084 2.264940e-074 
2.056226e-088 8.662042e-086 3.971977e-086 2.684520e-085 2.089875e-075 
1.228862e-091 4.492847e-091 1.098544e-088 7.968150e-089 4.505610e-078 
7.344049e-095 7.801547e-095 6.703724e-093 1.173271e-091 9.713747e-081 
5.452204e-101 9.183458e-099 3.973890e-124 3.080738e-096 3.212424e-083 
4.047702e-107 1.359255e-104 9.608183e-129 5.987471e-101 1.062377e-085 
2.530213e-139 1.512066e-110 1.422120e-134 1.163676e-105 5.637127e-090 
1.512131e-142 5.612768e-116 1.878856e-113 1.809301e-109 1.215321e-092 
9.036951e-146 2.083453e-121 1.120809e-117 2.814924e-113 2.620139e-095 
5.400753e-149 7.733750e-127 6.295893e-122 4.377756e-117 5.648817e-098 
3.227652e-152 2.870758e-132 3.522996e-126 6.807202e-121 1.217842e-100 
1.928942e-155 1.065622e-137 1.970863e-130 1.058428e-124 2.625573e-103 



P(O|lamda) = 1.577073e-047

1.052625e-030 0.000000e+000 0.000000e+000 0.000000e+000 0.000000e+000 
6.694874e-032 1.148951e-031 0.000000e+000 0.000000e+000 0.000000e+000 
4.258053e-033 1.215067e-032 1.652801e-032 0.000000e+000 0.000000e+000 
2.708194e-034 9.769546e-034 2.814129e-033 1.680347e-033 0.000000e+000 
1.100135e-035 9.430526e-035 4.024704e-034 6.289180e-034 1.272472e-034 
6.997047e-037 5.176032e-036 3.952939e-035 7.511346e-035 1.701821e-034 
4.450241e-038 2.945573e-037 3.294623e-036 8.102904e-036 7.025356e-035 
2.830429e-039 1.727388e-038 2.549085e-037 7.755260e-037 2.429662e-035 
1.800201e-040 1.037085e-039 1.892901e-038 6.808275e-038 7.986455e-036 
1.144958e-041 6.336534e-041 1.370295e-039 5.626257e-039 2.586819e-036 
7.282129e-043 3.920755e-042 9.751279e-041 4.452253e-040 8.344988e-037 
4.631558e-044 2.447557e-043 6.854546e-042 3.412168e-041 2.689250e-037 
2.945749e-045 1.537251e-044 4.773945e-043 2.552149e-042 8.664111e-038 
1.873547e-046 9.695247e-046 3.300802e-044 1.873011e-043 2.791193e-038 
1.191607e-047 6.131806e-047 2.268811e-045 1.353979e-044 8.991859e-039 
7.578826e-049 3.885375e-048 1.551814e-046 9.668505e-046 2.896727e-039 
4.820262e-050 2.465028e-049 1.056965e-047 6.834656e-047 9.331801e-040 
2.433277e-051 2.216987e-050 7.350095e-049 9.977770e-048 8.584357e-041 
1.547605e-052 1.200115e-051 5.060454e-050 6.172393e-049 2.765448e-041 
9.843034e-054 6.748039e-053 3.437131e-051 3.870546e-050 8.908883e-042 
3.998483e-055 5.224217e-054 2.892046e-052 4.088643e-051 1.058029e-042 
1.624282e-056 3.517493e-055 2.425250e-053 4.193889e-052 1.256527e-043 
4.658724e-087 5.532907e-057 8.497948e-084 1.052515e-057 4.545306e-045 
2.963028e-088 2.332271e-058 7.959255e-058 5.722754e-059 1.464269e-045 
1.884536e-089 9.831155e-060 8.489544e-059 8.403064e-059 4.717139e-046 
1.198597e-090 4.144099e-061 6.890832e-060 1.319996e-059 1.519625e-046 
7.623279e-092 1.746851e-062 5.041406e-061 1.418279e-060 4.895467e-047 
4.848535e-093 7.363450e-064 3.503492e-062 1.283692e-061 1.577073e-047 



P(O|lamda) = 1.423000e-081

1.052631e-030 0.000000e+000 0.000000e+000 0.000000e+000 0.000000e+000 
1.883936e-034 7.775287e-033 0.000000e+000 0.000000e+000 0.000000e+000 
3.371754e-038 5.326622e-036 7.252985e-035 0.000000e+000 0.000000e+000 
6.034563e-042 2.944842e-039 1.759791e-037 4.494349e-037 0.000000e+000 
6.898160e-046 2.046237e-042 4.172323e-040 3.276954e-039 2.375396e-039 
1.234591e-049 1.040689e-045 7.455845e-043 8.974857e-042 7.732728e-041 
2.209597e-053 5.276015e-049 1.307940e-045 2.211937e-044 1.352540e-042 
3.954603e-057 2.671807e-052 2.282344e-048 5.123342e-047 2.204970e-044 
7.077711e-061 1.352485e-055 3.976574e-051 1.140384e-049 3.557759e-046 
1.266726e-064 6.845407e-059 6.925384e-054 2.469949e-052 5.732012e-048 
2.267110e-068 3.464533e-062 1.205931e-056 5.245080e-055 9.233121e-050 
4.057537e-072 1.753406e-065 2.099834e-059 1.097420e-057 1.487229e-051 
7.261935e-076 8.873961e-069 3.656306e-062 2.269884e-060 2.395553e-053 
1.299697e-079 4.491089e-072 6.366471e-065 4.652421e-063 3.858633e-055 
2.326120e-083 2.272927e-075 1.108548e-067 9.465865e-066 6.215285e-057 
4.163149e-087 1.150321e-078 1.930235e-070 1.914361e-068 1.001126e-058 
7.450954e-091 5.821741e-082 3.360980e-073 3.852259e-071 1.612561e-060 
1.058410e-094 4.173269e-085 5.996668e-076 1.607750e-073 5.484107e-062 
1.894278e-098 2.112078e-088 1.044157e-078 3.171974e-076 8.833514e-064 
3.390265e-102 1.068916e-091 1.818115e-081 6.249467e-079 1.422856e-065 
3.875441e-106 7.211722e-095 3.955957e-084 2.049030e-081 1.016093e-067 
4.430049e-110 4.865576e-098 8.607593e-087 6.697506e-084 7.256136e-070 
7.151015e-142 8.207490e-102 1.577168e-117 5.461613e-091 1.312402e-072 
1.279846e-145 4.153785e-105 7.656156e-104 1.064914e-093 2.113949e-074 
2.290590e-149 2.102217e-108 1.720587e-106 2.076386e-096 3.405039e-076 
4.099561e-153 1.063926e-111 3.192035e-109 4.048569e-099 5.484660e-078 
7.337147e-157 5.384494e-115 5.657306e-112 7.893964e-102 8.834406e-080 
1.313158e-160 2.725075e-118 9.900888e-115 1.539178e-104 1.423000e-081 



P(O|lamda) = 1.785224e-076

1.052632e-030 0.000000e+000 0.000000e+000 0.000000e+000 0.000000e+000 
3.483141e-118 3.948192e-034 0.000000e+000 0.000000e+000 0.000000e+000 
1.152565e-205 3.702201e-039 1.925345e-037 0.000000e+000 0.000000e+000 
3.813818e-293 3.471536e-044 5.695232e-042 6.930706e-041 0.000000e+000 
0.000000e+000 4.339556e-049 1.649384e-046 8.669367e-045 1.298294e-041 
0.000000e+000 4.069181e-054 3.543930e-051 4.537829e-049 2.944888e-043 
0.000000e+000 3.815652e-059 7.358367e-056 2.192040e-053 6.675909e-045 
0.000000e+000 3.577918e-064 1.505245e-060 1.023749e-057 1.513392e-046 
0.000000e+000 3.354997e-069 3.058550e-065 4.711693e-062 3.430776e-048 
0.000000e+000 3.145965e-074 6.195663e-070 2.154577e-066 7.777381e-050 
0.000000e+000 2.949956e-079 1.253267e-074 9.824474e-071 1.763089e-051 
0.000000e+000 2.766160e-084 2.533460e-079 4.474120e-075 3.996827e-053 
0.000000e+000 2.593815e-089 5.119792e-084 2.036396e-079 9.060586e-055 
0.000000e+000 2.432208e-094 1.034497e-088 9.266354e-084 2.053985e-056 
0.000000e+000 2.280670e-099 2.090151e-093 4.216066e-088 4.656271e-058 
0.000000e+000 2.138573e-104 4.222920e-098 1.918159e-092 1.055551e-059 
0.000000e+000 2.005330e-109 8.531827e-103 8.726747e-097 2.392876e-061 
0.000000e+000 2.663407e-114 1.766268e-107 8.268893e-101 1.820147e-062 
0.000000e+000 2.497464e-119 3.568469e-112 3.761909e-105 4.126174e-064 
0.000000e+000 2.341860e-124 7.209521e-117 1.711468e-109 9.353809e-066 
0.000000e+000 2.927417e-129 1.820141e-121 1.297311e-113 1.994036e-066 
0.000000e+000 3.659385e-134 4.595188e-126 9.833748e-118 4.250865e-067 
0.000000e+000 1.143701e-139 1.953881e-157 1.863474e-126 2.981864e-068 
0.000000e+000 1.072443e-144 5.577282e-143 8.477806e-131 6.759722e-070 
0.000000e+000 1.005624e-149 1.649778e-147 3.856947e-135 1.532392e-071 
0.000000e+000 9.429692e-155 3.823503e-152 1.754704e-139 3.473848e-073 
0.000000e+000 8.842177e-160 8.184605e-157 7.982961e-144 7.875022e-075 
0.000000e+000 8.291267e-165 1.696685e-161 3.631819e-148 1.785224e-076 



P(O|lamda) = 7.786106e-040

8.642742e-002 0.000000e+000 0.000000e+000 0.000000e+000 0.000000e+000 
2.463458e-003 1.419078e-096 0.000000e+000 0.000000e+000 0.000000e+000 
7.021644e-005 4.046956e-098 7.097607e-102 0.000000e+000 0.000000e+000 
2.001393e-006 1.153512e-099 2.025530e-103 2.662490e-107 0.000000e+000 
3.502294e-007 4.383061e-101 7.214515e-105 1.266653e-108 5.675869e-110 
9.982658e-009 5.751180e-102 2.193659e-106 2.708245e-110 3.514776e-112 
2.845377e-010 1.639946e-103 2.876927e-107 8.233025e-112 6.537831e-114 
8.110235e-012 4.674371e-105 8.208046e-109 1.079331e-112 1.940485e-115 
2.311677e-013 1.332345e-106 2.339558e-110 3.080663e-114 2.468778e-116 
6.589018e-015 3.797611e-108 6.668489e-112 8.780889e-116 7.263519e-118 
1.878081e-016 1.082441e-109 1.900733e-113 2.502834e-117 2.072908e-119 
5.353132e-018 3.085302e-111 5.417696e-115 7.133879e-119 5.908744e-121 
1.525814e-019 8.794098e-113 1.544217e-116 2.033384e-120 1.684184e-122 
4.349058e-021 2.506599e-114 4.401512e-118 5.795795e-122 4.800465e-124 
1.239621e-022 7.144610e-116 1.254572e-119 1.651987e-123 1.368286e-125 
3.533315e-024 2.036443e-117 3.575931e-121 4.708691e-125 3.900053e-127 
1.007108e-025 5.804513e-119 1.019255e-122 1.342128e-126 1.111640e-128 
1.924744e-026 2.343415e-120 2.976902e-124 7.967440e-128 1.063171e-129 
5.486138e-028 3.160648e-121 1.172669e-125 1.117906e-129 1.926682e-131 
1.563725e-029 9.012598e-123 1.581052e-126 4.400653e-131 2.752614e-133 
2.736406e-030 3.424565e-124 5.636826e-128 9.882923e-132 9.674668e-134 
4.788513e-031 5.990273e-125 2.141762e-129 3.525575e-133 2.209954e-134 
4.138588e-032 2.620882e-126 1.261291e-155 3.348707e-139 3.248204e-136 
1.179630e-033 6.795667e-127 1.310850e-131 5.024735e-144 3.682508e-139 
3.362323e-035 1.937890e-128 3.399157e-132 4.917328e-137 4.174031e-142 
9.583697e-037 5.523608e-130 9.699277e-134 1.275183e-137 1.114778e-140 
2.731660e-038 1.574405e-131 2.764607e-135 3.640355e-139 2.903403e-141 
7.786106e-040 4.487558e-133 7.880015e-137 1.037620e-140 8.581573e-143 



P(O|lamda) = 2.816019e-066

4.321371e-003 0.000000e+000 0.000000e+000 0.000000e+000 0.000000e+000 
1.111136e-005 2.052690e-004 0.000000e+000 0.000000e+000 0.000000e+000 
2.857017e-008 9.383452e-007 2.463998e-010 0.000000e+000 0.000000e+000 
7.346129e-011 3.233834e-009 1.126388e-012 1.144881e-011 0.000000e+000 
3.213799e-014 9.957329e-012 4.850876e-015 7.014318e-018 9.213290e-014 
8.263505e-017 2.144161e-014 1.195296e-017 2.254982e-016 7.948846e-017 
2.124760e-019 4.680927e-017 2.573904e-020 3.945498e-018 2.046232e-019 
5.463307e-022 1.037131e-019 5.619098e-023 6.051207e-020 2.556927e-021 
1.404757e-024 2.333813e-022 1.244996e-025 9.123416e-022 3.871400e-023 
3.611993e-027 5.334986e-025 2.801562e-028 1.372181e-023 5.838325e-025 
9.287367e-030 1.238590e-027 6.404234e-031 2.063050e-025 8.782315e-027 
2.388022e-032 2.918385e-030 1.486830e-033 3.101593e-027 1.320444e-028 
6.140220e-035 6.971212e-033 3.503289e-036 4.662902e-029 1.985168e-030 
1.578809e-037 1.685935e-035 8.368381e-039 7.010149e-031 2.984482e-032 
4.059525e-040 4.121881e-038 2.023828e-041 1.053897e-032 4.486834e-034 
1.043809e-042 1.017223e-040 4.947983e-044 1.584415e-034 6.745450e-036 
2.683901e-045 2.530302e-043 1.221093e-046 2.381990e-036 1.014102e-037 
9.669533e-048 1.682905e-050 3.112382e-049 1.398878e-042 3.406222e-037 
2.486286e-050 4.593451e-049 4.772732e-056 2.103057e-044 2.938599e-040 
6.392884e-053 2.099716e-051 5.513865e-055 3.161710e-046 2.535294e-043 
2.796771e-056 7.236232e-054 3.149634e-057 1.485407e-052 2.919983e-045 
1.223537e-059 1.580133e-056 1.085470e-059 6.979070e-059 3.360113e-047 
2.643678e-063 2.011741e-064 1.596847e-086 1.213712e-069 5.892566e-051 
6.797579e-066 1.259794e-064 2.414844e-070 1.824680e-071 5.083592e-054 
1.747833e-068 5.748547e-067 1.512226e-070 1.149474e-071 4.385680e-057 
4.494130e-071 1.979967e-069 6.900548e-073 7.199272e-072 3.783582e-060 
1.155557e-073 6.094761e-072 2.376765e-075 1.402959e-073 3.264145e-063 
2.971234e-076 1.767875e-074 7.316211e-078 2.219625e-075 2.816019e-066 



P(O|lamda) = 3.915437e-044

1.168827e-001 0.000000e+000 0.000000e+000 0.000000e+000 0.000000e+000 
8.571199e-005 2.629910e-004 0.000000e+000 0.000000e+000 0.000000e+000 
6.285400e-008 2.454548e-007 1.512671e-011 0.000000e+000 0.000000e+000 
4.609186e-011 1.905160e-010 1.411814e-014 3.479208e-014 0.000000e+000 
2.016436e-015 1.418135e-013 8.763808e-012 1.416991e-021 4.777711e-016 
1.478685e-018 3.290029e-017 5.198956e-020 2.015714e-014 2.377361e-017 
1.084344e-021 9.907286e-021 1.892618e-024 7.457126e-018 8.557687e-016 
7.951670e-025 4.421314e-024 5.698564e-028 2.758721e-021 4.289860e-017 
5.831089e-028 2.673439e-027 2.543078e-031 1.020573e-024 2.134721e-018 
4.276033e-031 1.846718e-030 1.537720e-034 3.775551e-028 1.062223e-019 
3.135685e-034 1.331476e-033 1.062202e-037 1.396745e-031 5.285547e-021 
2.299449e-037 9.718425e-037 7.658432e-041 5.167194e-035 2.630051e-022 
1.686223e-040 7.117578e-040 5.589879e-044 1.911588e-038 1.308695e-023 
1.236535e-043 5.217616e-043 4.093914e-047 7.071930e-042 6.511975e-025 
9.067712e-047 3.825799e-046 3.001087e-050 2.616310e-045 3.240313e-026 
6.649501e-050 2.805448e-049 2.200537e-053 9.679564e-049 1.612357e-027 
4.876188e-053 2.057266e-052 1.613648e-056 3.581400e-052 8.022976e-029 
1.756788e-056 4.007324e-060 1.212509e-059 5.177014e-060 2.250701e-030 
1.288281e-059 3.952927e-059 2.911376e-067 2.980344e-062 1.119933e-031 
9.447176e-063 3.689288e-062 2.273644e-066 1.102627e-065 5.572708e-033 
4.132969e-067 2.863544e-065 1.697084e-063 2.908948e-073 8.981589e-035 
1.808099e-071 6.657175e-069 8.105580e-066 1.219810e-070 1.447572e-036 
2.113355e-073 8.232703e-071 3.272855e-068 3.728576e-067 1.283538e-037 
1.549758e-076 1.694123e-074 1.684292e-076 2.132134e-070 6.386797e-039 
1.136463e-079 3.737012e-078 9.752675e-082 7.887734e-074 3.178026e-040 
8.333865e-083 1.003125e-081 2.149502e-085 2.918018e-077 1.581363e-041 
6.111359e-086 3.881443e-085 5.769880e-089 1.079502e-080 7.868753e-043 
4.481559e-089 2.151385e-088 2.232556e-092 3.993551e-084 3.915437e-044 



P(O|lamda) = 1.618389e-056

5.584414e-002 0.000000e+000 0.000000e+000 0.000000e+000 0.000000e+000 
4.129403e-088 6.980646e-006 0.000000e+000 0.000000e+000 0.000000e+000 
3.053493e-174 2.175738e-011 2.127724e-014 0.000000e+000 0.000000e+000 
2.257910e-260 6.781373e-017 6.631889e-020 2.593387e-018 0.000000e+000 
0.000000e+000 2.113642e-022 1.653115e-019 1.633041e-027 2.625910e-019 
0.000000e+000 6.587830e-028 1.352917e-029 2.014908e-023 4.678881e-021 
0.000000e+000 2.053305e-033 2.009047e-036 3.432046e-028 8.367900e-023 
0.000000e+000 6.399771e-039 6.258698e-042 5.845870e-033 1.491009e-024 
0.000000e+000 1.994690e-044 1.950720e-047 9.957380e-038 2.656699e-026 
0.000000e+000 6.217080e-050 6.080034e-053 1.696059e-042 4.733740e-028 
0.000000e+000 1.937749e-055 1.895034e-058 2.888930e-047 8.434639e-030 
0.000000e+000 6.039604e-061 5.906470e-064 4.920769e-052 1.502895e-031 
0.000000e+000 1.882433e-066 1.840937e-069 8.381638e-057 2.677878e-033 
0.000000e+000 5.867194e-072 5.737861e-075 1.427660e-061 4.771478e-035 
0.000000e+000 1.828696e-077 1.788385e-080 2.431760e-066 8.501881e-037 
0.000000e+000 5.699706e-083 5.574065e-086 4.142063e-071 1.514876e-038 
0.000000e+000 1.776493e-088 1.737333e-091 7.055255e-076 2.699226e-040 
0.000000e+000 1.470782e-098 5.548584e-097 4.694378e-085 4.129962e-041 
0.000000e+000 4.584154e-104 8.807741e-107 7.996023e-090 7.358819e-043 
0.000000e+000 1.428796e-109 1.397334e-112 1.361978e-094 1.311204e-044 
0.000000e+000 4.453321e-115 3.483018e-112 7.249680e-104 1.537097e-045 
0.000000e+000 1.388026e-120 2.279705e-116 3.858937e-113 1.801906e-046 
0.000000e+000 2.595685e-124 1.424441e-120 1.320133e-116 9.010984e-048 
0.000000e+000 8.090271e-130 1.118168e-130 2.250344e-121 1.605589e-049 
0.000000e+000 2.521588e-135 2.474657e-138 3.833053e-126 2.860859e-051 
0.000000e+000 7.859322e-141 7.686077e-144 6.528911e-131 5.097516e-053 
0.000000e+000 2.449605e-146 2.395608e-149 1.112082e-135 9.082821e-055 
0.000000e+000 7.634966e-152 7.466665e-155 1.894230e-140 1.618389e-056 



Max probability = 7.786106e-040

Utterance recognised as 6