12	28	4	12	12	12	20	11	20	20	20	4	20	16	20	20	20	20	12	28	28	16	20	20	20	20	20	4	20	20	28	20	20	16	16	11	11	20	28	28	28	12	28	28	

P(O|lamda) = 7.158810e-139

1.000000e-030 0.000000e+000 0.000000e+000 0.000000e+000 0.000000e+000 
2.571063e-062 9.742894e-061 0.000000e+000 0.000000e+000 0.000000e+000 
6.610365e-094 6.205654e-092 9.372825e-091 0.000000e+000 0.000000e+000 
1.699566e-125 1.500584e-094 1.814560e-121 8.155259e-092 0.000000e+000 
4.369692e-157 2.849873e-097 1.443586e-124 1.823120e-093 1.619299e-092 
1.123475e-188 5.412413e-100 2.741625e-127 4.075609e-095 4.502981e-093 
2.888526e-220 2.055825e-131 5.206830e-130 9.111082e-126 5.089873e-094 
7.426583e-252 7.808750e-163 8.741608e-161 2.037248e-156 4.157049e-096 
1.909421e-283 2.966039e-194 1.210690e-191 4.555057e-187 4.666063e-097 
4.909242e-315 1.126606e-225 1.601266e-222 1.018395e-217 5.237404e-098 
0.000000e+000 4.279249e-257 2.090943e-253 2.276775e-248 5.878703e-099 
0.000000e+000 1.625410e-288 2.720331e-284 5.089945e-279 4.857759e-100 
0.000000e+000 6.173844e-320 3.535377e-315 1.137888e-309 5.452572e-101 
0.000000e+000 0.000000e+000 0.000000e+000 0.000000e+000 4.692563e-104 
0.000000e+000 0.000000e+000 0.000000e+000 0.000000e+000 5.267148e-105 
0.000000e+000 0.000000e+000 0.000000e+000 0.000000e+000 5.912089e-106 
0.000000e+000 0.000000e+000 0.000000e+000 0.000000e+000 6.636001e-107 
0.000000e+000 0.000000e+000 0.000000e+000 0.000000e+000 7.448553e-108 
0.000000e+000 0.000000e+000 0.000000e+000 0.000000e+000 1.904796e-108 
0.000000e+000 0.000000e+000 0.000000e+000 0.000000e+000 3.506118e-109 
0.000000e+000 0.000000e+000 0.000000e+000 0.000000e+000 6.453638e-110 
0.000000e+000 0.000000e+000 0.000000e+000 0.000000e+000 5.554094e-113 
0.000000e+000 0.000000e+000 0.000000e+000 0.000000e+000 6.234171e-114 
0.000000e+000 0.000000e+000 0.000000e+000 0.000000e+000 6.997520e-115 
0.000000e+000 0.000000e+000 0.000000e+000 0.000000e+000 7.854339e-116 
0.000000e+000 0.000000e+000 0.000000e+000 0.000000e+000 8.816071e-117 
0.000000e+000 0.000000e+000 0.000000e+000 0.000000e+000 9.895564e-118 
0.000000e+000 0.000000e+000 0.000000e+000 0.000000e+000 8.177018e-119 
0.000000e+000 0.000000e+000 0.000000e+000 0.000000e+000 9.178261e-120 
0.000000e+000 0.000000e+000 0.000000e+000 0.000000e+000 1.030210e-120 
0.000000e+000 0.000000e+000 0.000000e+000 0.000000e+000 1.896286e-121 
0.000000e+000 0.000000e+000 0.000000e+000 0.000000e+000 2.128479e-122 
0.000000e+000 0.000000e+000 0.000000e+000 0.000000e+000 2.389103e-123 
0.000000e+000 0.000000e+000 0.000000e+000 0.000000e+000 2.056096e-126 
0.000000e+000 0.000000e+000 0.000000e+000 0.000000e+000 1.769506e-129 
0.000000e+000 0.000000e+000 0.000000e+000 0.000000e+000 1.445208e-131 
0.000000e+000 0.000000e+000 0.000000e+000 0.000000e+000 1.180344e-133 
0.000000e+000 0.000000e+000 0.000000e+000 0.000000e+000 1.324872e-134 
0.000000e+000 0.000000e+000 0.000000e+000 0.000000e+000 2.438664e-135 
0.000000e+000 0.000000e+000 0.000000e+000 0.000000e+000 4.488798e-136 
0.000000e+000 0.000000e+000 0.000000e+000 0.000000e+000 8.262437e-137 
0.000000e+000 0.000000e+000 0.000000e+000 0.000000e+000 2.112928e-137 
0.000000e+000 0.000000e+000 0.000000e+000 0.000000e+000 3.889223e-138 
0.000000e+000 0.000000e+000 0.000000e+000 0.000000e+000 7.158810e-139 



P(O|lamda) = 3.195866e-117

1.050000e-030 0.000000e+000 0.000000e+000 0.000000e+000 0.000000e+000 
8.711110e-182 1.050000e-031 0.000000e+000 0.000000e+000 0.000000e+000 
0.000000e+000 1.926115e-147 1.102500e-061 0.000000e+000 0.000000e+000 
0.000000e+000 8.412514e-236 2.894063e-093 5.374688e-064 0.000000e+000 
0.000000e+000 4.940656e-324 7.596914e-125 4.260590e-067 6.215969e-065 
0.000000e+000 0.000000e+000 1.994190e-156 3.377429e-070 8.592707e-066 
0.000000e+000 0.000000e+000 1.744916e-158 1.606401e-071 1.832783e-067 
0.000000e+000 0.000000e+000 6.543436e-161 3.820250e-073 2.047470e-068 
0.000000e+000 0.000000e+000 5.725506e-163 1.817020e-074 4.367079e-070 
0.000000e+000 0.000000e+000 5.009818e-165 8.642261e-076 9.314786e-072 
0.000000e+000 0.000000e+000 4.383591e-167 4.110505e-077 1.986888e-073 
0.000000e+000 0.000000e+000 1.150693e-198 3.258455e-079 4.368683e-075 
0.000000e+000 0.000000e+000 1.006856e-200 1.549814e-080 9.318467e-077 
0.000000e+000 0.000000e+000 2.642997e-232 2.579974e-111 6.901222e-078 
0.000000e+000 0.000000e+000 2.312622e-234 1.227109e-112 1.471949e-079 
0.000000e+000 0.000000e+000 2.023545e-236 5.836478e-114 3.139491e-081 
0.000000e+000 0.000000e+000 1.770602e-238 2.775995e-115 6.696161e-083 
0.000000e+000 0.000000e+000 1.549276e-240 1.320342e-116 1.428211e-084 
0.000000e+000 0.000000e+000 4.066850e-272 1.046654e-119 1.962981e-085 
0.000000e+000 0.000000e+000 1.067548e-303 1.742364e-150 2.426888e-086 
0.000000e+000 0.000000e+000 0.000000e+000 2.900511e-181 3.000430e-087 
0.000000e+000 0.000000e+000 0.000000e+000 4.828480e-212 2.221797e-088 
0.000000e+000 0.000000e+000 0.000000e+000 2.296562e-213 4.738828e-090 
0.000000e+000 0.000000e+000 0.000000e+000 1.092310e-214 1.010736e-091 
0.000000e+000 0.000000e+000 0.000000e+000 5.195337e-216 2.155779e-093 
0.000000e+000 0.000000e+000 0.000000e+000 2.471050e-217 4.598019e-095 
0.000000e+000 0.000000e+000 0.000000e+000 1.175302e-218 9.807028e-097 
0.000000e+000 0.000000e+000 0.000000e+000 9.316780e-221 2.155952e-098 
0.000000e+000 0.000000e+000 0.000000e+000 4.431325e-222 4.598388e-100 
0.000000e+000 0.000000e+000 0.000000e+000 2.107664e-223 9.807814e-102 
0.000000e+000 0.000000e+000 0.000000e+000 3.508627e-254 1.212568e-102 
0.000000e+000 0.000000e+000 0.000000e+000 1.668803e-255 2.586262e-104 
0.000000e+000 0.000000e+000 0.000000e+000 7.937300e-257 5.516190e-106 
0.000000e+000 0.000000e+000 0.000000e+000 1.321322e-287 4.084698e-107 
0.000000e+000 0.000000e+000 0.000000e+000 2.199605e-318 3.024689e-108 
0.000000e+000 0.000000e+000 0.000000e+000 5.231167e-320 3.378744e-109 
0.000000e+000 0.000000e+000 0.000000e+000 1.245045e-321 3.774243e-110 
0.000000e+000 0.000000e+000 0.000000e+000 5.928788e-323 8.050011e-112 
0.000000e+000 0.000000e+000 0.000000e+000 0.000000e+000 9.952455e-113 
0.000000e+000 0.000000e+000 0.000000e+000 0.000000e+000 1.230450e-113 
0.000000e+000 0.000000e+000 0.000000e+000 0.000000e+000 1.521240e-114 
0.000000e+000 0.000000e+000 0.000000e+000 0.000000e+000 2.090842e-115 
0.000000e+000 0.000000e+000 0.000000e+000 0.000000e+000 2.584966e-116 
0.000000e+000 0.000000e+000 0.000000e+000 0.000000e+000 3.195866e-117 



P(O|lamda) = 1.611584e-032

1.000000e-001 0.000000e+000 0.000000e+000 0.000000e+000 0.000000e+000 
2.969590e-004 5.020007e-002 0.000000e+000 0.000000e+000 0.000000e+000 
1.856287e-036 6.244930e-034 9.980384e-003 0.000000e+000 0.000000e+000 
1.102482e-039 1.389254e-036 4.466564e-005 2.385816e-003 0.000000e+000 
6.547840e-043 2.337909e-039 1.998941e-007 1.035076e-004 1.859130e-004 
3.888880e-046 3.635857e-042 8.945946e-010 4.075188e-006 2.522007e-005 
2.430934e-078 2.472816e-045 1.271149e-011 1.046877e-007 8.397677e-006 
7.218877e-082 1.468650e-049 4.266619e-015 1.221686e-010 4.741613e-007 
4.512510e-114 9.812898e-053 6.062531e-017 3.134840e-012 1.389564e-007 
2.820764e-146 6.556564e-056 8.614380e-019 8.043214e-014 4.071412e-008 
1.763256e-178 4.380819e-059 1.224036e-020 2.063578e-015 1.192900e-008 
1.102209e-210 2.738444e-091 1.095596e-022 6.497413e-017 7.738878e-010 
6.889895e-243 1.829713e-094 1.556756e-024 1.666893e-018 2.267442e-010 
8.184065e-246 1.168202e-097 7.332784e-056 2.727790e-049 2.798542e-011 
5.115848e-278 7.805431e-101 1.041931e-057 6.998006e-051 8.199550e-012 
3.197910e-310 5.215259e-104 1.480502e-059 1.795301e-052 2.402416e-012 
0.000000e+000 3.484616e-107 2.103677e-061 4.605749e-054 7.038924e-013 
0.000000e+000 2.328273e-110 2.989160e-063 1.181580e-055 2.062360e-013 
0.000000e+000 3.458737e-113 1.337751e-065 4.597439e-057 1.902953e-014 
0.000000e+000 1.037374e-115 2.095414e-067 1.072225e-058 4.155404e-015 
0.000000e+000 3.111381e-118 3.282193e-069 2.500667e-060 9.073994e-016 
0.000000e+000 1.986498e-121 1.546011e-100 4.092199e-091 1.119939e-016 
0.000000e+000 1.327294e-124 2.196760e-102 1.049831e-092 3.281349e-017 
0.000000e+000 8.868419e-128 3.121424e-104 2.693284e-094 9.614141e-018 
0.000000e+000 5.925503e-131 4.435298e-106 6.909470e-096 2.816882e-018 
0.000000e+000 3.959171e-134 6.302209e-108 1.772586e-097 8.253284e-019 
0.000000e+000 2.645350e-137 8.954944e-110 4.547472e-099 2.418159e-019 
0.000000e+000 1.653605e-169 8.015289e-112 1.431772e-100 1.568768e-020 
0.000000e+000 1.104869e-172 1.138910e-113 3.673132e-102 4.596391e-021 
0.000000e+000 7.382268e-176 1.618301e-115 9.423216e-104 1.346713e-021 
0.000000e+000 2.214153e-178 2.534858e-117 2.197704e-105 2.940765e-022 
0.000000e+000 1.479404e-181 3.601834e-119 5.638087e-107 8.616254e-023 
0.000000e+000 9.884751e-185 5.117923e-121 1.446420e-108 2.524507e-023 
0.000000e+000 6.311036e-188 2.410695e-152 2.366984e-139 3.115820e-024 
0.000000e+000 4.029356e-191 1.135509e-183 3.873434e-170 3.845635e-025 
0.000000e+000 2.393107e-195 3.811348e-187 4.516855e-173 2.148754e-026 
0.000000e+000 1.421309e-199 1.279282e-190 5.267155e-176 1.200619e-027 
0.000000e+000 9.496588e-203 1.817759e-192 1.351259e-177 3.517737e-028 
0.000000e+000 2.848298e-205 2.847283e-194 3.151438e-179 7.681545e-029 
0.000000e+000 8.542861e-208 4.459899e-196 7.349854e-181 1.677389e-029 
0.000000e+000 2.562248e-210 6.985852e-198 1.714150e-182 3.662849e-030 
0.000000e+000 3.806316e-213 3.126409e-200 6.669626e-184 3.379735e-031 
0.000000e+000 1.141623e-215 4.897113e-202 1.555505e-185 7.380195e-032 
0.000000e+000 3.424053e-218 7.670691e-204 3.627784e-187 1.611584e-032 



P(O|lamda) = 1.051027e-073

1.852632e-001 0.000000e+000 0.000000e+000 0.000000e+000 0.000000e+000 
1.514405e-003 3.403271e-003 0.000000e+000 0.000000e+000 0.000000e+000 
4.343578e-034 2.166244e-033 2.447090e-005 0.000000e+000 0.000000e+000 
2.192646e-035 1.964899e-034 1.617573e-006 5.181550e-006 0.000000e+000 
1.106852e-036 1.512145e-035 1.069247e-007 9.292806e-007 3.039325e-007 
5.587408e-038 1.073958e-036 7.067929e-009 1.278744e-007 8.246736e-008 
1.602566e-068 1.925935e-039 3.617980e-011 4.217856e-010 2.402622e-009 
1.091661e-071 2.705548e-043 4.374794e-015 6.650706e-014 7.463713e-012 
3.131072e-102 4.275841e-046 2.239400e-017 2.232754e-016 1.099623e-013 
8.980458e-133 6.757527e-049 1.146319e-019 7.926542e-019 1.612998e-015 
2.575751e-163 1.067958e-051 5.867857e-022 3.010390e-021 2.363730e-017 
7.387702e-194 3.158431e-082 1.892081e-024 1.507029e-023 1.174364e-019 
2.118921e-224 4.991576e-085 9.685314e-027 5.562862e-026 1.720546e-021 
5.773598e-227 7.538065e-088 3.287363e-057 2.812606e-056 3.059623e-023 
1.655968e-257 1.191314e-090 1.682758e-059 1.024578e-058 4.482250e-025 
4.749605e-288 1.882749e-093 8.613815e-062 4.003580e-061 6.566353e-027 
1.362267e-318 2.975491e-096 4.409298e-064 1.678355e-063 9.619497e-029 
0.000000e+000 4.702457e-099 2.257062e-066 7.482111e-066 1.409225e-030 
0.000000e+000 2.807632e-100 1.491961e-067 1.325209e-066 1.296351e-031 
0.000000e+000 1.991798e-102 8.418909e-070 4.359686e-069 7.182335e-033 
0.000000e+000 1.413027e-104 4.750661e-072 1.612652e-071 3.979318e-034 
0.000000e+000 2.133893e-107 1.612456e-102 9.539345e-102 7.076218e-036 
0.000000e+000 3.372398e-110 8.254196e-105 3.753094e-104 1.036643e-037 
0.000000e+000 5.329729e-113 4.225253e-107 1.583371e-106 1.518649e-039 
0.000000e+000 8.423088e-116 2.162857e-109 7.095281e-109 2.224772e-041 
0.000000e+000 1.331182e-118 1.107139e-111 3.330110e-111 3.259220e-043 
0.000000e+000 2.103797e-121 5.667301e-114 1.614397e-113 4.774654e-045 
0.000000e+000 6.221874e-152 1.827412e-116 9.810950e-116 2.371982e-047 
0.000000e+000 9.833033e-155 9.354283e-119 3.954446e-118 3.474878e-049 
0.000000e+000 1.554010e-157 4.788334e-121 1.705057e-120 5.090585e-051 
0.000000e+000 1.102450e-159 2.701984e-123 7.067100e-123 2.820399e-052 
0.000000e+000 1.742309e-162 1.383110e-125 3.623047e-125 4.131795e-054 
0.000000e+000 2.753540e-165 7.079958e-128 1.856232e-127 6.052947e-056 
0.000000e+000 4.158278e-168 2.403060e-158 1.212970e-157 1.076365e-057 
0.000000e+000 6.279654e-171 8.156399e-189 6.340511e-188 1.914044e-059 
0.000000e+000 8.821642e-175 1.693247e-174 1.068821e-191 5.347373e-062 
0.000000e+000 1.239262e-178 4.426112e-178 4.302233e-178 1.493926e-064 
0.000000e+000 1.958526e-181 3.680258e-180 3.760250e-180 2.188553e-066 
0.000000e+000 1.389423e-183 2.323158e-182 2.892098e-182 1.212551e-067 
0.000000e+000 9.856883e-186 1.485757e-184 1.966532e-184 6.718046e-069 
0.000000e+000 6.992697e-188 9.624210e-187 1.289453e-186 3.722081e-070 
0.000000e+000 4.175034e-189 7.392535e-188 3.498068e-187 3.423956e-071 
0.000000e+000 2.961864e-191 4.696848e-190 1.326333e-189 1.897016e-072 
0.000000e+000 2.101214e-193 3.023057e-192 5.991349e-192 1.051027e-073 



P(O|lamda) = 8.981750e-059

9.263158e-003 0.000000e+000 0.000000e+000 0.000000e+000 0.000000e+000 
7.315588e-006 1.151540e-005 0.000000e+000 0.000000e+000 0.000000e+000 
1.180887e-037 8.400307e-036 5.422946e-007 0.000000e+000 0.000000e+000 
1.677453e-041 7.257181e-039 9.675631e-010 6.998691e-009 0.000000e+000 
2.382826e-045 5.377754e-042 1.726328e-012 4.090825e-011 1.761584e-010 
3.384810e-049 3.879930e-045 3.080118e-015 1.884048e-013 7.020583e-012 
1.038119e-051 2.097495e-046 2.148862e-016 1.547373e-014 1.866070e-012 
1.989941e-057 3.537971e-052 7.013423e-022 7.872994e-020 6.944546e-014 
6.103137e-060 1.910356e-053 4.892955e-023 6.320767e-021 1.809913e-014 
1.871828e-062 1.031433e-054 3.413598e-024 5.056270e-022 4.717057e-015 
5.740887e-065 5.568850e-056 2.381516e-025 4.032322e-023 1.229376e-015 
9.266976e-097 3.954791e-087 2.093462e-027 5.404852e-027 6.032423e-017 
2.842176e-099 2.135247e-088 1.460516e-028 9.414078e-028 1.572191e-017 
2.201027e-102 3.871492e-093 2.676102e-059 3.845155e-058 1.397874e-020 
6.750535e-105 2.090272e-094 1.866998e-060 3.666055e-059 3.643186e-021 
2.070385e-107 1.128567e-095 1.302522e-061 3.325470e-060 9.494994e-022 
6.349859e-110 6.093290e-097 9.087119e-063 2.919504e-061 2.474618e-022 
1.947498e-112 3.289852e-098 6.339681e-064 2.504839e-062 6.449433e-023 
2.766426e-116 2.358304e-101 1.131127e-066 1.099015e-064 2.193366e-024 
2.184787e-119 2.008691e-105 1.722819e-070 1.106115e-068 4.187456e-026 
1.725438e-122 1.710907e-109 2.624025e-074 1.131361e-072 7.994466e-028 
1.336207e-125 3.102106e-114 4.807998e-105 3.323162e-103 7.108077e-031 
4.098138e-128 1.674870e-115 3.354327e-106 2.713817e-104 1.852531e-031 
1.256896e-130 9.042857e-117 2.340166e-107 2.202009e-105 4.828130e-032 
3.854894e-133 4.882364e-118 1.632630e-108 1.777257e-106 1.258324e-032 
1.182294e-135 2.636056e-119 1.139014e-109 1.428082e-107 3.279486e-033 
3.626087e-138 1.423243e-120 7.946396e-111 1.143219e-108 8.547107e-034 
5.853254e-170 1.010735e-151 6.985247e-113 1.537345e-112 4.193980e-035 
1.795189e-172 5.457096e-153 4.873298e-114 2.933445e-113 1.093049e-035 
5.505835e-175 2.946362e-154 3.399884e-115 3.499417e-114 2.848742e-036 
4.348239e-178 2.509570e-158 5.178361e-119 4.463499e-118 5.438665e-038 
1.333602e-180 1.354952e-159 3.612714e-120 4.769681e-119 1.417443e-038 
4.090150e-183 7.315573e-161 2.520430e-121 4.620260e-120 3.694189e-039 
3.167477e-186 1.326413e-165 4.618182e-152 1.483077e-150 3.284595e-042 
2.452945e-189 2.404967e-170 8.461891e-183 4.458715e-181 2.920414e-045 
4.701980e-195 4.056308e-176 4.205089e-175 2.303737e-186 1.080198e-046 
9.013090e-201 6.841523e-182 2.081697e-180 6.512092e-180 3.995418e-048 
2.764309e-203 3.693833e-183 1.708012e-181 1.024935e-180 1.041299e-048 
2.183116e-206 3.146231e-187 2.902878e-185 1.527897e-184 1.987992e-050 
1.724118e-209 2.679809e-191 4.678093e-189 2.388154e-188 3.795368e-052 
1.361624e-212 2.282533e-195 7.343865e-193 3.776374e-192 7.245911e-054 
1.934190e-216 1.636216e-198 1.332111e-195 2.481335e-194 2.464238e-055 
1.527528e-219 1.393650e-202 2.042289e-199 2.830854e-198 4.704590e-057 
1.206367e-222 1.187045e-206 3.121981e-203 3.391449e-202 8.981750e-059 



P(O|lamda) = 2.011041e-094

4.631579e-004 0.000000e+000 0.000000e+000 0.000000e+000 0.000000e+000 
6.762758e-091 2.923684e-008 0.000000e+000 0.000000e+000 0.000000e+000 
4.036621e-205 7.693909e-040 7.197745e-011 0.000000e+000 0.000000e+000 
1.060143e-292 1.021877e-044 1.490076e-015 5.396309e-014 0.000000e+000 
0.000000e+000 1.357221e-049 3.084754e-020 6.230292e-018 3.606902e-015 
0.000000e+000 1.802612e-054 6.386053e-025 6.134641e-022 2.747763e-016 
0.000000e+000 1.803245e-057 5.169418e-028 1.126741e-024 3.580664e-018 
0.000000e+000 5.635141e-065 1.957632e-035 1.285740e-031 6.622049e-021 
0.000000e+000 5.637122e-068 1.584675e-038 2.345029e-034 8.629305e-023 
0.000000e+000 5.639103e-071 1.282772e-041 4.274180e-037 1.124499e-024 
0.000000e+000 5.641086e-074 1.038385e-044 7.788041e-040 1.465354e-026 
0.000000e+000 1.484497e-105 1.059103e-048 2.391075e-045 1.899442e-028 
0.000000e+000 1.485019e-108 8.573285e-052 4.371042e-048 2.475195e-030 
0.000000e+000 4.988734e-115 3.645373e-083 5.588808e-079 1.100378e-034 
0.000000e+000 4.990488e-118 2.950877e-086 1.018628e-081 1.433922e-036 
0.000000e+000 4.992242e-121 2.388693e-089 1.856041e-084 1.868568e-038 
0.000000e+000 4.993997e-124 1.933612e-092 3.381458e-087 2.434963e-040 
0.000000e+000 4.995752e-127 1.565231e-095 6.160217e-090 3.173041e-042 
0.000000e+000 6.635178e-132 3.240340e-100 5.837089e-094 2.413582e-043 
0.000000e+000 1.047114e-137 5.726467e-106 1.327345e-099 1.109333e-044 
0.000000e+000 1.652477e-143 1.012006e-111 3.018357e-105 5.098729e-046 
0.000000e+000 5.551290e-150 4.303063e-143 3.853297e-136 2.266703e-050 
0.000000e+000 5.553241e-153 3.483279e-146 7.019484e-139 2.953779e-052 
0.000000e+000 5.555193e-156 2.819675e-149 1.278727e-141 3.849120e-054 
0.000000e+000 5.557145e-159 2.282497e-152 2.329432e-144 5.015853e-056 
0.000000e+000 5.559099e-162 1.847660e-155 4.243483e-147 6.536243e-058 
0.000000e+000 5.561053e-165 1.495665e-158 7.730272e-150 8.517490e-060 
0.000000e+000 1.463436e-196 1.525519e-162 2.373089e-155 1.104066e-061 
0.000000e+000 1.463950e-199 1.234886e-165 4.323013e-158 1.438727e-063 
0.000000e+000 1.464465e-202 9.996224e-169 7.875153e-161 1.874830e-065 
0.000000e+000 2.311108e-208 1.766576e-174 1.790789e-166 8.617114e-067 
0.000000e+000 2.311920e-211 1.430018e-177 3.262247e-169 1.122911e-068 
0.000000e+000 2.312733e-214 1.157579e-180 5.942773e-172 1.463284e-070 
0.000000e+000 7.769338e-221 4.922041e-212 7.586648e-203 6.505209e-075 
0.000000e+000 2.610012e-227 2.092859e-243 9.685246e-234 2.891971e-079 
0.000000e+000 8.156287e-235 2.385714e-233 1.101200e-240 5.348385e-082 
0.000000e+000 2.548840e-242 1.648993e-240 2.146261e-239 9.891255e-085 
0.000000e+000 2.549736e-245 1.832846e-243 6.286643e-242 1.288946e-086 
0.000000e+000 4.023802e-251 4.326706e-249 1.759343e-247 5.924269e-088 
0.000000e+000 6.350062e-257 9.362743e-255 4.779187e-253 2.722919e-089 
0.000000e+000 1.002119e-262 1.925494e-260 1.255235e-258 1.251511e-090 
0.000000e+000 1.330979e-267 4.486901e-265 1.333727e-262 9.519650e-092 
0.000000e+000 2.100451e-273 8.497189e-271 3.113592e-268 4.375432e-093 
0.000000e+000 3.314773e-279 1.591257e-276 7.233114e-274 2.011041e-094 



P(O|lamda) = 8.059715e-117

1.911160e-001 0.000000e+000 0.000000e+000 0.000000e+000 0.000000e+000 
2.885187e-002 5.281184e-097 0.000000e+000 0.000000e+000 0.000000e+000 
1.875371e-004 2.659014e-122 1.333499e-101 0.000000e+000 0.000000e+000 
3.584134e-005 4.361460e-099 2.733673e-106 1.041838e-106 0.000000e+000 
6.849854e-006 8.336374e-100 2.235249e-104 5.391640e-111 7.924764e-110 
1.309117e-006 1.593214e-100 4.272850e-105 1.746359e-109 3.055007e-112 
6.545584e-010 2.293360e-099 3.193093e-104 6.419137e-109 2.295615e-113 
2.045495e-016 1.504852e-106 2.150145e-107 2.993766e-112 1.187362e-113 
1.022747e-019 5.991585e-109 4.739203e-110 3.229832e-111 4.674862e-116 
5.113737e-023 1.138139e-111 1.580583e-112 9.059143e-114 4.209152e-115 
2.556869e-026 1.911238e-114 3.547770e-115 2.918431e-116 1.454763e-117 
1.661965e-028 1.633028e-144 8.409123e-119 1.193520e-121 4.725826e-120 
8.309823e-032 2.911168e-121 6.740645e-122 1.270274e-122 3.094704e-123 
1.049115e-035 2.053566e-127 1.180511e-151 2.488788e-152 1.252611e-128 
5.245576e-039 1.870544e-128 4.115281e-131 3.268528e-155 8.161489e-132 
2.622788e-042 3.912759e-131 3.781497e-132 6.181410e-135 5.317687e-135 
1.311394e-045 6.722034e-134 1.087224e-134 5.717185e-136 4.270294e-138 
6.556970e-049 1.098874e-136 2.218579e-137 1.976582e-138 7.728394e-140 
1.253142e-049 2.350426e-141 1.017982e-141 2.351041e-142 1.797423e-141 
1.891808e-050 3.522205e-145 2.809780e-147 3.671997e-148 4.238727e-144 
2.855972e-051 5.227798e-146 1.590136e-151 8.022334e-154 9.741213e-147 
3.605665e-055 1.680013e-147 1.100603e-176 3.415212e-182 2.165288e-152 
1.802832e-058 6.342726e-148 3.366692e-151 1.653195e-180 1.410812e-155 
9.014161e-062 1.330985e-150 1.273761e-151 5.056982e-155 9.192263e-159 
4.507081e-065 2.288220e-153 3.688281e-154 1.916307e-155 6.595827e-159 
2.253540e-068 3.741387e-156 7.541998e-157 6.691394e-158 2.501469e-159 
1.126770e-071 6.027797e-159 1.354319e-159 1.534891e-160 1.034952e-161 
7.324006e-074 5.086426e-189 2.889881e-163 4.982197e-166 2.660348e-164 
3.662003e-077 1.282904e-166 2.316491e-166 4.370716e-167 1.739864e-167 
1.831002e-080 2.694820e-169 2.113960e-169 6.105551e-170 1.703179e-170 
2.764175e-081 7.310389e-175 4.878413e-175 8.542837e-176 6.720325e-173 
1.382088e-084 4.843017e-174 5.375452e-178 1.246043e-178 4.379798e-176 
6.910438e-088 1.017247e-176 9.709560e-178 1.556081e-181 2.855318e-179 
8.724428e-092 5.874202e-183 2.959222e-207 2.045429e-208 6.353752e-185 
1.101459e-095 5.447758e-188 1.236675e-213 7.952411e-238 1.412320e-190 
3.442059e-102 6.054378e-193 5.107273e-196 1.159382e-221 1.305966e-194 
1.075644e-108 2.186200e-199 5.695132e-201 4.788069e-204 1.207621e-198 
5.378218e-112 2.234058e-201 4.837589e-203 8.583213e-205 7.868363e-202 
8.119237e-113 7.127181e-207 1.062058e-207 9.714221e-210 1.808628e-204 
1.225722e-113 2.243801e-208 4.976744e-213 2.064216e-214 4.156423e-207 
1.850414e-114 3.387144e-209 9.817501e-215 1.087956e-219 9.551900e-210 
3.536437e-115 4.303490e-209 1.735931e-214 7.670569e-220 3.632838e-212 
5.338790e-116 9.773465e-211 1.882807e-215 3.254929e-221 8.348646e-215 
8.059715e-117 1.475314e-211 4.276220e-217 3.530288e-222 1.918608e-217 



P(O|lamda) = 1.665759e-059

7.205580e-002 0.000000e+000 0.000000e+000 0.000000e+000 0.000000e+000 
1.247703e-004 1.080274e-008 0.000000e+000 0.000000e+000 0.000000e+000 
3.139534e-007 5.926613e-006 5.185970e-010 0.000000e+000 0.000000e+000 
1.131108e-009 7.109931e-013 7.289781e-012 9.412805e-016 0.000000e+000 
4.075145e-012 1.427220e-015 1.535146e-018 1.323188e-017 1.268781e-016 
1.468189e-014 5.141914e-018 1.755620e-021 1.055710e-023 2.623887e-017 
3.077080e-018 1.395291e-018 2.473078e-022 6.138246e-026 2.603422e-018 
7.692703e-021 2.979038e-019 1.339497e-019 3.447511e-023 7.403810e-020 
1.612262e-024 1.923099e-024 1.480241e-023 4.674634e-024 7.348454e-021 
3.379034e-028 1.609140e-028 1.449449e-028 5.693177e-028 7.294381e-022 
7.081892e-032 3.275600e-032 8.252815e-033 1.148592e-032 7.237490e-023 
1.781981e-034 3.429411e-033 1.601676e-033 5.561297e-034 7.258768e-024 
3.734736e-038 3.065725e-038 1.706140e-037 6.217042e-038 7.202151e-025 
1.178776e-044 1.233102e-045 4.368272e-068 1.865677e-067 2.989033e-027 
2.470518e-048 1.125165e-048 5.930633e-050 3.630810e-072 2.965719e-028 
5.177795e-052 2.392841e-052 5.432527e-053 2.069525e-054 2.942587e-029 
1.085180e-055 5.016384e-056 1.170093e-056 1.919075e-057 2.919635e-030 
2.274356e-059 1.051356e-059 2.454105e-060 4.299778e-061 2.896863e-031 
8.194026e-062 2.925536e-065 1.315408e-065 4.706843e-066 5.583601e-032 
1.418861e-064 1.228482e-068 3.173575e-072 6.393234e-073 1.133617e-032 
2.456870e-067 2.127190e-071 1.289931e-075 1.472500e-079 2.301540e-033 
7.754496e-074 7.840899e-075 2.149592e-101 1.261830e-105 9.551838e-036 
1.625213e-077 7.400739e-078 3.771100e-079 7.501256e-106 9.477336e-037 
3.406177e-081 1.574110e-081 3.572767e-082 1.315945e-083 9.403414e-038 
7.138779e-085 3.299993e-085 7.697322e-086 1.261594e-086 9.330070e-039 
1.496169e-088 6.916273e-089 1.614416e-089 2.828463e-090 9.257297e-040 
3.135722e-092 1.449536e-092 3.383607e-093 5.952941e-094 9.185092e-041 
7.890259e-095 1.518458e-093 7.078327e-094 1.661637e-094 9.212096e-042 
1.653667e-098 1.357436e-098 7.553887e-098 2.657630e-098 9.140244e-043 
3.465811e-102 1.625853e-102 9.205372e-103 2.936033e-102 9.068952e-044 
6.001327e-105 5.298640e-109 1.778360e-109 8.147857e-110 1.841235e-044 
1.257778e-108 5.703288e-109 2.611411e-113 7.125629e-114 1.826874e-045 
2.636094e-112 1.218131e-112 2.743020e-113 9.917188e-118 1.812624e-046 
8.320170e-119 8.576532e-120 1.251377e-142 2.683196e-143 7.522742e-049 
2.626054e-125 2.666829e-126 8.666815e-150 1.308992e-172 3.122084e-051 
6.565137e-128 2.505418e-126 2.560156e-127 1.208071e-150 8.878820e-053 
1.641285e-130 1.625855e-128 2.423310e-127 3.568612e-128 2.525026e-054 
3.439860e-134 8.065480e-134 1.640669e-132 8.859186e-132 2.505332e-055 
5.956391e-137 5.666236e-141 2.116121e-140 1.963280e-139 5.086479e-056 
1.031396e-139 8.929969e-144 7.586609e-148 3.688817e-147 1.032689e-056 
1.785945e-142 1.546295e-146 9.376526e-151 8.503705e-155 2.096628e-057 
6.434384e-145 2.253435e-148 1.901951e-152 1.701938e-156 4.041178e-058 
1.114165e-147 9.646692e-152 2.366121e-155 8.285044e-160 8.204650e-059 
1.929265e-150 1.670383e-154 1.012921e-158 1.030682e-162 1.665759e-059 



P(O|lamda) = 2.667047e-087

3.602790e-003 0.000000e+000 0.000000e+000 0.000000e+000 0.000000e+000 
6.238519e-007 2.558544e-011 0.000000e+000 0.000000e+000 0.000000e+000 
1.569767e-010 2.947711e-008 1.235784e-012 0.000000e+000 0.000000e+000 
5.655542e-014 1.659838e-016 1.737314e-015 1.110319e-019 0.000000e+000 
2.037573e-017 3.381051e-021 1.868640e-023 1.560946e-022 2.653888e-021 
7.340948e-021 1.217822e-024 1.993665e-028 3.934683e-030 7.818101e-023 
1.538540e-025 3.304637e-026 2.806589e-030 9.200315e-030 2.188599e-024 
3.846352e-029 7.055616e-028 1.520144e-028 2.957607e-032 3.112064e-027 
8.061311e-034 4.554706e-034 1.656475e-033 6.993145e-030 8.711982e-029 
1.689516e-038 3.811118e-039 1.381614e-039 5.181857e-032 2.605630e-030 
3.540944e-043 7.757994e-044 9.059836e-045 3.834064e-034 7.417796e-032 
8.909900e-047 1.705679e-044 3.785186e-045 1.418363e-037 1.267413e-033 
1.867366e-051 7.226203e-051 4.006702e-050 1.049449e-039 3.548335e-035 
5.893874e-059 3.793955e-060 1.037208e-080 1.634652e-070 1.013285e-037 
1.235258e-063 2.668357e-064 8.743412e-066 1.209481e-072 2.836591e-039 
2.588894e-068 5.667386e-069 6.166922e-070 4.022121e-067 7.940754e-041 
5.425889e-073 1.188089e-073 1.318444e-074 3.004341e-069 2.222935e-042 
1.137176e-077 2.490049e-078 2.764449e-079 2.222977e-071 6.222883e-044 
4.097005e-081 6.928889e-085 1.481740e-085 3.212476e-079 1.745717e-045 
7.094292e-085 2.909558e-089 3.550923e-093 1.114140e-088 1.089441e-046 
1.228433e-088 5.038074e-093 1.463887e-097 3.864779e-098 6.798825e-048 
3.877243e-096 1.857053e-097 4.878992e-123 1.477858e-127 1.941468e-050 
8.126054e-101 1.752804e-101 4.279698e-103 2.244431e-124 5.434944e-052 
1.703085e-105 3.728147e-106 4.048025e-107 1.968735e-104 1.521458e-053 
3.569382e-110 7.815757e-111 8.672875e-112 1.475291e-106 4.259170e-055 
7.480829e-115 1.638061e-115 1.818571e-116 1.091610e-108 1.192312e-056 
1.567857e-119 3.433102e-120 3.811460e-121 8.076837e-111 3.337759e-058 
3.945120e-123 7.552314e-121 1.674207e-121 2.987923e-114 5.677928e-060 
8.268312e-128 3.199581e-127 1.774030e-126 2.210769e-116 1.589479e-061 
1.732900e-132 5.002331e-133 1.092874e-132 1.635751e-118 4.449588e-063 
3.000655e-136 1.262207e-140 2.994930e-141 5.673040e-128 2.776833e-064 
6.288872e-141 1.350775e-141 2.968855e-146 4.197490e-130 7.773466e-066 
1.318043e-145 2.885038e-146 3.112953e-147 3.105728e-132 2.176104e-067 
4.160072e-153 2.031278e-154 2.820147e-176 4.837572e-163 6.214068e-070 
1.313023e-160 6.316156e-162 1.967133e-184 7.535143e-194 1.774485e-072 
3.282558e-164 5.933867e-163 2.905432e-164 1.357322e-186 2.523207e-075 
8.206399e-168 3.850698e-166 2.741201e-165 2.004748e-166 3.587845e-078 
1.719924e-172 1.910239e-172 1.436746e-171 1.275833e-166 1.004381e-079 
2.978186e-176 1.341999e-180 1.589665e-180 4.425098e-176 6.267994e-081 
5.156968e-180 2.114986e-184 7.447409e-189 1.535036e-185 3.911637e-082 
8.929702e-184 3.662266e-188 1.064106e-192 5.339806e-195 2.441116e-083 
3.217184e-187 5.337068e-191 2.158454e-195 9.568423e-200 6.848110e-085 
5.570812e-191 2.284737e-195 2.685222e-199 4.654199e-204 4.273667e-086 
9.646306e-195 3.956161e-199 1.149520e-203 5.790026e-208 2.667047e-087 



P(O|lamda) = 8.191217e-089

1.801395e-004 0.000000e+000 0.000000e+000 0.000000e+000 0.000000e+000 
3.145356e-091 9.006975e-006 0.000000e+000 0.000000e+000 0.000000e+000 
7.980719e-178 5.895237e-010 2.305393e-008 0.000000e+000 0.000000e+000 
2.899342e-264 4.880743e-020 3.682480e-018 1.097656e-016 0.000000e+000 
0.000000e+000 4.040831e-030 4.465465e-028 9.056833e-026 1.450623e-017 
0.000000e+000 3.345457e-040 4.828485e-038 6.238787e-035 2.219532e-018 
0.000000e+000 2.086129e-048 1.916472e-046 2.137140e-038 2.240668e-020 
0.000000e+000 2.613787e-051 1.703164e-051 1.092049e-042 4.640641e-023 
0.000000e+000 1.629881e-059 3.245277e-058 3.720288e-046 4.684834e-025 
0.000000e+000 1.016346e-067 3.003974e-066 1.267392e-049 4.729448e-027 
0.000000e+000 6.337635e-076 2.179336e-074 4.317627e-053 4.774486e-029 
0.000000e+000 4.148103e-080 3.048584e-078 7.354172e-058 5.658606e-031 
0.000000e+000 2.586635e-088 1.458642e-086 2.505348e-061 5.712493e-033 
0.000000e+000 5.416599e-100 6.483294e-118 3.593541e-092 8.156281e-037 
0.000000e+000 3.377632e-108 6.615025e-107 1.224213e-095 8.233953e-039 
0.000000e+000 2.106192e-116 6.190769e-115 4.170529e-099 8.312365e-041 
0.000000e+000 1.313360e-124 4.505529e-123 1.420775e-102 8.391524e-043 
0.000000e+000 8.189727e-133 3.010992e-131 4.840160e-106 8.471436e-045 
0.000000e+000 6.780382e-143 4.962649e-141 3.220513e-115 1.296175e-045 
0.000000e+000 8.453122e-146 9.492609e-144 2.194184e-117 4.605140e-046 
0.000000e+000 1.053853e-148 1.595564e-146 1.494931e-119 1.636146e-046 
0.000000e+000 2.206844e-160 5.269439e-178 2.144251e-150 2.336084e-050 
0.000000e+000 1.376123e-168 2.695110e-167 7.304825e-154 2.358330e-052 
0.000000e+000 8.581101e-177 2.522258e-175 2.488537e-157 2.380789e-054 
0.000000e+000 5.350923e-185 1.835654e-183 8.477706e-161 2.403461e-056 
0.000000e+000 3.336679e-193 1.226746e-191 2.888103e-164 2.426349e-058 
0.000000e+000 2.080655e-201 7.905975e-200 9.838909e-168 2.449455e-060 
0.000000e+000 1.361828e-205 1.050021e-203 1.675852e-172 2.903036e-062 
0.000000e+000 8.491962e-214 4.942288e-212 5.709129e-176 2.930681e-064 
0.000000e+000 5.295339e-222 2.580529e-220 1.944931e-179 2.958590e-066 
0.000000e+000 6.601714e-225 5.798805e-223 1.325111e-181 1.051148e-066 
0.000000e+000 4.116636e-233 2.617167e-231 4.514258e-185 1.061158e-068 
0.000000e+000 2.567013e-241 1.320070e-239 1.537874e-188 1.071263e-070 
0.000000e+000 5.375509e-253 6.099453e-271 2.205846e-219 1.529547e-074 
0.000000e+000 1.125670e-264 5.517345e-283 3.163951e-250 2.183882e-078 
0.000000e+000 1.410393e-267 2.744006e-268 1.616735e-254 4.523032e-081 
0.000000e+000 1.767133e-270 3.455171e-271 8.261295e-259 9.367638e-084 
0.000000e+000 1.101932e-278 2.168903e-277 2.814378e-262 9.456846e-086 
0.000000e+000 1.373782e-281 8.076261e-280 1.917478e-264 3.359893e-086 
0.000000e+000 1.712699e-284 1.676634e-282 1.306406e-266 1.193725e-086 
0.000000e+000 2.135227e-287 2.925262e-285 8.900743e-269 4.241149e-087 
0.000000e+000 1.767782e-297 3.003203e-295 5.922317e-278 6.489187e-088 
0.000000e+000 2.203899e-300 4.605954e-298 4.034963e-280 2.305523e-088 
0.000000e+000 2.747607e-303 6.816729e-301 2.749081e-282 8.191217e-089 



Max probability = 1.611584e-032

Utterance recognised as 2