21	21	13	13	23	9	5	7	7	7	9	7	7	7	10	9	9	9	10	26	26	10	10	10	10	10	10	10	26	26	10	14	26	26	10	26	6	28	12	
Iteraion 1
-----------------

P(O|lamda) = 1.991365e-059

3.125000e-002 0.000000e+000 0.000000e+000 0.000000e+000 0.000000e+000 
7.812500e-004 1.953125e-004 0.000000e+000 0.000000e+000 0.000000e+000 
1.953125e-005 9.765625e-006 1.220703e-006 0.000000e+000 0.000000e+000 
4.882813e-007 3.662109e-007 9.155273e-008 7.629395e-009 0.000000e+000 
1.220703e-008 1.220703e-008 4.577637e-009 7.629395e-010 4.768372e-011 
3.051758e-010 3.814697e-010 1.907349e-010 4.768372e-011 6.258488e-012 
7.629395e-012 1.144409e-011 7.152557e-012 2.384186e-012 4.936010e-013 
1.907349e-013 3.337860e-013 2.503395e-013 1.043081e-013 3.032619e-014 
4.768372e-015 9.536743e-015 8.344650e-015 4.172325e-015 1.599619e-015 
1.192093e-016 2.682209e-016 2.682209e-016 1.564622e-016 7.606513e-017 
2.980232e-018 7.450581e-018 8.381903e-018 5.587935e-018 3.354924e-018 
7.450581e-020 2.048910e-019 2.561137e-019 1.920853e-019 1.397660e-019 
1.862645e-021 5.587935e-021 7.683411e-021 6.402843e-021 5.568220e-021 
4.656613e-023 1.513399e-022 2.270099e-022 2.080924e-022 2.140246e-022 
1.164153e-024 4.074536e-024 6.621121e-024 6.621121e-024 7.988847e-024 
2.910383e-026 1.091394e-025 1.909939e-025 2.069100e-025 2.910335e-025 
7.275958e-028 2.910383e-027 5.456968e-027 6.366463e-027 1.038798e-026 
1.818989e-029 7.730705e-029 1.546141e-028 1.932676e-028 3.644149e-028 
4.547474e-031 2.046363e-030 4.348522e-030 5.798029e-030 1.259589e-029 
1.136868e-032 5.400125e-032 1.215028e-031 1.721290e-031 4.298592e-031 
2.842171e-034 1.421085e-033 3.375078e-033 5.062617e-033 1.450891e-032 
7.105427e-036 3.730349e-035 9.325873e-035 1.476597e-034 4.850447e-034 
1.776357e-037 9.769963e-037 2.564615e-036 4.274359e-036 1.608052e-035 
4.440892e-039 2.553513e-038 7.022161e-038 1.228878e-037 5.292309e-037 
1.110223e-040 6.661338e-040 1.915135e-039 3.511080e-039 1.730652e-038 
2.775558e-042 1.734723e-041 5.204170e-041 9.974660e-041 5.627729e-040 
6.938894e-044 4.510281e-043 1.409463e-042 2.818926e-042 1.821007e-041 
1.734723e-045 1.170938e-044 3.805550e-044 7.928228e-044 5.866829e-043 
4.336809e-047 3.035766e-046 1.024571e-045 2.219904e-045 1.882936e-044 
1.084202e-048 7.860466e-048 2.751163e-047 6.190117e-047 6.022918e-046 
2.710505e-050 2.032879e-049 7.369187e-049 1.719477e-048 1.920850e-047 
6.776264e-052 5.251604e-051 1.969352e-050 4.759266e-050 6.110124e-049 
1.694066e-053 1.355253e-052 5.251604e-052 1.312901e-051 1.939159e-050 
4.235165e-055 3.494011e-054 1.397604e-053 3.610478e-053 6.141928e-052 
1.058791e-056 8.999725e-056 3.712387e-055 9.899698e-055 1.941918e-053 
2.646978e-058 2.316106e-057 9.843449e-057 2.706949e-056 6.130367e-055 
6.617445e-060 5.955700e-059 2.605619e-058 7.382587e-058 1.932658e-056 
1.654361e-061 1.530284e-060 6.886279e-060 2.008498e-059 6.085698e-058 
4.135903e-063 3.929108e-062 1.817212e-061 5.451637e-061 1.914334e-059 


6.372368e-058 6.372368e-058 6.372368e-058 6.372368e-058 6.372368e-058 
2.039158e-056 2.039158e-056 2.039158e-056 2.039158e-056 2.039158e-056 
6.525304e-055 6.525304e-055 6.525304e-055 6.525304e-055 6.525304e-055 
2.088097e-053 2.088097e-053 2.088097e-053 2.088097e-053 2.088097e-053 
6.681912e-052 6.681912e-052 6.681912e-052 6.681912e-052 6.681912e-052 
2.138212e-050 2.138212e-050 2.138212e-050 2.138212e-050 2.138212e-050 
6.842278e-049 6.842278e-049 6.842278e-049 6.842278e-049 6.842278e-049 
2.189529e-047 2.189529e-047 2.189529e-047 2.189529e-047 2.189529e-047 
7.006492e-046 7.006492e-046 7.006492e-046 7.006492e-046 7.006492e-046 
2.242078e-044 2.242078e-044 2.242078e-044 2.242078e-044 2.242078e-044 
7.174648e-043 7.174648e-043 7.174648e-043 7.174648e-043 7.174648e-043 
2.295887e-041 2.295887e-041 2.295887e-041 2.295887e-041 2.295887e-041 
7.346840e-040 7.346840e-040 7.346840e-040 7.346840e-040 7.346840e-040 
2.350989e-038 2.350989e-038 2.350989e-038 2.350989e-038 2.350989e-038 
7.523164e-037 7.523164e-037 7.523164e-037 7.523164e-037 7.523164e-037 
2.407412e-035 2.407412e-035 2.407412e-035 2.407412e-035 2.407412e-035 
7.703720e-034 7.703720e-034 7.703720e-034 7.703720e-034 7.703720e-034 
2.465190e-032 2.465190e-032 2.465190e-032 2.465190e-032 2.465190e-032 
7.888609e-031 7.888609e-031 7.888609e-031 7.888609e-031 7.888609e-031 
2.524355e-029 2.524355e-029 2.524355e-029 2.524355e-029 2.524355e-029 
8.077936e-028 8.077936e-028 8.077936e-028 8.077936e-028 8.077936e-028 
2.584939e-026 2.584939e-026 2.584939e-026 2.584939e-026 2.584939e-026 
8.271806e-025 8.271806e-025 8.271806e-025 8.271806e-025 8.271806e-025 
2.646978e-023 2.646978e-023 2.646978e-023 2.646978e-023 2.646978e-023 
8.470329e-022 8.470329e-022 8.470329e-022 8.470329e-022 8.470329e-022 
2.710505e-020 2.710505e-020 2.710505e-020 2.710505e-020 2.710505e-020 
8.673617e-019 8.673617e-019 8.673617e-019 8.673617e-019 8.673617e-019 
2.775558e-017 2.775558e-017 2.775558e-017 2.775558e-017 2.775558e-017 
8.881784e-016 8.881784e-016 8.881784e-016 8.881784e-016 8.881784e-016 
2.842171e-014 2.842171e-014 2.842171e-014 2.842171e-014 2.842171e-014 
9.094947e-013 9.094947e-013 9.094947e-013 9.094947e-013 9.094947e-013 
2.910383e-011 2.910383e-011 2.910383e-011 2.910383e-011 2.910383e-011 
9.313226e-010 9.313226e-010 9.313226e-010 9.313226e-010 9.313226e-010 
2.980232e-008 2.980232e-008 2.980232e-008 2.980232e-008 2.980232e-008 
9.536743e-007 9.536743e-007 9.536743e-007 9.536743e-007 9.536743e-007 
3.051758e-005 3.051758e-005 3.051758e-005 3.051758e-005 3.051758e-005 
9.765625e-004 9.765625e-004 9.765625e-004 9.765625e-004 9.765625e-004 
3.125000e-002 3.125000e-002 3.125000e-002 3.125000e-002 3.125000e-002 
1.000000e+000 1.000000e+000 1.000000e+000 1.000000e+000 1.000000e+000 


1.000000e+000 0.000000e+000 0.000000e+000 0.000000e+000 0.000000e+000 
8.000000e-001 2.000000e-001 0.000000e+000 0.000000e+000 0.000000e+000 
6.400000e-001 3.200000e-001 4.000000e-002 0.000000e+000 0.000000e+000 
5.120000e-001 3.840000e-001 9.600000e-002 8.000000e-003 0.000000e+000 
4.096000e-001 4.096000e-001 1.536000e-001 2.560000e-002 1.600000e-003 
3.276800e-001 4.096000e-001 2.048000e-001 5.120000e-002 6.720000e-003 
2.621440e-001 3.932160e-001 2.457600e-001 8.192000e-002 1.696000e-002 
2.097152e-001 3.670016e-001 2.752512e-001 1.146880e-001 3.334400e-002 
1.677722e-001 3.355443e-001 2.936013e-001 1.468006e-001 5.628160e-002 
1.342177e-001 3.019899e-001 3.019899e-001 1.761608e-001 8.564173e-002 
1.073742e-001 2.684355e-001 3.019899e-001 2.013266e-001 1.208739e-001 
8.589935e-002 2.362232e-001 2.952790e-001 2.214593e-001 1.611392e-001 
6.871948e-002 2.061584e-001 2.834678e-001 2.362232e-001 2.054311e-001 
5.497558e-002 1.786706e-001 2.680060e-001 2.456721e-001 2.526757e-001 
4.398047e-002 1.539316e-001 2.501389e-001 2.501389e-001 3.018101e-001 
3.518437e-002 1.319414e-001 2.308974e-001 2.501389e-001 3.518379e-001 
2.814750e-002 1.125900e-001 2.111062e-001 2.462906e-001 4.018657e-001 
2.251800e-002 9.570149e-002 1.914030e-001 2.392537e-001 4.511238e-001 
1.801440e-002 8.106479e-002 1.722627e-001 2.296836e-001 4.989745e-001 
1.441152e-002 6.845471e-002 1.540231e-001 2.181994e-001 5.449113e-001 
1.152922e-002 5.764608e-002 1.369094e-001 2.053641e-001 5.885511e-001 
9.223372e-003 4.842270e-002 1.210568e-001 1.916732e-001 6.296240e-001 
7.378698e-003 4.058284e-002 1.065299e-001 1.775499e-001 6.679586e-001 
5.902958e-003 3.394201e-002 9.334053e-002 1.633459e-001 7.034686e-001 
4.722366e-003 2.833420e-002 8.146082e-002 1.493448e-001 7.361378e-001 
3.777893e-003 2.361183e-002 7.083550e-002 1.357680e-001 7.660067e-001 
3.022315e-003 1.964504e-002 6.139076e-002 1.227815e-001 7.931603e-001 
2.417852e-003 1.632050e-002 5.304162e-002 1.105034e-001 8.177167e-001 
1.934281e-003 1.353997e-002 4.569740e-002 9.901102e-002 8.398173e-001 
1.547425e-003 1.121883e-002 3.926591e-002 8.834830e-002 8.596195e-001 
1.237940e-003 9.284550e-003 3.365649e-002 7.853182e-002 8.772892e-001 
9.903520e-004 7.675228e-003 2.878211e-002 6.955676e-002 8.929956e-001 
7.922816e-004 6.338253e-003 2.456073e-002 6.140183e-002 9.069069e-001 
6.338253e-004 5.229059e-003 2.091623e-002 5.403361e-002 9.191873e-001 
5.070602e-004 4.310012e-003 1.777880e-002 4.741013e-002 9.299940e-001 
4.056482e-004 3.549422e-003 1.508504e-002 4.148387e-002 9.394760e-001 
3.245186e-004 2.920667e-003 1.277792e-002 3.620410e-002 9.477728e-001 
2.596148e-004 2.401437e-003 1.080647e-002 3.151886e-002 9.550136e-001 
2.076919e-004 1.973073e-003 9.125462e-003 2.737639e-002 9.613174e-001 



Q star

------------
1  2  3  4  5  5  5  5  5  5  5  5  5  5  5  5  5  5  5  5  5  5  5  5  5  5  5  5  5  5  5  5  5  5  5  5  5  5  5  
------------

P star

-----------
3.186184e-062

A Martrix

8.000000e-001 2.000000e-001 0.000000e+000 0.000000e+000 0.000000e+000 
0.000000e+000 8.000000e-001 2.000000e-001 0.000000e+000 0.000000e+000 
0.000000e+000 0.000000e+000 8.000000e-001 2.000000e-001 0.000000e+000 
0.000000e+000 0.000000e+000 0.000000e+000 8.000000e-001 2.000000e-001 
0.000000e+000 0.000000e+000 0.000000e+000 0.000000e+000 1.000000e+000 

B Martrix

1.000000e-030 1.000000e-030 1.000000e-030 1.000000e-030 1.000000e-030 1.000000e-030 1.000000e-030 1.000000e-030 1.000000e-030 1.000000e-030 1.000000e-030 1.000000e-030 1.000000e-030 1.000000e-030 1.000000e-030 1.000000e-030 1.000000e-030 1.000000e-030 1.000000e-030 1.000000e-030 1.000000e+000 1.000000e-030 1.000000e-030 1.000000e-030 1.000000e-030 1.000000e-030 1.000000e-030 1.000000e-030 1.000000e-030 1.000000e-030 1.000000e-030 1.000000e-030 
1.000000e-030 1.000000e-030 1.000000e-030 1.000000e-030 1.000000e-030 1.000000e-030 1.000000e-030 1.000000e-030 1.000000e-030 1.000000e-030 1.000000e-030 1.000000e-030 1.000000e-030 1.000000e-030 1.000000e-030 1.000000e-030 1.000000e-030 1.000000e-030 1.000000e-030 1.000000e-030 1.000000e+000 1.000000e-030 1.000000e-030 1.000000e-030 1.000000e-030 1.000000e-030 1.000000e-030 1.000000e-030 1.000000e-030 1.000000e-030 1.000000e-030 1.000000e-030 
1.000000e-030 1.000000e-030 1.000000e-030 1.000000e-030 1.000000e-030 1.000000e-030 1.000000e-030 1.000000e-030 1.000000e-030 1.000000e-030 1.000000e-030 1.000000e-030 1.000000e+000 1.000000e-030 1.000000e-030 1.000000e-030 1.000000e-030 1.000000e-030 1.000000e-030 1.000000e-030 1.000000e-030 1.000000e-030 1.000000e-030 1.000000e-030 1.000000e-030 1.000000e-030 1.000000e-030 1.000000e-030 1.000000e-030 1.000000e-030 1.000000e-030 1.000000e-030 
1.000000e-030 1.000000e-030 1.000000e-030 1.000000e-030 1.000000e-030 1.000000e-030 1.000000e-030 1.000000e-030 1.000000e-030 1.000000e-030 1.000000e-030 1.000000e-030 1.000000e+000 1.000000e-030 1.000000e-030 1.000000e-030 1.000000e-030 1.000000e-030 1.000000e-030 1.000000e-030 1.000000e-030 1.000000e-030 1.000000e-030 1.000000e-030 1.000000e-030 1.000000e-030 1.000000e-030 1.000000e-030 1.000000e-030 1.000000e-030 1.000000e-030 1.000000e-030 
1.000000e-030 1.000000e-030 1.000000e-030 1.000000e-030 8.822671e-004 4.930358e-002 4.133095e-002 1.000000e-030 6.931317e-002 4.017093e-001 1.000000e-030 5.000818e-002 1.000000e-030 4.645404e-002 1.000000e-030 1.000000e-030 1.000000e-030 1.000000e-030 1.000000e-030 1.000000e-030 1.000000e-030 1.000000e-030 8.323274e-005 1.000000e-030 1.000000e-030 2.912350e-001 1.000000e-030 4.968025e-002 1.000000e-030 1.000000e-030 1.000000e-030 1.000000e-030 
Iteraion 2
-----------------

P(O|lamda) = 4.164935e-038

1.000000e+000 0.000000e+000 0.000000e+000 0.000000e+000 0.000000e+000 
8.000000e-001 2.000000e-001 0.000000e+000 0.000000e+000 0.000000e+000 
6.400000e-031 3.200000e-031 4.000000e-002 0.000000e+000 0.000000e+000 
5.120000e-061 3.840000e-061 3.200000e-002 8.000000e-003 0.000000e+000 
4.096000e-091 4.096000e-091 2.560000e-032 1.280000e-032 1.331724e-007 
3.276800e-121 4.096000e-121 2.048000e-062 1.536000e-062 9.230601e-009 
2.621440e-151 3.932160e-151 1.638400e-092 1.638400e-092 8.143855e-012 
2.097152e-181 3.670016e-181 1.310720e-122 1.638400e-122 3.365933e-013 
1.677722e-211 3.355443e-211 1.048576e-152 1.572864e-152 1.391172e-014 
1.342177e-241 3.019899e-241 8.388608e-183 1.468006e-182 5.749846e-016 
1.073742e-271 2.684355e-271 6.710886e-213 1.342177e-212 3.985401e-017 
8.589935e-302 2.362232e-301 5.368709e-243 1.207960e-242 1.647204e-018 
0.000000e+000 0.000000e+000 4.294967e-273 1.073742e-272 6.808050e-020 
0.000000e+000 0.000000e+000 3.435974e-303 9.448928e-303 2.813832e-021 
0.000000e+000 0.000000e+000 0.000000e+000 0.000000e+000 1.130342e-021 
0.000000e+000 0.000000e+000 0.000000e+000 0.000000e+000 7.834762e-023 
0.000000e+000 0.000000e+000 0.000000e+000 0.000000e+000 5.430522e-024 
0.000000e+000 0.000000e+000 0.000000e+000 0.000000e+000 3.764067e-025 
0.000000e+000 0.000000e+000 0.000000e+000 0.000000e+000 1.512061e-025 
0.000000e+000 0.000000e+000 0.000000e+000 0.000000e+000 4.403651e-026 
0.000000e+000 0.000000e+000 0.000000e+000 0.000000e+000 1.282497e-026 
0.000000e+000 0.000000e+000 0.000000e+000 0.000000e+000 5.151911e-027 
0.000000e+000 0.000000e+000 0.000000e+000 0.000000e+000 2.069571e-027 
0.000000e+000 0.000000e+000 0.000000e+000 0.000000e+000 8.313659e-028 
0.000000e+000 0.000000e+000 0.000000e+000 0.000000e+000 3.339674e-028 
0.000000e+000 0.000000e+000 0.000000e+000 0.000000e+000 1.341578e-028 
0.000000e+000 0.000000e+000 0.000000e+000 0.000000e+000 5.389246e-029 
0.000000e+000 0.000000e+000 0.000000e+000 0.000000e+000 2.164910e-029 
0.000000e+000 0.000000e+000 0.000000e+000 0.000000e+000 6.304976e-030 
0.000000e+000 0.000000e+000 0.000000e+000 0.000000e+000 1.836230e-030 
0.000000e+000 0.000000e+000 0.000000e+000 0.000000e+000 7.376306e-031 
0.000000e+000 0.000000e+000 0.000000e+000 0.000000e+000 3.426592e-032 
0.000000e+000 0.000000e+000 0.000000e+000 0.000000e+000 9.979436e-033 
0.000000e+000 0.000000e+000 0.000000e+000 0.000000e+000 2.906361e-033 
0.000000e+000 0.000000e+000 0.000000e+000 0.000000e+000 1.167512e-033 
0.000000e+000 0.000000e+000 0.000000e+000 0.000000e+000 3.400204e-034 
0.000000e+000 0.000000e+000 0.000000e+000 0.000000e+000 1.676422e-035 
0.000000e+000 0.000000e+000 0.000000e+000 0.000000e+000 8.328509e-037 
0.000000e+000 0.000000e+000 0.000000e+000 0.000000e+000 4.164935e-038 


4.164935e-038 1.665974e-037 1.999169e-066 2.665559e-066 2.603085e-125 
5.003963e-094 2.082468e-037 1.665974e-036 3.331948e-036 2.603085e-095 
7.219353e-123 2.501981e-063 1.041234e-036 4.164935e-036 2.603085e-065 
8.182730e-120 3.609677e-092 1.250991e-062 5.206169e-036 2.603085e-035 
1.979807e-118 4.091365e-089 1.804838e-061 6.254953e-032 3.127477e-031 
4.790132e-117 9.899034e-088 2.045682e-058 9.024192e-031 4.512096e-030 
1.158970e-115 2.395066e-086 4.949517e-057 1.022841e-027 5.114206e-027 
1.672077e-114 5.794848e-085 1.197533e-055 2.474759e-026 1.237379e-025 
4.045581e-113 8.360385e-084 2.897424e-054 5.987665e-025 2.993832e-024 
9.788261e-112 2.022791e-082 4.180193e-053 1.448712e-023 7.243560e-023 
2.368264e-110 4.894130e-081 1.011395e-051 2.090096e-022 1.045048e-021 
5.895467e-110 1.184132e-079 2.447065e-050 5.056976e-021 2.528488e-020 
8.505551e-109 2.947733e-079 5.920660e-049 1.223533e-019 6.117663e-019 
1.227119e-107 4.252775e-078 1.473867e-048 2.960330e-018 1.480165e-017 
1.770398e-106 6.135595e-077 2.126388e-047 7.369334e-018 3.684667e-017 
4.407161e-106 8.851989e-076 3.067797e-046 1.063194e-016 5.315969e-016 
1.513266e-105 2.203581e-075 4.425995e-045 1.533899e-015 7.669493e-015 
5.196033e-105 7.566332e-075 1.101790e-044 2.212997e-014 1.106499e-013 
1.293481e-104 2.598016e-074 3.783166e-044 5.508952e-014 2.754476e-013 
3.219942e-104 6.467403e-074 1.299008e-043 1.891583e-013 9.457915e-013 
8.015601e-104 1.609971e-073 3.233702e-043 6.495041e-013 3.247520e-012 
1.995373e-103 4.007800e-073 8.049854e-043 1.616851e-012 8.084254e-012 
4.967207e-103 9.976866e-073 2.003900e-042 4.024927e-012 2.012464e-011 
1.236518e-102 2.483603e-072 4.988433e-042 1.001950e-011 5.009750e-011 
3.078140e-102 6.182588e-072 1.241802e-041 2.494217e-011 1.247108e-010 
1.056927e-101 1.539070e-071 3.091294e-041 6.209008e-011 3.104504e-010 
3.629120e-101 5.284633e-071 7.695350e-041 1.545647e-010 7.728235e-010 
9.034193e-101 1.814560e-070 2.642316e-040 3.847675e-010 1.923837e-009 
1.944759e-099 4.517096e-070 9.072799e-040 1.321158e-009 6.605791e-009 
6.677629e-099 9.723796e-069 2.258548e-039 4.536399e-009 2.268200e-008 
2.292866e-098 3.338814e-068 4.861898e-038 1.129274e-008 5.646370e-008 
5.707775e-098 1.146433e-067 1.669407e-037 2.430949e-007 1.215474e-006 
1.959852e-097 2.853887e-067 5.732166e-037 8.347036e-007 4.173518e-006 
3.975070e-096 9.799260e-067 1.426944e-036 2.866083e-006 1.433041e-005 
8.001308e-095 1.987535e-065 4.899630e-036 7.134718e-006 3.567359e-005 
1.000000e-090 4.000654e-064 9.937675e-035 2.449815e-005 1.224907e-004 
1.000000e-060 1.000000e-060 2.000327e-033 4.968838e-004 2.484419e-003 
1.000000e-030 1.000000e-030 1.000000e-030 1.000164e-002 5.000818e-002 
1.000000e+000 1.000000e+000 1.000000e+000 1.000000e+000 1.000000e+000 


1.000000e+000 0.000000e+000 0.000000e+000 0.000000e+000 0.000000e+000 
9.611602e-057 1.000000e+000 0.000000e+000 0.000000e+000 0.000000e+000 
1.109354e-115 1.922320e-056 1.000000e+000 0.000000e+000 0.000000e+000 
1.005912e-142 3.328061e-115 9.611602e-027 1.000000e+000 0.000000e+000 
1.947038e-171 4.023647e-142 1.109354e-055 1.922320e-026 1.000000e+000 
3.768679e-200 9.735192e-171 1.005912e-082 3.328061e-055 1.000000e+000 
7.294637e-229 2.261207e-199 1.947038e-111 4.023647e-082 1.000000e+000 
8.419337e-258 5.106246e-228 3.768679e-140 9.735192e-111 1.000000e+000 
1.629643e-286 6.735470e-257 7.294637e-169 2.261207e-139 1.000000e+000 
3.154330e-315 1.466679e-285 8.419337e-198 5.106246e-168 1.000000e+000 
0.000000e+000 3.154330e-314 1.629643e-226 6.735470e-197 1.000000e+000 
0.000000e+000 0.000000e+000 3.154330e-255 1.466679e-225 1.000000e+000 
0.000000e+000 0.000000e+000 6.105507e-284 3.154330e-254 1.000000e+000 
0.000000e+000 0.000000e+000 1.215905e-313 6.716058e-283 1.000000e+000 
0.000000e+000 0.000000e+000 0.000000e+000 0.000000e+000 1.000000e+000 
0.000000e+000 0.000000e+000 0.000000e+000 0.000000e+000 1.000000e+000 
0.000000e+000 0.000000e+000 0.000000e+000 0.000000e+000 1.000000e+000 
0.000000e+000 0.000000e+000 0.000000e+000 0.000000e+000 1.000000e+000 
0.000000e+000 0.000000e+000 0.000000e+000 0.000000e+000 1.000000e+000 
0.000000e+000 0.000000e+000 0.000000e+000 0.000000e+000 1.000000e+000 
0.000000e+000 0.000000e+000 0.000000e+000 0.000000e+000 1.000000e+000 
0.000000e+000 0.000000e+000 0.000000e+000 0.000000e+000 1.000000e+000 
0.000000e+000 0.000000e+000 0.000000e+000 0.000000e+000 1.000000e+000 
0.000000e+000 0.000000e+000 0.000000e+000 0.000000e+000 1.000000e+000 
0.000000e+000 0.000000e+000 0.000000e+000 0.000000e+000 1.000000e+000 
0.000000e+000 0.000000e+000 0.000000e+000 0.000000e+000 1.000000e+000 
0.000000e+000 0.000000e+000 0.000000e+000 0.000000e+000 1.000000e+000 
0.000000e+000 0.000000e+000 0.000000e+000 0.000000e+000 1.000000e+000 
0.000000e+000 0.000000e+000 0.000000e+000 0.000000e+000 1.000000e+000 
0.000000e+000 0.000000e+000 0.000000e+000 0.000000e+000 1.000000e+000 
0.000000e+000 0.000000e+000 0.000000e+000 0.000000e+000 1.000000e+000 
0.000000e+000 0.000000e+000 0.000000e+000 0.000000e+000 1.000000e+000 
0.000000e+000 0.000000e+000 0.000000e+000 0.000000e+000 1.000000e+000 
0.000000e+000 0.000000e+000 0.000000e+000 0.000000e+000 1.000000e+000 
0.000000e+000 0.000000e+000 0.000000e+000 0.000000e+000 1.000000e+000 
0.000000e+000 0.000000e+000 0.000000e+000 0.000000e+000 1.000000e+000 
0.000000e+000 0.000000e+000 0.000000e+000 0.000000e+000 1.000000e+000 
0.000000e+000 0.000000e+000 0.000000e+000 0.000000e+000 1.000000e+000 
0.000000e+000 0.000000e+000 0.000000e+000 0.000000e+000 1.000000e+000 



Q star

------------
1  2  3  4  5  5  5  5  5  5  5  5  5  5  5  5  5  5  5  5  5  5  5  5  5  5  5  5  5  5  5  5  5  5  5  5  5  5  5  
------------

P star

-----------
4.164935e-038

A Martrix

9.611602e-057 1.000000e+000 0.000000e+000 0.000000e+000 0.000000e+000 
0.000000e+000 9.611602e-057 1.000000e+000 0.000000e+000 0.000000e+000 
0.000000e+000 0.000000e+000 9.611602e-027 1.000000e+000 0.000000e+000 
0.000000e+000 0.000000e+000 0.000000e+000 9.611602e-027 1.000000e+000 
0.000000e+000 0.000000e+000 0.000000e+000 0.000000e+000 1.000000e+000 

B Martrix

1.000000e-030 1.000000e-030 1.000000e-030 1.000000e-030 1.000000e-030 1.000000e-030 1.000000e-030 1.000000e-030 1.000000e-030 1.000000e-030 1.000000e-030 1.000000e-030 1.000000e-030 1.000000e-030 1.000000e-030 1.000000e-030 1.000000e-030 1.000000e-030 1.000000e-030 1.000000e-030 1.000000e+000 1.000000e-030 1.000000e-030 1.000000e-030 1.000000e-030 1.000000e-030 1.000000e-030 1.000000e-030 1.000000e-030 1.000000e-030 1.000000e-030 1.000000e-030 
1.000000e-030 1.000000e-030 1.000000e-030 1.000000e-030 1.000000e-030 1.000000e-030 1.000000e-030 1.000000e-030 1.000000e-030 1.000000e-030 1.000000e-030 1.000000e-030 1.000000e-030 1.000000e-030 1.000000e-030 1.000000e-030 1.000000e-030 1.000000e-030 1.000000e-030 1.000000e-030 1.000000e+000 1.000000e-030 1.000000e-030 1.000000e-030 1.000000e-030 1.000000e-030 1.000000e-030 1.000000e-030 1.000000e-030 1.000000e-030 1.000000e-030 1.000000e-030 
1.000000e-030 1.000000e-030 1.000000e-030 1.000000e-030 1.000000e-030 1.000000e-030 1.000000e-030 1.000000e-030 1.000000e-030 1.000000e-030 1.000000e-030 1.000000e-030 1.000000e+000 1.000000e-030 1.000000e-030 1.000000e-030 1.000000e-030 1.000000e-030 1.000000e-030 1.000000e-030 1.000000e-030 1.000000e-030 1.000000e-030 1.000000e-030 1.000000e-030 1.000000e-030 1.000000e-030 1.000000e-030 1.000000e-030 1.000000e-030 1.000000e-030 1.000000e-030 
1.000000e-030 1.000000e-030 1.000000e-030 1.000000e-030 1.000000e-030 1.000000e-030 1.000000e-030 1.000000e-030 1.000000e-030 1.000000e-030 1.000000e-030 1.000000e-030 1.000000e+000 1.000000e-030 1.000000e-030 1.000000e-030 1.000000e-030 1.000000e-030 1.000000e-030 1.000000e-030 1.000000e-030 1.000000e-030 1.000000e-030 1.000000e-030 1.000000e-030 1.000000e-030 1.000000e-030 1.000000e-030 1.000000e-030 1.000000e-030 1.000000e-030 1.000000e-030 
1.000000e-030 1.000000e-030 1.000000e-030 1.000000e-030 2.857143e-002 2.857143e-002 1.714286e-001 1.000000e-030 1.428571e-001 3.142857e-001 1.000000e-030 2.857143e-002 1.000000e-030 2.857143e-002 1.000000e-030 1.000000e-030 1.000000e-030 1.000000e-030 1.000000e-030 1.000000e-030 1.000000e-030 1.000000e-030 2.857143e-002 1.000000e-030 1.000000e-030 2.000000e-001 1.000000e-030 2.857143e-002 1.000000e-030 1.000000e-030 1.000000e-030 1.000000e-030 
Iteraion 3
-----------------

P(O|lamda) = 3.107290e-029

1.000000e+000 0.000000e+000 0.000000e+000 0.000000e+000 0.000000e+000 
9.611602e-057 1.000000e+000 0.000000e+000 0.000000e+000 0.000000e+000 
9.238289e-143 1.922320e-086 1.000000e+000 0.000000e+000 0.000000e+000 
8.879476e-229 2.771487e-172 9.611602e-027 1.000000e+000 0.000000e+000 
8.534599e-315 3.551790e-258 9.238289e-083 1.922320e-056 2.857143e-002 
0.000000e+000 0.000000e+000 8.879476e-139 2.771487e-112 4.081633e-003 
0.000000e+000 0.000000e+000 8.534599e-195 3.551790e-168 1.166181e-004 
0.000000e+000 0.000000e+000 8.203117e-251 4.267299e-224 1.999167e-005 
0.000000e+000 0.000000e+000 7.884509e-307 4.921870e-280 3.427143e-006 
0.000000e+000 0.000000e+000 0.000000e+000 0.000000e+000 5.875103e-007 
0.000000e+000 0.000000e+000 0.000000e+000 0.000000e+000 8.393004e-008 
0.000000e+000 0.000000e+000 0.000000e+000 0.000000e+000 1.438801e-008 
0.000000e+000 0.000000e+000 0.000000e+000 0.000000e+000 2.466516e-009 
0.000000e+000 0.000000e+000 0.000000e+000 0.000000e+000 4.228312e-010 
0.000000e+000 0.000000e+000 0.000000e+000 0.000000e+000 1.328898e-010 
0.000000e+000 0.000000e+000 0.000000e+000 0.000000e+000 1.898426e-011 
0.000000e+000 0.000000e+000 0.000000e+000 0.000000e+000 2.712037e-012 
0.000000e+000 0.000000e+000 0.000000e+000 0.000000e+000 3.874339e-013 
0.000000e+000 0.000000e+000 0.000000e+000 0.000000e+000 1.217649e-013 
0.000000e+000 0.000000e+000 0.000000e+000 0.000000e+000 2.435299e-014 
0.000000e+000 0.000000e+000 0.000000e+000 0.000000e+000 4.870597e-015 
0.000000e+000 0.000000e+000 0.000000e+000 0.000000e+000 1.530759e-015 
0.000000e+000 0.000000e+000 0.000000e+000 0.000000e+000 4.810957e-016 
0.000000e+000 0.000000e+000 0.000000e+000 0.000000e+000 1.512015e-016 
0.000000e+000 0.000000e+000 0.000000e+000 0.000000e+000 4.752048e-017 
0.000000e+000 0.000000e+000 0.000000e+000 0.000000e+000 1.493501e-017 
0.000000e+000 0.000000e+000 0.000000e+000 0.000000e+000 4.693859e-018 
0.000000e+000 0.000000e+000 0.000000e+000 0.000000e+000 1.475213e-018 
0.000000e+000 0.000000e+000 0.000000e+000 0.000000e+000 2.950426e-019 
0.000000e+000 0.000000e+000 0.000000e+000 0.000000e+000 5.900852e-020 
0.000000e+000 0.000000e+000 0.000000e+000 0.000000e+000 1.854553e-020 
0.000000e+000 0.000000e+000 0.000000e+000 0.000000e+000 5.298724e-022 
0.000000e+000 0.000000e+000 0.000000e+000 0.000000e+000 1.059745e-022 
0.000000e+000 0.000000e+000 0.000000e+000 0.000000e+000 2.119490e-023 
0.000000e+000 0.000000e+000 0.000000e+000 0.000000e+000 6.661253e-024 
0.000000e+000 0.000000e+000 0.000000e+000 0.000000e+000 1.332251e-024 
0.000000e+000 0.000000e+000 0.000000e+000 0.000000e+000 3.806430e-026 
0.000000e+000 0.000000e+000 0.000000e+000 0.000000e+000 1.087552e-027 
0.000000e+000 0.000000e+000 0.000000e+000 0.000000e+000 3.107290e-029 


3.107290e-029 8.960121e-085 8.612410e-111 3.107290e-119 3.107290e-119 
1.087552e-087 3.107290e-029 5.973518e-055 2.870903e-081 3.107290e-089 
7.612861e-117 1.087552e-057 3.107290e-029 2.986914e-055 3.107290e-059 
2.664501e-115 7.612861e-087 1.087552e-057 3.107290e-029 3.107290e-029 
1.554292e-114 2.664501e-085 7.612861e-057 1.087552e-027 1.087552e-027 
9.066705e-114 1.554292e-084 2.664501e-055 7.612861e-027 7.612861e-027 
5.288911e-113 9.066705e-084 1.554292e-054 2.664501e-025 2.664501e-025 
3.702238e-112 5.288911e-083 9.066705e-054 1.554292e-024 1.554292e-024 
2.159639e-111 3.702238e-082 5.288911e-053 9.066705e-024 9.066705e-024 
1.259789e-110 2.159639e-081 3.702238e-052 5.288911e-023 5.288911e-023 
7.348771e-110 1.259789e-080 2.159639e-051 3.702238e-022 3.702238e-022 
2.338245e-109 7.348771e-080 1.259789e-050 2.159639e-021 2.159639e-021 
1.636772e-108 2.338245e-079 7.348771e-050 1.259789e-020 1.259789e-020 
1.145740e-107 1.636772e-078 2.338245e-049 7.348771e-020 7.348771e-020 
8.020182e-107 1.145740e-077 1.636772e-048 2.338245e-019 2.338245e-019 
2.551876e-106 8.020182e-077 1.145740e-047 1.636772e-018 1.636772e-018 
1.275938e-105 2.551876e-076 8.020182e-047 1.145740e-017 1.145740e-017 
6.379690e-105 1.275938e-075 2.551876e-046 8.020182e-017 8.020182e-017 
2.029901e-104 6.379690e-075 1.275938e-045 2.551876e-016 2.551876e-016 
6.458777e-104 2.029901e-074 6.379690e-045 1.275938e-015 1.275938e-015 
2.055065e-103 6.458777e-074 2.029901e-044 6.379690e-015 6.379690e-015 
6.538844e-103 2.055065e-073 6.458777e-044 2.029901e-014 2.029901e-014 
2.080541e-102 6.538844e-073 2.055065e-043 6.458777e-014 6.458777e-014 
6.619904e-102 2.080541e-072 6.538844e-043 2.055065e-013 2.055065e-013 
2.106333e-101 6.619904e-072 2.080541e-042 6.538844e-013 6.538844e-013 
1.053167e-100 2.106333e-071 6.619904e-042 2.080541e-012 2.080541e-012 
5.265833e-100 1.053167e-070 2.106333e-041 6.619904e-012 6.619904e-012 
1.675492e-099 5.265833e-070 1.053167e-040 2.106333e-011 2.106333e-011 
5.864223e-098 1.675492e-069 5.265833e-040 1.053167e-010 1.053167e-010 
2.932112e-097 5.864223e-068 1.675492e-039 5.265833e-010 5.265833e-010 
1.466056e-096 2.932112e-067 5.864223e-038 1.675492e-009 1.675492e-009 
4.664723e-096 1.466056e-066 2.932112e-037 5.864223e-008 5.864223e-008 
2.332362e-095 4.664723e-066 1.466056e-036 2.932112e-007 2.932112e-007 
8.163265e-094 2.332362e-065 4.664723e-036 1.466056e-006 1.466056e-006 
2.857143e-092 8.163265e-064 2.332362e-035 4.664723e-006 4.664723e-006 
1.000000e-090 2.857143e-062 8.163265e-034 2.332362e-005 2.332362e-005 
1.000000e-060 1.000000e-060 2.857143e-032 8.163265e-004 8.163265e-004 
1.000000e-030 1.000000e-030 1.000000e-030 2.857143e-002 2.857143e-002 
1.000000e+000 1.000000e+000 1.000000e+000 1.000000e+000 1.000000e+000 


1.000000e+000 0.000000e+000 0.000000e+000 0.000000e+000 0.000000e+000 
3.364061e-115 1.000000e+000 0.000000e+000 0.000000e+000 0.000000e+000 
2.263381e-230 6.728121e-115 1.000000e+000 0.000000e+000 0.000000e+000 
7.614150e-315 6.790143e-230 3.364061e-055 1.000000e+000 0.000000e+000 
0.000000e+000 3.045660e-314 2.263381e-110 6.728121e-055 1.000000e+000 
0.000000e+000 0.000000e+000 7.614150e-165 6.790143e-110 1.000000e+000 
0.000000e+000 0.000000e+000 4.269077e-220 3.045660e-164 1.000000e+000 
0.000000e+000 0.000000e+000 2.393573e-275 2.134539e-219 1.000000e+000 
0.000000e+000 0.000000e+000 0.000000e+000 1.436144e-274 1.000000e+000 
0.000000e+000 0.000000e+000 0.000000e+000 0.000000e+000 1.000000e+000 
0.000000e+000 0.000000e+000 0.000000e+000 0.000000e+000 1.000000e+000 
0.000000e+000 0.000000e+000 0.000000e+000 0.000000e+000 1.000000e+000 
0.000000e+000 0.000000e+000 0.000000e+000 0.000000e+000 1.000000e+000 
0.000000e+000 0.000000e+000 0.000000e+000 0.000000e+000 1.000000e+000 
0.000000e+000 0.000000e+000 0.000000e+000 0.000000e+000 1.000000e+000 
0.000000e+000 0.000000e+000 0.000000e+000 0.000000e+000 1.000000e+000 
0.000000e+000 0.000000e+000 0.000000e+000 0.000000e+000 1.000000e+000 
0.000000e+000 0.000000e+000 0.000000e+000 0.000000e+000 1.000000e+000 
0.000000e+000 0.000000e+000 0.000000e+000 0.000000e+000 1.000000e+000 
0.000000e+000 0.000000e+000 0.000000e+000 0.000000e+000 1.000000e+000 
0.000000e+000 0.000000e+000 0.000000e+000 0.000000e+000 1.000000e+000 
0.000000e+000 0.000000e+000 0.000000e+000 0.000000e+000 1.000000e+000 
0.000000e+000 0.000000e+000 0.000000e+000 0.000000e+000 1.000000e+000 
0.000000e+000 0.000000e+000 0.000000e+000 0.000000e+000 1.000000e+000 
0.000000e+000 0.000000e+000 0.000000e+000 0.000000e+000 1.000000e+000 
0.000000e+000 0.000000e+000 0.000000e+000 0.000000e+000 1.000000e+000 
0.000000e+000 0.000000e+000 0.000000e+000 0.000000e+000 1.000000e+000 
0.000000e+000 0.000000e+000 0.000000e+000 0.000000e+000 1.000000e+000 
0.000000e+000 0.000000e+000 0.000000e+000 0.000000e+000 1.000000e+000 
0.000000e+000 0.000000e+000 0.000000e+000 0.000000e+000 1.000000e+000 
0.000000e+000 0.000000e+000 0.000000e+000 0.000000e+000 1.000000e+000 
0.000000e+000 0.000000e+000 0.000000e+000 0.000000e+000 1.000000e+000 
0.000000e+000 0.000000e+000 0.000000e+000 0.000000e+000 1.000000e+000 
0.000000e+000 0.000000e+000 0.000000e+000 0.000000e+000 1.000000e+000 
0.000000e+000 0.000000e+000 0.000000e+000 0.000000e+000 1.000000e+000 
0.000000e+000 0.000000e+000 0.000000e+000 0.000000e+000 1.000000e+000 
0.000000e+000 0.000000e+000 0.000000e+000 0.000000e+000 1.000000e+000 
0.000000e+000 0.000000e+000 0.000000e+000 0.000000e+000 1.000000e+000 
0.000000e+000 0.000000e+000 0.000000e+000 0.000000e+000 1.000000e+000 



Q star

------------
1  2  3  4  5  5  5  5  5  5  5  5  5  5  5  5  5  5  5  5  5  5  5  5  5  5  5  5  5  5  5  5  5  5  5  5  5  5  5  
------------

P star

-----------
3.107290e-029

A Martrix

3.364061e-115 1.000000e+000 0.000000e+000 0.000000e+000 0.000000e+000 
0.000000e+000 3.364061e-115 1.000000e+000 0.000000e+000 0.000000e+000 
0.000000e+000 0.000000e+000 3.364061e-055 1.000000e+000 0.000000e+000 
0.000000e+000 0.000000e+000 0.000000e+000 3.364061e-055 1.000000e+000 
0.000000e+000 0.000000e+000 0.000000e+000 0.000000e+000 1.000000e+000 

B Martrix

1.000000e-030 1.000000e-030 1.000000e-030 1.000000e-030 1.000000e-030 1.000000e-030 1.000000e-030 1.000000e-030 1.000000e-030 1.000000e-030 1.000000e-030 1.000000e-030 1.000000e-030 1.000000e-030 1.000000e-030 1.000000e-030 1.000000e-030 1.000000e-030 1.000000e-030 1.000000e-030 1.000000e+000 1.000000e-030 1.000000e-030 1.000000e-030 1.000000e-030 1.000000e-030 1.000000e-030 1.000000e-030 1.000000e-030 1.000000e-030 1.000000e-030 1.000000e-030 
1.000000e-030 1.000000e-030 1.000000e-030 1.000000e-030 1.000000e-030 1.000000e-030 1.000000e-030 1.000000e-030 1.000000e-030 1.000000e-030 1.000000e-030 1.000000e-030 1.000000e-030 1.000000e-030 1.000000e-030 1.000000e-030 1.000000e-030 1.000000e-030 1.000000e-030 1.000000e-030 1.000000e+000 1.000000e-030 1.000000e-030 1.000000e-030 1.000000e-030 1.000000e-030 1.000000e-030 1.000000e-030 1.000000e-030 1.000000e-030 1.000000e-030 1.000000e-030 
1.000000e-030 1.000000e-030 1.000000e-030 1.000000e-030 1.000000e-030 1.000000e-030 1.000000e-030 1.000000e-030 1.000000e-030 1.000000e-030 1.000000e-030 1.000000e-030 1.000000e+000 1.000000e-030 1.000000e-030 1.000000e-030 1.000000e-030 1.000000e-030 1.000000e-030 1.000000e-030 1.000000e-030 1.000000e-030 1.000000e-030 1.000000e-030 1.000000e-030 1.000000e-030 1.000000e-030 1.000000e-030 1.000000e-030 1.000000e-030 1.000000e-030 1.000000e-030 
1.000000e-030 1.000000e-030 1.000000e-030 1.000000e-030 1.000000e-030 1.000000e-030 1.000000e-030 1.000000e-030 1.000000e-030 1.000000e-030 1.000000e-030 1.000000e-030 1.000000e+000 1.000000e-030 1.000000e-030 1.000000e-030 1.000000e-030 1.000000e-030 1.000000e-030 1.000000e-030 1.000000e-030 1.000000e-030 1.000000e-030 1.000000e-030 1.000000e-030 1.000000e-030 1.000000e-030 1.000000e-030 1.000000e-030 1.000000e-030 1.000000e-030 1.000000e-030 
1.000000e-030 1.000000e-030 1.000000e-030 1.000000e-030 2.857143e-002 2.857143e-002 1.714286e-001 1.000000e-030 1.428571e-001 3.142857e-001 1.000000e-030 2.857143e-002 1.000000e-030 2.857143e-002 1.000000e-030 1.000000e-030 1.000000e-030 1.000000e-030 1.000000e-030 1.000000e-030 1.000000e-030 1.000000e-030 2.857143e-002 1.000000e-030 1.000000e-030 2.000000e-001 1.000000e-030 2.857143e-002 1.000000e-030 1.000000e-030 1.000000e-030 1.000000e-030 
Iteraion 4
-----------------

P(O|lamda) = 3.107290e-029

1.000000e+000 0.000000e+000 0.000000e+000 0.000000e+000 0.000000e+000 
3.364061e-115 1.000000e+000 0.000000e+000 0.000000e+000 0.000000e+000 
1.131690e-259 6.728121e-145 1.000000e+000 0.000000e+000 0.000000e+000 
0.000000e+000 3.395071e-289 3.364061e-055 1.000000e+000 0.000000e+000 
0.000000e+000 0.000000e+000 1.131690e-139 6.728121e-085 2.857143e-002 
0.000000e+000 0.000000e+000 3.807075e-224 3.395071e-169 4.081633e-003 
0.000000e+000 0.000000e+000 1.280723e-308 1.522830e-253 1.166181e-004 
0.000000e+000 0.000000e+000 0.000000e+000 0.000000e+000 1.999167e-005 
0.000000e+000 0.000000e+000 0.000000e+000 0.000000e+000 3.427143e-006 
0.000000e+000 0.000000e+000 0.000000e+000 0.000000e+000 5.875103e-007 
0.000000e+000 0.000000e+000 0.000000e+000 0.000000e+000 8.393004e-008 
0.000000e+000 0.000000e+000 0.000000e+000 0.000000e+000 1.438801e-008 
0.000000e+000 0.000000e+000 0.000000e+000 0.000000e+000 2.466516e-009 
0.000000e+000 0.000000e+000 0.000000e+000 0.000000e+000 4.228312e-010 
0.000000e+000 0.000000e+000 0.000000e+000 0.000000e+000 1.328898e-010 
0.000000e+000 0.000000e+000 0.000000e+000 0.000000e+000 1.898426e-011 
0.000000e+000 0.000000e+000 0.000000e+000 0.000000e+000 2.712037e-012 
0.000000e+000 0.000000e+000 0.000000e+000 0.000000e+000 3.874339e-013 
0.000000e+000 0.000000e+000 0.000000e+000 0.000000e+000 1.217649e-013 
0.000000e+000 0.000000e+000 0.000000e+000 0.000000e+000 2.435299e-014 
0.000000e+000 0.000000e+000 0.000000e+000 0.000000e+000 4.870597e-015 
0.000000e+000 0.000000e+000 0.000000e+000 0.000000e+000 1.530759e-015 
0.000000e+000 0.000000e+000 0.000000e+000 0.000000e+000 4.810957e-016 
0.000000e+000 0.000000e+000 0.000000e+000 0.000000e+000 1.512015e-016 
0.000000e+000 0.000000e+000 0.000000e+000 0.000000e+000 4.752048e-017 
0.000000e+000 0.000000e+000 0.000000e+000 0.000000e+000 1.493501e-017 
0.000000e+000 0.000000e+000 0.000000e+000 0.000000e+000 4.693859e-018 
0.000000e+000 0.000000e+000 0.000000e+000 0.000000e+000 1.475213e-018 
0.000000e+000 0.000000e+000 0.000000e+000 0.000000e+000 2.950426e-019 
0.000000e+000 0.000000e+000 0.000000e+000 0.000000e+000 5.900852e-020 
0.000000e+000 0.000000e+000 0.000000e+000 0.000000e+000 1.854553e-020 
0.000000e+000 0.000000e+000 0.000000e+000 0.000000e+000 5.298724e-022 
0.000000e+000 0.000000e+000 0.000000e+000 0.000000e+000 1.059745e-022 
0.000000e+000 0.000000e+000 0.000000e+000 0.000000e+000 2.119490e-023 
0.000000e+000 0.000000e+000 0.000000e+000 0.000000e+000 6.661253e-024 
0.000000e+000 0.000000e+000 0.000000e+000 0.000000e+000 1.332251e-024 
0.000000e+000 0.000000e+000 0.000000e+000 0.000000e+000 3.806430e-026 
0.000000e+000 0.000000e+000 0.000000e+000 0.000000e+000 1.087552e-027 
0.000000e+000 0.000000e+000 0.000000e+000 0.000000e+000 3.107290e-029 


3.107290e-029 3.107290e-089 3.107290e-119 3.107290e-119 3.107290e-119 
1.087552e-087 3.107290e-029 3.107290e-059 3.107290e-089 3.107290e-089 
7.612861e-117 1.087552e-057 3.107290e-029 3.107290e-059 3.107290e-059 
2.664501e-115 7.612861e-087 1.087552e-057 3.107290e-029 3.107290e-029 
1.554292e-114 2.664501e-085 7.612861e-057 1.087552e-027 1.087552e-027 
9.066705e-114 1.554292e-084 2.664501e-055 7.612861e-027 7.612861e-027 
5.288911e-113 9.066705e-084 1.554292e-054 2.664501e-025 2.664501e-025 
3.702238e-112 5.288911e-083 9.066705e-054 1.554292e-024 1.554292e-024 
2.159639e-111 3.702238e-082 5.288911e-053 9.066705e-024 9.066705e-024 
1.259789e-110 2.159639e-081 3.702238e-052 5.288911e-023 5.288911e-023 
7.348771e-110 1.259789e-080 2.159639e-051 3.702238e-022 3.702238e-022 
2.338245e-109 7.348771e-080 1.259789e-050 2.159639e-021 2.159639e-021 
1.636772e-108 2.338245e-079 7.348771e-050 1.259789e-020 1.259789e-020 
1.145740e-107 1.636772e-078 2.338245e-049 7.348771e-020 7.348771e-020 
8.020182e-107 1.145740e-077 1.636772e-048 2.338245e-019 2.338245e-019 
2.551876e-106 8.020182e-077 1.145740e-047 1.636772e-018 1.636772e-018 
1.275938e-105 2.551876e-076 8.020182e-047 1.145740e-017 1.145740e-017 
6.379690e-105 1.275938e-075 2.551876e-046 8.020182e-017 8.020182e-017 
2.029901e-104 6.379690e-075 1.275938e-045 2.551876e-016 2.551876e-016 
6.458777e-104 2.029901e-074 6.379690e-045 1.275938e-015 1.275938e-015 
2.055065e-103 6.458777e-074 2.029901e-044 6.379690e-015 6.379690e-015 
6.538844e-103 2.055065e-073 6.458777e-044 2.029901e-014 2.029901e-014 
2.080541e-102 6.538844e-073 2.055065e-043 6.458777e-014 6.458777e-014 
6.619904e-102 2.080541e-072 6.538844e-043 2.055065e-013 2.055065e-013 
2.106333e-101 6.619904e-072 2.080541e-042 6.538844e-013 6.538844e-013 
1.053167e-100 2.106333e-071 6.619904e-042 2.080541e-012 2.080541e-012 
5.265833e-100 1.053167e-070 2.106333e-041 6.619904e-012 6.619904e-012 
1.675492e-099 5.265833e-070 1.053167e-040 2.106333e-011 2.106333e-011 
5.864223e-098 1.675492e-069 5.265833e-040 1.053167e-010 1.053167e-010 
2.932112e-097 5.864223e-068 1.675492e-039 5.265833e-010 5.265833e-010 
1.466056e-096 2.932112e-067 5.864223e-038 1.675492e-009 1.675492e-009 
4.664723e-096 1.466056e-066 2.932112e-037 5.864223e-008 5.864223e-008 
2.332362e-095 4.664723e-066 1.466056e-036 2.932112e-007 2.932112e-007 
8.163265e-094 2.332362e-065 4.664723e-036 1.466056e-006 1.466056e-006 
2.857143e-092 8.163265e-064 2.332362e-035 4.664723e-006 4.664723e-006 
1.000000e-090 2.857143e-062 8.163265e-034 2.332362e-005 2.332362e-005 
1.000000e-060 1.000000e-060 2.857143e-032 8.163265e-004 8.163265e-004 
1.000000e-030 1.000000e-030 1.000000e-030 2.857143e-002 2.857143e-002 
1.000000e+000 1.000000e+000 1.000000e+000 1.000000e+000 1.000000e+000 


1.000000e+000 0.000000e+000 0.000000e+000 0.000000e+000 0.000000e+000 
1.177421e-173 1.000000e+000 0.000000e+000 0.000000e+000 0.000000e+000 
0.000000e+000 2.354842e-173 1.000000e+000 0.000000e+000 0.000000e+000 
0.000000e+000 0.000000e+000 1.177421e-083 1.000000e+000 0.000000e+000 
0.000000e+000 0.000000e+000 2.772642e-167 2.354842e-083 1.000000e+000 
0.000000e+000 0.000000e+000 3.264567e-250 8.317925e-167 1.000000e+000 
0.000000e+000 0.000000e+000 0.000000e+000 1.305827e-249 1.000000e+000 
0.000000e+000 0.000000e+000 0.000000e+000 0.000000e+000 1.000000e+000 
0.000000e+000 0.000000e+000 0.000000e+000 0.000000e+000 1.000000e+000 
0.000000e+000 0.000000e+000 0.000000e+000 0.000000e+000 1.000000e+000 
0.000000e+000 0.000000e+000 0.000000e+000 0.000000e+000 1.000000e+000 
0.000000e+000 0.000000e+000 0.000000e+000 0.000000e+000 1.000000e+000 
0.000000e+000 0.000000e+000 0.000000e+000 0.000000e+000 1.000000e+000 
0.000000e+000 0.000000e+000 0.000000e+000 0.000000e+000 1.000000e+000 
0.000000e+000 0.000000e+000 0.000000e+000 0.000000e+000 1.000000e+000 
0.000000e+000 0.000000e+000 0.000000e+000 0.000000e+000 1.000000e+000 
0.000000e+000 0.000000e+000 0.000000e+000 0.000000e+000 1.000000e+000 
0.000000e+000 0.000000e+000 0.000000e+000 0.000000e+000 1.000000e+000 
0.000000e+000 0.000000e+000 0.000000e+000 0.000000e+000 1.000000e+000 
0.000000e+000 0.000000e+000 0.000000e+000 0.000000e+000 1.000000e+000 
0.000000e+000 0.000000e+000 0.000000e+000 0.000000e+000 1.000000e+000 
0.000000e+000 0.000000e+000 0.000000e+000 0.000000e+000 1.000000e+000 
0.000000e+000 0.000000e+000 0.000000e+000 0.000000e+000 1.000000e+000 
0.000000e+000 0.000000e+000 0.000000e+000 0.000000e+000 1.000000e+000 
0.000000e+000 0.000000e+000 0.000000e+000 0.000000e+000 1.000000e+000 
0.000000e+000 0.000000e+000 0.000000e+000 0.000000e+000 1.000000e+000 
0.000000e+000 0.000000e+000 0.000000e+000 0.000000e+000 1.000000e+000 
0.000000e+000 0.000000e+000 0.000000e+000 0.000000e+000 1.000000e+000 
0.000000e+000 0.000000e+000 0.000000e+000 0.000000e+000 1.000000e+000 
0.000000e+000 0.000000e+000 0.000000e+000 0.000000e+000 1.000000e+000 
0.000000e+000 0.000000e+000 0.000000e+000 0.000000e+000 1.000000e+000 
0.000000e+000 0.000000e+000 0.000000e+000 0.000000e+000 1.000000e+000 
0.000000e+000 0.000000e+000 0.000000e+000 0.000000e+000 1.000000e+000 
0.000000e+000 0.000000e+000 0.000000e+000 0.000000e+000 1.000000e+000 
0.000000e+000 0.000000e+000 0.000000e+000 0.000000e+000 1.000000e+000 
0.000000e+000 0.000000e+000 0.000000e+000 0.000000e+000 1.000000e+000 
0.000000e+000 0.000000e+000 0.000000e+000 0.000000e+000 1.000000e+000 
0.000000e+000 0.000000e+000 0.000000e+000 0.000000e+000 1.000000e+000 
0.000000e+000 0.000000e+000 0.000000e+000 0.000000e+000 1.000000e+000 



Q star

------------
1  2  3  4  5  5  5  5  5  5  5  5  5  5  5  5  5  5  5  5  5  5  5  5  5  5  5  5  5  5  5  5  5  5  5  5  5  5  5  
------------

P star

-----------
3.107290e-029

A Martrix

1.177421e-173 1.000000e+000 0.000000e+000 0.000000e+000 0.000000e+000 
0.000000e+000 1.177421e-173 1.000000e+000 0.000000e+000 0.000000e+000 
0.000000e+000 0.000000e+000 1.177421e-083 1.000000e+000 0.000000e+000 
0.000000e+000 0.000000e+000 0.000000e+000 1.177421e-083 1.000000e+000 
0.000000e+000 0.000000e+000 0.000000e+000 0.000000e+000 1.000000e+000 

B Martrix

1.000000e-030 1.000000e-030 1.000000e-030 1.000000e-030 1.000000e-030 1.000000e-030 1.000000e-030 1.000000e-030 1.000000e-030 1.000000e-030 1.000000e-030 1.000000e-030 1.000000e-030 1.000000e-030 1.000000e-030 1.000000e-030 1.000000e-030 1.000000e-030 1.000000e-030 1.000000e-030 1.000000e+000 1.000000e-030 1.000000e-030 1.000000e-030 1.000000e-030 1.000000e-030 1.000000e-030 1.000000e-030 1.000000e-030 1.000000e-030 1.000000e-030 1.000000e-030 
1.000000e-030 1.000000e-030 1.000000e-030 1.000000e-030 1.000000e-030 1.000000e-030 1.000000e-030 1.000000e-030 1.000000e-030 1.000000e-030 1.000000e-030 1.000000e-030 1.000000e-030 1.000000e-030 1.000000e-030 1.000000e-030 1.000000e-030 1.000000e-030 1.000000e-030 1.000000e-030 1.000000e+000 1.000000e-030 1.000000e-030 1.000000e-030 1.000000e-030 1.000000e-030 1.000000e-030 1.000000e-030 1.000000e-030 1.000000e-030 1.000000e-030 1.000000e-030 
1.000000e-030 1.000000e-030 1.000000e-030 1.000000e-030 1.000000e-030 1.000000e-030 1.000000e-030 1.000000e-030 1.000000e-030 1.000000e-030 1.000000e-030 1.000000e-030 1.000000e+000 1.000000e-030 1.000000e-030 1.000000e-030 1.000000e-030 1.000000e-030 1.000000e-030 1.000000e-030 1.000000e-030 1.000000e-030 1.000000e-030 1.000000e-030 1.000000e-030 1.000000e-030 1.000000e-030 1.000000e-030 1.000000e-030 1.000000e-030 1.000000e-030 1.000000e-030 
1.000000e-030 1.000000e-030 1.000000e-030 1.000000e-030 1.000000e-030 1.000000e-030 1.000000e-030 1.000000e-030 1.000000e-030 1.000000e-030 1.000000e-030 1.000000e-030 1.000000e+000 1.000000e-030 1.000000e-030 1.000000e-030 1.000000e-030 1.000000e-030 1.000000e-030 1.000000e-030 1.000000e-030 1.000000e-030 1.000000e-030 1.000000e-030 1.000000e-030 1.000000e-030 1.000000e-030 1.000000e-030 1.000000e-030 1.000000e-030 1.000000e-030 1.000000e-030 
1.000000e-030 1.000000e-030 1.000000e-030 1.000000e-030 2.857143e-002 2.857143e-002 1.714286e-001 1.000000e-030 1.428571e-001 3.142857e-001 1.000000e-030 2.857143e-002 1.000000e-030 2.857143e-002 1.000000e-030 1.000000e-030 1.000000e-030 1.000000e-030 1.000000e-030 1.000000e-030 1.000000e-030 1.000000e-030 2.857143e-002 1.000000e-030 1.000000e-030 2.000000e-001 1.000000e-030 2.857143e-002 1.000000e-030 1.000000e-030 1.000000e-030 1.000000e-030 
=================
