5	5	3	3	3	3	10	10	10	10	10	10	10	26	10	26	26	10	

P(O|lamda) = 2.768906e-138

1.000000e-030 0.000000e+000 0.000000e+000 0.000000e+000 0.000000e+000 
2.571063e-062 9.742894e-061 0.000000e+000 0.000000e+000 0.000000e+000 
6.610365e-094 6.205654e-092 9.372825e-091 0.000000e+000 0.000000e+000 
1.699566e-125 3.001167e-123 1.814560e-121 8.155259e-121 0.000000e+000 
4.369692e-157 1.305536e-154 2.645899e-152 3.401961e-151 1.544646e-122 
1.123475e-188 5.384622e-186 3.562719e-183 9.907319e-182 3.767968e-124 
1.444263e-191 1.077364e-188 4.679908e-214 1.262393e-183 3.659363e-125 
1.856646e-194 2.116462e-191 1.036442e-218 1.411048e-185 3.553888e-126 
2.386777e-197 4.109979e-194 2.036071e-221 1.577209e-187 3.451453e-127 
3.068276e-200 7.921847e-197 3.953868e-224 1.762937e-189 3.351971e-128 
3.944366e-203 1.519446e-199 7.620948e-227 1.970535e-191 3.255356e-129 
5.070607e-206 2.904910e-202 1.461732e-229 2.202579e-193 3.161526e-130 
6.518425e-209 5.541638e-205 2.794571e-232 2.461948e-195 3.070401e-131 
1.675928e-240 1.055630e-207 5.331147e-235 2.751860e-197 6.516793e-133 
2.154458e-243 2.004828e-210 1.015534e-237 3.075911e-199 6.328958e-134 
5.539248e-275 3.807523e-213 1.928678e-240 3.438121e-201 1.343294e-135 
1.424176e-306 7.231157e-216 3.662900e-243 3.842984e-203 2.851084e-137 
1.830823e-309 1.373324e-218 6.956493e-246 4.295522e-205 2.768906e-138 



P(O|lamda) = 1.511076e-150

1.050000e-030 0.000000e+000 0.000000e+000 0.000000e+000 0.000000e+000 
8.711110e-182 1.102500e-060 0.000000e+000 0.000000e+000 0.000000e+000 
0.000000e+000 2.022421e-176 1.157625e-090 0.000000e+000 0.000000e+000 
0.000000e+000 3.709919e-292 3.038766e-122 1.185119e-120 0.000000e+000 
0.000000e+000 0.000000e+000 7.976760e-154 2.283960e-151 7.578566e-122 
0.000000e+000 0.000000e+000 2.093899e-185 3.883769e-182 5.759440e-123 
0.000000e+000 0.000000e+000 5.496486e-217 1.544463e-185 4.866438e-125 
0.000000e+000 0.000000e+000 1.442828e-248 6.121586e-189 4.111896e-127 
0.000000e+000 0.000000e+000 3.787422e-280 2.426334e-192 3.474346e-129 
0.000000e+000 0.000000e+000 9.941984e-312 9.616943e-196 2.935649e-131 
0.000000e+000 0.000000e+000 0.000000e+000 3.811743e-199 2.480476e-133 
0.000000e+000 0.000000e+000 0.000000e+000 1.510811e-202 2.095878e-135 
0.000000e+000 0.000000e+000 0.000000e+000 5.988205e-206 1.770912e-137 
0.000000e+000 0.000000e+000 0.000000e+000 2.373467e-209 1.879343e-140 
0.000000e+000 0.000000e+000 0.000000e+000 9.407402e-213 1.587951e-142 
0.000000e+000 0.000000e+000 0.000000e+000 3.728690e-216 1.685179e-145 
0.000000e+000 0.000000e+000 0.000000e+000 1.477892e-219 1.788361e-148 
0.000000e+000 0.000000e+000 0.000000e+000 5.857729e-223 1.511076e-150 



P(O|lamda) = 4.682658e-131

1.052500e-030 0.000000e+000 0.000000e+000 0.000000e+000 0.000000e+000 
6.579164e-063 1.101177e-060 0.000000e+000 0.000000e+000 0.000000e+000 
4.112627e-095 1.376689e-092 1.152105e-090 0.000000e+000 0.000000e+000 
2.570798e-127 1.290849e-124 6.867119e-122 5.502724e-092 0.000000e+000 
1.607002e-159 1.075878e-156 3.369673e-153 4.277859e-094 2.767278e-094 
1.004535e-191 8.406622e-189 1.598473e-184 3.325639e-096 3.799156e-096 
7.457643e-198 7.489266e-195 7.538081e-216 6.463443e-101 2.185233e-098 
5.536535e-204 6.486681e-201 7.835637e-225 1.256182e-105 7.244812e-101 
4.110310e-210 5.503653e-207 6.786684e-231 2.441414e-110 2.395960e-103 
3.051484e-216 4.596635e-213 5.758191e-237 4.744933e-115 7.923655e-106 
2.265414e-222 3.791701e-219 4.809225e-243 9.221867e-120 2.620424e-108 
1.681838e-228 3.096444e-225 3.967063e-249 1.792287e-124 8.665978e-111 
1.248592e-234 2.507773e-231 3.239651e-255 3.483344e-129 2.865917e-113 
7.804933e-267 2.016912e-237 2.623755e-261 6.769944e-134 1.520697e-117 
5.794363e-273 1.497350e-243 2.110192e-267 1.315751e-138 5.029080e-120 
3.622048e-305 1.111629e-249 1.566601e-273 2.557187e-143 2.668502e-124 
0.000000e+000 8.252706e-256 1.163041e-279 4.969941e-148 1.415945e-128 
0.000000e+000 6.126788e-262 8.634386e-286 9.659174e-153 4.682658e-131 



P(O|lamda) = 2.880196e-078

1.052625e-030 0.000000e+000 0.000000e+000 0.000000e+000 0.000000e+000 
3.019111e-061 8.061083e-061 0.000000e+000 0.000000e+000 0.000000e+000 
8.659335e-092 2.230654e-062 2.898122e-062 0.000000e+000 0.000000e+000 
2.483648e-122 3.133616e-064 1.269213e-063 1.030904e-063 0.000000e+000 
7.123533e-153 4.402097e-066 3.172876e-065 6.475960e-065 9.182890e-066 
2.043153e-183 6.184054e-068 6.698087e-067 2.360621e-066 7.051348e-067 
8.299792e-185 3.475045e-069 6.511115e-068 3.273146e-067 2.625047e-067 
3.371580e-186 1.952755e-070 5.873421e-069 4.068153e-068 5.596182e-068 
1.369619e-187 1.097324e-071 5.085716e-070 4.680348e-069 9.726768e-069 
5.563730e-189 6.166263e-073 4.296957e-071 5.101520e-070 1.509589e-069 
2.260124e-190 3.465048e-074 3.574712e-072 5.349460e-071 2.179126e-070 
9.181183e-192 1.947136e-075 2.943938e-073 5.451732e-072 2.993052e-071 
3.729623e-193 1.094167e-076 2.408172e-074 5.437534e-073 3.967423e-072 
1.069721e-223 1.537275e-078 8.256568e-105 1.333446e-078 1.560579e-073 
4.345469e-225 8.638508e-080 2.763407e-079 1.208001e-079 1.853371e-074 
1.246356e-255 1.213687e-081 1.591780e-109 1.443802e-084 6.704336e-076 
3.574766e-286 1.705198e-083 9.186155e-112 3.269856e-090 2.425198e-077 
1.452158e-287 9.582127e-085 3.065266e-084 2.962241e-091 2.880192e-078 



P(O|lamda) = 1.985510e-096

1.052631e-030 0.000000e+000 0.000000e+000 0.000000e+000 0.000000e+000 
1.699164e-062 1.091040e-060 0.000000e+000 0.000000e+000 0.000000e+000 
2.742801e-094 2.258467e-064 2.543582e-063 0.000000e+000 0.000000e+000 
4.427447e-126 3.809216e-068 1.633418e-066 5.514664e-066 0.000000e+000 
7.146814e-158 6.424769e-072 7.996223e-070 7.303514e-069 1.655904e-067 
1.153643e-189 1.083626e-075 3.629509e-073 6.716154e-072 6.937526e-069 
1.318740e-193 7.310965e-079 8.023606e-076 2.556596e-074 4.957787e-071 
1.507463e-197 4.932533e-082 1.754343e-078 9.133977e-077 3.541814e-073 
1.723193e-201 3.327863e-085 3.822949e-081 3.148472e-079 2.529769e-075 
1.969797e-205 2.245229e-088 8.322066e-084 1.062311e-081 1.806729e-077 
2.251692e-209 1.514803e-091 1.811024e-086 3.537039e-084 1.290280e-079 
2.573928e-213 1.022001e-094 3.940704e-089 1.167772e-086 9.214357e-082 
2.942279e-217 6.895198e-098 8.574524e-092 3.834416e-089 6.580233e-084 
4.749446e-249 1.163115e-101 1.571116e-122 3.136262e-096 1.190158e-086 
5.429132e-253 7.847262e-105 1.355807e-103 1.018874e-098 8.499176e-089 
8.763740e-285 1.323714e-108 3.254542e-134 8.275165e-106 1.537228e-091 
1.414649e-316 2.232905e-112 1.299377e-138 6.720696e-113 2.780352e-094 
1.617077e-320 1.506488e-115 2.602826e-114 2.183346e-115 1.985510e-096 



P(O|lamda) = 2.859572e-051

1.052632e-030 0.000000e+000 0.000000e+000 0.000000e+000 0.000000e+000 
6.283052e-145 1.578948e-031 0.000000e+000 0.000000e+000 0.000000e+000 
3.750289e-259 4.934213e-037 1.924343e-035 0.000000e+000 0.000000e+000 
0.000000e+000 1.541941e-042 1.573009e-040 2.423677e-039 0.000000e+000 
0.000000e+000 4.818567e-048 9.821780e-046 5.839141e-044 1.392733e-040 
0.000000e+000 1.505802e-053 5.546540e-051 1.053167e-048 9.111075e-042 
0.000000e+000 1.882311e-058 1.492057e-055 8.315780e-053 1.942290e-042 
0.000000e+000 2.352963e-063 3.881600e-060 6.392935e-057 4.140555e-043 
0.000000e+000 2.941295e-068 9.942996e-065 4.869190e-061 8.826793e-044 
0.000000e+000 3.676734e-073 2.528165e-069 3.696859e-065 1.881687e-044 
0.000000e+000 4.596060e-078 6.405092e-074 2.803773e-069 4.011361e-045 
0.000000e+000 5.745255e-083 1.619851e-078 2.125673e-073 8.551380e-046 
0.000000e+000 7.181793e-088 4.093029e-083 1.611379e-077 1.822975e-046 
0.000000e+000 2.244590e-093 1.741099e-114 3.053589e-086 1.278766e-047 
0.000000e+000 2.805825e-098 1.367797e-096 2.314651e-090 2.726061e-048 
0.000000e+000 8.769298e-104 8.695557e-128 4.386234e-099 1.912256e-049 
0.000000e+000 2.740748e-109 9.000073e-134 8.311818e-108 1.341395e-050 
0.000000e+000 3.426042e-114 1.670143e-112 6.300443e-112 2.859572e-051 



P(O|lamda) = 2.067629e-079

1.052632e-030 0.000000e+000 0.000000e+000 0.000000e+000 0.000000e+000 
1.108034e-060 6.911952e-123 0.000000e+000 0.000000e+000 0.000000e+000 
7.294558e-063 3.455976e-128 8.639940e-129 0.000000e+000 0.000000e+000 
4.802250e-065 1.727988e-133 8.639940e-134 1.133992e-134 0.000000e+000 
3.161481e-067 8.639940e-139 6.479955e-139 1.729338e-139 7.415696e-138 
2.081308e-069 4.319970e-144 4.319970e-144 1.758397e-144 2.436041e-140 
3.642140e-070 8.640210e-149 1.349991e-148 7.096150e-149 2.596602e-142 
6.373482e-071 1.728096e-153 3.914990e-153 2.617847e-153 2.767705e-144 
1.115314e-071 3.456300e-158 1.086753e-157 8.991711e-158 2.950083e-146 
1.951718e-072 6.915256e-163 2.932902e-162 2.927222e-162 3.144479e-148 
3.415367e-073 5.655118e-167 7.764459e-167 9.151346e-167 3.351684e-150 
5.976646e-074 7.476864e-168 2.294560e-171 2.773185e-171 3.572543e-152 
1.045870e-074 1.308349e-168 4.678776e-173 8.367270e-176 3.807956e-154 
9.039184e-076 5.724328e-170 2.754814e-199 7.362884e-183 1.335588e-156 
1.581792e-076 1.978658e-170 3.577705e-175 1.840767e-187 1.423597e-158 
1.367102e-077 8.657575e-172 4.165900e-201 5.590164e-185 4.993069e-161 
1.181551e-078 7.482096e-173 1.822648e-202 3.493853e-194 1.751250e-163 
2.067629e-079 2.586391e-173 4.676310e-178 8.734849e-199 1.866649e-165 



P(O|lamda) = 2.557483e-066

1.052632e-030 0.000000e+000 0.000000e+000 0.000000e+000 0.000000e+000 
5.540171e-062 3.750002e-034 0.000000e+000 0.000000e+000 0.000000e+000 
6.682831e-066 3.750006e-036 7.200014e-035 0.000000e+000 0.000000e+000 
8.061165e-070 3.750011e-038 1.738524e-036 1.003615e-035 0.000000e+000 
9.723780e-074 3.750015e-040 3.179339e-038 6.949731e-037 6.648155e-037 
1.172931e-077 3.750020e-042 5.217533e-040 3.577559e-038 1.090094e-037 
5.131361e-081 7.500227e-045 6.328730e-047 1.756538e-044 1.542304e-039 
2.244878e-084 1.500083e-047 1.125733e-050 8.344309e-051 1.774790e-041 
9.820936e-088 3.000241e-050 2.250249e-053 2.026612e-056 2.042304e-043 
4.296482e-091 6.000631e-053 4.500610e-056 3.268358e-059 2.350140e-045 
1.879633e-094 1.200156e-055 9.001444e-059 6.536510e-062 2.704377e-047 
8.223057e-098 2.400373e-058 1.800334e-061 1.307335e-064 3.112007e-049 
3.597439e-101 4.800865e-061 3.600758e-064 2.614735e-067 3.581080e-051 
7.772934e-105 6.001832e-069 4.851670e-091 1.307367e-074 6.280072e-055 
3.400518e-108 1.200396e-071 9.002748e-075 6.142161e-081 7.226668e-057 
7.347451e-112 1.500683e-079 1.213100e-101 3.267961e-085 1.267327e-060 
1.587553e-115 1.876089e-087 1.516481e-109 3.838218e-096 2.222487e-064 
6.945258e-119 3.752271e-090 2.814133e-093 1.803239e-102 2.557483e-066 



P(O|lamda) = 2.058364e-063

1.052632e-030 0.000000e+000 0.000000e+000 0.000000e+000 0.000000e+000 
1.108034e-061 1.776317e-035 0.000000e+000 0.000000e+000 0.000000e+000 
1.336566e-066 1.776319e-038 1.634214e-037 0.000000e+000 0.000000e+000 
1.612233e-071 1.776322e-041 2.941591e-040 1.127610e-039 0.000000e+000 
1.944756e-076 1.776325e-044 3.987497e-043 3.281139e-042 4.550242e-042 
2.345862e-081 1.776328e-047 4.824227e-046 6.392828e-045 3.479087e-044 
1.026272e-085 3.552745e-051 2.746806e-048 1.085813e-052 6.485154e-046 
4.489755e-090 7.105670e-055 1.115067e-050 1.974329e-055 1.045219e-047 
1.964186e-094 1.421170e-058 4.463543e-053 8.014765e-058 1.684590e-049 
8.592960e-099 2.842411e-062 1.785485e-055 3.208261e-060 2.715070e-051 
3.759265e-103 5.684965e-066 7.141966e-058 1.283353e-062 4.375906e-053 
1.644610e-107 1.137022e-069 2.856791e-060 5.133431e-065 7.052692e-055 
7.194872e-112 2.274101e-073 1.142718e-062 2.053376e-067 1.136689e-056 
8.409561e-114 2.728921e-075 4.570873e-065 5.256519e-064 1.007884e-057 
3.679031e-118 5.457979e-079 1.828352e-067 9.362360e-072 1.624418e-059 
4.300150e-120 6.549575e-081 7.313409e-070 8.410489e-069 1.440345e-060 
5.026132e-122 7.859490e-083 2.925364e-072 9.586866e-071 1.277131e-061 
2.198842e-126 1.571938e-086 1.170147e-074 1.318585e-078 2.058364e-063 



P(O|lamda) = 4.062019e-048

1.052632e-030 0.000000e+000 0.000000e+000 0.000000e+000 0.000000e+000 
2.234609e-143 5.263259e-032 0.000000e+000 0.000000e+000 0.000000e+000 
6.760185e-227 1.320546e-034 7.723697e-033 0.000000e+000 0.000000e+000 
2.045105e-310 3.313237e-037 4.836243e-035 1.885602e-033 0.000000e+000 
0.000000e+000 8.312878e-040 2.301046e-037 7.613764e-035 6.712110e-035 
0.000000e+000 2.085693e-042 9.854744e-040 2.653752e-036 5.476462e-036 
0.000000e+000 6.500759e-048 6.651402e-044 1.416321e-045 9.106973e-037 
0.000000e+000 2.026179e-053 4.162015e-048 2.541023e-052 1.067591e-037 
0.000000e+000 6.315266e-059 2.594896e-052 1.585303e-056 1.251515e-038 
0.000000e+000 1.968364e-064 1.617550e-056 9.883906e-061 1.467125e-039 
0.000000e+000 6.135066e-070 1.008305e-060 6.161216e-065 1.719879e-040 
0.000000e+000 1.912199e-075 6.285292e-065 3.840611e-069 2.016179e-041 
0.000000e+000 5.960007e-081 3.917952e-069 2.394055e-073 2.363524e-042 
0.000000e+000 1.114554e-084 2.442262e-073 9.550736e-072 1.181952e-043 
0.000000e+000 3.473881e-090 1.522390e-077 6.014012e-081 1.385578e-044 
0.000000e+000 6.496347e-094 9.489840e-082 3.711281e-080 6.929006e-046 
0.000000e+000 1.214852e-097 5.915506e-086 1.495606e-083 3.465062e-047 
0.000000e+000 3.786494e-103 3.687445e-090 8.186291e-093 4.062019e-048 



Max probability = 4.062019e-048

Utterance recognised as 9