6	6	6	22	22	6	14	14	26	10	10	12	28	10	14	10	10	10	28	12	12	20	11	4	4	4	20	20	20	20	12	4	12	12	28	
Iteraion 1
-----------------

P(O|lamda) = 2.088097e-053

3.125000e-002 0.000000e+000 0.000000e+000 0.000000e+000 0.000000e+000 
7.812500e-004 1.953125e-004 0.000000e+000 0.000000e+000 0.000000e+000 
1.953125e-005 9.765625e-006 1.220703e-006 0.000000e+000 0.000000e+000 
4.882813e-007 3.662109e-007 9.155273e-008 7.629395e-009 0.000000e+000 
1.220703e-008 1.220703e-008 4.577637e-009 7.629395e-010 4.768372e-011 
3.051758e-010 3.814697e-010 1.907349e-010 4.768372e-011 6.258488e-012 
7.629395e-012 1.144409e-011 7.152557e-012 2.384186e-012 4.936010e-013 
1.907349e-013 3.337860e-013 2.503395e-013 1.043081e-013 3.032619e-014 
4.768372e-015 9.536743e-015 8.344650e-015 4.172325e-015 1.599619e-015 
1.192093e-016 2.682209e-016 2.682209e-016 1.564622e-016 7.606513e-017 
2.980232e-018 7.450581e-018 8.381903e-018 5.587935e-018 3.354924e-018 
7.450581e-020 2.048910e-019 2.561137e-019 1.920853e-019 1.397660e-019 
1.862645e-021 5.587935e-021 7.683411e-021 6.402843e-021 5.568220e-021 
4.656613e-023 1.513399e-022 2.270099e-022 2.080924e-022 2.140246e-022 
1.164153e-024 4.074536e-024 6.621121e-024 6.621121e-024 7.988847e-024 
2.910383e-026 1.091394e-025 1.909939e-025 2.069100e-025 2.910335e-025 
7.275958e-028 2.910383e-027 5.456968e-027 6.366463e-027 1.038798e-026 
1.818989e-029 7.730705e-029 1.546141e-028 1.932676e-028 3.644149e-028 
4.547474e-031 2.046363e-030 4.348522e-030 5.798029e-030 1.259589e-029 
1.136868e-032 5.400125e-032 1.215028e-031 1.721290e-031 4.298592e-031 
2.842171e-034 1.421085e-033 3.375078e-033 5.062617e-033 1.450891e-032 
7.105427e-036 3.730349e-035 9.325873e-035 1.476597e-034 4.850447e-034 
1.776357e-037 9.769963e-037 2.564615e-036 4.274359e-036 1.608052e-035 
4.440892e-039 2.553513e-038 7.022161e-038 1.228878e-037 5.292309e-037 
1.110223e-040 6.661338e-040 1.915135e-039 3.511080e-039 1.730652e-038 
2.775558e-042 1.734723e-041 5.204170e-041 9.974660e-041 5.627729e-040 
6.938894e-044 4.510281e-043 1.409463e-042 2.818926e-042 1.821007e-041 
1.734723e-045 1.170938e-044 3.805550e-044 7.928228e-044 5.866829e-043 
4.336809e-047 3.035766e-046 1.024571e-045 2.219904e-045 1.882936e-044 
1.084202e-048 7.860466e-048 2.751163e-047 6.190117e-047 6.022918e-046 
2.710505e-050 2.032879e-049 7.369187e-049 1.719477e-048 1.920850e-047 
6.776264e-052 5.251604e-051 1.969352e-050 4.759266e-050 6.110124e-049 
1.694066e-053 1.355253e-052 5.251604e-052 1.312901e-051 1.939159e-050 
4.235165e-055 3.494011e-054 1.397604e-053 3.610478e-053 6.141928e-052 
1.058791e-056 8.999725e-056 3.712387e-055 9.899698e-055 1.941918e-053 


6.681912e-052 6.681912e-052 6.681912e-052 6.681912e-052 6.681912e-052 
2.138212e-050 2.138212e-050 2.138212e-050 2.138212e-050 2.138212e-050 
6.842278e-049 6.842278e-049 6.842278e-049 6.842278e-049 6.842278e-049 
2.189529e-047 2.189529e-047 2.189529e-047 2.189529e-047 2.189529e-047 
7.006492e-046 7.006492e-046 7.006492e-046 7.006492e-046 7.006492e-046 
2.242078e-044 2.242078e-044 2.242078e-044 2.242078e-044 2.242078e-044 
7.174648e-043 7.174648e-043 7.174648e-043 7.174648e-043 7.174648e-043 
2.295887e-041 2.295887e-041 2.295887e-041 2.295887e-041 2.295887e-041 
7.346840e-040 7.346840e-040 7.346840e-040 7.346840e-040 7.346840e-040 
2.350989e-038 2.350989e-038 2.350989e-038 2.350989e-038 2.350989e-038 
7.523164e-037 7.523164e-037 7.523164e-037 7.523164e-037 7.523164e-037 
2.407412e-035 2.407412e-035 2.407412e-035 2.407412e-035 2.407412e-035 
7.703720e-034 7.703720e-034 7.703720e-034 7.703720e-034 7.703720e-034 
2.465190e-032 2.465190e-032 2.465190e-032 2.465190e-032 2.465190e-032 
7.888609e-031 7.888609e-031 7.888609e-031 7.888609e-031 7.888609e-031 
2.524355e-029 2.524355e-029 2.524355e-029 2.524355e-029 2.524355e-029 
8.077936e-028 8.077936e-028 8.077936e-028 8.077936e-028 8.077936e-028 
2.584939e-026 2.584939e-026 2.584939e-026 2.584939e-026 2.584939e-026 
8.271806e-025 8.271806e-025 8.271806e-025 8.271806e-025 8.271806e-025 
2.646978e-023 2.646978e-023 2.646978e-023 2.646978e-023 2.646978e-023 
8.470329e-022 8.470329e-022 8.470329e-022 8.470329e-022 8.470329e-022 
2.710505e-020 2.710505e-020 2.710505e-020 2.710505e-020 2.710505e-020 
8.673617e-019 8.673617e-019 8.673617e-019 8.673617e-019 8.673617e-019 
2.775558e-017 2.775558e-017 2.775558e-017 2.775558e-017 2.775558e-017 
8.881784e-016 8.881784e-016 8.881784e-016 8.881784e-016 8.881784e-016 
2.842171e-014 2.842171e-014 2.842171e-014 2.842171e-014 2.842171e-014 
9.094947e-013 9.094947e-013 9.094947e-013 9.094947e-013 9.094947e-013 
2.910383e-011 2.910383e-011 2.910383e-011 2.910383e-011 2.910383e-011 
9.313226e-010 9.313226e-010 9.313226e-010 9.313226e-010 9.313226e-010 
2.980232e-008 2.980232e-008 2.980232e-008 2.980232e-008 2.980232e-008 
9.536743e-007 9.536743e-007 9.536743e-007 9.536743e-007 9.536743e-007 
3.051758e-005 3.051758e-005 3.051758e-005 3.051758e-005 3.051758e-005 
9.765625e-004 9.765625e-004 9.765625e-004 9.765625e-004 9.765625e-004 
3.125000e-002 3.125000e-002 3.125000e-002 3.125000e-002 3.125000e-002 
1.000000e+000 1.000000e+000 1.000000e+000 1.000000e+000 1.000000e+000 


1.000000e+000 0.000000e+000 0.000000e+000 0.000000e+000 0.000000e+000 
8.000000e-001 2.000000e-001 0.000000e+000 0.000000e+000 0.000000e+000 
6.400000e-001 3.200000e-001 4.000000e-002 0.000000e+000 0.000000e+000 
5.120000e-001 3.840000e-001 9.600000e-002 8.000000e-003 0.000000e+000 
4.096000e-001 4.096000e-001 1.536000e-001 2.560000e-002 1.600000e-003 
3.276800e-001 4.096000e-001 2.048000e-001 5.120000e-002 6.720000e-003 
2.621440e-001 3.932160e-001 2.457600e-001 8.192000e-002 1.696000e-002 
2.097152e-001 3.670016e-001 2.752512e-001 1.146880e-001 3.334400e-002 
1.677722e-001 3.355443e-001 2.936013e-001 1.468006e-001 5.628160e-002 
1.342177e-001 3.019899e-001 3.019899e-001 1.761608e-001 8.564173e-002 
1.073742e-001 2.684355e-001 3.019899e-001 2.013266e-001 1.208739e-001 
8.589935e-002 2.362232e-001 2.952790e-001 2.214593e-001 1.611392e-001 
6.871948e-002 2.061584e-001 2.834678e-001 2.362232e-001 2.054311e-001 
5.497558e-002 1.786706e-001 2.680060e-001 2.456721e-001 2.526757e-001 
4.398047e-002 1.539316e-001 2.501389e-001 2.501389e-001 3.018101e-001 
3.518437e-002 1.319414e-001 2.308974e-001 2.501389e-001 3.518379e-001 
2.814750e-002 1.125900e-001 2.111062e-001 2.462906e-001 4.018657e-001 
2.251800e-002 9.570149e-002 1.914030e-001 2.392537e-001 4.511238e-001 
1.801440e-002 8.106479e-002 1.722627e-001 2.296836e-001 4.989745e-001 
1.441152e-002 6.845471e-002 1.540231e-001 2.181994e-001 5.449113e-001 
1.152922e-002 5.764608e-002 1.369094e-001 2.053641e-001 5.885511e-001 
9.223372e-003 4.842270e-002 1.210568e-001 1.916732e-001 6.296240e-001 
7.378698e-003 4.058284e-002 1.065299e-001 1.775499e-001 6.679586e-001 
5.902958e-003 3.394201e-002 9.334053e-002 1.633459e-001 7.034686e-001 
4.722366e-003 2.833420e-002 8.146082e-002 1.493448e-001 7.361378e-001 
3.777893e-003 2.361183e-002 7.083550e-002 1.357680e-001 7.660067e-001 
3.022315e-003 1.964504e-002 6.139076e-002 1.227815e-001 7.931603e-001 
2.417852e-003 1.632050e-002 5.304162e-002 1.105034e-001 8.177167e-001 
1.934281e-003 1.353997e-002 4.569740e-002 9.901102e-002 8.398173e-001 
1.547425e-003 1.121883e-002 3.926591e-002 8.834830e-002 8.596195e-001 
1.237940e-003 9.284550e-003 3.365649e-002 7.853182e-002 8.772892e-001 
9.903520e-004 7.675228e-003 2.878211e-002 6.955676e-002 8.929956e-001 
7.922816e-004 6.338253e-003 2.456073e-002 6.140183e-002 9.069069e-001 
6.338253e-004 5.229059e-003 2.091623e-002 5.403361e-002 9.191873e-001 
5.070602e-004 4.310012e-003 1.777880e-002 4.741013e-002 9.299940e-001 



Q star

------------
1  2  3  4  5  5  5  5  5  5  5  5  5  5  5  5  5  5  5  5  5  5  5  5  5  5  5  5  5  5  5  5  5  5  5  
------------

P star

-----------
3.340956e-056

A Martrix

8.000000e-001 2.000000e-001 0.000000e+000 0.000000e+000 0.000000e+000 
0.000000e+000 8.000000e-001 2.000000e-001 0.000000e+000 0.000000e+000 
0.000000e+000 0.000000e+000 8.000000e-001 2.000000e-001 0.000000e+000 
0.000000e+000 0.000000e+000 0.000000e+000 8.000000e-001 2.000000e-001 
0.000000e+000 0.000000e+000 0.000000e+000 0.000000e+000 1.000000e+000 

B Martrix

1.000000e-030 1.000000e-030 1.000000e-030 1.000000e-030 1.000000e-030 1.000000e+000 1.000000e-030 1.000000e-030 1.000000e-030 1.000000e-030 1.000000e-030 1.000000e-030 1.000000e-030 1.000000e-030 1.000000e-030 1.000000e-030 1.000000e-030 1.000000e-030 1.000000e-030 1.000000e-030 1.000000e-030 1.000000e-030 1.000000e-030 1.000000e-030 1.000000e-030 1.000000e-030 1.000000e-030 1.000000e-030 1.000000e-030 1.000000e-030 1.000000e-030 1.000000e-030 
1.000000e-030 1.000000e-030 1.000000e-030 1.000000e-030 1.000000e-030 1.000000e+000 1.000000e-030 1.000000e-030 1.000000e-030 1.000000e-030 1.000000e-030 1.000000e-030 1.000000e-030 1.000000e-030 1.000000e-030 1.000000e-030 1.000000e-030 1.000000e-030 1.000000e-030 1.000000e-030 1.000000e-030 1.000000e-030 1.000000e-030 1.000000e-030 1.000000e-030 1.000000e-030 1.000000e-030 1.000000e-030 1.000000e-030 1.000000e-030 1.000000e-030 1.000000e-030 
1.000000e-030 1.000000e-030 1.000000e-030 1.000000e-030 1.000000e-030 1.000000e+000 1.000000e-030 1.000000e-030 1.000000e-030 1.000000e-030 1.000000e-030 1.000000e-030 1.000000e-030 1.000000e-030 1.000000e-030 1.000000e-030 1.000000e-030 1.000000e-030 1.000000e-030 1.000000e-030 1.000000e-030 1.000000e-030 1.000000e-030 1.000000e-030 1.000000e-030 1.000000e-030 1.000000e-030 1.000000e-030 1.000000e-030 1.000000e-030 1.000000e-030 1.000000e-030 
1.000000e-030 1.000000e-030 1.000000e-030 1.000000e-030 1.000000e-030 1.000000e-030 1.000000e-030 1.000000e-030 1.000000e-030 1.000000e-030 1.000000e-030 1.000000e-030 1.000000e-030 1.000000e-030 1.000000e-030 1.000000e-030 1.000000e-030 1.000000e-030 1.000000e-030 1.000000e-030 1.000000e-030 1.000000e+000 1.000000e-030 1.000000e-030 1.000000e-030 1.000000e-030 1.000000e-030 1.000000e-030 1.000000e-030 1.000000e-030 1.000000e-030 1.000000e-030 
1.000000e-030 1.000000e-030 1.000000e-030 2.009523e-001 1.000000e-030 4.358083e-004 1.000000e-030 1.000000e-030 1.000000e-030 1.079156e-001 4.331873e-002 2.592790e-001 1.000000e-030 2.283545e-002 1.000000e-030 1.000000e-030 1.000000e-030 1.000000e-030 1.000000e-030 2.555145e-001 1.000000e-030 1.037639e-004 1.000000e-030 1.000000e-030 1.000000e-030 3.649998e-003 1.000000e-030 1.059948e-001 1.000000e-030 1.000000e-030 1.000000e-030 1.000000e-030 
Iteraion 2
-----------------

P(O|lamda) = 1.066039e-033

1.000000e+000 0.000000e+000 0.000000e+000 0.000000e+000 0.000000e+000 
8.000000e-001 2.000000e-001 0.000000e+000 0.000000e+000 0.000000e+000 
6.400000e-001 3.200000e-001 4.000000e-002 0.000000e+000 0.000000e+000 
5.120000e-031 3.840000e-031 9.600000e-032 8.000000e-003 0.000000e+000 
4.096000e-061 4.096000e-061 1.536000e-061 6.400000e-003 1.660222e-007 
3.276800e-061 4.096000e-061 2.048000e-061 5.120000e-033 5.579070e-007 
2.621440e-091 3.932160e-091 2.457600e-091 4.096000e-063 1.274006e-008 
2.097152e-121 3.670016e-121 2.752512e-121 3.276800e-093 2.909250e-010 
1.677722e-151 3.355443e-151 2.936013e-151 2.621440e-123 1.061876e-012 
1.342177e-181 3.019899e-181 3.019899e-181 2.097152e-153 1.145930e-013 
1.073742e-211 2.684355e-211 3.019899e-211 1.677722e-183 1.236638e-014 
8.589935e-242 2.362232e-241 2.952790e-241 1.342177e-213 3.206343e-015 
6.871948e-272 2.061584e-271 2.834678e-271 1.073742e-243 3.398556e-016 
5.497558e-302 1.786706e-301 2.680060e-301 8.589935e-274 3.667573e-017 
0.000000e+000 0.000000e+000 0.000000e+000 6.871948e-304 8.375070e-019 
0.000000e+000 0.000000e+000 0.000000e+000 0.000000e+000 9.038011e-020 
0.000000e+000 0.000000e+000 0.000000e+000 0.000000e+000 9.753428e-021 
0.000000e+000 0.000000e+000 0.000000e+000 0.000000e+000 1.052547e-021 
0.000000e+000 0.000000e+000 0.000000e+000 0.000000e+000 1.115645e-022 
0.000000e+000 0.000000e+000 0.000000e+000 0.000000e+000 2.892634e-023 
0.000000e+000 0.000000e+000 0.000000e+000 0.000000e+000 7.499993e-024 
0.000000e+000 0.000000e+000 0.000000e+000 0.000000e+000 1.916357e-024 
0.000000e+000 0.000000e+000 0.000000e+000 0.000000e+000 8.301417e-026 
0.000000e+000 0.000000e+000 0.000000e+000 0.000000e+000 1.668189e-026 
0.000000e+000 0.000000e+000 0.000000e+000 0.000000e+000 3.352263e-027 
0.000000e+000 0.000000e+000 0.000000e+000 0.000000e+000 6.736450e-028 
0.000000e+000 0.000000e+000 0.000000e+000 0.000000e+000 1.721261e-028 
0.000000e+000 0.000000e+000 0.000000e+000 0.000000e+000 4.398071e-029 
0.000000e+000 0.000000e+000 0.000000e+000 0.000000e+000 1.123771e-029 
0.000000e+000 0.000000e+000 0.000000e+000 0.000000e+000 2.871398e-030 
0.000000e+000 0.000000e+000 0.000000e+000 0.000000e+000 7.444933e-031 
0.000000e+000 0.000000e+000 0.000000e+000 0.000000e+000 1.496076e-031 
0.000000e+000 0.000000e+000 0.000000e+000 0.000000e+000 3.879012e-032 
0.000000e+000 0.000000e+000 0.000000e+000 0.000000e+000 1.005746e-032 
0.000000e+000 0.000000e+000 0.000000e+000 0.000000e+000 1.066039e-033 


1.066039e-033 8.528309e-033 1.705662e-032 3.405807e-046 1.702903e-045 
1.332375e-063 5.330193e-033 2.132077e-032 7.814919e-043 3.907460e-042 
3.243735e-118 6.661877e-063 2.665096e-032 1.066039e-031 8.966006e-039 
1.338818e-088 1.086340e-087 3.330939e-032 1.332548e-031 8.640778e-035 
5.862891e-087 6.694089e-058 2.754067e-057 1.665469e-031 8.327346e-031 
1.606272e-114 2.931445e-086 3.347044e-057 3.821564e-028 1.910782e-027 
1.488452e-113 8.031361e-084 1.465723e-055 1.673522e-026 8.367611e-026 
1.379273e-112 7.442259e-083 4.015681e-053 7.328614e-025 3.664307e-024 
5.319649e-112 6.896367e-082 3.721129e-052 2.007840e-022 1.003920e-021 
5.018784e-111 2.659824e-081 3.448183e-051 1.860565e-021 9.302823e-021 
4.650655e-110 2.509392e-080 1.329912e-050 1.724092e-020 8.620459e-020 
2.036594e-108 2.325327e-079 1.254696e-049 6.649561e-020 3.324781e-019 
1.887209e-107 1.018297e-077 1.162664e-048 6.273480e-019 3.136740e-018 
1.748782e-106 9.436046e-077 5.091485e-047 5.813319e-018 2.906659e-017 
1.620508e-105 8.743909e-076 4.718023e-046 2.545742e-016 1.272871e-015 
1.528857e-104 8.102541e-075 4.371955e-045 2.359012e-015 1.179506e-014 
5.896569e-104 7.644283e-074 4.051270e-044 2.185977e-014 1.092989e-013 
2.274218e-103 2.948285e-073 3.822142e-043 2.025635e-013 1.012818e-012 
8.900542e-103 1.137109e-072 1.474142e-042 1.911071e-012 9.555354e-012 
2.054663e-101 4.450271e-072 5.685544e-042 7.370711e-012 3.685356e-011 
1.022463e-100 1.027332e-070 2.225135e-041 2.842772e-011 1.421386e-010 
5.088090e-100 5.112317e-070 5.136658e-040 1.112568e-010 5.562839e-010 
2.531989e-099 2.544045e-069 2.556158e-039 2.568329e-009 1.284165e-008 
9.909375e-099 1.265995e-068 1.272023e-038 1.278079e-008 6.390396e-008 
3.878204e-098 4.954687e-068 6.329973e-038 6.360113e-008 3.180056e-007 
1.517802e-097 1.939102e-067 2.477344e-037 3.164986e-007 1.582493e-006 
5.940179e-097 7.589009e-067 9.695511e-037 1.238672e-006 6.193359e-006 
2.291037e-096 2.970089e-066 3.794505e-036 4.847755e-006 2.423878e-005 
1.140090e-095 1.145519e-065 1.485045e-035 1.897252e-005 9.486262e-005 
4.397155e-095 5.700451e-065 5.727593e-035 7.425223e-005 3.712612e-004 
1.695916e-094 2.198578e-064 2.850225e-034 2.863796e-004 1.431898e-003 
1.000000e-090 8.479582e-064 1.099289e-033 1.425113e-003 7.125563e-003 
1.000000e-060 1.000000e-060 4.239791e-033 5.496444e-003 2.748222e-002 
1.000000e-030 1.000000e-030 1.000000e-030 2.119896e-002 1.059948e-001 
1.000000e+000 1.000000e+000 1.000000e+000 1.000000e+000 1.000000e+000 


1.000000e+000 0.000000e+000 0.000000e+000 0.000000e+000 0.000000e+000 
9.998703e-031 1.000000e+000 0.000000e+000 0.000000e+000 0.000000e+000 
1.947388e-085 1.999741e-030 1.000000e+000 0.000000e+000 0.000000e+000 
6.430112e-086 3.913130e-085 2.999611e-030 1.000000e+000 0.000000e+000 
2.252677e-114 2.572045e-085 3.968193e-085 9.998703e-001 1.296880e-004 
4.937376e-142 1.126338e-113 6.430112e-085 1.835431e-027 1.000000e+000 
3.660174e-171 2.962425e-141 3.379015e-113 6.430112e-056 1.000000e+000 
2.713359e-200 2.562122e-170 1.036849e-140 2.252677e-084 1.000000e+000 
8.372014e-230 2.170688e-199 1.024849e-169 4.937376e-112 1.000000e+000 
6.318813e-259 7.534813e-229 9.768094e-199 3.660174e-141 1.000000e+000 
4.684261e-288 6.318813e-258 3.767406e-228 2.713359e-170 1.000000e+000 
1.641048e-316 5.152687e-287 3.475347e-257 8.372014e-200 1.000000e+000 
0.000000e+000 1.969258e-315 3.091612e-286 6.318813e-229 1.000000e+000 
0.000000e+000 0.000000e+000 1.280018e-314 4.684261e-258 1.000000e+000 
0.000000e+000 0.000000e+000 0.000000e+000 1.641048e-286 1.000000e+000 
0.000000e+000 0.000000e+000 0.000000e+000 0.000000e+000 1.000000e+000 
0.000000e+000 0.000000e+000 0.000000e+000 0.000000e+000 1.000000e+000 
0.000000e+000 0.000000e+000 0.000000e+000 0.000000e+000 1.000000e+000 
0.000000e+000 0.000000e+000 0.000000e+000 0.000000e+000 1.000000e+000 
0.000000e+000 0.000000e+000 0.000000e+000 0.000000e+000 1.000000e+000 
0.000000e+000 0.000000e+000 0.000000e+000 0.000000e+000 1.000000e+000 
0.000000e+000 0.000000e+000 0.000000e+000 0.000000e+000 1.000000e+000 
0.000000e+000 0.000000e+000 0.000000e+000 0.000000e+000 1.000000e+000 
0.000000e+000 0.000000e+000 0.000000e+000 0.000000e+000 1.000000e+000 
0.000000e+000 0.000000e+000 0.000000e+000 0.000000e+000 1.000000e+000 
0.000000e+000 0.000000e+000 0.000000e+000 0.000000e+000 1.000000e+000 
0.000000e+000 0.000000e+000 0.000000e+000 0.000000e+000 1.000000e+000 
0.000000e+000 0.000000e+000 0.000000e+000 0.000000e+000 1.000000e+000 
0.000000e+000 0.000000e+000 0.000000e+000 0.000000e+000 1.000000e+000 
0.000000e+000 0.000000e+000 0.000000e+000 0.000000e+000 1.000000e+000 
0.000000e+000 0.000000e+000 0.000000e+000 0.000000e+000 1.000000e+000 
0.000000e+000 0.000000e+000 0.000000e+000 0.000000e+000 1.000000e+000 
0.000000e+000 0.000000e+000 0.000000e+000 0.000000e+000 1.000000e+000 
0.000000e+000 0.000000e+000 0.000000e+000 0.000000e+000 1.000000e+000 
0.000000e+000 0.000000e+000 0.000000e+000 0.000000e+000 1.000000e+000 



Q star

------------
1  2  3  4  4  5  5  5  5  5  5  5  5  5  5  5  5  5  5  5  5  5  5  5  5  5  5  5  5  5  5  5  5  5  5  
------------

P star

-----------
1.065900e-033

A Martrix

9.998703e-031 1.000000e+000 0.000000e+000 0.000000e+000 0.000000e+000 
0.000000e+000 9.998703e-031 1.000000e+000 0.000000e+000 0.000000e+000 
0.000000e+000 0.000000e+000 9.998703e-031 1.000000e+000 0.000000e+000 
0.000000e+000 0.000000e+000 0.000000e+000 4.999676e-001 5.000324e-001 
0.000000e+000 0.000000e+000 0.000000e+000 0.000000e+000 1.000000e+000 

B Martrix

1.000000e-030 1.000000e-030 1.000000e-030 1.000000e-030 1.000000e-030 1.000000e+000 1.000000e-030 1.000000e-030 1.000000e-030 1.000000e-030 1.000000e-030 1.000000e-030 1.000000e-030 1.000000e-030 1.000000e-030 1.000000e-030 1.000000e-030 1.000000e-030 1.000000e-030 1.000000e-030 1.000000e-030 1.000000e-030 1.000000e-030 1.000000e-030 1.000000e-030 1.000000e-030 1.000000e-030 1.000000e-030 1.000000e-030 1.000000e-030 1.000000e-030 1.000000e-030 
1.000000e-030 1.000000e-030 1.000000e-030 1.000000e-030 1.000000e-030 1.000000e+000 1.000000e-030 1.000000e-030 1.000000e-030 1.000000e-030 1.000000e-030 1.000000e-030 1.000000e-030 1.000000e-030 1.000000e-030 1.000000e-030 1.000000e-030 1.000000e-030 1.000000e-030 1.000000e-030 1.000000e-030 1.000000e-030 1.000000e-030 1.000000e-030 1.000000e-030 1.000000e-030 1.000000e-030 1.000000e-030 1.000000e-030 1.000000e-030 1.000000e-030 1.000000e-030 
1.000000e-030 1.000000e-030 1.000000e-030 1.000000e-030 1.000000e-030 1.000000e+000 1.000000e-030 1.000000e-030 1.000000e-030 1.000000e-030 1.000000e-030 1.000000e-030 1.000000e-030 1.000000e-030 1.000000e-030 1.000000e-030 1.000000e-030 1.000000e-030 1.000000e-030 1.000000e-030 1.000000e-030 1.000000e-030 1.000000e-030 1.000000e-030 1.000000e-030 1.000000e-030 1.000000e-030 1.000000e-030 1.000000e-030 1.000000e-030 1.000000e-030 1.000000e-030 
1.000000e-030 1.000000e-030 1.000000e-030 1.000000e-030 1.000000e-030 1.000000e-030 1.000000e-030 1.000000e-030 1.000000e-030 1.000000e-030 1.000000e-030 1.000000e-030 1.000000e-030 1.000000e-030 1.000000e-030 1.000000e-030 1.000000e-030 1.000000e-030 1.000000e-030 1.000000e-030 1.000000e-030 1.000000e+000 1.000000e-030 1.000000e-030 1.000000e-030 1.000000e-030 1.000000e-030 1.000000e-030 1.000000e-030 1.000000e-030 1.000000e-030 1.000000e-030 
1.000000e-030 1.000000e-030 1.000000e-030 1.333328e-001 1.000000e-030 3.333319e-002 1.000000e-030 1.000000e-030 1.000000e-030 2.000035e-001 3.333319e-002 1.999991e-001 1.000000e-030 9.999957e-002 1.000000e-030 1.000000e-030 1.000000e-030 1.000000e-030 1.000000e-030 1.666659e-001 1.000000e-030 1.000000e-030 1.000000e-030 1.000000e-030 1.000000e-030 3.333319e-002 1.000000e-030 9.999957e-002 1.000000e-030 1.000000e-030 1.000000e-030 1.000000e-030 
Iteraion 3
-----------------

P(O|lamda) = 1.541469e-027

1.000000e+000 0.000000e+000 0.000000e+000 0.000000e+000 0.000000e+000 
9.998703e-031 1.000000e+000 0.000000e+000 0.000000e+000 0.000000e+000 
9.997406e-061 1.999741e-030 1.000000e+000 0.000000e+000 0.000000e+000 
9.996110e-121 2.999222e-090 2.999611e-060 1.000000e+000 0.000000e+000 
9.994813e-181 3.998444e-150 5.998444e-120 4.999676e-001 5.000324e-031 
9.993517e-211 4.997407e-180 9.996110e-150 2.499676e-031 8.333297e-003 
9.992221e-271 5.996110e-240 1.499222e-209 1.249757e-061 8.333261e-004 
0.000000e+000 6.994555e-300 2.098639e-269 6.248379e-092 8.333225e-005 
0.000000e+000 0.000000e+000 0.000000e+000 3.123987e-122 2.777730e-006 
0.000000e+000 0.000000e+000 0.000000e+000 1.561892e-152 5.555556e-007 
0.000000e+000 0.000000e+000 0.000000e+000 7.808954e-183 1.111130e-007 
0.000000e+000 0.000000e+000 0.000000e+000 3.904224e-213 2.222251e-008 
0.000000e+000 0.000000e+000 0.000000e+000 1.951985e-243 2.222241e-009 
0.000000e+000 0.000000e+000 0.000000e+000 9.759294e-274 4.444560e-010 
0.000000e+000 0.000000e+000 0.000000e+000 4.879331e-304 4.444540e-011 
0.000000e+000 0.000000e+000 0.000000e+000 0.000000e+000 8.889235e-012 
0.000000e+000 0.000000e+000 0.000000e+000 0.000000e+000 1.777878e-012 
0.000000e+000 0.000000e+000 0.000000e+000 0.000000e+000 3.555817e-013 
0.000000e+000 0.000000e+000 0.000000e+000 0.000000e+000 3.555801e-014 
0.000000e+000 0.000000e+000 0.000000e+000 0.000000e+000 7.111572e-015 
0.000000e+000 0.000000e+000 0.000000e+000 0.000000e+000 1.422308e-015 
0.000000e+000 0.000000e+000 0.000000e+000 0.000000e+000 2.370504e-016 
0.000000e+000 0.000000e+000 0.000000e+000 0.000000e+000 7.901644e-018 
0.000000e+000 0.000000e+000 0.000000e+000 0.000000e+000 1.053548e-018 
0.000000e+000 0.000000e+000 0.000000e+000 0.000000e+000 1.404725e-019 
0.000000e+000 0.000000e+000 0.000000e+000 0.000000e+000 1.872958e-020 
0.000000e+000 0.000000e+000 0.000000e+000 0.000000e+000 3.121583e-021 
0.000000e+000 0.000000e+000 0.000000e+000 0.000000e+000 5.202616e-022 
0.000000e+000 0.000000e+000 0.000000e+000 0.000000e+000 8.670990e-023 
0.000000e+000 0.000000e+000 0.000000e+000 0.000000e+000 1.445159e-023 
0.000000e+000 0.000000e+000 0.000000e+000 0.000000e+000 2.890305e-024 
0.000000e+000 0.000000e+000 0.000000e+000 0.000000e+000 3.853723e-025 
0.000000e+000 0.000000e+000 0.000000e+000 0.000000e+000 7.707413e-026 
0.000000e+000 0.000000e+000 0.000000e+000 0.000000e+000 1.541476e-026 
0.000000e+000 0.000000e+000 0.000000e+000 0.000000e+000 1.541469e-027 


1.541469e-027 3.853223e-057 2.696972e-087 1.960719e-088 6.850916e-090 
3.083139e-057 1.541469e-027 2.311954e-057 3.853174e-058 2.055284e-088 
9.249456e-116 3.083139e-057 1.541469e-027 7.706847e-028 6.165877e-087 
9.249496e-085 9.249456e-086 3.083139e-027 1.541469e-027 6.165877e-057 
9.249536e-084 9.249496e-055 9.249456e-056 3.083139e-027 6.165877e-027 
2.774873e-112 9.249536e-084 9.249496e-055 9.249456e-026 1.849771e-025 
1.387412e-111 2.774873e-082 9.249536e-054 9.249496e-025 1.849779e-024 
6.936942e-111 1.387412e-081 2.774873e-052 9.249536e-024 1.849787e-023 
3.468486e-110 6.936942e-081 1.387412e-051 2.774873e-022 5.549386e-022 
3.468501e-109 3.468486e-080 6.936942e-051 1.387412e-021 2.774645e-021 
1.734220e-108 3.468501e-079 3.468486e-050 6.936942e-021 1.387298e-020 
1.734228e-107 1.734220e-078 3.468501e-049 3.468486e-020 6.936522e-020 
8.670990e-107 1.734228e-077 1.734220e-048 3.468501e-019 6.936552e-019 
4.335420e-106 8.670990e-077 1.734228e-047 1.734220e-018 3.468216e-018 
2.167673e-105 4.335420e-076 8.670990e-047 1.734228e-017 3.468231e-017 
2.167682e-104 2.167673e-075 4.335420e-046 8.670990e-017 1.734086e-016 
1.083846e-103 2.167682e-074 2.167673e-045 4.335420e-016 8.670278e-016 
5.419252e-103 1.083846e-073 2.167682e-044 2.167673e-015 4.335064e-015 
3.251565e-102 5.419252e-073 1.083846e-043 2.167682e-014 4.335083e-014 
9.754737e-101 3.251565e-072 5.419252e-043 1.083846e-013 2.167551e-013 
7.316084e-100 9.754737e-071 3.251565e-042 5.419252e-013 1.083780e-012 
5.487087e-099 7.316084e-070 9.754737e-041 3.251565e-012 6.502708e-012 
4.115333e-098 5.487087e-069 7.316084e-040 9.754737e-011 1.950821e-010 
2.469211e-097 4.115333e-068 5.487087e-039 7.316084e-010 1.463122e-009 
1.481533e-096 2.469211e-067 4.115333e-038 5.487087e-009 1.097346e-008 
8.889235e-096 1.481533e-066 2.469211e-037 4.115333e-008 8.230132e-008 
5.333564e-095 8.889235e-066 1.481533e-036 2.469211e-007 4.938101e-007 
2.666793e-094 5.333564e-065 8.889235e-036 1.481533e-006 2.962873e-006 
2.000104e-093 2.666793e-064 5.333564e-035 8.889235e-006 1.777732e-005 
1.000056e-092 2.000104e-063 2.666793e-034 5.333564e-005 1.066644e-004 
5.000303e-092 1.000056e-062 2.000104e-033 2.666793e-004 5.333241e-004 
1.000000e-090 5.000303e-062 1.000056e-032 2.000104e-003 3.999948e-003 
1.000000e-060 1.000000e-060 5.000303e-032 1.000056e-002 1.999983e-002 
1.000000e-030 1.000000e-030 1.000000e-030 5.000303e-002 9.999957e-002 
1.000000e+000 1.000000e+000 1.000000e+000 1.000000e+000 1.000000e+000 


1.000000e+000 0.000000e+000 0.000000e+000 0.000000e+000 0.000000e+000 
1.999870e-060 1.000000e+000 0.000000e+000 0.000000e+000 0.000000e+000 
5.998859e-149 3.999741e-060 1.000000e+000 0.000000e+000 0.000000e+000 
5.998107e-178 1.799658e-148 5.999611e-060 1.000000e+000 0.000000e+000 
5.997355e-237 2.399243e-177 3.599315e-148 1.000000e+000 2.000130e-030 
1.798981e-295 2.998677e-236 5.998107e-177 1.499909e-029 1.000000e+000 
0.000000e+000 1.079389e-294 8.996032e-236 7.499092e-059 1.000000e+000 
0.000000e+000 0.000000e+000 3.777860e-294 3.749319e-088 1.000000e+000 
0.000000e+000 0.000000e+000 0.000000e+000 5.623638e-117 1.000000e+000 
0.000000e+000 0.000000e+000 0.000000e+000 1.405794e-146 1.000000e+000 
0.000000e+000 0.000000e+000 0.000000e+000 3.514197e-176 1.000000e+000 
0.000000e+000 0.000000e+000 0.000000e+000 8.784960e-206 1.000000e+000 
0.000000e+000 0.000000e+000 0.000000e+000 4.392214e-235 1.000000e+000 
0.000000e+000 0.000000e+000 0.000000e+000 1.097963e-264 1.000000e+000 
0.000000e+000 0.000000e+000 0.000000e+000 5.489484e-294 1.000000e+000 
0.000000e+000 0.000000e+000 0.000000e+000 0.000000e+000 1.000000e+000 
0.000000e+000 0.000000e+000 0.000000e+000 0.000000e+000 1.000000e+000 
0.000000e+000 0.000000e+000 0.000000e+000 0.000000e+000 1.000000e+000 
0.000000e+000 0.000000e+000 0.000000e+000 0.000000e+000 1.000000e+000 
0.000000e+000 0.000000e+000 0.000000e+000 0.000000e+000 1.000000e+000 
0.000000e+000 0.000000e+000 0.000000e+000 0.000000e+000 1.000000e+000 
0.000000e+000 0.000000e+000 0.000000e+000 0.000000e+000 1.000000e+000 
0.000000e+000 0.000000e+000 0.000000e+000 0.000000e+000 1.000000e+000 
0.000000e+000 0.000000e+000 0.000000e+000 0.000000e+000 1.000000e+000 
0.000000e+000 0.000000e+000 0.000000e+000 0.000000e+000 1.000000e+000 
0.000000e+000 0.000000e+000 0.000000e+000 0.000000e+000 1.000000e+000 
0.000000e+000 0.000000e+000 0.000000e+000 0.000000e+000 1.000000e+000 
0.000000e+000 0.000000e+000 0.000000e+000 0.000000e+000 1.000000e+000 
0.000000e+000 0.000000e+000 0.000000e+000 0.000000e+000 1.000000e+000 
0.000000e+000 0.000000e+000 0.000000e+000 0.000000e+000 1.000000e+000 
0.000000e+000 0.000000e+000 0.000000e+000 0.000000e+000 1.000000e+000 
0.000000e+000 0.000000e+000 0.000000e+000 0.000000e+000 1.000000e+000 
0.000000e+000 0.000000e+000 0.000000e+000 0.000000e+000 1.000000e+000 
0.000000e+000 0.000000e+000 0.000000e+000 0.000000e+000 1.000000e+000 
0.000000e+000 0.000000e+000 0.000000e+000 0.000000e+000 1.000000e+000 



Q star

------------
1  2  3  4  4  5  5  5  5  5  5  5  5  5  5  5  5  5  5  5  5  5  5  5  5  5  5  5  5  5  5  5  5  5  5  
------------

P star

-----------
1.541469e-027

A Martrix

1.999870e-060 1.000000e+000 0.000000e+000 0.000000e+000 0.000000e+000 
0.000000e+000 1.999870e-060 1.000000e+000 0.000000e+000 0.000000e+000 
0.000000e+000 0.000000e+000 1.999870e-060 1.000000e+000 0.000000e+000 
0.000000e+000 0.000000e+000 0.000000e+000 5.000000e-001 5.000000e-001 
0.000000e+000 0.000000e+000 0.000000e+000 0.000000e+000 1.000000e+000 

B Martrix

1.000000e-030 1.000000e-030 1.000000e-030 1.000000e-030 1.000000e-030 1.000000e+000 1.000000e-030 1.000000e-030 1.000000e-030 1.000000e-030 1.000000e-030 1.000000e-030 1.000000e-030 1.000000e-030 1.000000e-030 1.000000e-030 1.000000e-030 1.000000e-030 1.000000e-030 1.000000e-030 1.000000e-030 1.000000e-030 1.000000e-030 1.000000e-030 1.000000e-030 1.000000e-030 1.000000e-030 1.000000e-030 1.000000e-030 1.000000e-030 1.000000e-030 1.000000e-030 
1.000000e-030 1.000000e-030 1.000000e-030 1.000000e-030 1.000000e-030 1.000000e+000 1.000000e-030 1.000000e-030 1.000000e-030 1.000000e-030 1.000000e-030 1.000000e-030 1.000000e-030 1.000000e-030 1.000000e-030 1.000000e-030 1.000000e-030 1.000000e-030 1.000000e-030 1.000000e-030 1.000000e-030 1.000000e-030 1.000000e-030 1.000000e-030 1.000000e-030 1.000000e-030 1.000000e-030 1.000000e-030 1.000000e-030 1.000000e-030 1.000000e-030 1.000000e-030 
1.000000e-030 1.000000e-030 1.000000e-030 1.000000e-030 1.000000e-030 1.000000e+000 1.000000e-030 1.000000e-030 1.000000e-030 1.000000e-030 1.000000e-030 1.000000e-030 1.000000e-030 1.000000e-030 1.000000e-030 1.000000e-030 1.000000e-030 1.000000e-030 1.000000e-030 1.000000e-030 1.000000e-030 1.000000e-030 1.000000e-030 1.000000e-030 1.000000e-030 1.000000e-030 1.000000e-030 1.000000e-030 1.000000e-030 1.000000e-030 1.000000e-030 1.000000e-030 
1.000000e-030 1.000000e-030 1.000000e-030 1.000000e-030 1.000000e-030 1.000000e-030 1.000000e-030 1.000000e-030 1.000000e-030 1.000000e-030 1.000000e-030 1.000000e-030 1.000000e-030 1.000000e-030 1.000000e-030 1.000000e-030 1.000000e-030 1.000000e-030 1.000000e-030 1.000000e-030 1.000000e-030 1.000000e+000 1.000000e-030 1.000000e-030 1.000000e-030 1.000000e-030 1.000000e-030 1.000000e-030 1.000000e-030 1.000000e-030 1.000000e-030 1.000000e-030 
1.000000e-030 1.000000e-030 1.000000e-030 1.333333e-001 1.000000e-030 3.333333e-002 1.000000e-030 1.000000e-030 1.000000e-030 2.000000e-001 3.333333e-002 2.000000e-001 1.000000e-030 1.000000e-001 1.000000e-030 1.000000e-030 1.000000e-030 1.000000e-030 1.000000e-030 1.666667e-001 1.000000e-030 1.000000e-030 1.000000e-030 1.000000e-030 1.000000e-030 3.333333e-002 1.000000e-030 1.000000e-001 1.000000e-030 1.000000e-030 1.000000e-030 1.000000e-030 
Iteraion 4
-----------------

P(O|lamda) = 1.541469e-027

1.000000e+000 0.000000e+000 0.000000e+000 0.000000e+000 0.000000e+000 
1.999870e-060 1.000000e+000 0.000000e+000 0.000000e+000 0.000000e+000 
3.999481e-120 3.999741e-060 1.000000e+000 0.000000e+000 0.000000e+000 
7.998444e-210 1.199844e-149 5.999611e-090 1.000000e+000 0.000000e+000 
1.599585e-299 3.199378e-239 2.399689e-179 5.000000e-001 5.000000e-031 
0.000000e+000 7.997925e-299 7.998444e-239 2.500000e-031 8.333333e-003 
0.000000e+000 0.000000e+000 0.000000e+000 1.250000e-061 8.333333e-004 
0.000000e+000 0.000000e+000 0.000000e+000 6.250000e-092 8.333333e-005 
0.000000e+000 0.000000e+000 0.000000e+000 3.125000e-122 2.777778e-006 
0.000000e+000 0.000000e+000 0.000000e+000 1.562500e-152 5.555556e-007 
0.000000e+000 0.000000e+000 0.000000e+000 7.812500e-183 1.111111e-007 
0.000000e+000 0.000000e+000 0.000000e+000 3.906250e-213 2.222222e-008 
0.000000e+000 0.000000e+000 0.000000e+000 1.953125e-243 2.222222e-009 
0.000000e+000 0.000000e+000 0.000000e+000 9.765625e-274 4.444444e-010 
0.000000e+000 0.000000e+000 0.000000e+000 4.882813e-304 4.444444e-011 
0.000000e+000 0.000000e+000 0.000000e+000 0.000000e+000 8.888889e-012 
0.000000e+000 0.000000e+000 0.000000e+000 0.000000e+000 1.777778e-012 
0.000000e+000 0.000000e+000 0.000000e+000 0.000000e+000 3.555556e-013 
0.000000e+000 0.000000e+000 0.000000e+000 0.000000e+000 3.555556e-014 
0.000000e+000 0.000000e+000 0.000000e+000 0.000000e+000 7.111111e-015 
0.000000e+000 0.000000e+000 0.000000e+000 0.000000e+000 1.422222e-015 
0.000000e+000 0.000000e+000 0.000000e+000 0.000000e+000 2.370370e-016 
0.000000e+000 0.000000e+000 0.000000e+000 0.000000e+000 7.901235e-018 
0.000000e+000 0.000000e+000 0.000000e+000 0.000000e+000 1.053498e-018 
0.000000e+000 0.000000e+000 0.000000e+000 0.000000e+000 1.404664e-019 
0.000000e+000 0.000000e+000 0.000000e+000 0.000000e+000 1.872885e-020 
0.000000e+000 0.000000e+000 0.000000e+000 0.000000e+000 3.121475e-021 
0.000000e+000 0.000000e+000 0.000000e+000 0.000000e+000 5.202459e-022 
0.000000e+000 0.000000e+000 0.000000e+000 0.000000e+000 8.670765e-023 
0.000000e+000 0.000000e+000 0.000000e+000 0.000000e+000 1.445127e-023 
0.000000e+000 0.000000e+000 0.000000e+000 0.000000e+000 2.890255e-024 
0.000000e+000 0.000000e+000 0.000000e+000 0.000000e+000 3.853673e-025 
0.000000e+000 0.000000e+000 0.000000e+000 0.000000e+000 7.707347e-026 
0.000000e+000 0.000000e+000 0.000000e+000 0.000000e+000 1.541469e-026 
0.000000e+000 0.000000e+000 0.000000e+000 0.000000e+000 1.541469e-027 


1.541469e-027 7.707347e-058 3.853673e-088 1.961092e-088 6.850975e-090 
3.082939e-057 1.541469e-027 7.707347e-058 3.853673e-058 2.055292e-088 
9.248816e-116 3.082939e-057 1.541469e-027 7.707347e-028 6.165877e-087 
9.248816e-085 9.248816e-086 3.082939e-027 1.541469e-027 6.165877e-057 
9.248816e-084 9.248816e-055 9.248816e-056 3.082939e-027 6.165877e-027 
2.774645e-112 9.248816e-084 9.248816e-055 9.248816e-026 1.849763e-025 
1.387322e-111 2.774645e-082 9.248816e-054 9.248816e-025 1.849763e-024 
6.936612e-111 1.387322e-081 2.774645e-052 9.248816e-024 1.849763e-023 
3.468306e-110 6.936612e-081 1.387322e-051 2.774645e-022 5.549290e-022 
3.468306e-109 3.468306e-080 6.936612e-051 1.387322e-021 2.774645e-021 
1.734153e-108 3.468306e-079 3.468306e-050 6.936612e-021 1.387322e-020 
1.734153e-107 1.734153e-078 3.468306e-049 3.468306e-020 6.936612e-020 
8.670765e-107 1.734153e-077 1.734153e-048 3.468306e-019 6.936612e-019 
4.335382e-106 8.670765e-077 1.734153e-047 1.734153e-018 3.468306e-018 
2.167691e-105 4.335382e-076 8.670765e-047 1.734153e-017 3.468306e-017 
2.167691e-104 2.167691e-075 4.335382e-046 8.670765e-017 1.734153e-016 
1.083846e-103 2.167691e-074 2.167691e-045 4.335382e-016 8.670765e-016 
5.419228e-103 1.083846e-073 2.167691e-044 2.167691e-015 4.335382e-015 
3.251537e-102 5.419228e-073 1.083846e-043 2.167691e-014 4.335382e-014 
9.754611e-101 3.251537e-072 5.419228e-043 1.083846e-013 2.167691e-013 
7.315958e-100 9.754611e-071 3.251537e-042 5.419228e-013 1.083846e-012 
5.486968e-099 7.315958e-070 9.754611e-041 3.251537e-012 6.503074e-012 
4.115226e-098 5.486968e-069 7.315958e-040 9.754611e-011 1.950922e-010 
2.469136e-097 4.115226e-068 5.486968e-039 7.315958e-010 1.463192e-009 
1.481481e-096 2.469136e-067 4.115226e-038 5.486968e-009 1.097394e-008 
8.888889e-096 1.481481e-066 2.469136e-037 4.115226e-008 8.230453e-008 
5.333333e-095 8.888889e-066 1.481481e-036 2.469136e-007 4.938272e-007 
2.666667e-094 5.333333e-065 8.888889e-036 1.481481e-006 2.962963e-006 
2.000000e-093 2.666667e-064 5.333333e-035 8.888889e-006 1.777778e-005 
1.000000e-092 2.000000e-063 2.666667e-034 5.333333e-005 1.066667e-004 
5.000000e-092 1.000000e-062 2.000000e-033 2.666667e-004 5.333333e-004 
1.000000e-090 5.000000e-062 1.000000e-032 2.000000e-003 4.000000e-003 
1.000000e-060 1.000000e-060 5.000000e-032 1.000000e-002 2.000000e-002 
1.000000e-030 1.000000e-030 1.000000e-030 5.000000e-002 1.000000e-001 
1.000000e+000 1.000000e+000 1.000000e+000 1.000000e+000 1.000000e+000 


1.000000e+000 0.000000e+000 0.000000e+000 0.000000e+000 0.000000e+000 
3.999741e-090 1.000000e+000 0.000000e+000 0.000000e+000 0.000000e+000 
2.399689e-208 7.999481e-090 1.000000e+000 0.000000e+000 0.000000e+000 
4.799066e-267 7.199066e-208 1.199922e-089 1.000000e+000 0.000000e+000 
0.000000e+000 1.919627e-266 1.439813e-207 1.000000e+000 2.000000e-030 
0.000000e+000 0.000000e+000 4.799066e-266 1.500000e-029 1.000000e+000 
0.000000e+000 0.000000e+000 0.000000e+000 7.500000e-059 1.000000e+000 
0.000000e+000 0.000000e+000 0.000000e+000 3.750000e-088 1.000000e+000 
0.000000e+000 0.000000e+000 0.000000e+000 5.625000e-117 1.000000e+000 
0.000000e+000 0.000000e+000 0.000000e+000 1.406250e-146 1.000000e+000 
0.000000e+000 0.000000e+000 0.000000e+000 3.515625e-176 1.000000e+000 
0.000000e+000 0.000000e+000 0.000000e+000 8.789063e-206 1.000000e+000 
0.000000e+000 0.000000e+000 0.000000e+000 4.394531e-235 1.000000e+000 
0.000000e+000 0.000000e+000 0.000000e+000 1.098633e-264 1.000000e+000 
0.000000e+000 0.000000e+000 0.000000e+000 5.493164e-294 1.000000e+000 
0.000000e+000 0.000000e+000 0.000000e+000 0.000000e+000 1.000000e+000 
0.000000e+000 0.000000e+000 0.000000e+000 0.000000e+000 1.000000e+000 
0.000000e+000 0.000000e+000 0.000000e+000 0.000000e+000 1.000000e+000 
0.000000e+000 0.000000e+000 0.000000e+000 0.000000e+000 1.000000e+000 
0.000000e+000 0.000000e+000 0.000000e+000 0.000000e+000 1.000000e+000 
0.000000e+000 0.000000e+000 0.000000e+000 0.000000e+000 1.000000e+000 
0.000000e+000 0.000000e+000 0.000000e+000 0.000000e+000 1.000000e+000 
0.000000e+000 0.000000e+000 0.000000e+000 0.000000e+000 1.000000e+000 
0.000000e+000 0.000000e+000 0.000000e+000 0.000000e+000 1.000000e+000 
0.000000e+000 0.000000e+000 0.000000e+000 0.000000e+000 1.000000e+000 
0.000000e+000 0.000000e+000 0.000000e+000 0.000000e+000 1.000000e+000 
0.000000e+000 0.000000e+000 0.000000e+000 0.000000e+000 1.000000e+000 
0.000000e+000 0.000000e+000 0.000000e+000 0.000000e+000 1.000000e+000 
0.000000e+000 0.000000e+000 0.000000e+000 0.000000e+000 1.000000e+000 
0.000000e+000 0.000000e+000 0.000000e+000 0.000000e+000 1.000000e+000 
0.000000e+000 0.000000e+000 0.000000e+000 0.000000e+000 1.000000e+000 
0.000000e+000 0.000000e+000 0.000000e+000 0.000000e+000 1.000000e+000 
0.000000e+000 0.000000e+000 0.000000e+000 0.000000e+000 1.000000e+000 
0.000000e+000 0.000000e+000 0.000000e+000 0.000000e+000 1.000000e+000 
0.000000e+000 0.000000e+000 0.000000e+000 0.000000e+000 1.000000e+000 



Q star

------------
1  2  3  4  4  5  5  5  5  5  5  5  5  5  5  5  5  5  5  5  5  5  5  5  5  5  5  5  5  5  5  5  5  5  5  
------------

P star

-----------
1.541469e-027

A Martrix

3.999741e-090 1.000000e+000 0.000000e+000 0.000000e+000 0.000000e+000 
0.000000e+000 3.999741e-090 1.000000e+000 0.000000e+000 0.000000e+000 
0.000000e+000 0.000000e+000 3.999741e-090 1.000000e+000 0.000000e+000 
0.000000e+000 0.000000e+000 0.000000e+000 5.000000e-001 5.000000e-001 
0.000000e+000 0.000000e+000 0.000000e+000 0.000000e+000 1.000000e+000 

B Martrix

1.000000e-030 1.000000e-030 1.000000e-030 1.000000e-030 1.000000e-030 1.000000e+000 1.000000e-030 1.000000e-030 1.000000e-030 1.000000e-030 1.000000e-030 1.000000e-030 1.000000e-030 1.000000e-030 1.000000e-030 1.000000e-030 1.000000e-030 1.000000e-030 1.000000e-030 1.000000e-030 1.000000e-030 1.000000e-030 1.000000e-030 1.000000e-030 1.000000e-030 1.000000e-030 1.000000e-030 1.000000e-030 1.000000e-030 1.000000e-030 1.000000e-030 1.000000e-030 
1.000000e-030 1.000000e-030 1.000000e-030 1.000000e-030 1.000000e-030 1.000000e+000 1.000000e-030 1.000000e-030 1.000000e-030 1.000000e-030 1.000000e-030 1.000000e-030 1.000000e-030 1.000000e-030 1.000000e-030 1.000000e-030 1.000000e-030 1.000000e-030 1.000000e-030 1.000000e-030 1.000000e-030 1.000000e-030 1.000000e-030 1.000000e-030 1.000000e-030 1.000000e-030 1.000000e-030 1.000000e-030 1.000000e-030 1.000000e-030 1.000000e-030 1.000000e-030 
1.000000e-030 1.000000e-030 1.000000e-030 1.000000e-030 1.000000e-030 1.000000e+000 1.000000e-030 1.000000e-030 1.000000e-030 1.000000e-030 1.000000e-030 1.000000e-030 1.000000e-030 1.000000e-030 1.000000e-030 1.000000e-030 1.000000e-030 1.000000e-030 1.000000e-030 1.000000e-030 1.000000e-030 1.000000e-030 1.000000e-030 1.000000e-030 1.000000e-030 1.000000e-030 1.000000e-030 1.000000e-030 1.000000e-030 1.000000e-030 1.000000e-030 1.000000e-030 
1.000000e-030 1.000000e-030 1.000000e-030 1.000000e-030 1.000000e-030 1.000000e-030 1.000000e-030 1.000000e-030 1.000000e-030 1.000000e-030 1.000000e-030 1.000000e-030 1.000000e-030 1.000000e-030 1.000000e-030 1.000000e-030 1.000000e-030 1.000000e-030 1.000000e-030 1.000000e-030 1.000000e-030 1.000000e+000 1.000000e-030 1.000000e-030 1.000000e-030 1.000000e-030 1.000000e-030 1.000000e-030 1.000000e-030 1.000000e-030 1.000000e-030 1.000000e-030 
1.000000e-030 1.000000e-030 1.000000e-030 1.333333e-001 1.000000e-030 3.333333e-002 1.000000e-030 1.000000e-030 1.000000e-030 2.000000e-001 3.333333e-002 2.000000e-001 1.000000e-030 1.000000e-001 1.000000e-030 1.000000e-030 1.000000e-030 1.000000e-030 1.000000e-030 1.666667e-001 1.000000e-030 1.000000e-030 1.000000e-030 1.000000e-030 1.000000e-030 3.333333e-002 1.000000e-030 1.000000e-001 1.000000e-030 1.000000e-030 1.000000e-030 1.000000e-030 
Iteraion 5
-----------------

P(O|lamda) = 1.541469e-027

1.000000e+000 0.000000e+000 0.000000e+000 0.000000e+000 0.000000e+000 
3.999741e-090 1.000000e+000 0.000000e+000 0.000000e+000 0.000000e+000 
1.599793e-179 7.999481e-090 1.000000e+000 0.000000e+000 0.000000e+000 
6.398755e-299 4.799378e-209 1.199922e-119 1.000000e+000 0.000000e+000 
0.000000e+000 0.000000e+000 9.598755e-239 5.000000e-001 5.000000e-031 
0.000000e+000 0.000000e+000 0.000000e+000 2.500000e-031 8.333333e-003 
0.000000e+000 0.000000e+000 0.000000e+000 1.250000e-061 8.333333e-004 
0.000000e+000 0.000000e+000 0.000000e+000 6.250000e-092 8.333333e-005 
0.000000e+000 0.000000e+000 0.000000e+000 3.125000e-122 2.777778e-006 
0.000000e+000 0.000000e+000 0.000000e+000 1.562500e-152 5.555556e-007 
0.000000e+000 0.000000e+000 0.000000e+000 7.812500e-183 1.111111e-007 
0.000000e+000 0.000000e+000 0.000000e+000 3.906250e-213 2.222222e-008 
0.000000e+000 0.000000e+000 0.000000e+000 1.953125e-243 2.222222e-009 
0.000000e+000 0.000000e+000 0.000000e+000 9.765625e-274 4.444444e-010 
0.000000e+000 0.000000e+000 0.000000e+000 4.882813e-304 4.444444e-011 
0.000000e+000 0.000000e+000 0.000000e+000 0.000000e+000 8.888889e-012 
0.000000e+000 0.000000e+000 0.000000e+000 0.000000e+000 1.777778e-012 
0.000000e+000 0.000000e+000 0.000000e+000 0.000000e+000 3.555556e-013 
0.000000e+000 0.000000e+000 0.000000e+000 0.000000e+000 3.555556e-014 
0.000000e+000 0.000000e+000 0.000000e+000 0.000000e+000 7.111111e-015 
0.000000e+000 0.000000e+000 0.000000e+000 0.000000e+000 1.422222e-015 
0.000000e+000 0.000000e+000 0.000000e+000 0.000000e+000 2.370370e-016 
0.000000e+000 0.000000e+000 0.000000e+000 0.000000e+000 7.901235e-018 
0.000000e+000 0.000000e+000 0.000000e+000 0.000000e+000 1.053498e-018 
0.000000e+000 0.000000e+000 0.000000e+000 0.000000e+000 1.404664e-019 
0.000000e+000 0.000000e+000 0.000000e+000 0.000000e+000 1.872885e-020 
0.000000e+000 0.000000e+000 0.000000e+000 0.000000e+000 3.121475e-021 
0.000000e+000 0.000000e+000 0.000000e+000 0.000000e+000 5.202459e-022 
0.000000e+000 0.000000e+000 0.000000e+000 0.000000e+000 8.670765e-023 
0.000000e+000 0.000000e+000 0.000000e+000 0.000000e+000 1.445127e-023 
0.000000e+000 0.000000e+000 0.000000e+000 0.000000e+000 2.890255e-024 
0.000000e+000 0.000000e+000 0.000000e+000 0.000000e+000 3.853673e-025 
0.000000e+000 0.000000e+000 0.000000e+000 0.000000e+000 7.707347e-026 
0.000000e+000 0.000000e+000 0.000000e+000 0.000000e+000 1.541469e-026 
0.000000e+000 0.000000e+000 0.000000e+000 0.000000e+000 1.541469e-027 


1.541469e-027 7.707347e-058 3.853673e-088 1.961092e-088 6.850975e-090 
3.082939e-057 1.541469e-027 7.707347e-058 3.853673e-058 2.055292e-088 
9.248816e-116 3.082939e-057 1.541469e-027 7.707347e-028 6.165877e-087 
9.248816e-085 9.248816e-086 3.082939e-027 1.541469e-027 6.165877e-057 
9.248816e-084 9.248816e-055 9.248816e-056 3.082939e-027 6.165877e-027 
2.774645e-112 9.248816e-084 9.248816e-055 9.248816e-026 1.849763e-025 
1.387322e-111 2.774645e-082 9.248816e-054 9.248816e-025 1.849763e-024 
6.936612e-111 1.387322e-081 2.774645e-052 9.248816e-024 1.849763e-023 
3.468306e-110 6.936612e-081 1.387322e-051 2.774645e-022 5.549290e-022 
3.468306e-109 3.468306e-080 6.936612e-051 1.387322e-021 2.774645e-021 
1.734153e-108 3.468306e-079 3.468306e-050 6.936612e-021 1.387322e-020 
1.734153e-107 1.734153e-078 3.468306e-049 3.468306e-020 6.936612e-020 
8.670765e-107 1.734153e-077 1.734153e-048 3.468306e-019 6.936612e-019 
4.335382e-106 8.670765e-077 1.734153e-047 1.734153e-018 3.468306e-018 
2.167691e-105 4.335382e-076 8.670765e-047 1.734153e-017 3.468306e-017 
2.167691e-104 2.167691e-075 4.335382e-046 8.670765e-017 1.734153e-016 
1.083846e-103 2.167691e-074 2.167691e-045 4.335382e-016 8.670765e-016 
5.419228e-103 1.083846e-073 2.167691e-044 2.167691e-015 4.335382e-015 
3.251537e-102 5.419228e-073 1.083846e-043 2.167691e-014 4.335382e-014 
9.754611e-101 3.251537e-072 5.419228e-043 1.083846e-013 2.167691e-013 
7.315958e-100 9.754611e-071 3.251537e-042 5.419228e-013 1.083846e-012 
5.486968e-099 7.315958e-070 9.754611e-041 3.251537e-012 6.503074e-012 
4.115226e-098 5.486968e-069 7.315958e-040 9.754611e-011 1.950922e-010 
2.469136e-097 4.115226e-068 5.486968e-039 7.315958e-010 1.463192e-009 
1.481481e-096 2.469136e-067 4.115226e-038 5.486968e-009 1.097394e-008 
8.888889e-096 1.481481e-066 2.469136e-037 4.115226e-008 8.230453e-008 
5.333333e-095 8.888889e-066 1.481481e-036 2.469136e-007 4.938272e-007 
2.666667e-094 5.333333e-065 8.888889e-036 1.481481e-006 2.962963e-006 
2.000000e-093 2.666667e-064 5.333333e-035 8.888889e-006 1.777778e-005 
1.000000e-092 2.000000e-063 2.666667e-034 5.333333e-005 1.066667e-004 
5.000000e-092 1.000000e-062 2.000000e-033 2.666667e-004 5.333333e-004 
1.000000e-090 5.000000e-062 1.000000e-032 2.000000e-003 4.000000e-003 
1.000000e-060 1.000000e-060 5.000000e-032 1.000000e-002 2.000000e-002 
1.000000e-030 1.000000e-030 1.000000e-030 5.000000e-002 1.000000e-001 
1.000000e+000 1.000000e+000 1.000000e+000 1.000000e+000 1.000000e+000 


1.000000e+000 0.000000e+000 0.000000e+000 0.000000e+000 0.000000e+000 
7.999481e-120 1.000000e+000 0.000000e+000 0.000000e+000 0.000000e+000 
9.598755e-268 1.599896e-119 1.000000e+000 0.000000e+000 0.000000e+000 
0.000000e+000 2.879627e-267 2.399844e-119 1.000000e+000 0.000000e+000 
0.000000e+000 0.000000e+000 5.759253e-267 1.000000e+000 2.000000e-030 
0.000000e+000 0.000000e+000 0.000000e+000 1.500000e-029 1.000000e+000 
0.000000e+000 0.000000e+000 0.000000e+000 7.500000e-059 1.000000e+000 
0.000000e+000 0.000000e+000 0.000000e+000 3.750000e-088 1.000000e+000 
0.000000e+000 0.000000e+000 0.000000e+000 5.625000e-117 1.000000e+000 
0.000000e+000 0.000000e+000 0.000000e+000 1.406250e-146 1.000000e+000 
0.000000e+000 0.000000e+000 0.000000e+000 3.515625e-176 1.000000e+000 
0.000000e+000 0.000000e+000 0.000000e+000 8.789063e-206 1.000000e+000 
0.000000e+000 0.000000e+000 0.000000e+000 4.394531e-235 1.000000e+000 
0.000000e+000 0.000000e+000 0.000000e+000 1.098633e-264 1.000000e+000 
0.000000e+000 0.000000e+000 0.000000e+000 5.493164e-294 1.000000e+000 
0.000000e+000 0.000000e+000 0.000000e+000 0.000000e+000 1.000000e+000 
0.000000e+000 0.000000e+000 0.000000e+000 0.000000e+000 1.000000e+000 
0.000000e+000 0.000000e+000 0.000000e+000 0.000000e+000 1.000000e+000 
0.000000e+000 0.000000e+000 0.000000e+000 0.000000e+000 1.000000e+000 
0.000000e+000 0.000000e+000 0.000000e+000 0.000000e+000 1.000000e+000 
0.000000e+000 0.000000e+000 0.000000e+000 0.000000e+000 1.000000e+000 
0.000000e+000 0.000000e+000 0.000000e+000 0.000000e+000 1.000000e+000 
0.000000e+000 0.000000e+000 0.000000e+000 0.000000e+000 1.000000e+000 
0.000000e+000 0.000000e+000 0.000000e+000 0.000000e+000 1.000000e+000 
0.000000e+000 0.000000e+000 0.000000e+000 0.000000e+000 1.000000e+000 
0.000000e+000 0.000000e+000 0.000000e+000 0.000000e+000 1.000000e+000 
0.000000e+000 0.000000e+000 0.000000e+000 0.000000e+000 1.000000e+000 
0.000000e+000 0.000000e+000 0.000000e+000 0.000000e+000 1.000000e+000 
0.000000e+000 0.000000e+000 0.000000e+000 0.000000e+000 1.000000e+000 
0.000000e+000 0.000000e+000 0.000000e+000 0.000000e+000 1.000000e+000 
0.000000e+000 0.000000e+000 0.000000e+000 0.000000e+000 1.000000e+000 
0.000000e+000 0.000000e+000 0.000000e+000 0.000000e+000 1.000000e+000 
0.000000e+000 0.000000e+000 0.000000e+000 0.000000e+000 1.000000e+000 
0.000000e+000 0.000000e+000 0.000000e+000 0.000000e+000 1.000000e+000 
0.000000e+000 0.000000e+000 0.000000e+000 0.000000e+000 1.000000e+000 



Q star

------------
1  2  3  4  4  5  5  5  5  5  5  5  5  5  5  5  5  5  5  5  5  5  5  5  5  5  5  5  5  5  5  5  5  5  5  
------------

P star

-----------
1.541469e-027

A Martrix

7.999481e-120 1.000000e+000 0.000000e+000 0.000000e+000 0.000000e+000 
0.000000e+000 7.999481e-120 1.000000e+000 0.000000e+000 0.000000e+000 
0.000000e+000 0.000000e+000 7.999481e-120 1.000000e+000 0.000000e+000 
0.000000e+000 0.000000e+000 0.000000e+000 5.000000e-001 5.000000e-001 
0.000000e+000 0.000000e+000 0.000000e+000 0.000000e+000 1.000000e+000 

B Martrix

1.000000e-030 1.000000e-030 1.000000e-030 1.000000e-030 1.000000e-030 1.000000e+000 1.000000e-030 1.000000e-030 1.000000e-030 1.000000e-030 1.000000e-030 1.000000e-030 1.000000e-030 1.000000e-030 1.000000e-030 1.000000e-030 1.000000e-030 1.000000e-030 1.000000e-030 1.000000e-030 1.000000e-030 1.000000e-030 1.000000e-030 1.000000e-030 1.000000e-030 1.000000e-030 1.000000e-030 1.000000e-030 1.000000e-030 1.000000e-030 1.000000e-030 1.000000e-030 
1.000000e-030 1.000000e-030 1.000000e-030 1.000000e-030 1.000000e-030 1.000000e+000 1.000000e-030 1.000000e-030 1.000000e-030 1.000000e-030 1.000000e-030 1.000000e-030 1.000000e-030 1.000000e-030 1.000000e-030 1.000000e-030 1.000000e-030 1.000000e-030 1.000000e-030 1.000000e-030 1.000000e-030 1.000000e-030 1.000000e-030 1.000000e-030 1.000000e-030 1.000000e-030 1.000000e-030 1.000000e-030 1.000000e-030 1.000000e-030 1.000000e-030 1.000000e-030 
1.000000e-030 1.000000e-030 1.000000e-030 1.000000e-030 1.000000e-030 1.000000e+000 1.000000e-030 1.000000e-030 1.000000e-030 1.000000e-030 1.000000e-030 1.000000e-030 1.000000e-030 1.000000e-030 1.000000e-030 1.000000e-030 1.000000e-030 1.000000e-030 1.000000e-030 1.000000e-030 1.000000e-030 1.000000e-030 1.000000e-030 1.000000e-030 1.000000e-030 1.000000e-030 1.000000e-030 1.000000e-030 1.000000e-030 1.000000e-030 1.000000e-030 1.000000e-030 
1.000000e-030 1.000000e-030 1.000000e-030 1.000000e-030 1.000000e-030 1.000000e-030 1.000000e-030 1.000000e-030 1.000000e-030 1.000000e-030 1.000000e-030 1.000000e-030 1.000000e-030 1.000000e-030 1.000000e-030 1.000000e-030 1.000000e-030 1.000000e-030 1.000000e-030 1.000000e-030 1.000000e-030 1.000000e+000 1.000000e-030 1.000000e-030 1.000000e-030 1.000000e-030 1.000000e-030 1.000000e-030 1.000000e-030 1.000000e-030 1.000000e-030 1.000000e-030 
1.000000e-030 1.000000e-030 1.000000e-030 1.333333e-001 1.000000e-030 3.333333e-002 1.000000e-030 1.000000e-030 1.000000e-030 2.000000e-001 3.333333e-002 2.000000e-001 1.000000e-030 1.000000e-001 1.000000e-030 1.000000e-030 1.000000e-030 1.000000e-030 1.000000e-030 1.666667e-001 1.000000e-030 1.000000e-030 1.000000e-030 1.000000e-030 1.000000e-030 3.333333e-002 1.000000e-030 1.000000e-001 1.000000e-030 1.000000e-030 1.000000e-030 1.000000e-030 
=================
