27	20	11	19	29	29	29	5	21	29	5	29	29	13	5	13	13	19	29	19	13	13	3	3	20	20	12	20	20	4	12	12	28	12	12	12	19	12	12	12	28	16	16	12	12	28	28	28	28	28	28	28	28	12	12	16	28	28	28	12	28	16	16	16	28	16	

P(O|lamda) = 0.000000e+000

1.000000e-030 0.000000e+000 0.000000e+000 0.000000e+000 0.000000e+000 
2.571063e-062 9.742894e-061 0.000000e+000 0.000000e+000 0.000000e+000 
6.610365e-094 6.205654e-092 9.372825e-091 0.000000e+000 0.000000e+000 
1.699566e-125 3.001167e-123 1.814560e-121 8.155259e-121 0.000000e+000 
4.369692e-157 1.305536e-154 2.645899e-152 3.401961e-151 6.332140e-151 
1.123475e-188 5.384622e-186 3.562719e-183 9.907319e-182 8.973588e-181 
2.888526e-220 2.154729e-217 4.679908e-214 2.524786e-212 9.742840e-211 
7.426583e-252 8.465846e-249 6.100107e-245 6.051391e-243 9.938877e-241 
1.909421e-283 3.287984e-280 7.932415e-276 1.405874e-273 9.985863e-271 
4.909242e-315 1.267496e-311 1.030767e-306 3.211870e-304 9.996778e-301 
0.000000e+000 0.000000e+000 0.000000e+000 0.000000e+000 0.000000e+000 
0.000000e+000 0.000000e+000 0.000000e+000 0.000000e+000 0.000000e+000 
0.000000e+000 0.000000e+000 0.000000e+000 0.000000e+000 0.000000e+000 
0.000000e+000 0.000000e+000 0.000000e+000 0.000000e+000 0.000000e+000 
0.000000e+000 0.000000e+000 0.000000e+000 0.000000e+000 0.000000e+000 
0.000000e+000 0.000000e+000 0.000000e+000 0.000000e+000 0.000000e+000 
0.000000e+000 0.000000e+000 0.000000e+000 0.000000e+000 0.000000e+000 
0.000000e+000 0.000000e+000 0.000000e+000 0.000000e+000 0.000000e+000 
0.000000e+000 0.000000e+000 0.000000e+000 0.000000e+000 0.000000e+000 
0.000000e+000 0.000000e+000 0.000000e+000 0.000000e+000 0.000000e+000 
0.000000e+000 0.000000e+000 0.000000e+000 0.000000e+000 0.000000e+000 
0.000000e+000 0.000000e+000 0.000000e+000 0.000000e+000 0.000000e+000 
0.000000e+000 0.000000e+000 0.000000e+000 0.000000e+000 0.000000e+000 
0.000000e+000 0.000000e+000 0.000000e+000 0.000000e+000 0.000000e+000 
0.000000e+000 0.000000e+000 0.000000e+000 0.000000e+000 0.000000e+000 
0.000000e+000 0.000000e+000 0.000000e+000 0.000000e+000 0.000000e+000 
0.000000e+000 0.000000e+000 0.000000e+000 0.000000e+000 0.000000e+000 
0.000000e+000 0.000000e+000 0.000000e+000 0.000000e+000 0.000000e+000 
0.000000e+000 0.000000e+000 0.000000e+000 0.000000e+000 0.000000e+000 
0.000000e+000 0.000000e+000 0.000000e+000 0.000000e+000 0.000000e+000 
0.000000e+000 0.000000e+000 0.000000e+000 0.000000e+000 0.000000e+000 
0.000000e+000 0.000000e+000 0.000000e+000 0.000000e+000 0.000000e+000 
0.000000e+000 0.000000e+000 0.000000e+000 0.000000e+000 0.000000e+000 
0.000000e+000 0.000000e+000 0.000000e+000 0.000000e+000 0.000000e+000 
0.000000e+000 0.000000e+000 0.000000e+000 0.000000e+000 0.000000e+000 
0.000000e+000 0.000000e+000 0.000000e+000 0.000000e+000 0.000000e+000 
0.000000e+000 0.000000e+000 0.000000e+000 0.000000e+000 0.000000e+000 
0.000000e+000 0.000000e+000 0.000000e+000 0.000000e+000 0.000000e+000 
0.000000e+000 0.000000e+000 0.000000e+000 0.000000e+000 0.000000e+000 
0.000000e+000 0.000000e+000 0.000000e+000 0.000000e+000 0.000000e+000 
0.000000e+000 0.000000e+000 0.000000e+000 0.000000e+000 0.000000e+000 
0.000000e+000 0.000000e+000 0.000000e+000 0.000000e+000 0.000000e+000 
0.000000e+000 0.000000e+000 0.000000e+000 0.000000e+000 0.000000e+000 
0.000000e+000 0.000000e+000 0.000000e+000 0.000000e+000 0.000000e+000 
0.000000e+000 0.000000e+000 0.000000e+000 0.000000e+000 0.000000e+000 
0.000000e+000 0.000000e+000 0.000000e+000 0.000000e+000 0.000000e+000 
0.000000e+000 0.000000e+000 0.000000e+000 0.000000e+000 0.000000e+000 
0.000000e+000 0.000000e+000 0.000000e+000 0.000000e+000 0.000000e+000 
0.000000e+000 0.000000e+000 0.000000e+000 0.000000e+000 0.000000e+000 
0.000000e+000 0.000000e+000 0.000000e+000 0.000000e+000 0.000000e+000 
0.000000e+000 0.000000e+000 0.000000e+000 0.000000e+000 0.000000e+000 
0.000000e+000 0.000000e+000 0.000000e+000 0.000000e+000 0.000000e+000 
0.000000e+000 0.000000e+000 0.000000e+000 0.000000e+000 0.000000e+000 
0.000000e+000 0.000000e+000 0.000000e+000 0.000000e+000 0.000000e+000 
0.000000e+000 0.000000e+000 0.000000e+000 0.000000e+000 0.000000e+000 
0.000000e+000 0.000000e+000 0.000000e+000 0.000000e+000 0.000000e+000 
0.000000e+000 0.000000e+000 0.000000e+000 0.000000e+000 0.000000e+000 
0.000000e+000 0.000000e+000 0.000000e+000 0.000000e+000 0.000000e+000 
0.000000e+000 0.000000e+000 0.000000e+000 0.000000e+000 0.000000e+000 
0.000000e+000 0.000000e+000 0.000000e+000 0.000000e+000 0.000000e+000 
0.000000e+000 0.000000e+000 0.000000e+000 0.000000e+000 0.000000e+000 
0.000000e+000 0.000000e+000 0.000000e+000 0.000000e+000 0.000000e+000 
0.000000e+000 0.000000e+000 0.000000e+000 0.000000e+000 0.000000e+000 
0.000000e+000 0.000000e+000 0.000000e+000 0.000000e+000 0.000000e+000 
0.000000e+000 0.000000e+000 0.000000e+000 0.000000e+000 0.000000e+000 
0.000000e+000 0.000000e+000 0.000000e+000 0.000000e+000 0.000000e+000 



P(O|lamda) = 5.752695e-098

8.000000e-001 0.000000e+000 0.000000e+000 0.000000e+000 0.000000e+000 
6.637037e-152 2.000000e-001 0.000000e+000 0.000000e+000 0.000000e+000 
5.506282e-303 6.988172e-088 3.000000e-002 0.000000e+000 0.000000e+000 
0.000000e+000 1.220864e-174 2.625000e-004 7.312500e-003 0.000000e+000 
0.000000e+000 2.239546e-290 6.562500e-007 7.076409e-005 8.968637e-004 
0.000000e+000 0.000000e+000 1.640625e-009 5.929490e-007 1.394030e-004 
0.000000e+000 0.000000e+000 4.101563e-012 4.780370e-009 2.039164e-005 
0.000000e+000 0.000000e+000 1.076660e-043 7.999869e-040 5.167986e-007 
0.000000e+000 0.000000e+000 2.826233e-075 1.332840e-070 5.426385e-037 
0.000000e+000 0.000000e+000 7.065582e-078 1.056699e-072 7.909320e-038 
0.000000e+000 0.000000e+000 1.854715e-109 1.759158e-103 2.004115e-039 
0.000000e+000 0.000000e+000 4.636788e-112 1.394518e-105 2.921132e-040 
0.000000e+000 0.000000e+000 1.159197e-114 1.105456e-107 4.257745e-041 
0.000000e+000 0.000000e+000 3.042892e-146 8.763113e-110 2.441426e-042 
0.000000e+000 0.000000e+000 7.987592e-178 1.458795e-140 6.186245e-044 
0.000000e+000 0.000000e+000 2.096743e-209 1.156407e-142 3.547244e-045 
0.000000e+000 0.000000e+000 5.503950e-241 9.167001e-145 2.034019e-046 
0.000000e+000 0.000000e+000 4.815957e-243 3.633405e-146 9.078828e-048 
0.000000e+000 0.000000e+000 1.203989e-245 2.880251e-148 1.323300e-048 
0.000000e+000 0.000000e+000 1.053491e-247 1.141608e-149 5.906539e-050 
0.000000e+000 0.000000e+000 2.765413e-279 9.049684e-152 3.386859e-051 
0.000000e+000 0.000000e+000 7.259208e-311 7.173811e-154 1.942053e-052 
0.000000e+000 0.000000e+000 0.000000e+000 1.194224e-184 1.475891e-053 
0.000000e+000 0.000000e+000 0.000000e+000 1.988024e-215 1.121624e-054 
0.000000e+000 0.000000e+000 0.000000e+000 9.455606e-217 2.392291e-056 
0.000000e+000 0.000000e+000 0.000000e+000 4.497355e-218 5.102473e-058 
0.000000e+000 0.000000e+000 0.000000e+000 3.565116e-221 7.013007e-059 
0.000000e+000 0.000000e+000 0.000000e+000 1.695670e-222 1.495791e-060 
0.000000e+000 0.000000e+000 0.000000e+000 8.065090e-224 3.190344e-062 
0.000000e+000 0.000000e+000 0.000000e+000 6.393310e-226 7.013569e-064 
0.000000e+000 0.000000e+000 0.000000e+000 5.068066e-229 9.639681e-065 
0.000000e+000 0.000000e+000 0.000000e+000 4.017527e-232 1.324910e-065 
0.000000e+000 0.000000e+000 0.000000e+000 6.687975e-263 1.638023e-066 
0.000000e+000 0.000000e+000 0.000000e+000 5.301651e-266 2.251353e-067 
0.000000e+000 0.000000e+000 0.000000e+000 4.202693e-269 3.094333e-068 
0.000000e+000 0.000000e+000 0.000000e+000 3.331534e-272 4.252954e-069 
0.000000e+000 0.000000e+000 0.000000e+000 1.320477e-273 1.898302e-070 
0.000000e+000 0.000000e+000 0.000000e+000 1.046760e-276 2.609090e-071 
0.000000e+000 0.000000e+000 0.000000e+000 8.297816e-280 3.586019e-072 
0.000000e+000 0.000000e+000 0.000000e+000 6.577795e-283 4.928743e-073 
0.000000e+000 0.000000e+000 0.000000e+000 1.095005e-313 6.093543e-074 
0.000000e+000 0.000000e+000 0.000000e+000 0.000000e+000 4.512224e-075 
0.000000e+000 0.000000e+000 0.000000e+000 0.000000e+000 3.341269e-076 
0.000000e+000 0.000000e+000 0.000000e+000 0.000000e+000 4.592350e-077 
0.000000e+000 0.000000e+000 0.000000e+000 0.000000e+000 6.311877e-078 
0.000000e+000 0.000000e+000 0.000000e+000 0.000000e+000 7.803551e-079 
0.000000e+000 0.000000e+000 0.000000e+000 0.000000e+000 9.647748e-080 
0.000000e+000 0.000000e+000 0.000000e+000 0.000000e+000 1.192778e-080 
0.000000e+000 0.000000e+000 0.000000e+000 0.000000e+000 1.474665e-081 
0.000000e+000 0.000000e+000 0.000000e+000 0.000000e+000 1.823170e-082 
0.000000e+000 0.000000e+000 0.000000e+000 0.000000e+000 2.254036e-083 
0.000000e+000 0.000000e+000 0.000000e+000 0.000000e+000 2.786727e-084 
0.000000e+000 0.000000e+000 0.000000e+000 0.000000e+000 3.445309e-085 
0.000000e+000 0.000000e+000 0.000000e+000 0.000000e+000 4.735347e-086 
0.000000e+000 0.000000e+000 0.000000e+000 0.000000e+000 6.508417e-087 
0.000000e+000 0.000000e+000 0.000000e+000 0.000000e+000 4.819435e-088 
0.000000e+000 0.000000e+000 0.000000e+000 0.000000e+000 5.958402e-089 
0.000000e+000 0.000000e+000 0.000000e+000 0.000000e+000 7.366540e-090 
0.000000e+000 0.000000e+000 0.000000e+000 0.000000e+000 9.107459e-091 
0.000000e+000 0.000000e+000 0.000000e+000 0.000000e+000 1.251759e-091 
0.000000e+000 0.000000e+000 0.000000e+000 0.000000e+000 1.547585e-092 
0.000000e+000 0.000000e+000 0.000000e+000 0.000000e+000 1.145975e-093 
0.000000e+000 0.000000e+000 0.000000e+000 0.000000e+000 8.485864e-095 
0.000000e+000 0.000000e+000 0.000000e+000 0.000000e+000 6.283721e-096 
0.000000e+000 0.000000e+000 0.000000e+000 0.000000e+000 7.768740e-097 
0.000000e+000 0.000000e+000 0.000000e+000 0.000000e+000 5.752695e-098 



P(O|lamda) = 3.222728e-113

4.000000e-002 0.000000e+000 0.000000e+000 0.000000e+000 0.000000e+000 
2.500395e-034 4.473274e-003 0.000000e+000 0.000000e+000 0.000000e+000 
7.425147e-038 2.656758e-007 3.335029e-005 0.000000e+000 0.000000e+000 
4.641450e-070 7.889481e-012 3.074116e-008 5.176885e-006 0.000000e+000 
2.901364e-102 4.931704e-044 6.918076e-012 2.085688e-009 3.186223e-008 
1.813639e-134 3.082802e-076 1.548038e-015 8.272360e-013 2.450435e-010 
1.133703e-166 1.927055e-108 3.464001e-019 3.252466e-016 1.790927e-012 
7.086765e-199 1.204600e-140 1.631648e-050 5.357302e-047 2.269331e-015 
4.429928e-231 7.529938e-173 7.685548e-082 8.783323e-078 2.388471e-045 
2.769142e-263 4.706954e-205 1.719773e-085 3.415946e-081 1.740678e-047 
1.730987e-295 2.942311e-237 8.100645e-117 5.591729e-112 2.205321e-050 
0.000000e+000 1.839235e-269 1.812658e-120 2.173719e-115 1.607201e-052 
0.000000e+000 1.149703e-301 4.056134e-124 8.449762e-119 1.171302e-054 
0.000000e+000 0.000000e+000 1.910560e-155 3.284551e-122 4.822297e-057 
0.000000e+000 0.000000e+000 8.999308e-187 5.374980e-153 6.109522e-060 
0.000000e+000 0.000000e+000 4.238943e-218 2.089275e-156 2.515315e-062 
0.000000e+000 0.000000e+000 1.996669e-249 8.121090e-160 1.035566e-064 
0.000000e+000 0.000000e+000 1.563761e-252 2.051854e-161 9.841112e-066 
0.000000e+000 0.000000e+000 3.499183e-256 7.975632e-165 7.172039e-068 
0.000000e+000 0.000000e+000 2.740508e-259 2.015103e-166 6.815681e-069 
0.000000e+000 0.000000e+000 1.290861e-290 7.832780e-170 2.806044e-071 
0.000000e+000 0.000000e+000 6.077007e-322 3.044631e-173 1.155260e-073 
0.000000e+000 0.000000e+000 0.000000e+000 2.366919e-175 6.879320e-076 
0.000000e+000 0.000000e+000 0.000000e+000 1.840061e-177 4.096485e-078 
0.000000e+000 0.000000e+000 0.000000e+000 4.720574e-179 1.200244e-078 
0.000000e+000 0.000000e+000 0.000000e+000 1.211037e-180 3.516638e-079 
0.000000e+000 0.000000e+000 0.000000e+000 4.712054e-182 3.244825e-080 
0.000000e+000 0.000000e+000 0.000000e+000 1.208851e-183 9.507129e-081 
0.000000e+000 0.000000e+000 0.000000e+000 3.101242e-185 2.785528e-081 
0.000000e+000 0.000000e+000 0.000000e+000 9.764260e-187 1.807097e-082 
0.000000e+000 0.000000e+000 0.000000e+000 3.799200e-188 1.667420e-083 
0.000000e+000 0.000000e+000 0.000000e+000 1.478240e-189 1.538540e-084 
0.000000e+000 0.000000e+000 0.000000e+000 3.447585e-191 3.359649e-085 
0.000000e+000 0.000000e+000 0.000000e+000 1.341429e-192 3.099971e-086 
0.000000e+000 0.000000e+000 0.000000e+000 5.219400e-194 2.860363e-087 
0.000000e+000 0.000000e+000 0.000000e+000 2.030829e-195 2.639276e-088 
0.000000e+000 0.000000e+000 0.000000e+000 5.131041e-197 2.508138e-089 
0.000000e+000 0.000000e+000 0.000000e+000 1.996449e-198 2.314275e-090 
0.000000e+000 0.000000e+000 0.000000e+000 7.768033e-200 2.135397e-091 
0.000000e+000 0.000000e+000 0.000000e+000 3.022483e-201 1.970345e-092 
0.000000e+000 0.000000e+000 0.000000e+000 7.049103e-203 4.302566e-093 
0.000000e+000 0.000000e+000 0.000000e+000 1.153545e-233 5.310351e-094 
0.000000e+000 0.000000e+000 0.000000e+000 1.887711e-264 6.554190e-095 
0.000000e+000 0.000000e+000 0.000000e+000 7.344941e-266 6.047594e-096 
0.000000e+000 0.000000e+000 0.000000e+000 2.857861e-267 5.580155e-097 
0.000000e+000 0.000000e+000 0.000000e+000 6.665168e-269 1.218517e-097 
0.000000e+000 0.000000e+000 0.000000e+000 1.554465e-270 2.660827e-098 
0.000000e+000 0.000000e+000 0.000000e+000 3.625359e-272 5.810345e-099 
0.000000e+000 0.000000e+000 0.000000e+000 8.455145e-274 1.268782e-099 
0.000000e+000 0.000000e+000 0.000000e+000 1.971928e-275 2.770590e-100 
0.000000e+000 0.000000e+000 0.000000e+000 4.598975e-277 6.050030e-101 
0.000000e+000 0.000000e+000 0.000000e+000 1.072583e-278 1.321122e-101 
0.000000e+000 0.000000e+000 0.000000e+000 2.501503e-280 2.884882e-102 
0.000000e+000 0.000000e+000 0.000000e+000 9.733158e-282 2.661899e-103 
0.000000e+000 0.000000e+000 0.000000e+000 3.787098e-283 2.456152e-104 
0.000000e+000 0.000000e+000 0.000000e+000 6.197370e-314 3.031454e-105 
0.000000e+000 0.000000e+000 0.000000e+000 1.445365e-315 6.619668e-106 
0.000000e+000 0.000000e+000 0.000000e+000 3.370912e-317 1.445511e-106 
0.000000e+000 0.000000e+000 0.000000e+000 7.861721e-319 3.156506e-107 
0.000000e+000 0.000000e+000 0.000000e+000 3.058760e-320 2.912529e-108 
0.000000e+000 0.000000e+000 0.000000e+000 7.114545e-322 6.359976e-109 
0.000000e+000 0.000000e+000 0.000000e+000 0.000000e+000 7.849667e-110 
0.000000e+000 0.000000e+000 0.000000e+000 0.000000e+000 9.688287e-111 
0.000000e+000 0.000000e+000 0.000000e+000 0.000000e+000 1.195756e-111 
0.000000e+000 0.000000e+000 0.000000e+000 0.000000e+000 2.611127e-112 
0.000000e+000 0.000000e+000 0.000000e+000 0.000000e+000 3.222728e-113 



P(O|lamda) = 9.182237e-163

2.000000e-003 0.000000e+000 0.000000e+000 0.000000e+000 0.000000e+000 
5.736347e-034 8.184620e-006 0.000000e+000 0.000000e+000 0.000000e+000 
3.907574e-037 1.149773e-009 2.206903e-009 0.000000e+000 0.000000e+000 
1.120760e-067 8.075994e-014 1.346053e-012 1.214923e-011 0.000000e+000 
3.214535e-098 2.388435e-044 1.230255e-016 6.643030e-016 2.822881e-015 
9.219843e-129 7.063676e-075 9.917347e-021 4.050917e-020 1.182985e-018 
2.644411e-159 2.089047e-105 7.994582e-025 2.674805e-024 4.404824e-022 
7.584630e-190 6.178252e-136 2.713499e-055 1.590430e-054 2.801111e-026 
2.175404e-220 1.827187e-166 9.210084e-086 8.001664e-085 2.948520e-056 
6.239436e-251 5.403814e-197 7.424442e-090 4.404398e-089 1.074416e-059 
1.789578e-281 1.598151e-227 2.519984e-120 2.209486e-119 6.806063e-064 
5.132822e-312 4.726451e-258 2.031412e-124 1.214216e-123 2.480073e-067 
0.000000e+000 1.397824e-288 1.637564e-128 7.220282e-128 9.037180e-071 
0.000000e+000 4.133995e-319 5.558173e-159 4.657349e-132 1.860322e-074 
0.000000e+000 0.000000e+000 1.886540e-189 1.776452e-162 1.178451e-078 
0.000000e+000 0.000000e+000 6.403242e-220 8.046452e-167 2.425867e-082 
0.000000e+000 0.000000e+000 2.173371e-250 3.644647e-171 4.993698e-086 
0.000000e+000 0.000000e+000 6.131999e-254 1.073050e-173 2.372788e-088 
0.000000e+000 0.000000e+000 4.943133e-258 4.860386e-178 8.646241e-092 
0.000000e+000 0.000000e+000 1.394667e-261 1.430985e-180 4.108317e-094 
0.000000e+000 0.000000e+000 4.733741e-292 6.481657e-185 8.457056e-098 
0.000000e+000 0.000000e+000 1.630417e-322 2.935872e-189 1.740903e-101 
0.000000e+000 0.000000e+000 4.940656e-324 5.585182e-191 2.431982e-103 
0.000000e+000 0.000000e+000 0.000000e+000 1.062521e-192 3.397396e-105 
0.000000e+000 0.000000e+000 0.000000e+000 3.176380e-195 4.977077e-107 
0.000000e+000 0.000000e+000 0.000000e+000 9.495710e-198 7.291258e-109 
0.000000e+000 0.000000e+000 0.000000e+000 1.075315e-198 6.707254e-110 
0.000000e+000 0.000000e+000 0.000000e+000 3.214628e-201 9.825912e-112 
0.000000e+000 0.000000e+000 0.000000e+000 9.610050e-204 1.439465e-113 
0.000000e+000 0.000000e+000 0.000000e+000 3.525832e-206 7.151062e-116 
0.000000e+000 0.000000e+000 0.000000e+000 3.992731e-207 6.578287e-117 
0.000000e+000 0.000000e+000 0.000000e+000 4.521457e-208 6.051389e-118 
0.000000e+000 0.000000e+000 0.000000e+000 1.228798e-210 3.352725e-119 
0.000000e+000 0.000000e+000 0.000000e+000 1.391518e-211 3.084184e-120 
0.000000e+000 0.000000e+000 0.000000e+000 1.575786e-212 2.837152e-121 
0.000000e+000 0.000000e+000 0.000000e+000 1.784455e-213 2.609906e-122 
0.000000e+000 0.000000e+000 0.000000e+000 5.253758e-216 1.240113e-124 
0.000000e+000 0.000000e+000 0.000000e+000 5.949472e-217 1.140785e-125 
0.000000e+000 0.000000e+000 0.000000e+000 6.737314e-218 1.049412e-126 
0.000000e+000 0.000000e+000 0.000000e+000 7.629483e-219 9.653576e-128 
0.000000e+000 0.000000e+000 0.000000e+000 2.073468e-221 5.348489e-129 
0.000000e+000 0.000000e+000 0.000000e+000 7.908826e-252 9.510946e-131 
0.000000e+000 0.000000e+000 0.000000e+000 3.016662e-282 1.691283e-132 
0.000000e+000 0.000000e+000 0.000000e+000 3.416135e-283 1.555817e-133 
0.000000e+000 0.000000e+000 0.000000e+000 3.868507e-284 1.431202e-134 
0.000000e+000 0.000000e+000 0.000000e+000 1.051346e-286 7.929462e-136 
0.000000e+000 0.000000e+000 0.000000e+000 2.857247e-289 4.393258e-137 
0.000000e+000 0.000000e+000 0.000000e+000 7.765154e-292 2.434051e-138 
0.000000e+000 0.000000e+000 0.000000e+000 2.110339e-294 1.348567e-139 
0.000000e+000 0.000000e+000 0.000000e+000 5.735279e-297 7.471631e-141 
0.000000e+000 0.000000e+000 0.000000e+000 1.558679e-299 4.139600e-142 
0.000000e+000 0.000000e+000 0.000000e+000 4.236030e-302 2.293513e-143 
0.000000e+000 0.000000e+000 0.000000e+000 1.151228e-304 1.270703e-144 
0.000000e+000 0.000000e+000 0.000000e+000 1.303676e-305 1.168925e-145 
0.000000e+000 0.000000e+000 0.000000e+000 1.476311e-306 1.075298e-146 
0.000000e+000 0.000000e+000 0.000000e+000 0.000000e+000 1.912147e-148 
0.000000e+000 0.000000e+000 0.000000e+000 0.000000e+000 1.059410e-149 
0.000000e+000 0.000000e+000 0.000000e+000 0.000000e+000 5.869582e-151 
0.000000e+000 0.000000e+000 0.000000e+000 0.000000e+000 3.251997e-152 
0.000000e+000 0.000000e+000 0.000000e+000 0.000000e+000 2.991523e-153 
0.000000e+000 0.000000e+000 0.000000e+000 0.000000e+000 1.657430e-154 
0.000000e+000 0.000000e+000 0.000000e+000 0.000000e+000 2.947324e-156 
0.000000e+000 0.000000e+000 0.000000e+000 0.000000e+000 5.241076e-158 
0.000000e+000 0.000000e+000 0.000000e+000 0.000000e+000 9.319938e-160 
0.000000e+000 0.000000e+000 0.000000e+000 0.000000e+000 5.163640e-161 
0.000000e+000 0.000000e+000 0.000000e+000 0.000000e+000 9.182237e-163 



P(O|lamda) = 1.638814e-133

5.001000e-001 0.000000e+000 0.000000e+000 0.000000e+000 0.000000e+000 
1.533804e-003 3.940832e-001 0.000000e+000 0.000000e+000 0.000000e+000 
2.940104e-009 7.024328e-007 6.890554e-006 0.000000e+000 0.000000e+000 
4.745935e-041 5.029130e-009 9.273169e-007 3.416988e-006 0.000000e+000 
7.660919e-073 3.571502e-040 2.076331e-012 8.270719e-008 3.761091e-007 
1.236631e-104 2.536348e-071 4.517798e-018 1.074954e-009 6.503909e-008 
1.996177e-136 1.801221e-102 9.830079e-024 1.397017e-011 9.791024e-009 
3.222242e-168 1.279160e-133 1.801164e-054 3.821777e-042 2.285116e-011 
5.201364e-200 9.084123e-165 3.300272e-085 1.045512e-072 2.405384e-041 
8.396075e-232 6.451208e-196 7.180917e-091 1.358754e-074 3.577321e-042 
1.355300e-263 4.581409e-227 1.315759e-121 3.717103e-105 8.340264e-045 
2.187734e-295 3.253547e-258 2.862902e-127 4.830771e-107 1.240376e-045 
0.000000e+000 2.310549e-289 6.229263e-133 6.278102e-109 1.844704e-046 
0.000000e+000 1.640792e-320 1.141387e-163 1.019755e-114 4.591935e-048 
0.000000e+000 0.000000e+000 2.091363e-194 2.789714e-145 1.070576e-050 
0.000000e+000 0.000000e+000 3.832002e-225 4.531346e-151 2.664935e-052 
0.000000e+000 0.000000e+000 7.021373e-256 7.360288e-157 6.633697e-054 
0.000000e+000 0.000000e+000 6.111534e-257 1.148491e-157 2.195583e-054 
0.000000e+000 0.000000e+000 1.329782e-262 1.492586e-159 3.265301e-055 
0.000000e+000 0.000000e+000 1.157467e-263 2.329015e-160 1.080730e-055 
0.000000e+000 0.000000e+000 2.120826e-294 3.783030e-166 2.690212e-057 
0.000000e+000 0.000000e+000 0.000000e+000 6.144795e-172 6.696617e-059 
0.000000e+000 0.000000e+000 0.000000e+000 4.192029e-175 2.716906e-060 
0.000000e+000 0.000000e+000 0.000000e+000 2.859836e-178 1.102285e-061 
0.000000e+000 0.000000e+000 0.000000e+000 2.232784e-179 2.872812e-062 
0.000000e+000 0.000000e+000 0.000000e+000 1.743220e-180 7.487219e-063 
0.000000e+000 0.000000e+000 0.000000e+000 7.079089e-183 2.546304e-064 
0.000000e+000 0.000000e+000 0.000000e+000 5.526917e-184 6.636263e-065 
0.000000e+000 0.000000e+000 0.000000e+000 4.315077e-185 1.729566e-065 
0.000000e+000 0.000000e+000 0.000000e+000 5.677291e-189 8.486805e-067 
0.000000e+000 0.000000e+000 0.000000e+000 2.305506e-191 2.886250e-068 
0.000000e+000 0.000000e+000 0.000000e+000 9.362489e-194 9.815751e-070 
0.000000e+000 0.000000e+000 0.000000e+000 9.124523e-198 1.873970e-071 
0.000000e+000 0.000000e+000 0.000000e+000 3.705401e-200 6.373123e-073 
0.000000e+000 0.000000e+000 0.000000e+000 1.504736e-202 2.167414e-074 
0.000000e+000 0.000000e+000 0.000000e+000 6.110622e-205 7.371088e-076 
0.000000e+000 0.000000e+000 0.000000e+000 9.534946e-206 2.439640e-076 
0.000000e+000 0.000000e+000 0.000000e+000 3.872071e-208 8.296891e-078 
0.000000e+000 0.000000e+000 0.000000e+000 1.572420e-210 2.821662e-079 
0.000000e+000 0.000000e+000 0.000000e+000 6.385480e-213 9.596099e-081 
0.000000e+000 0.000000e+000 0.000000e+000 6.223180e-217 1.832035e-082 
0.000000e+000 0.000000e+000 0.000000e+000 1.702457e-247 1.628908e-085 
0.000000e+000 0.000000e+000 0.000000e+000 4.657360e-278 1.448302e-088 
0.000000e+000 0.000000e+000 0.000000e+000 1.891320e-280 4.925483e-090 
0.000000e+000 0.000000e+000 0.000000e+000 7.680509e-283 1.675091e-091 
0.000000e+000 0.000000e+000 0.000000e+000 7.485294e-287 3.197994e-093 
0.000000e+000 0.000000e+000 0.000000e+000 7.295040e-291 6.105437e-095 
0.000000e+000 0.000000e+000 0.000000e+000 7.109622e-295 1.165617e-096 
0.000000e+000 0.000000e+000 0.000000e+000 6.928917e-299 2.225333e-098 
0.000000e+000 0.000000e+000 0.000000e+000 6.752805e-303 4.248486e-100 
0.000000e+000 0.000000e+000 0.000000e+000 6.581169e-307 8.110980e-102 
0.000000e+000 0.000000e+000 0.000000e+000 6.413895e-311 1.548505e-103 
0.000000e+000 0.000000e+000 0.000000e+000 6.250873e-315 2.956321e-105 
0.000000e+000 0.000000e+000 0.000000e+000 2.538433e-317 1.005406e-106 
0.000000e+000 0.000000e+000 0.000000e+000 1.030819e-319 3.419250e-108 
0.000000e+000 0.000000e+000 0.000000e+000 0.000000e+000 3.040140e-111 
0.000000e+000 0.000000e+000 0.000000e+000 0.000000e+000 5.804071e-113 
0.000000e+000 0.000000e+000 0.000000e+000 0.000000e+000 1.108082e-114 
0.000000e+000 0.000000e+000 0.000000e+000 0.000000e+000 2.115490e-116 
0.000000e+000 0.000000e+000 0.000000e+000 0.000000e+000 7.194501e-118 
0.000000e+000 0.000000e+000 0.000000e+000 0.000000e+000 1.373535e-119 
0.000000e+000 0.000000e+000 0.000000e+000 0.000000e+000 1.221244e-122 
0.000000e+000 0.000000e+000 0.000000e+000 0.000000e+000 1.085838e-125 
0.000000e+000 0.000000e+000 0.000000e+000 0.000000e+000 9.654457e-129 
0.000000e+000 0.000000e+000 0.000000e+000 0.000000e+000 1.843177e-130 
0.000000e+000 0.000000e+000 0.000000e+000 0.000000e+000 1.638814e-133 



P(O|lamda) = 1.026791e-117

2.500500e-002 0.000000e+000 0.000000e+000 0.000000e+000 0.000000e+000 
1.417896e-088 1.000552e-003 0.000000e+000 0.000000e+000 0.000000e+000 
5.025068e-178 3.126724e-011 9.145667e-010 0.000000e+000 0.000000e+000 
2.999411e-292 3.908893e-015 1.685864e-012 2.634653e-011 0.000000e+000 
0.000000e+000 4.886116e-017 1.438208e-014 9.746412e-013 3.833428e-013 
0.000000e+000 6.107646e-019 1.257186e-016 2.673090e-014 2.052851e-014 
0.000000e+000 7.634557e-021 1.134761e-018 6.809126e-016 7.288502e-016 
0.000000e+000 2.862959e-023 2.131254e-020 2.091726e-017 1.175747e-016 
0.000000e+000 1.073610e-025 1.777631e-022 5.114536e-019 4.379507e-018 
0.000000e+000 1.342012e-027 1.457056e-024 1.259531e-020 7.995833e-020 
0.000000e+000 5.032545e-030 2.406599e-026 3.822349e-022 8.063975e-021 
0.000000e+000 6.290681e-032 1.954068e-028 9.391965e-024 1.390863e-022 
0.000000e+000 7.863351e-034 1.590929e-030 2.306948e-025 2.439669e-024 
0.000000e+000 1.965838e-036 9.754627e-033 4.196989e-027 7.606873e-026 
0.000000e+000 7.371892e-039 1.583785e-034 1.272536e-028 7.065623e-027 
0.000000e+000 1.842973e-041 9.607122e-037 2.314998e-030 2.066235e-028 
0.000000e+000 4.607432e-044 5.823764e-039 4.211417e-032 6.006819e-030 
0.000000e+000 5.760010e-048 5.882784e-042 1.533303e-034 1.384189e-031 
0.000000e+000 7.200013e-050 4.752724e-044 3.765634e-036 2.294196e-033 
0.000000e+000 9.001141e-054 4.800148e-047 1.371000e-038 5.261867e-035 
0.000000e+000 2.250285e-056 2.908480e-049 2.494100e-040 1.515128e-036 
0.000000e+000 5.625713e-059 1.762285e-051 4.537223e-042 4.362366e-038 
0.000000e+000 1.758035e-064 8.898253e-057 7.222268e-047 2.853013e-039 
0.000000e+000 5.493861e-070 4.492966e-062 1.149627e-051 1.865716e-040 
0.000000e+000 5.495792e-073 3.636993e-065 2.094254e-054 2.431247e-042 
0.000000e+000 5.497723e-076 2.944094e-068 3.815063e-057 3.168199e-044 
0.000000e+000 7.301878e-081 6.094863e-073 3.614875e-061 2.409898e-045 
0.000000e+000 7.304445e-084 4.933705e-076 6.585150e-064 3.140379e-047 
0.000000e+000 7.307013e-087 3.993765e-079 1.199604e-066 4.092282e-049 
0.000000e+000 1.922899e-118 4.073449e-083 3.682622e-072 5.304555e-051 
0.000000e+000 2.553925e-123 8.432848e-088 3.489384e-076 4.034923e-052 
0.000000e+000 3.392031e-128 1.745767e-092 3.306286e-080 3.069174e-053 
0.000000e+000 5.353049e-134 3.085194e-098 7.518407e-086 1.410657e-054 
0.000000e+000 7.109727e-139 6.386965e-103 7.123894e-090 1.073020e-055 
0.000000e+000 9.442884e-144 1.322229e-107 6.750082e-094 8.161953e-057 
0.000000e+000 1.254170e-148 2.737276e-112 6.395885e-098 6.208410e-058 
0.000000e+000 1.567908e-152 2.764488e-115 2.328627e-100 1.421883e-059 
0.000000e+000 2.082439e-157 5.723040e-120 2.206437e-104 1.081559e-060 
0.000000e+000 2.765821e-162 1.184783e-124 2.090659e-108 8.226904e-062 
0.000000e+000 3.673464e-167 2.452736e-129 1.980956e-112 6.257815e-063 
0.000000e+000 5.797185e-173 4.334580e-135 4.504642e-118 2.876224e-064 
0.000000e+000 1.947492e-179 1.843070e-166 5.750704e-149 1.278661e-068 
0.000000e+000 6.542355e-186 7.836759e-198 7.341448e-180 5.684443e-073 
0.000000e+000 8.689321e-191 3.269133e-189 6.956221e-184 4.323886e-074 
0.000000e+000 1.154084e-195 1.110970e-193 6.591452e-188 3.288975e-075 
0.000000e+000 1.821289e-201 2.455643e-199 1.498899e-193 1.511682e-076 
0.000000e+000 2.874222e-207 5.116611e-205 3.408501e-199 6.948010e-078 
0.000000e+000 4.535882e-213 1.026833e-210 7.750934e-205 3.193452e-079 
0.000000e+000 7.158189e-219 2.008147e-216 1.762560e-210 1.467778e-080 
0.000000e+000 1.129652e-224 3.854224e-222 4.008052e-216 6.746217e-082 
0.000000e+000 1.782732e-230 7.293217e-228 9.114275e-222 3.100704e-083 
0.000000e+000 2.813373e-236 1.364933e-233 2.072575e-227 1.425149e-084 
0.000000e+000 4.439855e-242 2.532176e-239 4.713007e-233 6.550285e-086 
0.000000e+000 5.896855e-247 5.463961e-244 4.465720e-237 4.982491e-087 
0.000000e+000 7.831990e-252 1.160614e-248 4.231395e-241 3.789944e-088 
0.000000e+000 2.631059e-258 5.015330e-280 5.401873e-272 1.684866e-092 
0.000000e+000 4.152140e-264 1.122311e-262 1.228372e-277 7.744001e-094 
0.000000e+000 6.552597e-270 3.754544e-268 2.019331e-267 3.559306e-095 
0.000000e+000 1.034082e-275 9.430282e-274 1.134731e-272 1.635932e-096 
0.000000e+000 1.373430e-280 2.468973e-278 1.782197e-276 1.244376e-097 
0.000000e+000 2.167444e-286 4.949129e-284 4.496903e-282 5.719414e-099 
0.000000e+000 7.281258e-293 2.326825e-315 6.240742e-313 2.542636e-103 
0.000000e+000 2.446048e-299 7.410985e-323 0.000000e+000 1.130360e-107 
0.000000e+000 8.217191e-306 0.000000e+000 0.000000e+000 5.025155e-112 
0.000000e+000 1.296776e-311 3.505146e-310 0.000000e+000 2.309667e-113 
0.000000e+000 4.356355e-318 0.000000e+000 0.000000e+000 1.026791e-117 



P(O|lamda) = 1.123209e-281

1.250250e-003 0.000000e+000 0.000000e+000 0.000000e+000 0.000000e+000 
6.251250e-007 2.189991e-096 0.000000e+000 0.000000e+000 0.000000e+000 
1.953516e-013 1.437062e-103 2.053117e-104 0.000000e+000 0.000000e+000 
2.056333e-043 7.150842e-107 5.646263e-107 6.163522e-108 0.000000e+000 
3.598583e-045 1.430168e-108 5.947197e-109 1.642617e-109 1.020567e-111 
6.297520e-047 2.860337e-110 7.618117e-111 2.534832e-111 2.804368e-113 
1.102066e-048 5.720674e-112 1.181520e-112 3.595890e-113 4.429396e-115 
1.160070e-078 3.432404e-114 4.178702e-114 6.549690e-115 3.381787e-116 
2.900175e-081 2.059442e-116 4.029442e-116 1.359716e-116 2.654529e-118 
5.075306e-083 4.118885e-118 3.635453e-118 1.917335e-118 2.471212e-120 
5.342429e-113 2.471331e-120 7.464279e-120 2.826199e-120 1.808024e-121 
9.349252e-115 4.942662e-122 6.465709e-122 3.800745e-122 6.176549e-124 
1.636119e-116 9.885324e-124 6.161118e-124 4.387918e-124 6.804703e-126 
8.180595e-119 3.954130e-126 5.179469e-126 3.556926e-126 1.361136e-127 
8.611156e-149 2.372478e-128 9.868803e-128 4.851794e-128 3.753983e-129 
4.305578e-151 9.489911e-131 6.277153e-130 4.391406e-130 1.937076e-131 
2.152789e-153 3.795964e-133 3.908641e-132 3.576424e-132 1.543015e-133 
2.266095e-183 7.592879e-137 4.003889e-135 5.468002e-135 9.957860e-136 
3.965666e-185 1.518576e-138 3.218307e-137 5.239880e-137 1.729822e-138 
4.174387e-215 3.037532e-142 3.256555e-140 7.258261e-140 1.398151e-140 
2.087193e-217 1.215013e-144 1.958489e-142 4.843450e-142 4.101992e-143 
1.043597e-219 4.860051e-147 1.176916e-144 3.199850e-144 1.984766e-145 
6.870344e-222 2.430026e-152 5.890655e-150 1.834392e-149 2.741494e-147 
4.522976e-224 1.215013e-157 2.948365e-155 1.040370e-154 8.975942e-150 
2.261488e-227 1.944704e-160 2.365807e-158 6.693669e-158 5.848364e-153 
1.130744e-230 3.112620e-163 1.900297e-161 4.377083e-161 3.810559e-156 
2.161033e-231 6.614511e-168 3.911562e-166 1.516360e-165 1.449259e-158 
1.080516e-234 1.058694e-170 3.148713e-169 9.698210e-169 9.442768e-162 
5.402582e-238 1.694505e-173 2.545184e-172 6.299884e-172 6.152515e-165 
3.511678e-240 1.426953e-203 2.613422e-176 7.022882e-178 3.987550e-168 
6.711379e-241 3.032363e-208 5.357516e-181 2.261292e-181 1.516570e-170 
1.282652e-241 6.443961e-213 1.098291e-185 1.125254e-185 5.767912e-173 
1.936358e-242 1.627100e-218 1.922009e-191 1.049870e-191 1.325527e-175 
3.700690e-243 3.457689e-223 3.940118e-196 4.782605e-196 5.041327e-178 
7.072611e-244 7.347806e-228 8.077242e-201 1.802458e-200 1.917349e-180 
1.351689e-244 1.561455e-232 1.655835e-205 6.263965e-205 7.292180e-183 
1.422831e-274 3.123300e-236 1.655979e-208 8.018936e-208 8.350465e-186 
2.719258e-275 6.637208e-241 3.394757e-213 2.635396e-212 3.175901e-188 
5.196937e-276 1.410448e-245 6.959251e-218 8.501168e-217 1.207878e-190 
9.932179e-277 2.997290e-250 1.426647e-222 2.711092e-221 4.593877e-193 
1.499413e-277 7.568157e-256 2.496631e-228 2.060069e-227 1.055722e-195 
1.893009e-281 4.067885e-262 2.102427e-258 1.787356e-257 2.346671e-201 
2.389924e-285 2.186488e-268 1.770551e-288 1.549404e-287 5.216208e-207 
4.567528e-286 4.646423e-273 1.120575e-273 4.980412e-292 1.983861e-209 
8.729276e-287 9.873940e-278 4.678471e-278 8.754843e-279 7.545142e-212 
1.317817e-287 2.493170e-283 1.250717e-283 1.533827e-284 1.733954e-214 
1.989445e-288 6.295254e-289 3.279517e-289 3.495465e-290 3.984809e-217 
3.003370e-289 1.589552e-294 8.493328e-295 8.770693e-296 9.157514e-220 
4.534043e-290 4.013618e-300 2.181761e-300 2.250301e-301 2.104494e-222 
6.844827e-291 1.013438e-305 5.574040e-306 5.778528e-307 4.836350e-225 
1.033331e-291 2.558932e-311 1.418836e-311 1.478522e-312 1.111444e-227 
1.559970e-292 6.461304e-317 3.602496e-317 3.769212e-318 2.554217e-230 
2.355011e-293 1.630417e-322 8.893182e-323 9.881313e-324 5.869861e-233 
4.500804e-294 0.000000e+000 0.000000e+000 0.000000e+000 2.232462e-235 
8.601756e-295 0.000000e+000 0.000000e+000 0.000000e+000 8.490638e-238 
1.085972e-298 0.000000e+000 0.000000e+000 0.000000e+000 1.887309e-243 
1.639439e-299 0.000000e+000 0.000000e+000 0.000000e+000 4.337237e-246 
2.474983e-300 0.000000e+000 0.000000e+000 0.000000e+000 9.967430e-249 
3.736363e-301 0.000000e+000 0.000000e+000 0.000000e+000 2.290621e-251 
7.140787e-302 0.000000e+000 0.000000e+000 0.000000e+000 8.711832e-254 
1.078010e-302 0.000000e+000 0.000000e+000 0.000000e+000 2.002071e-256 
1.360988e-306 0.000000e+000 0.000000e+000 0.000000e+000 4.450228e-262 
1.718247e-310 0.000000e+000 0.000000e+000 0.000000e+000 9.892021e-268 
2.169287e-314 0.000000e+000 0.000000e+000 0.000000e+000 2.198810e-273 
3.274869e-315 0.000000e+000 0.000000e+000 0.000000e+000 5.053099e-276 
4.134539e-319 0.000000e+000 0.000000e+000 0.000000e+000 1.123209e-281 



P(O|lamda) = 1.120720e-095

6.251250e-005 0.000000e+000 0.000000e+000 0.000000e+000 0.000000e+000 
1.310158e-008 5.940778e-009 0.000000e+000 0.000000e+000 0.000000e+000 
3.275396e-011 1.268413e-009 5.703147e-010 0.000000e+000 0.000000e+000 
1.723893e-042 1.023288e-015 6.297940e-011 5.303740e-011 0.000000e+000 
7.542034e-047 5.116438e-020 2.250050e-013 3.770135e-014 1.512875e-013 
3.299640e-051 2.558219e-024 8.036951e-016 1.115908e-016 7.246242e-016 
1.443592e-055 1.279109e-028 2.870709e-018 3.950789e-019 3.273957e-018 
7.597858e-087 1.918664e-033 2.030466e-022 1.741532e-021 5.926935e-021 
4.748661e-092 2.877996e-038 7.180789e-027 3.561573e-025 5.753894e-025 
2.077539e-096 1.438998e-042 2.564898e-029 5.759076e-029 3.362866e-027 
1.093442e-127 2.158497e-047 1.814164e-033 2.571921e-032 5.681350e-030 
4.783809e-132 1.079249e-051 6.479991e-036 4.768319e-036 2.324685e-032 
2.092917e-136 5.396243e-056 2.314580e-038 3.774280e-039 9.483449e-035 
2.616146e-141 5.396243e-061 2.461809e-040 8.491334e-042 2.494265e-036 
1.376919e-172 8.094364e-066 1.741249e-044 1.445759e-043 4.164043e-039 
1.721149e-177 8.094364e-071 1.852009e-046 2.236910e-047 1.095191e-040 
2.151436e-182 8.094364e-076 1.969813e-048 6.706037e-050 2.880409e-042 
1.132335e-213 4.047687e-082 6.975000e-051 1.852041e-049 1.644104e-043 
4.953967e-218 2.023844e-086 2.491392e-053 3.147224e-053 6.706091e-046 
2.607352e-249 1.012048e-092 8.821881e-056 3.263906e-054 3.827758e-047 
3.259190e-254 1.012048e-097 9.383034e-058 3.987546e-058 1.006720e-048 
4.073988e-259 1.012048e-102 9.979882e-060 3.719374e-061 2.647725e-050 
4.914248e-263 1.012049e-104 1.411765e-061 1.407878e-060 2.507990e-051 
5.927812e-267 1.012051e-106 1.997099e-063 8.317519e-062 2.375630e-052 
1.242371e-270 4.049627e-112 7.076803e-069 1.008795e-066 2.357101e-053 
2.603802e-274 1.620421e-117 2.507694e-074 1.163695e-071 2.338716e-054 
9.380952e-277 8.608739e-125 2.272558e-081 6.879584e-078 4.507793e-055 
1.966091e-280 3.444708e-130 8.052901e-087 7.775458e-083 4.472633e-056 
4.120600e-284 1.378368e-135 2.853579e-092 8.781843e-088 4.437747e-057 
1.036846e-286 2.756736e-138 1.009302e-094 1.320360e-089 4.450794e-058 
3.735538e-289 1.464559e-145 9.146638e-102 7.754305e-096 8.578750e-059 
1.345836e-291 7.780699e-153 8.288994e-109 4.553911e-102 1.653524e-059 
2.330422e-294 4.911566e-161 6.412485e-117 6.418281e-110 3.357087e-060 
8.396021e-297 2.609346e-168 5.811212e-124 3.769285e-116 6.470667e-061 
3.024910e-299 1.386256e-175 5.266318e-131 2.213600e-122 1.247199e-061 
1.089812e-301 7.364701e-183 4.772517e-138 1.299987e-128 2.403931e-062 
0.000000e+000 3.682810e-189 1.689922e-140 3.911631e-130 1.372136e-063 
0.000000e+000 1.956550e-196 1.531465e-147 2.297195e-136 2.644744e-064 
0.000000e+000 1.039448e-203 1.387865e-154 1.349081e-142 5.097652e-065 
0.000000e+000 5.522229e-211 1.257731e-161 7.922789e-149 9.825545e-066 
0.000000e+000 3.485907e-219 9.729986e-170 1.116637e-156 1.994843e-066 
0.000000e+000 4.684187e-228 7.244281e-201 3.534121e-187 8.278986e-069 
0.000000e+000 6.294377e-237 5.393595e-232 1.118538e-217 3.435940e-071 
0.000000e+000 3.343986e-244 4.888633e-239 6.568871e-224 6.622653e-072 
0.000000e+000 1.776545e-251 4.430657e-246 3.857721e-230 1.276493e-072 
0.000000e+000 1.121444e-259 3.427807e-254 5.437068e-238 2.591616e-073 
0.000000e+000 7.079114e-268 2.651918e-262 7.662999e-246 5.261659e-074 
0.000000e+000 4.468691e-276 2.051637e-270 1.080022e-253 1.068255e-074 
0.000000e+000 2.820861e-284 1.587223e-278 1.522182e-261 2.168837e-075 
0.000000e+000 1.780669e-292 1.227928e-286 2.145362e-269 4.403307e-076 
0.000000e+000 1.124047e-300 9.499614e-295 3.023672e-277 8.939867e-077 
0.000000e+000 7.095547e-309 7.349156e-303 4.261560e-285 1.815027e-077 
0.000000e+000 4.479064e-317 5.685487e-311 6.006239e-293 3.684981e-078 
0.000000e+000 0.000000e+000 5.152438e-318 3.527302e-299 7.102671e-079 
0.000000e+000 0.000000e+000 0.000000e+000 2.071490e-305 1.369015e-079 
0.000000e+000 0.000000e+000 0.000000e+000 0.000000e+000 5.681678e-082 
0.000000e+000 0.000000e+000 0.000000e+000 0.000000e+000 1.153529e-082 
0.000000e+000 0.000000e+000 0.000000e+000 0.000000e+000 2.341967e-083 
0.000000e+000 0.000000e+000 0.000000e+000 0.000000e+000 4.754807e-084 
0.000000e+000 0.000000e+000 0.000000e+000 0.000000e+000 9.164724e-085 
0.000000e+000 0.000000e+000 0.000000e+000 0.000000e+000 1.860679e-085 
0.000000e+000 0.000000e+000 0.000000e+000 0.000000e+000 7.722179e-088 
0.000000e+000 0.000000e+000 0.000000e+000 0.000000e+000 3.204854e-090 
0.000000e+000 0.000000e+000 0.000000e+000 0.000000e+000 1.330077e-092 
0.000000e+000 0.000000e+000 0.000000e+000 0.000000e+000 2.700404e-093 
0.000000e+000 0.000000e+000 0.000000e+000 0.000000e+000 1.120720e-095 



P(O|lamda) = 5.542475e-151

3.125625e-006 0.000000e+000 0.000000e+000 0.000000e+000 0.000000e+000 
6.550788e-011 1.407026e-011 0.000000e+000 0.000000e+000 0.000000e+000 
1.637698e-014 3.004136e-013 6.472319e-014 0.000000e+000 0.000000e+000 
1.723893e-045 2.423576e-020 7.047757e-016 2.979501e-016 0.000000e+000 
7.542032e-051 1.211788e-025 1.424210e-019 1.752850e-020 5.177331e-020 
3.299639e-056 6.058939e-031 2.876932e-023 3.382289e-024 1.360467e-023 
1.443592e-061 3.029469e-036 5.811404e-027 6.826354e-028 3.362308e-027 
1.519571e-092 4.544204e-042 2.324562e-032 1.702345e-031 3.292084e-031 
9.497320e-099 6.816306e-048 4.649124e-038 1.164409e-036 1.909630e-036 
4.155077e-104 3.408153e-053 9.391230e-042 5.444096e-042 5.917902e-040 
4.373767e-135 5.112230e-059 3.756492e-047 2.951725e-046 4.978519e-044 
1.913523e-140 2.556115e-064 7.588114e-051 1.980397e-051 1.020466e-047 
8.371664e-146 1.278057e-069 1.532799e-054 1.841263e-055 2.081518e-051 
1.046458e-151 1.278057e-075 9.219786e-058 2.695170e-059 2.737456e-054 
1.101535e-182 1.917086e-081 3.687914e-063 2.663151e-062 2.285033e-058 
1.376919e-188 1.917086e-087 2.218280e-066 1.375066e-067 3.005176e-061 
1.721149e-194 1.917086e-093 1.334296e-069 3.864694e-071 3.951886e-064 
1.811736e-225 9.586629e-101 2.671927e-073 6.170982e-072 1.621831e-066 
7.926346e-231 4.793314e-106 5.397293e-077 2.933639e-077 3.307629e-070 
8.343525e-262 2.396957e-113 1.080808e-080 2.701833e-079 1.357432e-072 
1.042941e-267 2.396957e-119 6.501059e-084 9.360719e-085 1.785058e-075 
1.303676e-273 2.396957e-125 3.910387e-087 1.147407e-088 2.347398e-078 
1.572559e-278 2.396960e-128 3.128316e-090 2.710907e-089 1.111757e-080 
1.896899e-283 2.396964e-131 2.502658e-093 5.167141e-092 5.265416e-083 
3.975584e-288 9.591228e-138 5.015248e-100 4.974441e-094 1.474001e-084 
8.332160e-293 3.837840e-144 1.005040e-106 3.680618e-096 4.126317e-086 
3.001902e-296 2.038912e-152 5.150830e-115 5.318947e-104 1.157564e-087 
6.291486e-301 8.158517e-159 1.032210e-121 3.935496e-106 3.240483e-089 
1.318590e-305 3.264554e-165 2.068517e-128 2.911879e-108 9.071409e-091 
3.317903e-309 1.371113e-167 8.687826e-131 1.077212e-111 1.543156e-092 
1.195371e-312 7.284251e-176 4.452511e-139 1.556704e-119 4.329044e-094 
4.306670e-316 3.869872e-184 2.281912e-147 2.249630e-127 1.214435e-095 
7.457427e-320 2.442857e-193 9.983364e-157 7.802070e-137 7.578865e-097 
2.470328e-323 1.297806e-201 5.116474e-165 1.127495e-144 2.126114e-098 
0.000000e+000 6.894795e-210 2.622193e-173 1.629370e-152 5.964427e-100 
0.000000e+000 3.662968e-218 1.343874e-181 2.354640e-160 1.673212e-101 
0.000000e+000 1.831713e-225 2.691107e-185 1.743443e-163 6.866763e-104 
0.000000e+000 9.731259e-234 1.379193e-193 2.519491e-171 1.926346e-105 
0.000000e+000 5.169883e-242 7.068362e-202 3.640975e-179 5.404015e-107 
0.000000e+000 2.746581e-250 3.622535e-210 5.261657e-187 1.515999e-108 
0.000000e+000 1.733779e-259 1.584859e-219 1.824825e-196 9.460820e-110 
0.000000e+000 2.329767e-269 1.334619e-250 2.842401e-227 2.701625e-112 
0.000000e+000 3.130625e-279 1.123890e-281 4.427406e-258 7.714742e-115 
0.000000e+000 1.663193e-287 1.845688e-286 6.398148e-266 2.164231e-116 
0.000000e+000 8.835974e-296 1.926160e-294 9.246113e-274 6.071359e-118 
0.000000e+000 5.577708e-305 1.287255e-303 3.206697e-283 3.788924e-119 
0.000000e+000 3.520928e-314 8.438024e-313 1.112133e-292 2.364536e-120 
0.000000e+000 1.976263e-323 5.484129e-322 3.857052e-302 1.475624e-121 
0.000000e+000 0.000000e+000 0.000000e+000 1.337686e-311 9.208858e-123 
0.000000e+000 0.000000e+000 0.000000e+000 4.639276e-321 5.746928e-124 
0.000000e+000 0.000000e+000 0.000000e+000 0.000000e+000 3.586458e-125 
0.000000e+000 0.000000e+000 0.000000e+000 0.000000e+000 2.238183e-126 
0.000000e+000 0.000000e+000 0.000000e+000 0.000000e+000 1.396772e-127 
0.000000e+000 0.000000e+000 0.000000e+000 0.000000e+000 3.918392e-129 
0.000000e+000 0.000000e+000 0.000000e+000 0.000000e+000 1.099234e-130 
0.000000e+000 0.000000e+000 0.000000e+000 0.000000e+000 3.138965e-133 
0.000000e+000 0.000000e+000 0.000000e+000 0.000000e+000 1.958919e-134 
0.000000e+000 0.000000e+000 0.000000e+000 0.000000e+000 1.222493e-135 
0.000000e+000 0.000000e+000 0.000000e+000 0.000000e+000 7.629153e-137 
0.000000e+000 0.000000e+000 0.000000e+000 0.000000e+000 2.140221e-138 
0.000000e+000 0.000000e+000 0.000000e+000 0.000000e+000 1.335637e-139 
0.000000e+000 0.000000e+000 0.000000e+000 0.000000e+000 3.814037e-142 
0.000000e+000 0.000000e+000 0.000000e+000 0.000000e+000 1.089134e-144 
0.000000e+000 0.000000e+000 0.000000e+000 0.000000e+000 3.110122e-147 
0.000000e+000 0.000000e+000 0.000000e+000 0.000000e+000 1.940919e-148 
0.000000e+000 0.000000e+000 0.000000e+000 0.000000e+000 5.542475e-151 



P(O|lamda) = 2.420342e-115

1.562812e-007 0.000000e+000 0.000000e+000 0.000000e+000 0.000000e+000 
3.302798e-095 3.908404e-014 0.000000e+000 0.000000e+000 0.000000e+000 
6.669188e-179 4.896982e-017 9.527378e-018 0.000000e+000 0.000000e+000 
2.017496e-262 6.105085e-020 2.405324e-018 2.324198e-021 0.000000e+000 
0.000000e+000 1.522293e-022 1.508727e-023 1.172863e-019 2.535706e-023 
0.000000e+000 3.795812e-025 1.878723e-026 7.998448e-022 1.279917e-021 
0.000000e+000 9.464793e-028 4.678637e-029 5.450517e-024 2.489320e-023 
0.000000e+000 1.180001e-030 4.620463e-029 7.427613e-026 4.303137e-025 
0.000000e+000 2.758332e-038 2.878309e-036 1.270768e-032 9.955165e-032 
0.000000e+000 6.877855e-041 1.245627e-041 8.672184e-035 1.396097e-033 
0.000000e+000 8.574804e-044 3.368879e-042 1.181718e-036 2.138414e-035 
0.000000e+000 2.138113e-046 2.116074e-047 8.051590e-039 2.829997e-037 
0.000000e+000 5.331349e-049 2.638723e-050 5.485808e-041 3.662467e-039 
0.000000e+000 3.323313e-051 1.042956e-049 7.475194e-043 1.092334e-040 
0.000000e+000 4.143262e-054 2.920627e-052 1.018610e-044 1.597326e-042 
0.000000e+000 2.582715e-056 2.268708e-054 1.388001e-046 4.729095e-044 
0.000000e+000 1.609943e-058 1.638099e-056 1.891349e-048 1.395972e-045 
0.000000e+000 2.007122e-061 2.834199e-059 6.447857e-053 6.250044e-048 
0.000000e+000 5.004725e-064 1.139266e-064 4.393147e-055 7.894620e-050 
0.000000e+000 6.239409e-067 2.460315e-065 1.497682e-059 3.530464e-052 
0.000000e+000 3.889354e-069 2.448273e-067 2.040828e-061 1.039515e-053 
0.000000e+000 2.424441e-071 1.983103e-069 2.780943e-063 3.060764e-055 
0.000000e+000 6.082897e-074 1.099955e-071 9.487749e-065 1.261413e-056 
0.000000e+000 1.526193e-076 5.020314e-074 3.236924e-066 5.198579e-058 
0.000000e+000 9.516890e-085 1.754201e-082 1.102724e-069 5.248085e-060 
0.000000e+000 5.934453e-093 6.640517e-091 3.756653e-073 5.298062e-062 
0.000000e+000 4.913211e-103 7.157058e-101 2.499577e-082 8.106322e-063 
0.000000e+000 3.063734e-111 2.835133e-109 8.515315e-086 8.183518e-065 
0.000000e+000 1.910455e-119 1.259554e-117 2.900915e-089 8.261450e-067 
0.000000e+000 1.250429e-123 1.313400e-121 4.941100e-094 9.791272e-069 
0.000000e+000 1.035247e-133 1.439514e-131 3.287676e-103 1.498117e-069 
0.000000e+000 8.570941e-144 1.473029e-141 2.187532e-112 2.292201e-070 
0.000000e+000 1.068542e-146 2.254292e-144 1.490398e-114 8.143886e-071 
0.000000e+000 8.846597e-157 2.134166e-154 9.916713e-124 1.246059e-071 
0.000000e+000 7.324213e-167 1.980795e-164 6.598316e-133 1.906537e-072 
0.000000e+000 6.063811e-177 1.810754e-174 4.390344e-142 2.917104e-073 
0.000000e+000 7.559776e-180 2.559494e-177 1.496726e-146 1.304519e-075 
0.000000e+000 6.258837e-190 2.280300e-187 9.958814e-156 1.995985e-076 
0.000000e+000 5.181773e-200 2.016685e-197 6.626329e-165 3.053965e-077 
0.000000e+000 4.290057e-210 1.772504e-207 4.408983e-174 4.672731e-078 
0.000000e+000 5.348427e-213 2.418940e-210 3.003906e-176 1.660160e-078 
0.000000e+000 1.119999e-224 6.897800e-242 4.308646e-207 2.370371e-082 
0.000000e+000 2.345358e-236 1.149551e-254 6.180098e-238 3.384408e-086 
0.000000e+000 1.941752e-246 7.325158e-245 4.112072e-247 5.178327e-087 
0.000000e+000 1.607602e-256 1.191497e-254 3.490430e-253 7.923121e-088 
0.000000e+000 2.004202e-259 2.269202e-257 2.958976e-255 2.814980e-088 
0.000000e+000 2.498645e-262 3.806135e-260 2.126626e-257 1.000125e-088 
0.000000e+000 3.115068e-265 5.963292e-263 1.467458e-259 3.553313e-089 
0.000000e+000 3.883565e-268 8.953153e-266 1.002709e-261 1.262445e-089 
0.000000e+000 4.841652e-271 1.305529e-268 6.835970e-264 4.485301e-090 
0.000000e+000 6.036102e-274 1.863653e-271 4.658085e-266 1.593568e-090 
0.000000e+000 7.525226e-277 2.617702e-274 3.173714e-268 5.661738e-091 
0.000000e+000 9.381722e-280 3.630376e-277 2.162312e-270 2.011541e-091 
0.000000e+000 7.767250e-290 3.192485e-287 1.438746e-279 3.077766e-092 
0.000000e+000 6.430607e-300 2.792330e-297 9.573036e-289 4.709148e-093 
0.000000e+000 1.346615e-311 0.000000e+000 1.373107e-319 6.723708e-097 
0.000000e+000 1.678829e-314 6.565193e-313 9.337841e-322 2.388845e-097 
0.000000e+000 2.093001e-317 1.636969e-315 3.200748e-314 8.487250e-098 
0.000000e+000 2.609161e-320 3.061221e-318 2.978794e-316 3.015408e-098 
0.000000e+000 0.000000e+000 0.000000e+000 0.000000e+000 4.613737e-099 
0.000000e+000 0.000000e+000 0.000000e+000 0.000000e+000 1.639200e-099 
0.000000e+000 0.000000e+000 0.000000e+000 0.000000e+000 2.340444e-103 
0.000000e+000 0.000000e+000 0.000000e+000 0.000000e+000 3.341680e-107 
0.000000e+000 0.000000e+000 0.000000e+000 0.000000e+000 4.771240e-111 
0.000000e+000 0.000000e+000 0.000000e+000 0.000000e+000 1.695159e-111 
0.000000e+000 0.000000e+000 0.000000e+000 0.000000e+000 2.420342e-115 



Max probability = 1.120720e-095

Utterance recognised as 7