6	6	12	12	28	6	6	10	14	14	14	26	26	10	14	7	6	6	6	14	3	6	6	6	6	3	6	6	6	6	6	6	6	6	6	6	6	6	6	6	6	12	12	12	28	

P(O|lamda) = 7.469902e-078

2.500000e-001 0.000000e+000 0.000000e+000 0.000000e+000 0.000000e+000 
1.606914e-003 6.089309e-002 0.000000e+000 0.000000e+000 0.000000e+000 
4.131478e-035 1.939267e-004 5.858015e-032 0.000000e+000 0.000000e+000 
1.062229e-066 3.683010e-007 1.865607e-034 5.097037e-033 0.000000e+000 
2.731058e-098 1.398937e-038 3.543117e-037 1.301776e-063 7.284648e-034 
1.755430e-100 1.328414e-040 2.974222e-038 1.233141e-037 7.711412e-035 
1.128331e-102 1.261447e-042 1.995712e-039 2.137825e-038 8.173313e-036 
1.450504e-105 2.395710e-045 2.604640e-070 3.257800e-040 7.953851e-037 
1.118802e-107 1.819951e-047 4.609425e-046 1.092429e-041 2.731806e-038 
8.629527e-110 1.382563e-049 1.547728e-047 3.663810e-043 9.382508e-040 
6.656118e-112 1.050292e-051 4.287125e-049 1.228777e-044 3.222440e-041 
1.711330e-143 1.994691e-054 5.670178e-080 1.373661e-046 6.841516e-043 
4.399937e-175 3.788270e-057 1.918925e-084 1.535419e-048 1.452309e-044 
5.656257e-178 7.194592e-060 3.644378e-087 1.716225e-050 1.410564e-045 
4.362778e-180 5.465520e-062 1.384263e-060 5.754967e-052 4.843187e-047 
1.121698e-211 2.075998e-093 2.324003e-091 6.432655e-054 3.394181e-049 
7.209889e-214 1.971343e-095 1.609341e-092 5.752116e-055 3.593078e-050 
4.634270e-216 1.871964e-097 1.054780e-093 5.143575e-056 3.803622e-051 
2.978750e-218 1.777595e-099 6.860001e-095 4.599413e-057 4.026496e-052 
2.297566e-220 1.350387e-101 1.782622e-096 1.542308e-058 1.382501e-053 
5.907187e-252 5.129245e-133 2.315824e-127 3.447851e-089 3.372466e-055 
3.796937e-254 4.870671e-135 1.504196e-128 3.083088e-090 3.570038e-056 
2.440541e-256 4.625132e-137 9.770065e-130 2.756914e-091 3.779185e-057 
1.568696e-258 4.391971e-139 6.345845e-131 2.465248e-092 4.000585e-058 
1.008304e-260 4.170564e-141 4.121747e-132 2.204439e-093 4.234955e-059 
2.592414e-292 1.584127e-172 5.354306e-163 4.928054e-124 1.033064e-060 
1.666315e-294 1.504269e-174 3.477724e-164 4.406693e-125 1.093585e-061 
1.071050e-296 1.428436e-176 2.258848e-165 3.940490e-126 1.157652e-062 
6.884343e-299 1.356426e-178 1.467164e-166 3.523608e-127 1.225471e-063 
4.425020e-301 1.288046e-180 9.529511e-168 3.150830e-128 1.297264e-064 
2.844251e-303 1.223114e-182 6.189599e-169 2.817490e-129 1.373263e-065 
1.828187e-305 1.161454e-184 4.020262e-170 2.519415e-130 1.453715e-066 
1.175096e-307 1.102903e-186 2.611237e-171 2.252875e-131 1.538879e-067 
7.553116e-310 1.047304e-188 1.696048e-172 2.014534e-132 1.629033e-068 
4.854884e-312 9.945076e-191 1.101615e-173 1.801407e-133 1.724468e-069 
3.120553e-314 9.443728e-193 7.155200e-175 1.610828e-134 1.825494e-070 
2.005785e-316 8.967653e-195 4.647438e-176 1.440412e-135 1.932439e-071 
1.289249e-318 8.515578e-197 3.018600e-177 1.288024e-136 2.045649e-072 
8.285481e-321 8.086293e-199 1.960638e-178 1.151758e-137 2.165491e-073 
5.434722e-323 7.678648e-201 1.273471e-179 1.029909e-138 2.292355e-074 
0.000000e+000 7.291554e-203 8.271439e-181 9.209503e-140 2.426650e-075 
0.000000e+000 1.384795e-205 1.074491e-211 2.058797e-141 6.205599e-076 
0.000000e+000 2.629970e-208 1.332196e-235 4.602470e-143 1.586939e-076 
0.000000e+000 4.994777e-211 2.530074e-238 1.028889e-144 4.058232e-077 
0.000000e+000 1.897193e-242 4.805058e-241 2.300095e-175 7.469902e-078 



P(O|lamda) = 8.547057e-100

1.250000e-002 0.000000e+000 0.000000e+000 0.000000e+000 0.000000e+000 
1.234568e-125 1.562500e-004 0.000000e+000 0.000000e+000 0.000000e+000 
1.024234e-276 6.824387e-093 1.640625e-034 0.000000e+000 0.000000e+000 
0.000000e+000 2.980624e-181 4.306641e-066 7.998047e-037 0.000000e+000 
0.000000e+000 5.207279e-268 1.130493e-097 1.331434e-067 8.320505e-038 
0.000000e+000 0.000000e+000 7.065582e-101 4.221787e-070 3.587674e-039 
0.000000e+000 0.000000e+000 4.415989e-104 1.338668e-072 1.546950e-040 
0.000000e+000 0.000000e+000 1.159197e-135 5.305903e-076 1.307095e-042 
0.000000e+000 0.000000e+000 2.897993e-139 6.309096e-079 6.753941e-045 
0.000000e+000 0.000000e+000 7.244982e-143 7.501963e-082 3.489855e-047 
0.000000e+000 0.000000e+000 1.811245e-146 8.920367e-085 1.803257e-049 
0.000000e+000 0.000000e+000 4.754519e-178 3.535650e-088 1.913668e-052 
0.000000e+000 0.000000e+000 1.248061e-209 1.401380e-091 2.030840e-055 
0.000000e+000 0.000000e+000 3.276161e-241 5.554466e-095 1.715958e-057 
0.000000e+000 0.000000e+000 8.190402e-245 6.604654e-098 8.866595e-060 
0.000000e+000 0.000000e+000 2.149981e-276 2.617801e-101 9.724882e-062 
0.000000e+000 0.000000e+000 1.343738e-279 8.300670e-104 4.193219e-063 
0.000000e+000 0.000000e+000 8.398362e-283 2.632023e-106 1.808052e-064 
0.000000e+000 0.000000e+000 5.248976e-286 8.345766e-109 7.796040e-066 
0.000000e+000 0.000000e+000 1.312244e-289 9.923708e-112 4.028322e-068 
0.000000e+000 0.000000e+000 3.443638e-321 1.651999e-142 3.061381e-069 
0.000000e+000 0.000000e+000 0.000000e+000 5.238251e-145 1.320020e-070 
0.000000e+000 0.000000e+000 0.000000e+000 1.660974e-147 5.691724e-072 
0.000000e+000 0.000000e+000 0.000000e+000 5.266709e-150 2.454184e-073 
0.000000e+000 0.000000e+000 0.000000e+000 1.669998e-152 1.058206e-074 
0.000000e+000 0.000000e+000 0.000000e+000 2.780044e-183 8.041990e-076 
0.000000e+000 0.000000e+000 0.000000e+000 8.815120e-186 3.467582e-077 
0.000000e+000 0.000000e+000 0.000000e+000 2.795147e-188 1.495168e-078 
0.000000e+000 0.000000e+000 0.000000e+000 8.863010e-191 6.446935e-080 
0.000000e+000 0.000000e+000 0.000000e+000 2.810333e-193 2.779819e-081 
0.000000e+000 0.000000e+000 0.000000e+000 8.911161e-196 1.198615e-082 
0.000000e+000 0.000000e+000 0.000000e+000 2.825601e-198 5.168244e-084 
0.000000e+000 0.000000e+000 0.000000e+000 8.959573e-201 2.228467e-085 
0.000000e+000 0.000000e+000 0.000000e+000 2.840952e-203 9.608807e-087 
0.000000e+000 0.000000e+000 0.000000e+000 9.008249e-206 4.143170e-088 
0.000000e+000 0.000000e+000 0.000000e+000 2.856386e-208 1.786471e-089 
0.000000e+000 0.000000e+000 0.000000e+000 9.057188e-211 7.702987e-091 
0.000000e+000 0.000000e+000 0.000000e+000 2.871904e-213 3.321410e-092 
0.000000e+000 0.000000e+000 0.000000e+000 9.106394e-216 1.432141e-093 
0.000000e+000 0.000000e+000 0.000000e+000 2.887506e-218 6.175170e-095 
0.000000e+000 0.000000e+000 0.000000e+000 9.155867e-221 2.662638e-096 
0.000000e+000 0.000000e+000 0.000000e+000 7.257984e-224 3.659618e-097 
0.000000e+000 0.000000e+000 0.000000e+000 5.753506e-227 5.029899e-098 
0.000000e+000 0.000000e+000 0.000000e+000 4.560884e-230 6.913260e-099 
0.000000e+000 0.000000e+000 0.000000e+000 7.592502e-261 8.547057e-100 



P(O|lamda) = 6.231826e-114

1.006250e-001 0.000000e+000 0.000000e+000 0.000000e+000 0.000000e+000 
6.013652e-005 6.251710e-005 0.000000e+000 0.000000e+000 0.000000e+000 
3.571616e-008 1.504518e-005 6.214580e-006 0.000000e+000 0.000000e+000 
2.121247e-011 3.123063e-008 1.523395e-006 1.485598e-006 0.000000e+000 
6.299234e-014 1.043183e-010 3.472780e-008 2.529301e-007 2.739654e-007 
3.764611e-017 4.263645e-016 2.072359e-012 7.249957e-011 1.051163e-009 
2.249845e-020 2.497174e-020 1.164612e-016 1.325196e-014 2.398227e-012 
1.670279e-026 2.814142e-024 5.511799e-048 2.714604e-019 7.968163e-015 
7.440065e-032 1.665864e-029 1.398714e-027 1.582765e-023 2.058689e-018 
3.314092e-037 8.644872e-035 3.957848e-032 9.233412e-028 5.318800e-022 
1.476224e-042 4.214377e-040 9.286039e-037 5.385010e-032 1.374151e-025 
9.227857e-075 4.963063e-046 4.418094e-068 1.046698e-036 7.291442e-030 
5.768321e-107 3.684566e-052 5.192600e-076 2.034277e-041 3.868944e-034 
4.282387e-113 2.735412e-058 3.854973e-082 3.953655e-046 1.279495e-036 
1.907540e-118 8.123053e-064 1.359583e-061 2.305201e-050 3.305663e-040 
1.192401e-150 5.077710e-096 7.253916e-093 4.480201e-055 1.812825e-043 
7.126145e-154 1.884840e-101 4.121065e-097 6.965883e-059 3.908312e-046 
4.258798e-157 6.996501e-107 2.307739e-101 1.083066e-062 8.426020e-049 
2.545185e-160 2.597093e-112 1.291078e-105 1.683967e-066 1.816585e-051 
1.133724e-165 7.712300e-118 2.889020e-110 9.818466e-071 4.693273e-055 
7.086891e-198 4.820949e-150 1.360816e-141 7.632949e-073 2.794742e-057 
4.235339e-201 1.789530e-155 7.612647e-146 1.186782e-076 6.025248e-060 
2.531165e-204 6.642713e-161 4.258651e-150 1.845227e-080 1.298997e-062 
1.512700e-207 2.465767e-166 2.382365e-154 2.868987e-084 2.800538e-065 
9.040351e-211 9.152896e-172 1.332738e-158 4.460743e-088 6.037743e-068 
5.651112e-243 5.721463e-204 6.277593e-190 3.467815e-090 3.595345e-070 
3.377274e-246 2.123800e-209 3.511797e-194 5.391811e-094 7.751286e-073 
2.018360e-249 7.883519e-215 1.964562e-198 8.383269e-098 1.671118e-075 
1.206233e-252 2.926352e-220 1.099011e-202 1.303443e-101 3.602801e-078 
7.208807e-256 1.086258e-225 6.148065e-207 2.026613e-105 7.767361e-081 
4.308199e-259 4.032177e-231 3.439338e-211 3.151009e-109 1.674583e-083 
2.574709e-262 1.496739e-236 1.924027e-215 4.899235e-113 3.610273e-086 
1.538723e-265 5.555877e-242 1.076335e-219 7.617405e-117 7.783470e-089 
9.195872e-269 2.062335e-247 6.021211e-224 1.184366e-120 1.678056e-091 
5.495729e-272 7.655361e-253 3.368373e-228 1.841469e-124 3.617760e-094 
3.284413e-275 2.841660e-258 1.884328e-232 2.863144e-128 7.799612e-097 
1.962863e-278 1.054821e-263 1.054127e-236 4.451659e-132 1.681536e-099 
1.173066e-281 3.915482e-269 5.896974e-241 6.921507e-136 3.625263e-102 
7.010594e-285 1.453422e-274 3.298872e-245 1.076166e-139 7.815787e-105 
4.189741e-288 5.395084e-280 1.845448e-249 1.673239e-143 1.685023e-107 
2.503915e-291 2.002651e-285 1.032377e-253 2.601578e-147 3.632781e-110 
1.487120e-294 2.975635e-288 4.620240e-256 1.012254e-148 3.351991e-111 
8.832275e-298 4.420787e-291 2.067716e-258 3.938605e-150 3.092904e-112 
5.245647e-301 6.567465e-294 9.253738e-261 1.532481e-151 2.853843e-113 
1.557742e-303 1.969797e-296 1.449478e-262 3.574088e-153 6.231826e-114 



P(O|lamda) = 1.336059e-039

2.334194e-001 0.000000e+000 0.000000e+000 0.000000e+000 0.000000e+000 
1.484587e-002 2.547797e-002 0.000000e+000 0.000000e+000 0.000000e+000 
7.494222e-004 3.816393e-003 3.755537e-003 0.000000e+000 0.000000e+000 
3.783097e-005 3.437230e-004 8.107971e-004 7.952100e-004 0.000000e+000 
3.092435e-007 3.133401e-006 8.900343e-006 6.281322e-006 2.809311e-005 
1.966841e-008 1.658356e-007 1.024909e-006 1.246397e-006 1.034047e-005 
1.250944e-009 9.137250e-009 8.997266e-008 1.719684e-007 3.587208e-006 
5.081644e-011 6.954788e-010 8.895399e-009 3.081969e-008 4.390434e-007 
4.462785e-012 2.324295e-011 1.685034e-010 3.224050e-013 1.308489e-008 
3.919293e-013 9.779547e-013 3.554091e-012 2.142874e-015 3.732695e-010 
3.441990e-014 5.600428e-014 9.250622e-014 4.516605e-017 1.064804e-011 
9.872224e-045 2.039063e-015 7.378673e-044 3.918382e-019 3.851789e-013 
2.831525e-075 2.864828e-017 1.543326e-045 8.874169e-025 1.393331e-014 
1.150235e-076 1.609851e-018 5.149819e-018 8.039323e-026 1.654735e-015 
1.010156e-077 4.524161e-020 1.409754e-019 6.542378e-023 4.720351e-017 
2.897303e-108 1.337998e-050 8.209196e-050 5.971364e-025 3.699712e-019 
1.842734e-109 5.640025e-052 7.220489e-051 3.246762e-026 1.191862e-019 
1.172010e-110 2.377424e-053 5.469260e-052 1.765336e-027 3.839581e-020 
7.454183e-112 1.002149e-054 3.870210e-053 9.598524e-029 1.236920e-020 
6.546389e-113 2.816336e-056 6.603309e-055 6.521488e-034 3.528478e-022 
1.877618e-143 3.956382e-058 1.165866e-056 1.240643e-035 4.929163e-024 
1.194197e-144 1.667723e-059 8.090121e-058 6.745652e-037 1.587928e-024 
7.595296e-146 7.029905e-061 5.458830e-059 3.667760e-038 5.115507e-025 
4.830737e-147 2.963296e-062 3.622610e-060 1.994242e-039 1.647959e-025 
3.072431e-148 1.249110e-063 2.379567e-061 1.084313e-040 5.308895e-026 
8.812265e-179 1.754746e-065 3.881346e-063 2.062790e-042 7.416346e-028 
5.604750e-180 7.396733e-067 2.529093e-064 1.121585e-043 2.389174e-028 
3.564716e-181 3.117924e-068 1.642154e-065 6.098304e-045 7.696715e-029 
2.267220e-182 1.314290e-069 1.063836e-066 3.315782e-046 2.479495e-029 
1.441990e-183 5.540089e-071 6.881694e-068 1.802864e-047 7.987684e-030 
9.171304e-185 2.335298e-072 4.447339e-069 9.802570e-049 2.573230e-030 
5.833105e-186 9.843916e-074 2.872330e-070 5.329874e-050 8.289653e-031 
3.709954e-187 4.149478e-075 1.854352e-071 2.897970e-051 2.670509e-031 
2.359594e-188 1.749118e-076 1.196836e-072 1.575690e-052 8.603037e-032 
1.500742e-189 7.373008e-078 7.723286e-074 8.567376e-054 2.771466e-032 
9.544972e-191 3.107923e-079 4.983339e-075 4.658272e-055 8.928269e-033 
6.070764e-192 1.310074e-080 3.215191e-076 2.532805e-056 2.876239e-033 
3.861109e-193 5.522319e-082 2.074303e-077 1.377142e-057 9.265796e-034 
2.455731e-194 2.327808e-083 1.338209e-078 7.487826e-059 2.984973e-034 
1.561887e-195 9.812342e-085 8.633097e-080 4.071296e-060 9.616083e-035 
9.933864e-197 4.136169e-086 5.569337e-081 2.213654e-061 3.097818e-035 
5.014633e-198 2.469526e-087 3.681500e-082 2.506790e-062 2.849694e-036 
2.531396e-199 1.474446e-088 2.433579e-083 2.838745e-063 2.621443e-037 
1.277853e-200 8.803274e-090 1.608664e-084 3.214658e-064 2.411475e-038 
1.044561e-202 6.245243e-092 9.077556e-087 8.736490e-067 1.336059e-039 



P(O|lamda) = 4.605399e-089

1.167097e-002 0.000000e+000 0.000000e+000 0.000000e+000 0.000000e+000 
2.088800e-006 8.620793e-005 0.000000e+000 0.000000e+000 0.000000e+000 
2.967145e-010 8.365127e-008 8.240167e-007 0.000000e+000 0.000000e+000 
4.214838e-014 6.306909e-011 2.269791e-009 1.063451e-008 0.000000e+000 
3.328672e-017 5.424320e-015 3.971741e-013 1.739431e-012 1.502636e-010 
5.957457e-021 2.991104e-018 7.421701e-016 5.852679e-015 2.441104e-012 
1.066230e-024 1.557793e-021 1.320189e-018 1.601054e-017 3.938980e-014 
1.218816e-028 1.061505e-024 2.890701e-021 6.564345e-020 2.813757e-016 
3.012043e-032 3.587647e-028 1.261055e-024 1.823205e-026 4.013999e-019 
7.443619e-036 1.211998e-031 5.498860e-028 9.808905e-031 5.725232e-022 
1.839531e-039 4.093092e-035 2.396969e-031 4.260216e-034 8.165990e-025 
2.969383e-071 6.908955e-039 4.395982e-062 6.190123e-038 1.476965e-027 
4.793197e-103 1.165436e-042 6.781932e-069 5.027324e-045 2.671356e-030 
5.479144e-107 7.862919e-046 1.358512e-044 1.633222e-047 1.907673e-032 
1.354053e-110 2.653043e-049 7.748835e-048 1.052308e-050 2.720945e-035 
2.185721e-142 1.884093e-080 1.680245e-078 2.000857e-054 7.284470e-038 
3.911872e-146 9.535333e-084 3.101443e-081 3.901302e-057 1.173345e-039 
7.001232e-150 4.825802e-087 5.489267e-084 7.606820e-060 1.889962e-041 
1.253038e-153 2.442323e-090 9.603082e-087 1.483190e-062 3.044253e-043 
3.096616e-157 8.240690e-094 4.186771e-090 3.613729e-069 4.342067e-046 
4.998577e-189 1.389906e-097 1.823884e-093 2.465315e-072 1.761634e-047 
8.946152e-193 7.034271e-101 3.177094e-096 4.806910e-075 2.837548e-049 
1.601128e-196 3.560022e-104 5.532702e-099 9.372589e-078 4.570575e-051 
2.865603e-200 1.801716e-107 9.634028e-102 1.827482e-080 7.362045e-053 
5.128684e-204 9.118429e-111 1.677521e-104 3.563253e-083 1.185840e-054 
8.278755e-236 1.537949e-114 7.300110e-108 2.430880e-086 4.811109e-056 
1.481682e-239 7.783510e-118 1.271117e-110 4.739769e-089 7.749484e-058 
2.651825e-243 3.939210e-121 2.213305e-113 9.241676e-092 1.248247e-059 
4.746076e-247 1.993622e-124 3.853870e-116 1.801956e-094 2.010611e-061 
8.494241e-251 1.008966e-127 6.710467e-119 3.513483e-097 3.238587e-063 
1.520248e-254 5.106344e-131 1.168445e-121 6.850644e-100 5.216548e-065 
2.720848e-258 2.584304e-134 2.034530e-124 1.335749e-102 8.402544e-067 
4.869610e-262 1.307908e-137 3.542581e-127 2.604465e-105 1.353438e-068 
8.715335e-266 6.619283e-141 6.168441e-130 5.078227e-108 2.180048e-070 
1.559818e-269 3.349998e-144 1.074066e-132 9.901607e-111 3.511508e-072 
2.791669e-273 1.695424e-147 1.870194e-135 1.930631e-113 5.656154e-074 
4.996360e-277 8.580485e-151 3.256435e-138 3.764375e-116 9.110638e-076 
8.942185e-281 4.342556e-154 5.670196e-141 7.339837e-119 1.467494e-077 
1.600418e-284 2.197754e-157 9.873104e-144 1.431133e-121 2.363763e-079 
2.864332e-288 1.112276e-160 1.719133e-146 2.790445e-124 3.807427e-081 
5.126409e-292 5.629196e-164 2.993402e-149 5.440854e-127 6.132806e-083 
7.282077e-296 4.035245e-167 5.340834e-152 2.209491e-129 2.085686e-084 
1.034421e-299 2.892633e-170 9.529128e-155 8.972579e-132 7.093140e-086 
1.469397e-303 2.073561e-173 1.700189e-157 3.643698e-134 2.412282e-087 
1.160458e-306 1.766160e-177 2.589557e-161 3.551086e-138 4.605399e-089 



P(O|lamda) = 4.456796e-075

5.835485e-004 0.000000e+000 0.000000e+000 0.000000e+000 0.000000e+000 
1.930952e-091 2.188763e-007 0.000000e+000 0.000000e+000 0.000000e+000 
5.071285e-179 2.907036e-012 1.093697e-010 0.000000e+000 0.000000e+000 
1.331879e-266 3.861020e-017 3.716780e-015 8.199691e-014 0.000000e+000 
0.000000e+000 6.093172e-023 8.215419e-021 2.533334e-019 3.311682e-015 
0.000000e+000 5.713539e-028 1.956926e-025 1.448263e-023 7.507906e-017 
0.000000e+000 5.357558e-033 4.232273e-030 7.293260e-028 1.702001e-018 
0.000000e+000 6.697157e-038 1.101141e-034 5.782204e-032 3.628309e-019 
0.000000e+000 4.186769e-043 5.644395e-040 3.336676e-040 7.717896e-021 
0.000000e+000 2.617385e-048 2.902481e-045 2.728623e-047 1.641699e-022 
0.000000e+000 1.636275e-053 1.498188e-050 1.307132e-052 3.492113e-024 
0.000000e+000 5.113996e-059 6.538250e-082 2.248836e-058 2.449620e-025 
0.000000e+000 1.598323e-064 5.248577e-089 4.261495e-067 1.718341e-026 
0.000000e+000 1.997966e-069 9.739783e-068 3.230257e-071 3.663142e-027 
0.000000e+000 1.249041e-074 7.356573e-073 4.381287e-075 7.791989e-029 
0.000000e+000 3.286952e-106 4.409936e-104 1.103863e-080 3.668461e-030 
0.000000e+000 3.082159e-111 1.051245e-108 5.021985e-085 8.316199e-032 
0.000000e+000 2.890126e-116 2.274171e-113 2.284734e-089 1.885237e-033 
0.000000e+000 2.710057e-121 4.735529e-118 1.039431e-093 4.273728e-035 
0.000000e+000 1.694209e-126 2.425335e-123 5.909098e-102 9.090787e-037 
0.000000e+000 5.294404e-132 1.245264e-128 9.405994e-107 5.944884e-038 
0.000000e+000 4.964538e-137 2.541671e-133 4.279223e-111 1.347672e-039 
0.000000e+000 4.655223e-142 5.159242e-138 1.946817e-115 3.055099e-041 
0.000000e+000 4.365181e-147 1.044611e-142 8.856972e-120 6.925742e-043 
0.000000e+000 4.093209e-152 2.112595e-147 4.029447e-124 1.570028e-044 
0.000000e+000 1.279128e-157 1.067204e-152 6.414000e-129 1.026713e-045 
0.000000e+000 1.199432e-162 2.156735e-157 2.918026e-133 2.327503e-047 
0.000000e+000 1.124702e-167 4.357917e-162 1.327545e-137 5.276320e-049 
0.000000e+000 1.054628e-172 8.805009e-167 6.039618e-142 1.196113e-050 
0.000000e+000 9.889193e-178 1.778960e-171 2.747702e-146 2.711522e-052 
0.000000e+000 9.273049e-183 3.594147e-176 1.250057e-150 6.146871e-054 
0.000000e+000 8.695294e-188 7.261432e-181 5.687089e-155 1.393462e-055 
0.000000e+000 8.153536e-193 1.467058e-185 2.587320e-159 3.158901e-057 
0.000000e+000 7.645532e-198 2.963956e-190 1.177092e-163 7.161056e-059 
0.000000e+000 7.169179e-203 5.988194e-195 5.355137e-168 1.623372e-060 
0.000000e+000 6.722505e-208 1.209817e-199 2.436300e-172 3.680095e-062 
0.000000e+000 6.303661e-213 2.444239e-204 1.108386e-176 8.342573e-064 
0.000000e+000 5.910913e-218 4.938186e-209 5.042561e-181 1.891215e-065 
0.000000e+000 5.542635e-223 9.976801e-214 2.294095e-185 4.287281e-067 
0.000000e+000 5.197303e-228 2.015650e-218 1.043690e-189 9.719031e-069 
0.000000e+000 4.873486e-233 4.072292e-223 4.748229e-194 2.203251e-070 
0.000000e+000 6.472789e-238 8.430453e-228 4.499076e-198 1.675908e-071 
0.000000e+000 8.596925e-243 1.745271e-232 4.262996e-202 1.274784e-072 
0.000000e+000 1.141813e-247 3.613058e-237 4.039304e-206 9.696675e-074 
0.000000e+000 1.801923e-253 6.385151e-243 9.185270e-212 4.456796e-075 



P(O|lamda) = 1.282924e-087

2.850320e-002 0.000000e+000 0.000000e+000 0.000000e+000 0.000000e+000 
8.124324e-004 4.680027e-097 0.000000e+000 0.000000e+000 0.000000e+000 
1.552688e-004 1.890429e-098 2.398514e-102 0.000000e+000 0.000000e+000 
2.967436e-005 3.611413e-099 9.693366e-104 1.873914e-107 0.000000e+000 
4.479795e-006 8.200945e-101 1.580163e-105 1.818911e-110 8.612905e-111 
1.276885e-007 7.355635e-101 4.102070e-106 5.927859e-111 1.388586e-113 
3.639531e-009 2.097660e-102 3.679049e-106 1.538878e-111 1.359552e-114 
6.368917e-010 7.970591e-104 1.311957e-107 2.299501e-111 3.295056e-114 
1.269723e-010 6.972629e-105 9.974784e-110 6.154111e-117 4.926392e-115 
2.531349e-011 1.389991e-105 8.720643e-111 4.675681e-119 5.252639e-118 
5.046559e-012 2.771119e-106 1.738401e-111 4.087802e-120 5.685991e-121 
4.361611e-013 2.761941e-107 5.834084e-137 2.716251e-121 4.861763e-123 
3.769628e-014 2.387092e-108 5.814614e-138 1.697657e-130 2.075895e-124 
6.596577e-015 8.251636e-109 1.491933e-113 4.244249e-135 2.212687e-126 
1.315109e-015 7.221868e-110 1.032045e-114 6.993435e-123 2.353340e-129 
1.384326e-045 1.212057e-135 1.520481e-140 1.612570e-124 3.292508e-126 
3.945773e-047 4.091432e-140 6.062484e-141 2.419661e-129 4.028803e-128 
1.124672e-048 6.484823e-142 3.259231e-145 3.630702e-134 4.621387e-131 
3.205674e-050 1.847605e-143 3.249945e-147 5.447868e-139 5.239036e-134 
6.390908e-051 3.510987e-145 2.312287e-149 1.021475e-147 5.572078e-137 
4.207348e-053 3.497255e-146 4.389890e-151 5.393094e-153 1.821919e-139 
1.199229e-054 6.913419e-148 1.749262e-151 1.727681e-156 2.065094e-142 
3.418186e-056 1.970087e-149 3.461289e-153 6.562177e-157 2.340726e-145 
9.742923e-058 5.615378e-151 9.860438e-155 1.299401e-158 2.653148e-148 
2.777045e-059 1.600563e-152 2.810539e-156 3.700847e-160 3.007269e-151 
1.828221e-061 1.520388e-154 2.002108e-158 3.690775e-162 9.832957e-154 
5.211015e-063 3.004093e-156 7.608321e-160 7.515947e-164 1.114538e-156 
1.485306e-064 8.560631e-158 1.504038e-161 2.855199e-165 1.263298e-159 
4.233597e-066 2.440053e-159 4.284661e-163 5.646306e-167 1.431913e-162 
1.206711e-067 6.954933e-161 1.221265e-164 1.608131e-168 1.623046e-165 
3.439512e-069 1.982378e-162 3.480996e-166 4.583683e-170 1.840042e-168 
9.803709e-071 5.650413e-164 9.921953e-168 1.306496e-171 2.096027e-171 
2.794371e-072 1.610548e-165 2.828074e-169 3.723933e-173 2.671964e-174 
7.964851e-074 4.590579e-167 8.060916e-171 1.061440e-174 1.147054e-176 
2.270237e-075 1.308462e-168 2.297619e-172 3.025444e-176 2.536241e-178 
6.470903e-077 3.729535e-170 6.548949e-174 8.623483e-178 7.145987e-180 
1.844414e-078 1.063037e-171 1.866660e-175 2.457969e-179 2.035893e-181 
5.257171e-080 3.029995e-173 5.320579e-177 7.005997e-181 5.802840e-183 
1.498462e-081 8.636455e-175 1.516535e-178 1.996933e-182 1.653994e-184 
4.271097e-083 2.461666e-176 4.322611e-180 5.691899e-184 4.714412e-186 
1.217399e-084 7.016536e-178 1.232082e-181 1.622373e-185 1.343758e-187 
2.326645e-085 2.832737e-179 3.598501e-183 9.631098e-187 1.285169e-188 
4.446590e-086 5.411566e-180 1.452515e-184 2.814451e-188 7.814701e-190 
8.498145e-087 1.034237e-180 2.773725e-185 1.135703e-189 2.438032e-191 
1.282924e-087 2.348587e-182 4.525271e-187 5.201587e-192 5.780215e-193 



P(O|lamda) = 5.253298e-091

5.142516e-002 0.000000e+000 0.000000e+000 0.000000e+000 0.000000e+000 
1.322274e-004 2.442741e-003 0.000000e+000 0.000000e+000 0.000000e+000 
4.763874e-007 2.966131e-010 3.004571e-009 0.000000e+000 0.000000e+000 
1.716324e-009 6.011003e-013 6.371185e-016 5.453453e-015 0.000000e+000 
2.971951e-012 2.573183e-016 6.312046e-020 1.046135e-022 7.742919e-016 
7.641653e-015 1.411708e-013 3.088841e-022 2.934424e-021 6.679916e-019 
1.964866e-017 6.453323e-016 1.694580e-019 5.846785e-023 5.780553e-022 
8.595934e-021 2.224032e-018 9.680172e-022 2.460838e-025 7.122369e-024 
2.577410e-023 6.071980e-026 1.067576e-019 1.054246e-031 3.879073e-028 
7.728122e-026 1.530872e-029 3.775560e-022 1.162577e-029 2.063218e-032 
2.317205e-028 4.589757e-032 1.335244e-024 4.111538e-032 4.334492e-034 
5.006751e-032 6.880120e-035 9.941319e-056 4.846882e-035 5.118398e-036 
1.081801e-035 1.486651e-038 6.952545e-065 5.692660e-046 6.841813e-039 
4.732686e-039 5.138982e-037 2.229977e-044 2.674476e-052 7.873080e-041 
1.419051e-041 1.566140e-044 2.466727e-038 2.428417e-054 4.186773e-045 
7.095257e-044 1.419118e-071 8.723711e-041 8.954117e-049 4.927819e-049 
1.824374e-046 3.370310e-045 7.715314e-048 4.053416e-042 9.653485e-052 
4.690935e-049 1.540668e-047 4.046320e-051 6.093889e-044 2.445504e-045 
1.206160e-051 5.309631e-050 1.849416e-053 9.161477e-046 3.887538e-047 
3.616559e-054 2.044076e-057 2.548704e-051 3.228045e-056 3.613804e-050 
4.362474e-058 8.589541e-055 3.605465e-053 3.552671e-052 3.423086e-051 
1.121705e-060 1.738663e-057 4.219767e-060 7.016296e-054 3.167480e-054 
2.884192e-063 3.530673e-060 2.087421e-063 1.054823e-055 6.965693e-057 
7.416001e-066 7.198480e-063 4.238317e-066 1.585808e-057 6.964891e-059 
1.906845e-068 1.474950e-065 8.641253e-069 2.384083e-059 1.016835e-060 
2.300132e-072 1.520239e-067 2.832030e-066 1.075242e-060 1.675583e-060 
5.914233e-075 3.041628e-070 4.329526e-073 1.616518e-062 2.094262e-063 
1.520702e-077 6.086180e-073 3.651478e-076 2.430253e-064 1.155951e-065 
3.910117e-080 1.217981e-075 7.306023e-079 3.653611e-066 1.565944e-067 
1.005392e-082 2.437865e-078 1.462099e-081 5.492792e-068 2.339390e-069 
2.585122e-085 4.880598e-081 2.926483e-084 8.257794e-070 3.515730e-071 
6.647016e-088 9.773660e-084 5.858809e-087 1.241466e-071 5.285394e-073 
1.709119e-090 1.957926e-086 1.173258e-089 1.866404e-073 7.945984e-075 
4.394587e-093 3.924044e-089 2.350350e-092 2.805929e-075 1.194589e-076 
1.129962e-095 7.869111e-092 4.710534e-095 4.218398e-077 1.795930e-078 
2.905423e-098 1.579219e-094 9.446303e-098 6.341885e-079 2.699978e-080 
7.470592e-101 3.172299e-097 1.895739e-100 9.534309e-081 4.059113e-082 
1.920882e-103 6.380203e-100 3.808117e-103 1.433376e-082 6.102418e-084 
4.939083e-106 1.285189e-102 7.658975e-106 2.154919e-084 9.174298e-086 
1.269966e-108 2.593887e-105 1.542777e-108 3.239678e-086 1.379252e-087 
3.265409e-111 5.248196e-108 3.113775e-111 4.870490e-088 2.073550e-089 
1.176458e-113 2.829388e-115 6.455564e-114 2.860308e-094 6.964753e-089 
4.238533e-116 1.485906e-119 9.330398e-121 1.679782e-100 1.342436e-089 
1.527054e-118 5.348072e-122 1.836120e-125 9.864906e-107 2.587498e-090 
2.644216e-121 2.289422e-125 5.615618e-129 1.390359e-114 5.253298e-091 



P(O|lamda) = 2.535098e-094

7.333163e-003 0.000000e+000 0.000000e+000 0.000000e+000 0.000000e+000 
5.377528e-006 1.649993e-005 0.000000e+000 0.000000e+000 0.000000e+000 
1.937410e-009 4.090592e-013 9.724644e-013 0.000000e+000 0.000000e+000 
6.980083e-013 1.157961e-016 2.909281e-020 8.737335e-020 0.000000e+000 
1.208657e-016 4.957023e-021 5.826119e-025 9.303381e-029 4.645810e-021 
8.863280e-020 2.719540e-019 2.851208e-028 1.340067e-027 2.311723e-022 
6.499588e-023 2.538194e-022 1.564224e-026 1.151539e-030 1.150303e-023 
2.843452e-027 1.970096e-025 1.167577e-023 1.124327e-033 1.853954e-025 
8.525824e-031 5.726391e-034 2.788294e-027 6.293971e-035 4.929511e-031 
2.556388e-034 2.398630e-038 5.576637e-031 1.503065e-038 1.310859e-036 
7.665089e-038 7.191698e-042 1.115335e-034 3.006156e-042 3.519516e-042 
8.959163e-040 1.034796e-038 4.461344e-037 5.130542e-036 5.391780e-043 
1.047171e-041 2.451242e-040 2.260544e-039 5.848170e-038 3.876007e-037 
4.581184e-046 7.258802e-044 2.031792e-041 8.385766e-046 7.050081e-039 
1.373625e-049 1.944032e-052 4.230563e-045 1.095270e-052 1.874558e-044 
6.868125e-053 1.301493e-079 8.461131e-049 7.601794e-057 1.103175e-049 
5.036508e-056 1.545357e-055 4.231888e-057 1.946097e-051 5.489322e-051 
3.693354e-059 1.442313e-058 8.909747e-063 7.199560e-055 3.556519e-052 
2.708396e-062 1.119488e-061 8.295936e-066 2.663432e-058 1.772751e-053 
8.120872e-066 1.041869e-069 2.574856e-064 2.309301e-070 4.713659e-059 
9.795802e-071 9.136100e-068 2.059985e-067 1.776655e-066 2.232447e-061 
7.183421e-074 1.849295e-071 6.285213e-075 1.131068e-069 1.110857e-062 
5.267720e-077 3.860290e-075 1.063709e-078 4.184458e-073 5.527550e-064 
3.862905e-080 8.905985e-079 2.220414e-082 1.548038e-076 2.750470e-065 
2.832731e-083 2.650400e-082 5.122652e-086 5.726921e-080 1.368615e-066 
3.416982e-088 5.837232e-085 2.438414e-084 6.355845e-083 6.481927e-069 
2.505729e-091 1.175157e-088 4.577045e-092 2.912151e-086 3.225362e-070 
1.837492e-094 2.406738e-092 6.759492e-096 1.077342e-089 1.604917e-071 
1.347463e-097 5.227009e-096 1.384340e-099 3.985576e-093 7.985956e-073 
9.881162e-101 1.348606e-099 3.006539e-103 1.474442e-096 3.973756e-074 
7.246017e-104 4.920567e-103 7.757059e-107 5.454612e-100 1.977313e-075 
5.313623e-107 2.614516e-106 2.830249e-110 2.017901e-103 9.838972e-077 
3.896566e-110 1.718501e-109 1.503831e-113 7.465104e-107 4.895803e-078 
2.857415e-113 1.220450e-112 9.884542e-117 2.761672e-110 2.436118e-079 
2.095389e-116 8.870252e-116 7.019832e-120 1.021665e-113 1.212195e-080 
1.536583e-119 6.488798e-119 5.102024e-123 3.779603e-117 6.031798e-082 
1.126801e-122 4.755161e-122 3.732251e-126 1.398252e-120 3.001380e-083 
8.263019e-126 3.486401e-125 2.735091e-129 5.172831e-124 1.493466e-084 
6.059406e-129 2.556508e-128 2.005321e-132 1.913719e-127 7.431381e-086 
4.443461e-132 1.874703e-131 1.470461e-135 7.080145e-131 3.697803e-087 
3.258463e-135 1.374745e-134 1.078299e-138 2.619593e-134 1.840001e-088 
1.173956e-138 2.677853e-142 8.102460e-142 3.786604e-142 5.161790e-090 
4.229516e-142 7.016568e-146 1.993511e-149 7.827057e-149 1.448047e-091 
1.523806e-145 2.527908e-149 4.135492e-153 2.922223e-156 4.062233e-093 
2.638592e-149 1.082156e-153 1.271872e-157 8.918168e-162 2.535098e-094 



P(O|lamda) = 1.491446e-088

3.666581e-004 0.000000e+000 0.000000e+000 0.000000e+000 0.000000e+000 
2.711259e-090 4.583311e-008 0.000000e+000 0.000000e+000 0.000000e+000 
9.849821e-177 3.794583e-018 1.431486e-016 0.000000e+000 0.000000e+000 
3.578374e-263 3.141584e-028 2.328430e-026 6.815670e-025 0.000000e+000 
0.000000e+000 3.916623e-031 4.434486e-029 5.778804e-027 2.091554e-025 
0.000000e+000 1.220739e-036 4.650185e-039 1.038365e-031 3.815695e-027 
0.000000e+000 3.804817e-042 3.721215e-045 1.768667e-036 6.799016e-029 
0.000000e+000 1.185898e-047 9.275114e-045 9.414448e-046 7.970343e-030 
0.000000e+000 4.621354e-058 3.035389e-050 2.687148e-057 1.109753e-031 
0.000000e+000 1.800905e-068 9.460637e-056 8.671009e-063 1.545168e-033 
0.000000e+000 7.017987e-079 2.948670e-061 2.702562e-068 2.151419e-035 
0.000000e+000 1.312402e-082 1.838058e-065 7.187869e-064 1.075883e-036 
0.000000e+000 2.454264e-086 1.145756e-069 2.896658e-067 5.380283e-038 
0.000000e+000 7.649535e-092 7.142099e-074 1.585506e-076 6.307193e-039 
0.000000e+000 2.980964e-102 2.226033e-079 2.040873e-086 8.781839e-041 
0.000000e+000 7.823954e-134 6.938006e-085 2.119657e-092 1.500159e-042 
0.000000e+000 2.438581e-139 5.407711e-095 8.456422e-089 2.673003e-044 
0.000000e+000 7.600607e-145 4.214948e-105 1.440405e-093 4.762792e-046 
0.000000e+000 2.368968e-150 3.285270e-115 2.453469e-098 8.486405e-048 
0.000000e+000 9.231685e-161 1.023945e-120 9.794446e-112 1.181607e-049 
0.000000e+000 2.316220e-163 3.842433e-123 3.341556e-113 4.869681e-051 
0.000000e+000 7.219230e-169 2.994919e-133 5.691736e-118 8.676861e-053 
0.000000e+000 2.250100e-174 2.334339e-143 9.694841e-123 1.546054e-054 
0.000000e+000 7.013146e-180 1.819461e-153 1.651340e-127 2.754780e-056 
0.000000e+000 2.185868e-185 1.418148e-163 2.812759e-132 4.908502e-058 
0.000000e+000 5.484320e-188 5.321707e-166 9.596249e-134 2.022909e-059 
0.000000e+000 1.709361e-193 4.147914e-176 1.634547e-138 3.604446e-061 
0.000000e+000 5.327762e-199 3.233021e-186 2.784155e-143 6.422448e-063 
0.000000e+000 1.660565e-204 2.519923e-196 4.742303e-148 1.144360e-064 
0.000000e+000 5.175673e-210 1.964112e-206 8.077655e-153 2.039036e-066 
0.000000e+000 1.613161e-215 1.546669e-216 1.375882e-157 3.633181e-068 
0.000000e+000 5.027925e-221 4.929025e-224 2.343566e-162 6.473648e-070 
0.000000e+000 1.567111e-226 1.532567e-229 3.991840e-167 1.153483e-071 
0.000000e+000 4.884395e-232 4.776727e-235 6.799377e-172 2.055291e-073 
0.000000e+000 1.522376e-237 1.488817e-240 1.158151e-176 3.662144e-075 
0.000000e+000 4.744963e-243 4.640368e-246 1.972700e-181 6.525257e-077 
0.000000e+000 1.478917e-248 1.446317e-251 3.360137e-186 1.162679e-078 
0.000000e+000 4.609511e-254 4.507902e-257 5.723384e-191 2.071676e-080 
0.000000e+000 1.436699e-259 1.405029e-262 9.748748e-196 3.691339e-082 
0.000000e+000 4.477925e-265 4.379217e-268 1.660523e-200 6.577276e-084 
0.000000e+000 1.395686e-270 1.364921e-273 2.828399e-205 1.171948e-085 
0.000000e+000 1.155507e-280 4.359198e-279 1.881942e-214 1.793143e-086 
0.000000e+000 9.566592e-291 7.090503e-289 1.252194e-223 2.743606e-087 
0.000000e+000 7.920306e-301 8.650859e-299 8.331763e-233 4.197865e-088 
0.000000e+000 9.874270e-304 1.464646e-301 5.676555e-235 1.491446e-088 



Max probability = 1.336059e-039

Utterance recognised as 3