11	11	20	20	20	11	11	20	16	16	20	20	20	20	20	20	20	11	11	20	19	19	11	16	16	16	16	16	12	12	16	16	16	4	16	16	16	16	16	16	16	16	16	16	16	

P(O|lamda) = 5.612300e-210

1.000000e-030 0.000000e+000 0.000000e+000 0.000000e+000 0.000000e+000 
2.571063e-062 9.742894e-061 0.000000e+000 0.000000e+000 0.000000e+000 
6.610365e-094 6.205654e-092 9.372825e-091 0.000000e+000 0.000000e+000 
1.699566e-125 3.001167e-123 1.814560e-121 8.155259e-121 0.000000e+000 
4.369692e-157 1.305536e-154 2.645899e-152 3.401961e-151 7.107485e-122 
1.123475e-188 5.384622e-186 3.562719e-183 9.907319e-182 5.804892e-124 
2.888526e-220 2.154729e-217 4.679908e-214 2.524786e-212 4.741026e-126 
7.426583e-252 8.465846e-249 6.100107e-245 6.051391e-243 5.321545e-127 
1.909421e-283 3.287984e-280 7.932415e-276 1.405874e-273 4.579799e-130 
4.909242e-315 1.267496e-311 1.030767e-306 3.211870e-304 3.941442e-133 
0.000000e+000 0.000000e+000 0.000000e+000 0.000000e+000 4.424055e-134 
0.000000e+000 0.000000e+000 0.000000e+000 0.000000e+000 4.965763e-135 
0.000000e+000 0.000000e+000 0.000000e+000 0.000000e+000 5.573801e-136 
0.000000e+000 0.000000e+000 0.000000e+000 0.000000e+000 6.256291e-137 
0.000000e+000 0.000000e+000 0.000000e+000 0.000000e+000 7.022348e-138 
0.000000e+000 0.000000e+000 0.000000e+000 0.000000e+000 7.882207e-139 
0.000000e+000 0.000000e+000 0.000000e+000 0.000000e+000 8.847352e-140 
0.000000e+000 0.000000e+000 0.000000e+000 0.000000e+000 7.225892e-142 
0.000000e+000 0.000000e+000 0.000000e+000 0.000000e+000 5.901599e-144 
0.000000e+000 0.000000e+000 0.000000e+000 0.000000e+000 6.624226e-145 
0.000000e+000 0.000000e+000 0.000000e+000 0.000000e+000 3.819996e-146 
0.000000e+000 0.000000e+000 0.000000e+000 0.000000e+000 2.202879e-147 
0.000000e+000 0.000000e+000 0.000000e+000 0.000000e+000 1.799156e-149 
0.000000e+000 0.000000e+000 0.000000e+000 0.000000e+000 1.548380e-152 
0.000000e+000 0.000000e+000 0.000000e+000 0.000000e+000 1.332558e-155 
0.000000e+000 0.000000e+000 0.000000e+000 0.000000e+000 1.146819e-158 
0.000000e+000 0.000000e+000 0.000000e+000 0.000000e+000 9.869688e-162 
0.000000e+000 0.000000e+000 0.000000e+000 0.000000e+000 8.493996e-165 
0.000000e+000 0.000000e+000 0.000000e+000 0.000000e+000 2.172144e-165 
0.000000e+000 0.000000e+000 0.000000e+000 0.000000e+000 5.554759e-166 
0.000000e+000 0.000000e+000 0.000000e+000 0.000000e+000 4.780506e-169 
0.000000e+000 0.000000e+000 0.000000e+000 0.000000e+000 4.114173e-172 
0.000000e+000 0.000000e+000 0.000000e+000 0.000000e+000 3.540717e-175 
0.000000e+000 0.000000e+000 0.000000e+000 0.000000e+000 2.925807e-176 
0.000000e+000 0.000000e+000 0.000000e+000 0.000000e+000 2.517992e-179 
0.000000e+000 0.000000e+000 0.000000e+000 0.000000e+000 2.167020e-182 
0.000000e+000 0.000000e+000 0.000000e+000 0.000000e+000 1.864969e-185 
0.000000e+000 0.000000e+000 0.000000e+000 0.000000e+000 1.605019e-188 
0.000000e+000 0.000000e+000 0.000000e+000 0.000000e+000 1.381303e-191 
0.000000e+000 0.000000e+000 0.000000e+000 0.000000e+000 1.188769e-194 
0.000000e+000 0.000000e+000 0.000000e+000 0.000000e+000 1.023072e-197 
0.000000e+000 0.000000e+000 0.000000e+000 0.000000e+000 8.804707e-201 
0.000000e+000 0.000000e+000 0.000000e+000 0.000000e+000 7.577459e-204 
0.000000e+000 0.000000e+000 0.000000e+000 0.000000e+000 6.521271e-207 
0.000000e+000 0.000000e+000 0.000000e+000 0.000000e+000 5.612300e-210 



P(O|lamda) = 4.261487e-083

1.050000e-030 0.000000e+000 0.000000e+000 0.000000e+000 0.000000e+000 
8.711110e-182 2.100000e-031 0.000000e+000 0.000000e+000 0.000000e+000 
0.000000e+000 9.171976e-118 7.350000e-032 0.000000e+000 0.000000e+000 
0.000000e+000 4.005959e-204 6.431250e-034 2.149875e-032 0.000000e+000 
0.000000e+000 1.749646e-290 5.627344e-036 1.210656e-033 3.858441e-034 
0.000000e+000 0.000000e+000 2.110254e-038 2.961411e-035 1.568970e-034 
0.000000e+000 0.000000e+000 7.913452e-041 7.073518e-037 2.030984e-035 
0.000000e+000 0.000000e+000 6.924271e-043 3.366681e-038 4.458799e-037 
0.000000e+000 0.000000e+000 1.817621e-074 5.605221e-069 3.511483e-038 
0.000000e+000 0.000000e+000 4.771255e-106 9.331193e-100 2.600228e-039 
0.000000e+000 0.000000e+000 4.174848e-108 4.438195e-101 5.545976e-041 
0.000000e+000 0.000000e+000 3.652992e-110 2.110933e-102 1.182891e-042 
0.000000e+000 0.000000e+000 3.196368e-112 1.004020e-103 2.522965e-044 
0.000000e+000 0.000000e+000 2.796822e-114 4.775402e-105 5.381185e-046 
0.000000e+000 0.000000e+000 2.447219e-116 2.271317e-106 1.147743e-047 
0.000000e+000 0.000000e+000 2.141317e-118 1.080303e-107 2.447998e-049 
0.000000e+000 0.000000e+000 1.873652e-120 5.138227e-109 5.221289e-051 
0.000000e+000 0.000000e+000 7.026196e-123 1.221943e-110 5.832467e-052 
0.000000e+000 0.000000e+000 2.634824e-125 2.905955e-112 6.515187e-053 
0.000000e+000 0.000000e+000 2.305471e-127 1.382155e-113 1.389612e-054 
0.000000e+000 0.000000e+000 2.017287e-129 5.478267e-115 6.202521e-056 
0.000000e+000 0.000000e+000 1.765126e-131 2.171349e-116 2.768490e-057 
0.000000e+000 0.000000e+000 6.619223e-134 5.163777e-118 3.092556e-058 
0.000000e+000 0.000000e+000 1.737546e-165 8.596137e-149 2.290015e-059 
0.000000e+000 0.000000e+000 4.561058e-197 1.430998e-179 1.695740e-060 
0.000000e+000 0.000000e+000 1.197278e-228 2.382182e-210 1.255683e-061 
0.000000e+000 0.000000e+000 3.142854e-260 3.965617e-241 9.298239e-063 
0.000000e+000 0.000000e+000 8.249992e-292 6.601561e-272 6.885278e-064 
0.000000e+000 0.000000e+000 1.976263e-323 5.233150e-275 9.463353e-065 
0.000000e+000 0.000000e+000 0.000000e+000 4.148391e-278 1.300675e-065 
0.000000e+000 0.000000e+000 0.000000e+000 6.905824e-309 9.631400e-067 
0.000000e+000 0.000000e+000 0.000000e+000 0.000000e+000 7.131981e-068 
0.000000e+000 0.000000e+000 0.000000e+000 0.000000e+000 5.281180e-069 
0.000000e+000 0.000000e+000 0.000000e+000 0.000000e+000 1.161001e-070 
0.000000e+000 0.000000e+000 0.000000e+000 0.000000e+000 8.597127e-072 
0.000000e+000 0.000000e+000 0.000000e+000 0.000000e+000 6.366110e-073 
0.000000e+000 0.000000e+000 0.000000e+000 0.000000e+000 4.714058e-074 
0.000000e+000 0.000000e+000 0.000000e+000 0.000000e+000 3.490725e-075 
0.000000e+000 0.000000e+000 0.000000e+000 0.000000e+000 2.584857e-076 
0.000000e+000 0.000000e+000 0.000000e+000 0.000000e+000 1.914067e-077 
0.000000e+000 0.000000e+000 0.000000e+000 0.000000e+000 1.417353e-078 
0.000000e+000 0.000000e+000 0.000000e+000 0.000000e+000 1.049540e-079 
0.000000e+000 0.000000e+000 0.000000e+000 0.000000e+000 7.771764e-081 
0.000000e+000 0.000000e+000 0.000000e+000 0.000000e+000 5.754934e-082 
0.000000e+000 0.000000e+000 0.000000e+000 0.000000e+000 4.261487e-083 



P(O|lamda) = 2.533691e-041

5.000000e-002 0.000000e+000 0.000000e+000 0.000000e+000 0.000000e+000 
1.484795e-005 4.970304e-004 0.000000e+000 0.000000e+000 0.000000e+000 
9.281434e-038 1.992568e-006 1.568699e-004 0.000000e+000 0.000000e+000 
5.801812e-070 1.331350e-009 2.857881e-006 2.472516e-005 0.000000e+000 
3.626705e-102 8.895518e-013 4.102844e-008 1.084757e-006 6.117956e-006 
1.076983e-105 5.283208e-017 1.377786e-011 1.558890e-009 3.930287e-007 
3.198197e-109 3.137792e-021 4.624941e-015 1.916548e-012 2.203409e-008 
1.999189e-141 2.096540e-024 6.571777e-017 4.989695e-014 6.456321e-009 
2.374709e-144 1.338561e-027 3.095506e-048 8.231422e-045 7.968631e-010 
2.820764e-147 8.546201e-031 1.400468e-057 1.350137e-075 9.835115e-011 
1.763256e-179 5.710211e-034 2.697303e-031 2.207357e-058 2.881626e-011 
1.102209e-211 3.815322e-037 4.012879e-033 4.251373e-032 8.442979e-012 
6.889895e-244 2.549237e-040 5.714027e-035 1.723159e-033 2.473739e-012 
4.306864e-276 1.703292e-043 8.119987e-037 5.321289e-035 7.247897e-013 
2.692215e-308 1.138068e-046 1.153792e-038 1.493131e-036 2.123587e-013 
0.000000e+000 7.604089e-050 1.639448e-040 4.012401e-038 6.221975e-014 
0.000000e+000 5.080731e-053 2.329526e-042 1.055200e-039 1.822999e-014 
0.000000e+000 3.017538e-057 7.819072e-046 1.247170e-042 1.018603e-015 
0.000000e+000 1.792170e-061 2.624477e-049 1.459940e-045 5.691457e-017 
0.000000e+000 1.197452e-064 3.729176e-051 3.749533e-047 1.667561e-017 
0.000000e+000 3.555942e-069 2.920635e-054 9.479263e-049 1.584704e-018 
0.000000e+000 1.055969e-073 2.287397e-057 2.395052e-050 1.505965e-019 
0.000000e+000 6.271590e-078 7.677666e-061 2.792898e-053 8.414597e-021 
0.000000e+000 4.004171e-081 3.616410e-092 4.570419e-084 1.038554e-021 
0.000000e+000 2.556510e-084 4.189360e-111 7.479230e-115 1.281813e-022 
0.000000e+000 1.632234e-087 2.674746e-114 4.212092e-141 1.582051e-023 
0.000000e+000 1.042119e-090 1.707724e-117 2.689182e-144 1.952614e-024 
0.000000e+000 6.653534e-094 1.090316e-120 1.716940e-147 2.409972e-025 
0.000000e+000 9.884074e-097 6.614018e-095 2.606406e-121 2.223697e-026 
0.000000e+000 1.468316e-099 3.942537e-097 1.581084e-095 2.051820e-027 
0.000000e+000 9.374639e-103 2.010675e-128 2.983735e-126 2.532416e-028 
0.000000e+000 5.985349e-106 9.808206e-133 5.084864e-157 3.125581e-029 
0.000000e+000 3.821417e-109 6.262166e-136 9.861142e-163 3.857683e-030 
0.000000e+000 2.388763e-141 7.597442e-110 1.211337e-136 2.502652e-031 
0.000000e+000 1.525134e-144 3.578622e-141 7.638446e-140 3.088846e-032 
0.000000e+000 9.737398e-148 1.701594e-172 1.609782e-170 3.812343e-033 
0.000000e+000 6.216957e-151 1.018774e-177 2.805393e-201 4.705305e-034 
0.000000e+000 3.969290e-154 6.504485e-181 1.024273e-207 5.807423e-035 
0.000000e+000 2.534240e-157 4.152866e-184 6.539590e-211 7.167690e-036 
0.000000e+000 1.618016e-160 2.651446e-187 4.175279e-214 8.846571e-037 
0.000000e+000 1.033041e-163 1.692847e-190 2.665756e-217 1.091869e-037 
0.000000e+000 6.595575e-167 1.080818e-193 1.701984e-220 1.347617e-038 
0.000000e+000 4.211023e-170 6.900614e-197 1.086652e-223 1.663268e-039 
0.000000e+000 2.688577e-173 4.405778e-200 6.937856e-227 2.052854e-040 
0.000000e+000 1.716554e-176 2.812921e-203 4.429557e-230 2.533691e-041 



P(O|lamda) = 1.139288e-087

2.500000e-003 0.000000e+000 0.000000e+000 0.000000e+000 0.000000e+000 
1.702989e-006 9.094023e-007 0.000000e+000 0.000000e+000 0.000000e+000 
4.884467e-037 8.406375e-009 1.038062e-008 0.000000e+000 0.000000e+000 
1.400950e-067 1.328541e-011 1.490938e-010 5.802557e-011 0.000000e+000 
4.018168e-098 2.099623e-014 9.148415e-013 1.006871e-012 5.420292e-013 
2.737158e-101 2.949545e-018 1.162824e-016 3.692635e-016 3.307946e-015 
1.864540e-104 4.143513e-022 1.485597e-020 7.972269e-020 9.899403e-018 
5.347824e-135 6.548396e-025 8.077545e-023 3.213709e-022 1.457678e-019 
1.457165e-137 9.889108e-028 2.791222e-053 1.801901e-052 2.595758e-021 
3.970458e-140 1.493411e-030 7.484868e-058 8.863710e-083 4.615905e-023 
1.138796e-170 2.360182e-033 1.704694e-032 4.183892e-060 6.762153e-025 
3.266266e-201 3.730026e-036 1.142020e-034 9.528899e-035 9.906337e-027 
9.368217e-232 5.894922e-039 6.271622e-037 9.232303e-037 1.451247e-028 
2.686967e-262 9.316318e-042 3.277650e-039 6.265686e-039 2.126030e-030 
7.706689e-293 1.472348e-044 1.688420e-041 3.705252e-041 3.114566e-032 
1.976263e-323 2.326895e-047 8.659608e-044 2.051469e-043 4.562739e-034 
0.000000e+000 3.677419e-050 4.435395e-046 1.097336e-045 6.684267e-036 
0.000000e+000 5.166028e-054 5.364190e-050 2.618071e-049 1.867421e-038 
0.000000e+000 7.257224e-058 6.487672e-054 4.920516e-053 5.217119e-041 
0.000000e+000 1.146930e-060 3.321782e-056 1.833624e-055 7.642912e-043 
0.000000e+000 8.056019e-065 9.372876e-060 7.227195e-058 3.631579e-045 
0.000000e+000 5.658538e-069 2.644536e-063 2.179415e-060 1.725568e-047 
0.000000e+000 7.949100e-073 3.197739e-067 2.968222e-064 4.820816e-050 
0.000000e+000 1.200439e-075 1.085374e-097 1.134449e-094 8.572611e-052 
0.000000e+000 1.812852e-078 9.085884e-106 4.334868e-125 1.524424e-053 
0.000000e+000 2.737692e-081 1.372111e-108 6.480123e-136 2.710805e-055 
0.000000e+000 4.134345e-084 2.072104e-111 9.786005e-139 4.820486e-057 
0.000000e+000 6.243511e-087 3.129203e-114 1.477841e-141 8.572024e-059 
0.000000e+000 3.727728e-088 9.203142e-088 6.625879e-115 7.885435e-060 
0.000000e+000 2.225664e-089 1.157825e-088 1.948704e-088 7.253839e-061 
0.000000e+000 3.361102e-092 5.614417e-119 1.569063e-118 1.289913e-062 
0.000000e+000 5.075793e-095 2.543951e-122 9.989122e-149 2.293787e-064 
0.000000e+000 7.665246e-098 3.841767e-125 1.814366e-152 4.078924e-066 
0.000000e+000 2.266958e-128 5.511623e-100 2.635532e-127 2.026353e-068 
0.000000e+000 3.423464e-131 1.870740e-130 3.930932e-130 3.603361e-070 
0.000000e+000 5.169969e-134 8.940765e-161 2.833601e-160 6.407673e-072 
0.000000e+000 7.807466e-137 3.913046e-164 1.718482e-190 1.139444e-073 
0.000000e+000 1.179050e-139 5.909315e-167 2.790815e-194 2.026215e-075 
0.000000e+000 1.780551e-142 8.923995e-170 4.214569e-197 3.603114e-077 
0.000000e+000 2.688912e-145 1.347664e-172 6.364662e-200 6.407234e-079 
0.000000e+000 4.060681e-148 2.035184e-175 9.611641e-203 1.139366e-080 
0.000000e+000 6.132267e-151 3.073448e-178 1.451509e-205 2.026076e-082 
0.000000e+000 9.260688e-154 4.641390e-181 2.192007e-208 3.602868e-084 
0.000000e+000 1.398510e-156 7.009229e-184 3.310275e-211 6.406796e-086 
0.000000e+000 2.111969e-159 1.058504e-186 4.999037e-214 1.139288e-087 



P(O|lamda) = 2.239358e-092

1.250000e-004 0.000000e+000 0.000000e+000 0.000000e+000 0.000000e+000 
2.396089e-010 3.077078e-009 0.000000e+000 0.000000e+000 0.000000e+000 
7.348791e-013 3.549497e-010 1.150070e-009 0.000000e+000 0.000000e+000 
2.253870e-015 1.974332e-011 2.128992e-010 2.853556e-010 0.000000e+000 
6.912605e-018 1.067745e-012 2.223218e-011 7.510339e-011 5.504233e-011 
1.325057e-023 1.801070e-018 9.123059e-017 7.102648e-016 4.091860e-012 
2.539964e-029 3.038079e-024 3.292487e-022 4.873876e-021 1.513685e-013 
7.790055e-032 1.640501e-025 2.410572e-023 4.622155e-022 3.945016e-014 
6.032743e-035 2.974472e-030 4.577923e-054 1.474044e-052 3.507612e-017 
4.671853e-038 5.394718e-035 2.919785e-060 4.430504e-083 3.118704e-020 
1.432855e-040 2.949498e-036 2.016298e-035 7.244575e-061 8.128073e-021 
4.394556e-043 1.593604e-037 2.509068e-036 5.002841e-036 2.118366e-021 
1.347808e-045 8.604434e-039 2.346082e-037 1.013141e-036 5.520957e-022 
4.133718e-048 4.645664e-040 1.958352e-038 1.373109e-037 1.438891e-022 
1.267809e-050 2.508259e-041 1.539889e-039 1.557945e-038 3.750086e-023 
3.888362e-053 1.354244e-042 1.168060e-040 1.598425e-039 9.773601e-024 
1.192558e-055 7.311750e-044 8.655188e-042 1.537771e-040 2.547229e-024 
2.285981e-061 1.233227e-049 2.952713e-047 8.833789e-046 9.421648e-026 
4.381931e-067 2.080008e-055 9.852649e-053 4.761894e-051 3.484863e-027 
1.343936e-069 1.123025e-056 6.951498e-054 3.962257e-052 9.082369e-028 
2.169390e-101 7.577496e-059 6.103082e-055 6.527383e-053 3.006030e-028 
3.501843e-133 5.112836e-061 5.315770e-056 1.048790e-053 9.949183e-029 
6.712582e-139 8.623504e-067 1.735042e-061 5.192987e-059 3.679987e-030 
5.198331e-142 1.563558e-071 3.179201e-092 1.435714e-089 3.271967e-033 
4.025670e-145 2.834944e-076 1.534812e-101 3.955281e-120 2.909187e-036 
3.117543e-148 5.140138e-081 2.782822e-106 1.334367e-131 2.586630e-039 
2.414275e-151 9.319769e-086 5.045635e-111 2.419389e-136 2.299836e-042 
1.869653e-154 1.689801e-090 9.148422e-116 4.386681e-141 2.044841e-045 
2.655847e-158 1.211320e-093 1.615192e-092 1.180668e-117 6.954234e-047 
3.772638e-162 8.683253e-097 4.039667e-095 2.084519e-094 2.365042e-048 
2.921591e-165 1.574392e-101 8.254239e-126 9.214647e-125 2.102818e-051 
2.262527e-168 2.854586e-106 1.545446e-131 3.238448e-155 1.869667e-054 
1.752137e-171 5.175752e-111 2.802104e-136 1.343612e-161 1.662367e-057 
2.828311e-203 3.675628e-142 2.437417e-112 1.171637e-139 8.157069e-059 
2.190289e-206 6.664412e-147 4.466076e-143 2.119093e-142 7.252652e-062 
1.696195e-209 1.208348e-151 8.189728e-174 9.679950e-173 6.448512e-065 
1.313560e-212 2.190900e-156 1.186133e-181 3.360131e-203 5.733531e-068 
1.017242e-215 3.972399e-161 2.150620e-186 1.031225e-211 5.097824e-071 
7.877686e-219 7.202499e-166 3.899365e-191 1.869751e-216 4.532601e-074 
6.100606e-222 1.305911e-170 7.070079e-196 3.390113e-221 4.030048e-077 
4.724407e-225 2.367794e-175 1.281901e-200 6.146735e-226 3.583215e-080 
3.658656e-228 4.293132e-180 2.324261e-205 1.114487e-230 3.185925e-083 
2.833322e-231 7.784032e-185 4.214202e-210 2.020715e-235 2.832685e-086 
2.194170e-234 1.411351e-189 7.640920e-215 3.663832e-240 2.518610e-089 
1.699200e-237 2.558971e-194 1.385403e-219 6.643025e-245 2.239358e-092 



P(O|lamda) = 1.200808e-146

6.250000e-006 0.000000e+000 0.000000e+000 0.000000e+000 0.000000e+000 
2.215020e-095 7.812500e-012 0.000000e+000 0.000000e+000 0.000000e+000 
1.256016e-181 7.815246e-015 1.526461e-013 0.000000e+000 0.000000e+000 
7.122175e-268 7.817993e-018 2.762645e-016 2.200223e-015 0.000000e+000 
0.000000e+000 7.820741e-021 3.763856e-019 7.990150e-018 2.519424e-017 
0.000000e+000 2.443982e-028 2.140218e-026 1.247078e-024 5.957879e-020 
0.000000e+000 7.637443e-036 1.033885e-033 1.610451e-031 1.101865e-022 
0.000000e+000 7.640127e-039 9.861404e-037 3.082751e-034 1.435859e-024 
0.000000e+000 2.566605e-045 4.977202e-068 4.035105e-065 6.383289e-029 
0.000000e+000 8.622189e-052 2.634148e-075 5.201560e-096 2.837769e-033 
0.000000e+000 8.625220e-055 1.684664e-053 3.796831e-077 3.697946e-035 
0.000000e+000 8.628252e-058 3.048967e-056 2.428255e-055 4.818856e-037 
0.000000e+000 8.631285e-061 4.153943e-059 8.818251e-058 6.279533e-039 
0.000000e+000 8.634319e-064 5.048998e-062 2.205149e-060 8.182966e-041 
0.000000e+000 8.637354e-067 5.774124e-065 4.744834e-063 1.066336e-042 
0.000000e+000 8.640390e-070 6.361697e-068 9.475849e-066 1.389561e-044 
0.000000e+000 8.643427e-073 6.837922e-071 1.817894e-068 1.810760e-046 
0.000000e+000 2.701071e-080 3.379549e-078 2.128438e-075 3.348804e-049 
0.000000e+000 8.440846e-088 1.526713e-085 2.450409e-082 6.193248e-052 
0.000000e+000 8.443813e-091 1.400775e-088 4.485870e-085 8.070527e-054 
0.000000e+000 1.055609e-094 1.620537e-091 1.637260e-087 1.848355e-055 
0.000000e+000 1.319676e-098 1.662380e-094 5.965641e-090 4.233200e-057 
0.000000e+000 4.123987e-106 6.307411e-102 6.784351e-097 7.828842e-060 
0.000000e+000 1.385402e-112 2.686153e-133 8.661657e-128 3.480408e-064 
0.000000e+000 4.654084e-119 1.421860e-142 1.105789e-158 1.547258e-068 
0.000000e+000 1.563481e-125 4.776562e-149 1.436238e-172 6.878527e-073 
0.000000e+000 5.252320e-132 1.604626e-155 4.824862e-179 3.057934e-077 
0.000000e+000 1.764451e-138 5.390541e-162 1.620852e-185 1.359442e-081 
0.000000e+000 2.343481e-143 8.816742e-142 4.041408e-165 1.034063e-082 
0.000000e+000 3.112527e-148 2.996249e-146 6.610107e-145 7.865626e-084 
0.000000e+000 1.045614e-154 1.593453e-177 1.146512e-175 3.496761e-088 
0.000000e+000 3.512611e-161 1.073131e-184 1.624614e-206 1.554528e-092 
0.000000e+000 1.180018e-167 3.605049e-191 1.083982e-214 6.910845e-097 
0.000000e+000 3.105311e-199 2.905056e-170 8.756674e-196 8.958073e-099 
0.000000e+000 1.043190e-205 1.235234e-201 2.934432e-200 3.982421e-103 
0.000000e+000 3.504468e-212 5.262939e-233 4.993871e-231 1.770434e-107 
0.000000e+000 1.177282e-218 3.596692e-242 6.906878e-262 7.870684e-112 
0.000000e+000 3.954932e-225 1.208264e-248 3.633061e-272 3.499009e-116 
0.000000e+000 1.328610e-231 4.059011e-255 1.220482e-278 1.555528e-120 
0.000000e+000 4.463299e-238 1.363574e-261 4.100055e-285 6.915290e-125 
0.000000e+000 1.499390e-244 4.580757e-268 1.377362e-291 3.074277e-129 
0.000000e+000 5.037012e-251 1.538848e-274 4.627077e-298 1.366708e-133 
0.000000e+000 1.692121e-257 5.169567e-281 1.554409e-304 6.075867e-138 
0.000000e+000 5.684470e-264 1.736651e-287 5.221841e-311 2.701101e-142 
0.000000e+000 1.909627e-270 5.834064e-294 1.754212e-317 1.200808e-146 



P(O|lamda) = 2.497525e-231

3.125000e-007 0.000000e+000 0.000000e+000 0.000000e+000 0.000000e+000 
9.765625e-014 1.709988e-104 0.000000e+000 0.000000e+000 0.000000e+000 
4.882813e-017 1.984283e-106 3.426760e-108 0.000000e+000 0.000000e+000 
2.441406e-020 4.031263e-109 4.251124e-110 5.147208e-112 0.000000e+000 
1.220703e-023 6.879934e-112 1.148617e-112 6.694711e-114 6.707414e-116 
3.814697e-030 3.506764e-119 1.075725e-119 1.327880e-120 1.300137e-118 
1.192093e-036 1.962121e-126 7.321560e-127 1.506447e-127 1.204687e-122 
5.960464e-040 5.228617e-129 9.800896e-130 2.004855e-130 7.849260e-126 
7.525086e-044 3.160998e-135 1.926101e-159 3.751647e-160 1.744752e-131 
9.500422e-048 4.596428e-140 6.654734e-166 7.214234e-190 3.878255e-137 
4.750211e-051 1.671491e-140 9.211095e-144 9.995827e-170 2.526910e-140 
2.375105e-054 3.507393e-143 3.356999e-144 1.383564e-147 1.646429e-143 
1.187553e-057 6.029835e-146 9.719631e-147 5.050735e-148 1.072763e-146 
5.937763e-061 9.859145e-149 1.987473e-149 1.763410e-150 7.055494e-150 
2.968882e-064 1.588418e-151 3.568874e-152 4.044810e-153 4.826859e-153 
1.484441e-067 2.547563e-154 6.043903e-155 7.790895e-156 3.672067e-156 
7.422204e-071 4.080134e-157 9.949951e-158 1.375929e-158 3.407810e-159 
2.319439e-077 2.040473e-164 7.556357e-165 1.448781e-165 5.695818e-163 
7.248246e-084 1.021506e-171 4.746578e-172 1.251701e-172 5.269578e-167 
3.624123e-087 1.647680e-174 5.851861e-175 1.465019e-175 3.433439e-170 
3.814868e-117 3.303706e-178 9.971931e-178 3.515961e-178 3.931724e-173 
4.015652e-147 6.608240e-182 1.079880e-180 7.215617e-181 4.502327e-176 
1.254891e-153 3.304120e-189 4.111502e-188 3.718244e-188 4.163296e-180 
1.584300e-157 1.775964e-195 3.531879e-218 3.996733e-218 9.254225e-186 
2.000179e-161 9.545809e-202 3.738874e-226 4.109225e-248 2.057040e-191 
2.525226e-165 5.130872e-208 2.009645e-232 7.871317e-257 4.572414e-197 
3.188098e-169 2.757844e-214 1.080184e-238 4.230833e-263 1.016362e-202 
4.024974e-173 1.482341e-220 5.805989e-245 2.274073e-269 2.259181e-208 
7.692369e-174 3.150067e-225 7.596998e-226 4.536110e-250 8.592256e-211 
1.470135e-174 6.694089e-230 3.171794e-230 5.935392e-231 3.267860e-213 
1.856045e-178 3.598073e-236 4.080268e-260 1.167569e-260 7.263839e-219 
2.343257e-182 1.933964e-242 7.574894e-267 1.842221e-290 1.614615e-224 
2.958362e-186 1.039506e-248 4.071505e-273 1.594715e-297 3.588985e-230 
1.922935e-188 8.753737e-279 2.624752e-253 1.030600e-279 2.326082e-233 
2.427706e-192 1.601653e-284 2.210318e-283 5.525796e-284 5.170444e-239 
3.064979e-196 1.436672e-288 1.895041e-313 9.306608e-314 1.149292e-244 
3.869535e-200 1.810652e-292 3.024571e-319 0.000000e+000 2.554661e-250 
4.885288e-204 2.285931e-296 3.952525e-323 0.000000e+000 5.678531e-256 
6.167677e-208 2.885988e-300 0.000000e+000 0.000000e+000 1.262231e-261 
7.786692e-212 3.643560e-304 0.000000e+000 0.000000e+000 2.805702e-267 
9.830698e-216 4.599994e-308 0.000000e+000 0.000000e+000 6.236547e-273 
1.241126e-219 5.807493e-312 0.000000e+000 0.000000e+000 1.386267e-278 
1.566921e-223 7.331959e-316 0.000000e+000 0.000000e+000 3.081411e-284 
1.978238e-227 9.256814e-320 0.000000e+000 0.000000e+000 6.849398e-290 
2.497525e-231 9.881313e-324 0.000000e+000 0.000000e+000 1.522492e-295 



P(O|lamda) = 1.126464e-084

5.000002e-002 0.000000e+000 0.000000e+000 0.000000e+000 0.000000e+000 
1.250001e-004 4.750002e-003 0.000000e+000 0.000000e+000 0.000000e+000 
2.619794e-008 3.088589e-008 2.284525e-007 0.000000e+000 0.000000e+000 
5.490652e-012 2.613267e-012 2.294995e-012 7.971970e-012 0.000000e+000 
1.150749e-015 5.322523e-016 1.338182e-016 1.700941e-016 5.531539e-013 
2.876874e-018 1.114502e-016 5.204272e-017 2.632435e-017 1.573439e-014 
7.192188e-021 7.191038e-019 1.106732e-017 8.441505e-018 4.479902e-016 
1.507363e-024 3.560926e-024 7.380297e-023 4.815103e-022 4.503533e-017 
4.757614e-031 5.289107e-032 9.093274e-054 2.245890e-052 1.869068e-019 
1.501622e-037 1.525455e-038 5.344784e-062 7.997652e-083 7.756993e-022 
3.147150e-041 1.433147e-041 7.336715e-043 1.865090e-066 7.696490e-023 
6.595902e-045 3.048191e-045 6.918755e-046 2.560185e-047 7.636459e-024 
1.382391e-048 6.390283e-049 1.490552e-049 2.443242e-050 7.576896e-025 
2.897262e-052 1.339304e-052 3.126241e-053 5.477217e-054 7.517798e-026 
6.072178e-056 2.806959e-056 6.552196e-057 1.152760e-057 7.459161e-027 
1.272627e-059 5.882918e-060 1.373232e-060 2.416577e-061 7.400981e-028 
2.667215e-063 1.232962e-063 2.878065e-064 5.064812e-065 7.343254e-029 
6.668041e-066 2.583173e-064 1.204000e-064 4.240174e-065 2.088331e-030 
1.667011e-068 1.666733e-066 2.565006e-065 1.869496e-065 5.938953e-032 
3.493777e-072 8.253497e-072 1.710540e-070 1.106151e-069 5.892630e-033 
1.838831e-103 4.562105e-077 1.002356e-072 4.919128e-071 3.363444e-034 
9.678061e-135 2.281337e-083 3.551478e-075 1.573370e-072 1.919815e-035 
2.419516e-137 9.125348e-086 2.511977e-077 7.145523e-074 5.459715e-037 
7.636598e-144 1.226219e-094 1.870246e-108 2.263992e-104 2.265888e-039 
2.410301e-150 1.647731e-103 1.239127e-124 7.167290e-135 9.403873e-042 
7.607513e-157 2.214139e-112 1.665076e-133 1.212087e-154 3.902790e-044 
2.401121e-163 2.975249e-121 2.237447e-142 1.628743e-163 1.619734e-046 
7.578540e-170 3.997991e-130 3.006569e-151 2.188623e-172 6.722208e-049 
2.730389e-172 2.123995e-137 4.917529e-136 5.457079e-157 1.295682e-049 
9.837017e-175 1.128406e-144 7.068946e-143 8.925571e-142 2.497382e-050 
3.104808e-181 1.516295e-153 6.403337e-174 3.516384e-172 1.036462e-052 
9.799552e-188 2.037521e-162 1.532257e-183 1.175560e-202 4.301518e-055 
3.092984e-194 2.737919e-171 2.058970e-192 1.498821e-213 1.785214e-057 
7.782720e-197 5.475839e-174 1.314367e-172 9.566700e-194 1.790462e-058 
2.456421e-203 7.358158e-183 1.531936e-203 1.285686e-202 7.430765e-061 
7.753079e-210 9.887525e-192 7.435615e-213 5.567662e-233 3.083912e-063 
2.447065e-216 1.328636e-200 9.991608e-222 7.273361e-243 1.279883e-065 
7.723550e-223 1.785355e-209 1.342622e-230 9.773579e-252 5.311763e-068 
2.437746e-229 2.399071e-218 1.804149e-239 1.313325e-260 2.204485e-070 
7.694134e-236 3.223751e-227 2.424325e-248 1.764780e-269 9.149040e-073 
2.428461e-242 4.331916e-236 3.257687e-257 2.371423e-278 3.797029e-075 
7.664831e-249 5.821089e-245 4.377517e-266 3.186600e-287 1.575841e-077 
2.419212e-255 7.846550e-254 5.882366e-275 4.281994e-296 6.540045e-080 
7.635638e-262 1.826449e-262 7.929149e-284 5.754006e-305 2.714245e-082 
2.409998e-268 2.461385e-269 1.845676e-292 7.756125e-314 1.126464e-084 



P(O|lamda) = 2.446600e-105

2.500001e-003 0.000000e+000 0.000000e+000 0.000000e+000 0.000000e+000 
6.250005e-007 1.125000e-005 0.000000e+000 0.000000e+000 0.000000e+000 
1.309897e-011 7.315075e-012 2.592636e-011 0.000000e+000 0.000000e+000 
2.745325e-016 6.189313e-017 2.205362e-017 1.192657e-012 0.000000e+000 
5.753742e-021 1.260596e-021 1.470562e-022 8.825501e-015 2.844678e-014 
1.438436e-024 2.639608e-023 5.857566e-024 9.794633e-018 5.114189e-017 
3.596092e-028 1.703139e-026 1.237650e-025 1.087022e-020 8.458706e-020 
7.536808e-033 8.433763e-033 6.405206e-032 8.043463e-023 2.627202e-021 
2.378805e-040 1.252682e-041 1.356130e-062 1.252873e-053 7.697921e-024 
7.508103e-048 3.612918e-049 1.213124e-071 1.951512e-084 2.198213e-026 
1.573573e-052 3.394291e-053 8.326201e-055 5.580582e-073 6.153677e-028 
3.297946e-057 7.219388e-058 7.839047e-059 3.830197e-056 1.722660e-029 
6.911944e-062 1.513485e-062 1.679463e-063 2.870028e-058 4.822416e-031 
1.448628e-066 3.172029e-067 3.521580e-068 2.123615e-060 1.349987e-032 
3.036083e-071 6.648044e-072 7.380716e-073 1.571266e-062 3.779154e-034 
6.363122e-076 1.393319e-076 1.546875e-077 1.162582e-064 1.057936e-035 
1.333604e-080 2.920164e-081 3.241992e-082 8.601957e-067 2.961587e-037 
3.334012e-084 6.118025e-083 1.356243e-083 9.546540e-070 4.211193e-040 
8.335033e-088 3.947515e-086 2.868541e-085 1.059485e-072 5.988055e-043 
1.746884e-092 1.954770e-092 1.484577e-091 7.839142e-075 1.676296e-044 
1.838826e-123 1.080496e-098 7.474456e-095 5.804327e-078 6.879421e-047 
1.935607e-154 5.403153e-106 1.499248e-098 4.297691e-081 2.823274e-049 
4.839019e-158 2.161261e-109 5.996994e-102 4.769621e-084 4.014520e-052 
1.527315e-165 2.904195e-119 5.050105e-133 7.429301e-115 1.146384e-054 
4.820589e-173 3.902514e-129 2.812485e-149 1.157209e-145 3.273605e-057 
1.521498e-180 5.244005e-139 3.779278e-159 1.805227e-176 9.348083e-060 
4.802229e-188 7.046633e-149 5.078406e-169 3.659934e-189 2.669432e-062 
1.515704e-195 9.468916e-159 6.824111e-179 4.918038e-199 7.622811e-065 
5.460762e-199 5.030509e-167 5.580742e-166 6.131282e-186 2.138442e-066 
1.967398e-202 2.672537e-175 5.824987e-174 5.014149e-173 5.999011e-068 
6.209599e-210 3.591222e-185 7.493396e-205 1.345123e-203 1.713073e-070 
1.959905e-217 4.825706e-195 3.477816e-215 2.820879e-234 4.891841e-073 
6.185949e-225 6.484545e-205 4.673317e-225 3.367992e-245 1.396911e-075 
1.556539e-228 2.723509e-207 3.132054e-206 1.074864e-227 2.376313e-077 
4.912828e-236 3.659716e-217 5.275025e-237 3.033148e-236 6.785781e-080 
1.550611e-243 4.917745e-227 3.544147e-247 9.832967e-267 1.937743e-082 
4.894117e-251 6.608221e-237 4.762449e-257 3.432228e-277 5.533405e-085 
1.544706e-258 8.879800e-247 6.399543e-267 4.612058e-287 1.580115e-087 
4.875477e-266 1.193224e-256 8.599389e-277 6.197455e-297 4.512166e-090 
1.538822e-273 1.603395e-266 1.155543e-286 8.327833e-307 1.288491e-092 
4.856908e-281 2.154564e-276 1.552762e-296 1.119053e-316 3.679406e-095 
1.532962e-288 2.895931e-286 2.086526e-306 0.000000e+000 1.050689e-097 
4.838410e-296 4.123149e-296 2.804482e-316 0.000000e+000 3.000339e-100 
1.527123e-303 7.868366e-305 0.000000e+000 0.000000e+000 8.567747e-103 
4.819983e-311 2.319155e-312 0.000000e+000 0.000000e+000 2.446600e-105 



P(O|lamda) = 5.507840e-135

1.001250e-001 0.000000e+000 0.000000e+000 0.000000e+000 0.000000e+000 
2.021778e-085 5.031281e-003 0.000000e+000 0.000000e+000 0.000000e+000 
4.272763e-173 3.137359e-011 6.144455e-010 0.000000e+000 0.000000e+000 
9.029923e-261 1.956365e-019 5.750379e-018 1.497868e-012 0.000000e+000 
0.000000e+000 1.219932e-027 4.185022e-026 5.102933e-016 1.306085e-014 
0.000000e+000 1.528497e-030 5.582525e-031 2.607529e-020 2.796314e-017 
0.000000e+000 1.915110e-033 3.760763e-034 1.332411e-024 5.796102e-020 
0.000000e+000 1.194207e-041 2.350574e-040 4.539130e-028 5.851415e-022 
0.000000e+000 2.500754e-053 1.842657e-071 6.510691e-059 8.354638e-026 
0.000000e+000 5.236758e-065 2.566738e-083 9.338597e-090 1.192873e-029 
0.000000e+000 3.265489e-073 6.395393e-072 6.257082e-086 1.204232e-031 
0.000000e+000 2.036263e-081 5.985223e-080 1.559041e-074 1.215700e-033 
0.000000e+000 1.269754e-089 4.355937e-088 5.311336e-078 1.227277e-035 
0.000000e+000 7.917812e-098 2.911021e-096 1.809414e-081 1.238965e-037 
0.000000e+000 4.937316e-106 1.876058e-104 6.164138e-085 1.250763e-039 
0.000000e+000 3.078765e-114 1.188852e-112 2.099939e-088 1.262674e-041 
0.000000e+000 1.919828e-122 7.472658e-121 7.153868e-092 1.274699e-043 
0.000000e+000 2.405422e-125 9.337989e-126 3.655528e-096 2.640025e-046 
0.000000e+000 3.013841e-128 5.921821e-129 1.867925e-100 5.467748e-049 
0.000000e+000 1.879343e-136 3.699149e-135 6.363465e-104 5.519818e-051 
0.000000e+000 2.342984e-139 1.380864e-137 2.169389e-108 2.468444e-053 
0.000000e+000 2.921007e-142 2.870977e-140 7.395731e-113 1.103880e-055 
0.000000e+000 3.659836e-145 2.501672e-145 3.779117e-117 2.286242e-058 
0.000000e+000 7.663959e-157 3.822063e-175 5.420568e-148 3.264289e-062 
0.000000e+000 1.604888e-168 7.866177e-187 7.774981e-179 4.660742e-066 
0.000000e+000 3.360750e-180 1.647234e-198 1.115203e-209 6.654594e-070 
0.000000e+000 7.037651e-192 3.449425e-210 1.690697e-228 9.501409e-074 
0.000000e+000 1.473735e-203 7.223344e-222 3.540440e-240 1.356608e-077 
0.000000e+000 1.220124e-213 4.602853e-212 3.439218e-230 2.075684e-078 
0.000000e+000 1.010157e-223 7.486919e-222 2.191536e-220 3.175909e-079 
0.000000e+000 2.115340e-235 3.001856e-253 3.911871e-251 4.534553e-083 
0.000000e+000 4.429674e-247 2.171155e-265 5.919090e-282 6.474421e-087 
0.000000e+000 9.276054e-259 4.546553e-277 2.228442e-295 9.244158e-091 
0.000000e+000 6.071354e-263 2.374265e-261 5.541495e-281 1.095595e-092 
0.000000e+000 1.271385e-274 1.246314e-292 2.436911e-291 1.564288e-096 
0.000000e+000 2.662371e-286 1.304931e-304 4.792437e-322 2.233486e-100 
0.000000e+000 5.575196e-298 2.732619e-316 0.000000e+000 3.188964e-104 
0.000000e+000 1.167486e-309 0.000000e+000 0.000000e+000 4.553193e-108 
0.000000e+000 2.445625e-321 0.000000e+000 0.000000e+000 6.501036e-112 
0.000000e+000 0.000000e+000 0.000000e+000 0.000000e+000 9.282159e-116 
0.000000e+000 0.000000e+000 0.000000e+000 0.000000e+000 1.325304e-119 
0.000000e+000 0.000000e+000 0.000000e+000 0.000000e+000 1.892265e-123 
0.000000e+000 0.000000e+000 0.000000e+000 0.000000e+000 2.701770e-127 
0.000000e+000 0.000000e+000 0.000000e+000 0.000000e+000 3.857579e-131 
0.000000e+000 0.000000e+000 0.000000e+000 0.000000e+000 5.507840e-135 



Max probability = 2.533691e-041

Utterance recognised as 2