25	18	8	8	8	18	8	8	8	18	8	8	8	18	8	8	25	18	8	8	8	8	
Iteraion 1
-----------------

P(O|lamda) = 7.703720e-034

3.125000e-002 0.000000e+000 0.000000e+000 0.000000e+000 0.000000e+000 
7.812500e-004 1.953125e-004 0.000000e+000 0.000000e+000 0.000000e+000 
1.953125e-005 9.765625e-006 1.220703e-006 0.000000e+000 0.000000e+000 
4.882813e-007 3.662109e-007 9.155273e-008 7.629395e-009 0.000000e+000 
1.220703e-008 1.220703e-008 4.577637e-009 7.629395e-010 4.768372e-011 
3.051758e-010 3.814697e-010 1.907349e-010 4.768372e-011 6.258488e-012 
7.629395e-012 1.144409e-011 7.152557e-012 2.384186e-012 4.936010e-013 
1.907349e-013 3.337860e-013 2.503395e-013 1.043081e-013 3.032619e-014 
4.768372e-015 9.536743e-015 8.344650e-015 4.172325e-015 1.599619e-015 
1.192093e-016 2.682209e-016 2.682209e-016 1.564622e-016 7.606513e-017 
2.980232e-018 7.450581e-018 8.381903e-018 5.587935e-018 3.354924e-018 
7.450581e-020 2.048910e-019 2.561137e-019 1.920853e-019 1.397660e-019 
1.862645e-021 5.587935e-021 7.683411e-021 6.402843e-021 5.568220e-021 
4.656613e-023 1.513399e-022 2.270099e-022 2.080924e-022 2.140246e-022 
1.164153e-024 4.074536e-024 6.621121e-024 6.621121e-024 7.988847e-024 
2.910383e-026 1.091394e-025 1.909939e-025 2.069100e-025 2.910335e-025 
7.275958e-028 2.910383e-027 5.456968e-027 6.366463e-027 1.038798e-026 
1.818989e-029 7.730705e-029 1.546141e-028 1.932676e-028 3.644149e-028 
4.547474e-031 2.046363e-030 4.348522e-030 5.798029e-030 1.259589e-029 
1.136868e-032 5.400125e-032 1.215028e-031 1.721290e-031 4.298592e-031 
2.842171e-034 1.421085e-033 3.375078e-033 5.062617e-033 1.450891e-032 
7.105427e-036 3.730349e-035 9.325873e-035 1.476597e-034 4.850447e-034 


2.465190e-032 2.465190e-032 2.465190e-032 2.465190e-032 2.465190e-032 
7.888609e-031 7.888609e-031 7.888609e-031 7.888609e-031 7.888609e-031 
2.524355e-029 2.524355e-029 2.524355e-029 2.524355e-029 2.524355e-029 
8.077936e-028 8.077936e-028 8.077936e-028 8.077936e-028 8.077936e-028 
2.584939e-026 2.584939e-026 2.584939e-026 2.584939e-026 2.584939e-026 
8.271806e-025 8.271806e-025 8.271806e-025 8.271806e-025 8.271806e-025 
2.646978e-023 2.646978e-023 2.646978e-023 2.646978e-023 2.646978e-023 
8.470329e-022 8.470329e-022 8.470329e-022 8.470329e-022 8.470329e-022 
2.710505e-020 2.710505e-020 2.710505e-020 2.710505e-020 2.710505e-020 
8.673617e-019 8.673617e-019 8.673617e-019 8.673617e-019 8.673617e-019 
2.775558e-017 2.775558e-017 2.775558e-017 2.775558e-017 2.775558e-017 
8.881784e-016 8.881784e-016 8.881784e-016 8.881784e-016 8.881784e-016 
2.842171e-014 2.842171e-014 2.842171e-014 2.842171e-014 2.842171e-014 
9.094947e-013 9.094947e-013 9.094947e-013 9.094947e-013 9.094947e-013 
2.910383e-011 2.910383e-011 2.910383e-011 2.910383e-011 2.910383e-011 
9.313226e-010 9.313226e-010 9.313226e-010 9.313226e-010 9.313226e-010 
2.980232e-008 2.980232e-008 2.980232e-008 2.980232e-008 2.980232e-008 
9.536743e-007 9.536743e-007 9.536743e-007 9.536743e-007 9.536743e-007 
3.051758e-005 3.051758e-005 3.051758e-005 3.051758e-005 3.051758e-005 
9.765625e-004 9.765625e-004 9.765625e-004 9.765625e-004 9.765625e-004 
3.125000e-002 3.125000e-002 3.125000e-002 3.125000e-002 3.125000e-002 
1.000000e+000 1.000000e+000 1.000000e+000 1.000000e+000 1.000000e+000 


1.000000e+000 0.000000e+000 0.000000e+000 0.000000e+000 0.000000e+000 
8.000000e-001 2.000000e-001 0.000000e+000 0.000000e+000 0.000000e+000 
6.400000e-001 3.200000e-001 4.000000e-002 0.000000e+000 0.000000e+000 
5.120000e-001 3.840000e-001 9.600000e-002 8.000000e-003 0.000000e+000 
4.096000e-001 4.096000e-001 1.536000e-001 2.560000e-002 1.600000e-003 
3.276800e-001 4.096000e-001 2.048000e-001 5.120000e-002 6.720000e-003 
2.621440e-001 3.932160e-001 2.457600e-001 8.192000e-002 1.696000e-002 
2.097152e-001 3.670016e-001 2.752512e-001 1.146880e-001 3.334400e-002 
1.677722e-001 3.355443e-001 2.936013e-001 1.468006e-001 5.628160e-002 
1.342177e-001 3.019899e-001 3.019899e-001 1.761608e-001 8.564173e-002 
1.073742e-001 2.684355e-001 3.019899e-001 2.013266e-001 1.208739e-001 
8.589935e-002 2.362232e-001 2.952790e-001 2.214593e-001 1.611392e-001 
6.871948e-002 2.061584e-001 2.834678e-001 2.362232e-001 2.054311e-001 
5.497558e-002 1.786706e-001 2.680060e-001 2.456721e-001 2.526757e-001 
4.398047e-002 1.539316e-001 2.501389e-001 2.501389e-001 3.018101e-001 
3.518437e-002 1.319414e-001 2.308974e-001 2.501389e-001 3.518379e-001 
2.814750e-002 1.125900e-001 2.111062e-001 2.462906e-001 4.018657e-001 
2.251800e-002 9.570149e-002 1.914030e-001 2.392537e-001 4.511238e-001 
1.801440e-002 8.106479e-002 1.722627e-001 2.296836e-001 4.989745e-001 
1.441152e-002 6.845471e-002 1.540231e-001 2.181994e-001 5.449113e-001 
1.152922e-002 5.764608e-002 1.369094e-001 2.053641e-001 5.885511e-001 
9.223372e-003 4.842270e-002 1.210568e-001 1.916732e-001 6.296240e-001 



Q star

------------
1  1  1  1  1  1  1  1  1  1  1  1  1  1  1  1  1  1  1  1  1  1  
------------

P star

-----------
7.105427e-036

A Martrix

8.000000e-001 2.000000e-001 0.000000e+000 0.000000e+000 0.000000e+000 
0.000000e+000 8.000000e-001 2.000000e-001 0.000000e+000 0.000000e+000 
0.000000e+000 0.000000e+000 8.000000e-001 2.000000e-001 0.000000e+000 
0.000000e+000 0.000000e+000 0.000000e+000 8.000000e-001 2.000000e-001 
0.000000e+000 0.000000e+000 0.000000e+000 0.000000e+000 1.000000e+000 

B Martrix

1.000000e-030 1.000000e-030 1.000000e-030 1.000000e-030 1.000000e-030 1.000000e-030 1.000000e-030 5.229724e-001 1.000000e-030 1.000000e-030 1.000000e-030 1.000000e-030 1.000000e-030 1.000000e-030 1.000000e-030 1.000000e-030 1.000000e-030 2.698695e-001 1.000000e-030 1.000000e-030 1.000000e-030 1.000000e-030 1.000000e-030 1.000000e-030 2.071581e-001 1.000000e-030 1.000000e-030 1.000000e-030 1.000000e-030 1.000000e-030 1.000000e-030 1.000000e-030 
1.000000e+000 1.000000e-030 1.000000e-030 1.000000e-030 1.000000e-030 1.000000e-030 1.000000e-030 1.000000e-030 1.000000e-030 1.000000e-030 1.000000e-030 1.000000e-030 1.000000e-030 1.000000e-030 1.000000e-030 1.000000e-030 1.000000e-030 1.000000e-030 1.000000e-030 1.000000e-030 1.000000e-030 1.000000e-030 1.000000e-030 1.000000e-030 1.000000e-030 1.000000e-030 1.000000e-030 1.000000e-030 1.000000e-030 1.000000e-030 1.000000e-030 1.000000e-030 
1.000000e+000 1.000000e-030 1.000000e-030 1.000000e-030 1.000000e-030 1.000000e-030 1.000000e-030 1.000000e-030 1.000000e-030 1.000000e-030 1.000000e-030 1.000000e-030 1.000000e-030 1.000000e-030 1.000000e-030 1.000000e-030 1.000000e-030 1.000000e-030 1.000000e-030 1.000000e-030 1.000000e-030 1.000000e-030 1.000000e-030 1.000000e-030 1.000000e-030 1.000000e-030 1.000000e-030 1.000000e-030 1.000000e-030 1.000000e-030 1.000000e-030 1.000000e-030 
1.000000e+000 1.000000e-030 1.000000e-030 1.000000e-030 1.000000e-030 1.000000e-030 1.000000e-030 1.000000e-030 1.000000e-030 1.000000e-030 1.000000e-030 1.000000e-030 1.000000e-030 1.000000e-030 1.000000e-030 1.000000e-030 1.000000e-030 1.000000e-030 1.000000e-030 1.000000e-030 1.000000e-030 1.000000e-030 1.000000e-030 1.000000e-030 1.000000e-030 1.000000e-030 1.000000e-030 1.000000e-030 1.000000e-030 1.000000e-030 1.000000e-030 1.000000e-030 
1.000000e+000 1.000000e-030 1.000000e-030 1.000000e-030 1.000000e-030 1.000000e-030 1.000000e-030 1.000000e-030 1.000000e-030 1.000000e-030 1.000000e-030 1.000000e-030 1.000000e-030 1.000000e-030 1.000000e-030 1.000000e-030 1.000000e-030 1.000000e-030 1.000000e-030 1.000000e-030 1.000000e-030 1.000000e-030 1.000000e-030 1.000000e-030 1.000000e-030 1.000000e-030 1.000000e-030 1.000000e-030 1.000000e-030 1.000000e-030 1.000000e-030 1.000000e-030 
Iteraion 2
-----------------

P(O|lamda) = 3.391910e-011

2.071581e-001 0.000000e+000 0.000000e+000 0.000000e+000 0.000000e+000 
4.472452e-002 4.143161e-032 0.000000e+000 0.000000e+000 0.000000e+000 
1.871175e-002 8.944904e-033 8.286322e-063 0.000000e+000 0.000000e+000 
7.828584e-003 3.742350e-033 1.788981e-063 1.657264e-093 0.000000e+000 
3.275307e-003 1.565717e-033 7.484701e-064 3.577962e-094 3.314529e-124 
7.071244e-004 6.550613e-034 3.131433e-064 1.496940e-094 7.155923e-125 
2.958452e-004 1.414249e-034 1.310123e-064 6.262867e-095 2.993880e-125 
1.237751e-004 5.916905e-035 2.828498e-065 2.620245e-095 1.252573e-125 
5.178477e-005 2.475502e-035 1.183381e-065 5.656995e-096 5.240491e-126 
1.118011e-005 1.035695e-035 4.951005e-066 2.366762e-096 1.131399e-126 
4.677510e-006 2.236021e-036 2.071391e-066 9.902009e-097 4.733524e-127 
1.956967e-006 9.355020e-037 4.472043e-067 4.142782e-097 1.980402e-127 
8.187517e-007 3.913934e-037 1.871004e-067 8.944085e-098 8.285564e-128 
1.767649e-007 1.637503e-037 7.827867e-068 3.742008e-098 1.788817e-128 
7.395454e-008 3.535298e-038 3.275007e-068 1.565573e-098 7.484016e-129 
3.094095e-008 1.479091e-038 7.070597e-069 6.550014e-099 3.131147e-129 
5.127733e-009 6.188189e-039 2.958182e-069 1.414119e-099 1.310003e-129 
1.107055e-009 1.025547e-039 1.237638e-069 5.916363e-100 2.828239e-130 
4.631674e-010 2.214110e-040 2.051093e-070 2.475276e-100 1.183273e-130 
1.937790e-010 9.263349e-041 4.428221e-071 4.102186e-101 4.950551e-131 
8.107287e-011 3.875581e-041 1.852670e-071 8.856441e-102 8.204373e-132 
3.391910e-011 1.621457e-041 7.751161e-072 3.705340e-102 1.771288e-132 


1.637354e-010 0.000000e+000 0.000000e+000 0.000000e+000 0.000000e+000 
7.584005e-010 0.000000e+000 0.000000e+000 0.000000e+000 0.000000e+000 
1.812716e-009 0.000000e+000 0.000000e+000 0.000000e+000 0.000000e+000 
4.332725e-009 0.000000e+000 0.000000e+000 0.000000e+000 0.000000e+000 
1.035601e-008 0.000000e+000 0.000000e+000 0.000000e+000 0.000000e+000 
4.796765e-008 0.000000e+000 0.000000e+000 0.000000e+000 0.000000e+000 
1.146515e-007 0.000000e+000 0.000000e+000 0.000000e+000 0.000000e+000 
2.740381e-007 0.000000e+000 0.000000e+000 0.000000e+000 0.000000e+000 
6.550014e-007 0.000000e+000 0.000000e+000 0.000000e+000 0.000000e+000 
3.033880e-006 0.000000e+000 0.000000e+000 0.000000e+000 0.000000e+000 
7.251529e-006 0.000000e+000 0.000000e+000 0.000000e+000 0.000000e+000 
1.733248e-005 1.000000e-300 1.000000e-300 1.000000e-300 1.000000e-300 
4.142782e-005 1.000000e-270 1.000000e-270 1.000000e-270 1.000000e-270 
1.918882e-004 1.000000e-240 1.000000e-240 1.000000e-240 1.000000e-240 
4.586479e-004 1.000000e-210 1.000000e-210 1.000000e-210 1.000000e-210 
1.096253e-003 1.000000e-180 1.000000e-180 1.000000e-180 1.000000e-180 
6.614833e-003 1.000000e-150 1.000000e-150 1.000000e-150 1.000000e-150 
3.063903e-002 1.000000e-120 1.000000e-120 1.000000e-120 1.000000e-120 
7.323290e-002 1.000000e-090 1.000000e-090 1.000000e-090 1.000000e-090 
1.750401e-001 1.000000e-060 1.000000e-060 1.000000e-060 1.000000e-060 
4.183779e-001 1.000000e-030 1.000000e-030 1.000000e-030 1.000000e-030 
1.000000e+000 1.000000e+000 1.000000e+000 1.000000e+000 1.000000e+000 


1.000000e+000 0.000000e+000 0.000000e+000 0.000000e+000 0.000000e+000 
1.000000e+000 0.000000e+000 0.000000e+000 0.000000e+000 0.000000e+000 
1.000000e+000 0.000000e+000 0.000000e+000 0.000000e+000 0.000000e+000 
1.000000e+000 0.000000e+000 0.000000e+000 0.000000e+000 0.000000e+000 
1.000000e+000 0.000000e+000 0.000000e+000 0.000000e+000 0.000000e+000 
1.000000e+000 0.000000e+000 0.000000e+000 0.000000e+000 0.000000e+000 
1.000000e+000 0.000000e+000 0.000000e+000 0.000000e+000 0.000000e+000 
1.000000e+000 0.000000e+000 0.000000e+000 0.000000e+000 0.000000e+000 
1.000000e+000 0.000000e+000 0.000000e+000 0.000000e+000 0.000000e+000 
1.000000e+000 0.000000e+000 0.000000e+000 0.000000e+000 0.000000e+000 
1.000000e+000 0.000000e+000 0.000000e+000 0.000000e+000 0.000000e+000 
1.000000e+000 0.000000e+000 0.000000e+000 0.000000e+000 0.000000e+000 
1.000000e+000 1.153903e-296 0.000000e+000 0.000000e+000 0.000000e+000 
1.000000e+000 4.827674e-267 2.307805e-297 0.000000e+000 0.000000e+000 
1.000000e+000 1.042274e-237 9.655348e-268 4.615611e-298 0.000000e+000 
1.000000e+000 4.360643e-208 2.084547e-238 1.931070e-268 9.231221e-299 
1.000000e+000 1.824397e-178 8.721286e-209 4.169095e-239 3.862139e-269 
1.000000e+000 3.023508e-149 3.648794e-179 1.744257e-209 8.338190e-240 
1.000000e+000 6.527622e-120 6.047016e-150 7.297587e-180 3.488515e-210 
1.000000e+000 2.731013e-090 1.305524e-120 1.209403e-150 1.459517e-180 
1.000000e+000 1.142595e-060 5.462026e-091 2.611049e-121 2.418806e-151 
1.000000e+000 4.780367e-031 2.285191e-061 1.092405e-091 5.222097e-122 



Q star

------------
1  1  1  1  1  1  1  1  1  1  1  1  1  1  1  1  1  1  1  1  1  1  
------------

P star

-----------
3.391910e-011

A Martrix

1.000000e+000 2.276365e-032 0.000000e+000 0.000000e+000 0.000000e+000 
0.000000e+000 8.000000e-001 2.000000e-001 0.000000e+000 0.000000e+000 
0.000000e+000 0.000000e+000 8.000000e-001 2.000000e-001 0.000000e+000 
0.000000e+000 0.000000e+000 0.000000e+000 8.000000e-001 2.000000e-001 
0.000000e+000 0.000000e+000 0.000000e+000 0.000000e+000 1.000000e+000 

B Martrix

1.000000e-030 1.000000e-030 1.000000e-030 1.000000e-030 1.000000e-030 1.000000e-030 1.000000e-030 6.818182e-001 1.000000e-030 1.000000e-030 1.000000e-030 1.000000e-030 1.000000e-030 1.000000e-030 1.000000e-030 1.000000e-030 1.000000e-030 2.272727e-001 1.000000e-030 1.000000e-030 1.000000e-030 1.000000e-030 1.000000e-030 1.000000e-030 9.090909e-002 1.000000e-030 1.000000e-030 1.000000e-030 1.000000e-030 1.000000e-030 1.000000e-030 1.000000e-030 
1.000000e+000 1.000000e-030 1.000000e-030 1.000000e-030 1.000000e-030 1.000000e-030 1.000000e-030 1.000000e-030 1.000000e-030 1.000000e-030 1.000000e-030 1.000000e-030 1.000000e-030 1.000000e-030 1.000000e-030 1.000000e-030 1.000000e-030 1.000000e-030 1.000000e-030 1.000000e-030 1.000000e-030 1.000000e-030 1.000000e-030 1.000000e-030 1.000000e-030 1.000000e-030 1.000000e-030 1.000000e-030 1.000000e-030 1.000000e-030 1.000000e-030 1.000000e-030 
1.000000e+000 1.000000e-030 1.000000e-030 1.000000e-030 1.000000e-030 1.000000e-030 1.000000e-030 1.000000e-030 1.000000e-030 1.000000e-030 1.000000e-030 1.000000e-030 1.000000e-030 1.000000e-030 1.000000e-030 1.000000e-030 1.000000e-030 1.000000e-030 1.000000e-030 1.000000e-030 1.000000e-030 1.000000e-030 1.000000e-030 1.000000e-030 1.000000e-030 1.000000e-030 1.000000e-030 1.000000e-030 1.000000e-030 1.000000e-030 1.000000e-030 1.000000e-030 
1.000000e+000 1.000000e-030 1.000000e-030 1.000000e-030 1.000000e-030 1.000000e-030 1.000000e-030 1.000000e-030 1.000000e-030 1.000000e-030 1.000000e-030 1.000000e-030 1.000000e-030 1.000000e-030 1.000000e-030 1.000000e-030 1.000000e-030 1.000000e-030 1.000000e-030 1.000000e-030 1.000000e-030 1.000000e-030 1.000000e-030 1.000000e-030 1.000000e-030 1.000000e-030 1.000000e-030 1.000000e-030 1.000000e-030 1.000000e-030 1.000000e-030 1.000000e-030 
1.000000e+000 1.000000e-030 1.000000e-030 1.000000e-030 1.000000e-030 1.000000e-030 1.000000e-030 1.000000e-030 1.000000e-030 1.000000e-030 1.000000e-030 1.000000e-030 1.000000e-030 1.000000e-030 1.000000e-030 1.000000e-030 1.000000e-030 1.000000e-030 1.000000e-030 1.000000e-030 1.000000e-030 1.000000e-030 1.000000e-030 1.000000e-030 1.000000e-030 1.000000e-030 1.000000e-030 1.000000e-030 1.000000e-030 1.000000e-030 1.000000e-030 1.000000e-030 
Iteraion 3
-----------------

P(O|lamda) = 1.603171e-008

9.090909e-002 0.000000e+000 0.000000e+000 0.000000e+000 0.000000e+000 
2.066116e-002 2.069423e-063 0.000000e+000 0.000000e+000 0.000000e+000 
1.408715e-002 4.703234e-064 4.138846e-094 0.000000e+000 0.000000e+000 
9.604877e-003 3.206750e-064 9.406468e-095 8.277692e-125 0.000000e+000 
6.548780e-003 2.186421e-064 6.413501e-095 1.881294e-125 1.655538e-155 
1.488359e-003 1.490741e-064 4.372842e-095 1.282700e-125 3.762587e-156 
1.014790e-003 3.388049e-065 2.981483e-095 8.745683e-126 2.565400e-156 
6.919024e-004 2.310033e-065 6.776097e-096 5.962966e-126 1.749137e-156 
4.717517e-004 1.575023e-065 4.620066e-096 1.355219e-126 1.192593e-156 
1.072163e-004 1.073879e-065 3.150045e-096 9.240133e-127 2.710439e-157 
7.310201e-005 2.440634e-066 2.147758e-096 6.300091e-127 1.848027e-157 
4.984228e-005 1.664069e-066 4.881269e-097 4.295516e-127 1.260018e-157 
3.398337e-005 1.134592e-066 3.328138e-097 9.762537e-128 8.591033e-158 
7.723494e-006 7.735857e-067 2.269185e-097 6.656275e-128 1.952507e-158 
5.266019e-006 1.758149e-067 1.547171e-097 4.538369e-128 1.331255e-158 
3.590467e-006 1.198738e-067 3.516299e-098 3.094343e-128 9.076739e-159 
3.264061e-007 8.173215e-068 2.397476e-098 7.032597e-129 6.188686e-159 
7.418321e-008 7.430195e-069 1.634643e-098 4.794953e-129 1.406519e-159 
5.057946e-008 1.688681e-069 1.486039e-099 3.269286e-129 9.589905e-160 
3.448600e-008 1.151373e-069 3.377362e-100 2.972078e-130 6.538572e-160 
2.351318e-008 7.850272e-070 2.302746e-100 6.754723e-131 5.944156e-161 
1.603171e-008 5.352458e-070 1.570054e-100 4.605493e-131 1.350945e-161 


1.763488e-007 0.000000e+000 0.000000e+000 0.000000e+000 0.000000e+000 
7.759349e-007 0.000000e+000 0.000000e+000 0.000000e+000 0.000000e+000 
1.138038e-006 0.000000e+000 0.000000e+000 0.000000e+000 0.000000e+000 
1.669122e-006 0.000000e+000 0.000000e+000 0.000000e+000 0.000000e+000 
2.448046e-006 0.000000e+000 0.000000e+000 0.000000e+000 0.000000e+000 
1.077140e-005 0.000000e+000 0.000000e+000 0.000000e+000 0.000000e+000 
1.579806e-005 0.000000e+000 0.000000e+000 0.000000e+000 0.000000e+000 
2.317048e-005 0.000000e+000 0.000000e+000 0.000000e+000 0.000000e+000 
3.398337e-005 0.000000e+000 0.000000e+000 0.000000e+000 0.000000e+000 
1.495268e-004 0.000000e+000 0.000000e+000 0.000000e+000 0.000000e+000 
2.193060e-004 0.000000e+000 0.000000e+000 0.000000e+000 0.000000e+000 
3.216489e-004 1.000000e-300 1.000000e-300 1.000000e-300 1.000000e-300 
4.717517e-004 1.000000e-270 1.000000e-270 1.000000e-270 1.000000e-270 
2.075707e-003 1.000000e-240 1.000000e-240 1.000000e-240 1.000000e-240 
3.044371e-003 1.000000e-210 1.000000e-210 1.000000e-210 1.000000e-210 
4.465077e-003 1.000000e-180 1.000000e-180 1.000000e-180 1.000000e-180 
4.911585e-002 1.000000e-150 1.000000e-150 1.000000e-150 1.000000e-150 
2.161097e-001 1.000000e-120 1.000000e-120 1.000000e-120 1.000000e-120 
3.169609e-001 1.000000e-090 1.000000e-090 1.000000e-090 1.000000e-090 
4.648760e-001 1.000000e-060 1.000000e-060 1.000000e-060 1.000000e-060 
6.818182e-001 1.000000e-030 1.000000e-030 1.000000e-030 1.000000e-030 
1.000000e+000 1.000000e+000 1.000000e+000 1.000000e+000 1.000000e+000 


1.000000e+000 0.000000e+000 0.000000e+000 0.000000e+000 0.000000e+000 
1.000000e+000 0.000000e+000 0.000000e+000 0.000000e+000 0.000000e+000 
1.000000e+000 0.000000e+000 0.000000e+000 0.000000e+000 0.000000e+000 
1.000000e+000 0.000000e+000 0.000000e+000 0.000000e+000 0.000000e+000 
1.000000e+000 0.000000e+000 0.000000e+000 0.000000e+000 0.000000e+000 
1.000000e+000 0.000000e+000 0.000000e+000 0.000000e+000 0.000000e+000 
1.000000e+000 0.000000e+000 0.000000e+000 0.000000e+000 0.000000e+000 
1.000000e+000 0.000000e+000 0.000000e+000 0.000000e+000 0.000000e+000 
1.000000e+000 0.000000e+000 0.000000e+000 0.000000e+000 0.000000e+000 
1.000000e+000 0.000000e+000 0.000000e+000 0.000000e+000 0.000000e+000 
1.000000e+000 0.000000e+000 0.000000e+000 0.000000e+000 0.000000e+000 
1.000000e+000 0.000000e+000 0.000000e+000 0.000000e+000 0.000000e+000 
1.000000e+000 0.000000e+000 0.000000e+000 0.000000e+000 0.000000e+000 
1.000000e+000 4.825347e-299 0.000000e+000 0.000000e+000 0.000000e+000 
1.000000e+000 1.096670e-269 9.650693e-300 0.000000e+000 0.000000e+000 
1.000000e+000 7.477293e-240 2.193339e-270 1.930139e-300 0.000000e+000 
1.000000e+000 5.098155e-210 1.495459e-240 4.386679e-271 3.860277e-301 
1.000000e+000 4.634686e-181 1.019631e-210 2.990917e-241 8.773358e-272 
1.000000e+000 1.053338e-151 9.269372e-182 2.039262e-211 5.981835e-242 
1.000000e+000 7.181848e-122 2.106675e-152 1.853874e-182 4.078524e-212 
1.000000e+000 4.896715e-092 1.436370e-122 4.213351e-153 3.707749e-183 
1.000000e+000 3.338669e-062 9.793429e-093 2.872739e-123 8.426702e-154 



Q star

------------
1  1  1  1  1  1  1  1  1  1  1  1  1  1  1  1  1  1  1  1  1  1  
------------

P star

-----------
1.603171e-008

A Martrix

1.000000e+000 1.589842e-063 0.000000e+000 0.000000e+000 0.000000e+000 
0.000000e+000 8.000000e-001 2.000000e-001 0.000000e+000 0.000000e+000 
0.000000e+000 0.000000e+000 8.000000e-001 2.000000e-001 0.000000e+000 
0.000000e+000 0.000000e+000 0.000000e+000 8.000000e-001 2.000000e-001 
0.000000e+000 0.000000e+000 0.000000e+000 0.000000e+000 1.000000e+000 

B Martrix

1.000000e-030 1.000000e-030 1.000000e-030 1.000000e-030 1.000000e-030 1.000000e-030 1.000000e-030 6.818182e-001 1.000000e-030 1.000000e-030 1.000000e-030 1.000000e-030 1.000000e-030 1.000000e-030 1.000000e-030 1.000000e-030 1.000000e-030 2.272727e-001 1.000000e-030 1.000000e-030 1.000000e-030 1.000000e-030 1.000000e-030 1.000000e-030 9.090909e-002 1.000000e-030 1.000000e-030 1.000000e-030 1.000000e-030 1.000000e-030 1.000000e-030 1.000000e-030 
1.000000e+000 1.000000e-030 1.000000e-030 1.000000e-030 1.000000e-030 1.000000e-030 1.000000e-030 1.000000e-030 1.000000e-030 1.000000e-030 1.000000e-030 1.000000e-030 1.000000e-030 1.000000e-030 1.000000e-030 1.000000e-030 1.000000e-030 1.000000e-030 1.000000e-030 1.000000e-030 1.000000e-030 1.000000e-030 1.000000e-030 1.000000e-030 1.000000e-030 1.000000e-030 1.000000e-030 1.000000e-030 1.000000e-030 1.000000e-030 1.000000e-030 1.000000e-030 
1.000000e+000 1.000000e-030 1.000000e-030 1.000000e-030 1.000000e-030 1.000000e-030 1.000000e-030 1.000000e-030 1.000000e-030 1.000000e-030 1.000000e-030 1.000000e-030 1.000000e-030 1.000000e-030 1.000000e-030 1.000000e-030 1.000000e-030 1.000000e-030 1.000000e-030 1.000000e-030 1.000000e-030 1.000000e-030 1.000000e-030 1.000000e-030 1.000000e-030 1.000000e-030 1.000000e-030 1.000000e-030 1.000000e-030 1.000000e-030 1.000000e-030 1.000000e-030 
1.000000e+000 1.000000e-030 1.000000e-030 1.000000e-030 1.000000e-030 1.000000e-030 1.000000e-030 1.000000e-030 1.000000e-030 1.000000e-030 1.000000e-030 1.000000e-030 1.000000e-030 1.000000e-030 1.000000e-030 1.000000e-030 1.000000e-030 1.000000e-030 1.000000e-030 1.000000e-030 1.000000e-030 1.000000e-030 1.000000e-030 1.000000e-030 1.000000e-030 1.000000e-030 1.000000e-030 1.000000e-030 1.000000e-030 1.000000e-030 1.000000e-030 1.000000e-030 
1.000000e+000 1.000000e-030 1.000000e-030 1.000000e-030 1.000000e-030 1.000000e-030 1.000000e-030 1.000000e-030 1.000000e-030 1.000000e-030 1.000000e-030 1.000000e-030 1.000000e-030 1.000000e-030 1.000000e-030 1.000000e-030 1.000000e-030 1.000000e-030 1.000000e-030 1.000000e-030 1.000000e-030 1.000000e-030 1.000000e-030 1.000000e-030 1.000000e-030 1.000000e-030 1.000000e-030 1.000000e-030 1.000000e-030 1.000000e-030 1.000000e-030 1.000000e-030 
Iteraion 4
-----------------

P(O|lamda) = 1.603171e-008

9.090909e-002 0.000000e+000 0.000000e+000 0.000000e+000 0.000000e+000 
2.066116e-002 1.445311e-094 0.000000e+000 0.000000e+000 0.000000e+000 
1.408715e-002 3.284798e-095 2.890623e-125 0.000000e+000 0.000000e+000 
9.604877e-003 2.239635e-095 6.569597e-126 5.781245e-156 0.000000e+000 
6.548780e-003 1.527024e-095 4.479270e-126 1.313919e-156 1.156249e-186 
1.488359e-003 1.041153e-095 3.054048e-126 8.958541e-157 2.627839e-187 
1.014790e-003 2.366256e-096 2.082305e-126 6.108096e-157 1.791708e-187 
6.919024e-004 1.613357e-096 4.732512e-127 4.164611e-157 1.221619e-187 
4.717517e-004 1.100016e-096 3.226713e-127 9.465025e-158 8.329222e-188 
1.072163e-004 7.500108e-097 2.200032e-127 6.453426e-158 1.893005e-188 
7.310201e-005 1.704570e-097 1.500022e-127 4.400063e-158 1.290685e-188 
4.984228e-005 1.162207e-097 3.409140e-128 3.000043e-158 8.800126e-189 
3.398337e-005 7.924137e-098 2.324414e-128 6.818280e-159 6.000086e-189 
7.723494e-006 5.402821e-098 1.584827e-128 4.648827e-159 1.363656e-189 
5.266019e-006 1.227914e-098 1.080564e-128 3.169655e-159 9.297654e-190 
3.590467e-006 8.372140e-099 2.455828e-129 2.161128e-159 6.339310e-190 
3.264061e-007 5.708277e-099 1.674428e-129 4.911655e-160 4.322257e-190 
7.418321e-008 5.189343e-100 1.141655e-129 3.348856e-160 9.823311e-191 
5.057946e-008 1.179396e-100 1.037869e-130 2.283311e-160 6.697712e-191 
3.448600e-008 8.041337e-101 2.358792e-131 2.075737e-161 4.566622e-191 
2.351318e-008 5.482730e-101 1.608267e-131 4.717584e-162 4.151474e-192 
1.603171e-008 3.738225e-101 1.096546e-131 3.216535e-162 9.435169e-193 


1.763488e-007 0.000000e+000 0.000000e+000 0.000000e+000 0.000000e+000 
7.759349e-007 0.000000e+000 0.000000e+000 0.000000e+000 0.000000e+000 
1.138038e-006 0.000000e+000 0.000000e+000 0.000000e+000 0.000000e+000 
1.669122e-006 0.000000e+000 0.000000e+000 0.000000e+000 0.000000e+000 
2.448046e-006 0.000000e+000 0.000000e+000 0.000000e+000 0.000000e+000 
1.077140e-005 0.000000e+000 0.000000e+000 0.000000e+000 0.000000e+000 
1.579806e-005 0.000000e+000 0.000000e+000 0.000000e+000 0.000000e+000 
2.317048e-005 0.000000e+000 0.000000e+000 0.000000e+000 0.000000e+000 
3.398337e-005 0.000000e+000 0.000000e+000 0.000000e+000 0.000000e+000 
1.495268e-004 0.000000e+000 0.000000e+000 0.000000e+000 0.000000e+000 
2.193060e-004 0.000000e+000 0.000000e+000 0.000000e+000 0.000000e+000 
3.216489e-004 1.000000e-300 1.000000e-300 1.000000e-300 1.000000e-300 
4.717517e-004 1.000000e-270 1.000000e-270 1.000000e-270 1.000000e-270 
2.075707e-003 1.000000e-240 1.000000e-240 1.000000e-240 1.000000e-240 
3.044371e-003 1.000000e-210 1.000000e-210 1.000000e-210 1.000000e-210 
4.465077e-003 1.000000e-180 1.000000e-180 1.000000e-180 1.000000e-180 
4.911585e-002 1.000000e-150 1.000000e-150 1.000000e-150 1.000000e-150 
2.161097e-001 1.000000e-120 1.000000e-120 1.000000e-120 1.000000e-120 
3.169609e-001 1.000000e-090 1.000000e-090 1.000000e-090 1.000000e-090 
4.648760e-001 1.000000e-060 1.000000e-060 1.000000e-060 1.000000e-060 
6.818182e-001 1.000000e-030 1.000000e-030 1.000000e-030 1.000000e-030 
1.000000e+000 1.000000e+000 1.000000e+000 1.000000e+000 1.000000e+000 


1.000000e+000 0.000000e+000 0.000000e+000 0.000000e+000 0.000000e+000 
1.000000e+000 0.000000e+000 0.000000e+000 0.000000e+000 0.000000e+000 
1.000000e+000 0.000000e+000 0.000000e+000 0.000000e+000 0.000000e+000 
1.000000e+000 0.000000e+000 0.000000e+000 0.000000e+000 0.000000e+000 
1.000000e+000 0.000000e+000 0.000000e+000 0.000000e+000 0.000000e+000 
1.000000e+000 0.000000e+000 0.000000e+000 0.000000e+000 0.000000e+000 
1.000000e+000 0.000000e+000 0.000000e+000 0.000000e+000 0.000000e+000 
1.000000e+000 0.000000e+000 0.000000e+000 0.000000e+000 0.000000e+000 
1.000000e+000 0.000000e+000 0.000000e+000 0.000000e+000 0.000000e+000 
1.000000e+000 0.000000e+000 0.000000e+000 0.000000e+000 0.000000e+000 
1.000000e+000 0.000000e+000 0.000000e+000 0.000000e+000 0.000000e+000 
1.000000e+000 0.000000e+000 0.000000e+000 0.000000e+000 0.000000e+000 
1.000000e+000 0.000000e+000 0.000000e+000 0.000000e+000 0.000000e+000 
1.000000e+000 0.000000e+000 0.000000e+000 0.000000e+000 0.000000e+000 
1.000000e+000 7.659280e-301 0.000000e+000 0.000000e+000 0.000000e+000 
1.000000e+000 5.222237e-271 1.531856e-301 0.000000e+000 0.000000e+000 
1.000000e+000 3.560616e-241 1.044447e-271 3.063712e-302 0.000000e+000 
1.000000e+000 3.236924e-212 7.121232e-242 2.088895e-272 6.127424e-303 
1.000000e+000 7.356644e-183 6.473847e-213 1.424246e-242 4.177789e-273 
1.000000e+000 5.015894e-153 1.471329e-183 1.294769e-213 2.848493e-243 
1.000000e+000 3.419928e-123 1.003179e-153 2.942658e-184 2.589539e-214 
1.000000e+000 2.331769e-093 6.839855e-124 2.006358e-154 5.885315e-185 



Q star

------------
1  1  1  1  1  1  1  1  1  1  1  1  1  1  1  1  1  1  1  1  1  1  
------------

P star

-----------
1.603171e-008

A Martrix

1.000000e+000 1.110366e-094 0.000000e+000 0.000000e+000 0.000000e+000 
0.000000e+000 8.000000e-001 2.000000e-001 0.000000e+000 0.000000e+000 
0.000000e+000 0.000000e+000 8.000000e-001 2.000000e-001 0.000000e+000 
0.000000e+000 0.000000e+000 0.000000e+000 8.000000e-001 2.000000e-001 
0.000000e+000 0.000000e+000 0.000000e+000 0.000000e+000 1.000000e+000 

B Martrix

1.000000e-030 1.000000e-030 1.000000e-030 1.000000e-030 1.000000e-030 1.000000e-030 1.000000e-030 6.818182e-001 1.000000e-030 1.000000e-030 1.000000e-030 1.000000e-030 1.000000e-030 1.000000e-030 1.000000e-030 1.000000e-030 1.000000e-030 2.272727e-001 1.000000e-030 1.000000e-030 1.000000e-030 1.000000e-030 1.000000e-030 1.000000e-030 9.090909e-002 1.000000e-030 1.000000e-030 1.000000e-030 1.000000e-030 1.000000e-030 1.000000e-030 1.000000e-030 
1.000000e+000 1.000000e-030 1.000000e-030 1.000000e-030 1.000000e-030 1.000000e-030 1.000000e-030 1.000000e-030 1.000000e-030 1.000000e-030 1.000000e-030 1.000000e-030 1.000000e-030 1.000000e-030 1.000000e-030 1.000000e-030 1.000000e-030 1.000000e-030 1.000000e-030 1.000000e-030 1.000000e-030 1.000000e-030 1.000000e-030 1.000000e-030 1.000000e-030 1.000000e-030 1.000000e-030 1.000000e-030 1.000000e-030 1.000000e-030 1.000000e-030 1.000000e-030 
1.000000e+000 1.000000e-030 1.000000e-030 1.000000e-030 1.000000e-030 1.000000e-030 1.000000e-030 1.000000e-030 1.000000e-030 1.000000e-030 1.000000e-030 1.000000e-030 1.000000e-030 1.000000e-030 1.000000e-030 1.000000e-030 1.000000e-030 1.000000e-030 1.000000e-030 1.000000e-030 1.000000e-030 1.000000e-030 1.000000e-030 1.000000e-030 1.000000e-030 1.000000e-030 1.000000e-030 1.000000e-030 1.000000e-030 1.000000e-030 1.000000e-030 1.000000e-030 
1.000000e+000 1.000000e-030 1.000000e-030 1.000000e-030 1.000000e-030 1.000000e-030 1.000000e-030 1.000000e-030 1.000000e-030 1.000000e-030 1.000000e-030 1.000000e-030 1.000000e-030 1.000000e-030 1.000000e-030 1.000000e-030 1.000000e-030 1.000000e-030 1.000000e-030 1.000000e-030 1.000000e-030 1.000000e-030 1.000000e-030 1.000000e-030 1.000000e-030 1.000000e-030 1.000000e-030 1.000000e-030 1.000000e-030 1.000000e-030 1.000000e-030 1.000000e-030 
1.000000e+000 1.000000e-030 1.000000e-030 1.000000e-030 1.000000e-030 1.000000e-030 1.000000e-030 1.000000e-030 1.000000e-030 1.000000e-030 1.000000e-030 1.000000e-030 1.000000e-030 1.000000e-030 1.000000e-030 1.000000e-030 1.000000e-030 1.000000e-030 1.000000e-030 1.000000e-030 1.000000e-030 1.000000e-030 1.000000e-030 1.000000e-030 1.000000e-030 1.000000e-030 1.000000e-030 1.000000e-030 1.000000e-030 1.000000e-030 1.000000e-030 1.000000e-030 
=================
