28	20	20	12	16	19	12	12	4	20	20	19	20	28	28	20	20	20	28	19	20	20	28	28	20	28	19	19	20	20	28	12	12	28	12	12	12	28	28	28	
Iteraion 1
-----------------

P(O|lamda) = 6.223015e-061

3.125000e-002 0.000000e+000 0.000000e+000 0.000000e+000 0.000000e+000 
7.812500e-004 1.953125e-004 0.000000e+000 0.000000e+000 0.000000e+000 
1.953125e-005 9.765625e-006 1.220703e-006 0.000000e+000 0.000000e+000 
4.882813e-007 3.662109e-007 9.155273e-008 7.629395e-009 0.000000e+000 
1.220703e-008 1.220703e-008 4.577637e-009 7.629395e-010 4.768372e-011 
3.051758e-010 3.814697e-010 1.907349e-010 4.768372e-011 6.258488e-012 
7.629395e-012 1.144409e-011 7.152557e-012 2.384186e-012 4.936010e-013 
1.907349e-013 3.337860e-013 2.503395e-013 1.043081e-013 3.032619e-014 
4.768372e-015 9.536743e-015 8.344650e-015 4.172325e-015 1.599619e-015 
1.192093e-016 2.682209e-016 2.682209e-016 1.564622e-016 7.606513e-017 
2.980232e-018 7.450581e-018 8.381903e-018 5.587935e-018 3.354924e-018 
7.450581e-020 2.048910e-019 2.561137e-019 1.920853e-019 1.397660e-019 
1.862645e-021 5.587935e-021 7.683411e-021 6.402843e-021 5.568220e-021 
4.656613e-023 1.513399e-022 2.270099e-022 2.080924e-022 2.140246e-022 
1.164153e-024 4.074536e-024 6.621121e-024 6.621121e-024 7.988847e-024 
2.910383e-026 1.091394e-025 1.909939e-025 2.069100e-025 2.910335e-025 
7.275958e-028 2.910383e-027 5.456968e-027 6.366463e-027 1.038798e-026 
1.818989e-029 7.730705e-029 1.546141e-028 1.932676e-028 3.644149e-028 
4.547474e-031 2.046363e-030 4.348522e-030 5.798029e-030 1.259589e-029 
1.136868e-032 5.400125e-032 1.215028e-031 1.721290e-031 4.298592e-031 
2.842171e-034 1.421085e-033 3.375078e-033 5.062617e-033 1.450891e-032 
7.105427e-036 3.730349e-035 9.325873e-035 1.476597e-034 4.850447e-034 
1.776357e-037 9.769963e-037 2.564615e-036 4.274359e-036 1.608052e-035 
4.440892e-039 2.553513e-038 7.022161e-038 1.228878e-037 5.292309e-037 
1.110223e-040 6.661338e-040 1.915135e-039 3.511080e-039 1.730652e-038 
2.775558e-042 1.734723e-041 5.204170e-041 9.974660e-041 5.627729e-040 
6.938894e-044 4.510281e-043 1.409463e-042 2.818926e-042 1.821007e-041 
1.734723e-045 1.170938e-044 3.805550e-044 7.928228e-044 5.866829e-043 
4.336809e-047 3.035766e-046 1.024571e-045 2.219904e-045 1.882936e-044 
1.084202e-048 7.860466e-048 2.751163e-047 6.190117e-047 6.022918e-046 
2.710505e-050 2.032879e-049 7.369187e-049 1.719477e-048 1.920850e-047 
6.776264e-052 5.251604e-051 1.969352e-050 4.759266e-050 6.110124e-049 
1.694066e-053 1.355253e-052 5.251604e-052 1.312901e-051 1.939159e-050 
4.235165e-055 3.494011e-054 1.397604e-053 3.610478e-053 6.141928e-052 
1.058791e-056 8.999725e-056 3.712387e-055 9.899698e-055 1.941918e-053 
2.646978e-058 2.316106e-057 9.843449e-057 2.706949e-056 6.130367e-055 
6.617445e-060 5.955700e-059 2.605619e-058 7.382587e-058 1.932658e-056 
1.654361e-061 1.530284e-060 6.886279e-060 2.008498e-059 6.085698e-058 
4.135903e-063 3.929108e-062 1.817212e-061 5.451637e-061 1.914334e-059 
1.033976e-064 1.008126e-063 4.788600e-063 1.476485e-062 6.016366e-061 


1.991365e-059 1.991365e-059 1.991365e-059 1.991365e-059 1.991365e-059 
6.372368e-058 6.372368e-058 6.372368e-058 6.372368e-058 6.372368e-058 
2.039158e-056 2.039158e-056 2.039158e-056 2.039158e-056 2.039158e-056 
6.525304e-055 6.525304e-055 6.525304e-055 6.525304e-055 6.525304e-055 
2.088097e-053 2.088097e-053 2.088097e-053 2.088097e-053 2.088097e-053 
6.681912e-052 6.681912e-052 6.681912e-052 6.681912e-052 6.681912e-052 
2.138212e-050 2.138212e-050 2.138212e-050 2.138212e-050 2.138212e-050 
6.842278e-049 6.842278e-049 6.842278e-049 6.842278e-049 6.842278e-049 
2.189529e-047 2.189529e-047 2.189529e-047 2.189529e-047 2.189529e-047 
7.006492e-046 7.006492e-046 7.006492e-046 7.006492e-046 7.006492e-046 
2.242078e-044 2.242078e-044 2.242078e-044 2.242078e-044 2.242078e-044 
7.174648e-043 7.174648e-043 7.174648e-043 7.174648e-043 7.174648e-043 
2.295887e-041 2.295887e-041 2.295887e-041 2.295887e-041 2.295887e-041 
7.346840e-040 7.346840e-040 7.346840e-040 7.346840e-040 7.346840e-040 
2.350989e-038 2.350989e-038 2.350989e-038 2.350989e-038 2.350989e-038 
7.523164e-037 7.523164e-037 7.523164e-037 7.523164e-037 7.523164e-037 
2.407412e-035 2.407412e-035 2.407412e-035 2.407412e-035 2.407412e-035 
7.703720e-034 7.703720e-034 7.703720e-034 7.703720e-034 7.703720e-034 
2.465190e-032 2.465190e-032 2.465190e-032 2.465190e-032 2.465190e-032 
7.888609e-031 7.888609e-031 7.888609e-031 7.888609e-031 7.888609e-031 
2.524355e-029 2.524355e-029 2.524355e-029 2.524355e-029 2.524355e-029 
8.077936e-028 8.077936e-028 8.077936e-028 8.077936e-028 8.077936e-028 
2.584939e-026 2.584939e-026 2.584939e-026 2.584939e-026 2.584939e-026 
8.271806e-025 8.271806e-025 8.271806e-025 8.271806e-025 8.271806e-025 
2.646978e-023 2.646978e-023 2.646978e-023 2.646978e-023 2.646978e-023 
8.470329e-022 8.470329e-022 8.470329e-022 8.470329e-022 8.470329e-022 
2.710505e-020 2.710505e-020 2.710505e-020 2.710505e-020 2.710505e-020 
8.673617e-019 8.673617e-019 8.673617e-019 8.673617e-019 8.673617e-019 
2.775558e-017 2.775558e-017 2.775558e-017 2.775558e-017 2.775558e-017 
8.881784e-016 8.881784e-016 8.881784e-016 8.881784e-016 8.881784e-016 
2.842171e-014 2.842171e-014 2.842171e-014 2.842171e-014 2.842171e-014 
9.094947e-013 9.094947e-013 9.094947e-013 9.094947e-013 9.094947e-013 
2.910383e-011 2.910383e-011 2.910383e-011 2.910383e-011 2.910383e-011 
9.313226e-010 9.313226e-010 9.313226e-010 9.313226e-010 9.313226e-010 
2.980232e-008 2.980232e-008 2.980232e-008 2.980232e-008 2.980232e-008 
9.536743e-007 9.536743e-007 9.536743e-007 9.536743e-007 9.536743e-007 
3.051758e-005 3.051758e-005 3.051758e-005 3.051758e-005 3.051758e-005 
9.765625e-004 9.765625e-004 9.765625e-004 9.765625e-004 9.765625e-004 
3.125000e-002 3.125000e-002 3.125000e-002 3.125000e-002 3.125000e-002 
1.000000e+000 1.000000e+000 1.000000e+000 1.000000e+000 1.000000e+000 


1.000000e+000 0.000000e+000 0.000000e+000 0.000000e+000 0.000000e+000 
8.000000e-001 2.000000e-001 0.000000e+000 0.000000e+000 0.000000e+000 
6.400000e-001 3.200000e-001 4.000000e-002 0.000000e+000 0.000000e+000 
5.120000e-001 3.840000e-001 9.600000e-002 8.000000e-003 0.000000e+000 
4.096000e-001 4.096000e-001 1.536000e-001 2.560000e-002 1.600000e-003 
3.276800e-001 4.096000e-001 2.048000e-001 5.120000e-002 6.720000e-003 
2.621440e-001 3.932160e-001 2.457600e-001 8.192000e-002 1.696000e-002 
2.097152e-001 3.670016e-001 2.752512e-001 1.146880e-001 3.334400e-002 
1.677722e-001 3.355443e-001 2.936013e-001 1.468006e-001 5.628160e-002 
1.342177e-001 3.019899e-001 3.019899e-001 1.761608e-001 8.564173e-002 
1.073742e-001 2.684355e-001 3.019899e-001 2.013266e-001 1.208739e-001 
8.589935e-002 2.362232e-001 2.952790e-001 2.214593e-001 1.611392e-001 
6.871948e-002 2.061584e-001 2.834678e-001 2.362232e-001 2.054311e-001 
5.497558e-002 1.786706e-001 2.680060e-001 2.456721e-001 2.526757e-001 
4.398047e-002 1.539316e-001 2.501389e-001 2.501389e-001 3.018101e-001 
3.518437e-002 1.319414e-001 2.308974e-001 2.501389e-001 3.518379e-001 
2.814750e-002 1.125900e-001 2.111062e-001 2.462906e-001 4.018657e-001 
2.251800e-002 9.570149e-002 1.914030e-001 2.392537e-001 4.511238e-001 
1.801440e-002 8.106479e-002 1.722627e-001 2.296836e-001 4.989745e-001 
1.441152e-002 6.845471e-002 1.540231e-001 2.181994e-001 5.449113e-001 
1.152922e-002 5.764608e-002 1.369094e-001 2.053641e-001 5.885511e-001 
9.223372e-003 4.842270e-002 1.210568e-001 1.916732e-001 6.296240e-001 
7.378698e-003 4.058284e-002 1.065299e-001 1.775499e-001 6.679586e-001 
5.902958e-003 3.394201e-002 9.334053e-002 1.633459e-001 7.034686e-001 
4.722366e-003 2.833420e-002 8.146082e-002 1.493448e-001 7.361378e-001 
3.777893e-003 2.361183e-002 7.083550e-002 1.357680e-001 7.660067e-001 
3.022315e-003 1.964504e-002 6.139076e-002 1.227815e-001 7.931603e-001 
2.417852e-003 1.632050e-002 5.304162e-002 1.105034e-001 8.177167e-001 
1.934281e-003 1.353997e-002 4.569740e-002 9.901102e-002 8.398173e-001 
1.547425e-003 1.121883e-002 3.926591e-002 8.834830e-002 8.596195e-001 
1.237940e-003 9.284550e-003 3.365649e-002 7.853182e-002 8.772892e-001 
9.903520e-004 7.675228e-003 2.878211e-002 6.955676e-002 8.929956e-001 
7.922816e-004 6.338253e-003 2.456073e-002 6.140183e-002 9.069069e-001 
6.338253e-004 5.229059e-003 2.091623e-002 5.403361e-002 9.191873e-001 
5.070602e-004 4.310012e-003 1.777880e-002 4.741013e-002 9.299940e-001 
4.056482e-004 3.549422e-003 1.508504e-002 4.148387e-002 9.394760e-001 
3.245186e-004 2.920667e-003 1.277792e-002 3.620410e-002 9.477728e-001 
2.596148e-004 2.401437e-003 1.080647e-002 3.151886e-002 9.550136e-001 
2.076919e-004 1.973073e-003 9.125462e-003 2.737639e-002 9.613174e-001 
1.661535e-004 1.619997e-003 7.694984e-003 2.372620e-002 9.667927e-001 



Q star

------------
1  2  3  4  5  5  5  5  5  5  5  5  5  5  5  5  5  5  5  5  5  5  5  5  5  5  5  5  5  5  5  5  5  5  5  5  5  5  5  5  
------------

P star

-----------
9.956824e-064

A Martrix

8.000000e-001 2.000000e-001 0.000000e+000 0.000000e+000 0.000000e+000 
0.000000e+000 8.000000e-001 2.000000e-001 0.000000e+000 0.000000e+000 
0.000000e+000 0.000000e+000 8.000000e-001 2.000000e-001 0.000000e+000 
0.000000e+000 0.000000e+000 0.000000e+000 8.000000e-001 2.000000e-001 
0.000000e+000 0.000000e+000 0.000000e+000 0.000000e+000 1.000000e+000 

B Martrix

1.000000e-030 1.000000e-030 1.000000e-030 1.000000e-030 1.000000e-030 1.000000e-030 1.000000e-030 1.000000e-030 1.000000e-030 1.000000e-030 1.000000e-030 1.000000e-030 1.000000e-030 1.000000e-030 1.000000e-030 1.000000e-030 1.000000e-030 1.000000e-030 1.000000e-030 1.000000e-030 1.000000e-030 1.000000e-030 1.000000e-030 1.000000e-030 1.000000e-030 1.000000e-030 1.000000e-030 1.000000e+000 1.000000e-030 1.000000e-030 1.000000e-030 1.000000e-030 
1.000000e-030 1.000000e-030 1.000000e-030 1.000000e-030 1.000000e-030 1.000000e-030 1.000000e-030 1.000000e-030 1.000000e-030 1.000000e-030 1.000000e-030 1.000000e-030 1.000000e-030 1.000000e-030 1.000000e-030 1.000000e-030 1.000000e-030 1.000000e-030 1.000000e-030 1.000000e+000 1.000000e-030 1.000000e-030 1.000000e-030 1.000000e-030 1.000000e-030 1.000000e-030 1.000000e-030 1.000000e-030 1.000000e-030 1.000000e-030 1.000000e-030 1.000000e-030 
1.000000e-030 1.000000e-030 1.000000e-030 1.000000e-030 1.000000e-030 1.000000e-030 1.000000e-030 1.000000e-030 1.000000e-030 1.000000e-030 1.000000e-030 1.000000e-030 1.000000e-030 1.000000e-030 1.000000e-030 1.000000e-030 1.000000e-030 1.000000e-030 1.000000e-030 1.000000e+000 1.000000e-030 1.000000e-030 1.000000e-030 1.000000e-030 1.000000e-030 1.000000e-030 1.000000e-030 1.000000e-030 1.000000e-030 1.000000e-030 1.000000e-030 1.000000e-030 
1.000000e-030 1.000000e-030 1.000000e-030 1.000000e-030 1.000000e-030 1.000000e-030 1.000000e-030 1.000000e-030 1.000000e-030 1.000000e-030 1.000000e-030 1.000000e+000 1.000000e-030 1.000000e-030 1.000000e-030 1.000000e-030 1.000000e-030 1.000000e-030 1.000000e-030 1.000000e-030 1.000000e-030 1.000000e-030 1.000000e-030 1.000000e-030 1.000000e-030 1.000000e-030 1.000000e-030 1.000000e-030 1.000000e-030 1.000000e-030 1.000000e-030 1.000000e-030 
1.000000e-030 1.000000e-030 1.000000e-030 2.787598e-003 1.000000e-030 1.000000e-030 1.000000e-030 1.000000e-030 1.000000e-030 1.000000e-030 1.000000e-030 2.311763e-001 1.000000e-030 1.000000e-030 1.000000e-030 7.924717e-005 1.000000e-030 1.000000e-030 1.150890e-001 2.610463e-001 1.000000e-030 1.000000e-030 1.000000e-030 1.000000e-030 1.000000e-030 1.000000e-030 1.000000e-030 3.898215e-001 1.000000e-030 1.000000e-030 1.000000e-030 1.000000e-030 
Iteraion 2
-----------------

P(O|lamda) = 3.051573e-030

1.000000e+000 0.000000e+000 0.000000e+000 0.000000e+000 0.000000e+000 
8.000000e-031 2.000000e-001 0.000000e+000 0.000000e+000 0.000000e+000 
6.400000e-061 1.600000e-001 4.000000e-002 0.000000e+000 0.000000e+000 
5.120000e-091 1.280000e-031 6.400000e-032 8.000000e-003 0.000000e+000 
4.096000e-121 1.024000e-061 7.680000e-062 6.400000e-033 1.267955e-007 
3.276800e-151 8.192000e-092 8.192000e-092 5.120000e-063 1.459277e-008 
2.621440e-181 6.553600e-122 8.192000e-122 4.096000e-063 3.373503e-009 
2.097152e-211 5.242880e-152 7.864320e-152 3.276800e-063 7.798740e-010 
1.677722e-241 4.194304e-182 7.340032e-182 2.621440e-093 2.173975e-012 
1.342177e-271 3.355443e-182 6.710886e-182 2.097152e-123 5.675082e-013 
1.073742e-301 2.684355e-182 6.039798e-182 1.677722e-153 1.481459e-013 
0.000000e+000 2.147484e-212 5.368709e-212 1.342177e-183 1.704997e-014 
0.000000e+000 1.717987e-212 4.724464e-212 1.073742e-213 4.450832e-015 
0.000000e+000 1.374390e-242 4.123169e-242 1.030792e-242 1.735030e-015 
0.000000e+000 1.099512e-272 3.573413e-272 1.649267e-272 6.763520e-016 
0.000000e+000 8.796093e-273 3.078633e-272 2.034097e-302 1.765592e-016 
0.000000e+000 7.036874e-273 2.638828e-272 6.157265e-303 4.609012e-017 
0.000000e+000 5.629500e-273 2.251800e-272 5.277656e-303 1.203165e-017 
0.000000e+000 4.503600e-303 1.914030e-302 4.503600e-303 4.690197e-018 
0.000000e+000 0.000000e+000 0.000000e+000 0.000000e+000 5.397904e-019 
0.000000e+000 0.000000e+000 0.000000e+000 0.000000e+000 1.409103e-019 
0.000000e+000 0.000000e+000 0.000000e+000 0.000000e+000 3.678410e-020 
0.000000e+000 0.000000e+000 0.000000e+000 0.000000e+000 1.433923e-020 
0.000000e+000 0.000000e+000 0.000000e+000 0.000000e+000 5.589742e-021 
0.000000e+000 0.000000e+000 0.000000e+000 0.000000e+000 1.459181e-021 
0.000000e+000 0.000000e+000 0.000000e+000 0.000000e+000 5.688202e-022 
0.000000e+000 0.000000e+000 0.000000e+000 0.000000e+000 6.546498e-023 
0.000000e+000 0.000000e+000 0.000000e+000 0.000000e+000 7.534302e-024 
0.000000e+000 0.000000e+000 0.000000e+000 0.000000e+000 1.966802e-024 
0.000000e+000 0.000000e+000 0.000000e+000 0.000000e+000 5.134263e-025 
0.000000e+000 0.000000e+000 0.000000e+000 0.000000e+000 2.001446e-025 
0.000000e+000 0.000000e+000 0.000000e+000 0.000000e+000 4.626869e-026 
0.000000e+000 0.000000e+000 0.000000e+000 0.000000e+000 1.069623e-026 
0.000000e+000 0.000000e+000 0.000000e+000 0.000000e+000 4.169619e-027 
0.000000e+000 0.000000e+000 0.000000e+000 0.000000e+000 9.639172e-028 
0.000000e+000 0.000000e+000 0.000000e+000 0.000000e+000 2.228348e-028 
0.000000e+000 0.000000e+000 0.000000e+000 0.000000e+000 5.151414e-029 
0.000000e+000 0.000000e+000 0.000000e+000 0.000000e+000 2.008132e-029 
0.000000e+000 0.000000e+000 0.000000e+000 0.000000e+000 7.828129e-030 
0.000000e+000 0.000000e+000 0.000000e+000 0.000000e+000 3.051573e-030 


3.051573e-030 2.441258e-029 4.882517e-029 6.009138e-030 3.004569e-029 
3.850703e-086 1.525786e-029 6.103146e-029 2.301944e-029 1.150972e-028 
2.099325e-113 1.925351e-085 7.628932e-029 3.933387e-028 4.409071e-028 
6.455832e-084 7.914291e-083 9.626757e-055 3.814466e-028 1.907233e-027 
6.260648e-084 3.227916e-053 2.665979e-052 4.813379e-024 2.406689e-023 
2.245893e-111 3.130324e-053 1.613958e-022 6.874063e-022 2.091154e-022 
1.187343e-108 1.122947e-080 1.565162e-022 8.069790e-022 9.045710e-022 
7.202337e-079 3.055782e-078 5.614733e-050 7.825810e-022 3.912905e-021 
2.863651e-049 2.455708e-048 5.456077e-048 2.807367e-019 1.403683e-018 
5.599521e-078 1.431825e-048 6.551239e-048 1.075429e-018 5.377143e-018 
2.814082e-078 2.799760e-077 7.159127e-048 4.119685e-018 2.059843e-017 
1.067782e-075 1.407041e-047 8.370638e-047 3.579563e-017 1.789782e-016 
1.325704e-045 3.609450e-077 7.035205e-047 1.371237e-016 6.856185e-016 
1.657131e-045 1.554136e-074 1.804725e-046 3.517602e-016 1.758801e-015 
2.071413e-045 1.376976e-044 2.262778e-044 9.023624e-016 4.511812e-015 
1.041005e-045 1.035707e-044 2.742054e-044 3.456714e-015 1.728357e-014 
9.045209e-075 5.205023e-045 3.096524e-044 1.324177e-014 6.620883e-014 
7.599485e-073 4.522605e-074 2.602511e-044 5.072574e-014 2.536287e-013 
9.499357e-073 4.503929e-072 2.261302e-043 1.301256e-013 6.506278e-013 
3.405005e-043 3.387676e-042 8.968942e-042 1.130651e-012 5.653256e-012 
8.734781e-073 1.702503e-042 1.012837e-041 4.331228e-012 2.165614e-011 
5.459942e-071 4.367390e-072 8.512513e-042 1.659180e-011 8.295901e-011 
6.824928e-071 8.539901e-071 2.183695e-041 4.256256e-011 2.128128e-010 
7.458212e-071 4.291792e-041 2.553233e-040 1.091848e-010 5.459238e-010 
2.987827e-096 3.729106e-070 2.145896e-040 4.182582e-010 2.091291e-009 
3.733974e-096 3.240192e-069 1.864553e-039 1.072948e-009 5.364741e-009 
2.478052e-066 8.757662e-066 1.620096e-038 9.322765e-009 4.661382e-008 
1.154080e-036 7.773941e-036 1.269255e-035 8.100480e-008 4.050240e-007 
4.707021e-037 5.770399e-036 1.578811e-035 3.103082e-007 1.551541e-006 
4.564710e-067 2.353510e-036 1.943796e-035 1.188709e-006 5.943547e-006 
2.675816e-094 2.282355e-036 1.176755e-005 5.011957e-005 1.524684e-005 
8.325331e-065 1.004895e-063 1.141177e-005 5.883776e-005 6.595330e-005 
1.735591e-064 4.162665e-034 3.359407e-033 5.705887e-005 2.852944e-004 
9.478013e-065 4.886751e-034 2.081333e-003 8.471703e-003 7.318590e-004 
3.276800e-061 4.739006e-034 2.443376e-003 1.040666e-002 3.165804e-003 
4.096000e-031 1.215686e-063 2.369503e-003 1.221688e-002 1.369433e-002 
5.120000e-001 3.118572e-063 6.078432e-033 1.184752e-002 5.923758e-002 
6.400000e-001 1.000000e-060 1.559286e-032 3.039216e-002 1.519608e-001 
8.000000e-001 1.000000e-030 1.000000e-030 7.796430e-002 3.898215e-001 
1.000000e+000 1.000000e+000 1.000000e+000 1.000000e+000 1.000000e+000 


1.000000e+000 0.000000e+000 0.000000e+000 0.000000e+000 0.000000e+000 
1.009500e-086 1.000000e+000 0.000000e+000 0.000000e+000 0.000000e+000 
4.402870e-144 1.009500e-056 1.000000e+000 0.000000e+000 0.000000e+000 
1.083175e-144 3.319695e-084 2.019000e-056 1.000000e+000 0.000000e+000 
8.403409e-175 1.083175e-084 6.709562e-084 1.009500e-026 1.000000e+000 
2.411656e-232 8.403409e-115 4.332698e-084 1.153346e-054 1.000000e+000 
1.019982e-259 2.411656e-172 4.201704e-114 1.083175e-054 1.000000e+000 
4.949708e-260 5.250111e-200 1.446993e-171 8.403409e-055 1.000000e+000 
1.574404e-260 3.375304e-200 1.312365e-199 2.411656e-082 1.000000e+000 
2.462868e-319 1.574404e-200 1.440720e-199 7.390737e-112 1.000000e+000 
0.000000e+000 2.462844e-229 1.416964e-199 2.264958e-141 1.000000e+000 
0.000000e+000 9.901771e-230 1.472667e-228 1.574404e-170 1.000000e+000 
0.000000e+000 2.032063e-259 1.089195e-228 4.824904e-200 1.000000e+000 
0.000000e+000 6.999632e-287 2.438475e-258 1.188212e-228 1.000000e+000 
0.000000e+000 4.961380e-287 2.649728e-286 4.876950e-258 1.000000e+000 
0.000000e+000 2.985402e-287 2.766369e-286 2.304153e-287 1.000000e+000 
0.000000e+000 1.200269e-287 2.677699e-286 2.671837e-287 1.000000e+000 
0.000000e+000 8.343238e-317 1.920431e-286 8.772951e-287 1.000000e+000 
0.000000e+000 0.000000e+000 1.418351e-315 1.920431e-286 1.000000e+000 
0.000000e+000 0.000000e+000 0.000000e+000 0.000000e+000 1.000000e+000 
0.000000e+000 0.000000e+000 0.000000e+000 0.000000e+000 1.000000e+000 
0.000000e+000 0.000000e+000 0.000000e+000 0.000000e+000 1.000000e+000 
0.000000e+000 0.000000e+000 0.000000e+000 0.000000e+000 1.000000e+000 
0.000000e+000 0.000000e+000 0.000000e+000 0.000000e+000 1.000000e+000 
0.000000e+000 0.000000e+000 0.000000e+000 0.000000e+000 1.000000e+000 
0.000000e+000 0.000000e+000 0.000000e+000 0.000000e+000 1.000000e+000 
0.000000e+000 0.000000e+000 0.000000e+000 0.000000e+000 1.000000e+000 
0.000000e+000 0.000000e+000 0.000000e+000 0.000000e+000 1.000000e+000 
0.000000e+000 0.000000e+000 0.000000e+000 0.000000e+000 1.000000e+000 
0.000000e+000 0.000000e+000 0.000000e+000 0.000000e+000 1.000000e+000 
0.000000e+000 0.000000e+000 0.000000e+000 0.000000e+000 1.000000e+000 
0.000000e+000 0.000000e+000 0.000000e+000 0.000000e+000 1.000000e+000 
0.000000e+000 0.000000e+000 0.000000e+000 0.000000e+000 1.000000e+000 
0.000000e+000 0.000000e+000 0.000000e+000 0.000000e+000 1.000000e+000 
0.000000e+000 0.000000e+000 0.000000e+000 0.000000e+000 1.000000e+000 
0.000000e+000 0.000000e+000 0.000000e+000 0.000000e+000 1.000000e+000 
0.000000e+000 0.000000e+000 0.000000e+000 0.000000e+000 1.000000e+000 
0.000000e+000 0.000000e+000 0.000000e+000 0.000000e+000 1.000000e+000 
0.000000e+000 0.000000e+000 0.000000e+000 0.000000e+000 1.000000e+000 
0.000000e+000 0.000000e+000 0.000000e+000 0.000000e+000 1.000000e+000 



Q star

------------
1  2  3  4  5  5  5  5  5  5  5  5  5  5  5  5  5  5  5  5  5  5  5  5  5  5  5  5  5  5  5  5  5  5  5  5  5  5  5  5  
------------

P star

-----------
3.051573e-030

A Martrix

1.009500e-086 1.000000e+000 0.000000e+000 0.000000e+000 0.000000e+000 
0.000000e+000 1.009500e-056 1.000000e+000 0.000000e+000 0.000000e+000 
0.000000e+000 0.000000e+000 1.009500e-056 1.000000e+000 0.000000e+000 
0.000000e+000 0.000000e+000 0.000000e+000 1.009500e-026 1.000000e+000 
0.000000e+000 0.000000e+000 0.000000e+000 0.000000e+000 1.000000e+000 

B Martrix

1.000000e-030 1.000000e-030 1.000000e-030 1.000000e-030 1.000000e-030 1.000000e-030 1.000000e-030 1.000000e-030 1.000000e-030 1.000000e-030 1.000000e-030 1.000000e-030 1.000000e-030 1.000000e-030 1.000000e-030 1.000000e-030 1.000000e-030 1.000000e-030 1.000000e-030 1.000000e-030 1.000000e-030 1.000000e-030 1.000000e-030 1.000000e-030 1.000000e-030 1.000000e-030 1.000000e-030 1.000000e+000 1.000000e-030 1.000000e-030 1.000000e-030 1.000000e-030 
1.000000e-030 1.000000e-030 1.000000e-030 1.000000e-030 1.000000e-030 1.000000e-030 1.000000e-030 1.000000e-030 1.000000e-030 1.000000e-030 1.000000e-030 1.000000e-030 1.000000e-030 1.000000e-030 1.000000e-030 1.000000e-030 1.000000e-030 1.000000e-030 1.000000e-030 1.000000e+000 1.000000e-030 1.000000e-030 1.000000e-030 1.000000e-030 1.000000e-030 1.000000e-030 1.000000e-030 1.000000e-030 1.000000e-030 1.000000e-030 1.000000e-030 1.000000e-030 
1.000000e-030 1.000000e-030 1.000000e-030 1.000000e-030 1.000000e-030 1.000000e-030 1.000000e-030 1.000000e-030 1.000000e-030 1.000000e-030 1.000000e-030 1.000000e-030 1.000000e-030 1.000000e-030 1.000000e-030 1.000000e-030 1.000000e-030 1.000000e-030 1.000000e-030 1.000000e+000 1.000000e-030 1.000000e-030 1.000000e-030 1.000000e-030 1.000000e-030 1.000000e-030 1.000000e-030 1.000000e-030 1.000000e-030 1.000000e-030 1.000000e-030 1.000000e-030 
1.000000e-030 1.000000e-030 1.000000e-030 1.000000e-030 1.000000e-030 1.000000e-030 1.000000e-030 1.000000e-030 1.000000e-030 1.000000e-030 1.000000e-030 1.000000e+000 1.000000e-030 1.000000e-030 1.000000e-030 1.000000e-030 1.000000e-030 1.000000e-030 1.000000e-030 1.000000e-030 1.000000e-030 1.000000e-030 1.000000e-030 1.000000e-030 1.000000e-030 1.000000e-030 1.000000e-030 1.000000e-030 1.000000e-030 1.000000e-030 1.000000e-030 1.000000e-030 
1.000000e-030 1.000000e-030 1.000000e-030 2.777778e-002 1.000000e-030 1.000000e-030 1.000000e-030 1.000000e-030 1.000000e-030 1.000000e-030 1.000000e-030 1.944444e-001 1.000000e-030 1.000000e-030 1.000000e-030 2.777778e-002 1.000000e-030 1.000000e-030 1.388889e-001 3.055556e-001 1.000000e-030 1.000000e-030 1.000000e-030 1.000000e-030 1.000000e-030 1.000000e-030 1.000000e-030 3.055556e-001 1.000000e-030 1.000000e-030 1.000000e-030 1.000000e-030 
Iteraion 3
-----------------

P(O|lamda) = 1.969180e-024

1.000000e+000 0.000000e+000 0.000000e+000 0.000000e+000 0.000000e+000 
1.009500e-116 1.000000e+000 0.000000e+000 0.000000e+000 0.000000e+000 
1.019090e-232 1.009500e-056 1.000000e+000 0.000000e+000 0.000000e+000 
0.000000e+000 1.019090e-142 2.019000e-086 1.000000e+000 0.000000e+000 
0.000000e+000 1.028771e-228 3.057270e-172 1.009500e-056 2.777778e-002 
0.000000e+000 1.038544e-314 4.115084e-258 1.019090e-112 3.858025e-003 
0.000000e+000 0.000000e+000 0.000000e+000 1.028771e-138 7.501715e-004 
0.000000e+000 0.000000e+000 0.000000e+000 1.038544e-164 1.458667e-004 
0.000000e+000 0.000000e+000 0.000000e+000 1.048410e-220 4.051852e-006 
0.000000e+000 0.000000e+000 0.000000e+000 1.058370e-276 1.238066e-006 
0.000000e+000 0.000000e+000 0.000000e+000 0.000000e+000 3.782979e-007 
0.000000e+000 0.000000e+000 0.000000e+000 0.000000e+000 5.254138e-008 
0.000000e+000 0.000000e+000 0.000000e+000 0.000000e+000 1.605431e-008 
0.000000e+000 0.000000e+000 0.000000e+000 0.000000e+000 4.905484e-009 
0.000000e+000 0.000000e+000 0.000000e+000 0.000000e+000 1.498898e-009 
0.000000e+000 0.000000e+000 0.000000e+000 0.000000e+000 4.579965e-010 
0.000000e+000 0.000000e+000 0.000000e+000 0.000000e+000 1.399434e-010 
0.000000e+000 0.000000e+000 0.000000e+000 0.000000e+000 4.276048e-011 
0.000000e+000 0.000000e+000 0.000000e+000 0.000000e+000 1.306570e-011 
0.000000e+000 0.000000e+000 0.000000e+000 0.000000e+000 1.814681e-012 
0.000000e+000 0.000000e+000 0.000000e+000 0.000000e+000 5.544858e-013 
0.000000e+000 0.000000e+000 0.000000e+000 0.000000e+000 1.694262e-013 
0.000000e+000 0.000000e+000 0.000000e+000 0.000000e+000 5.176912e-014 
0.000000e+000 0.000000e+000 0.000000e+000 0.000000e+000 1.581834e-014 
0.000000e+000 0.000000e+000 0.000000e+000 0.000000e+000 4.833383e-015 
0.000000e+000 0.000000e+000 0.000000e+000 0.000000e+000 1.476867e-015 
0.000000e+000 0.000000e+000 0.000000e+000 0.000000e+000 2.051204e-016 
0.000000e+000 0.000000e+000 0.000000e+000 0.000000e+000 2.848894e-017 
0.000000e+000 0.000000e+000 0.000000e+000 0.000000e+000 8.704955e-018 
0.000000e+000 0.000000e+000 0.000000e+000 0.000000e+000 2.659847e-018 
0.000000e+000 0.000000e+000 0.000000e+000 0.000000e+000 8.127312e-019 
0.000000e+000 0.000000e+000 0.000000e+000 0.000000e+000 1.580311e-019 
0.000000e+000 0.000000e+000 0.000000e+000 0.000000e+000 3.072826e-020 
0.000000e+000 0.000000e+000 0.000000e+000 0.000000e+000 9.389191e-021 
0.000000e+000 0.000000e+000 0.000000e+000 0.000000e+000 1.825676e-021 
0.000000e+000 0.000000e+000 0.000000e+000 0.000000e+000 3.549926e-022 
0.000000e+000 0.000000e+000 0.000000e+000 0.000000e+000 6.902633e-023 
0.000000e+000 0.000000e+000 0.000000e+000 0.000000e+000 2.109138e-023 
0.000000e+000 0.000000e+000 0.000000e+000 0.000000e+000 6.444588e-024 
0.000000e+000 0.000000e+000 0.000000e+000 0.000000e+000 1.969180e-024 


1.969180e-024 3.828961e-055 1.169960e-055 3.574878e-026 3.574878e-026 
7.089047e-083 1.969180e-024 3.828961e-055 1.169960e-025 1.169960e-025 
5.104114e-112 7.089047e-083 1.969180e-024 3.828961e-025 3.828961e-025 
2.624973e-081 5.104114e-082 7.089047e-053 1.969180e-024 1.969180e-024 
1.349986e-080 2.624973e-051 5.104114e-052 7.089047e-023 7.089047e-023 
4.859950e-109 1.349986e-050 2.624973e-021 5.104114e-022 5.104114e-022 
1.590529e-108 4.859950e-079 1.349986e-020 2.624973e-021 2.624973e-021 
5.205368e-078 1.590529e-078 4.859950e-049 1.349986e-020 1.349986e-020 
3.747865e-047 5.205368e-048 1.590529e-048 4.859950e-019 4.859950e-019 
1.226574e-076 3.747865e-047 5.205368e-048 1.590529e-018 1.590529e-018 
4.014242e-076 1.226574e-076 3.747865e-047 5.205368e-018 5.205368e-018 
1.313752e-075 4.014242e-046 1.226574e-046 3.747865e-017 3.747865e-017 
4.299552e-105 1.313752e-075 4.014242e-046 1.226574e-016 1.226574e-016 
1.407126e-074 4.299552e-075 1.313752e-045 4.014242e-016 4.014242e-016 
4.605139e-044 1.407126e-044 4.299552e-045 1.313752e-015 1.313752e-015 
1.507137e-043 4.605139e-044 1.407126e-044 4.299552e-015 4.299552e-015 
1.085138e-072 1.507137e-043 4.605139e-044 1.407126e-014 1.407126e-014 
3.551362e-102 1.085138e-072 1.507137e-043 4.605139e-014 4.605139e-014 
1.162264e-071 3.551362e-072 1.085138e-042 1.507137e-013 1.507137e-013 
3.803773e-041 1.162264e-041 3.551362e-042 1.085138e-012 1.085138e-012 
1.244871e-070 3.803773e-041 1.162264e-041 3.551362e-012 3.551362e-012 
4.074123e-100 1.244871e-070 3.803773e-041 1.162264e-011 1.162264e-011 
1.333349e-069 4.074123e-070 1.244871e-040 3.803773e-011 3.803773e-011 
9.600116e-069 1.333349e-039 4.074123e-040 1.244871e-010 1.244871e-010 
6.912084e-098 9.600116e-069 1.333349e-039 4.074123e-010 4.074123e-010 
2.262136e-097 6.912084e-068 9.600116e-039 1.333349e-009 1.333349e-009 
7.403356e-067 2.262136e-067 6.912084e-038 9.600116e-009 9.600116e-009 
2.422916e-036 7.403356e-037 2.262136e-037 6.912084e-008 6.912084e-008 
1.246071e-035 2.422916e-036 7.403356e-037 2.262136e-007 2.262136e-007 
6.408367e-065 1.246071e-035 2.422916e-036 7.403356e-007 7.403356e-007 
2.097284e-094 6.408367e-035 1.246071e-005 2.422916e-006 2.422916e-006 
1.078603e-063 2.097284e-064 6.408367e-005 1.246071e-005 1.246071e-005 
5.547101e-063 1.078603e-033 2.097284e-034 6.408367e-005 6.408367e-005 
2.852795e-062 5.547101e-033 1.078603e-003 2.097284e-004 2.097284e-004 
9.336420e-092 2.852795e-032 5.547101e-003 1.078603e-003 1.078603e-003 
3.055556e-091 9.336420e-062 2.852795e-002 5.547101e-003 5.547101e-003 
1.000000e-090 3.055556e-061 9.336420e-032 2.852795e-002 2.852795e-002 
1.000000e-060 1.000000e-060 3.055556e-031 9.336420e-002 9.336420e-002 
1.000000e-030 1.000000e-030 1.000000e-030 3.055556e-001 3.055556e-001 
1.000000e+000 1.000000e+000 1.000000e+000 1.000000e+000 1.000000e+000 


1.000000e+000 0.000000e+000 0.000000e+000 0.000000e+000 0.000000e+000 
3.634199e-175 1.000000e+000 0.000000e+000 0.000000e+000 0.000000e+000 
2.641275e-320 3.634199e-115 1.000000e+000 0.000000e+000 0.000000e+000 
0.000000e+000 2.641481e-200 7.268399e-115 1.000000e+000 0.000000e+000 
0.000000e+000 1.371381e-255 7.924443e-200 3.634199e-055 1.000000e+000 
0.000000e+000 0.000000e+000 5.485525e-255 2.641481e-110 1.000000e+000 
0.000000e+000 0.000000e+000 0.000000e+000 1.371381e-135 1.000000e+000 
0.000000e+000 0.000000e+000 0.000000e+000 7.119818e-161 1.000000e+000 
0.000000e+000 0.000000e+000 0.000000e+000 2.587484e-215 1.000000e+000 
0.000000e+000 0.000000e+000 0.000000e+000 8.548575e-271 1.000000e+000 
0.000000e+000 0.000000e+000 0.000000e+000 0.000000e+000 1.000000e+000 
0.000000e+000 0.000000e+000 0.000000e+000 0.000000e+000 1.000000e+000 
0.000000e+000 0.000000e+000 0.000000e+000 0.000000e+000 1.000000e+000 
0.000000e+000 0.000000e+000 0.000000e+000 0.000000e+000 1.000000e+000 
0.000000e+000 0.000000e+000 0.000000e+000 0.000000e+000 1.000000e+000 
0.000000e+000 0.000000e+000 0.000000e+000 0.000000e+000 1.000000e+000 
0.000000e+000 0.000000e+000 0.000000e+000 0.000000e+000 1.000000e+000 
0.000000e+000 0.000000e+000 0.000000e+000 0.000000e+000 1.000000e+000 
0.000000e+000 0.000000e+000 0.000000e+000 0.000000e+000 1.000000e+000 
0.000000e+000 0.000000e+000 0.000000e+000 0.000000e+000 1.000000e+000 
0.000000e+000 0.000000e+000 0.000000e+000 0.000000e+000 1.000000e+000 
0.000000e+000 0.000000e+000 0.000000e+000 0.000000e+000 1.000000e+000 
0.000000e+000 0.000000e+000 0.000000e+000 0.000000e+000 1.000000e+000 
0.000000e+000 0.000000e+000 0.000000e+000 0.000000e+000 1.000000e+000 
0.000000e+000 0.000000e+000 0.000000e+000 0.000000e+000 1.000000e+000 
0.000000e+000 0.000000e+000 0.000000e+000 0.000000e+000 1.000000e+000 
0.000000e+000 0.000000e+000 0.000000e+000 0.000000e+000 1.000000e+000 
0.000000e+000 0.000000e+000 0.000000e+000 0.000000e+000 1.000000e+000 
0.000000e+000 0.000000e+000 0.000000e+000 0.000000e+000 1.000000e+000 
0.000000e+000 0.000000e+000 0.000000e+000 0.000000e+000 1.000000e+000 
0.000000e+000 0.000000e+000 0.000000e+000 0.000000e+000 1.000000e+000 
0.000000e+000 0.000000e+000 0.000000e+000 0.000000e+000 1.000000e+000 
0.000000e+000 0.000000e+000 0.000000e+000 0.000000e+000 1.000000e+000 
0.000000e+000 0.000000e+000 0.000000e+000 0.000000e+000 1.000000e+000 
0.000000e+000 0.000000e+000 0.000000e+000 0.000000e+000 1.000000e+000 
0.000000e+000 0.000000e+000 0.000000e+000 0.000000e+000 1.000000e+000 
0.000000e+000 0.000000e+000 0.000000e+000 0.000000e+000 1.000000e+000 
0.000000e+000 0.000000e+000 0.000000e+000 0.000000e+000 1.000000e+000 
0.000000e+000 0.000000e+000 0.000000e+000 0.000000e+000 1.000000e+000 
0.000000e+000 0.000000e+000 0.000000e+000 0.000000e+000 1.000000e+000 



Q star

------------
1  2  3  4  5  5  5  5  5  5  5  5  5  5  5  5  5  5  5  5  5  5  5  5  5  5  5  5  5  5  5  5  5  5  5  5  5  5  5  5  
------------

P star

-----------
1.969180e-024

A Martrix

3.634199e-175 1.000000e+000 0.000000e+000 0.000000e+000 0.000000e+000 
0.000000e+000 3.634199e-115 1.000000e+000 0.000000e+000 0.000000e+000 
0.000000e+000 0.000000e+000 3.634199e-115 1.000000e+000 0.000000e+000 
0.000000e+000 0.000000e+000 0.000000e+000 3.634199e-055 1.000000e+000 
0.000000e+000 0.000000e+000 0.000000e+000 0.000000e+000 1.000000e+000 

B Martrix

1.000000e-030 1.000000e-030 1.000000e-030 1.000000e-030 1.000000e-030 1.000000e-030 1.000000e-030 1.000000e-030 1.000000e-030 1.000000e-030 1.000000e-030 1.000000e-030 1.000000e-030 1.000000e-030 1.000000e-030 1.000000e-030 1.000000e-030 1.000000e-030 1.000000e-030 1.000000e-030 1.000000e-030 1.000000e-030 1.000000e-030 1.000000e-030 1.000000e-030 1.000000e-030 1.000000e-030 1.000000e+000 1.000000e-030 1.000000e-030 1.000000e-030 1.000000e-030 
1.000000e-030 1.000000e-030 1.000000e-030 1.000000e-030 1.000000e-030 1.000000e-030 1.000000e-030 1.000000e-030 1.000000e-030 1.000000e-030 1.000000e-030 1.000000e-030 1.000000e-030 1.000000e-030 1.000000e-030 1.000000e-030 1.000000e-030 1.000000e-030 1.000000e-030 1.000000e+000 1.000000e-030 1.000000e-030 1.000000e-030 1.000000e-030 1.000000e-030 1.000000e-030 1.000000e-030 1.000000e-030 1.000000e-030 1.000000e-030 1.000000e-030 1.000000e-030 
1.000000e-030 1.000000e-030 1.000000e-030 1.000000e-030 1.000000e-030 1.000000e-030 1.000000e-030 1.000000e-030 1.000000e-030 1.000000e-030 1.000000e-030 1.000000e-030 1.000000e-030 1.000000e-030 1.000000e-030 1.000000e-030 1.000000e-030 1.000000e-030 1.000000e-030 1.000000e+000 1.000000e-030 1.000000e-030 1.000000e-030 1.000000e-030 1.000000e-030 1.000000e-030 1.000000e-030 1.000000e-030 1.000000e-030 1.000000e-030 1.000000e-030 1.000000e-030 
1.000000e-030 1.000000e-030 1.000000e-030 1.000000e-030 1.000000e-030 1.000000e-030 1.000000e-030 1.000000e-030 1.000000e-030 1.000000e-030 1.000000e-030 1.000000e+000 1.000000e-030 1.000000e-030 1.000000e-030 1.000000e-030 1.000000e-030 1.000000e-030 1.000000e-030 1.000000e-030 1.000000e-030 1.000000e-030 1.000000e-030 1.000000e-030 1.000000e-030 1.000000e-030 1.000000e-030 1.000000e-030 1.000000e-030 1.000000e-030 1.000000e-030 1.000000e-030 
1.000000e-030 1.000000e-030 1.000000e-030 2.777778e-002 1.000000e-030 1.000000e-030 1.000000e-030 1.000000e-030 1.000000e-030 1.000000e-030 1.000000e-030 1.944444e-001 1.000000e-030 1.000000e-030 1.000000e-030 2.777778e-002 1.000000e-030 1.000000e-030 1.388889e-001 3.055556e-001 1.000000e-030 1.000000e-030 1.000000e-030 1.000000e-030 1.000000e-030 1.000000e-030 1.000000e-030 3.055556e-001 1.000000e-030 1.000000e-030 1.000000e-030 1.000000e-030 
Iteraion 4
-----------------

P(O|lamda) = 1.969180e-024

1.000000e+000 0.000000e+000 0.000000e+000 0.000000e+000 0.000000e+000 
3.634199e-205 1.000000e+000 0.000000e+000 0.000000e+000 0.000000e+000 
0.000000e+000 3.634199e-115 1.000000e+000 0.000000e+000 0.000000e+000 
0.000000e+000 1.320741e-259 7.268399e-145 1.000000e+000 0.000000e+000 
0.000000e+000 0.000000e+000 3.962222e-289 3.634199e-085 2.777778e-002 
0.000000e+000 0.000000e+000 0.000000e+000 1.320741e-169 3.858025e-003 
0.000000e+000 0.000000e+000 0.000000e+000 4.799834e-224 7.501715e-004 
0.000000e+000 0.000000e+000 0.000000e+000 1.744355e-278 1.458667e-004 
0.000000e+000 0.000000e+000 0.000000e+000 0.000000e+000 4.051852e-006 
0.000000e+000 0.000000e+000 0.000000e+000 0.000000e+000 1.238066e-006 
0.000000e+000 0.000000e+000 0.000000e+000 0.000000e+000 3.782979e-007 
0.000000e+000 0.000000e+000 0.000000e+000 0.000000e+000 5.254138e-008 
0.000000e+000 0.000000e+000 0.000000e+000 0.000000e+000 1.605431e-008 
0.000000e+000 0.000000e+000 0.000000e+000 0.000000e+000 4.905484e-009 
0.000000e+000 0.000000e+000 0.000000e+000 0.000000e+000 1.498898e-009 
0.000000e+000 0.000000e+000 0.000000e+000 0.000000e+000 4.579965e-010 
0.000000e+000 0.000000e+000 0.000000e+000 0.000000e+000 1.399434e-010 
0.000000e+000 0.000000e+000 0.000000e+000 0.000000e+000 4.276048e-011 
0.000000e+000 0.000000e+000 0.000000e+000 0.000000e+000 1.306570e-011 
0.000000e+000 0.000000e+000 0.000000e+000 0.000000e+000 1.814681e-012 
0.000000e+000 0.000000e+000 0.000000e+000 0.000000e+000 5.544858e-013 
0.000000e+000 0.000000e+000 0.000000e+000 0.000000e+000 1.694262e-013 
0.000000e+000 0.000000e+000 0.000000e+000 0.000000e+000 5.176912e-014 
0.000000e+000 0.000000e+000 0.000000e+000 0.000000e+000 1.581834e-014 
0.000000e+000 0.000000e+000 0.000000e+000 0.000000e+000 4.833383e-015 
0.000000e+000 0.000000e+000 0.000000e+000 0.000000e+000 1.476867e-015 
0.000000e+000 0.000000e+000 0.000000e+000 0.000000e+000 2.051204e-016 
0.000000e+000 0.000000e+000 0.000000e+000 0.000000e+000 2.848894e-017 
0.000000e+000 0.000000e+000 0.000000e+000 0.000000e+000 8.704955e-018 
0.000000e+000 0.000000e+000 0.000000e+000 0.000000e+000 2.659847e-018 
0.000000e+000 0.000000e+000 0.000000e+000 0.000000e+000 8.127312e-019 
0.000000e+000 0.000000e+000 0.000000e+000 0.000000e+000 1.580311e-019 
0.000000e+000 0.000000e+000 0.000000e+000 0.000000e+000 3.072826e-020 
0.000000e+000 0.000000e+000 0.000000e+000 0.000000e+000 9.389191e-021 
0.000000e+000 0.000000e+000 0.000000e+000 0.000000e+000 1.825676e-021 
0.000000e+000 0.000000e+000 0.000000e+000 0.000000e+000 3.549926e-022 
0.000000e+000 0.000000e+000 0.000000e+000 0.000000e+000 6.902633e-023 
0.000000e+000 0.000000e+000 0.000000e+000 0.000000e+000 2.109138e-023 
0.000000e+000 0.000000e+000 0.000000e+000 0.000000e+000 6.444588e-024 
0.000000e+000 0.000000e+000 0.000000e+000 0.000000e+000 1.969180e-024 


1.969180e-024 3.828961e-055 1.169960e-055 3.574878e-026 3.574878e-026 
7.089047e-083 1.969180e-024 3.828961e-055 1.169960e-025 1.169960e-025 
5.104114e-112 7.089047e-083 1.969180e-024 3.828961e-025 3.828961e-025 
2.624973e-081 5.104114e-082 7.089047e-053 1.969180e-024 1.969180e-024 
1.349986e-080 2.624973e-051 5.104114e-052 7.089047e-023 7.089047e-023 
4.859950e-109 1.349986e-050 2.624973e-021 5.104114e-022 5.104114e-022 
1.590529e-108 4.859950e-079 1.349986e-020 2.624973e-021 2.624973e-021 
5.205368e-078 1.590529e-078 4.859950e-049 1.349986e-020 1.349986e-020 
3.747865e-047 5.205368e-048 1.590529e-048 4.859950e-019 4.859950e-019 
1.226574e-076 3.747865e-047 5.205368e-048 1.590529e-018 1.590529e-018 
4.014242e-076 1.226574e-076 3.747865e-047 5.205368e-018 5.205368e-018 
1.313752e-075 4.014242e-046 1.226574e-046 3.747865e-017 3.747865e-017 
4.299552e-105 1.313752e-075 4.014242e-046 1.226574e-016 1.226574e-016 
1.407126e-074 4.299552e-075 1.313752e-045 4.014242e-016 4.014242e-016 
4.605139e-044 1.407126e-044 4.299552e-045 1.313752e-015 1.313752e-015 
1.507137e-043 4.605139e-044 1.407126e-044 4.299552e-015 4.299552e-015 
1.085138e-072 1.507137e-043 4.605139e-044 1.407126e-014 1.407126e-014 
3.551362e-102 1.085138e-072 1.507137e-043 4.605139e-014 4.605139e-014 
1.162264e-071 3.551362e-072 1.085138e-042 1.507137e-013 1.507137e-013 
3.803773e-041 1.162264e-041 3.551362e-042 1.085138e-012 1.085138e-012 
1.244871e-070 3.803773e-041 1.162264e-041 3.551362e-012 3.551362e-012 
4.074123e-100 1.244871e-070 3.803773e-041 1.162264e-011 1.162264e-011 
1.333349e-069 4.074123e-070 1.244871e-040 3.803773e-011 3.803773e-011 
9.600116e-069 1.333349e-039 4.074123e-040 1.244871e-010 1.244871e-010 
6.912084e-098 9.600116e-069 1.333349e-039 4.074123e-010 4.074123e-010 
2.262136e-097 6.912084e-068 9.600116e-039 1.333349e-009 1.333349e-009 
7.403356e-067 2.262136e-067 6.912084e-038 9.600116e-009 9.600116e-009 
2.422916e-036 7.403356e-037 2.262136e-037 6.912084e-008 6.912084e-008 
1.246071e-035 2.422916e-036 7.403356e-037 2.262136e-007 2.262136e-007 
6.408367e-065 1.246071e-035 2.422916e-036 7.403356e-007 7.403356e-007 
2.097284e-094 6.408367e-035 1.246071e-005 2.422916e-006 2.422916e-006 
1.078603e-063 2.097284e-064 6.408367e-005 1.246071e-005 1.246071e-005 
5.547101e-063 1.078603e-033 2.097284e-034 6.408367e-005 6.408367e-005 
2.852795e-062 5.547101e-033 1.078603e-003 2.097284e-004 2.097284e-004 
9.336420e-092 2.852795e-032 5.547101e-003 1.078603e-003 1.078603e-003 
3.055556e-091 9.336420e-062 2.852795e-002 5.547101e-003 5.547101e-003 
1.000000e-090 3.055556e-061 9.336420e-032 2.852795e-002 2.852795e-002 
1.000000e-060 1.000000e-060 3.055556e-031 9.336420e-002 9.336420e-002 
1.000000e-030 1.000000e-030 1.000000e-030 3.055556e-001 3.055556e-001 
1.000000e+000 1.000000e+000 1.000000e+000 1.000000e+000 1.000000e+000 


1.000000e+000 0.000000e+000 0.000000e+000 0.000000e+000 0.000000e+000 
1.308312e-263 1.000000e+000 0.000000e+000 0.000000e+000 0.000000e+000 
0.000000e+000 1.308312e-173 1.000000e+000 0.000000e+000 0.000000e+000 
0.000000e+000 3.423360e-317 2.616624e-173 1.000000e+000 0.000000e+000 
0.000000e+000 0.000000e+000 1.027008e-316 1.308312e-083 1.000000e+000 
0.000000e+000 0.000000e+000 0.000000e+000 3.423359e-167 1.000000e+000 
0.000000e+000 0.000000e+000 0.000000e+000 6.398316e-221 1.000000e+000 
0.000000e+000 0.000000e+000 0.000000e+000 1.195856e-274 1.000000e+000 
0.000000e+000 0.000000e+000 0.000000e+000 0.000000e+000 1.000000e+000 
0.000000e+000 0.000000e+000 0.000000e+000 0.000000e+000 1.000000e+000 
0.000000e+000 0.000000e+000 0.000000e+000 0.000000e+000 1.000000e+000 
0.000000e+000 0.000000e+000 0.000000e+000 0.000000e+000 1.000000e+000 
0.000000e+000 0.000000e+000 0.000000e+000 0.000000e+000 1.000000e+000 
0.000000e+000 0.000000e+000 0.000000e+000 0.000000e+000 1.000000e+000 
0.000000e+000 0.000000e+000 0.000000e+000 0.000000e+000 1.000000e+000 
0.000000e+000 0.000000e+000 0.000000e+000 0.000000e+000 1.000000e+000 
0.000000e+000 0.000000e+000 0.000000e+000 0.000000e+000 1.000000e+000 
0.000000e+000 0.000000e+000 0.000000e+000 0.000000e+000 1.000000e+000 
0.000000e+000 0.000000e+000 0.000000e+000 0.000000e+000 1.000000e+000 
0.000000e+000 0.000000e+000 0.000000e+000 0.000000e+000 1.000000e+000 
0.000000e+000 0.000000e+000 0.000000e+000 0.000000e+000 1.000000e+000 
0.000000e+000 0.000000e+000 0.000000e+000 0.000000e+000 1.000000e+000 
0.000000e+000 0.000000e+000 0.000000e+000 0.000000e+000 1.000000e+000 
0.000000e+000 0.000000e+000 0.000000e+000 0.000000e+000 1.000000e+000 
0.000000e+000 0.000000e+000 0.000000e+000 0.000000e+000 1.000000e+000 
0.000000e+000 0.000000e+000 0.000000e+000 0.000000e+000 1.000000e+000 
0.000000e+000 0.000000e+000 0.000000e+000 0.000000e+000 1.000000e+000 
0.000000e+000 0.000000e+000 0.000000e+000 0.000000e+000 1.000000e+000 
0.000000e+000 0.000000e+000 0.000000e+000 0.000000e+000 1.000000e+000 
0.000000e+000 0.000000e+000 0.000000e+000 0.000000e+000 1.000000e+000 
0.000000e+000 0.000000e+000 0.000000e+000 0.000000e+000 1.000000e+000 
0.000000e+000 0.000000e+000 0.000000e+000 0.000000e+000 1.000000e+000 
0.000000e+000 0.000000e+000 0.000000e+000 0.000000e+000 1.000000e+000 
0.000000e+000 0.000000e+000 0.000000e+000 0.000000e+000 1.000000e+000 
0.000000e+000 0.000000e+000 0.000000e+000 0.000000e+000 1.000000e+000 
0.000000e+000 0.000000e+000 0.000000e+000 0.000000e+000 1.000000e+000 
0.000000e+000 0.000000e+000 0.000000e+000 0.000000e+000 1.000000e+000 
0.000000e+000 0.000000e+000 0.000000e+000 0.000000e+000 1.000000e+000 
0.000000e+000 0.000000e+000 0.000000e+000 0.000000e+000 1.000000e+000 
0.000000e+000 0.000000e+000 0.000000e+000 0.000000e+000 1.000000e+000 



Q star

------------
1  2  3  4  5  5  5  5  5  5  5  5  5  5  5  5  5  5  5  5  5  5  5  5  5  5  5  5  5  5  5  5  5  5  5  5  5  5  5  5  
------------

P star

-----------
1.969180e-024

A Martrix

1.308312e-263 1.000000e+000 0.000000e+000 0.000000e+000 0.000000e+000 
0.000000e+000 1.308312e-173 1.000000e+000 0.000000e+000 0.000000e+000 
0.000000e+000 0.000000e+000 1.308312e-173 1.000000e+000 0.000000e+000 
0.000000e+000 0.000000e+000 0.000000e+000 1.308312e-083 1.000000e+000 
0.000000e+000 0.000000e+000 0.000000e+000 0.000000e+000 1.000000e+000 

B Martrix

1.000000e-030 1.000000e-030 1.000000e-030 1.000000e-030 1.000000e-030 1.000000e-030 1.000000e-030 1.000000e-030 1.000000e-030 1.000000e-030 1.000000e-030 1.000000e-030 1.000000e-030 1.000000e-030 1.000000e-030 1.000000e-030 1.000000e-030 1.000000e-030 1.000000e-030 1.000000e-030 1.000000e-030 1.000000e-030 1.000000e-030 1.000000e-030 1.000000e-030 1.000000e-030 1.000000e-030 1.000000e+000 1.000000e-030 1.000000e-030 1.000000e-030 1.000000e-030 
1.000000e-030 1.000000e-030 1.000000e-030 1.000000e-030 1.000000e-030 1.000000e-030 1.000000e-030 1.000000e-030 1.000000e-030 1.000000e-030 1.000000e-030 1.000000e-030 1.000000e-030 1.000000e-030 1.000000e-030 1.000000e-030 1.000000e-030 1.000000e-030 1.000000e-030 1.000000e+000 1.000000e-030 1.000000e-030 1.000000e-030 1.000000e-030 1.000000e-030 1.000000e-030 1.000000e-030 1.000000e-030 1.000000e-030 1.000000e-030 1.000000e-030 1.000000e-030 
1.000000e-030 1.000000e-030 1.000000e-030 1.000000e-030 1.000000e-030 1.000000e-030 1.000000e-030 1.000000e-030 1.000000e-030 1.000000e-030 1.000000e-030 1.000000e-030 1.000000e-030 1.000000e-030 1.000000e-030 1.000000e-030 1.000000e-030 1.000000e-030 1.000000e-030 1.000000e+000 1.000000e-030 1.000000e-030 1.000000e-030 1.000000e-030 1.000000e-030 1.000000e-030 1.000000e-030 1.000000e-030 1.000000e-030 1.000000e-030 1.000000e-030 1.000000e-030 
1.000000e-030 1.000000e-030 1.000000e-030 1.000000e-030 1.000000e-030 1.000000e-030 1.000000e-030 1.000000e-030 1.000000e-030 1.000000e-030 1.000000e-030 1.000000e+000 1.000000e-030 1.000000e-030 1.000000e-030 1.000000e-030 1.000000e-030 1.000000e-030 1.000000e-030 1.000000e-030 1.000000e-030 1.000000e-030 1.000000e-030 1.000000e-030 1.000000e-030 1.000000e-030 1.000000e-030 1.000000e-030 1.000000e-030 1.000000e-030 1.000000e-030 1.000000e-030 
1.000000e-030 1.000000e-030 1.000000e-030 2.777778e-002 1.000000e-030 1.000000e-030 1.000000e-030 1.000000e-030 1.000000e-030 1.000000e-030 1.000000e-030 1.944444e-001 1.000000e-030 1.000000e-030 1.000000e-030 2.777778e-002 1.000000e-030 1.000000e-030 1.388889e-001 3.055556e-001 1.000000e-030 1.000000e-030 1.000000e-030 1.000000e-030 1.000000e-030 1.000000e-030 1.000000e-030 3.055556e-001 1.000000e-030 1.000000e-030 1.000000e-030 1.000000e-030 
=================
