20	19	19	19	19	20	19	19	20	20	19	19	19	19	19	19	19	20	20	19	20	20	20	20	20	20	19	19	19	19	20	

P(O|lamda) = 6.568285e-151

1.000000e-030 0.000000e+000 0.000000e+000 0.000000e+000 0.000000e+000 
2.571063e-062 9.742894e-061 0.000000e+000 0.000000e+000 0.000000e+000 
6.610365e-094 6.205654e-092 9.372825e-091 0.000000e+000 0.000000e+000 
1.699566e-125 3.001167e-123 1.814560e-121 8.155259e-121 0.000000e+000 
4.369692e-157 1.305536e-154 2.645899e-152 3.401961e-151 3.651558e-122 
1.123475e-188 5.384622e-186 3.562719e-183 9.907319e-182 4.098677e-123 
2.888526e-220 2.154729e-217 4.679908e-214 2.524786e-212 2.363586e-124 
7.426583e-252 8.465846e-249 6.100107e-245 6.051391e-243 1.363010e-125 
1.909421e-283 3.287984e-280 7.932415e-276 1.405874e-273 1.529905e-126 
4.909242e-315 1.267496e-311 1.030767e-306 3.211870e-304 1.717236e-127 
0.000000e+000 0.000000e+000 0.000000e+000 0.000000e+000 9.902795e-129 
0.000000e+000 0.000000e+000 0.000000e+000 0.000000e+000 5.710650e-130 
0.000000e+000 0.000000e+000 0.000000e+000 0.000000e+000 3.293163e-131 
0.000000e+000 0.000000e+000 0.000000e+000 0.000000e+000 1.899070e-132 
0.000000e+000 0.000000e+000 0.000000e+000 0.000000e+000 1.095138e-133 
0.000000e+000 0.000000e+000 0.000000e+000 0.000000e+000 6.315336e-135 
0.000000e+000 0.000000e+000 0.000000e+000 0.000000e+000 3.641868e-136 
0.000000e+000 0.000000e+000 0.000000e+000 0.000000e+000 4.087800e-137 
0.000000e+000 0.000000e+000 0.000000e+000 0.000000e+000 4.588335e-138 
0.000000e+000 0.000000e+000 0.000000e+000 0.000000e+000 2.645957e-139 
0.000000e+000 0.000000e+000 0.000000e+000 0.000000e+000 2.969944e-140 
0.000000e+000 0.000000e+000 0.000000e+000 0.000000e+000 3.333602e-141 
0.000000e+000 0.000000e+000 0.000000e+000 0.000000e+000 3.741788e-142 
0.000000e+000 0.000000e+000 0.000000e+000 0.000000e+000 4.199955e-143 
0.000000e+000 0.000000e+000 0.000000e+000 0.000000e+000 4.714223e-144 
0.000000e+000 0.000000e+000 0.000000e+000 0.000000e+000 5.291461e-145 
0.000000e+000 0.000000e+000 0.000000e+000 0.000000e+000 3.051429e-146 
0.000000e+000 0.000000e+000 0.000000e+000 0.000000e+000 1.759669e-147 
0.000000e+000 0.000000e+000 0.000000e+000 0.000000e+000 1.014749e-148 
0.000000e+000 0.000000e+000 0.000000e+000 0.000000e+000 5.851760e-150 
0.000000e+000 0.000000e+000 0.000000e+000 0.000000e+000 6.568285e-151 



P(O|lamda) = 5.674275e-069

1.050000e-030 0.000000e+000 0.000000e+000 0.000000e+000 0.000000e+000 
8.711110e-182 1.050000e-031 0.000000e+000 0.000000e+000 0.000000e+000 
0.000000e+000 1.834395e-118 3.675000e-032 0.000000e+000 0.000000e+000 
0.000000e+000 3.204767e-205 3.215625e-034 8.957813e-033 0.000000e+000 
0.000000e+000 5.598866e-292 2.813672e-036 4.334300e-034 3.364409e-034 
0.000000e+000 0.000000e+000 2.461963e-038 2.143816e-035 1.495477e-035 
0.000000e+000 0.000000e+000 2.154218e-040 8.557176e-037 1.472688e-036 
0.000000e+000 0.000000e+000 1.884940e-042 3.396947e-038 9.787266e-038 
0.000000e+000 0.000000e+000 1.649323e-044 1.616236e-039 2.697167e-039 
0.000000e+000 0.000000e+000 1.443157e-046 7.687760e-041 8.653441e-041 
0.000000e+000 0.000000e+000 1.262763e-048 3.047133e-042 6.749854e-042 
0.000000e+000 0.000000e+000 1.104917e-050 1.207755e-043 4.157245e-043 
0.000000e+000 0.000000e+000 9.668027e-053 4.787026e-045 2.309197e-044 
0.000000e+000 0.000000e+000 8.459524e-055 1.897371e-046 1.210501e-045 
0.000000e+000 0.000000e+000 7.402083e-057 7.520365e-048 6.115683e-047 
0.000000e+000 0.000000e+000 6.476823e-059 2.980749e-049 3.012183e-048 
0.000000e+000 0.000000e+000 5.667220e-061 1.181441e-050 1.456438e-049 
0.000000e+000 0.000000e+000 4.958818e-063 5.619268e-052 3.318444e-051 
0.000000e+000 0.000000e+000 4.338965e-065 2.672684e-053 8.086353e-053 
0.000000e+000 0.000000e+000 3.796595e-067 1.059337e-054 4.613154e-054 
0.000000e+000 0.000000e+000 3.322020e-069 5.038507e-056 1.174053e-055 
0.000000e+000 0.000000e+000 2.906768e-071 2.396457e-057 3.408390e-057 
0.000000e+000 0.000000e+000 2.543422e-073 1.139823e-058 1.157068e-058 
0.000000e+000 0.000000e+000 2.225494e-075 5.421322e-060 4.513560e-060 
0.000000e+000 0.000000e+000 1.947307e-077 2.578535e-061 1.935669e-061 
0.000000e+000 0.000000e+000 1.703894e-079 1.226424e-062 8.756319e-063 
0.000000e+000 0.000000e+000 1.490907e-081 4.861019e-064 8.514626e-064 
0.000000e+000 0.000000e+000 1.304544e-083 1.926699e-065 5.626216e-065 
0.000000e+000 0.000000e+000 1.141476e-085 7.636605e-067 3.234894e-066 
0.000000e+000 0.000000e+000 9.987914e-088 3.026822e-068 1.730711e-067 
0.000000e+000 0.000000e+000 8.739424e-090 1.439642e-069 4.234632e-069 



P(O|lamda) = 2.904819e-057

1.052500e-030 0.000000e+000 0.000000e+000 0.000000e+000 0.000000e+000 
6.579164e-063 5.231245e-033 0.000000e+000 0.000000e+000 0.000000e+000 
4.112627e-095 1.553465e-037 9.100307e-035 0.000000e+000 0.000000e+000 
2.570798e-127 4.613155e-042 7.397466e-038 1.412619e-035 0.000000e+000 
1.607002e-159 1.369918e-046 5.801610e-041 3.683915e-037 1.133707e-036 
1.004535e-191 9.153212e-050 8.244064e-043 9.460025e-039 4.233230e-037 
6.279335e-224 2.718129e-054 6.456643e-046 2.391425e-040 4.098815e-038 
3.925204e-256 8.071728e-059 5.056747e-049 6.042214e-042 3.914349e-039 
2.453640e-288 5.393188e-062 7.185240e-051 1.550097e-043 1.148374e-039 
1.533580e-320 3.603500e-065 1.020966e-052 3.976690e-045 3.365047e-040 
0.000000e+000 1.070092e-069 7.996054e-056 1.004741e-046 3.197879e-041 
0.000000e+000 3.177734e-074 6.262389e-059 2.538552e-048 3.038993e-042 
0.000000e+000 9.436567e-079 4.904610e-062 6.413840e-050 2.887996e-043 
0.000000e+000 2.802273e-083 3.841217e-065 1.620504e-051 2.744500e-044 
0.000000e+000 8.321603e-088 3.008383e-068 4.094325e-053 2.608134e-045 
0.000000e+000 2.471175e-092 2.356121e-071 1.034462e-054 2.478543e-046 
0.000000e+000 7.338377e-097 1.845279e-074 2.613644e-056 2.355391e-047 
0.000000e+000 4.903193e-100 2.621996e-076 6.705160e-058 6.901145e-048 
0.000000e+000 3.276107e-103 3.725650e-078 1.720172e-059 2.021991e-048 
0.000000e+000 9.728693e-108 2.917873e-081 4.346142e-061 1.921524e-049 
0.000000e+000 6.500302e-111 4.146069e-083 1.114979e-062 5.629943e-050 
0.000000e+000 4.343227e-114 5.891238e-085 2.860416e-064 1.649537e-050 
0.000000e+000 2.901961e-117 8.370986e-087 7.338240e-066 4.833039e-051 
0.000000e+000 1.938968e-120 1.189451e-088 1.882585e-067 1.416049e-051 
0.000000e+000 1.295536e-123 1.690117e-090 4.829667e-069 4.148934e-052 
0.000000e+000 8.656226e-127 2.401523e-092 1.239024e-070 1.215611e-052 
0.000000e+000 2.570544e-131 1.880837e-095 3.130487e-072 1.155211e-053 
0.000000e+000 7.633462e-136 1.473043e-098 7.909409e-074 1.097812e-054 
0.000000e+000 2.266825e-140 1.153665e-101 1.998371e-075 1.043264e-055 
0.000000e+000 6.731542e-145 9.035335e-105 5.049033e-077 9.914276e-057 
0.000000e+000 4.497732e-148 1.283850e-106 1.295302e-078 2.904819e-057 



P(O|lamda) = 1.174442e-096

1.052625e-030 0.000000e+000 0.000000e+000 0.000000e+000 0.000000e+000 
3.019111e-061 1.914519e-034 0.000000e+000 0.000000e+000 0.000000e+000 
8.659335e-092 1.344756e-038 1.204540e-037 0.000000e+000 0.000000e+000 
2.483648e-122 9.445548e-043 4.244584e-041 6.631119e-040 0.000000e+000 
7.123533e-153 6.634541e-047 1.257004e-044 2.185990e-042 2.009086e-042 
2.043153e-183 1.048521e-049 6.510172e-047 6.605226e-045 4.985227e-044 
5.860118e-214 7.364798e-054 1.843392e-050 1.980536e-047 2.568886e-046 
1.680783e-244 5.173025e-058 5.205624e-054 5.841203e-050 1.280629e-048 
4.820779e-275 8.175435e-061 2.665281e-056 1.746504e-052 1.930644e-050 
1.382683e-305 1.292043e-063 1.364415e-058 5.222620e-055 2.844646e-052 
0.000000e+000 9.075297e-068 3.849675e-062 1.538384e-057 1.353234e-054 
0.000000e+000 6.374477e-072 1.086162e-065 4.529492e-060 6.434640e-057 
0.000000e+000 4.477425e-076 3.064527e-069 1.333570e-062 3.058833e-059 
0.000000e+000 3.144937e-080 8.646332e-073 3.926272e-065 1.453828e-061 
0.000000e+000 2.209000e-084 2.439497e-076 1.155965e-067 6.909147e-064 
0.000000e+000 1.551599e-088 6.882853e-080 3.403369e-070 3.283275e-066 
0.000000e+000 1.089841e-092 1.941944e-083 1.002013e-072 1.560172e-068 
0.000000e+000 1.722382e-095 9.940557e-086 2.995493e-075 2.285696e-070 
0.000000e+000 2.722048e-098 5.088440e-088 8.954951e-078 3.348500e-072 
0.000000e+000 1.911963e-102 1.435665e-091 2.636499e-080 1.591064e-074 
0.000000e+000 3.021661e-105 7.348978e-094 7.881747e-083 2.330860e-076 
0.000000e+000 4.775424e-108 3.761845e-096 2.356229e-085 3.414636e-078 
0.000000e+000 7.547066e-111 1.925639e-098 7.043886e-088 5.002333e-080 
0.000000e+000 1.192736e-113 9.857092e-101 2.105752e-090 7.328258e-082 
0.000000e+000 1.884997e-116 5.045716e-103 6.295093e-093 1.073566e-083 
0.000000e+000 2.979044e-119 2.582835e-105 1.881902e-095 1.572740e-085 
0.000000e+000 2.092477e-123 7.287273e-109 5.540659e-098 7.472976e-088 
0.000000e+000 1.469753e-127 2.056048e-112 1.631270e-100 3.550833e-090 
0.000000e+000 1.032353e-131 5.800983e-116 4.802751e-103 1.687201e-092 
0.000000e+000 7.251233e-136 1.636703e-119 1.414016e-105 8.016843e-095 
0.000000e+000 1.145983e-138 8.378067e-122 4.227167e-108 1.174442e-096 



P(O|lamda) = 4.751106e-017

2.000000e-001 0.000000e+000 0.000000e+000 0.000000e+000 0.000000e+000 
3.228413e-033 1.969576e-002 0.000000e+000 0.000000e+000 0.000000e+000 
5.211325e-065 1.328951e-004 9.184293e-003 0.000000e+000 0.000000e+000 
8.412155e-097 8.966957e-007 8.613881e-004 4.554440e-003 0.000000e+000 
1.357895e-128 6.050360e-009 7.539497e-005 1.137827e-003 1.115645e-003 
4.164657e-131 3.266674e-010 5.262235e-006 1.075416e-004 5.102391e-004 
6.722617e-163 2.204154e-012 4.581871e-007 1.939018e-005 1.952191e-004 
1.085169e-194 1.487230e-014 3.988250e-008 3.252834e-006 6.936227e-005 
3.328207e-197 8.029759e-016 2.782431e-009 2.638569e-007 1.870487e-005 
1.020759e-199 4.335378e-017 1.941182e-010 2.129070e-008 4.925822e-006 
1.647716e-231 2.925251e-019 1.689643e-011 3.418439e-009 1.635535e-006 
2.659754e-263 1.973783e-021 1.470697e-012 5.417882e-010 5.421574e-007 
4.293392e-295 1.331789e-023 1.280122e-013 8.526933e-011 1.795728e-007 
0.000000e+000 8.986108e-026 1.114243e-014 1.336881e-011 5.945486e-008 
0.000000e+000 6.063282e-028 9.698576e-016 2.091580e-012 1.968130e-008 
0.000000e+000 4.091136e-030 8.441822e-017 3.268487e-013 6.514514e-009 
0.000000e+000 2.760451e-032 7.347920e-018 5.104296e-014 2.156216e-009 
0.000000e+000 1.490406e-033 5.126319e-019 3.986943e-015 5.619703e-010 
0.000000e+000 8.046909e-035 3.576406e-020 3.114032e-016 1.464634e-010 
0.000000e+000 5.429567e-037 3.112971e-021 4.860874e-017 4.847567e-011 
0.000000e+000 2.931499e-038 2.171782e-022 3.795844e-018 1.263390e-011 
0.000000e+000 1.582757e-039 1.515156e-023 2.964100e-019 3.292692e-012 
0.000000e+000 8.545524e-041 1.057057e-024 2.314563e-020 8.581526e-013 
0.000000e+000 4.613847e-042 7.374622e-026 1.807330e-021 2.236546e-013 
0.000000e+000 2.491080e-043 5.144947e-027 1.411235e-022 5.828964e-014 
0.000000e+000 1.344969e-044 3.589402e-028 1.101933e-023 1.519164e-014 
0.000000e+000 9.075035e-047 3.124283e-029 1.719622e-024 5.028042e-015 
0.000000e+000 6.123285e-049 2.719434e-030 2.683434e-025 1.664152e-015 
0.000000e+000 4.131622e-051 2.367047e-031 4.187335e-026 5.507914e-016 
0.000000e+000 2.787769e-053 2.060322e-032 6.533988e-027 1.822978e-016 
0.000000e+000 1.505155e-054 1.437395e-033 5.101387e-028 4.751106e-017 



P(O|lamda) = 2.305772e-055

1.000000e-002 0.000000e+000 0.000000e+000 0.000000e+000 0.000000e+000 
5.968897e-117 5.000625e-005 0.000000e+000 0.000000e+000 0.000000e+000 
3.562773e-231 6.251563e-009 1.219009e-006 0.000000e+000 0.000000e+000 
0.000000e+000 7.815430e-013 1.383523e-009 3.511681e-008 0.000000e+000 
0.000000e+000 9.770509e-017 1.416329e-012 1.677101e-010 7.067238e-010 
0.000000e+000 9.773943e-020 1.148407e-015 3.259291e-013 1.112985e-011 
0.000000e+000 1.221896e-023 1.162207e-018 1.219732e-015 2.614610e-013 
0.000000e+000 1.527560e-027 1.174058e-021 4.474308e-018 6.012664e-015 
0.000000e+000 1.528097e-030 9.504133e-025 8.167685e-021 7.840329e-017 
0.000000e+000 1.528634e-033 7.693758e-028 1.489262e-023 1.021780e-018 
0.000000e+000 1.911032e-037 7.770617e-031 5.424351e-026 2.340165e-020 
0.000000e+000 2.389089e-041 7.847915e-034 1.975133e-028 5.359581e-022 
0.000000e+000 2.986734e-045 7.925941e-037 7.191333e-031 1.227480e-023 
0.000000e+000 3.733884e-049 8.004737e-040 2.618258e-033 2.811240e-025 
0.000000e+000 4.667939e-053 8.084316e-043 9.532634e-036 6.438450e-027 
0.000000e+000 5.835653e-057 8.164686e-046 3.470664e-038 1.474568e-028 
0.000000e+000 7.295478e-061 8.245855e-049 1.263607e-040 3.377134e-030 
0.000000e+000 7.298042e-064 6.674901e-052 2.301889e-043 4.400801e-032 
0.000000e+000 7.300607e-067 5.403237e-055 4.193307e-046 5.734758e-034 
0.000000e+000 9.126900e-071 5.456953e-058 1.526708e-048 1.313405e-035 
0.000000e+000 9.130108e-074 4.417325e-061 2.781175e-051 1.711520e-037 
0.000000e+000 9.133317e-077 3.575761e-064 5.066414e-054 2.230311e-039 
0.000000e+000 9.136527e-080 2.894527e-067 9.229390e-057 2.906356e-041 
0.000000e+000 9.139739e-083 2.343078e-070 1.681300e-059 3.787322e-043 
0.000000e+000 9.142952e-086 1.896688e-073 3.062793e-062 4.935323e-045 
0.000000e+000 9.146165e-089 1.535342e-076 5.579431e-065 6.431304e-047 
0.000000e+000 1.143414e-092 1.550605e-079 2.031371e-067 1.472931e-048 
0.000000e+000 1.429446e-096 1.566021e-082 7.395859e-070 3.373385e-050 
0.000000e+000 1.787030e-100 1.581589e-085 2.692700e-072 7.725906e-052 
0.000000e+000 2.234067e-104 1.597313e-088 9.803640e-075 1.769428e-053 
0.000000e+000 2.234852e-107 1.293002e-091 1.785910e-077 2.305772e-055 



P(O|lamda) = 3.809247e-185

5.000000e-004 0.000000e+000 0.000000e+000 0.000000e+000 0.000000e+000 
5.263160e-034 1.094529e-097 0.000000e+000 0.000000e+000 0.000000e+000 
5.540171e-064 2.189332e-101 2.736561e-101 0.000000e+000 0.000000e+000 
5.831761e-094 4.379212e-105 3.284181e-104 8.215244e-105 0.000000e+000 
6.138698e-124 8.759521e-109 3.393957e-107 1.972419e-107 1.881498e-108 
3.069349e-127 1.402016e-111 2.738106e-110 1.694872e-110 3.796198e-111 
3.230895e-157 2.804383e-115 2.773398e-113 2.857212e-113 8.228808e-114 
3.400944e-187 5.609469e-119 2.780652e-116 4.263560e-116 1.596676e-116 
1.700472e-190 8.978304e-122 2.230059e-119 2.979325e-119 1.595919e-119 
8.502359e-194 1.437034e-124 1.789386e-122 2.125022e-122 1.428075e-122 
8.949855e-224 2.874427e-128 1.793135e-125 3.088933e-125 2.122010e-125 
9.420904e-254 5.749574e-132 1.794010e-128 4.247535e-128 3.137412e-128 
9.916745e-284 1.150059e-135 1.794310e-131 5.639062e-131 4.565525e-131 
1.043868e-313 2.300406e-139 1.794495e-134 7.310115e-134 6.519588e-134 
0.000000e+000 4.601387e-143 1.794658e-137 9.316793e-137 9.139951e-137 
0.000000e+000 9.203926e-147 1.794815e-140 1.172649e-139 1.260018e-139 
0.000000e+000 1.841016e-150 1.794972e-143 1.462012e-142 1.711445e-142 
0.000000e+000 2.946661e-153 1.438827e-146 9.053753e-146 1.305624e-145 
0.000000e+000 4.716314e-156 1.153345e-149 5.655842e-149 9.686710e-149 
0.000000e+000 9.433809e-160 1.153446e-152 7.137845e-152 1.238783e-151 
0.000000e+000 1.509940e-162 9.245873e-156 4.461851e-155 9.001542e-155 
0.000000e+000 2.416753e-165 7.411374e-159 2.819671e-158 6.446462e-158 
0.000000e+000 3.868164e-168 5.940863e-162 1.805452e-161 4.567682e-161 
0.000000e+000 6.191238e-171 4.762121e-165 1.173996e-164 3.211383e-164 
0.000000e+000 9.909463e-174 3.817256e-168 7.768964e-168 2.245389e-167 
0.000000e+000 1.586071e-176 3.059866e-171 5.241164e-171 1.564241e-170 
0.000000e+000 3.172540e-180 3.060136e-174 7.212238e-174 1.911289e-173 
0.000000e+000 6.345875e-184 3.060404e-177 9.579211e-177 2.353845e-176 
0.000000e+000 1.269334e-187 3.060671e-180 1.242158e-179 2.914837e-179 
0.000000e+000 2.538985e-191 3.060938e-183 1.583482e-182 3.622341e-182 
0.000000e+000 4.063805e-194 2.453609e-186 9.973727e-186 2.566513e-185 



P(O|lamda) = 5.006551e-041

4.191667e-003 0.000000e+000 0.000000e+000 0.000000e+000 0.000000e+000 
2.206141e-034 4.978226e-008 0.000000e+000 0.000000e+000 0.000000e+000 
1.161128e-065 2.489424e-014 2.392536e-009 0.000000e+000 0.000000e+000 
6.111200e-097 1.244867e-020 8.473033e-012 2.224980e-010 0.000000e+000 
3.216422e-128 6.225112e-027 3.000254e-014 7.482877e-012 8.881417e-012 
6.741086e-132 2.490921e-032 1.063152e-019 8.553383e-017 1.400431e-012 
3.547941e-163 1.245616e-038 3.764563e-022 2.583580e-018 7.993840e-014 
1.867338e-194 6.228858e-045 1.333011e-024 7.777430e-020 4.562894e-015 
3.913630e-198 2.492420e-050 4.723578e-030 8.781724e-025 4.527358e-016 
8.202317e-202 9.973190e-056 1.673819e-035 9.915342e-030 4.492045e-017 
4.317011e-233 4.987217e-062 5.926900e-038 2.983518e-031 2.564007e-018 
2.272112e-264 2.493920e-068 2.098682e-040 8.977340e-033 1.463505e-019 
1.195849e-295 1.247116e-074 7.431318e-043 2.701260e-034 8.353516e-021 
0.000000e+000 6.236356e-081 2.631388e-045 8.128028e-036 4.768089e-022 
0.000000e+000 3.118567e-087 9.317600e-048 2.445704e-037 2.721570e-023 
0.000000e+000 1.559478e-093 3.299310e-050 7.359065e-039 1.553440e-024 
0.000000e+000 7.798364e-100 1.168267e-052 2.214325e-040 8.866854e-026 
0.000000e+000 3.120444e-105 4.139803e-058 2.500127e-045 8.797695e-027 
0.000000e+000 1.248617e-110 1.466956e-063 2.822817e-050 8.729074e-028 
0.000000e+000 6.243863e-117 5.194410e-066 8.493789e-052 4.982453e-029 
0.000000e+000 2.498424e-122 1.840660e-071 9.590078e-057 4.943591e-030 
0.000000e+000 9.997215e-128 6.522456e-077 1.082786e-061 4.905032e-031 
0.000000e+000 4.000294e-133 2.311259e-082 1.222541e-066 4.866774e-032 
0.000000e+000 1.600681e-138 8.190040e-088 1.380334e-071 4.828814e-033 
0.000000e+000 6.404977e-144 2.902174e-093 1.558493e-076 4.791150e-034 
0.000000e+000 2.562893e-149 1.028397e-098 1.759647e-081 4.753780e-035 
0.000000e+000 1.281606e-155 3.641498e-101 5.294736e-083 2.713402e-036 
0.000000e+000 6.408831e-162 1.289434e-103 1.593173e-084 1.548778e-037 
0.000000e+000 3.204815e-168 4.565814e-106 4.793820e-086 8.840245e-039 
0.000000e+000 1.602608e-174 1.616729e-108 1.442449e-087 5.045908e-040 
0.000000e+000 6.412687e-180 5.728947e-114 1.628625e-092 5.006551e-041 



P(O|lamda) = 5.089044e-070

2.095833e-004 0.000000e+000 0.000000e+000 0.000000e+000 0.000000e+000 
2.206141e-035 1.179053e-010 0.000000e+000 0.000000e+000 0.000000e+000 
2.322254e-066 5.896004e-018 2.715213e-013 0.000000e+000 0.000000e+000 
2.444479e-097 2.948370e-025 5.438571e-017 1.249935e-015 0.000000e+000 
2.573137e-128 1.474369e-032 1.089074e-020 1.175850e-018 4.370601e-018 
5.392866e-133 5.899551e-039 2.182470e-027 9.201124e-021 1.503965e-019 
5.676703e-164 2.950144e-046 4.370396e-031 6.812788e-024 6.493916e-022 
5.975479e-195 1.475256e-053 8.751719e-035 5.044386e-027 2.688887e-024 
1.252361e-199 5.903100e-060 1.753817e-041 3.732349e-029 7.539301e-026 
2.624739e-204 2.362070e-066 3.514595e-048 2.761570e-031 2.111442e-027 
2.762884e-235 1.181183e-073 7.037976e-052 2.044746e-034 8.666200e-030 
2.908300e-266 5.906651e-081 1.409355e-055 1.513989e-037 3.556629e-032 
3.061370e-297 2.953695e-088 2.822233e-059 1.121001e-040 1.459625e-034 
0.000000e+000 1.477032e-095 5.651521e-063 8.300215e-044 5.990218e-037 
0.000000e+000 7.386083e-103 1.131717e-066 6.145718e-047 2.458350e-039 
0.000000e+000 3.693503e-110 2.266264e-070 4.550467e-050 1.008892e-041 
0.000000e+000 1.846982e-117 4.538193e-074 3.369297e-053 4.140435e-044 
0.000000e+000 7.390526e-124 9.094397e-081 2.492947e-055 1.159073e-045 
0.000000e+000 2.957250e-130 1.822489e-087 1.844535e-057 3.244710e-047 
0.000000e+000 1.478810e-137 3.649534e-091 1.365747e-060 1.331610e-049 
0.000000e+000 5.917319e-144 7.313552e-098 1.010518e-062 3.727709e-051 
0.000000e+000 2.367760e-150 1.465613e-104 7.476836e-065 1.043535e-052 
0.000000e+000 9.474369e-157 2.937043e-111 5.532121e-067 2.921271e-054 
0.000000e+000 3.791080e-163 5.885742e-118 4.093224e-069 8.177807e-056 
0.000000e+000 1.516965e-169 1.179484e-124 3.028582e-071 2.289295e-057 
0.000000e+000 6.069994e-176 2.363650e-131 2.240851e-073 6.408653e-059 
0.000000e+000 3.035376e-183 4.733208e-135 1.659191e-076 2.630073e-061 
0.000000e+000 1.517878e-190 9.478250e-139 1.228513e-079 1.079367e-063 
0.000000e+000 7.590337e-198 1.898020e-142 9.096264e-083 4.429657e-066 
0.000000e+000 3.795643e-205 3.800784e-146 6.735136e-086 1.817905e-068 
0.000000e+000 1.518791e-211 7.616653e-153 4.983336e-088 5.089044e-070 



P(O|lamda) = 9.089231e-071

1.047917e-005 0.000000e+000 0.000000e+000 0.000000e+000 0.000000e+000 
3.170053e-089 5.239588e-007 0.000000e+000 0.000000e+000 0.000000e+000 
9.589726e-173 6.532214e-010 2.560866e-008 0.000000e+000 0.000000e+000 
2.900988e-256 8.143736e-013 6.393273e-011 6.247218e-012 0.000000e+000 
0.000000e+000 1.015283e-015 1.197074e-013 1.580933e-014 2.413052e-014 
0.000000e+000 6.331005e-024 4.978307e-022 2.972033e-016 3.814545e-016 
0.000000e+000 7.892887e-027 9.316306e-025 1.013217e-020 2.853830e-018 
0.000000e+000 9.840092e-030 1.550142e-027 3.456463e-025 1.280137e-020 
0.000000e+000 6.135993e-038 6.042722e-036 1.215303e-028 1.292358e-022 
0.000000e+000 3.826225e-046 2.636465e-044 4.140178e-032 1.304666e-024 
0.000000e+000 4.770169e-049 5.165197e-047 1.411441e-036 5.834421e-027 
0.000000e+000 5.946988e-052 8.787022e-050 4.811788e-041 2.609133e-029 
0.000000e+000 7.414132e-055 1.388884e-052 1.640402e-045 1.166796e-031 
0.000000e+000 9.243226e-058 2.098228e-055 5.592348e-050 5.217870e-034 
0.000000e+000 1.152356e-060 3.074181e-058 1.906556e-054 2.333414e-036 
0.000000e+000 1.436647e-063 4.405403e-061 6.507200e-059 1.043495e-038 
0.000000e+000 1.791073e-066 6.208143e-064 2.325859e-063 4.666473e-041 
0.000000e+000 1.116861e-074 2.157501e-072 2.305745e-066 4.710911e-043 
0.000000e+000 6.964416e-083 8.101717e-081 7.855042e-070 4.755773e-045 
0.000000e+000 8.682564e-086 1.352960e-083 2.677887e-074 2.126766e-047 
0.000000e+000 5.414192e-094 5.285573e-092 9.122766e-078 2.147019e-049 
0.000000e+000 3.376132e-102 2.311862e-100 3.107856e-081 2.167465e-051 
0.000000e+000 2.105257e-110 1.134291e-108 1.058754e-084 2.188106e-053 
0.000000e+000 1.312776e-118 6.113370e-117 3.606861e-088 2.208943e-055 
0.000000e+000 8.186088e-127 3.512398e-125 1.228750e-091 2.229979e-057 
0.000000e+000 5.104604e-135 2.096628e-133 4.185988e-095 2.251215e-059 
0.000000e+000 6.363929e-138 5.115307e-136 1.427058e-099 1.006736e-061 
0.000000e+000 7.933934e-141 9.503624e-139 4.865029e-104 4.502088e-064 
0.000000e+000 9.891266e-144 1.575559e-141 1.658552e-108 2.013318e-066 
0.000000e+000 1.233148e-146 2.452610e-144 5.654222e-113 9.003491e-069 
0.000000e+000 7.689548e-155 9.165340e-153 1.926226e-116 9.089231e-071 



Max probability = 4.751106e-017

Utterance recognised as 4