14	14	6	6	6	12	12	12	10	10	10	10	10	2	10	10	4	4	20	12	4	19	19	12	12	12	12	12	12	28	12	12	12	28	12	12	12	28	28	12	28	28	28	28	28	28	28	28	28	
Iteraion 1
-----------------

P(O|lamda) = 1.768687e-074

3.125000e-002 0.000000e+000 0.000000e+000 0.000000e+000 0.000000e+000 
7.812500e-004 1.953125e-004 0.000000e+000 0.000000e+000 0.000000e+000 
1.953125e-005 9.765625e-006 1.220703e-006 0.000000e+000 0.000000e+000 
4.882813e-007 3.662109e-007 9.155273e-008 7.629395e-009 0.000000e+000 
1.220703e-008 1.220703e-008 4.577637e-009 7.629395e-010 4.768372e-011 
3.051758e-010 3.814697e-010 1.907349e-010 4.768372e-011 6.258488e-012 
7.629395e-012 1.144409e-011 7.152557e-012 2.384186e-012 4.936010e-013 
1.907349e-013 3.337860e-013 2.503395e-013 1.043081e-013 3.032619e-014 
4.768372e-015 9.536743e-015 8.344650e-015 4.172325e-015 1.599619e-015 
1.192093e-016 2.682209e-016 2.682209e-016 1.564622e-016 7.606513e-017 
2.980232e-018 7.450581e-018 8.381903e-018 5.587935e-018 3.354924e-018 
7.450581e-020 2.048910e-019 2.561137e-019 1.920853e-019 1.397660e-019 
1.862645e-021 5.587935e-021 7.683411e-021 6.402843e-021 5.568220e-021 
4.656613e-023 1.513399e-022 2.270099e-022 2.080924e-022 2.140246e-022 
1.164153e-024 4.074536e-024 6.621121e-024 6.621121e-024 7.988847e-024 
2.910383e-026 1.091394e-025 1.909939e-025 2.069100e-025 2.910335e-025 
7.275958e-028 2.910383e-027 5.456968e-027 6.366463e-027 1.038798e-026 
1.818989e-029 7.730705e-029 1.546141e-028 1.932676e-028 3.644149e-028 
4.547474e-031 2.046363e-030 4.348522e-030 5.798029e-030 1.259589e-029 
1.136868e-032 5.400125e-032 1.215028e-031 1.721290e-031 4.298592e-031 
2.842171e-034 1.421085e-033 3.375078e-033 5.062617e-033 1.450891e-032 
7.105427e-036 3.730349e-035 9.325873e-035 1.476597e-034 4.850447e-034 
1.776357e-037 9.769963e-037 2.564615e-036 4.274359e-036 1.608052e-035 
4.440892e-039 2.553513e-038 7.022161e-038 1.228878e-037 5.292309e-037 
1.110223e-040 6.661338e-040 1.915135e-039 3.511080e-039 1.730652e-038 
2.775558e-042 1.734723e-041 5.204170e-041 9.974660e-041 5.627729e-040 
6.938894e-044 4.510281e-043 1.409463e-042 2.818926e-042 1.821007e-041 
1.734723e-045 1.170938e-044 3.805550e-044 7.928228e-044 5.866829e-043 
4.336809e-047 3.035766e-046 1.024571e-045 2.219904e-045 1.882936e-044 
1.084202e-048 7.860466e-048 2.751163e-047 6.190117e-047 6.022918e-046 
2.710505e-050 2.032879e-049 7.369187e-049 1.719477e-048 1.920850e-047 
6.776264e-052 5.251604e-051 1.969352e-050 4.759266e-050 6.110124e-049 
1.694066e-053 1.355253e-052 5.251604e-052 1.312901e-051 1.939159e-050 
4.235165e-055 3.494011e-054 1.397604e-053 3.610478e-053 6.141928e-052 
1.058791e-056 8.999725e-056 3.712387e-055 9.899698e-055 1.941918e-053 
2.646978e-058 2.316106e-057 9.843449e-057 2.706949e-056 6.130367e-055 
6.617445e-060 5.955700e-059 2.605619e-058 7.382587e-058 1.932658e-056 
1.654361e-061 1.530284e-060 6.886279e-060 2.008498e-059 6.085698e-058 
4.135903e-063 3.929108e-062 1.817212e-061 5.451637e-061 1.914334e-059 
1.033976e-064 1.008126e-063 4.788600e-063 1.476485e-062 6.016366e-061 
2.584939e-066 2.584939e-065 1.260158e-064 3.990500e-064 1.889342e-062 
6.462349e-068 6.623907e-067 3.311954e-066 1.076385e-065 5.929135e-064 
1.615587e-069 1.696366e-068 8.693878e-068 2.897959e-067 1.859582e-065 
4.038968e-071 4.341890e-070 2.279492e-069 7.788266e-069 5.829306e-067 
1.009742e-072 1.110716e-071 5.970099e-071 2.089535e-070 1.826526e-068 
2.524355e-074 2.839899e-073 1.561945e-072 5.596968e-072 5.720953e-070 
6.310887e-076 7.257520e-075 4.082355e-074 1.496864e-073 1.791296e-071 
1.577722e-077 1.853823e-076 1.065948e-075 3.997306e-075 5.607155e-073 
3.944305e-079 4.733165e-078 2.780735e-077 1.065948e-076 1.754734e-074 


5.659799e-073 5.659799e-073 5.659799e-073 5.659799e-073 5.659799e-073 
1.811136e-071 1.811136e-071 1.811136e-071 1.811136e-071 1.811136e-071 
5.795635e-070 5.795635e-070 5.795635e-070 5.795635e-070 5.795635e-070 
1.854603e-068 1.854603e-068 1.854603e-068 1.854603e-068 1.854603e-068 
5.934730e-067 5.934730e-067 5.934730e-067 5.934730e-067 5.934730e-067 
1.899114e-065 1.899114e-065 1.899114e-065 1.899114e-065 1.899114e-065 
6.077163e-064 6.077163e-064 6.077163e-064 6.077163e-064 6.077163e-064 
1.944692e-062 1.944692e-062 1.944692e-062 1.944692e-062 1.944692e-062 
6.223015e-061 6.223015e-061 6.223015e-061 6.223015e-061 6.223015e-061 
1.991365e-059 1.991365e-059 1.991365e-059 1.991365e-059 1.991365e-059 
6.372368e-058 6.372368e-058 6.372368e-058 6.372368e-058 6.372368e-058 
2.039158e-056 2.039158e-056 2.039158e-056 2.039158e-056 2.039158e-056 
6.525304e-055 6.525304e-055 6.525304e-055 6.525304e-055 6.525304e-055 
2.088097e-053 2.088097e-053 2.088097e-053 2.088097e-053 2.088097e-053 
6.681912e-052 6.681912e-052 6.681912e-052 6.681912e-052 6.681912e-052 
2.138212e-050 2.138212e-050 2.138212e-050 2.138212e-050 2.138212e-050 
6.842278e-049 6.842278e-049 6.842278e-049 6.842278e-049 6.842278e-049 
2.189529e-047 2.189529e-047 2.189529e-047 2.189529e-047 2.189529e-047 
7.006492e-046 7.006492e-046 7.006492e-046 7.006492e-046 7.006492e-046 
2.242078e-044 2.242078e-044 2.242078e-044 2.242078e-044 2.242078e-044 
7.174648e-043 7.174648e-043 7.174648e-043 7.174648e-043 7.174648e-043 
2.295887e-041 2.295887e-041 2.295887e-041 2.295887e-041 2.295887e-041 
7.346840e-040 7.346840e-040 7.346840e-040 7.346840e-040 7.346840e-040 
2.350989e-038 2.350989e-038 2.350989e-038 2.350989e-038 2.350989e-038 
7.523164e-037 7.523164e-037 7.523164e-037 7.523164e-037 7.523164e-037 
2.407412e-035 2.407412e-035 2.407412e-035 2.407412e-035 2.407412e-035 
7.703720e-034 7.703720e-034 7.703720e-034 7.703720e-034 7.703720e-034 
2.465190e-032 2.465190e-032 2.465190e-032 2.465190e-032 2.465190e-032 
7.888609e-031 7.888609e-031 7.888609e-031 7.888609e-031 7.888609e-031 
2.524355e-029 2.524355e-029 2.524355e-029 2.524355e-029 2.524355e-029 
8.077936e-028 8.077936e-028 8.077936e-028 8.077936e-028 8.077936e-028 
2.584939e-026 2.584939e-026 2.584939e-026 2.584939e-026 2.584939e-026 
8.271806e-025 8.271806e-025 8.271806e-025 8.271806e-025 8.271806e-025 
2.646978e-023 2.646978e-023 2.646978e-023 2.646978e-023 2.646978e-023 
8.470329e-022 8.470329e-022 8.470329e-022 8.470329e-022 8.470329e-022 
2.710505e-020 2.710505e-020 2.710505e-020 2.710505e-020 2.710505e-020 
8.673617e-019 8.673617e-019 8.673617e-019 8.673617e-019 8.673617e-019 
2.775558e-017 2.775558e-017 2.775558e-017 2.775558e-017 2.775558e-017 
8.881784e-016 8.881784e-016 8.881784e-016 8.881784e-016 8.881784e-016 
2.842171e-014 2.842171e-014 2.842171e-014 2.842171e-014 2.842171e-014 
9.094947e-013 9.094947e-013 9.094947e-013 9.094947e-013 9.094947e-013 
2.910383e-011 2.910383e-011 2.910383e-011 2.910383e-011 2.910383e-011 
9.313226e-010 9.313226e-010 9.313226e-010 9.313226e-010 9.313226e-010 
2.980232e-008 2.980232e-008 2.980232e-008 2.980232e-008 2.980232e-008 
9.536743e-007 9.536743e-007 9.536743e-007 9.536743e-007 9.536743e-007 
3.051758e-005 3.051758e-005 3.051758e-005 3.051758e-005 3.051758e-005 
9.765625e-004 9.765625e-004 9.765625e-004 9.765625e-004 9.765625e-004 
3.125000e-002 3.125000e-002 3.125000e-002 3.125000e-002 3.125000e-002 
1.000000e+000 1.000000e+000 1.000000e+000 1.000000e+000 1.000000e+000 


1.000000e+000 0.000000e+000 0.000000e+000 0.000000e+000 0.000000e+000 
8.000000e-001 2.000000e-001 0.000000e+000 0.000000e+000 0.000000e+000 
6.400000e-001 3.200000e-001 4.000000e-002 0.000000e+000 0.000000e+000 
5.120000e-001 3.840000e-001 9.600000e-002 8.000000e-003 0.000000e+000 
4.096000e-001 4.096000e-001 1.536000e-001 2.560000e-002 1.600000e-003 
3.276800e-001 4.096000e-001 2.048000e-001 5.120000e-002 6.720000e-003 
2.621440e-001 3.932160e-001 2.457600e-001 8.192000e-002 1.696000e-002 
2.097152e-001 3.670016e-001 2.752512e-001 1.146880e-001 3.334400e-002 
1.677722e-001 3.355443e-001 2.936013e-001 1.468006e-001 5.628160e-002 
1.342177e-001 3.019899e-001 3.019899e-001 1.761608e-001 8.564173e-002 
1.073742e-001 2.684355e-001 3.019899e-001 2.013266e-001 1.208739e-001 
8.589935e-002 2.362232e-001 2.952790e-001 2.214593e-001 1.611392e-001 
6.871948e-002 2.061584e-001 2.834678e-001 2.362232e-001 2.054311e-001 
5.497558e-002 1.786706e-001 2.680060e-001 2.456721e-001 2.526757e-001 
4.398047e-002 1.539316e-001 2.501389e-001 2.501389e-001 3.018101e-001 
3.518437e-002 1.319414e-001 2.308974e-001 2.501389e-001 3.518379e-001 
2.814750e-002 1.125900e-001 2.111062e-001 2.462906e-001 4.018657e-001 
2.251800e-002 9.570149e-002 1.914030e-001 2.392537e-001 4.511238e-001 
1.801440e-002 8.106479e-002 1.722627e-001 2.296836e-001 4.989745e-001 
1.441152e-002 6.845471e-002 1.540231e-001 2.181994e-001 5.449113e-001 
1.152922e-002 5.764608e-002 1.369094e-001 2.053641e-001 5.885511e-001 
9.223372e-003 4.842270e-002 1.210568e-001 1.916732e-001 6.296240e-001 
7.378698e-003 4.058284e-002 1.065299e-001 1.775499e-001 6.679586e-001 
5.902958e-003 3.394201e-002 9.334053e-002 1.633459e-001 7.034686e-001 
4.722366e-003 2.833420e-002 8.146082e-002 1.493448e-001 7.361378e-001 
3.777893e-003 2.361183e-002 7.083550e-002 1.357680e-001 7.660067e-001 
3.022315e-003 1.964504e-002 6.139076e-002 1.227815e-001 7.931603e-001 
2.417852e-003 1.632050e-002 5.304162e-002 1.105034e-001 8.177167e-001 
1.934281e-003 1.353997e-002 4.569740e-002 9.901102e-002 8.398173e-001 
1.547425e-003 1.121883e-002 3.926591e-002 8.834830e-002 8.596195e-001 
1.237940e-003 9.284550e-003 3.365649e-002 7.853182e-002 8.772892e-001 
9.903520e-004 7.675228e-003 2.878211e-002 6.955676e-002 8.929956e-001 
7.922816e-004 6.338253e-003 2.456073e-002 6.140183e-002 9.069069e-001 
6.338253e-004 5.229059e-003 2.091623e-002 5.403361e-002 9.191873e-001 
5.070602e-004 4.310012e-003 1.777880e-002 4.741013e-002 9.299940e-001 
4.056482e-004 3.549422e-003 1.508504e-002 4.148387e-002 9.394760e-001 
3.245186e-004 2.920667e-003 1.277792e-002 3.620410e-002 9.477728e-001 
2.596148e-004 2.401437e-003 1.080647e-002 3.151886e-002 9.550136e-001 
2.076919e-004 1.973073e-003 9.125462e-003 2.737639e-002 9.613174e-001 
1.661535e-004 1.619997e-003 7.694984e-003 2.372620e-002 9.667927e-001 
1.329228e-004 1.329228e-003 6.479986e-003 2.051996e-002 9.715379e-001 
1.063382e-004 1.089967e-003 5.449835e-003 1.771196e-002 9.756419e-001 
8.507059e-005 8.932412e-004 4.577861e-003 1.525954e-002 9.791843e-001 
6.805647e-005 7.316071e-004 3.840937e-003 1.312320e-002 9.822362e-001 
5.444518e-005 5.988970e-004 3.219071e-003 1.126675e-002 9.848608e-001 
4.355614e-005 4.900066e-004 2.695036e-003 9.657214e-003 9.871142e-001 
3.484491e-005 4.007165e-004 2.254030e-003 8.264778e-003 9.890456e-001 
2.787593e-005 3.275422e-004 1.883368e-003 7.062629e-003 9.906986e-001 
2.230075e-005 2.676089e-004 1.572203e-003 6.026776e-003 9.921111e-001 



Q star

------------
1  2  3  4  5  5  5  5  5  5  5  5  5  5  5  5  5  5  5  5  5  5  5  5  5  5  5  5  5  5  5  5  5  5  5  5  5  5  5  5  5  5  5  5  5  5  5  5  5  
------------

P star

-----------
2.829900e-077

A Martrix

8.000000e-001 2.000000e-001 0.000000e+000 0.000000e+000 0.000000e+000 
0.000000e+000 8.000000e-001 2.000000e-001 0.000000e+000 0.000000e+000 
0.000000e+000 0.000000e+000 8.000000e-001 2.000000e-001 0.000000e+000 
0.000000e+000 0.000000e+000 0.000000e+000 8.000000e-001 2.000000e-001 
0.000000e+000 0.000000e+000 0.000000e+000 0.000000e+000 1.000000e+000 

B Martrix

1.000000e-030 1.000000e-030 1.000000e-030 1.000000e-030 1.000000e-030 1.000000e-030 1.000000e-030 1.000000e-030 1.000000e-030 1.000000e-030 1.000000e-030 1.000000e-030 1.000000e-030 1.000000e+000 1.000000e-030 1.000000e-030 1.000000e-030 1.000000e-030 1.000000e-030 1.000000e-030 1.000000e-030 1.000000e-030 1.000000e-030 1.000000e-030 1.000000e-030 1.000000e-030 1.000000e-030 1.000000e-030 1.000000e-030 1.000000e-030 1.000000e-030 1.000000e-030 
1.000000e-030 1.000000e-030 1.000000e-030 1.000000e-030 1.000000e-030 1.000000e-030 1.000000e-030 1.000000e-030 1.000000e-030 1.000000e-030 1.000000e-030 1.000000e-030 1.000000e-030 1.000000e+000 1.000000e-030 1.000000e-030 1.000000e-030 1.000000e-030 1.000000e-030 1.000000e-030 1.000000e-030 1.000000e-030 1.000000e-030 1.000000e-030 1.000000e-030 1.000000e-030 1.000000e-030 1.000000e-030 1.000000e-030 1.000000e-030 1.000000e-030 1.000000e-030 
1.000000e-030 1.000000e-030 1.000000e-030 1.000000e-030 1.000000e-030 1.000000e+000 1.000000e-030 1.000000e-030 1.000000e-030 1.000000e-030 1.000000e-030 1.000000e-030 1.000000e-030 1.000000e-030 1.000000e-030 1.000000e-030 1.000000e-030 1.000000e-030 1.000000e-030 1.000000e-030 1.000000e-030 1.000000e-030 1.000000e-030 1.000000e-030 1.000000e-030 1.000000e-030 1.000000e-030 1.000000e-030 1.000000e-030 1.000000e-030 1.000000e-030 1.000000e-030 
1.000000e-030 1.000000e-030 1.000000e-030 1.000000e-030 1.000000e-030 1.000000e+000 1.000000e-030 1.000000e-030 1.000000e-030 1.000000e-030 1.000000e-030 1.000000e-030 1.000000e-030 1.000000e-030 1.000000e-030 1.000000e-030 1.000000e-030 1.000000e-030 1.000000e-030 1.000000e-030 1.000000e-030 1.000000e-030 1.000000e-030 1.000000e-030 1.000000e-030 1.000000e-030 1.000000e-030 1.000000e-030 1.000000e-030 1.000000e-030 1.000000e-030 1.000000e-030 
1.000000e-030 8.700226e-003 1.000000e-030 4.963568e-002 1.000000e-030 5.509181e-005 1.000000e-030 1.000000e-030 1.000000e-030 4.417728e-002 1.000000e-030 4.035293e-001 1.000000e-030 1.000000e-030 1.000000e-030 1.000000e-030 1.000000e-030 1.000000e-030 4.467886e-002 1.718088e-002 1.000000e-030 1.000000e-030 1.000000e-030 1.000000e-030 1.000000e-030 1.000000e-030 1.000000e-030 4.320427e-001 1.000000e-030 1.000000e-030 1.000000e-030 1.000000e-030 
Iteraion 2
-----------------

P(O|lamda) = 1.118234e-034

1.000000e+000 0.000000e+000 0.000000e+000 0.000000e+000 0.000000e+000 
8.000000e-001 2.000000e-001 0.000000e+000 0.000000e+000 0.000000e+000 
6.400000e-031 3.200000e-031 4.000000e-002 0.000000e+000 0.000000e+000 
5.120000e-061 3.840000e-061 3.200000e-002 8.000000e-003 0.000000e+000 
4.096000e-091 4.096000e-091 2.560000e-002 1.280000e-002 8.814690e-008 
3.276800e-121 4.096000e-121 2.048000e-032 1.536000e-032 1.033071e-003 
2.621440e-151 3.932160e-151 1.638400e-062 1.638400e-062 4.168742e-004 
2.097152e-181 3.670016e-181 1.310720e-092 1.638400e-092 1.682210e-004 
1.677722e-211 3.355443e-211 1.048576e-122 1.572864e-122 7.431544e-006 
1.342177e-241 3.019899e-241 8.388608e-153 1.468006e-152 3.283054e-007 
1.073742e-271 2.684355e-271 6.710886e-183 1.342177e-182 1.450364e-008 
8.589935e-302 2.362232e-301 5.368709e-213 1.207960e-212 6.407314e-010 
0.000000e+000 0.000000e+000 4.294967e-243 1.073742e-242 2.830577e-011 
0.000000e+000 0.000000e+000 3.435974e-273 9.448928e-273 2.462666e-013 
0.000000e+000 0.000000e+000 2.748779e-303 8.246337e-303 1.087939e-014 
0.000000e+000 0.000000e+000 0.000000e+000 0.000000e+000 4.806219e-016 
0.000000e+000 0.000000e+000 0.000000e+000 0.000000e+000 2.385599e-017 
0.000000e+000 0.000000e+000 0.000000e+000 0.000000e+000 1.184108e-018 
0.000000e+000 0.000000e+000 0.000000e+000 0.000000e+000 2.034403e-020 
0.000000e+000 0.000000e+000 0.000000e+000 0.000000e+000 8.209411e-021 
0.000000e+000 0.000000e+000 0.000000e+000 0.000000e+000 4.074797e-022 
0.000000e+000 0.000000e+000 0.000000e+000 0.000000e+000 1.820573e-023 
0.000000e+000 0.000000e+000 0.000000e+000 0.000000e+000 8.134112e-025 
0.000000e+000 0.000000e+000 0.000000e+000 0.000000e+000 3.282353e-025 
0.000000e+000 0.000000e+000 0.000000e+000 0.000000e+000 1.324525e-025 
0.000000e+000 0.000000e+000 0.000000e+000 0.000000e+000 5.344848e-026 
0.000000e+000 0.000000e+000 0.000000e+000 0.000000e+000 2.156803e-026 
0.000000e+000 0.000000e+000 0.000000e+000 0.000000e+000 8.703330e-027 
0.000000e+000 0.000000e+000 0.000000e+000 0.000000e+000 3.512049e-027 
0.000000e+000 0.000000e+000 0.000000e+000 0.000000e+000 1.517355e-027 
0.000000e+000 0.000000e+000 0.000000e+000 0.000000e+000 6.122971e-028 
0.000000e+000 0.000000e+000 0.000000e+000 0.000000e+000 2.470798e-028 
0.000000e+000 0.000000e+000 0.000000e+000 0.000000e+000 9.970395e-029 
0.000000e+000 0.000000e+000 0.000000e+000 0.000000e+000 4.307636e-029 
0.000000e+000 0.000000e+000 0.000000e+000 0.000000e+000 1.738257e-029 
0.000000e+000 0.000000e+000 0.000000e+000 0.000000e+000 7.014377e-030 
0.000000e+000 0.000000e+000 0.000000e+000 0.000000e+000 2.830507e-030 
0.000000e+000 0.000000e+000 0.000000e+000 0.000000e+000 1.222900e-030 
0.000000e+000 0.000000e+000 0.000000e+000 0.000000e+000 5.283449e-031 
0.000000e+000 0.000000e+000 0.000000e+000 0.000000e+000 2.132026e-031 
0.000000e+000 0.000000e+000 0.000000e+000 0.000000e+000 9.211264e-032 
0.000000e+000 0.000000e+000 0.000000e+000 0.000000e+000 3.979659e-032 
0.000000e+000 0.000000e+000 0.000000e+000 0.000000e+000 1.719383e-032 
0.000000e+000 0.000000e+000 0.000000e+000 0.000000e+000 7.428467e-033 
0.000000e+000 0.000000e+000 0.000000e+000 0.000000e+000 3.209415e-033 
0.000000e+000 0.000000e+000 0.000000e+000 0.000000e+000 1.386604e-033 
0.000000e+000 0.000000e+000 0.000000e+000 0.000000e+000 5.990723e-034 
0.000000e+000 0.000000e+000 0.000000e+000 0.000000e+000 2.588248e-034 
0.000000e+000 0.000000e+000 0.000000e+000 0.000000e+000 1.118234e-034 


1.118234e-034 4.472935e-034 3.578409e-063 3.578471e-063 7.303631e-075 
6.988720e-065 5.591168e-034 3.354739e-033 4.473089e-033 7.303631e-045 
1.731899e-094 3.494360e-034 2.795584e-033 5.591361e-033 1.325720e-040 
4.291879e-124 8.659495e-064 1.747180e-033 6.989201e-033 2.406383e-036 
1.063586e-123 2.145940e-093 4.329747e-063 8.735899e-033 4.367950e-032 
2.407540e-122 5.317928e-093 1.072970e-062 2.164874e-032 1.082437e-031 
5.449724e-121 1.203770e-091 2.658964e-062 5.364849e-032 2.682425e-031 
1.233603e-119 2.724862e-090 6.018849e-061 1.329482e-031 6.647410e-031 
2.792393e-118 6.168016e-089 1.362431e-059 3.009425e-030 1.504712e-029 
6.320880e-117 1.396196e-087 3.084008e-058 6.812154e-029 3.406077e-028 
7.265190e-115 3.160440e-086 6.980982e-057 1.542004e-027 7.710020e-027 
1.644553e-113 3.632595e-084 1.580220e-055 3.490491e-026 1.745245e-025 
3.722623e-112 8.222767e-083 1.816297e-053 7.901100e-025 3.950550e-024 
7.499892e-111 1.861311e-081 4.111384e-052 9.081487e-023 4.540744e-022 
1.510988e-109 3.749946e-080 9.306556e-051 2.055692e-021 1.027846e-020 
8.794590e-108 7.554941e-079 1.874973e-049 4.653278e-020 2.326639e-019 
2.179418e-107 4.397295e-077 3.777470e-048 9.374865e-019 4.687433e-018 
4.390829e-106 1.089709e-076 2.198647e-046 1.888735e-017 9.443676e-017 
9.827532e-105 2.195415e-075 5.448545e-046 1.099324e-015 5.496618e-015 
2.199593e-103 4.913766e-074 1.097707e-044 2.724272e-015 1.362136e-014 
5.450889e-103 1.099797e-072 2.456883e-043 5.488537e-014 2.744268e-013 
1.350804e-102 2.725444e-072 5.498983e-042 1.228441e-012 6.142207e-012 
3.347474e-102 6.754019e-072 1.362722e-041 2.749491e-011 1.374746e-010 
8.295492e-102 1.673737e-071 3.377009e-041 6.813611e-011 3.406805e-010 
2.055735e-101 4.147746e-071 8.368685e-041 1.688505e-010 8.442523e-010 
5.094388e-101 1.027867e-070 2.073873e-040 4.184342e-010 2.092171e-009 
1.179140e-100 2.547194e-070 5.139337e-040 1.036936e-009 5.184682e-009 
2.922068e-100 5.895700e-070 1.273597e-039 2.569668e-009 1.284834e-008 
7.241278e-100 1.461034e-069 2.947850e-039 6.367985e-009 3.183993e-008 
1.794486e-099 3.620639e-069 7.305170e-039 1.473925e-008 7.369625e-008 
4.153493e-099 8.972432e-069 1.810320e-038 3.652585e-008 1.826292e-007 
1.029292e-098 2.076747e-068 4.486216e-038 9.051598e-008 4.525799e-007 
2.550724e-098 5.146458e-068 1.038373e-037 2.243108e-007 1.121554e-006 
6.321037e-098 1.275362e-067 2.573229e-037 5.191867e-007 2.595933e-006 
1.463058e-097 3.160519e-067 6.376809e-037 1.286615e-006 6.433073e-006 
3.386375e-097 7.315292e-067 1.580259e-036 3.188405e-006 1.594202e-005 
8.391894e-097 1.693187e-066 3.657646e-036 7.901297e-006 3.950648e-005 
1.942376e-096 4.195947e-066 8.465937e-036 1.828823e-005 9.144116e-005 
4.495796e-096 9.711880e-066 2.097973e-035 4.232968e-005 2.116484e-004 
1.040591e-095 2.247898e-065 4.855940e-035 1.048987e-004 5.244933e-004 
2.408537e-095 5.202954e-065 1.123949e-034 2.427970e-004 1.213985e-003 
5.574766e-095 1.204268e-064 2.601477e-034 5.619746e-004 2.809873e-003 
1.290328e-094 2.787383e-064 6.021342e-034 1.300738e-003 6.503692e-003 
2.986574e-094 6.451638e-064 1.393691e-033 3.010671e-003 1.505336e-002 
6.912683e-094 1.493287e-063 3.225819e-033 6.968457e-003 3.484229e-002 
1.000000e-090 3.456342e-063 7.466436e-033 1.612909e-002 8.064547e-002 
1.000000e-060 1.000000e-060 1.728171e-032 3.733218e-002 1.866609e-001 
1.000000e-030 1.000000e-030 1.000000e-030 8.640854e-002 4.320427e-001 
1.000000e+000 1.000000e+000 1.000000e+000 1.000000e+000 1.000000e+000 


1.000000e+000 0.000000e+000 0.000000e+000 0.000000e+000 0.000000e+000 
4.999828e-031 1.000000e+000 0.000000e+000 0.000000e+000 0.000000e+000 
9.912198e-091 9.999656e-031 1.000000e+000 0.000000e+000 0.000000e+000 
1.965101e-150 2.973659e-090 4.999828e-001 5.000172e-001 0.000000e+000 
3.895829e-180 7.860405e-150 9.912198e-031 9.999656e-001 3.443120e-005 
7.054900e-209 1.947914e-179 1.965101e-060 2.973659e-030 1.000000e+000 
1.277562e-237 4.232940e-208 3.895829e-090 7.860405e-060 1.000000e+000 
2.313518e-266 8.942931e-237 7.054900e-119 1.947914e-089 1.000000e+000 
4.189516e-295 1.850814e-265 1.277562e-147 4.232940e-118 1.000000e+000 
9.881313e-324 3.770564e-294 2.313518e-176 8.942931e-147 1.000000e+000 
0.000000e+000 7.410985e-323 4.189516e-205 1.850814e-175 1.000000e+000 
0.000000e+000 0.000000e+000 7.586734e-234 3.770564e-204 1.000000e+000 
0.000000e+000 0.000000e+000 6.976126e-262 7.586734e-233 1.000000e+000 
0.000000e+000 0.000000e+000 1.263296e-290 7.673738e-261 1.000000e+000 
0.000000e+000 0.000000e+000 2.287672e-319 1.515956e-289 1.000000e+000 
0.000000e+000 0.000000e+000 0.000000e+000 0.000000e+000 1.000000e+000 
0.000000e+000 0.000000e+000 0.000000e+000 0.000000e+000 1.000000e+000 
0.000000e+000 0.000000e+000 0.000000e+000 0.000000e+000 1.000000e+000 
0.000000e+000 0.000000e+000 0.000000e+000 0.000000e+000 1.000000e+000 
0.000000e+000 0.000000e+000 0.000000e+000 0.000000e+000 1.000000e+000 
0.000000e+000 0.000000e+000 0.000000e+000 0.000000e+000 1.000000e+000 
0.000000e+000 0.000000e+000 0.000000e+000 0.000000e+000 1.000000e+000 
0.000000e+000 0.000000e+000 0.000000e+000 0.000000e+000 1.000000e+000 
0.000000e+000 0.000000e+000 0.000000e+000 0.000000e+000 1.000000e+000 
0.000000e+000 0.000000e+000 0.000000e+000 0.000000e+000 1.000000e+000 
0.000000e+000 0.000000e+000 0.000000e+000 0.000000e+000 1.000000e+000 
0.000000e+000 0.000000e+000 0.000000e+000 0.000000e+000 1.000000e+000 
0.000000e+000 0.000000e+000 0.000000e+000 0.000000e+000 1.000000e+000 
0.000000e+000 0.000000e+000 0.000000e+000 0.000000e+000 1.000000e+000 
0.000000e+000 0.000000e+000 0.000000e+000 0.000000e+000 1.000000e+000 
0.000000e+000 0.000000e+000 0.000000e+000 0.000000e+000 1.000000e+000 
0.000000e+000 0.000000e+000 0.000000e+000 0.000000e+000 1.000000e+000 
0.000000e+000 0.000000e+000 0.000000e+000 0.000000e+000 1.000000e+000 
0.000000e+000 0.000000e+000 0.000000e+000 0.000000e+000 1.000000e+000 
0.000000e+000 0.000000e+000 0.000000e+000 0.000000e+000 1.000000e+000 
0.000000e+000 0.000000e+000 0.000000e+000 0.000000e+000 1.000000e+000 
0.000000e+000 0.000000e+000 0.000000e+000 0.000000e+000 1.000000e+000 
0.000000e+000 0.000000e+000 0.000000e+000 0.000000e+000 1.000000e+000 
0.000000e+000 0.000000e+000 0.000000e+000 0.000000e+000 1.000000e+000 
0.000000e+000 0.000000e+000 0.000000e+000 0.000000e+000 1.000000e+000 
0.000000e+000 0.000000e+000 0.000000e+000 0.000000e+000 1.000000e+000 
0.000000e+000 0.000000e+000 0.000000e+000 0.000000e+000 1.000000e+000 
0.000000e+000 0.000000e+000 0.000000e+000 0.000000e+000 1.000000e+000 
0.000000e+000 0.000000e+000 0.000000e+000 0.000000e+000 1.000000e+000 
0.000000e+000 0.000000e+000 0.000000e+000 0.000000e+000 1.000000e+000 
0.000000e+000 0.000000e+000 0.000000e+000 0.000000e+000 1.000000e+000 
0.000000e+000 0.000000e+000 0.000000e+000 0.000000e+000 1.000000e+000 
0.000000e+000 0.000000e+000 0.000000e+000 0.000000e+000 1.000000e+000 
0.000000e+000 0.000000e+000 0.000000e+000 0.000000e+000 1.000000e+000 



Q star

------------
1  2  3  3  4  5  5  5  5  5  5  5  5  5  5  5  5  5  5  5  5  5  5  5  5  5  5  5  5  5  5  5  5  5  5  5  5  5  5  5  5  5  5  5  5  5  5  5  5  
------------

P star

-----------
5.590976e-035

A Martrix

4.999828e-031 1.000000e+000 0.000000e+000 0.000000e+000 0.000000e+000 
0.000000e+000 4.999828e-031 1.000000e+000 0.000000e+000 0.000000e+000 
0.000000e+000 0.000000e+000 3.333257e-001 6.666743e-001 0.000000e+000 
0.000000e+000 0.000000e+000 0.000000e+000 3.333257e-001 6.666743e-001 
0.000000e+000 0.000000e+000 0.000000e+000 0.000000e+000 1.000000e+000 

B Martrix

1.000000e-030 1.000000e-030 1.000000e-030 1.000000e-030 1.000000e-030 1.000000e-030 1.000000e-030 1.000000e-030 1.000000e-030 1.000000e-030 1.000000e-030 1.000000e-030 1.000000e-030 1.000000e+000 1.000000e-030 1.000000e-030 1.000000e-030 1.000000e-030 1.000000e-030 1.000000e-030 1.000000e-030 1.000000e-030 1.000000e-030 1.000000e-030 1.000000e-030 1.000000e-030 1.000000e-030 1.000000e-030 1.000000e-030 1.000000e-030 1.000000e-030 1.000000e-030 
1.000000e-030 1.000000e-030 1.000000e-030 1.000000e-030 1.000000e-030 1.000000e-030 1.000000e-030 1.000000e-030 1.000000e-030 1.000000e-030 1.000000e-030 1.000000e-030 1.000000e-030 1.000000e+000 1.000000e-030 1.000000e-030 1.000000e-030 1.000000e-030 1.000000e-030 1.000000e-030 1.000000e-030 1.000000e-030 1.000000e-030 1.000000e-030 1.000000e-030 1.000000e-030 1.000000e-030 1.000000e-030 1.000000e-030 1.000000e-030 1.000000e-030 1.000000e-030 
1.000000e-030 1.000000e-030 1.000000e-030 1.000000e-030 1.000000e-030 1.000000e+000 1.000000e-030 1.000000e-030 1.000000e-030 1.000000e-030 1.000000e-030 1.000000e-030 1.000000e-030 1.000000e-030 1.000000e-030 1.000000e-030 1.000000e-030 1.000000e-030 1.000000e-030 1.000000e-030 1.000000e-030 1.000000e-030 1.000000e-030 1.000000e-030 1.000000e-030 1.000000e-030 1.000000e-030 1.000000e-030 1.000000e-030 1.000000e-030 1.000000e-030 1.000000e-030 
1.000000e-030 1.000000e-030 1.000000e-030 1.000000e-030 1.000000e-030 1.000000e+000 1.000000e-030 1.000000e-030 1.000000e-030 1.000000e-030 1.000000e-030 1.000000e-030 1.000000e-030 1.000000e-030 1.000000e-030 1.000000e-030 1.000000e-030 1.000000e-030 1.000000e-030 1.000000e-030 1.000000e-030 1.000000e-030 1.000000e-030 1.000000e-030 1.000000e-030 1.000000e-030 1.000000e-030 1.000000e-030 1.000000e-030 1.000000e-030 1.000000e-030 1.000000e-030 
1.000000e-030 2.272725e-002 1.000000e-030 6.818176e-002 1.000000e-030 1.000000e-030 1.000000e-030 1.000000e-030 1.000000e-030 1.590908e-001 1.000000e-030 3.863641e-001 1.000000e-030 1.000000e-030 1.000000e-030 1.000000e-030 1.000000e-030 1.000000e-030 4.545451e-002 2.272725e-002 1.000000e-030 1.000000e-030 1.000000e-030 1.000000e-030 1.000000e-030 1.000000e-030 1.000000e-030 2.954543e-001 1.000000e-030 1.000000e-030 1.000000e-030 1.000000e-030 
Iteraion 3
-----------------

P(O|lamda) = 3.219688e-030

1.000000e+000 0.000000e+000 0.000000e+000 0.000000e+000 0.000000e+000 
4.999828e-031 1.000000e+000 0.000000e+000 0.000000e+000 0.000000e+000 
2.499828e-091 9.999656e-061 1.000000e+000 0.000000e+000 0.000000e+000 
1.249871e-151 7.499484e-121 3.333257e-001 6.666743e-001 0.000000e+000 
6.249139e-212 4.999484e-181 1.111060e-001 4.444393e-001 4.444546e-031 
3.124462e-272 3.124570e-241 3.703449e-032 2.222146e-031 1.144783e-001 
0.000000e+000 1.874677e-301 1.234455e-062 9.875976e-062 4.423029e-002 
0.000000e+000 0.000000e+000 4.114754e-093 4.114896e-092 1.708900e-002 
0.000000e+000 0.000000e+000 1.371553e-123 1.645921e-122 2.718702e-003 
0.000000e+000 0.000000e+000 4.571739e-154 6.400655e-153 4.325204e-004 
0.000000e+000 0.000000e+000 1.523878e-184 2.438289e-183 6.881001e-005 
0.000000e+000 0.000000e+000 5.079477e-215 9.143373e-214 1.094704e-005 
0.000000e+000 0.000000e+000 1.693120e-245 3.386357e-244 1.741573e-006 
0.000000e+000 0.000000e+000 5.643604e-276 1.241636e-274 3.958117e-008 
0.000000e+000 0.000000e+000 1.881158e-306 4.514935e-305 6.297000e-009 
0.000000e+000 0.000000e+000 0.000000e+000 0.000000e+000 1.001795e-009 
0.000000e+000 0.000000e+000 0.000000e+000 0.000000e+000 6.830413e-011 
0.000000e+000 0.000000e+000 0.000000e+000 0.000000e+000 4.657096e-012 
0.000000e+000 0.000000e+000 0.000000e+000 0.000000e+000 1.058430e-013 
0.000000e+000 0.000000e+000 0.000000e+000 0.000000e+000 4.089394e-014 
0.000000e+000 0.000000e+000 0.000000e+000 0.000000e+000 2.788221e-015 
0.000000e+000 0.000000e+000 0.000000e+000 0.000000e+000 1.267372e-016 
0.000000e+000 0.000000e+000 0.000000e+000 0.000000e+000 5.760778e-018 
0.000000e+000 0.000000e+000 0.000000e+000 0.000000e+000 2.225758e-018 
0.000000e+000 0.000000e+000 0.000000e+000 0.000000e+000 8.599530e-019 
0.000000e+000 0.000000e+000 0.000000e+000 0.000000e+000 3.322550e-019 
0.000000e+000 0.000000e+000 0.000000e+000 0.000000e+000 1.283714e-019 
0.000000e+000 0.000000e+000 0.000000e+000 0.000000e+000 4.959811e-020 
0.000000e+000 0.000000e+000 0.000000e+000 0.000000e+000 1.916293e-020 
0.000000e+000 0.000000e+000 0.000000e+000 0.000000e+000 5.661770e-021 
0.000000e+000 0.000000e+000 0.000000e+000 0.000000e+000 2.187505e-021 
0.000000e+000 0.000000e+000 0.000000e+000 0.000000e+000 8.451733e-022 
0.000000e+000 0.000000e+000 0.000000e+000 0.000000e+000 3.265446e-022 
0.000000e+000 0.000000e+000 0.000000e+000 0.000000e+000 9.647902e-023 
0.000000e+000 0.000000e+000 0.000000e+000 0.000000e+000 3.727603e-023 
0.000000e+000 0.000000e+000 0.000000e+000 0.000000e+000 1.440212e-023 
0.000000e+000 0.000000e+000 0.000000e+000 0.000000e+000 5.564463e-024 
0.000000e+000 0.000000e+000 0.000000e+000 0.000000e+000 1.644045e-024 
0.000000e+000 0.000000e+000 0.000000e+000 0.000000e+000 4.857401e-025 
0.000000e+000 0.000000e+000 0.000000e+000 0.000000e+000 1.876725e-025 
0.000000e+000 0.000000e+000 0.000000e+000 0.000000e+000 5.544866e-026 
0.000000e+000 0.000000e+000 0.000000e+000 0.000000e+000 1.638255e-026 
0.000000e+000 0.000000e+000 0.000000e+000 0.000000e+000 4.840294e-027 
0.000000e+000 0.000000e+000 0.000000e+000 0.000000e+000 1.430086e-027 
0.000000e+000 0.000000e+000 0.000000e+000 0.000000e+000 4.225250e-028 
0.000000e+000 0.000000e+000 0.000000e+000 0.000000e+000 1.248368e-028 
0.000000e+000 0.000000e+000 0.000000e+000 0.000000e+000 3.688358e-029 
0.000000e+000 0.000000e+000 0.000000e+000 0.000000e+000 1.089741e-029 
0.000000e+000 0.000000e+000 0.000000e+000 0.000000e+000 3.219688e-030 


3.219688e-030 3.219595e-060 7.154533e-061 8.942858e-062 1.086645e-149 
4.829642e-060 3.219688e-030 1.609807e-030 2.682919e-031 1.086645e-119 
1.250024e-089 4.829642e-030 3.219688e-030 8.048942e-031 1.086645e-089 
3.235351e-119 1.250024e-059 4.829642e-030 2.414738e-030 1.086645e-059 
8.373839e-119 3.235351e-089 1.250024e-059 7.244380e-030 1.086645e-029 
5.263560e-118 8.373839e-089 3.235351e-059 1.875014e-029 2.812488e-029 
3.308526e-117 5.263560e-088 8.373839e-059 4.852971e-029 7.279373e-029 
2.079647e-116 3.308526e-087 5.263560e-058 1.256061e-028 1.884071e-028 
1.307207e-115 2.079647e-086 3.308526e-057 7.895250e-028 1.184274e-027 
8.216739e-115 1.307207e-085 2.079647e-056 4.962732e-027 7.444013e-027 
3.615368e-113 8.216739e-085 1.307207e-055 3.119434e-026 4.679097e-026 
2.272519e-112 3.615368e-083 8.216739e-055 1.960789e-025 2.941149e-025 
1.428442e-111 2.272519e-082 3.615368e-053 1.232497e-024 1.848724e-024 
2.095049e-110 1.428442e-081 2.272519e-052 5.422990e-023 8.134391e-023 
3.072741e-109 2.095049e-080 1.428442e-051 3.408739e-022 5.113050e-022 
1.352007e-107 3.072741e-079 2.095049e-050 2.142638e-021 3.213920e-021 
3.499308e-107 1.352007e-077 3.072741e-049 3.142538e-020 4.713752e-020 
5.132323e-106 3.499308e-077 1.352007e-047 4.609059e-019 6.913509e-019 
1.129112e-104 5.132323e-076 3.499308e-047 2.027988e-017 3.041946e-017 
2.484048e-103 1.129112e-074 5.132323e-046 5.248902e-017 7.873263e-017 
6.429293e-103 2.484048e-073 1.129112e-044 7.698396e-016 1.154746e-015 
1.664050e-102 6.429293e-073 2.484048e-043 1.693648e-014 2.540444e-014 
4.306948e-102 1.664050e-072 6.429293e-043 3.726030e-013 5.588980e-013 
1.114738e-101 4.306948e-072 1.664050e-042 9.643829e-013 1.446558e-012 
2.885201e-101 1.114738e-071 4.306948e-042 2.496047e-012 3.744027e-012 
7.467570e-101 2.885201e-071 1.114738e-041 6.460348e-012 9.690411e-012 
2.527487e-100 7.467570e-071 2.885201e-041 1.672088e-011 2.508103e-011 
6.541724e-100 2.527487e-070 7.467570e-041 4.327752e-011 6.491554e-011 
1.693150e-099 6.541724e-070 2.527487e-040 1.120123e-010 1.680165e-010 
4.382265e-099 1.693150e-069 6.541724e-040 3.791187e-010 5.686716e-010 
1.483229e-098 4.382265e-069 1.693150e-039 9.812473e-010 1.471854e-009 
3.838942e-098 1.483229e-068 4.382265e-039 2.539696e-009 3.809500e-009 
9.936072e-098 3.838942e-068 1.483229e-038 6.573322e-009 9.859870e-009 
2.571686e-097 9.936072e-068 3.838942e-038 2.224818e-008 3.337189e-008 
8.704175e-097 2.571686e-067 9.936072e-038 5.758346e-008 8.637420e-008 
2.946031e-096 8.704175e-067 2.571686e-037 1.490394e-007 2.235565e-007 
7.625011e-096 2.946031e-066 8.704175e-037 3.857485e-007 5.786161e-007 
2.580775e-095 7.625011e-066 2.946031e-036 1.305611e-006 1.958394e-006 
8.734938e-095 2.580775e-065 7.625011e-036 4.418995e-006 6.628417e-006 
2.956443e-094 8.734938e-065 2.580775e-035 1.143739e-005 1.715588e-005 
1.000643e-093 2.956443e-064 8.734938e-035 3.871118e-005 5.806610e-005 
3.386794e-093 1.000643e-063 2.956443e-034 1.310226e-004 1.965316e-004 
1.146300e-092 3.386794e-063 1.000643e-033 4.434613e-004 6.651843e-004 
3.879789e-092 1.146300e-062 3.386794e-033 1.500947e-003 2.251395e-003 
1.313160e-091 3.879789e-062 1.146300e-032 5.080133e-003 7.620112e-003 
1.000000e-090 1.313160e-061 3.879789e-032 1.719431e-002 2.579117e-002 
1.000000e-060 1.000000e-060 1.313160e-031 5.819617e-002 8.729325e-002 
1.000000e-030 1.000000e-030 1.000000e-030 1.969718e-001 2.954543e-001 
1.000000e+000 1.000000e+000 1.000000e+000 1.000000e+000 1.000000e+000 


1.000000e+000 0.000000e+000 0.000000e+000 0.000000e+000 0.000000e+000 
7.499914e-061 1.000000e+000 0.000000e+000 0.000000e+000 0.000000e+000 
9.705425e-151 1.499983e-060 1.000000e+000 0.000000e+000 0.000000e+000 
1.255951e-240 2.911627e-150 5.000000e-001 5.000000e-001 0.000000e+000 
1.625291e-300 5.023805e-240 4.313621e-031 1.000000e+000 1.500034e-030 
0.000000e+000 8.126454e-300 3.721465e-061 1.294086e-030 1.000000e+000 
0.000000e+000 0.000000e+000 3.210598e-091 1.488586e-060 1.000000e+000 
0.000000e+000 0.000000e+000 6.726819e-121 1.605299e-090 1.000000e+000 
0.000000e+000 0.000000e+000 1.409397e-150 4.036091e-120 1.000000e+000 
0.000000e+000 0.000000e+000 2.952958e-180 9.865782e-150 1.000000e+000 
0.000000e+000 0.000000e+000 6.187012e-210 2.362366e-179 1.000000e+000 
0.000000e+000 0.000000e+000 1.296298e-239 5.568311e-209 1.000000e+000 
0.000000e+000 0.000000e+000 1.901194e-268 1.296298e-238 1.000000e+000 
0.000000e+000 0.000000e+000 3.983367e-298 2.091314e-267 1.000000e+000 
0.000000e+000 0.000000e+000 0.000000e+000 4.780040e-297 1.000000e+000 
0.000000e+000 0.000000e+000 0.000000e+000 0.000000e+000 1.000000e+000 
0.000000e+000 0.000000e+000 0.000000e+000 0.000000e+000 1.000000e+000 
0.000000e+000 0.000000e+000 0.000000e+000 0.000000e+000 1.000000e+000 
0.000000e+000 0.000000e+000 0.000000e+000 0.000000e+000 1.000000e+000 
0.000000e+000 0.000000e+000 0.000000e+000 0.000000e+000 1.000000e+000 
0.000000e+000 0.000000e+000 0.000000e+000 0.000000e+000 1.000000e+000 
0.000000e+000 0.000000e+000 0.000000e+000 0.000000e+000 1.000000e+000 
0.000000e+000 0.000000e+000 0.000000e+000 0.000000e+000 1.000000e+000 
0.000000e+000 0.000000e+000 0.000000e+000 0.000000e+000 1.000000e+000 
0.000000e+000 0.000000e+000 0.000000e+000 0.000000e+000 1.000000e+000 
0.000000e+000 0.000000e+000 0.000000e+000 0.000000e+000 1.000000e+000 
0.000000e+000 0.000000e+000 0.000000e+000 0.000000e+000 1.000000e+000 
0.000000e+000 0.000000e+000 0.000000e+000 0.000000e+000 1.000000e+000 
0.000000e+000 0.000000e+000 0.000000e+000 0.000000e+000 1.000000e+000 
0.000000e+000 0.000000e+000 0.000000e+000 0.000000e+000 1.000000e+000 
0.000000e+000 0.000000e+000 0.000000e+000 0.000000e+000 1.000000e+000 
0.000000e+000 0.000000e+000 0.000000e+000 0.000000e+000 1.000000e+000 
0.000000e+000 0.000000e+000 0.000000e+000 0.000000e+000 1.000000e+000 
0.000000e+000 0.000000e+000 0.000000e+000 0.000000e+000 1.000000e+000 
0.000000e+000 0.000000e+000 0.000000e+000 0.000000e+000 1.000000e+000 
0.000000e+000 0.000000e+000 0.000000e+000 0.000000e+000 1.000000e+000 
0.000000e+000 0.000000e+000 0.000000e+000 0.000000e+000 1.000000e+000 
0.000000e+000 0.000000e+000 0.000000e+000 0.000000e+000 1.000000e+000 
0.000000e+000 0.000000e+000 0.000000e+000 0.000000e+000 1.000000e+000 
0.000000e+000 0.000000e+000 0.000000e+000 0.000000e+000 1.000000e+000 
0.000000e+000 0.000000e+000 0.000000e+000 0.000000e+000 1.000000e+000 
0.000000e+000 0.000000e+000 0.000000e+000 0.000000e+000 1.000000e+000 
0.000000e+000 0.000000e+000 0.000000e+000 0.000000e+000 1.000000e+000 
0.000000e+000 0.000000e+000 0.000000e+000 0.000000e+000 1.000000e+000 
0.000000e+000 0.000000e+000 0.000000e+000 0.000000e+000 1.000000e+000 
0.000000e+000 0.000000e+000 0.000000e+000 0.000000e+000 1.000000e+000 
0.000000e+000 0.000000e+000 0.000000e+000 0.000000e+000 1.000000e+000 
0.000000e+000 0.000000e+000 0.000000e+000 0.000000e+000 1.000000e+000 
0.000000e+000 0.000000e+000 0.000000e+000 0.000000e+000 1.000000e+000 



Q star

------------
1  2  3  3  4  5  5  5  5  5  5  5  5  5  5  5  5  5  5  5  5  5  5  5  5  5  5  5  5  5  5  5  5  5  5  5  5  5  5  5  5  5  5  5  5  5  5  5  5  
------------

P star

-----------
1.609844e-030

A Martrix

7.499914e-061 1.000000e+000 0.000000e+000 0.000000e+000 0.000000e+000 
0.000000e+000 7.499914e-061 1.000000e+000 0.000000e+000 0.000000e+000 
0.000000e+000 0.000000e+000 3.333333e-001 6.666667e-001 0.000000e+000 
0.000000e+000 0.000000e+000 0.000000e+000 3.333333e-001 6.666667e-001 
0.000000e+000 0.000000e+000 0.000000e+000 0.000000e+000 1.000000e+000 

B Martrix

1.000000e-030 1.000000e-030 1.000000e-030 1.000000e-030 1.000000e-030 1.000000e-030 1.000000e-030 1.000000e-030 1.000000e-030 1.000000e-030 1.000000e-030 1.000000e-030 1.000000e-030 1.000000e+000 1.000000e-030 1.000000e-030 1.000000e-030 1.000000e-030 1.000000e-030 1.000000e-030 1.000000e-030 1.000000e-030 1.000000e-030 1.000000e-030 1.000000e-030 1.000000e-030 1.000000e-030 1.000000e-030 1.000000e-030 1.000000e-030 1.000000e-030 1.000000e-030 
1.000000e-030 1.000000e-030 1.000000e-030 1.000000e-030 1.000000e-030 1.000000e-030 1.000000e-030 1.000000e-030 1.000000e-030 1.000000e-030 1.000000e-030 1.000000e-030 1.000000e-030 1.000000e+000 1.000000e-030 1.000000e-030 1.000000e-030 1.000000e-030 1.000000e-030 1.000000e-030 1.000000e-030 1.000000e-030 1.000000e-030 1.000000e-030 1.000000e-030 1.000000e-030 1.000000e-030 1.000000e-030 1.000000e-030 1.000000e-030 1.000000e-030 1.000000e-030 
1.000000e-030 1.000000e-030 1.000000e-030 1.000000e-030 1.000000e-030 1.000000e+000 1.000000e-030 1.000000e-030 1.000000e-030 1.000000e-030 1.000000e-030 1.000000e-030 1.000000e-030 1.000000e-030 1.000000e-030 1.000000e-030 1.000000e-030 1.000000e-030 1.000000e-030 1.000000e-030 1.000000e-030 1.000000e-030 1.000000e-030 1.000000e-030 1.000000e-030 1.000000e-030 1.000000e-030 1.000000e-030 1.000000e-030 1.000000e-030 1.000000e-030 1.000000e-030 
1.000000e-030 1.000000e-030 1.000000e-030 1.000000e-030 1.000000e-030 1.000000e+000 1.000000e-030 1.000000e-030 1.000000e-030 1.000000e-030 1.000000e-030 1.000000e-030 1.000000e-030 1.000000e-030 1.000000e-030 1.000000e-030 1.000000e-030 1.000000e-030 1.000000e-030 1.000000e-030 1.000000e-030 1.000000e-030 1.000000e-030 1.000000e-030 1.000000e-030 1.000000e-030 1.000000e-030 1.000000e-030 1.000000e-030 1.000000e-030 1.000000e-030 1.000000e-030 
1.000000e-030 2.272727e-002 1.000000e-030 6.818182e-002 1.000000e-030 1.000000e-030 1.000000e-030 1.000000e-030 1.000000e-030 1.590909e-001 1.000000e-030 3.863636e-001 1.000000e-030 1.000000e-030 1.000000e-030 1.000000e-030 1.000000e-030 1.000000e-030 4.545455e-002 2.272727e-002 1.000000e-030 1.000000e-030 1.000000e-030 1.000000e-030 1.000000e-030 1.000000e-030 1.000000e-030 2.954545e-001 1.000000e-030 1.000000e-030 1.000000e-030 1.000000e-030 
Iteraion 4
-----------------

P(O|lamda) = 3.219688e-030

1.000000e+000 0.000000e+000 0.000000e+000 0.000000e+000 0.000000e+000 
7.499914e-061 1.000000e+000 0.000000e+000 0.000000e+000 0.000000e+000 
5.624871e-151 1.499983e-090 1.000000e+000 0.000000e+000 0.000000e+000 
4.218605e-241 1.687461e-180 3.333333e-001 6.666667e-001 0.000000e+000 
0.000000e+000 1.687442e-270 1.111111e-001 4.444444e-001 4.444444e-031 
0.000000e+000 0.000000e+000 3.703704e-032 2.222222e-031 1.144781e-001 
0.000000e+000 0.000000e+000 1.234568e-062 9.876543e-062 4.423018e-002 
0.000000e+000 0.000000e+000 4.115226e-093 4.115226e-092 1.708893e-002 
0.000000e+000 0.000000e+000 1.371742e-123 1.646091e-122 2.718694e-003 
0.000000e+000 0.000000e+000 4.572474e-154 6.401463e-153 4.325195e-004 
0.000000e+000 0.000000e+000 1.524158e-184 2.438653e-183 6.880992e-005 
0.000000e+000 0.000000e+000 5.080526e-215 9.144947e-214 1.094703e-005 
0.000000e+000 0.000000e+000 1.693509e-245 3.387018e-244 1.741573e-006 
0.000000e+000 0.000000e+000 5.645029e-276 1.241906e-274 3.958121e-008 
0.000000e+000 0.000000e+000 1.881676e-306 4.516023e-305 6.297011e-009 
0.000000e+000 0.000000e+000 0.000000e+000 0.000000e+000 1.001797e-009 
0.000000e+000 0.000000e+000 0.000000e+000 0.000000e+000 6.830436e-011 
0.000000e+000 0.000000e+000 0.000000e+000 0.000000e+000 4.657115e-012 
0.000000e+000 0.000000e+000 0.000000e+000 0.000000e+000 1.058435e-013 
0.000000e+000 0.000000e+000 0.000000e+000 0.000000e+000 4.089409e-014 
0.000000e+000 0.000000e+000 0.000000e+000 0.000000e+000 2.788233e-015 
0.000000e+000 0.000000e+000 0.000000e+000 0.000000e+000 1.267379e-016 
0.000000e+000 0.000000e+000 0.000000e+000 0.000000e+000 5.760813e-018 
0.000000e+000 0.000000e+000 0.000000e+000 0.000000e+000 2.225769e-018 
0.000000e+000 0.000000e+000 0.000000e+000 0.000000e+000 8.599561e-019 
0.000000e+000 0.000000e+000 0.000000e+000 0.000000e+000 3.322557e-019 
0.000000e+000 0.000000e+000 0.000000e+000 0.000000e+000 1.283715e-019 
0.000000e+000 0.000000e+000 0.000000e+000 0.000000e+000 4.959809e-020 
0.000000e+000 0.000000e+000 0.000000e+000 0.000000e+000 1.916290e-020 
0.000000e+000 0.000000e+000 0.000000e+000 0.000000e+000 5.661766e-021 
0.000000e+000 0.000000e+000 0.000000e+000 0.000000e+000 2.187500e-021 
0.000000e+000 0.000000e+000 0.000000e+000 0.000000e+000 8.451706e-022 
0.000000e+000 0.000000e+000 0.000000e+000 0.000000e+000 3.265432e-022 
0.000000e+000 0.000000e+000 0.000000e+000 0.000000e+000 9.647867e-023 
0.000000e+000 0.000000e+000 0.000000e+000 0.000000e+000 3.727585e-023 
0.000000e+000 0.000000e+000 0.000000e+000 0.000000e+000 1.440203e-023 
0.000000e+000 0.000000e+000 0.000000e+000 0.000000e+000 5.564422e-024 
0.000000e+000 0.000000e+000 0.000000e+000 0.000000e+000 1.644034e-024 
0.000000e+000 0.000000e+000 0.000000e+000 0.000000e+000 4.857372e-025 
0.000000e+000 0.000000e+000 0.000000e+000 0.000000e+000 1.876712e-025 
0.000000e+000 0.000000e+000 0.000000e+000 0.000000e+000 5.544831e-026 
0.000000e+000 0.000000e+000 0.000000e+000 0.000000e+000 1.638246e-026 
0.000000e+000 0.000000e+000 0.000000e+000 0.000000e+000 4.840271e-027 
0.000000e+000 0.000000e+000 0.000000e+000 0.000000e+000 1.430080e-027 
0.000000e+000 0.000000e+000 0.000000e+000 0.000000e+000 4.225237e-028 
0.000000e+000 0.000000e+000 0.000000e+000 0.000000e+000 1.248365e-028 
0.000000e+000 0.000000e+000 0.000000e+000 0.000000e+000 3.688352e-029 
0.000000e+000 0.000000e+000 0.000000e+000 0.000000e+000 1.089740e-029 
0.000000e+000 0.000000e+000 0.000000e+000 0.000000e+000 3.219688e-030 


3.219688e-030 1.609844e-060 7.154861e-061 8.943577e-062 1.086645e-149 
4.829531e-060 3.219688e-030 1.609844e-030 2.683073e-031 1.086645e-119 
1.249996e-089 4.829531e-030 3.219688e-030 8.049219e-031 1.086645e-089 
3.235285e-119 1.249996e-059 4.829531e-030 2.414766e-030 1.086645e-059 
8.373678e-119 3.235285e-089 1.249996e-059 7.244297e-030 1.086645e-029 
5.263455e-118 8.373678e-089 3.235285e-059 1.874995e-029 2.812492e-029 
3.308457e-117 5.263455e-088 8.373678e-059 4.852927e-029 7.279391e-029 
2.079602e-116 3.308457e-087 5.263455e-058 1.256052e-028 1.884078e-028 
1.307178e-115 2.079602e-086 3.308457e-057 7.895182e-028 1.184277e-027 
8.216549e-115 1.307178e-085 2.079602e-056 4.962686e-027 7.444029e-027 
3.615282e-113 8.216549e-085 1.307178e-055 3.119403e-026 4.679104e-026 
2.272463e-112 3.615282e-083 8.216549e-055 1.960767e-025 2.941151e-025 
1.428405e-111 2.272463e-082 3.615282e-053 1.232482e-024 1.848723e-024 
2.094994e-110 1.428405e-081 2.272463e-052 5.422922e-023 8.134383e-023 
3.072658e-109 2.094994e-080 1.428405e-051 3.408694e-022 5.113041e-022 
1.351970e-107 3.072658e-079 2.094994e-050 2.142608e-021 3.213911e-021 
3.499215e-107 1.351970e-077 3.072658e-049 3.142491e-020 4.713737e-020 
5.132182e-106 3.499215e-077 1.351970e-047 4.608987e-019 6.913481e-019 
1.129080e-104 5.132182e-076 3.499215e-047 2.027954e-017 3.041932e-017 
2.483976e-103 1.129080e-074 5.132182e-046 5.248823e-017 7.873234e-017 
6.429115e-103 2.483976e-073 1.129080e-044 7.698274e-016 1.154741e-015 
1.664006e-102 6.429115e-073 2.483976e-043 1.693620e-014 2.540430e-014 
4.306840e-102 1.664006e-072 6.429115e-043 3.725964e-013 5.588947e-013 
1.114711e-101 4.306840e-072 1.664006e-042 9.643673e-013 1.446551e-012 
2.885136e-101 1.114711e-071 4.306840e-042 2.496009e-012 3.744014e-012 
7.467410e-101 2.885136e-071 1.114711e-041 6.460260e-012 9.690390e-012 
2.527431e-100 7.467410e-071 2.885136e-041 1.672067e-011 2.508101e-011 
6.541586e-100 2.527431e-070 7.467410e-041 4.327703e-011 6.491555e-011 
1.693116e-099 6.541586e-070 2.527431e-040 1.120111e-010 1.680167e-010 
4.382184e-099 1.693116e-069 6.541586e-040 3.791146e-010 5.686720e-010 
1.483201e-098 4.382184e-069 1.693116e-039 9.812379e-010 1.471857e-009 
3.838872e-098 1.483201e-068 4.382184e-039 2.539675e-009 3.809512e-009 
9.935904e-098 3.838872e-068 1.483201e-038 6.573275e-009 9.859913e-009 
2.571646e-097 9.935904e-068 3.838872e-038 2.224801e-008 3.337201e-008 
8.704032e-097 2.571646e-067 9.935904e-038 5.758308e-008 8.637462e-008 
2.945980e-096 8.704032e-067 2.571646e-037 1.490386e-007 2.235578e-007 
7.624890e-096 2.945980e-066 8.704032e-037 3.857469e-007 5.786203e-007 
2.580732e-095 7.624890e-066 2.945980e-036 1.305605e-006 1.958407e-006 
8.734785e-095 2.580732e-065 7.624890e-036 4.418970e-006 6.628455e-006 
2.956389e-094 8.734785e-065 2.580732e-035 1.143733e-005 1.715600e-005 
1.000624e-093 2.956389e-064 8.734785e-035 3.871098e-005 5.806647e-005 
3.386727e-093 1.000624e-063 2.956389e-034 1.310218e-004 1.965327e-004 
1.146277e-092 3.386727e-063 1.000624e-033 4.434583e-004 6.651875e-004 
3.879706e-092 1.146277e-062 3.386727e-033 1.500936e-003 2.251404e-003 
1.313131e-091 3.879706e-062 1.146277e-032 5.080090e-003 7.620136e-003 
1.000000e-090 1.313131e-061 3.879706e-032 1.719415e-002 2.579123e-002 
1.000000e-060 1.000000e-060 1.313131e-031 5.819559e-002 8.729339e-002 
1.000000e-030 1.000000e-030 1.000000e-030 1.969697e-001 2.954545e-001 
1.000000e+000 1.000000e+000 1.000000e+000 1.000000e+000 1.000000e+000 


1.000000e+000 0.000000e+000 0.000000e+000 0.000000e+000 0.000000e+000 
1.124987e-090 1.000000e+000 0.000000e+000 0.000000e+000 0.000000e+000 
2.183773e-210 2.249974e-090 1.000000e+000 0.000000e+000 0.000000e+000 
0.000000e+000 6.551320e-210 5.000000e-001 5.000000e-001 0.000000e+000 
0.000000e+000 0.000000e+000 4.313725e-031 1.000000e+000 1.500000e-030 
0.000000e+000 0.000000e+000 3.721646e-061 1.294118e-030 1.000000e+000 
0.000000e+000 0.000000e+000 3.210831e-091 1.488658e-060 1.000000e+000 
0.000000e+000 0.000000e+000 6.727456e-121 1.605416e-090 1.000000e+000 
0.000000e+000 0.000000e+000 1.409562e-150 4.036474e-120 1.000000e+000 
0.000000e+000 0.000000e+000 2.953369e-180 9.866936e-150 1.000000e+000 
0.000000e+000 0.000000e+000 6.188010e-210 2.362695e-179 1.000000e+000 
0.000000e+000 0.000000e+000 1.296536e-239 5.569209e-209 1.000000e+000 
0.000000e+000 0.000000e+000 1.901585e-268 1.296536e-238 1.000000e+000 
0.000000e+000 0.000000e+000 3.984274e-298 2.091744e-267 1.000000e+000 
0.000000e+000 0.000000e+000 0.000000e+000 4.781129e-297 1.000000e+000 
0.000000e+000 0.000000e+000 0.000000e+000 0.000000e+000 1.000000e+000 
0.000000e+000 0.000000e+000 0.000000e+000 0.000000e+000 1.000000e+000 
0.000000e+000 0.000000e+000 0.000000e+000 0.000000e+000 1.000000e+000 
0.000000e+000 0.000000e+000 0.000000e+000 0.000000e+000 1.000000e+000 
0.000000e+000 0.000000e+000 0.000000e+000 0.000000e+000 1.000000e+000 
0.000000e+000 0.000000e+000 0.000000e+000 0.000000e+000 1.000000e+000 
0.000000e+000 0.000000e+000 0.000000e+000 0.000000e+000 1.000000e+000 
0.000000e+000 0.000000e+000 0.000000e+000 0.000000e+000 1.000000e+000 
0.000000e+000 0.000000e+000 0.000000e+000 0.000000e+000 1.000000e+000 
0.000000e+000 0.000000e+000 0.000000e+000 0.000000e+000 1.000000e+000 
0.000000e+000 0.000000e+000 0.000000e+000 0.000000e+000 1.000000e+000 
0.000000e+000 0.000000e+000 0.000000e+000 0.000000e+000 1.000000e+000 
0.000000e+000 0.000000e+000 0.000000e+000 0.000000e+000 1.000000e+000 
0.000000e+000 0.000000e+000 0.000000e+000 0.000000e+000 1.000000e+000 
0.000000e+000 0.000000e+000 0.000000e+000 0.000000e+000 1.000000e+000 
0.000000e+000 0.000000e+000 0.000000e+000 0.000000e+000 1.000000e+000 
0.000000e+000 0.000000e+000 0.000000e+000 0.000000e+000 1.000000e+000 
0.000000e+000 0.000000e+000 0.000000e+000 0.000000e+000 1.000000e+000 
0.000000e+000 0.000000e+000 0.000000e+000 0.000000e+000 1.000000e+000 
0.000000e+000 0.000000e+000 0.000000e+000 0.000000e+000 1.000000e+000 
0.000000e+000 0.000000e+000 0.000000e+000 0.000000e+000 1.000000e+000 
0.000000e+000 0.000000e+000 0.000000e+000 0.000000e+000 1.000000e+000 
0.000000e+000 0.000000e+000 0.000000e+000 0.000000e+000 1.000000e+000 
0.000000e+000 0.000000e+000 0.000000e+000 0.000000e+000 1.000000e+000 
0.000000e+000 0.000000e+000 0.000000e+000 0.000000e+000 1.000000e+000 
0.000000e+000 0.000000e+000 0.000000e+000 0.000000e+000 1.000000e+000 
0.000000e+000 0.000000e+000 0.000000e+000 0.000000e+000 1.000000e+000 
0.000000e+000 0.000000e+000 0.000000e+000 0.000000e+000 1.000000e+000 
0.000000e+000 0.000000e+000 0.000000e+000 0.000000e+000 1.000000e+000 
0.000000e+000 0.000000e+000 0.000000e+000 0.000000e+000 1.000000e+000 
0.000000e+000 0.000000e+000 0.000000e+000 0.000000e+000 1.000000e+000 
0.000000e+000 0.000000e+000 0.000000e+000 0.000000e+000 1.000000e+000 
0.000000e+000 0.000000e+000 0.000000e+000 0.000000e+000 1.000000e+000 
0.000000e+000 0.000000e+000 0.000000e+000 0.000000e+000 1.000000e+000 



Q star

------------
1  2  3  3  4  5  5  5  5  5  5  5  5  5  5  5  5  5  5  5  5  5  5  5  5  5  5  5  5  5  5  5  5  5  5  5  5  5  5  5  5  5  5  5  5  5  5  5  5  
------------

P star

-----------
1.609844e-030

A Martrix

1.124987e-090 1.000000e+000 0.000000e+000 0.000000e+000 0.000000e+000 
0.000000e+000 1.124987e-090 1.000000e+000 0.000000e+000 0.000000e+000 
0.000000e+000 0.000000e+000 3.333333e-001 6.666667e-001 0.000000e+000 
0.000000e+000 0.000000e+000 0.000000e+000 3.333333e-001 6.666667e-001 
0.000000e+000 0.000000e+000 0.000000e+000 0.000000e+000 1.000000e+000 

B Martrix

1.000000e-030 1.000000e-030 1.000000e-030 1.000000e-030 1.000000e-030 1.000000e-030 1.000000e-030 1.000000e-030 1.000000e-030 1.000000e-030 1.000000e-030 1.000000e-030 1.000000e-030 1.000000e+000 1.000000e-030 1.000000e-030 1.000000e-030 1.000000e-030 1.000000e-030 1.000000e-030 1.000000e-030 1.000000e-030 1.000000e-030 1.000000e-030 1.000000e-030 1.000000e-030 1.000000e-030 1.000000e-030 1.000000e-030 1.000000e-030 1.000000e-030 1.000000e-030 
1.000000e-030 1.000000e-030 1.000000e-030 1.000000e-030 1.000000e-030 1.000000e-030 1.000000e-030 1.000000e-030 1.000000e-030 1.000000e-030 1.000000e-030 1.000000e-030 1.000000e-030 1.000000e+000 1.000000e-030 1.000000e-030 1.000000e-030 1.000000e-030 1.000000e-030 1.000000e-030 1.000000e-030 1.000000e-030 1.000000e-030 1.000000e-030 1.000000e-030 1.000000e-030 1.000000e-030 1.000000e-030 1.000000e-030 1.000000e-030 1.000000e-030 1.000000e-030 
1.000000e-030 1.000000e-030 1.000000e-030 1.000000e-030 1.000000e-030 1.000000e+000 1.000000e-030 1.000000e-030 1.000000e-030 1.000000e-030 1.000000e-030 1.000000e-030 1.000000e-030 1.000000e-030 1.000000e-030 1.000000e-030 1.000000e-030 1.000000e-030 1.000000e-030 1.000000e-030 1.000000e-030 1.000000e-030 1.000000e-030 1.000000e-030 1.000000e-030 1.000000e-030 1.000000e-030 1.000000e-030 1.000000e-030 1.000000e-030 1.000000e-030 1.000000e-030 
1.000000e-030 1.000000e-030 1.000000e-030 1.000000e-030 1.000000e-030 1.000000e+000 1.000000e-030 1.000000e-030 1.000000e-030 1.000000e-030 1.000000e-030 1.000000e-030 1.000000e-030 1.000000e-030 1.000000e-030 1.000000e-030 1.000000e-030 1.000000e-030 1.000000e-030 1.000000e-030 1.000000e-030 1.000000e-030 1.000000e-030 1.000000e-030 1.000000e-030 1.000000e-030 1.000000e-030 1.000000e-030 1.000000e-030 1.000000e-030 1.000000e-030 1.000000e-030 
1.000000e-030 2.272727e-002 1.000000e-030 6.818182e-002 1.000000e-030 1.000000e-030 1.000000e-030 1.000000e-030 1.000000e-030 1.590909e-001 1.000000e-030 3.863636e-001 1.000000e-030 1.000000e-030 1.000000e-030 1.000000e-030 1.000000e-030 1.000000e-030 4.545455e-002 2.272727e-002 1.000000e-030 1.000000e-030 1.000000e-030 1.000000e-030 1.000000e-030 1.000000e-030 1.000000e-030 2.954545e-001 1.000000e-030 1.000000e-030 1.000000e-030 1.000000e-030 
Iteraion 5
-----------------

P(O|lamda) = 3.219688e-030

1.000000e+000 0.000000e+000 0.000000e+000 0.000000e+000 0.000000e+000 
1.124987e-090 1.000000e+000 0.000000e+000 0.000000e+000 0.000000e+000 
1.265596e-210 2.249974e-120 1.000000e+000 0.000000e+000 0.000000e+000 
0.000000e+000 3.796788e-240 3.333333e-001 6.666667e-001 0.000000e+000 
0.000000e+000 0.000000e+000 1.111111e-001 4.444444e-001 4.444444e-031 
0.000000e+000 0.000000e+000 3.703704e-032 2.222222e-031 1.144781e-001 
0.000000e+000 0.000000e+000 1.234568e-062 9.876543e-062 4.423018e-002 
0.000000e+000 0.000000e+000 4.115226e-093 4.115226e-092 1.708893e-002 
0.000000e+000 0.000000e+000 1.371742e-123 1.646091e-122 2.718694e-003 
0.000000e+000 0.000000e+000 4.572474e-154 6.401463e-153 4.325195e-004 
0.000000e+000 0.000000e+000 1.524158e-184 2.438653e-183 6.880992e-005 
0.000000e+000 0.000000e+000 5.080526e-215 9.144947e-214 1.094703e-005 
0.000000e+000 0.000000e+000 1.693509e-245 3.387018e-244 1.741573e-006 
0.000000e+000 0.000000e+000 5.645029e-276 1.241906e-274 3.958121e-008 
0.000000e+000 0.000000e+000 1.881676e-306 4.516023e-305 6.297011e-009 
0.000000e+000 0.000000e+000 0.000000e+000 0.000000e+000 1.001797e-009 
0.000000e+000 0.000000e+000 0.000000e+000 0.000000e+000 6.830436e-011 
0.000000e+000 0.000000e+000 0.000000e+000 0.000000e+000 4.657115e-012 
0.000000e+000 0.000000e+000 0.000000e+000 0.000000e+000 1.058435e-013 
0.000000e+000 0.000000e+000 0.000000e+000 0.000000e+000 4.089409e-014 
0.000000e+000 0.000000e+000 0.000000e+000 0.000000e+000 2.788233e-015 
0.000000e+000 0.000000e+000 0.000000e+000 0.000000e+000 1.267379e-016 
0.000000e+000 0.000000e+000 0.000000e+000 0.000000e+000 5.760813e-018 
0.000000e+000 0.000000e+000 0.000000e+000 0.000000e+000 2.225769e-018 
0.000000e+000 0.000000e+000 0.000000e+000 0.000000e+000 8.599561e-019 
0.000000e+000 0.000000e+000 0.000000e+000 0.000000e+000 3.322557e-019 
0.000000e+000 0.000000e+000 0.000000e+000 0.000000e+000 1.283715e-019 
0.000000e+000 0.000000e+000 0.000000e+000 0.000000e+000 4.959809e-020 
0.000000e+000 0.000000e+000 0.000000e+000 0.000000e+000 1.916290e-020 
0.000000e+000 0.000000e+000 0.000000e+000 0.000000e+000 5.661766e-021 
0.000000e+000 0.000000e+000 0.000000e+000 0.000000e+000 2.187500e-021 
0.000000e+000 0.000000e+000 0.000000e+000 0.000000e+000 8.451706e-022 
0.000000e+000 0.000000e+000 0.000000e+000 0.000000e+000 3.265432e-022 
0.000000e+000 0.000000e+000 0.000000e+000 0.000000e+000 9.647867e-023 
0.000000e+000 0.000000e+000 0.000000e+000 0.000000e+000 3.727585e-023 
0.000000e+000 0.000000e+000 0.000000e+000 0.000000e+000 1.440203e-023 
0.000000e+000 0.000000e+000 0.000000e+000 0.000000e+000 5.564422e-024 
0.000000e+000 0.000000e+000 0.000000e+000 0.000000e+000 1.644034e-024 
0.000000e+000 0.000000e+000 0.000000e+000 0.000000e+000 4.857372e-025 
0.000000e+000 0.000000e+000 0.000000e+000 0.000000e+000 1.876712e-025 
0.000000e+000 0.000000e+000 0.000000e+000 0.000000e+000 5.544831e-026 
0.000000e+000 0.000000e+000 0.000000e+000 0.000000e+000 1.638246e-026 
0.000000e+000 0.000000e+000 0.000000e+000 0.000000e+000 4.840271e-027 
0.000000e+000 0.000000e+000 0.000000e+000 0.000000e+000 1.430080e-027 
0.000000e+000 0.000000e+000 0.000000e+000 0.000000e+000 4.225237e-028 
0.000000e+000 0.000000e+000 0.000000e+000 0.000000e+000 1.248365e-028 
0.000000e+000 0.000000e+000 0.000000e+000 0.000000e+000 3.688352e-029 
0.000000e+000 0.000000e+000 0.000000e+000 0.000000e+000 1.089740e-029 
0.000000e+000 0.000000e+000 0.000000e+000 0.000000e+000 3.219688e-030 


3.219688e-030 1.609844e-060 7.154861e-061 8.943577e-062 1.086645e-149 
4.829531e-060 3.219688e-030 1.609844e-030 2.683073e-031 1.086645e-119 
1.249996e-089 4.829531e-030 3.219688e-030 8.049219e-031 1.086645e-089 
3.235285e-119 1.249996e-059 4.829531e-030 2.414766e-030 1.086645e-059 
8.373678e-119 3.235285e-089 1.249996e-059 7.244297e-030 1.086645e-029 
5.263455e-118 8.373678e-089 3.235285e-059 1.874995e-029 2.812492e-029 
3.308457e-117 5.263455e-088 8.373678e-059 4.852927e-029 7.279391e-029 
2.079602e-116 3.308457e-087 5.263455e-058 1.256052e-028 1.884078e-028 
1.307178e-115 2.079602e-086 3.308457e-057 7.895182e-028 1.184277e-027 
8.216549e-115 1.307178e-085 2.079602e-056 4.962686e-027 7.444029e-027 
3.615282e-113 8.216549e-085 1.307178e-055 3.119403e-026 4.679104e-026 
2.272463e-112 3.615282e-083 8.216549e-055 1.960767e-025 2.941151e-025 
1.428405e-111 2.272463e-082 3.615282e-053 1.232482e-024 1.848723e-024 
2.094994e-110 1.428405e-081 2.272463e-052 5.422922e-023 8.134383e-023 
3.072658e-109 2.094994e-080 1.428405e-051 3.408694e-022 5.113041e-022 
1.351970e-107 3.072658e-079 2.094994e-050 2.142608e-021 3.213911e-021 
3.499215e-107 1.351970e-077 3.072658e-049 3.142491e-020 4.713737e-020 
5.132182e-106 3.499215e-077 1.351970e-047 4.608987e-019 6.913481e-019 
1.129080e-104 5.132182e-076 3.499215e-047 2.027954e-017 3.041932e-017 
2.483976e-103 1.129080e-074 5.132182e-046 5.248823e-017 7.873234e-017 
6.429115e-103 2.483976e-073 1.129080e-044 7.698274e-016 1.154741e-015 
1.664006e-102 6.429115e-073 2.483976e-043 1.693620e-014 2.540430e-014 
4.306840e-102 1.664006e-072 6.429115e-043 3.725964e-013 5.588947e-013 
1.114711e-101 4.306840e-072 1.664006e-042 9.643673e-013 1.446551e-012 
2.885136e-101 1.114711e-071 4.306840e-042 2.496009e-012 3.744014e-012 
7.467410e-101 2.885136e-071 1.114711e-041 6.460260e-012 9.690390e-012 
2.527431e-100 7.467410e-071 2.885136e-041 1.672067e-011 2.508101e-011 
6.541586e-100 2.527431e-070 7.467410e-041 4.327703e-011 6.491555e-011 
1.693116e-099 6.541586e-070 2.527431e-040 1.120111e-010 1.680167e-010 
4.382184e-099 1.693116e-069 6.541586e-040 3.791146e-010 5.686720e-010 
1.483201e-098 4.382184e-069 1.693116e-039 9.812379e-010 1.471857e-009 
3.838872e-098 1.483201e-068 4.382184e-039 2.539675e-009 3.809512e-009 
9.935904e-098 3.838872e-068 1.483201e-038 6.573275e-009 9.859913e-009 
2.571646e-097 9.935904e-068 3.838872e-038 2.224801e-008 3.337201e-008 
8.704032e-097 2.571646e-067 9.935904e-038 5.758308e-008 8.637462e-008 
2.945980e-096 8.704032e-067 2.571646e-037 1.490386e-007 2.235578e-007 
7.624890e-096 2.945980e-066 8.704032e-037 3.857469e-007 5.786203e-007 
2.580732e-095 7.624890e-066 2.945980e-036 1.305605e-006 1.958407e-006 
8.734785e-095 2.580732e-065 7.624890e-036 4.418970e-006 6.628455e-006 
2.956389e-094 8.734785e-065 2.580732e-035 1.143733e-005 1.715600e-005 
1.000624e-093 2.956389e-064 8.734785e-035 3.871098e-005 5.806647e-005 
3.386727e-093 1.000624e-063 2.956389e-034 1.310218e-004 1.965327e-004 
1.146277e-092 3.386727e-063 1.000624e-033 4.434583e-004 6.651875e-004 
3.879706e-092 1.146277e-062 3.386727e-033 1.500936e-003 2.251404e-003 
1.313131e-091 3.879706e-062 1.146277e-032 5.080090e-003 7.620136e-003 
1.000000e-090 1.313131e-061 3.879706e-032 1.719415e-002 2.579123e-002 
1.000000e-060 1.000000e-060 1.313131e-031 5.819559e-002 8.729339e-002 
1.000000e-030 1.000000e-030 1.000000e-030 1.969697e-001 2.954545e-001 
1.000000e+000 1.000000e+000 1.000000e+000 1.000000e+000 1.000000e+000 


1.000000e+000 0.000000e+000 0.000000e+000 0.000000e+000 0.000000e+000 
1.687481e-120 1.000000e+000 0.000000e+000 0.000000e+000 0.000000e+000 
4.913490e-270 3.374961e-120 1.000000e+000 0.000000e+000 0.000000e+000 
0.000000e+000 1.474047e-269 5.000000e-001 5.000000e-001 0.000000e+000 
0.000000e+000 0.000000e+000 4.313725e-031 1.000000e+000 1.500000e-030 
0.000000e+000 0.000000e+000 3.721646e-061 1.294118e-030 1.000000e+000 
0.000000e+000 0.000000e+000 3.210831e-091 1.488658e-060 1.000000e+000 
0.000000e+000 0.000000e+000 6.727456e-121 1.605416e-090 1.000000e+000 
0.000000e+000 0.000000e+000 1.409562e-150 4.036474e-120 1.000000e+000 
0.000000e+000 0.000000e+000 2.953369e-180 9.866936e-150 1.000000e+000 
0.000000e+000 0.000000e+000 6.188010e-210 2.362695e-179 1.000000e+000 
0.000000e+000 0.000000e+000 1.296536e-239 5.569209e-209 1.000000e+000 
0.000000e+000 0.000000e+000 1.901585e-268 1.296536e-238 1.000000e+000 
0.000000e+000 0.000000e+000 3.984274e-298 2.091744e-267 1.000000e+000 
0.000000e+000 0.000000e+000 0.000000e+000 4.781129e-297 1.000000e+000 
0.000000e+000 0.000000e+000 0.000000e+000 0.000000e+000 1.000000e+000 
0.000000e+000 0.000000e+000 0.000000e+000 0.000000e+000 1.000000e+000 
0.000000e+000 0.000000e+000 0.000000e+000 0.000000e+000 1.000000e+000 
0.000000e+000 0.000000e+000 0.000000e+000 0.000000e+000 1.000000e+000 
0.000000e+000 0.000000e+000 0.000000e+000 0.000000e+000 1.000000e+000 
0.000000e+000 0.000000e+000 0.000000e+000 0.000000e+000 1.000000e+000 
0.000000e+000 0.000000e+000 0.000000e+000 0.000000e+000 1.000000e+000 
0.000000e+000 0.000000e+000 0.000000e+000 0.000000e+000 1.000000e+000 
0.000000e+000 0.000000e+000 0.000000e+000 0.000000e+000 1.000000e+000 
0.000000e+000 0.000000e+000 0.000000e+000 0.000000e+000 1.000000e+000 
0.000000e+000 0.000000e+000 0.000000e+000 0.000000e+000 1.000000e+000 
0.000000e+000 0.000000e+000 0.000000e+000 0.000000e+000 1.000000e+000 
0.000000e+000 0.000000e+000 0.000000e+000 0.000000e+000 1.000000e+000 
0.000000e+000 0.000000e+000 0.000000e+000 0.000000e+000 1.000000e+000 
0.000000e+000 0.000000e+000 0.000000e+000 0.000000e+000 1.000000e+000 
0.000000e+000 0.000000e+000 0.000000e+000 0.000000e+000 1.000000e+000 
0.000000e+000 0.000000e+000 0.000000e+000 0.000000e+000 1.000000e+000 
0.000000e+000 0.000000e+000 0.000000e+000 0.000000e+000 1.000000e+000 
0.000000e+000 0.000000e+000 0.000000e+000 0.000000e+000 1.000000e+000 
0.000000e+000 0.000000e+000 0.000000e+000 0.000000e+000 1.000000e+000 
0.000000e+000 0.000000e+000 0.000000e+000 0.000000e+000 1.000000e+000 
0.000000e+000 0.000000e+000 0.000000e+000 0.000000e+000 1.000000e+000 
0.000000e+000 0.000000e+000 0.000000e+000 0.000000e+000 1.000000e+000 
0.000000e+000 0.000000e+000 0.000000e+000 0.000000e+000 1.000000e+000 
0.000000e+000 0.000000e+000 0.000000e+000 0.000000e+000 1.000000e+000 
0.000000e+000 0.000000e+000 0.000000e+000 0.000000e+000 1.000000e+000 
0.000000e+000 0.000000e+000 0.000000e+000 0.000000e+000 1.000000e+000 
0.000000e+000 0.000000e+000 0.000000e+000 0.000000e+000 1.000000e+000 
0.000000e+000 0.000000e+000 0.000000e+000 0.000000e+000 1.000000e+000 
0.000000e+000 0.000000e+000 0.000000e+000 0.000000e+000 1.000000e+000 
0.000000e+000 0.000000e+000 0.000000e+000 0.000000e+000 1.000000e+000 
0.000000e+000 0.000000e+000 0.000000e+000 0.000000e+000 1.000000e+000 
0.000000e+000 0.000000e+000 0.000000e+000 0.000000e+000 1.000000e+000 
0.000000e+000 0.000000e+000 0.000000e+000 0.000000e+000 1.000000e+000 



Q star

------------
1  2  3  3  4  5  5  5  5  5  5  5  5  5  5  5  5  5  5  5  5  5  5  5  5  5  5  5  5  5  5  5  5  5  5  5  5  5  5  5  5  5  5  5  5  5  5  5  5  
------------

P star

-----------
1.609844e-030

A Martrix

1.687481e-120 1.000000e+000 0.000000e+000 0.000000e+000 0.000000e+000 
0.000000e+000 1.687481e-120 1.000000e+000 0.000000e+000 0.000000e+000 
0.000000e+000 0.000000e+000 3.333333e-001 6.666667e-001 0.000000e+000 
0.000000e+000 0.000000e+000 0.000000e+000 3.333333e-001 6.666667e-001 
0.000000e+000 0.000000e+000 0.000000e+000 0.000000e+000 1.000000e+000 

B Martrix

1.000000e-030 1.000000e-030 1.000000e-030 1.000000e-030 1.000000e-030 1.000000e-030 1.000000e-030 1.000000e-030 1.000000e-030 1.000000e-030 1.000000e-030 1.000000e-030 1.000000e-030 1.000000e+000 1.000000e-030 1.000000e-030 1.000000e-030 1.000000e-030 1.000000e-030 1.000000e-030 1.000000e-030 1.000000e-030 1.000000e-030 1.000000e-030 1.000000e-030 1.000000e-030 1.000000e-030 1.000000e-030 1.000000e-030 1.000000e-030 1.000000e-030 1.000000e-030 
1.000000e-030 1.000000e-030 1.000000e-030 1.000000e-030 1.000000e-030 1.000000e-030 1.000000e-030 1.000000e-030 1.000000e-030 1.000000e-030 1.000000e-030 1.000000e-030 1.000000e-030 1.000000e+000 1.000000e-030 1.000000e-030 1.000000e-030 1.000000e-030 1.000000e-030 1.000000e-030 1.000000e-030 1.000000e-030 1.000000e-030 1.000000e-030 1.000000e-030 1.000000e-030 1.000000e-030 1.000000e-030 1.000000e-030 1.000000e-030 1.000000e-030 1.000000e-030 
1.000000e-030 1.000000e-030 1.000000e-030 1.000000e-030 1.000000e-030 1.000000e+000 1.000000e-030 1.000000e-030 1.000000e-030 1.000000e-030 1.000000e-030 1.000000e-030 1.000000e-030 1.000000e-030 1.000000e-030 1.000000e-030 1.000000e-030 1.000000e-030 1.000000e-030 1.000000e-030 1.000000e-030 1.000000e-030 1.000000e-030 1.000000e-030 1.000000e-030 1.000000e-030 1.000000e-030 1.000000e-030 1.000000e-030 1.000000e-030 1.000000e-030 1.000000e-030 
1.000000e-030 1.000000e-030 1.000000e-030 1.000000e-030 1.000000e-030 1.000000e+000 1.000000e-030 1.000000e-030 1.000000e-030 1.000000e-030 1.000000e-030 1.000000e-030 1.000000e-030 1.000000e-030 1.000000e-030 1.000000e-030 1.000000e-030 1.000000e-030 1.000000e-030 1.000000e-030 1.000000e-030 1.000000e-030 1.000000e-030 1.000000e-030 1.000000e-030 1.000000e-030 1.000000e-030 1.000000e-030 1.000000e-030 1.000000e-030 1.000000e-030 1.000000e-030 
1.000000e-030 2.272727e-002 1.000000e-030 6.818182e-002 1.000000e-030 1.000000e-030 1.000000e-030 1.000000e-030 1.000000e-030 1.590909e-001 1.000000e-030 3.863636e-001 1.000000e-030 1.000000e-030 1.000000e-030 1.000000e-030 1.000000e-030 1.000000e-030 4.545455e-002 2.272727e-002 1.000000e-030 1.000000e-030 1.000000e-030 1.000000e-030 1.000000e-030 1.000000e-030 1.000000e-030 2.954545e-001 1.000000e-030 1.000000e-030 1.000000e-030 1.000000e-030 
=================
