26	28	28	28	12	12	12	11	11	4	3	3	3	3	2	19	9	9	13	9	2	3	10	10	2	26	10	7	26	14	10	10	10	10	10	6	10	10	10	6	12	28	28	28	28	6	12	28	28	28	28	28	28	12	
Iteraion 1
-----------------

P(O|lamda) = 5.271099e-082

3.125000e-002 0.000000e+000 0.000000e+000 0.000000e+000 0.000000e+000 
7.812500e-004 1.953125e-004 0.000000e+000 0.000000e+000 0.000000e+000 
1.953125e-005 9.765625e-006 1.220703e-006 0.000000e+000 0.000000e+000 
4.882813e-007 3.662109e-007 9.155273e-008 7.629395e-009 0.000000e+000 
1.220703e-008 1.220703e-008 4.577637e-009 7.629395e-010 4.768372e-011 
3.051758e-010 3.814697e-010 1.907349e-010 4.768372e-011 6.258488e-012 
7.629395e-012 1.144409e-011 7.152557e-012 2.384186e-012 4.936010e-013 
1.907349e-013 3.337860e-013 2.503395e-013 1.043081e-013 3.032619e-014 
4.768372e-015 9.536743e-015 8.344650e-015 4.172325e-015 1.599619e-015 
1.192093e-016 2.682209e-016 2.682209e-016 1.564622e-016 7.606513e-017 
2.980232e-018 7.450581e-018 8.381903e-018 5.587935e-018 3.354924e-018 
7.450581e-020 2.048910e-019 2.561137e-019 1.920853e-019 1.397660e-019 
1.862645e-021 5.587935e-021 7.683411e-021 6.402843e-021 5.568220e-021 
4.656613e-023 1.513399e-022 2.270099e-022 2.080924e-022 2.140246e-022 
1.164153e-024 4.074536e-024 6.621121e-024 6.621121e-024 7.988847e-024 
2.910383e-026 1.091394e-025 1.909939e-025 2.069100e-025 2.910335e-025 
7.275958e-028 2.910383e-027 5.456968e-027 6.366463e-027 1.038798e-026 
1.818989e-029 7.730705e-029 1.546141e-028 1.932676e-028 3.644149e-028 
4.547474e-031 2.046363e-030 4.348522e-030 5.798029e-030 1.259589e-029 
1.136868e-032 5.400125e-032 1.215028e-031 1.721290e-031 4.298592e-031 
2.842171e-034 1.421085e-033 3.375078e-033 5.062617e-033 1.450891e-032 
7.105427e-036 3.730349e-035 9.325873e-035 1.476597e-034 4.850447e-034 
1.776357e-037 9.769963e-037 2.564615e-036 4.274359e-036 1.608052e-035 
4.440892e-039 2.553513e-038 7.022161e-038 1.228878e-037 5.292309e-037 
1.110223e-040 6.661338e-040 1.915135e-039 3.511080e-039 1.730652e-038 
2.775558e-042 1.734723e-041 5.204170e-041 9.974660e-041 5.627729e-040 
6.938894e-044 4.510281e-043 1.409463e-042 2.818926e-042 1.821007e-041 
1.734723e-045 1.170938e-044 3.805550e-044 7.928228e-044 5.866829e-043 
4.336809e-047 3.035766e-046 1.024571e-045 2.219904e-045 1.882936e-044 
1.084202e-048 7.860466e-048 2.751163e-047 6.190117e-047 6.022918e-046 
2.710505e-050 2.032879e-049 7.369187e-049 1.719477e-048 1.920850e-047 
6.776264e-052 5.251604e-051 1.969352e-050 4.759266e-050 6.110124e-049 
1.694066e-053 1.355253e-052 5.251604e-052 1.312901e-051 1.939159e-050 
4.235165e-055 3.494011e-054 1.397604e-053 3.610478e-053 6.141928e-052 
1.058791e-056 8.999725e-056 3.712387e-055 9.899698e-055 1.941918e-053 
2.646978e-058 2.316106e-057 9.843449e-057 2.706949e-056 6.130367e-055 
6.617445e-060 5.955700e-059 2.605619e-058 7.382587e-058 1.932658e-056 
1.654361e-061 1.530284e-060 6.886279e-060 2.008498e-059 6.085698e-058 
4.135903e-063 3.929108e-062 1.817212e-061 5.451637e-061 1.914334e-059 
1.033976e-064 1.008126e-063 4.788600e-063 1.476485e-062 6.016366e-061 
2.584939e-066 2.584939e-065 1.260158e-064 3.990500e-064 1.889342e-062 
6.462349e-068 6.623907e-067 3.311954e-066 1.076385e-065 5.929135e-064 
1.615587e-069 1.696366e-068 8.693878e-068 2.897959e-067 1.859582e-065 
4.038968e-071 4.341890e-070 2.279492e-069 7.788266e-069 5.829306e-067 
1.009742e-072 1.110716e-071 5.970099e-071 2.089535e-070 1.826526e-068 
2.524355e-074 2.839899e-073 1.561945e-072 5.596968e-072 5.720953e-070 
6.310887e-076 7.257520e-075 4.082355e-074 1.496864e-073 1.791296e-071 
1.577722e-077 1.853823e-076 1.065948e-075 3.997306e-075 5.607155e-073 
3.944305e-079 4.733165e-078 2.780735e-077 1.065948e-076 1.754734e-074 
9.860761e-081 1.207943e-079 7.247660e-079 2.838667e-078 5.490207e-076 
2.465190e-082 3.081488e-081 1.887411e-080 7.549645e-080 1.717464e-077 
6.162976e-084 7.857794e-083 4.911121e-082 2.005375e-081 5.371793e-079 
1.540744e-085 2.002967e-084 1.276892e-083 5.320381e-083 1.679939e-080 
3.851860e-087 5.103714e-086 3.317414e-085 1.409901e-084 5.253134e-082 


1.686752e-080 1.686752e-080 1.686752e-080 1.686752e-080 1.686752e-080 
5.397605e-079 5.397605e-079 5.397605e-079 5.397605e-079 5.397605e-079 
1.727234e-077 1.727234e-077 1.727234e-077 1.727234e-077 1.727234e-077 
5.527148e-076 5.527148e-076 5.527148e-076 5.527148e-076 5.527148e-076 
1.768687e-074 1.768687e-074 1.768687e-074 1.768687e-074 1.768687e-074 
5.659799e-073 5.659799e-073 5.659799e-073 5.659799e-073 5.659799e-073 
1.811136e-071 1.811136e-071 1.811136e-071 1.811136e-071 1.811136e-071 
5.795635e-070 5.795635e-070 5.795635e-070 5.795635e-070 5.795635e-070 
1.854603e-068 1.854603e-068 1.854603e-068 1.854603e-068 1.854603e-068 
5.934730e-067 5.934730e-067 5.934730e-067 5.934730e-067 5.934730e-067 
1.899114e-065 1.899114e-065 1.899114e-065 1.899114e-065 1.899114e-065 
6.077163e-064 6.077163e-064 6.077163e-064 6.077163e-064 6.077163e-064 
1.944692e-062 1.944692e-062 1.944692e-062 1.944692e-062 1.944692e-062 
6.223015e-061 6.223015e-061 6.223015e-061 6.223015e-061 6.223015e-061 
1.991365e-059 1.991365e-059 1.991365e-059 1.991365e-059 1.991365e-059 
6.372368e-058 6.372368e-058 6.372368e-058 6.372368e-058 6.372368e-058 
2.039158e-056 2.039158e-056 2.039158e-056 2.039158e-056 2.039158e-056 
6.525304e-055 6.525304e-055 6.525304e-055 6.525304e-055 6.525304e-055 
2.088097e-053 2.088097e-053 2.088097e-053 2.088097e-053 2.088097e-053 
6.681912e-052 6.681912e-052 6.681912e-052 6.681912e-052 6.681912e-052 
2.138212e-050 2.138212e-050 2.138212e-050 2.138212e-050 2.138212e-050 
6.842278e-049 6.842278e-049 6.842278e-049 6.842278e-049 6.842278e-049 
2.189529e-047 2.189529e-047 2.189529e-047 2.189529e-047 2.189529e-047 
7.006492e-046 7.006492e-046 7.006492e-046 7.006492e-046 7.006492e-046 
2.242078e-044 2.242078e-044 2.242078e-044 2.242078e-044 2.242078e-044 
7.174648e-043 7.174648e-043 7.174648e-043 7.174648e-043 7.174648e-043 
2.295887e-041 2.295887e-041 2.295887e-041 2.295887e-041 2.295887e-041 
7.346840e-040 7.346840e-040 7.346840e-040 7.346840e-040 7.346840e-040 
2.350989e-038 2.350989e-038 2.350989e-038 2.350989e-038 2.350989e-038 
7.523164e-037 7.523164e-037 7.523164e-037 7.523164e-037 7.523164e-037 
2.407412e-035 2.407412e-035 2.407412e-035 2.407412e-035 2.407412e-035 
7.703720e-034 7.703720e-034 7.703720e-034 7.703720e-034 7.703720e-034 
2.465190e-032 2.465190e-032 2.465190e-032 2.465190e-032 2.465190e-032 
7.888609e-031 7.888609e-031 7.888609e-031 7.888609e-031 7.888609e-031 
2.524355e-029 2.524355e-029 2.524355e-029 2.524355e-029 2.524355e-029 
8.077936e-028 8.077936e-028 8.077936e-028 8.077936e-028 8.077936e-028 
2.584939e-026 2.584939e-026 2.584939e-026 2.584939e-026 2.584939e-026 
8.271806e-025 8.271806e-025 8.271806e-025 8.271806e-025 8.271806e-025 
2.646978e-023 2.646978e-023 2.646978e-023 2.646978e-023 2.646978e-023 
8.470329e-022 8.470329e-022 8.470329e-022 8.470329e-022 8.470329e-022 
2.710505e-020 2.710505e-020 2.710505e-020 2.710505e-020 2.710505e-020 
8.673617e-019 8.673617e-019 8.673617e-019 8.673617e-019 8.673617e-019 
2.775558e-017 2.775558e-017 2.775558e-017 2.775558e-017 2.775558e-017 
8.881784e-016 8.881784e-016 8.881784e-016 8.881784e-016 8.881784e-016 
2.842171e-014 2.842171e-014 2.842171e-014 2.842171e-014 2.842171e-014 
9.094947e-013 9.094947e-013 9.094947e-013 9.094947e-013 9.094947e-013 
2.910383e-011 2.910383e-011 2.910383e-011 2.910383e-011 2.910383e-011 
9.313226e-010 9.313226e-010 9.313226e-010 9.313226e-010 9.313226e-010 
2.980232e-008 2.980232e-008 2.980232e-008 2.980232e-008 2.980232e-008 
9.536743e-007 9.536743e-007 9.536743e-007 9.536743e-007 9.536743e-007 
3.051758e-005 3.051758e-005 3.051758e-005 3.051758e-005 3.051758e-005 
9.765625e-004 9.765625e-004 9.765625e-004 9.765625e-004 9.765625e-004 
3.125000e-002 3.125000e-002 3.125000e-002 3.125000e-002 3.125000e-002 
1.000000e+000 1.000000e+000 1.000000e+000 1.000000e+000 1.000000e+000 


1.000000e+000 0.000000e+000 0.000000e+000 0.000000e+000 0.000000e+000 
8.000000e-001 2.000000e-001 0.000000e+000 0.000000e+000 0.000000e+000 
6.400000e-001 3.200000e-001 4.000000e-002 0.000000e+000 0.000000e+000 
5.120000e-001 3.840000e-001 9.600000e-002 8.000000e-003 0.000000e+000 
4.096000e-001 4.096000e-001 1.536000e-001 2.560000e-002 1.600000e-003 
3.276800e-001 4.096000e-001 2.048000e-001 5.120000e-002 6.720000e-003 
2.621440e-001 3.932160e-001 2.457600e-001 8.192000e-002 1.696000e-002 
2.097152e-001 3.670016e-001 2.752512e-001 1.146880e-001 3.334400e-002 
1.677722e-001 3.355443e-001 2.936013e-001 1.468006e-001 5.628160e-002 
1.342177e-001 3.019899e-001 3.019899e-001 1.761608e-001 8.564173e-002 
1.073742e-001 2.684355e-001 3.019899e-001 2.013266e-001 1.208739e-001 
8.589935e-002 2.362232e-001 2.952790e-001 2.214593e-001 1.611392e-001 
6.871948e-002 2.061584e-001 2.834678e-001 2.362232e-001 2.054311e-001 
5.497558e-002 1.786706e-001 2.680060e-001 2.456721e-001 2.526757e-001 
4.398047e-002 1.539316e-001 2.501389e-001 2.501389e-001 3.018101e-001 
3.518437e-002 1.319414e-001 2.308974e-001 2.501389e-001 3.518379e-001 
2.814750e-002 1.125900e-001 2.111062e-001 2.462906e-001 4.018657e-001 
2.251800e-002 9.570149e-002 1.914030e-001 2.392537e-001 4.511238e-001 
1.801440e-002 8.106479e-002 1.722627e-001 2.296836e-001 4.989745e-001 
1.441152e-002 6.845471e-002 1.540231e-001 2.181994e-001 5.449113e-001 
1.152922e-002 5.764608e-002 1.369094e-001 2.053641e-001 5.885511e-001 
9.223372e-003 4.842270e-002 1.210568e-001 1.916732e-001 6.296240e-001 
7.378698e-003 4.058284e-002 1.065299e-001 1.775499e-001 6.679586e-001 
5.902958e-003 3.394201e-002 9.334053e-002 1.633459e-001 7.034686e-001 
4.722366e-003 2.833420e-002 8.146082e-002 1.493448e-001 7.361378e-001 
3.777893e-003 2.361183e-002 7.083550e-002 1.357680e-001 7.660067e-001 
3.022315e-003 1.964504e-002 6.139076e-002 1.227815e-001 7.931603e-001 
2.417852e-003 1.632050e-002 5.304162e-002 1.105034e-001 8.177167e-001 
1.934281e-003 1.353997e-002 4.569740e-002 9.901102e-002 8.398173e-001 
1.547425e-003 1.121883e-002 3.926591e-002 8.834830e-002 8.596195e-001 
1.237940e-003 9.284550e-003 3.365649e-002 7.853182e-002 8.772892e-001 
9.903520e-004 7.675228e-003 2.878211e-002 6.955676e-002 8.929956e-001 
7.922816e-004 6.338253e-003 2.456073e-002 6.140183e-002 9.069069e-001 
6.338253e-004 5.229059e-003 2.091623e-002 5.403361e-002 9.191873e-001 
5.070602e-004 4.310012e-003 1.777880e-002 4.741013e-002 9.299940e-001 
4.056482e-004 3.549422e-003 1.508504e-002 4.148387e-002 9.394760e-001 
3.245186e-004 2.920667e-003 1.277792e-002 3.620410e-002 9.477728e-001 
2.596148e-004 2.401437e-003 1.080647e-002 3.151886e-002 9.550136e-001 
2.076919e-004 1.973073e-003 9.125462e-003 2.737639e-002 9.613174e-001 
1.661535e-004 1.619997e-003 7.694984e-003 2.372620e-002 9.667927e-001 
1.329228e-004 1.329228e-003 6.479986e-003 2.051996e-002 9.715379e-001 
1.063382e-004 1.089967e-003 5.449835e-003 1.771196e-002 9.756419e-001 
8.507059e-005 8.932412e-004 4.577861e-003 1.525954e-002 9.791843e-001 
6.805647e-005 7.316071e-004 3.840937e-003 1.312320e-002 9.822362e-001 
5.444518e-005 5.988970e-004 3.219071e-003 1.126675e-002 9.848608e-001 
4.355614e-005 4.900066e-004 2.695036e-003 9.657214e-003 9.871142e-001 
3.484491e-005 4.007165e-004 2.254030e-003 8.264778e-003 9.890456e-001 
2.787593e-005 3.275422e-004 1.883368e-003 7.062629e-003 9.906986e-001 
2.230075e-005 2.676089e-004 1.572203e-003 6.026776e-003 9.921111e-001 
1.784060e-005 2.185473e-004 1.311284e-003 5.135862e-003 9.933165e-001 
1.427248e-005 1.784060e-004 1.092737e-003 4.370946e-003 9.943436e-001 
1.141798e-005 1.455793e-004 9.098704e-004 3.715304e-003 9.952178e-001 
9.134385e-006 1.187470e-004 7.570122e-004 3.154217e-003 9.959609e-001 
7.307508e-006 9.682448e-005 6.293591e-004 2.674776e-003 9.965917e-001 



Q star

------------
1  2  3  4  5  5  5  5  5  5  5  5  5  5  5  5  5  5  5  5  5  5  5  5  5  5  5  5  5  5  5  5  5  5  5  5  5  5  5  5  5  5  5  5  5  5  5  5  5  5  5  5  5  5  
------------

P star

-----------
8.433758e-085

A Martrix

8.000000e-001 2.000000e-001 0.000000e+000 0.000000e+000 0.000000e+000 
0.000000e+000 8.000000e-001 2.000000e-001 0.000000e+000 0.000000e+000 
0.000000e+000 0.000000e+000 8.000000e-001 2.000000e-001 0.000000e+000 
0.000000e+000 0.000000e+000 0.000000e+000 8.000000e-001 2.000000e-001 
0.000000e+000 0.000000e+000 0.000000e+000 0.000000e+000 1.000000e+000 

B Martrix

1.000000e-030 1.000000e-030 1.000000e-030 1.000000e-030 1.000000e-030 1.000000e-030 1.000000e-030 1.000000e-030 1.000000e-030 1.000000e-030 1.000000e-030 1.000000e-030 1.000000e-030 1.000000e-030 1.000000e-030 1.000000e-030 1.000000e-030 1.000000e-030 1.000000e-030 1.000000e-030 1.000000e-030 1.000000e-030 1.000000e-030 1.000000e-030 1.000000e-030 1.000000e+000 1.000000e-030 1.000000e-030 1.000000e-030 1.000000e-030 1.000000e-030 1.000000e-030 
1.000000e-030 1.000000e-030 1.000000e-030 1.000000e-030 1.000000e-030 1.000000e-030 1.000000e-030 1.000000e-030 1.000000e-030 1.000000e-030 1.000000e-030 1.000000e-030 1.000000e-030 1.000000e-030 1.000000e-030 1.000000e-030 1.000000e-030 1.000000e-030 1.000000e-030 1.000000e-030 1.000000e-030 1.000000e-030 1.000000e-030 1.000000e-030 1.000000e-030 1.000000e-030 1.000000e-030 1.000000e+000 1.000000e-030 1.000000e-030 1.000000e-030 1.000000e-030 
1.000000e-030 1.000000e-030 1.000000e-030 1.000000e-030 1.000000e-030 1.000000e-030 1.000000e-030 1.000000e-030 1.000000e-030 1.000000e-030 1.000000e-030 1.000000e-030 1.000000e-030 1.000000e-030 1.000000e-030 1.000000e-030 1.000000e-030 1.000000e-030 1.000000e-030 1.000000e-030 1.000000e-030 1.000000e-030 1.000000e-030 1.000000e-030 1.000000e-030 1.000000e-030 1.000000e-030 1.000000e+000 1.000000e-030 1.000000e-030 1.000000e-030 1.000000e-030 
1.000000e-030 1.000000e-030 1.000000e-030 1.000000e-030 1.000000e-030 1.000000e-030 1.000000e-030 1.000000e-030 1.000000e-030 1.000000e-030 1.000000e-030 1.000000e-030 1.000000e-030 1.000000e-030 1.000000e-030 1.000000e-030 1.000000e-030 1.000000e-030 1.000000e-030 1.000000e-030 1.000000e-030 1.000000e-030 1.000000e-030 1.000000e-030 1.000000e-030 1.000000e-030 1.000000e-030 1.000000e+000 1.000000e-030 1.000000e-030 1.000000e-030 1.000000e-030 
1.000000e-030 4.781309e-002 4.026543e-002 2.517552e-003 1.000000e-030 8.505482e-002 2.403786e-002 1.000000e-030 4.109314e-002 2.808838e-001 2.634663e-003 8.767322e-002 1.466802e-002 2.526966e-002 1.000000e-030 1.000000e-030 1.000000e-030 1.000000e-030 1.034274e-002 1.000000e-030 1.000000e-030 1.000000e-030 1.000000e-030 1.000000e-030 1.000000e-030 4.720533e-002 1.000000e-030 2.905407e-001 1.000000e-030 1.000000e-030 1.000000e-030 1.000000e-030 
Iteraion 2
-----------------

P(O|lamda) = 4.740291e-057

1.000000e+000 0.000000e+000 0.000000e+000 0.000000e+000 0.000000e+000 
8.000000e-031 2.000000e-001 0.000000e+000 0.000000e+000 0.000000e+000 
6.400000e-061 1.600000e-001 4.000000e-002 0.000000e+000 0.000000e+000 
5.120000e-091 1.280000e-001 6.400000e-002 8.000000e-003 0.000000e+000 
4.096000e-121 1.024000e-031 7.680000e-032 1.920000e-032 1.402772e-004 
3.276800e-151 8.192000e-062 8.192000e-062 3.072000e-062 1.229855e-005 
2.621440e-181 6.553600e-092 8.192000e-092 4.096000e-092 1.078254e-006 
2.097152e-211 5.242880e-122 7.864320e-122 4.915200e-122 2.840835e-009 
1.677722e-241 4.194304e-152 7.340032e-152 5.505024e-152 7.484644e-012 
1.342177e-271 3.355443e-182 6.710886e-182 5.872026e-182 1.884298e-014 
1.073742e-301 2.684355e-212 6.039798e-212 6.039798e-212 7.587208e-016 
0.000000e+000 2.147484e-242 5.368709e-242 6.039798e-242 3.055022e-017 
0.000000e+000 1.717987e-272 4.724464e-272 5.905580e-272 1.230118e-018 
0.000000e+000 1.374390e-302 4.123169e-302 5.669357e-302 4.953123e-020 
0.000000e+000 0.000000e+000 0.000000e+000 0.000000e+000 2.368241e-021 
0.000000e+000 0.000000e+000 0.000000e+000 0.000000e+000 2.449411e-023 
0.000000e+000 0.000000e+000 0.000000e+000 0.000000e+000 1.006540e-024 
0.000000e+000 0.000000e+000 0.000000e+000 0.000000e+000 4.136189e-026 
0.000000e+000 0.000000e+000 0.000000e+000 0.000000e+000 6.066969e-028 
0.000000e+000 0.000000e+000 0.000000e+000 0.000000e+000 2.493108e-029 
0.000000e+000 0.000000e+000 0.000000e+000 0.000000e+000 1.192032e-030 
0.000000e+000 0.000000e+000 0.000000e+000 0.000000e+000 4.799770e-032 
0.000000e+000 0.000000e+000 0.000000e+000 0.000000e+000 1.348177e-032 
0.000000e+000 0.000000e+000 0.000000e+000 0.000000e+000 3.786812e-033 
0.000000e+000 0.000000e+000 0.000000e+000 0.000000e+000 1.810592e-034 
0.000000e+000 0.000000e+000 0.000000e+000 0.000000e+000 8.546958e-036 
0.000000e+000 0.000000e+000 0.000000e+000 0.000000e+000 2.400702e-036 
0.000000e+000 0.000000e+000 0.000000e+000 0.000000e+000 5.770774e-038 
0.000000e+000 0.000000e+000 0.000000e+000 0.000000e+000 2.724113e-039 
0.000000e+000 0.000000e+000 0.000000e+000 0.000000e+000 6.883739e-041 
0.000000e+000 0.000000e+000 0.000000e+000 0.000000e+000 1.933531e-041 
0.000000e+000 0.000000e+000 0.000000e+000 0.000000e+000 5.430974e-042 
0.000000e+000 0.000000e+000 0.000000e+000 0.000000e+000 1.525472e-042 
0.000000e+000 0.000000e+000 0.000000e+000 0.000000e+000 4.284805e-043 
0.000000e+000 0.000000e+000 0.000000e+000 0.000000e+000 1.203532e-043 
0.000000e+000 0.000000e+000 0.000000e+000 0.000000e+000 1.023662e-044 
0.000000e+000 0.000000e+000 0.000000e+000 0.000000e+000 2.875301e-045 
0.000000e+000 0.000000e+000 0.000000e+000 0.000000e+000 8.076253e-046 
0.000000e+000 0.000000e+000 0.000000e+000 0.000000e+000 2.268488e-046 
0.000000e+000 0.000000e+000 0.000000e+000 0.000000e+000 1.929459e-047 
0.000000e+000 0.000000e+000 0.000000e+000 0.000000e+000 1.691619e-048 
0.000000e+000 0.000000e+000 0.000000e+000 0.000000e+000 4.914841e-049 
0.000000e+000 0.000000e+000 0.000000e+000 0.000000e+000 1.427961e-049 
0.000000e+000 0.000000e+000 0.000000e+000 0.000000e+000 4.148808e-050 
0.000000e+000 0.000000e+000 0.000000e+000 0.000000e+000 1.205398e-050 
0.000000e+000 0.000000e+000 0.000000e+000 0.000000e+000 1.025249e-051 
0.000000e+000 0.000000e+000 0.000000e+000 0.000000e+000 8.988687e-053 
0.000000e+000 0.000000e+000 0.000000e+000 0.000000e+000 2.611579e-053 
0.000000e+000 0.000000e+000 0.000000e+000 0.000000e+000 7.587700e-054 
0.000000e+000 0.000000e+000 0.000000e+000 0.000000e+000 2.204536e-054 
0.000000e+000 0.000000e+000 0.000000e+000 0.000000e+000 6.405073e-055 
0.000000e+000 0.000000e+000 0.000000e+000 0.000000e+000 1.860934e-055 
0.000000e+000 0.000000e+000 0.000000e+000 0.000000e+000 5.406771e-056 
0.000000e+000 0.000000e+000 0.000000e+000 0.000000e+000 4.740291e-057 


4.740291e-057 6.376973e-056 2.926275e-055 4.681054e-055 7.266175e-056 
5.406771e-086 2.370145e-056 2.240428e-055 5.669663e-055 2.500915e-055 
6.166958e-115 2.703386e-085 1.185073e-055 6.461850e-055 8.607796e-055 
7.034027e-144 3.083479e-114 1.351693e-084 5.925363e-055 2.962682e-054 
2.669801e-141 3.517014e-113 1.541740e-083 6.758464e-054 3.379232e-053 
1.013337e-138 1.334901e-110 1.758507e-082 7.708698e-053 3.854349e-052 
4.025088e-136 5.066684e-108 6.674503e-080 8.792534e-052 4.396267e-051 
9.996385e-135 2.012544e-105 2.533342e-077 3.337252e-049 1.668626e-048 
2.482622e-133 4.998192e-104 1.006272e-074 1.266671e-046 6.333355e-046 
6.165641e-132 1.241311e-102 2.499096e-073 5.031360e-044 2.515680e-043 
1.531249e-130 3.082820e-101 6.206555e-072 1.249548e-042 6.247741e-042 
3.202573e-129 7.656245e-100 1.541410e-070 3.103277e-041 1.551639e-040 
3.096445e-127 1.601286e-098 3.828123e-069 7.707051e-040 3.853525e-039 
7.535186e-126 1.548222e-096 8.006432e-068 1.914061e-038 9.570307e-038 
1.833684e-124 3.767593e-095 7.741112e-066 4.003216e-037 2.001608e-036 
1.250124e-122 9.168422e-094 1.883796e-064 3.870556e-035 1.935278e-034 
3.042172e-121 6.250621e-092 4.584211e-063 9.418982e-034 4.709491e-033 
6.362634e-120 1.521086e-090 3.125311e-061 2.292106e-032 1.146053e-031 
1.580173e-118 3.181317e-089 7.605431e-060 1.562655e-030 7.813276e-030 
5.625717e-118 7.900864e-088 1.590659e-058 3.802715e-029 1.901358e-028 
2.002863e-117 2.812859e-087 3.950432e-057 7.953293e-028 3.976646e-027 
4.188943e-116 1.001432e-086 1.406429e-056 1.975216e-026 9.876080e-026 
8.873877e-115 2.094471e-085 5.007158e-056 7.032147e-026 3.516073e-025 
3.159270e-114 4.436939e-084 1.047236e-054 2.503579e-025 1.251789e-024 
2.358786e-111 1.579635e-083 2.218469e-053 5.236178e-024 2.618089e-023 
2.784196e-111 6.571445e-082 7.898175e-053 1.109235e-022 5.546173e-022 
1.101794e-109 1.392098e-080 3.285723e-051 3.949088e-022 1.974544e-021 
1.509476e-108 5.508972e-079 6.960491e-050 1.642861e-020 8.214306e-020 
1.396520e-108 1.961299e-078 2.754486e-048 3.480246e-019 1.740123e-018 
4.971880e-108 6.982602e-078 9.806497e-048 1.377243e-017 6.886215e-017 
1.770084e-107 2.485940e-077 3.491301e-047 4.903249e-017 2.451624e-016 
6.301839e-107 8.850422e-077 1.242970e-046 1.745650e-016 8.728252e-016 
7.409149e-106 3.150919e-076 4.425211e-046 6.214850e-016 3.107425e-015 
2.637799e-105 3.704575e-075 1.575460e-045 2.212605e-015 1.106303e-014 
9.391069e-105 1.318900e-074 1.852287e-044 7.877299e-015 3.938649e-014 
3.343400e-104 4.695535e-074 6.594498e-044 9.261437e-014 4.630718e-013 
3.930877e-103 1.671700e-073 2.347767e-043 3.297249e-013 1.648624e-012 
1.102839e-098 1.965438e-072 8.358501e-043 1.173884e-012 5.869418e-012 
7.476326e-069 2.523663e-068 9.827192e-042 4.179251e-012 2.089625e-011 
4.262350e-039 2.033223e-038 4.485422e-038 4.913596e-011 2.456798e-010 
1.692911e-009 1.454010e-008 4.350074e-008 5.026810e-008 2.802222e-009 
6.292086e-010 8.464556e-009 3.884229e-008 6.213457e-008 9.644851e-009 
7.397683e-039 3.146043e-009 2.973861e-008 7.525700e-008 3.319622e-008 
1.405082e-063 3.698841e-038 1.573021e-008 8.577219e-008 1.142567e-007 
2.772643e-063 7.025408e-063 1.849421e-037 7.865107e-008 3.932554e-007 
1.850528e-033 6.461104e-033 9.282623e-033 9.247103e-007 4.623552e-006 
9.065826e-004 5.626310e-003 9.800280e-003 7.211993e-003 5.273619e-005 
6.483206e-004 4.532913e-003 9.999898e-003 9.001808e-003 1.815105e-004 
3.774214e-004 3.241603e-003 9.698153e-003 1.120688e-002 6.247335e-004 
1.402772e-004 1.887107e-003 8.659586e-003 1.385242e-002 2.150245e-003 
2.000000e-031 7.013858e-004 6.629992e-003 1.677796e-002 7.400838e-003 
2.000000e-031 1.000000e-030 3.506929e-003 1.912224e-002 2.547264e-002 
1.000000e-030 1.000000e-030 1.000000e-030 1.753464e-002 8.767322e-002 
1.000000e+000 1.000000e+000 1.000000e+000 1.000000e+000 1.000000e+000 


1.000000e+000 0.000000e+000 0.000000e+000 0.000000e+000 0.000000e+000 
9.124793e-060 1.000000e+000 0.000000e+000 0.000000e+000 0.000000e+000 
8.326184e-119 9.124793e-030 1.000000e+000 0.000000e+000 0.000000e+000 
7.597471e-178 8.326184e-059 1.824959e-029 1.000000e+000 0.000000e+000 
2.306927e-205 7.597471e-088 2.497855e-058 2.737438e-029 1.000000e+000 
7.004849e-233 2.306927e-115 3.038988e-087 4.995711e-058 1.000000e+000 
2.225924e-260 7.004849e-143 1.153464e-114 7.597471e-087 1.000000e+000 
4.422501e-289 2.225924e-170 4.202909e-142 3.460391e-114 1.000000e+000 
8.786696e-318 4.422501e-199 1.558147e-169 1.471018e-141 1.000000e+000 
0.000000e+000 8.786694e-228 3.538000e-198 6.232587e-169 1.000000e+000 
0.000000e+000 1.745754e-256 7.908025e-227 1.592100e-197 1.000000e+000 
0.000000e+000 3.468492e-285 1.745754e-255 3.954012e-226 1.000000e+000 
0.000000e+000 5.803418e-314 3.815341e-284 9.601649e-255 1.000000e+000 
0.000000e+000 0.000000e+000 6.964102e-313 2.289205e-283 1.000000e+000 
0.000000e+000 0.000000e+000 0.000000e+000 0.000000e+000 1.000000e+000 
0.000000e+000 0.000000e+000 0.000000e+000 0.000000e+000 1.000000e+000 
0.000000e+000 0.000000e+000 0.000000e+000 0.000000e+000 1.000000e+000 
0.000000e+000 0.000000e+000 0.000000e+000 0.000000e+000 1.000000e+000 
0.000000e+000 0.000000e+000 0.000000e+000 0.000000e+000 1.000000e+000 
0.000000e+000 0.000000e+000 0.000000e+000 0.000000e+000 1.000000e+000 
0.000000e+000 0.000000e+000 0.000000e+000 0.000000e+000 1.000000e+000 
0.000000e+000 0.000000e+000 0.000000e+000 0.000000e+000 1.000000e+000 
0.000000e+000 0.000000e+000 0.000000e+000 0.000000e+000 1.000000e+000 
0.000000e+000 0.000000e+000 0.000000e+000 0.000000e+000 1.000000e+000 
0.000000e+000 0.000000e+000 0.000000e+000 0.000000e+000 1.000000e+000 
0.000000e+000 0.000000e+000 0.000000e+000 0.000000e+000 1.000000e+000 
0.000000e+000 0.000000e+000 0.000000e+000 0.000000e+000 1.000000e+000 
0.000000e+000 0.000000e+000 0.000000e+000 0.000000e+000 1.000000e+000 
0.000000e+000 0.000000e+000 0.000000e+000 0.000000e+000 1.000000e+000 
0.000000e+000 0.000000e+000 0.000000e+000 0.000000e+000 1.000000e+000 
0.000000e+000 0.000000e+000 0.000000e+000 0.000000e+000 1.000000e+000 
0.000000e+000 0.000000e+000 0.000000e+000 0.000000e+000 1.000000e+000 
0.000000e+000 0.000000e+000 0.000000e+000 0.000000e+000 1.000000e+000 
0.000000e+000 0.000000e+000 0.000000e+000 0.000000e+000 1.000000e+000 
0.000000e+000 0.000000e+000 0.000000e+000 0.000000e+000 1.000000e+000 
0.000000e+000 0.000000e+000 0.000000e+000 0.000000e+000 1.000000e+000 
0.000000e+000 0.000000e+000 0.000000e+000 0.000000e+000 1.000000e+000 
0.000000e+000 0.000000e+000 0.000000e+000 0.000000e+000 1.000000e+000 
0.000000e+000 0.000000e+000 0.000000e+000 0.000000e+000 1.000000e+000 
0.000000e+000 0.000000e+000 0.000000e+000 0.000000e+000 1.000000e+000 
0.000000e+000 0.000000e+000 0.000000e+000 0.000000e+000 1.000000e+000 
0.000000e+000 0.000000e+000 0.000000e+000 0.000000e+000 1.000000e+000 
0.000000e+000 0.000000e+000 0.000000e+000 0.000000e+000 1.000000e+000 
0.000000e+000 0.000000e+000 0.000000e+000 0.000000e+000 1.000000e+000 
0.000000e+000 0.000000e+000 0.000000e+000 0.000000e+000 1.000000e+000 
0.000000e+000 0.000000e+000 0.000000e+000 0.000000e+000 1.000000e+000 
0.000000e+000 0.000000e+000 0.000000e+000 0.000000e+000 1.000000e+000 
0.000000e+000 0.000000e+000 0.000000e+000 0.000000e+000 1.000000e+000 
0.000000e+000 0.000000e+000 0.000000e+000 0.000000e+000 1.000000e+000 
0.000000e+000 0.000000e+000 0.000000e+000 0.000000e+000 1.000000e+000 
0.000000e+000 0.000000e+000 0.000000e+000 0.000000e+000 1.000000e+000 
0.000000e+000 0.000000e+000 0.000000e+000 0.000000e+000 1.000000e+000 
0.000000e+000 0.000000e+000 0.000000e+000 0.000000e+000 1.000000e+000 
0.000000e+000 0.000000e+000 0.000000e+000 0.000000e+000 1.000000e+000 



Q star

------------
1  2  3  4  5  5  5  5  5  5  5  5  5  5  5  5  5  5  5  5  5  5  5  5  5  5  5  5  5  5  5  5  5  5  5  5  5  5  5  5  5  5  5  5  5  5  5  5  5  5  5  5  5  5  
------------

P star

-----------
4.740291e-057

A Martrix

9.124793e-060 1.000000e+000 0.000000e+000 0.000000e+000 0.000000e+000 
0.000000e+000 9.124793e-030 1.000000e+000 0.000000e+000 0.000000e+000 
0.000000e+000 0.000000e+000 9.124793e-030 1.000000e+000 0.000000e+000 
0.000000e+000 0.000000e+000 0.000000e+000 9.124793e-030 1.000000e+000 
0.000000e+000 0.000000e+000 0.000000e+000 0.000000e+000 1.000000e+000 

B Martrix

1.000000e-030 1.000000e-030 1.000000e-030 1.000000e-030 1.000000e-030 1.000000e-030 1.000000e-030 1.000000e-030 1.000000e-030 1.000000e-030 1.000000e-030 1.000000e-030 1.000000e-030 1.000000e-030 1.000000e-030 1.000000e-030 1.000000e-030 1.000000e-030 1.000000e-030 1.000000e-030 1.000000e-030 1.000000e-030 1.000000e-030 1.000000e-030 1.000000e-030 1.000000e+000 1.000000e-030 1.000000e-030 1.000000e-030 1.000000e-030 1.000000e-030 1.000000e-030 
1.000000e-030 1.000000e-030 1.000000e-030 1.000000e-030 1.000000e-030 1.000000e-030 1.000000e-030 1.000000e-030 1.000000e-030 1.000000e-030 1.000000e-030 1.000000e-030 1.000000e-030 1.000000e-030 1.000000e-030 1.000000e-030 1.000000e-030 1.000000e-030 1.000000e-030 1.000000e-030 1.000000e-030 1.000000e-030 1.000000e-030 1.000000e-030 1.000000e-030 1.000000e-030 1.000000e-030 1.000000e+000 1.000000e-030 1.000000e-030 1.000000e-030 1.000000e-030 
1.000000e-030 1.000000e-030 1.000000e-030 1.000000e-030 1.000000e-030 1.000000e-030 1.000000e-030 1.000000e-030 1.000000e-030 1.000000e-030 1.000000e-030 1.000000e-030 1.000000e-030 1.000000e-030 1.000000e-030 1.000000e-030 1.000000e-030 1.000000e-030 1.000000e-030 1.000000e-030 1.000000e-030 1.000000e-030 1.000000e-030 1.000000e-030 1.000000e-030 1.000000e-030 1.000000e-030 1.000000e+000 1.000000e-030 1.000000e-030 1.000000e-030 1.000000e-030 
1.000000e-030 1.000000e-030 1.000000e-030 1.000000e-030 1.000000e-030 1.000000e-030 1.000000e-030 1.000000e-030 1.000000e-030 1.000000e-030 1.000000e-030 1.000000e-030 1.000000e-030 1.000000e-030 1.000000e-030 1.000000e-030 1.000000e-030 1.000000e-030 1.000000e-030 1.000000e-030 1.000000e-030 1.000000e-030 1.000000e-030 1.000000e-030 1.000000e-030 1.000000e-030 1.000000e-030 1.000000e+000 1.000000e-030 1.000000e-030 1.000000e-030 1.000000e-030 
1.000000e-030 6.000000e-002 1.000000e-001 2.000000e-002 1.000000e-030 6.000000e-002 2.000000e-002 1.000000e-030 6.000000e-002 2.200000e-001 4.000000e-002 1.200000e-001 2.000000e-002 2.000000e-002 1.000000e-030 1.000000e-030 1.000000e-030 1.000000e-030 2.000000e-002 1.000000e-030 1.000000e-030 1.000000e-030 1.000000e-030 1.000000e-030 1.000000e-030 4.000000e-002 1.000000e-030 2.000000e-001 1.000000e-030 1.000000e-030 1.000000e-030 1.000000e-030 
Iteraion 3
-----------------

P(O|lamda) = 1.474987e-050

1.000000e+000 0.000000e+000 0.000000e+000 0.000000e+000 0.000000e+000 
9.124793e-090 1.000000e+000 0.000000e+000 0.000000e+000 0.000000e+000 
8.326184e-179 9.124793e-030 1.000000e+000 0.000000e+000 0.000000e+000 
7.597471e-268 8.326184e-059 1.824959e-029 1.000000e+000 0.000000e+000 
0.000000e+000 7.597471e-118 2.497855e-088 2.737438e-059 1.200000e-001 
0.000000e+000 6.932534e-177 3.038988e-147 4.995711e-118 1.440000e-002 
0.000000e+000 6.325794e-236 3.466267e-206 7.597471e-177 1.728000e-003 
0.000000e+000 5.772156e-295 3.795476e-265 1.039880e-235 6.912000e-005 
0.000000e+000 0.000000e+000 4.940656e-324 1.328417e-294 2.764800e-006 
0.000000e+000 0.000000e+000 0.000000e+000 0.000000e+000 5.529600e-008 
0.000000e+000 0.000000e+000 0.000000e+000 0.000000e+000 5.529600e-009 
0.000000e+000 0.000000e+000 0.000000e+000 0.000000e+000 5.529600e-010 
0.000000e+000 0.000000e+000 0.000000e+000 0.000000e+000 5.529600e-011 
0.000000e+000 0.000000e+000 0.000000e+000 0.000000e+000 5.529600e-012 
0.000000e+000 0.000000e+000 0.000000e+000 0.000000e+000 3.317760e-013 
0.000000e+000 0.000000e+000 0.000000e+000 0.000000e+000 6.635520e-015 
0.000000e+000 0.000000e+000 0.000000e+000 0.000000e+000 3.981312e-016 
0.000000e+000 0.000000e+000 0.000000e+000 0.000000e+000 2.388787e-017 
0.000000e+000 0.000000e+000 0.000000e+000 0.000000e+000 4.777574e-019 
0.000000e+000 0.000000e+000 0.000000e+000 0.000000e+000 2.866545e-020 
0.000000e+000 0.000000e+000 0.000000e+000 0.000000e+000 1.719927e-021 
0.000000e+000 0.000000e+000 0.000000e+000 0.000000e+000 1.719927e-022 
0.000000e+000 0.000000e+000 0.000000e+000 0.000000e+000 3.783839e-023 
0.000000e+000 0.000000e+000 0.000000e+000 0.000000e+000 8.324446e-024 
0.000000e+000 0.000000e+000 0.000000e+000 0.000000e+000 4.994667e-025 
0.000000e+000 0.000000e+000 0.000000e+000 0.000000e+000 1.997867e-026 
0.000000e+000 0.000000e+000 0.000000e+000 0.000000e+000 4.395307e-027 
0.000000e+000 0.000000e+000 0.000000e+000 0.000000e+000 8.790615e-029 
0.000000e+000 0.000000e+000 0.000000e+000 0.000000e+000 3.516246e-030 
0.000000e+000 0.000000e+000 0.000000e+000 0.000000e+000 7.032492e-032 
0.000000e+000 0.000000e+000 0.000000e+000 0.000000e+000 1.547148e-032 
0.000000e+000 0.000000e+000 0.000000e+000 0.000000e+000 3.403726e-033 
0.000000e+000 0.000000e+000 0.000000e+000 0.000000e+000 7.488197e-034 
0.000000e+000 0.000000e+000 0.000000e+000 0.000000e+000 1.647403e-034 
0.000000e+000 0.000000e+000 0.000000e+000 0.000000e+000 3.624287e-035 
0.000000e+000 0.000000e+000 0.000000e+000 0.000000e+000 2.174572e-036 
0.000000e+000 0.000000e+000 0.000000e+000 0.000000e+000 4.784059e-037 
0.000000e+000 0.000000e+000 0.000000e+000 0.000000e+000 1.052493e-037 
0.000000e+000 0.000000e+000 0.000000e+000 0.000000e+000 2.315485e-038 
0.000000e+000 0.000000e+000 0.000000e+000 0.000000e+000 1.389291e-039 
0.000000e+000 0.000000e+000 0.000000e+000 0.000000e+000 1.667149e-040 
0.000000e+000 0.000000e+000 0.000000e+000 0.000000e+000 3.334298e-041 
0.000000e+000 0.000000e+000 0.000000e+000 0.000000e+000 6.668596e-042 
0.000000e+000 0.000000e+000 0.000000e+000 0.000000e+000 1.333719e-042 
0.000000e+000 0.000000e+000 0.000000e+000 0.000000e+000 2.667438e-043 
0.000000e+000 0.000000e+000 0.000000e+000 0.000000e+000 1.600463e-044 
0.000000e+000 0.000000e+000 0.000000e+000 0.000000e+000 1.920556e-045 
0.000000e+000 0.000000e+000 0.000000e+000 0.000000e+000 3.841111e-046 
0.000000e+000 0.000000e+000 0.000000e+000 0.000000e+000 7.682223e-047 
0.000000e+000 0.000000e+000 0.000000e+000 0.000000e+000 1.536445e-047 
0.000000e+000 0.000000e+000 0.000000e+000 0.000000e+000 3.072889e-048 
0.000000e+000 0.000000e+000 0.000000e+000 0.000000e+000 6.145778e-049 
0.000000e+000 0.000000e+000 0.000000e+000 0.000000e+000 1.229156e-049 
0.000000e+000 0.000000e+000 0.000000e+000 0.000000e+000 1.474987e-050 


1.474987e-050 2.949974e-051 5.899947e-052 1.179989e-052 1.179989e-052 
1.229156e-079 1.474987e-050 2.949974e-051 5.899947e-052 5.899947e-052 
1.024296e-108 1.229156e-079 1.474987e-050 2.949974e-051 2.949974e-051 
8.535803e-138 1.024296e-108 1.229156e-079 1.474987e-050 1.474987e-050 
2.133951e-136 8.535803e-108 1.024296e-078 1.229156e-049 1.229156e-049 
5.334877e-135 2.133951e-106 8.535803e-078 1.024296e-048 1.024296e-048 
2.667438e-133 5.334877e-105 2.133951e-076 8.535803e-048 8.535803e-048 
2.667438e-132 2.667438e-103 5.334877e-075 2.133951e-046 2.133951e-046 
2.667438e-131 2.667438e-102 2.667438e-073 5.334877e-045 5.334877e-045 
2.667438e-130 2.667438e-101 2.667438e-072 2.667438e-043 2.667438e-043 
2.667438e-129 2.667438e-100 2.667438e-071 2.667438e-042 2.667438e-042 
4.445731e-128 2.667438e-099 2.667438e-070 2.667438e-041 2.667438e-041 
2.222865e-126 4.445731e-098 2.667438e-069 2.667438e-040 2.667438e-040 
3.704776e-125 2.222865e-096 4.445731e-068 2.667438e-039 2.667438e-039 
6.174626e-124 3.704776e-095 2.222865e-066 4.445731e-038 4.445731e-038 
3.087313e-122 6.174626e-094 3.704776e-065 2.222865e-036 2.222865e-036 
5.145522e-121 3.087313e-092 6.174626e-064 3.704776e-035 3.704776e-035 
8.575869e-120 5.145522e-091 3.087313e-062 6.174626e-034 6.174626e-034 
8.575869e-119 8.575869e-090 5.145522e-061 3.087313e-032 3.087313e-032 
3.898122e-118 8.575869e-089 8.575869e-060 5.145522e-031 5.145522e-031 
1.771874e-117 3.898122e-088 8.575869e-059 8.575869e-030 8.575869e-030 
2.953123e-116 1.771874e-087 3.898122e-058 8.575869e-029 8.575869e-029 
7.382808e-115 2.953123e-086 1.771874e-057 3.898122e-028 3.898122e-028 
3.355822e-114 7.382808e-085 2.953123e-056 1.771874e-027 1.771874e-027 
1.677911e-112 3.355822e-084 7.382808e-055 2.953123e-026 2.953123e-026 
4.194777e-111 1.677911e-082 3.355822e-054 7.382808e-025 7.382808e-025 
2.097389e-109 4.194777e-081 1.677911e-052 3.355822e-024 3.355822e-024 
9.533584e-109 2.097389e-079 4.194777e-051 1.677911e-022 1.677911e-022 
4.333447e-108 9.533584e-079 2.097389e-049 4.194777e-021 4.194777e-021 
1.969749e-107 4.333447e-078 9.533584e-049 2.097389e-019 2.097389e-019 
8.953404e-107 1.969749e-077 4.333447e-048 9.533584e-019 9.533584e-019 
4.069729e-106 8.953404e-077 1.969749e-047 4.333447e-018 4.333447e-018 
6.782882e-105 4.069729e-076 8.953404e-047 1.969749e-017 1.969749e-017 
3.083128e-104 6.782882e-075 4.069729e-046 8.953404e-017 8.953404e-017 
1.401422e-103 3.083128e-074 6.782882e-045 4.069729e-016 4.069729e-016 
6.370099e-103 1.401422e-073 3.083128e-044 6.782882e-015 6.782882e-015 
1.061683e-101 6.370099e-073 1.401422e-043 3.083128e-014 3.083128e-014 
8.847360e-101 1.061683e-071 6.370099e-043 1.401422e-013 1.401422e-013 
4.423680e-070 8.847360e-071 1.061683e-041 6.370099e-013 6.370099e-013 
2.211840e-039 4.423680e-040 8.847360e-041 1.061683e-011 1.061683e-011 
1.105920e-008 2.211840e-009 4.423680e-010 8.847360e-011 8.847360e-011 
5.529600e-008 1.105920e-008 2.211840e-009 4.423680e-010 4.423680e-010 
9.216000e-037 5.529600e-008 1.105920e-008 2.211840e-009 2.211840e-009 
7.680000e-066 9.216000e-037 5.529600e-008 1.105920e-008 1.105920e-008 
3.840000e-065 7.680000e-066 9.216000e-037 5.529600e-008 5.529600e-008 
1.920000e-034 3.840000e-035 7.680000e-036 9.216000e-007 9.216000e-007 
9.600000e-004 1.920000e-004 3.840000e-005 7.680000e-006 7.680000e-006 
4.800000e-003 9.600000e-004 1.920000e-004 3.840000e-005 3.840000e-005 
2.400000e-002 4.800000e-003 9.600000e-004 1.920000e-004 1.920000e-004 
1.200000e-001 2.400000e-002 4.800000e-003 9.600000e-004 9.600000e-004 
1.000000e-030 1.200000e-001 2.400000e-002 4.800000e-003 4.800000e-003 
1.000000e-030 1.000000e-030 1.200000e-001 2.400000e-002 2.400000e-002 
1.000000e-030 1.000000e-030 1.000000e-030 1.200000e-001 1.200000e-001 
1.000000e+000 1.000000e+000 1.000000e+000 1.000000e+000 1.000000e+000 


1.000000e+000 0.000000e+000 0.000000e+000 0.000000e+000 0.000000e+000 
7.603994e-119 1.000000e+000 0.000000e+000 0.000000e+000 0.000000e+000 
5.782072e-237 7.603994e-059 1.000000e+000 0.000000e+000 0.000000e+000 
0.000000e+000 5.782072e-117 1.520799e-058 1.000000e+000 0.000000e+000 
0.000000e+000 4.396684e-175 1.734622e-116 2.281198e-058 1.000000e+000 
0.000000e+000 1.002971e-232 1.758674e-174 3.469243e-116 1.000000e+000 
0.000000e+000 2.287975e-290 5.014854e-232 4.396684e-174 1.000000e+000 
0.000000e+000 0.000000e+000 1.372785e-289 1.504456e-231 1.000000e+000 
0.000000e+000 0.000000e+000 0.000000e+000 4.804748e-289 1.000000e+000 
0.000000e+000 0.000000e+000 0.000000e+000 0.000000e+000 1.000000e+000 
0.000000e+000 0.000000e+000 0.000000e+000 0.000000e+000 1.000000e+000 
0.000000e+000 0.000000e+000 0.000000e+000 0.000000e+000 1.000000e+000 
0.000000e+000 0.000000e+000 0.000000e+000 0.000000e+000 1.000000e+000 
0.000000e+000 0.000000e+000 0.000000e+000 0.000000e+000 1.000000e+000 
0.000000e+000 0.000000e+000 0.000000e+000 0.000000e+000 1.000000e+000 
0.000000e+000 0.000000e+000 0.000000e+000 0.000000e+000 1.000000e+000 
0.000000e+000 0.000000e+000 0.000000e+000 0.000000e+000 1.000000e+000 
0.000000e+000 0.000000e+000 0.000000e+000 0.000000e+000 1.000000e+000 
0.000000e+000 0.000000e+000 0.000000e+000 0.000000e+000 1.000000e+000 
0.000000e+000 0.000000e+000 0.000000e+000 0.000000e+000 1.000000e+000 
0.000000e+000 0.000000e+000 0.000000e+000 0.000000e+000 1.000000e+000 
0.000000e+000 0.000000e+000 0.000000e+000 0.000000e+000 1.000000e+000 
0.000000e+000 0.000000e+000 0.000000e+000 0.000000e+000 1.000000e+000 
0.000000e+000 0.000000e+000 0.000000e+000 0.000000e+000 1.000000e+000 
0.000000e+000 0.000000e+000 0.000000e+000 0.000000e+000 1.000000e+000 
0.000000e+000 0.000000e+000 0.000000e+000 0.000000e+000 1.000000e+000 
0.000000e+000 0.000000e+000 0.000000e+000 0.000000e+000 1.000000e+000 
0.000000e+000 0.000000e+000 0.000000e+000 0.000000e+000 1.000000e+000 
0.000000e+000 0.000000e+000 0.000000e+000 0.000000e+000 1.000000e+000 
0.000000e+000 0.000000e+000 0.000000e+000 0.000000e+000 1.000000e+000 
0.000000e+000 0.000000e+000 0.000000e+000 0.000000e+000 1.000000e+000 
0.000000e+000 0.000000e+000 0.000000e+000 0.000000e+000 1.000000e+000 
0.000000e+000 0.000000e+000 0.000000e+000 0.000000e+000 1.000000e+000 
0.000000e+000 0.000000e+000 0.000000e+000 0.000000e+000 1.000000e+000 
0.000000e+000 0.000000e+000 0.000000e+000 0.000000e+000 1.000000e+000 
0.000000e+000 0.000000e+000 0.000000e+000 0.000000e+000 1.000000e+000 
0.000000e+000 0.000000e+000 0.000000e+000 0.000000e+000 1.000000e+000 
0.000000e+000 0.000000e+000 0.000000e+000 0.000000e+000 1.000000e+000 
0.000000e+000 0.000000e+000 0.000000e+000 0.000000e+000 1.000000e+000 
0.000000e+000 0.000000e+000 0.000000e+000 0.000000e+000 1.000000e+000 
0.000000e+000 0.000000e+000 0.000000e+000 0.000000e+000 1.000000e+000 
0.000000e+000 0.000000e+000 0.000000e+000 0.000000e+000 1.000000e+000 
0.000000e+000 0.000000e+000 0.000000e+000 0.000000e+000 1.000000e+000 
0.000000e+000 0.000000e+000 0.000000e+000 0.000000e+000 1.000000e+000 
0.000000e+000 0.000000e+000 0.000000e+000 0.000000e+000 1.000000e+000 
0.000000e+000 0.000000e+000 0.000000e+000 0.000000e+000 1.000000e+000 
0.000000e+000 0.000000e+000 0.000000e+000 0.000000e+000 1.000000e+000 
0.000000e+000 0.000000e+000 0.000000e+000 0.000000e+000 1.000000e+000 
0.000000e+000 0.000000e+000 0.000000e+000 0.000000e+000 1.000000e+000 
0.000000e+000 0.000000e+000 0.000000e+000 0.000000e+000 1.000000e+000 
0.000000e+000 0.000000e+000 0.000000e+000 0.000000e+000 1.000000e+000 
0.000000e+000 0.000000e+000 0.000000e+000 0.000000e+000 1.000000e+000 
0.000000e+000 0.000000e+000 0.000000e+000 0.000000e+000 1.000000e+000 
0.000000e+000 0.000000e+000 0.000000e+000 0.000000e+000 1.000000e+000 



Q star

------------
1  2  3  4  5  5  5  5  5  5  5  5  5  5  5  5  5  5  5  5  5  5  5  5  5  5  5  5  5  5  5  5  5  5  5  5  5  5  5  5  5  5  5  5  5  5  5  5  5  5  5  5  5  5  
------------

P star

-----------
1.474987e-050

A Martrix

7.603994e-119 1.000000e+000 0.000000e+000 0.000000e+000 0.000000e+000 
0.000000e+000 7.603994e-059 1.000000e+000 0.000000e+000 0.000000e+000 
0.000000e+000 0.000000e+000 7.603994e-059 1.000000e+000 0.000000e+000 
0.000000e+000 0.000000e+000 0.000000e+000 7.603994e-059 1.000000e+000 
0.000000e+000 0.000000e+000 0.000000e+000 0.000000e+000 1.000000e+000 

B Martrix

1.000000e-030 1.000000e-030 1.000000e-030 1.000000e-030 1.000000e-030 1.000000e-030 1.000000e-030 1.000000e-030 1.000000e-030 1.000000e-030 1.000000e-030 1.000000e-030 1.000000e-030 1.000000e-030 1.000000e-030 1.000000e-030 1.000000e-030 1.000000e-030 1.000000e-030 1.000000e-030 1.000000e-030 1.000000e-030 1.000000e-030 1.000000e-030 1.000000e-030 1.000000e+000 1.000000e-030 1.000000e-030 1.000000e-030 1.000000e-030 1.000000e-030 1.000000e-030 
1.000000e-030 1.000000e-030 1.000000e-030 1.000000e-030 1.000000e-030 1.000000e-030 1.000000e-030 1.000000e-030 1.000000e-030 1.000000e-030 1.000000e-030 1.000000e-030 1.000000e-030 1.000000e-030 1.000000e-030 1.000000e-030 1.000000e-030 1.000000e-030 1.000000e-030 1.000000e-030 1.000000e-030 1.000000e-030 1.000000e-030 1.000000e-030 1.000000e-030 1.000000e-030 1.000000e-030 1.000000e+000 1.000000e-030 1.000000e-030 1.000000e-030 1.000000e-030 
1.000000e-030 1.000000e-030 1.000000e-030 1.000000e-030 1.000000e-030 1.000000e-030 1.000000e-030 1.000000e-030 1.000000e-030 1.000000e-030 1.000000e-030 1.000000e-030 1.000000e-030 1.000000e-030 1.000000e-030 1.000000e-030 1.000000e-030 1.000000e-030 1.000000e-030 1.000000e-030 1.000000e-030 1.000000e-030 1.000000e-030 1.000000e-030 1.000000e-030 1.000000e-030 1.000000e-030 1.000000e+000 1.000000e-030 1.000000e-030 1.000000e-030 1.000000e-030 
1.000000e-030 1.000000e-030 1.000000e-030 1.000000e-030 1.000000e-030 1.000000e-030 1.000000e-030 1.000000e-030 1.000000e-030 1.000000e-030 1.000000e-030 1.000000e-030 1.000000e-030 1.000000e-030 1.000000e-030 1.000000e-030 1.000000e-030 1.000000e-030 1.000000e-030 1.000000e-030 1.000000e-030 1.000000e-030 1.000000e-030 1.000000e-030 1.000000e-030 1.000000e-030 1.000000e-030 1.000000e+000 1.000000e-030 1.000000e-030 1.000000e-030 1.000000e-030 
1.000000e-030 6.000000e-002 1.000000e-001 2.000000e-002 1.000000e-030 6.000000e-002 2.000000e-002 1.000000e-030 6.000000e-002 2.200000e-001 4.000000e-002 1.200000e-001 2.000000e-002 2.000000e-002 1.000000e-030 1.000000e-030 1.000000e-030 1.000000e-030 2.000000e-002 1.000000e-030 1.000000e-030 1.000000e-030 1.000000e-030 1.000000e-030 1.000000e-030 4.000000e-002 1.000000e-030 2.000000e-001 1.000000e-030 1.000000e-030 1.000000e-030 1.000000e-030 
Iteraion 4
-----------------

P(O|lamda) = 1.474987e-050

1.000000e+000 0.000000e+000 0.000000e+000 0.000000e+000 0.000000e+000 
7.603994e-149 1.000000e+000 0.000000e+000 0.000000e+000 0.000000e+000 
5.782072e-297 7.603994e-059 1.000000e+000 0.000000e+000 0.000000e+000 
0.000000e+000 5.782072e-117 1.520799e-058 1.000000e+000 0.000000e+000 
0.000000e+000 4.396684e-205 1.734622e-146 2.281198e-088 1.200000e-001 
0.000000e+000 3.343236e-293 1.758674e-234 3.469243e-176 1.440000e-002 
0.000000e+000 0.000000e+000 1.679823e-322 4.396684e-264 1.728000e-003 
0.000000e+000 0.000000e+000 0.000000e+000 0.000000e+000 6.912000e-005 
0.000000e+000 0.000000e+000 0.000000e+000 0.000000e+000 2.764800e-006 
0.000000e+000 0.000000e+000 0.000000e+000 0.000000e+000 5.529600e-008 
0.000000e+000 0.000000e+000 0.000000e+000 0.000000e+000 5.529600e-009 
0.000000e+000 0.000000e+000 0.000000e+000 0.000000e+000 5.529600e-010 
0.000000e+000 0.000000e+000 0.000000e+000 0.000000e+000 5.529600e-011 
0.000000e+000 0.000000e+000 0.000000e+000 0.000000e+000 5.529600e-012 
0.000000e+000 0.000000e+000 0.000000e+000 0.000000e+000 3.317760e-013 
0.000000e+000 0.000000e+000 0.000000e+000 0.000000e+000 6.635520e-015 
0.000000e+000 0.000000e+000 0.000000e+000 0.000000e+000 3.981312e-016 
0.000000e+000 0.000000e+000 0.000000e+000 0.000000e+000 2.388787e-017 
0.000000e+000 0.000000e+000 0.000000e+000 0.000000e+000 4.777574e-019 
0.000000e+000 0.000000e+000 0.000000e+000 0.000000e+000 2.866545e-020 
0.000000e+000 0.000000e+000 0.000000e+000 0.000000e+000 1.719927e-021 
0.000000e+000 0.000000e+000 0.000000e+000 0.000000e+000 1.719927e-022 
0.000000e+000 0.000000e+000 0.000000e+000 0.000000e+000 3.783839e-023 
0.000000e+000 0.000000e+000 0.000000e+000 0.000000e+000 8.324446e-024 
0.000000e+000 0.000000e+000 0.000000e+000 0.000000e+000 4.994667e-025 
0.000000e+000 0.000000e+000 0.000000e+000 0.000000e+000 1.997867e-026 
0.000000e+000 0.000000e+000 0.000000e+000 0.000000e+000 4.395307e-027 
0.000000e+000 0.000000e+000 0.000000e+000 0.000000e+000 8.790615e-029 
0.000000e+000 0.000000e+000 0.000000e+000 0.000000e+000 3.516246e-030 
0.000000e+000 0.000000e+000 0.000000e+000 0.000000e+000 7.032492e-032 
0.000000e+000 0.000000e+000 0.000000e+000 0.000000e+000 1.547148e-032 
0.000000e+000 0.000000e+000 0.000000e+000 0.000000e+000 3.403726e-033 
0.000000e+000 0.000000e+000 0.000000e+000 0.000000e+000 7.488197e-034 
0.000000e+000 0.000000e+000 0.000000e+000 0.000000e+000 1.647403e-034 
0.000000e+000 0.000000e+000 0.000000e+000 0.000000e+000 3.624287e-035 
0.000000e+000 0.000000e+000 0.000000e+000 0.000000e+000 2.174572e-036 
0.000000e+000 0.000000e+000 0.000000e+000 0.000000e+000 4.784059e-037 
0.000000e+000 0.000000e+000 0.000000e+000 0.000000e+000 1.052493e-037 
0.000000e+000 0.000000e+000 0.000000e+000 0.000000e+000 2.315485e-038 
0.000000e+000 0.000000e+000 0.000000e+000 0.000000e+000 1.389291e-039 
0.000000e+000 0.000000e+000 0.000000e+000 0.000000e+000 1.667149e-040 
0.000000e+000 0.000000e+000 0.000000e+000 0.000000e+000 3.334298e-041 
0.000000e+000 0.000000e+000 0.000000e+000 0.000000e+000 6.668596e-042 
0.000000e+000 0.000000e+000 0.000000e+000 0.000000e+000 1.333719e-042 
0.000000e+000 0.000000e+000 0.000000e+000 0.000000e+000 2.667438e-043 
0.000000e+000 0.000000e+000 0.000000e+000 0.000000e+000 1.600463e-044 
0.000000e+000 0.000000e+000 0.000000e+000 0.000000e+000 1.920556e-045 
0.000000e+000 0.000000e+000 0.000000e+000 0.000000e+000 3.841111e-046 
0.000000e+000 0.000000e+000 0.000000e+000 0.000000e+000 7.682223e-047 
0.000000e+000 0.000000e+000 0.000000e+000 0.000000e+000 1.536445e-047 
0.000000e+000 0.000000e+000 0.000000e+000 0.000000e+000 3.072889e-048 
0.000000e+000 0.000000e+000 0.000000e+000 0.000000e+000 6.145778e-049 
0.000000e+000 0.000000e+000 0.000000e+000 0.000000e+000 1.229156e-049 
0.000000e+000 0.000000e+000 0.000000e+000 0.000000e+000 1.474987e-050 


1.474987e-050 2.949974e-051 5.899947e-052 1.179989e-052 1.179989e-052 
1.229156e-079 1.474987e-050 2.949974e-051 5.899947e-052 5.899947e-052 
1.024296e-108 1.229156e-079 1.474987e-050 2.949974e-051 2.949974e-051 
8.535803e-138 1.024296e-108 1.229156e-079 1.474987e-050 1.474987e-050 
2.133951e-136 8.535803e-108 1.024296e-078 1.229156e-049 1.229156e-049 
5.334877e-135 2.133951e-106 8.535803e-078 1.024296e-048 1.024296e-048 
2.667438e-133 5.334877e-105 2.133951e-076 8.535803e-048 8.535803e-048 
2.667438e-132 2.667438e-103 5.334877e-075 2.133951e-046 2.133951e-046 
2.667438e-131 2.667438e-102 2.667438e-073 5.334877e-045 5.334877e-045 
2.667438e-130 2.667438e-101 2.667438e-072 2.667438e-043 2.667438e-043 
2.667438e-129 2.667438e-100 2.667438e-071 2.667438e-042 2.667438e-042 
4.445731e-128 2.667438e-099 2.667438e-070 2.667438e-041 2.667438e-041 
2.222865e-126 4.445731e-098 2.667438e-069 2.667438e-040 2.667438e-040 
3.704776e-125 2.222865e-096 4.445731e-068 2.667438e-039 2.667438e-039 
6.174626e-124 3.704776e-095 2.222865e-066 4.445731e-038 4.445731e-038 
3.087313e-122 6.174626e-094 3.704776e-065 2.222865e-036 2.222865e-036 
5.145522e-121 3.087313e-092 6.174626e-064 3.704776e-035 3.704776e-035 
8.575869e-120 5.145522e-091 3.087313e-062 6.174626e-034 6.174626e-034 
8.575869e-119 8.575869e-090 5.145522e-061 3.087313e-032 3.087313e-032 
3.898122e-118 8.575869e-089 8.575869e-060 5.145522e-031 5.145522e-031 
1.771874e-117 3.898122e-088 8.575869e-059 8.575869e-030 8.575869e-030 
2.953123e-116 1.771874e-087 3.898122e-058 8.575869e-029 8.575869e-029 
7.382808e-115 2.953123e-086 1.771874e-057 3.898122e-028 3.898122e-028 
3.355822e-114 7.382808e-085 2.953123e-056 1.771874e-027 1.771874e-027 
1.677911e-112 3.355822e-084 7.382808e-055 2.953123e-026 2.953123e-026 
4.194777e-111 1.677911e-082 3.355822e-054 7.382808e-025 7.382808e-025 
2.097389e-109 4.194777e-081 1.677911e-052 3.355822e-024 3.355822e-024 
9.533584e-109 2.097389e-079 4.194777e-051 1.677911e-022 1.677911e-022 
4.333447e-108 9.533584e-079 2.097389e-049 4.194777e-021 4.194777e-021 
1.969749e-107 4.333447e-078 9.533584e-049 2.097389e-019 2.097389e-019 
8.953404e-107 1.969749e-077 4.333447e-048 9.533584e-019 9.533584e-019 
4.069729e-106 8.953404e-077 1.969749e-047 4.333447e-018 4.333447e-018 
6.782882e-105 4.069729e-076 8.953404e-047 1.969749e-017 1.969749e-017 
3.083128e-104 6.782882e-075 4.069729e-046 8.953404e-017 8.953404e-017 
1.401422e-103 3.083128e-074 6.782882e-045 4.069729e-016 4.069729e-016 
6.370099e-103 1.401422e-073 3.083128e-044 6.782882e-015 6.782882e-015 
1.061683e-101 6.370099e-073 1.401422e-043 3.083128e-014 3.083128e-014 
8.847360e-101 1.061683e-071 6.370099e-043 1.401422e-013 1.401422e-013 
4.423680e-070 8.847360e-071 1.061683e-041 6.370099e-013 6.370099e-013 
2.211840e-039 4.423680e-040 8.847360e-041 1.061683e-011 1.061683e-011 
1.105920e-008 2.211840e-009 4.423680e-010 8.847360e-011 8.847360e-011 
5.529600e-008 1.105920e-008 2.211840e-009 4.423680e-010 4.423680e-010 
9.216000e-037 5.529600e-008 1.105920e-008 2.211840e-009 2.211840e-009 
7.680000e-066 9.216000e-037 5.529600e-008 1.105920e-008 1.105920e-008 
3.840000e-065 7.680000e-066 9.216000e-037 5.529600e-008 5.529600e-008 
1.920000e-034 3.840000e-035 7.680000e-036 9.216000e-007 9.216000e-007 
9.600000e-004 1.920000e-004 3.840000e-005 7.680000e-006 7.680000e-006 
4.800000e-003 9.600000e-004 1.920000e-004 3.840000e-005 3.840000e-005 
2.400000e-002 4.800000e-003 9.600000e-004 1.920000e-004 1.920000e-004 
1.200000e-001 2.400000e-002 4.800000e-003 9.600000e-004 9.600000e-004 
1.000000e-030 1.200000e-001 2.400000e-002 4.800000e-003 4.800000e-003 
1.000000e-030 1.000000e-030 1.200000e-001 2.400000e-002 2.400000e-002 
1.000000e-030 1.000000e-030 1.000000e-030 1.200000e-001 1.200000e-001 
1.000000e+000 1.000000e+000 1.000000e+000 1.000000e+000 1.000000e+000 


1.000000e+000 0.000000e+000 0.000000e+000 0.000000e+000 0.000000e+000 
6.336662e-178 1.000000e+000 0.000000e+000 0.000000e+000 0.000000e+000 
0.000000e+000 6.336662e-088 1.000000e+000 0.000000e+000 0.000000e+000 
0.000000e+000 4.015328e-175 1.267332e-087 1.000000e+000 0.000000e+000 
0.000000e+000 2.544378e-262 1.204598e-174 1.900998e-087 1.000000e+000 
0.000000e+000 0.000000e+000 1.017751e-261 2.409197e-174 1.000000e+000 
0.000000e+000 0.000000e+000 0.000000e+000 2.544378e-261 1.000000e+000 
0.000000e+000 0.000000e+000 0.000000e+000 0.000000e+000 1.000000e+000 
0.000000e+000 0.000000e+000 0.000000e+000 0.000000e+000 1.000000e+000 
0.000000e+000 0.000000e+000 0.000000e+000 0.000000e+000 1.000000e+000 
0.000000e+000 0.000000e+000 0.000000e+000 0.000000e+000 1.000000e+000 
0.000000e+000 0.000000e+000 0.000000e+000 0.000000e+000 1.000000e+000 
0.000000e+000 0.000000e+000 0.000000e+000 0.000000e+000 1.000000e+000 
0.000000e+000 0.000000e+000 0.000000e+000 0.000000e+000 1.000000e+000 
0.000000e+000 0.000000e+000 0.000000e+000 0.000000e+000 1.000000e+000 
0.000000e+000 0.000000e+000 0.000000e+000 0.000000e+000 1.000000e+000 
0.000000e+000 0.000000e+000 0.000000e+000 0.000000e+000 1.000000e+000 
0.000000e+000 0.000000e+000 0.000000e+000 0.000000e+000 1.000000e+000 
0.000000e+000 0.000000e+000 0.000000e+000 0.000000e+000 1.000000e+000 
0.000000e+000 0.000000e+000 0.000000e+000 0.000000e+000 1.000000e+000 
0.000000e+000 0.000000e+000 0.000000e+000 0.000000e+000 1.000000e+000 
0.000000e+000 0.000000e+000 0.000000e+000 0.000000e+000 1.000000e+000 
0.000000e+000 0.000000e+000 0.000000e+000 0.000000e+000 1.000000e+000 
0.000000e+000 0.000000e+000 0.000000e+000 0.000000e+000 1.000000e+000 
0.000000e+000 0.000000e+000 0.000000e+000 0.000000e+000 1.000000e+000 
0.000000e+000 0.000000e+000 0.000000e+000 0.000000e+000 1.000000e+000 
0.000000e+000 0.000000e+000 0.000000e+000 0.000000e+000 1.000000e+000 
0.000000e+000 0.000000e+000 0.000000e+000 0.000000e+000 1.000000e+000 
0.000000e+000 0.000000e+000 0.000000e+000 0.000000e+000 1.000000e+000 
0.000000e+000 0.000000e+000 0.000000e+000 0.000000e+000 1.000000e+000 
0.000000e+000 0.000000e+000 0.000000e+000 0.000000e+000 1.000000e+000 
0.000000e+000 0.000000e+000 0.000000e+000 0.000000e+000 1.000000e+000 
0.000000e+000 0.000000e+000 0.000000e+000 0.000000e+000 1.000000e+000 
0.000000e+000 0.000000e+000 0.000000e+000 0.000000e+000 1.000000e+000 
0.000000e+000 0.000000e+000 0.000000e+000 0.000000e+000 1.000000e+000 
0.000000e+000 0.000000e+000 0.000000e+000 0.000000e+000 1.000000e+000 
0.000000e+000 0.000000e+000 0.000000e+000 0.000000e+000 1.000000e+000 
0.000000e+000 0.000000e+000 0.000000e+000 0.000000e+000 1.000000e+000 
0.000000e+000 0.000000e+000 0.000000e+000 0.000000e+000 1.000000e+000 
0.000000e+000 0.000000e+000 0.000000e+000 0.000000e+000 1.000000e+000 
0.000000e+000 0.000000e+000 0.000000e+000 0.000000e+000 1.000000e+000 
0.000000e+000 0.000000e+000 0.000000e+000 0.000000e+000 1.000000e+000 
0.000000e+000 0.000000e+000 0.000000e+000 0.000000e+000 1.000000e+000 
0.000000e+000 0.000000e+000 0.000000e+000 0.000000e+000 1.000000e+000 
0.000000e+000 0.000000e+000 0.000000e+000 0.000000e+000 1.000000e+000 
0.000000e+000 0.000000e+000 0.000000e+000 0.000000e+000 1.000000e+000 
0.000000e+000 0.000000e+000 0.000000e+000 0.000000e+000 1.000000e+000 
0.000000e+000 0.000000e+000 0.000000e+000 0.000000e+000 1.000000e+000 
0.000000e+000 0.000000e+000 0.000000e+000 0.000000e+000 1.000000e+000 
0.000000e+000 0.000000e+000 0.000000e+000 0.000000e+000 1.000000e+000 
0.000000e+000 0.000000e+000 0.000000e+000 0.000000e+000 1.000000e+000 
0.000000e+000 0.000000e+000 0.000000e+000 0.000000e+000 1.000000e+000 
0.000000e+000 0.000000e+000 0.000000e+000 0.000000e+000 1.000000e+000 
0.000000e+000 0.000000e+000 0.000000e+000 0.000000e+000 1.000000e+000 



Q star

------------
1  2  3  4  5  5  5  5  5  5  5  5  5  5  5  5  5  5  5  5  5  5  5  5  5  5  5  5  5  5  5  5  5  5  5  5  5  5  5  5  5  5  5  5  5  5  5  5  5  5  5  5  5  5  
------------

P star

-----------
1.474987e-050

A Martrix

6.336662e-178 1.000000e+000 0.000000e+000 0.000000e+000 0.000000e+000 
0.000000e+000 6.336662e-088 1.000000e+000 0.000000e+000 0.000000e+000 
0.000000e+000 0.000000e+000 6.336662e-088 1.000000e+000 0.000000e+000 
0.000000e+000 0.000000e+000 0.000000e+000 6.336662e-088 1.000000e+000 
0.000000e+000 0.000000e+000 0.000000e+000 0.000000e+000 1.000000e+000 

B Martrix

1.000000e-030 1.000000e-030 1.000000e-030 1.000000e-030 1.000000e-030 1.000000e-030 1.000000e-030 1.000000e-030 1.000000e-030 1.000000e-030 1.000000e-030 1.000000e-030 1.000000e-030 1.000000e-030 1.000000e-030 1.000000e-030 1.000000e-030 1.000000e-030 1.000000e-030 1.000000e-030 1.000000e-030 1.000000e-030 1.000000e-030 1.000000e-030 1.000000e-030 1.000000e+000 1.000000e-030 1.000000e-030 1.000000e-030 1.000000e-030 1.000000e-030 1.000000e-030 
1.000000e-030 1.000000e-030 1.000000e-030 1.000000e-030 1.000000e-030 1.000000e-030 1.000000e-030 1.000000e-030 1.000000e-030 1.000000e-030 1.000000e-030 1.000000e-030 1.000000e-030 1.000000e-030 1.000000e-030 1.000000e-030 1.000000e-030 1.000000e-030 1.000000e-030 1.000000e-030 1.000000e-030 1.000000e-030 1.000000e-030 1.000000e-030 1.000000e-030 1.000000e-030 1.000000e-030 1.000000e+000 1.000000e-030 1.000000e-030 1.000000e-030 1.000000e-030 
1.000000e-030 1.000000e-030 1.000000e-030 1.000000e-030 1.000000e-030 1.000000e-030 1.000000e-030 1.000000e-030 1.000000e-030 1.000000e-030 1.000000e-030 1.000000e-030 1.000000e-030 1.000000e-030 1.000000e-030 1.000000e-030 1.000000e-030 1.000000e-030 1.000000e-030 1.000000e-030 1.000000e-030 1.000000e-030 1.000000e-030 1.000000e-030 1.000000e-030 1.000000e-030 1.000000e-030 1.000000e+000 1.000000e-030 1.000000e-030 1.000000e-030 1.000000e-030 
1.000000e-030 1.000000e-030 1.000000e-030 1.000000e-030 1.000000e-030 1.000000e-030 1.000000e-030 1.000000e-030 1.000000e-030 1.000000e-030 1.000000e-030 1.000000e-030 1.000000e-030 1.000000e-030 1.000000e-030 1.000000e-030 1.000000e-030 1.000000e-030 1.000000e-030 1.000000e-030 1.000000e-030 1.000000e-030 1.000000e-030 1.000000e-030 1.000000e-030 1.000000e-030 1.000000e-030 1.000000e+000 1.000000e-030 1.000000e-030 1.000000e-030 1.000000e-030 
1.000000e-030 6.000000e-002 1.000000e-001 2.000000e-002 1.000000e-030 6.000000e-002 2.000000e-002 1.000000e-030 6.000000e-002 2.200000e-001 4.000000e-002 1.200000e-001 2.000000e-002 2.000000e-002 1.000000e-030 1.000000e-030 1.000000e-030 1.000000e-030 2.000000e-002 1.000000e-030 1.000000e-030 1.000000e-030 1.000000e-030 1.000000e-030 1.000000e-030 4.000000e-002 1.000000e-030 2.000000e-001 1.000000e-030 1.000000e-030 1.000000e-030 1.000000e-030 
=================
