20	20	20	19	13	19	20	19	19	11	19	19	19	19	19	19	19	19	19	19	20	19	19	19	19	20	19	19	20	19	19	29	19	19	19	19	19	19	19	19	4	19	13	13	3	13	3	3	3	

P(O|lamda) = 2.287524e-321

1.000000e-030 0.000000e+000 0.000000e+000 0.000000e+000 0.000000e+000 
2.571063e-062 9.742894e-061 0.000000e+000 0.000000e+000 0.000000e+000 
6.610365e-094 6.205654e-092 9.372825e-091 0.000000e+000 0.000000e+000 
1.699566e-125 3.001167e-123 1.814560e-121 8.155259e-121 0.000000e+000 
4.369692e-157 1.305536e-154 2.645899e-152 3.401961e-151 6.332140e-151 
1.123475e-188 5.384622e-186 3.562719e-183 9.907319e-182 5.174803e-152 
2.888526e-220 2.154729e-217 4.679908e-214 2.524786e-212 5.808437e-153 
7.426583e-252 8.465846e-249 6.100107e-245 6.051391e-243 3.349554e-154 
1.909421e-283 3.287984e-280 7.932415e-276 1.405874e-273 1.931589e-155 
4.909242e-315 1.267496e-311 1.030767e-306 3.211870e-304 1.577586e-157 
0.000000e+000 0.000000e+000 0.000000e+000 0.000000e+000 9.097471e-159 
0.000000e+000 0.000000e+000 0.000000e+000 0.000000e+000 5.246243e-160 
0.000000e+000 0.000000e+000 0.000000e+000 0.000000e+000 3.025354e-161 
0.000000e+000 0.000000e+000 0.000000e+000 0.000000e+000 1.744632e-162 
0.000000e+000 0.000000e+000 0.000000e+000 0.000000e+000 1.006078e-163 
0.000000e+000 0.000000e+000 0.000000e+000 0.000000e+000 5.801755e-165 
0.000000e+000 0.000000e+000 0.000000e+000 0.000000e+000 3.345701e-166 
0.000000e+000 0.000000e+000 0.000000e+000 0.000000e+000 1.929367e-167 
0.000000e+000 0.000000e+000 0.000000e+000 0.000000e+000 1.112609e-168 
0.000000e+000 0.000000e+000 0.000000e+000 0.000000e+000 6.416088e-170 
0.000000e+000 0.000000e+000 0.000000e+000 0.000000e+000 7.201712e-171 
0.000000e+000 0.000000e+000 0.000000e+000 0.000000e+000 4.153015e-172 
0.000000e+000 0.000000e+000 0.000000e+000 0.000000e+000 2.394921e-173 
0.000000e+000 0.000000e+000 0.000000e+000 0.000000e+000 1.381080e-174 
0.000000e+000 0.000000e+000 0.000000e+000 0.000000e+000 7.964283e-176 
0.000000e+000 0.000000e+000 0.000000e+000 0.000000e+000 8.939478e-177 
0.000000e+000 0.000000e+000 0.000000e+000 0.000000e+000 5.155133e-178 
0.000000e+000 0.000000e+000 0.000000e+000 0.000000e+000 2.972813e-179 
0.000000e+000 0.000000e+000 0.000000e+000 0.000000e+000 3.336822e-180 
0.000000e+000 0.000000e+000 0.000000e+000 0.000000e+000 1.924247e-181 
0.000000e+000 0.000000e+000 0.000000e+000 0.000000e+000 1.109657e-182 
0.000000e+000 0.000000e+000 0.000000e+000 0.000000e+000 1.109657e-212 
0.000000e+000 0.000000e+000 0.000000e+000 0.000000e+000 6.399062e-214 
0.000000e+000 0.000000e+000 0.000000e+000 0.000000e+000 3.690150e-215 
0.000000e+000 0.000000e+000 0.000000e+000 0.000000e+000 2.128001e-216 
0.000000e+000 0.000000e+000 0.000000e+000 0.000000e+000 1.227155e-217 
0.000000e+000 0.000000e+000 0.000000e+000 0.000000e+000 7.076642e-219 
0.000000e+000 0.000000e+000 0.000000e+000 0.000000e+000 4.080891e-220 
0.000000e+000 0.000000e+000 0.000000e+000 0.000000e+000 2.353329e-221 
0.000000e+000 0.000000e+000 0.000000e+000 0.000000e+000 1.357096e-222 
0.000000e+000 0.000000e+000 0.000000e+000 0.000000e+000 1.121411e-223 
0.000000e+000 0.000000e+000 0.000000e+000 0.000000e+000 6.466847e-225 
0.000000e+000 0.000000e+000 0.000000e+000 0.000000e+000 6.466847e-255 
0.000000e+000 0.000000e+000 0.000000e+000 0.000000e+000 6.466847e-285 
0.000000e+000 0.000000e+000 0.000000e+000 0.000000e+000 1.577506e-286 
0.000000e+000 0.000000e+000 0.000000e+000 0.000000e+000 1.577506e-316 
0.000000e+000 0.000000e+000 0.000000e+000 0.000000e+000 3.848129e-318 
0.000000e+000 0.000000e+000 0.000000e+000 0.000000e+000 9.387247e-320 
0.000000e+000 0.000000e+000 0.000000e+000 0.000000e+000 2.287524e-321 



P(O|lamda) = 4.896217e-092

1.050000e-030 0.000000e+000 0.000000e+000 0.000000e+000 0.000000e+000 
8.711110e-182 2.625000e-031 0.000000e+000 0.000000e+000 0.000000e+000 
0.000000e+000 1.146497e-117 9.187500e-032 0.000000e+000 0.000000e+000 
0.000000e+000 2.002980e-204 8.039063e-034 2.239453e-032 0.000000e+000 
0.000000e+000 3.674366e-320 2.110254e-065 2.167150e-034 1.080533e-033 
0.000000e+000 0.000000e+000 1.846472e-067 8.589651e-036 5.636896e-035 
0.000000e+000 0.000000e+000 1.615663e-069 4.085482e-037 1.356444e-036 
0.000000e+000 0.000000e+000 1.413705e-071 1.619309e-038 7.588917e-038 
0.000000e+000 0.000000e+000 1.236992e-073 6.418246e-040 3.995493e-039 
0.000000e+000 0.000000e+000 4.638720e-076 1.526350e-041 5.066471e-040 
0.000000e+000 0.000000e+000 4.058880e-078 6.049795e-043 2.318743e-041 
0.000000e+000 0.000000e+000 3.551520e-080 2.397879e-044 1.057691e-042 
0.000000e+000 0.000000e+000 3.107580e-082 9.504160e-046 4.811056e-044 
0.000000e+000 0.000000e+000 2.719133e-084 3.767041e-047 2.183107e-045 
0.000000e+000 0.000000e+000 2.379241e-086 1.493093e-048 9.885764e-047 
0.000000e+000 0.000000e+000 2.081836e-088 5.917978e-050 4.468581e-048 
0.000000e+000 0.000000e+000 1.821606e-090 2.345632e-051 2.016775e-049 
0.000000e+000 0.000000e+000 1.593906e-092 9.297077e-053 9.089955e-051 
0.000000e+000 0.000000e+000 1.394667e-094 3.684961e-054 4.092212e-052 
0.000000e+000 0.000000e+000 1.220334e-096 1.460560e-055 1.840396e-053 
0.000000e+000 0.000000e+000 1.067792e-098 6.946839e-057 3.951558e-055 
0.000000e+000 0.000000e+000 9.343182e-101 2.753428e-058 1.789866e-056 
0.000000e+000 0.000000e+000 8.175285e-103 1.091341e-059 8.092468e-058 
0.000000e+000 0.000000e+000 7.153374e-105 4.325605e-061 3.653055e-059 
0.000000e+000 0.000000e+000 6.259202e-107 1.714484e-062 1.646785e-060 
0.000000e+000 0.000000e+000 5.476802e-109 8.154572e-064 3.543166e-062 
0.000000e+000 0.000000e+000 4.792202e-111 3.232122e-065 1.612117e-063 
0.000000e+000 0.000000e+000 4.193177e-113 1.281074e-066 7.317063e-065 
0.000000e+000 0.000000e+000 3.669029e-115 6.093152e-068 1.583634e-066 
0.000000e+000 0.000000e+000 3.210401e-117 2.415063e-069 7.297387e-068 
0.000000e+000 0.000000e+000 2.809101e-119 9.572273e-071 3.347889e-069 
0.000000e+000 0.000000e+000 7.022752e-122 7.588075e-073 4.997174e-070 
0.000000e+000 0.000000e+000 6.144908e-124 3.007587e-074 2.233335e-071 
0.000000e+000 0.000000e+000 5.376794e-126 1.192078e-075 9.979768e-073 
0.000000e+000 0.000000e+000 4.704695e-128 4.724885e-077 4.458939e-074 
0.000000e+000 0.000000e+000 4.116608e-130 1.872741e-078 1.992018e-075 
0.000000e+000 0.000000e+000 3.602032e-132 7.422740e-080 8.898391e-077 
0.000000e+000 0.000000e+000 3.151778e-134 2.942055e-081 3.974578e-078 
0.000000e+000 0.000000e+000 2.757806e-136 1.166104e-082 1.775155e-079 
0.000000e+000 0.000000e+000 2.413080e-138 4.621935e-084 7.927768e-081 
0.000000e+000 0.000000e+000 6.334335e-170 3.663873e-086 1.743675e-082 
0.000000e+000 0.000000e+000 5.542543e-172 1.452202e-087 7.784255e-084 
0.000000e+000 0.000000e+000 1.454918e-203 1.151181e-089 4.464257e-085 
0.000000e+000 0.000000e+000 3.819159e-235 9.125570e-092 2.559898e-086 
0.000000e+000 0.000000e+000 1.002529e-266 1.519133e-122 1.945437e-087 
0.000000e+000 0.000000e+000 2.631639e-298 1.204238e-124 1.115530e-088 
0.000000e+000 0.000000e+000 0.000000e+000 2.004694e-155 8.477626e-090 
0.000000e+000 0.000000e+000 0.000000e+000 3.337213e-186 6.442693e-091 
0.000000e+000 0.000000e+000 0.000000e+000 5.555457e-217 4.896217e-092 



P(O|lamda) = 8.362807e-089

1.052500e-030 0.000000e+000 0.000000e+000 0.000000e+000 0.000000e+000 
6.579164e-063 1.177030e-031 0.000000e+000 0.000000e+000 0.000000e+000 
4.112627e-095 7.864418e-035 3.714875e-032 0.000000e+000 0.000000e+000 
2.570798e-127 2.335410e-039 3.046245e-035 5.766511e-033 0.000000e+000 
1.607002e-159 1.459862e-071 1.437316e-066 2.314212e-036 2.004968e-035 
1.004535e-191 4.335190e-076 1.125938e-069 5.847029e-038 2.091076e-036 
6.279335e-224 2.896591e-079 1.599883e-071 1.500023e-039 6.271396e-037 
3.925204e-256 8.601688e-084 1.253005e-074 3.789920e-041 5.971826e-038 
2.453640e-288 2.554349e-088 9.813348e-078 9.575515e-043 5.678144e-039 
7.286305e-292 1.517074e-092 3.293857e-081 1.116612e-045 3.173122e-040 
4.940656e-324 4.505087e-097 2.579700e-084 2.821202e-047 3.015468e-041 
0.000000e+000 1.337826e-101 2.020382e-087 7.127977e-049 2.865640e-042 
0.000000e+000 3.972795e-106 1.582333e-090 1.800936e-050 2.723255e-043 
0.000000e+000 1.179757e-110 1.239260e-093 4.550200e-052 2.587944e-044 
0.000000e+000 3.503395e-115 9.705695e-097 1.149642e-053 2.459356e-045 
0.000000e+000 1.040365e-119 7.601355e-100 2.904655e-055 2.337158e-046 
0.000000e+000 3.089457e-124 5.953268e-103 7.338828e-057 2.221031e-047 
0.000000e+000 9.174419e-129 4.662510e-106 1.854210e-058 2.110674e-048 
0.000000e+000 2.724426e-133 3.651608e-109 4.684798e-060 2.005801e-049 
0.000000e+000 8.090429e-138 2.859885e-112 1.183649e-061 1.906138e-050 
0.000000e+000 5.405683e-141 4.063671e-114 3.036586e-063 5.584863e-051 
0.000000e+000 1.605266e-145 3.182607e-117 7.672161e-065 5.307367e-052 
0.000000e+000 4.766983e-150 2.492570e-120 1.938429e-066 5.043658e-053 
0.000000e+000 1.415598e-154 1.952143e-123 4.897584e-068 4.793053e-054 
0.000000e+000 4.203747e-159 1.528889e-126 1.237411e-069 4.554900e-055 
0.000000e+000 2.808766e-162 2.172432e-128 3.174510e-071 1.334556e-055 
0.000000e+000 8.340883e-167 1.701416e-131 8.020635e-073 1.268246e-056 
0.000000e+000 2.476900e-171 1.332524e-134 2.026473e-074 1.205230e-057 
0.000000e+000 1.654960e-174 1.893411e-136 5.198805e-076 3.531248e-058 
0.000000e+000 4.914553e-179 1.482891e-139 1.313517e-077 3.355790e-059 
0.000000e+000 1.459421e-183 1.161378e-142 3.318698e-079 3.189051e-060 
0.000000e+000 9.122820e-216 2.598783e-146 1.289990e-082 2.324127e-062 
0.000000e+000 2.709104e-220 2.035328e-149 3.259256e-084 2.208648e-063 
0.000000e+000 8.044927e-225 1.594038e-152 8.234753e-086 2.098906e-064 
0.000000e+000 2.389013e-229 1.248427e-155 2.080572e-087 1.994617e-065 
0.000000e+000 7.094391e-234 9.777493e-159 5.256719e-089 1.895510e-066 
0.000000e+000 2.106743e-238 7.657586e-162 1.328149e-090 1.801328e-067 
0.000000e+000 6.256163e-243 5.997307e-165 3.355668e-092 1.711825e-068 
0.000000e+000 1.857824e-247 4.697001e-168 8.478344e-094 1.626769e-069 
0.000000e+000 5.516976e-252 3.678621e-171 2.142117e-095 1.545940e-070 
0.000000e+000 3.448654e-284 3.292618e-173 6.744455e-097 1.002920e-071 
0.000000e+000 1.024109e-288 2.578729e-176 1.704037e-098 9.530881e-073 
0.000000e+000 6.403091e-321 1.214658e-207 6.623654e-102 3.923903e-075 
0.000000e+000 0.000000e+000 5.721404e-239 2.574639e-105 1.615487e-077 
0.000000e+000 0.000000e+000 2.694952e-270 2.001544e-107 9.619872e-080 
0.000000e+000 0.000000e+000 1.269403e-301 7.780076e-111 3.960541e-082 
0.000000e+000 0.000000e+000 0.000000e+000 6.048290e-113 2.358416e-084 
0.000000e+000 0.000000e+000 0.000000e+000 4.701986e-115 1.404385e-086 
0.000000e+000 0.000000e+000 0.000000e+000 3.655359e-117 8.362807e-089 



P(O|lamda) = 8.133722e-145

1.052625e-030 0.000000e+000 0.000000e+000 0.000000e+000 0.000000e+000 
3.019111e-061 4.307668e-033 0.000000e+000 0.000000e+000 0.000000e+000 
8.659335e-092 6.807826e-036 4.917103e-035 0.000000e+000 0.000000e+000 
2.483648e-122 4.781809e-040 1.815644e-038 2.706918e-037 0.000000e+000 
7.123533e-153 1.414196e-070 6.524536e-069 1.379875e-041 3.553084e-041 
2.043153e-183 9.933295e-075 1.929824e-072 4.062599e-044 2.106343e-043 
5.860118e-214 1.569855e-077 9.991899e-075 1.214504e-046 3.465221e-045 
1.680783e-244 1.102664e-081 2.829015e-078 3.575717e-049 1.683319e-047 
4.820779e-275 7.745100e-086 7.988786e-082 1.052756e-051 8.106733e-050 
3.283893e-278 1.088030e-089 9.661981e-086 1.430539e-055 2.283577e-052 
9.418775e-309 7.642307e-094 2.726739e-089 4.211765e-058 1.085490e-054 
0.000000e+000 5.367947e-098 7.693765e-093 1.240019e-060 5.159050e-057 
0.000000e+000 3.770439e-102 2.170771e-096 3.650840e-063 2.451732e-059 
0.000000e+000 2.648352e-106 6.124687e-100 1.074873e-065 1.165067e-061 
0.000000e+000 1.860199e-110 1.728035e-103 3.164619e-068 5.536214e-064 
0.000000e+000 1.306601e-114 4.875521e-107 9.317208e-071 2.630663e-066 
0.000000e+000 9.177552e-119 1.375591e-110 2.743154e-073 1.250005e-068 
0.000000e+000 6.446301e-123 3.881125e-114 8.076338e-076 5.939561e-071 
0.000000e+000 4.527874e-127 1.095030e-117 2.377819e-078 2.822245e-073 
0.000000e+000 3.180373e-131 3.089542e-121 7.000727e-081 1.341015e-075 
0.000000e+000 5.026253e-134 1.581496e-123 2.092850e-083 1.964550e-077 
0.000000e+000 3.530434e-138 4.462070e-127 6.161727e-086 9.334693e-080 
0.000000e+000 2.479772e-142 1.258939e-130 1.814123e-088 4.435441e-082 
0.000000e+000 1.741789e-146 3.552000e-134 5.341105e-091 2.107529e-084 
0.000000e+000 1.223430e-150 1.002170e-137 1.572517e-093 1.001406e-086 
0.000000e+000 1.933506e-153 5.129974e-140 4.701001e-096 1.467028e-088 
0.000000e+000 1.358092e-157 1.447383e-143 1.384059e-098 6.970677e-091 
0.000000e+000 9.539222e-162 4.083680e-147 4.074920e-101 3.312162e-093 
0.000000e+000 1.507576e-164 2.090382e-149 1.218187e-103 4.852211e-095 
0.000000e+000 1.058919e-168 5.897854e-153 3.586562e-106 2.305559e-097 
0.000000e+000 7.437837e-173 1.664034e-156 1.055948e-108 1.095501e-099 
0.000000e+000 2.199703e-203 1.341413e-160 4.782926e-113 3.991915e-103 
0.000000e+000 1.545069e-207 3.784694e-164 1.408179e-115 1.896784e-105 
0.000000e+000 1.085254e-211 1.067822e-167 4.145933e-118 9.012691e-108 
0.000000e+000 7.622813e-216 3.012779e-171 1.220637e-120 4.282438e-110 
0.000000e+000 5.354254e-220 8.500327e-175 3.593776e-123 2.034828e-112 
0.000000e+000 3.760821e-224 2.398302e-178 1.058072e-125 9.668614e-115 
0.000000e+000 2.641596e-228 6.766626e-182 3.115155e-128 4.594104e-117 
0.000000e+000 1.855454e-232 1.909152e-185 9.171577e-131 2.182918e-119 
0.000000e+000 1.303268e-236 5.386526e-189 2.700277e-133 1.037227e-121 
0.000000e+000 3.854351e-267 1.736877e-191 9.907050e-136 5.152803e-124 
0.000000e+000 2.707292e-271 4.900464e-195 2.916814e-138 2.448387e-126 
0.000000e+000 8.006679e-302 1.663302e-225 1.321173e-142 5.040056e-130 
0.000000e+000 0.000000e+000 5.645534e-256 5.984263e-147 1.037506e-133 
0.000000e+000 0.000000e+000 9.101968e-258 1.138442e-148 1.449361e-135 
0.000000e+000 0.000000e+000 3.089365e-288 5.156582e-153 2.983540e-139 
0.000000e+000 0.000000e+000 4.980804e-290 9.809846e-155 4.167904e-141 
0.000000e+000 0.000000e+000 8.030261e-292 1.866218e-156 5.822420e-143 
0.000000e+000 0.000000e+000 1.294672e-293 3.550281e-158 8.133722e-145 



P(O|lamda) = 1.099515e-034

2.000000e-001 0.000000e+000 0.000000e+000 0.000000e+000 0.000000e+000 
6.133988e-004 1.576018e-001 0.000000e+000 0.000000e+000 0.000000e+000 
1.881290e-006 8.992502e-003 5.890430e-002 0.000000e+000 0.000000e+000 
3.036791e-038 6.086124e-005 9.320417e-003 2.921032e-002 0.000000e+000 
4.902008e-070 4.322140e-036 1.767521e-033 9.555913e-008 5.381487e-004 
7.912853e-102 2.916318e-038 1.558638e-034 1.491094e-008 1.781367e-004 
2.426867e-104 1.574561e-039 1.088483e-035 1.164154e-009 4.642948e-005 
3.917465e-136 1.062418e-041 9.481702e-037 1.816533e-010 1.536725e-005 
6.323597e-168 7.168557e-044 8.253546e-038 2.834498e-011 5.086206e-006 
1.212152e-173 1.209076e-049 2.693792e-043 1.381227e-016 1.881285e-007 
1.956664e-205 8.158114e-052 2.344733e-044 2.155251e-017 6.226568e-008 
3.158460e-237 5.504602e-054 2.040900e-045 3.363029e-018 2.060833e-008 
5.098406e-269 3.714173e-056 1.776437e-046 5.247633e-019 6.820827e-009 
8.229880e-301 2.506099e-058 1.546244e-047 8.188347e-020 2.257518e-009 
0.000000e+000 1.690964e-060 1.345880e-048 1.277700e-020 7.471801e-010 
0.000000e+000 1.140960e-062 1.171479e-049 1.993709e-021 2.472973e-010 
0.000000e+000 7.698511e-065 1.019678e-050 3.110961e-022 8.184904e-011 
0.000000e+000 5.194489e-067 8.875464e-052 4.854309e-023 2.708992e-011 
0.000000e+000 3.504927e-069 7.725370e-053 7.574609e-024 8.966065e-012 
0.000000e+000 2.364913e-071 6.724307e-054 1.181934e-024 2.967536e-012 
0.000000e+000 1.276849e-072 4.691252e-055 9.227809e-026 7.734094e-013 
0.000000e+000 8.615407e-075 4.083353e-056 1.439897e-026 2.559785e-013 
0.000000e+000 5.813156e-077 3.554227e-057 2.246799e-027 8.472229e-014 
0.000000e+000 3.922366e-079 3.093666e-058 3.505880e-028 2.804089e-014 
0.000000e+000 2.646576e-081 2.692785e-059 5.470535e-029 9.280812e-015 
0.000000e+000 1.428923e-082 1.878637e-060 4.271057e-030 2.418797e-015 
0.000000e+000 9.641507e-085 1.635201e-061 6.664510e-031 8.005594e-016 
0.000000e+000 6.505506e-087 1.423309e-062 1.039923e-031 2.649645e-016 
0.000000e+000 3.512413e-088 9.929800e-064 8.119075e-033 6.905595e-017 
0.000000e+000 2.369964e-090 8.643084e-065 1.266891e-033 2.285574e-017 
0.000000e+000 1.599108e-092 7.523102e-066 1.976843e-034 7.564659e-018 
0.000000e+000 1.135628e-123 1.636919e-071 2.569118e-036 1.125027e-018 
0.000000e+000 7.662528e-126 1.424805e-072 4.008822e-037 3.723548e-019 
0.000000e+000 5.170210e-128 1.240177e-073 6.255321e-038 1.232398e-019 
0.000000e+000 3.488545e-130 1.079473e-074 9.760733e-039 4.078921e-020 
0.000000e+000 2.353859e-132 9.395937e-076 1.523054e-039 1.350017e-020 
0.000000e+000 1.588242e-134 8.178400e-077 2.376556e-040 4.468210e-021 
0.000000e+000 1.071650e-136 7.118632e-078 3.708351e-041 1.478862e-021 
0.000000e+000 7.230844e-139 6.196191e-079 5.786469e-042 4.894652e-022 
0.000000e+000 4.878936e-141 5.393281e-080 9.029141e-043 1.620004e-022 
0.000000e+000 3.464840e-172 4.740942e-082 1.187952e-046 7.949195e-024 
0.000000e+000 2.337865e-174 4.126604e-083 1.853668e-047 2.630979e-024 
0.000000e+000 1.660265e-205 7.561173e-114 3.010922e-053 6.549171e-026 
0.000000e+000 1.179059e-236 1.385433e-144 4.890655e-059 1.630254e-027 
0.000000e+000 1.988645e-240 6.029006e-148 3.336444e-062 6.614157e-029 
0.000000e+000 1.412262e-271 1.104694e-178 5.419403e-068 1.646431e-030 
0.000000e+000 2.381975e-275 4.807311e-182 3.697161e-071 6.679788e-032 
0.000000e+000 4.017529e-279 2.092004e-185 2.522233e-074 2.710078e-033 
0.000000e+000 6.776118e-283 9.103799e-189 1.720688e-077 1.099515e-034 



P(O|lamda) = 3.990103e-081

1.000000e-002 0.000000e+000 0.000000e+000 0.000000e+000 0.000000e+000 
5.670450e-089 4.001406e-004 0.000000e+000 0.000000e+000 0.000000e+000 
3.215400e-175 4.002812e-007 7.818226e-006 0.000000e+000 0.000000e+000 
1.919239e-289 5.004141e-011 1.765366e-008 2.252249e-007 0.000000e+000 
0.000000e+000 1.251035e-013 1.142842e-010 6.638340e-009 5.697410e-009 
0.000000e+000 1.563990e-017 1.184700e-013 2.746127e-011 2.640813e-010 
0.000000e+000 1.564539e-020 9.620534e-017 5.173329e-014 3.755741e-012 
0.000000e+000 1.955919e-024 9.754315e-020 1.911231e-016 8.705711e-014 
0.000000e+000 2.445204e-028 9.856055e-023 6.986550e-019 1.997674e-015 
0.000000e+000 7.641262e-036 3.732661e-030 7.952482e-026 3.695616e-018 
0.000000e+000 9.552771e-040 3.769955e-033 2.896432e-028 8.463897e-020 
0.000000e+000 1.194246e-043 3.807458e-036 1.054648e-030 1.938446e-021 
0.000000e+000 1.492994e-047 3.845312e-039 3.839893e-033 4.439533e-023 
0.000000e+000 1.866475e-051 3.883541e-042 1.398048e-035 1.016765e-024 
0.000000e+000 2.333386e-055 3.922149e-045 5.090052e-038 2.328650e-026 
0.000000e+000 2.917097e-059 3.961141e-048 1.853198e-040 5.333197e-028 
0.000000e+000 3.646827e-063 4.000520e-051 6.747164e-043 1.221437e-029 
0.000000e+000 4.559104e-067 4.040291e-054 2.456522e-045 2.797400e-031 
0.000000e+000 5.699592e-071 4.080458e-057 8.943757e-048 6.406754e-033 
0.000000e+000 7.125380e-075 4.121023e-060 3.256262e-050 1.467309e-034 
0.000000e+000 7.127885e-078 3.335909e-063 5.931871e-053 1.912075e-036 
0.000000e+000 8.910970e-082 3.369073e-066 2.159688e-055 4.379135e-038 
0.000000e+000 1.114010e-085 3.402567e-069 7.863038e-058 1.002933e-039 
0.000000e+000 1.392687e-089 3.436393e-072 2.862791e-060 2.296970e-041 
0.000000e+000 1.741077e-093 3.470556e-075 1.042291e-062 5.260642e-043 
0.000000e+000 1.741689e-096 2.809365e-078 1.898722e-065 6.855232e-045 
0.000000e+000 2.177383e-100 2.837294e-081 6.912907e-068 1.570022e-046 
0.000000e+000 2.722069e-104 2.865501e-084 2.516866e-070 3.595747e-048 
0.000000e+000 2.723026e-107 2.319582e-087 4.584927e-073 4.685679e-050 
0.000000e+000 3.404207e-111 2.342642e-090 1.669290e-075 1.073139e-051 
0.000000e+000 4.255791e-115 2.365931e-093 6.077586e-078 2.457760e-053 
0.000000e+000 5.319739e-117 1.911400e-095 1.492591e-079 4.069603e-055 
0.000000e+000 6.650505e-121 1.930402e-098 5.434258e-082 9.320420e-057 
0.000000e+000 8.314170e-125 1.949593e-101 1.978516e-084 2.134612e-058 
0.000000e+000 1.039401e-128 1.968975e-104 7.203424e-087 4.888801e-060 
0.000000e+000 1.299414e-132 1.988549e-107 2.622638e-089 1.119659e-061 
0.000000e+000 1.624470e-136 2.008319e-110 9.548555e-092 2.564303e-063 
0.000000e+000 2.030842e-140 2.028284e-113 3.476458e-094 5.872902e-065 
0.000000e+000 2.538870e-144 2.048448e-116 1.265716e-096 1.345043e-066 
0.000000e+000 3.173984e-148 2.068813e-119 4.608247e-099 3.080489e-068 
0.000000e+000 8.352592e-180 2.110089e-123 1.414669e-104 3.993035e-070 
0.000000e+000 1.044205e-183 2.131066e-126 5.150558e-107 9.145060e-072 
0.000000e+000 2.610511e-186 1.291238e-128 9.369806e-109 2.632671e-073 
0.000000e+000 6.526278e-189 7.823765e-131 1.704539e-110 7.578906e-075 
0.000000e+000 2.039462e-194 3.950426e-136 2.713254e-115 4.956196e-076 
0.000000e+000 5.098655e-197 2.393610e-138 4.935904e-117 1.426785e-077 
0.000000e+000 1.593330e-202 1.208597e-143 7.856881e-122 9.330401e-079 
0.000000e+000 4.979155e-208 6.102527e-149 1.250644e-126 6.101578e-080 
0.000000e+000 1.555986e-213 3.081327e-154 1.990752e-131 3.990103e-081 



P(O|lamda) = 6.922457e-235

5.000000e-004 0.000000e+000 0.000000e+000 0.000000e+000 0.000000e+000 
2.500000e-007 8.758213e-097 0.000000e+000 0.000000e+000 0.000000e+000 
1.250000e-010 1.839717e-099 1.755118e-100 0.000000e+000 0.000000e+000 
1.315790e-040 3.953528e-103 6.354966e-103 5.268920e-104 0.000000e+000 
6.578950e-043 1.581411e-105 4.406008e-105 1.269383e-105 1.516811e-107 
6.925213e-073 3.163218e-109 4.801780e-108 2.846989e-108 3.080900e-109 
3.462607e-076 5.062928e-112 3.912435e-111 2.431800e-111 5.717346e-112 
3.644851e-106 1.012712e-115 4.039361e-114 4.094662e-114 1.211652e-114 
3.836686e-136 2.025678e-119 4.065033e-117 6.129551e-117 2.325274e-117 
1.198964e-142 1.012839e-126 1.526286e-124 2.679678e-124 3.283765e-121 
1.262068e-172 2.025932e-130 1.528952e-127 3.675988e-127 3.760939e-124 
1.328494e-202 4.052371e-134 1.529592e-130 4.873170e-130 4.307590e-127 
1.398415e-232 8.105757e-138 1.529826e-133 6.310953e-133 4.933850e-130 
1.472016e-262 1.621354e-141 1.529980e-136 8.037532e-136 5.651325e-133 
1.549491e-292 3.243115e-145 1.530117e-139 1.011088e-138 6.473320e-136 
1.630417e-322 6.487042e-149 1.530252e-142 1.260062e-141 7.415083e-139 
0.000000e+000 1.297571e-152 1.530385e-145 1.559037e-144 8.494090e-142 
0.000000e+000 2.595466e-156 1.530519e-148 1.918054e-147 9.730374e-145 
0.000000e+000 5.191583e-160 1.530652e-151 2.349170e-150 1.114690e-147 
0.000000e+000 1.038447e-163 1.530786e-154 2.866865e-153 1.276998e-150 
0.000000e+000 1.662099e-166 1.227058e-157 1.745477e-156 8.324125e-154 
0.000000e+000 3.324613e-170 1.227165e-160 2.132828e-159 9.536169e-157 
0.000000e+000 6.650059e-174 1.227272e-163 2.597967e-162 1.092500e-159 
0.000000e+000 1.330178e-177 1.227379e-166 3.156516e-165 1.251645e-162 
0.000000e+000 2.660690e-181 1.227486e-169 3.827231e-168 1.434014e-165 
0.000000e+000 4.258600e-184 9.839373e-173 2.317934e-171 9.348428e-169 
0.000000e+000 8.518266e-188 9.840231e-176 2.812942e-174 1.071044e-171 
0.000000e+000 1.703866e-191 9.841089e-179 3.407358e-177 1.227124e-174 
0.000000e+000 2.727145e-194 7.888491e-182 2.062008e-180 7.999871e-178 
0.000000e+000 5.454972e-198 7.889179e-185 2.499767e-183 9.165583e-181 
0.000000e+000 1.091131e-201 7.889867e-188 3.025436e-186 1.050147e-183 
0.000000e+000 2.182262e-203 6.311913e-190 2.466585e-188 8.699272e-187 
0.000000e+000 4.365071e-207 6.312463e-193 2.980855e-191 1.001825e-189 
0.000000e+000 8.731234e-211 6.313013e-196 3.598399e-194 1.154043e-192 
0.000000e+000 1.746465e-214 6.313564e-199 4.339956e-197 1.329766e-195 
0.000000e+000 3.493368e-218 6.314114e-202 5.230428e-200 1.532689e-198 
0.000000e+000 6.987611e-222 6.314665e-205 6.299720e-203 1.767101e-201 
0.000000e+000 1.397697e-225 6.315216e-208 7.583741e-206 2.037982e-204 
0.000000e+000 2.795744e-229 6.315766e-211 9.125612e-209 2.351114e-207 
0.000000e+000 5.592189e-233 6.316317e-214 1.097711e-211 2.713222e-210 
0.000000e+000 4.709214e-263 6.379480e-218 1.113031e-217 1.772714e-213 
0.000000e+000 9.419606e-267 6.380037e-221 1.528056e-220 2.030007e-216 
0.000000e+000 3.767843e-269 3.828022e-223 1.012537e-222 2.922026e-219 
0.000000e+000 1.507137e-271 2.296813e-225 6.649437e-225 4.206241e-222 
0.000000e+000 7.535685e-277 1.148407e-230 3.792411e-230 1.375762e-224 
0.000000e+000 3.014274e-279 6.890439e-233 2.447713e-232 1.980266e-227 
0.000000e+000 1.507137e-284 3.445220e-238 1.375486e-237 6.474951e-230 
0.000000e+000 7.535685e-290 1.722610e-243 7.673488e-243 2.117134e-232 
0.000000e+000 3.767843e-295 8.613049e-249 4.254674e-248 6.922457e-235 



P(O|lamda) = 6.966074e-069

4.191667e-003 0.000000e+000 0.000000e+000 0.000000e+000 0.000000e+000 
8.785036e-007 3.983485e-007 0.000000e+000 0.000000e+000 0.000000e+000 
1.841197e-010 8.508118e-011 1.915867e-011 0.000000e+000 0.000000e+000 
9.690516e-042 2.229241e-015 4.156842e-012 1.781694e-012 0.000000e+000 
1.211314e-046 2.229241e-020 4.453437e-014 1.649453e-015 3.277014e-014 
6.375342e-078 1.114759e-026 1.576948e-016 4.191183e-015 1.936322e-015 
1.336166e-081 4.460607e-032 5.587980e-022 5.282421e-020 4.829370e-016 
7.032453e-113 2.230582e-038 1.978672e-024 1.641434e-021 2.756759e-017 
3.701293e-144 1.115430e-044 7.006369e-027 4.957437e-023 1.573591e-018 
9.253235e-147 4.461721e-047 4.955637e-029 2.236819e-024 4.475197e-020 
4.870126e-178 2.231139e-053 1.754764e-031 6.730995e-026 2.554479e-021 
2.563225e-209 1.115709e-059 6.213520e-034 2.025357e-027 1.458094e-022 
1.349066e-240 5.579239e-066 2.200173e-036 6.094256e-029 8.322710e-024 
7.100352e-272 2.789968e-072 7.790690e-039 1.833747e-030 4.750530e-025 
3.737029e-303 1.395158e-078 2.758640e-041 5.517701e-032 2.711554e-026 
0.000000e+000 6.976660e-085 9.768190e-044 1.660263e-033 1.547726e-027 
0.000000e+000 3.488765e-091 3.458862e-046 4.995692e-035 8.834243e-029 
0.000000e+000 1.744600e-097 1.224764e-048 1.503192e-036 5.042485e-030 
0.000000e+000 8.724091e-104 4.336820e-051 4.523068e-038 2.878192e-031 
0.000000e+000 4.362590e-110 1.535644e-053 1.360980e-039 1.642838e-032 
0.000000e+000 1.745650e-115 5.441617e-059 1.536641e-044 1.630025e-033 
0.000000e+000 8.729340e-122 1.926846e-061 4.623717e-046 9.303990e-035 
0.000000e+000 4.365215e-128 6.822856e-064 1.391265e-047 5.310609e-036 
0.000000e+000 2.182880e-134 2.415935e-066 4.186284e-049 3.031233e-037 
0.000000e+000 1.091576e-140 8.554692e-069 1.259643e-050 1.730193e-038 
0.000000e+000 4.367841e-146 3.031390e-074 1.422224e-055 1.716697e-039 
0.000000e+000 2.184193e-152 1.073398e-076 4.279439e-057 9.798708e-041 
0.000000e+000 1.092233e-158 3.800844e-079 1.287673e-058 5.592988e-042 
0.000000e+000 4.370469e-164 1.346845e-084 1.453872e-063 5.549364e-043 
0.000000e+000 2.185507e-170 4.769102e-087 4.374667e-065 3.167512e-044 
0.000000e+000 1.092890e-176 1.688712e-089 1.316327e-066 1.807979e-045 
0.000000e+000 5.464450e-181 6.031892e-092 2.003651e-070 7.374510e-048 
0.000000e+000 2.732566e-187 2.135859e-094 6.028939e-072 4.209284e-049 
0.000000e+000 1.366454e-193 7.562959e-097 1.814093e-073 2.402610e-050 
0.000000e+000 6.833121e-200 2.678002e-099 5.458563e-075 1.371382e-051 
0.000000e+000 3.416987e-206 9.482655e-102 1.642469e-076 7.827686e-053 
0.000000e+000 1.708707e-212 3.357755e-104 4.942149e-078 4.467952e-054 
0.000000e+000 8.544599e-219 1.188963e-106 1.487081e-079 2.550255e-055 
0.000000e+000 4.272833e-225 4.210050e-109 4.474590e-081 1.455655e-056 
0.000000e+000 2.136683e-231 1.490755e-111 1.346393e-082 8.308711e-058 
0.000000e+000 4.273366e-234 5.272756e-114 2.024115e-084 8.333139e-059 
0.000000e+000 2.136950e-240 1.867054e-116 6.090514e-086 4.756458e-060 
0.000000e+000 2.136950e-245 1.985815e-118 6.867186e-090 1.250973e-061 
0.000000e+000 2.136950e-250 2.112132e-120 7.742901e-094 3.290122e-063 
0.000000e+000 2.136952e-252 2.987846e-122 3.492115e-095 3.116485e-064 
0.000000e+000 2.136952e-257 3.177900e-124 3.937435e-099 8.196514e-066 
0.000000e+000 2.136955e-259 4.495494e-126 1.775817e-100 7.763939e-067 
0.000000e+000 2.136957e-261 6.359376e-128 8.009088e-102 7.354194e-068 
0.000000e+000 2.136960e-263 8.996046e-130 3.612168e-103 6.966074e-069 



P(O|lamda) = 4.380215e-124

2.095833e-004 0.000000e+000 0.000000e+000 0.000000e+000 0.000000e+000 
4.392516e-009 9.434565e-010 0.000000e+000 0.000000e+000 0.000000e+000 
9.205980e-014 2.015079e-014 2.174256e-015 0.000000e+000 0.000000e+000 
9.690509e-045 5.279777e-020 4.684014e-017 1.000908e-017 0.000000e+000 
1.211314e-050 5.279777e-026 2.853956e-020 8.357646e-022 1.121453e-020 
1.275067e-081 2.640219e-033 5.715168e-024 1.319993e-022 4.894617e-023 
2.672329e-086 1.056459e-039 1.145302e-030 1.239572e-024 4.518594e-024 
2.812979e-117 5.282954e-047 2.293467e-034 9.178205e-028 2.287841e-026 
2.961031e-148 2.641807e-054 4.592668e-038 6.795818e-031 9.710094e-029 
7.402581e-152 1.056723e-057 1.837067e-041 7.542072e-034 1.388949e-031 
7.792194e-183 5.284274e-065 3.678727e-045 5.584368e-037 5.726535e-034 
8.202312e-214 2.642467e-072 7.366651e-049 4.134828e-040 2.352089e-036 
8.634016e-245 1.321399e-079 1.475172e-052 3.061546e-043 9.654279e-039 
9.088442e-276 6.607819e-087 2.954031e-056 2.266857e-046 3.962166e-041 
9.566785e-307 3.304322e-094 5.915448e-060 1.678446e-049 1.626058e-043 
0.000000e+000 1.652368e-101 1.184568e-063 1.242770e-052 6.673250e-046 
0.000000e+000 8.262871e-109 2.372098e-067 9.201827e-056 2.738663e-048 
0.000000e+000 4.131952e-116 4.750127e-071 6.813298e-059 1.123931e-050 
0.000000e+000 2.066234e-123 9.512129e-075 5.044763e-062 4.612547e-053 
0.000000e+000 1.033246e-130 1.904804e-078 3.735288e-065 1.892962e-055 
0.000000e+000 4.134438e-137 3.817168e-085 2.763744e-067 5.299158e-057 
0.000000e+000 2.067477e-144 7.643878e-089 2.046356e-070 2.174743e-059 
0.000000e+000 1.033868e-151 1.530687e-092 1.515181e-073 8.925018e-062 
0.000000e+000 5.169985e-159 3.065200e-096 1.121884e-076 3.662775e-064 
0.000000e+000 2.585315e-166 6.138063e-100 8.306751e-080 1.503181e-066 
0.000000e+000 1.034490e-172 1.230049e-106 6.146176e-082 4.208005e-068 
0.000000e+000 5.173095e-180 2.463172e-110 4.550806e-085 1.726941e-070 
0.000000e+000 2.586871e-187 4.932503e-114 3.369548e-088 7.087262e-073 
0.000000e+000 1.035112e-193 9.884581e-121 2.493133e-090 1.984008e-074 
0.000000e+000 5.176207e-201 1.979387e-124 1.845988e-093 8.142253e-077 
0.000000e+000 2.588427e-208 3.963723e-128 1.366823e-096 3.341532e-079 
0.000000e+000 1.294214e-213 8.006721e-132 5.119592e-102 6.814838e-083 
0.000000e+000 6.471876e-221 1.603346e-135 3.790693e-105 2.796769e-085 
0.000000e+000 3.236342e-228 3.210700e-139 2.806739e-108 1.147778e-087 
0.000000e+000 1.618373e-235 6.429427e-143 2.078190e-111 4.710412e-090 
0.000000e+000 8.092878e-243 1.287493e-146 1.538752e-114 1.933125e-092 
0.000000e+000 4.046945e-250 2.578204e-150 1.139336e-117 7.933432e-095 
0.000000e+000 2.023725e-257 5.162854e-154 8.435975e-121 3.255834e-097 
0.000000e+000 1.011989e-264 1.033862e-157 6.246240e-124 1.336175e-099 
0.000000e+000 5.060578e-272 2.070308e-161 4.624896e-127 5.483583e-102 
0.000000e+000 2.125443e-274 8.695345e-164 1.710921e-130 9.328233e-104 
0.000000e+000 1.062854e-281 1.741243e-167 1.266815e-133 3.828252e-106 
0.000000e+000 1.062854e-287 1.047358e-170 3.514819e-139 5.034250e-109 
0.000000e+000 1.062854e-293 6.299856e-174 9.751976e-145 6.620170e-112 
0.000000e+000 1.062856e-296 5.039895e-177 1.082287e-147 3.135394e-114 
0.000000e+000 1.062856e-302 3.031497e-180 3.002838e-153 4.123125e-117 
0.000000e+000 1.062858e-305 2.425202e-183 3.332588e-156 1.952763e-119 
0.000000e+000 1.062859e-308 1.940166e-186 3.698548e-159 9.248524e-122 
0.000000e+000 1.062861e-311 1.552136e-189 4.104695e-162 4.380215e-124 



P(O|lamda) = 8.229592e-118

1.047917e-005 0.000000e+000 0.000000e+000 0.000000e+000 0.000000e+000 
2.214635e-093 2.620714e-012 0.000000e+000 0.000000e+000 0.000000e+000 
4.680341e-181 1.634200e-020 3.200548e-019 0.000000e+000 0.000000e+000 
1.415850e-264 2.037363e-023 1.198733e-021 7.807717e-023 0.000000e+000 
0.000000e+000 1.269997e-025 9.969686e-024 1.179493e-022 1.985659e-024 
0.000000e+000 1.583310e-028 1.866750e-026 6.453146e-027 4.644711e-025 
0.000000e+000 9.873054e-037 7.763368e-035 4.770521e-029 4.745212e-027 
0.000000e+000 1.230877e-039 1.452833e-037 1.626352e-033 2.140469e-029 
0.000000e+000 1.534539e-042 2.417381e-040 5.547993e-038 9.572734e-032 
0.000000e+000 1.922680e-045 1.880947e-045 2.923339e-042 1.982607e-034 
0.000000e+000 2.397013e-048 9.632250e-047 1.001193e-046 8.866151e-037 
0.000000e+000 2.988365e-051 2.375410e-049 2.691102e-050 3.964913e-039 
0.000000e+000 3.725606e-054 4.429417e-052 5.886540e-053 1.773096e-041 
0.000000e+000 4.644727e-057 7.356892e-055 1.100622e-055 7.929223e-044 
0.000000e+000 5.790598e-060 1.146494e-057 1.832231e-058 3.545921e-046 
0.000000e+000 7.219160e-063 1.715933e-060 2.859329e-061 1.585724e-048 
0.000000e+000 9.000154e-066 2.497453e-063 4.283487e-064 7.091304e-051 
0.000000e+000 1.122053e-068 3.561262e-066 6.238552e-067 3.171207e-053 
0.000000e+000 1.398867e-071 4.999357e-069 8.900357e-070 1.418153e-055 
0.000000e+000 1.743973e-074 6.932016e-072 1.249933e-072 6.341932e-058 
0.000000e+000 1.087490e-082 2.377810e-080 1.732438e-074 6.402326e-060 
0.000000e+000 1.355778e-085 3.503359e-083 5.906167e-079 2.863099e-062 
0.000000e+000 1.690254e-088 5.041222e-086 2.014344e-083 1.280368e-064 
0.000000e+000 2.107246e-091 7.126756e-089 6.990145e-088 5.725762e-067 
0.000000e+000 2.627111e-094 9.937113e-092 4.121600e-092 2.560541e-069 
0.000000e+000 1.638190e-102 3.424138e-100 2.562837e-094 2.584925e-071 
0.000000e+000 2.042337e-105 5.080240e-103 8.737130e-099 1.155970e-073 
0.000000e+000 2.546189e-108 7.347603e-106 2.979842e-103 5.169458e-076 
0.000000e+000 1.587729e-116 2.605567e-114 1.033055e-106 5.218686e-078 
0.000000e+000 1.979428e-119 4.032507e-117 3.521822e-111 2.333779e-080 
0.000000e+000 2.467760e-122 6.007375e-120 1.200645e-115 1.043658e-082 
0.000000e+000 6.153318e-125 2.194863e-125 8.183312e-118 1.318264e-084 
0.000000e+000 7.671365e-128 3.034887e-126 2.789799e-122 5.895233e-087 
0.000000e+000 9.563919e-131 7.542479e-129 9.518194e-127 2.636328e-089 
0.000000e+000 1.192337e-133 1.410117e-131 3.428876e-131 1.178957e-091 
0.000000e+000 1.486492e-136 2.345156e-134 4.608920e-135 5.272255e-094 
0.000000e+000 1.853215e-139 3.657560e-137 5.878119e-138 2.357735e-096 
0.000000e+000 2.310410e-142 5.477070e-140 9.122987e-141 1.054371e-098 
0.000000e+000 2.880396e-145 7.974592e-143 1.367229e-143 4.715111e-101 
0.000000e+000 3.591001e-148 1.137464e-145 1.992008e-146 2.108581e-103 
0.000000e+000 2.350379e-152 8.364102e-150 1.420310e-149 2.499040e-105 
0.000000e+000 2.930226e-155 1.160241e-152 2.524620e-153 1.117562e-107 
0.000000e+000 1.826565e-157 6.369285e-155 1.165723e-153 3.290567e-109 
0.000000e+000 1.138595e-159 3.539086e-157 2.209516e-155 9.688795e-111 
0.000000e+000 2.856723e-162 1.495155e-159 8.402178e-157 3.992980e-112 
0.000000e+000 1.780747e-164 8.028215e-162 1.159495e-158 1.175699e-113 
0.000000e+000 4.467875e-167 3.273969e-164 3.975432e-160 4.845332e-115 
0.000000e+000 1.120985e-169 1.294147e-166 1.357091e-161 1.996875e-116 
0.000000e+000 2.812541e-172 5.020885e-169 4.630284e-163 8.229592e-118 



Max probability = 1.099515e-034

Utterance recognised as 4