18	18	18	18	18	18	1	8	1	18	18	8	18	4	8	18	18	18	8	12	8	18	12	10	28	28	28	28	28	28	28	28	12	28	12	12	28	28	28	28	28	28	28	28	

P(O|lamda) = 0.000000e+000

1.000000e-030 0.000000e+000 0.000000e+000 0.000000e+000 0.000000e+000 
2.571063e-062 9.742894e-061 0.000000e+000 0.000000e+000 0.000000e+000 
6.610365e-094 6.205654e-092 9.372825e-091 0.000000e+000 0.000000e+000 
1.699566e-125 3.001167e-123 1.814560e-121 8.155259e-121 0.000000e+000 
4.369692e-157 1.305536e-154 2.645899e-152 3.401961e-151 1.077948e-123 
1.123475e-188 5.384622e-186 3.562719e-183 9.907319e-182 1.835038e-126 
2.888526e-220 2.154729e-217 4.679908e-214 2.524786e-212 1.835038e-156 
7.426583e-252 8.465846e-249 6.100107e-245 6.051391e-243 1.835038e-186 
1.909421e-283 3.287984e-280 7.932415e-276 1.405874e-273 1.835038e-216 
4.909242e-315 1.267496e-311 1.030767e-306 3.211870e-304 3.123866e-219 
0.000000e+000 0.000000e+000 0.000000e+000 0.000000e+000 5.317895e-222 
0.000000e+000 0.000000e+000 0.000000e+000 0.000000e+000 5.317895e-252 
0.000000e+000 0.000000e+000 0.000000e+000 0.000000e+000 9.052887e-255 
0.000000e+000 0.000000e+000 0.000000e+000 0.000000e+000 7.480688e-256 
0.000000e+000 0.000000e+000 0.000000e+000 0.000000e+000 7.480688e-286 
0.000000e+000 0.000000e+000 0.000000e+000 0.000000e+000 1.273470e-288 
0.000000e+000 0.000000e+000 0.000000e+000 0.000000e+000 2.167885e-291 
0.000000e+000 0.000000e+000 0.000000e+000 0.000000e+000 3.690485e-294 
0.000000e+000 0.000000e+000 0.000000e+000 0.000000e+000 4.940656e-324 
0.000000e+000 0.000000e+000 0.000000e+000 0.000000e+000 0.000000e+000 
0.000000e+000 0.000000e+000 0.000000e+000 0.000000e+000 0.000000e+000 
0.000000e+000 0.000000e+000 0.000000e+000 0.000000e+000 0.000000e+000 
0.000000e+000 0.000000e+000 0.000000e+000 0.000000e+000 0.000000e+000 
0.000000e+000 0.000000e+000 0.000000e+000 0.000000e+000 0.000000e+000 
0.000000e+000 0.000000e+000 0.000000e+000 0.000000e+000 0.000000e+000 
0.000000e+000 0.000000e+000 0.000000e+000 0.000000e+000 0.000000e+000 
0.000000e+000 0.000000e+000 0.000000e+000 0.000000e+000 0.000000e+000 
0.000000e+000 0.000000e+000 0.000000e+000 0.000000e+000 0.000000e+000 
0.000000e+000 0.000000e+000 0.000000e+000 0.000000e+000 0.000000e+000 
0.000000e+000 0.000000e+000 0.000000e+000 0.000000e+000 0.000000e+000 
0.000000e+000 0.000000e+000 0.000000e+000 0.000000e+000 0.000000e+000 
0.000000e+000 0.000000e+000 0.000000e+000 0.000000e+000 0.000000e+000 
0.000000e+000 0.000000e+000 0.000000e+000 0.000000e+000 0.000000e+000 
0.000000e+000 0.000000e+000 0.000000e+000 0.000000e+000 0.000000e+000 
0.000000e+000 0.000000e+000 0.000000e+000 0.000000e+000 0.000000e+000 
0.000000e+000 0.000000e+000 0.000000e+000 0.000000e+000 0.000000e+000 
0.000000e+000 0.000000e+000 0.000000e+000 0.000000e+000 0.000000e+000 
0.000000e+000 0.000000e+000 0.000000e+000 0.000000e+000 0.000000e+000 
0.000000e+000 0.000000e+000 0.000000e+000 0.000000e+000 0.000000e+000 
0.000000e+000 0.000000e+000 0.000000e+000 0.000000e+000 0.000000e+000 
0.000000e+000 0.000000e+000 0.000000e+000 0.000000e+000 0.000000e+000 
0.000000e+000 0.000000e+000 0.000000e+000 0.000000e+000 0.000000e+000 
0.000000e+000 0.000000e+000 0.000000e+000 0.000000e+000 0.000000e+000 
0.000000e+000 0.000000e+000 0.000000e+000 0.000000e+000 0.000000e+000 



P(O|lamda) = 0.000000e+000

1.050000e-030 0.000000e+000 0.000000e+000 0.000000e+000 0.000000e+000 
8.711110e-182 1.102500e-060 0.000000e+000 0.000000e+000 0.000000e+000 
0.000000e+000 2.022421e-176 1.157625e-090 0.000000e+000 0.000000e+000 
0.000000e+000 3.709919e-292 3.038766e-122 1.185119e-120 0.000000e+000 
0.000000e+000 0.000000e+000 7.976760e-154 2.283960e-151 8.488112e-125 
0.000000e+000 0.000000e+000 2.093899e-185 3.883769e-182 7.224843e-129 
0.000000e+000 0.000000e+000 5.496486e-217 6.486744e-213 7.586085e-159 
0.000000e+000 0.000000e+000 1.442828e-248 1.080411e-243 7.965389e-189 
0.000000e+000 0.000000e+000 3.787422e-280 1.798706e-274 8.363659e-219 
0.000000e+000 0.000000e+000 9.941984e-312 2.994344e-305 7.118911e-223 
0.000000e+000 0.000000e+000 0.000000e+000 0.000000e+000 6.059417e-227 
0.000000e+000 0.000000e+000 0.000000e+000 0.000000e+000 6.362388e-257 
0.000000e+000 0.000000e+000 0.000000e+000 0.000000e+000 5.415486e-261 
0.000000e+000 0.000000e+000 0.000000e+000 0.000000e+000 1.190526e-262 
0.000000e+000 0.000000e+000 0.000000e+000 0.000000e+000 1.250053e-292 
0.000000e+000 0.000000e+000 0.000000e+000 0.000000e+000 1.064010e-296 
0.000000e+000 0.000000e+000 0.000000e+000 0.000000e+000 9.056551e-301 
0.000000e+000 0.000000e+000 0.000000e+000 0.000000e+000 7.708682e-305 
0.000000e+000 0.000000e+000 0.000000e+000 0.000000e+000 0.000000e+000 
0.000000e+000 0.000000e+000 0.000000e+000 0.000000e+000 0.000000e+000 
0.000000e+000 0.000000e+000 0.000000e+000 0.000000e+000 0.000000e+000 
0.000000e+000 0.000000e+000 0.000000e+000 0.000000e+000 0.000000e+000 
0.000000e+000 0.000000e+000 0.000000e+000 0.000000e+000 0.000000e+000 
0.000000e+000 0.000000e+000 0.000000e+000 0.000000e+000 0.000000e+000 
0.000000e+000 0.000000e+000 0.000000e+000 0.000000e+000 0.000000e+000 
0.000000e+000 0.000000e+000 0.000000e+000 0.000000e+000 0.000000e+000 
0.000000e+000 0.000000e+000 0.000000e+000 0.000000e+000 0.000000e+000 
0.000000e+000 0.000000e+000 0.000000e+000 0.000000e+000 0.000000e+000 
0.000000e+000 0.000000e+000 0.000000e+000 0.000000e+000 0.000000e+000 
0.000000e+000 0.000000e+000 0.000000e+000 0.000000e+000 0.000000e+000 
0.000000e+000 0.000000e+000 0.000000e+000 0.000000e+000 0.000000e+000 
0.000000e+000 0.000000e+000 0.000000e+000 0.000000e+000 0.000000e+000 
0.000000e+000 0.000000e+000 0.000000e+000 0.000000e+000 0.000000e+000 
0.000000e+000 0.000000e+000 0.000000e+000 0.000000e+000 0.000000e+000 
0.000000e+000 0.000000e+000 0.000000e+000 0.000000e+000 0.000000e+000 
0.000000e+000 0.000000e+000 0.000000e+000 0.000000e+000 0.000000e+000 
0.000000e+000 0.000000e+000 0.000000e+000 0.000000e+000 0.000000e+000 
0.000000e+000 0.000000e+000 0.000000e+000 0.000000e+000 0.000000e+000 
0.000000e+000 0.000000e+000 0.000000e+000 0.000000e+000 0.000000e+000 
0.000000e+000 0.000000e+000 0.000000e+000 0.000000e+000 0.000000e+000 
0.000000e+000 0.000000e+000 0.000000e+000 0.000000e+000 0.000000e+000 
0.000000e+000 0.000000e+000 0.000000e+000 0.000000e+000 0.000000e+000 
0.000000e+000 0.000000e+000 0.000000e+000 0.000000e+000 0.000000e+000 
0.000000e+000 0.000000e+000 0.000000e+000 0.000000e+000 0.000000e+000 



P(O|lamda) = 0.000000e+000

1.052500e-030 0.000000e+000 0.000000e+000 0.000000e+000 0.000000e+000 
6.579164e-063 1.101177e-060 0.000000e+000 0.000000e+000 0.000000e+000 
4.112627e-095 1.376689e-092 1.152105e-090 0.000000e+000 0.000000e+000 
2.570798e-127 1.290849e-124 6.867119e-122 1.158323e-120 0.000000e+000 
1.607002e-159 1.075878e-156 3.369673e-153 2.585948e-151 4.163191e-126 
1.004535e-191 8.406622e-189 1.598473e-184 4.570542e-182 1.771796e-131 
6.279335e-224 6.305962e-221 7.538081e-216 7.640141e-213 1.864815e-161 
3.925204e-256 4.598824e-253 3.551321e-247 1.257844e-243 1.962718e-191 
2.453640e-288 3.285393e-285 1.672826e-278 2.061960e-274 2.065760e-221 
1.533580e-320 2.310407e-317 7.879545e-310 3.375962e-305 8.791587e-227 
0.000000e+000 0.000000e+000 0.000000e+000 0.000000e+000 3.741576e-232 
0.000000e+000 0.000000e+000 0.000000e+000 0.000000e+000 3.938009e-262 
0.000000e+000 0.000000e+000 0.000000e+000 0.000000e+000 1.675962e-267 
0.000000e+000 0.000000e+000 0.000000e+000 0.000000e+000 1.087272e-268 
0.000000e+000 0.000000e+000 0.000000e+000 0.000000e+000 1.144353e-298 
0.000000e+000 0.000000e+000 0.000000e+000 0.000000e+000 4.870207e-304 
0.000000e+000 0.000000e+000 0.000000e+000 0.000000e+000 2.072692e-309 
0.000000e+000 0.000000e+000 0.000000e+000 0.000000e+000 8.821087e-315 
0.000000e+000 0.000000e+000 0.000000e+000 0.000000e+000 0.000000e+000 
0.000000e+000 0.000000e+000 0.000000e+000 0.000000e+000 0.000000e+000 
0.000000e+000 0.000000e+000 0.000000e+000 0.000000e+000 0.000000e+000 
0.000000e+000 0.000000e+000 0.000000e+000 0.000000e+000 0.000000e+000 
0.000000e+000 0.000000e+000 0.000000e+000 0.000000e+000 0.000000e+000 
0.000000e+000 0.000000e+000 0.000000e+000 0.000000e+000 0.000000e+000 
0.000000e+000 0.000000e+000 0.000000e+000 0.000000e+000 0.000000e+000 
0.000000e+000 0.000000e+000 0.000000e+000 0.000000e+000 0.000000e+000 
0.000000e+000 0.000000e+000 0.000000e+000 0.000000e+000 0.000000e+000 
0.000000e+000 0.000000e+000 0.000000e+000 0.000000e+000 0.000000e+000 
0.000000e+000 0.000000e+000 0.000000e+000 0.000000e+000 0.000000e+000 
0.000000e+000 0.000000e+000 0.000000e+000 0.000000e+000 0.000000e+000 
0.000000e+000 0.000000e+000 0.000000e+000 0.000000e+000 0.000000e+000 
0.000000e+000 0.000000e+000 0.000000e+000 0.000000e+000 0.000000e+000 
0.000000e+000 0.000000e+000 0.000000e+000 0.000000e+000 0.000000e+000 
0.000000e+000 0.000000e+000 0.000000e+000 0.000000e+000 0.000000e+000 
0.000000e+000 0.000000e+000 0.000000e+000 0.000000e+000 0.000000e+000 
0.000000e+000 0.000000e+000 0.000000e+000 0.000000e+000 0.000000e+000 
0.000000e+000 0.000000e+000 0.000000e+000 0.000000e+000 0.000000e+000 
0.000000e+000 0.000000e+000 0.000000e+000 0.000000e+000 0.000000e+000 
0.000000e+000 0.000000e+000 0.000000e+000 0.000000e+000 0.000000e+000 
0.000000e+000 0.000000e+000 0.000000e+000 0.000000e+000 0.000000e+000 
0.000000e+000 0.000000e+000 0.000000e+000 0.000000e+000 0.000000e+000 
0.000000e+000 0.000000e+000 0.000000e+000 0.000000e+000 0.000000e+000 
0.000000e+000 0.000000e+000 0.000000e+000 0.000000e+000 0.000000e+000 
0.000000e+000 0.000000e+000 0.000000e+000 0.000000e+000 0.000000e+000 



P(O|lamda) = 3.243829e-190

1.052625e-030 0.000000e+000 0.000000e+000 0.000000e+000 0.000000e+000 
3.019111e-061 8.061083e-061 0.000000e+000 0.000000e+000 0.000000e+000 
8.659335e-092 4.696083e-091 6.101272e-091 0.000000e+000 0.000000e+000 
2.483648e-122 2.051982e-121 5.625249e-121 4.351475e-121 0.000000e+000 
7.123533e-153 7.970629e-152 3.462410e-151 5.671753e-151 6.833115e-124 
2.043153e-183 2.902799e-182 1.778483e-181 4.632794e-181 1.682774e-126 
5.860118e-214 1.928426e-183 1.564384e-182 5.767511e-182 3.365548e-127 
1.680783e-244 5.703223e-214 6.769376e-213 3.315632e-212 4.674373e-130 
4.820779e-275 3.204749e-215 5.185718e-214 3.320229e-213 9.348746e-131 
1.382683e-305 9.477885e-246 2.002683e-244 1.636284e-243 2.302292e-133 
0.000000e+000 2.803037e-276 7.514815e-275 7.669604e-274 5.669797e-136 
0.000000e+000 8.289842e-307 2.762814e-305 3.461378e-304 7.874719e-139 
0.000000e+000 0.000000e+000 0.000000e+000 0.000000e+000 1.939287e-141 
0.000000e+000 0.000000e+000 0.000000e+000 0.000000e+000 9.634112e-144 
0.000000e+000 0.000000e+000 0.000000e+000 0.000000e+000 1.338071e-146 
0.000000e+000 0.000000e+000 0.000000e+000 0.000000e+000 3.295235e-149 
0.000000e+000 0.000000e+000 0.000000e+000 0.000000e+000 8.115092e-152 
0.000000e+000 0.000000e+000 0.000000e+000 0.000000e+000 1.998483e-154 
0.000000e+000 0.000000e+000 0.000000e+000 0.000000e+000 2.775672e-157 
0.000000e+000 0.000000e+000 0.000000e+000 0.000000e+000 2.553350e-158 
0.000000e+000 0.000000e+000 0.000000e+000 0.000000e+000 3.546320e-161 
0.000000e+000 0.000000e+000 0.000000e+000 0.000000e+000 8.733433e-164 
0.000000e+000 0.000000e+000 0.000000e+000 0.000000e+000 8.033916e-165 
0.000000e+000 0.000000e+000 0.000000e+000 0.000000e+000 9.541167e-166 
0.000000e+000 0.000000e+000 0.000000e+000 0.000000e+000 5.286210e-167 
0.000000e+000 0.000000e+000 0.000000e+000 0.000000e+000 2.928784e-168 
0.000000e+000 0.000000e+000 0.000000e+000 0.000000e+000 1.622670e-169 
0.000000e+000 0.000000e+000 0.000000e+000 0.000000e+000 8.990279e-171 
0.000000e+000 0.000000e+000 0.000000e+000 0.000000e+000 4.980995e-172 
0.000000e+000 0.000000e+000 0.000000e+000 0.000000e+000 2.759682e-173 
0.000000e+000 0.000000e+000 0.000000e+000 0.000000e+000 1.528980e-174 
0.000000e+000 0.000000e+000 0.000000e+000 0.000000e+000 8.471199e-176 
0.000000e+000 0.000000e+000 0.000000e+000 0.000000e+000 7.792685e-177 
0.000000e+000 0.000000e+000 0.000000e+000 0.000000e+000 4.317477e-178 
0.000000e+000 0.000000e+000 0.000000e+000 0.000000e+000 3.971662e-179 
0.000000e+000 0.000000e+000 0.000000e+000 0.000000e+000 3.653546e-180 
0.000000e+000 0.000000e+000 0.000000e+000 0.000000e+000 2.024219e-181 
0.000000e+000 0.000000e+000 0.000000e+000 0.000000e+000 1.121503e-182 
0.000000e+000 0.000000e+000 0.000000e+000 0.000000e+000 6.213601e-184 
0.000000e+000 0.000000e+000 0.000000e+000 0.000000e+000 3.442598e-185 
0.000000e+000 0.000000e+000 0.000000e+000 0.000000e+000 1.907345e-186 
0.000000e+000 0.000000e+000 0.000000e+000 0.000000e+000 1.056750e-187 
0.000000e+000 0.000000e+000 0.000000e+000 0.000000e+000 5.854841e-189 
0.000000e+000 0.000000e+000 0.000000e+000 0.000000e+000 3.243829e-190 



P(O|lamda) = 6.865545e-221

1.052631e-030 0.000000e+000 0.000000e+000 0.000000e+000 0.000000e+000 
1.699164e-062 1.091040e-060 0.000000e+000 0.000000e+000 0.000000e+000 
2.742801e-094 9.509329e-092 1.070981e-090 0.000000e+000 0.000000e+000 
4.427447e-126 7.037462e-123 2.895808e-121 9.311123e-121 0.000000e+000 
7.146814e-158 5.043635e-154 5.996793e-152 5.064834e-151 8.485478e-125 
1.153643e-189 3.589210e-185 1.148301e-182 1.906933e-181 1.044849e-128 
1.862219e-221 2.422615e-188 2.032301e-185 5.904324e-184 1.044849e-130 
3.006005e-253 1.720452e-219 3.747563e-216 1.791917e-214 7.255897e-135 
4.852313e-285 1.160712e-222 6.539371e-219 4.966514e-217 7.255897e-137 
7.832636e-317 8.242945e-254 1.199348e-249 1.415528e-247 8.934461e-141 
0.000000e+000 5.853834e-285 2.198373e-280 3.976688e-278 1.100134e-144 
0.000000e+000 4.157176e-316 4.028651e-311 1.107003e-308 7.639820e-149 
0.000000e+000 0.000000e+000 0.000000e+000 0.000000e+000 9.407201e-153 
0.000000e+000 0.000000e+000 0.000000e+000 0.000000e+000 4.616019e-154 
0.000000e+000 0.000000e+000 0.000000e+000 0.000000e+000 3.205569e-158 
0.000000e+000 0.000000e+000 0.000000e+000 0.000000e+000 3.947139e-162 
0.000000e+000 0.000000e+000 0.000000e+000 0.000000e+000 4.860262e-166 
0.000000e+000 0.000000e+000 0.000000e+000 0.000000e+000 5.984625e-170 
0.000000e+000 0.000000e+000 0.000000e+000 0.000000e+000 4.155989e-174 
0.000000e+000 0.000000e+000 0.000000e+000 0.000000e+000 1.413397e-175 
0.000000e+000 0.000000e+000 0.000000e+000 0.000000e+000 9.815254e-180 
0.000000e+000 0.000000e+000 0.000000e+000 0.000000e+000 1.208590e-183 
0.000000e+000 0.000000e+000 0.000000e+000 0.000000e+000 4.110252e-185 
0.000000e+000 0.000000e+000 0.000000e+000 0.000000e+000 2.935220e-187 
0.000000e+000 0.000000e+000 0.000000e+000 0.000000e+000 5.603763e-189 
0.000000e+000 0.000000e+000 0.000000e+000 0.000000e+000 1.069840e-190 
0.000000e+000 0.000000e+000 0.000000e+000 0.000000e+000 2.042481e-192 
0.000000e+000 0.000000e+000 0.000000e+000 0.000000e+000 3.899395e-194 
0.000000e+000 0.000000e+000 0.000000e+000 0.000000e+000 7.444514e-196 
0.000000e+000 0.000000e+000 0.000000e+000 0.000000e+000 1.421266e-197 
0.000000e+000 0.000000e+000 0.000000e+000 0.000000e+000 2.713405e-199 
0.000000e+000 0.000000e+000 0.000000e+000 0.000000e+000 5.180287e-201 
0.000000e+000 0.000000e+000 0.000000e+000 0.000000e+000 1.761747e-202 
0.000000e+000 0.000000e+000 0.000000e+000 0.000000e+000 3.363431e-204 
0.000000e+000 0.000000e+000 0.000000e+000 0.000000e+000 1.143858e-205 
0.000000e+000 0.000000e+000 0.000000e+000 0.000000e+000 3.890110e-207 
0.000000e+000 0.000000e+000 0.000000e+000 0.000000e+000 7.426788e-209 
0.000000e+000 0.000000e+000 0.000000e+000 0.000000e+000 1.417882e-210 
0.000000e+000 0.000000e+000 0.000000e+000 0.000000e+000 2.706944e-212 
0.000000e+000 0.000000e+000 0.000000e+000 0.000000e+000 5.167952e-214 
0.000000e+000 0.000000e+000 0.000000e+000 0.000000e+000 9.866374e-216 
0.000000e+000 0.000000e+000 0.000000e+000 0.000000e+000 1.883635e-217 
0.000000e+000 0.000000e+000 0.000000e+000 0.000000e+000 3.596134e-219 
0.000000e+000 0.000000e+000 0.000000e+000 0.000000e+000 6.865545e-221 



P(O|lamda) = 4.599057e-204

1.052632e-030 0.000000e+000 0.000000e+000 0.000000e+000 0.000000e+000 
6.283052e-145 1.108034e-060 0.000000e+000 0.000000e+000 0.000000e+000 
3.750289e-259 2.915880e-092 1.137193e-090 0.000000e+000 0.000000e+000 
0.000000e+000 7.673373e-124 7.827978e-122 1.148693e-120 0.000000e+000 
0.000000e+000 2.019309e-155 4.115998e-153 2.257154e-151 5.086110e-123 
0.000000e+000 5.313974e-187 1.957373e-184 3.297284e-182 2.562810e-125 
0.000000e+000 6.642468e-192 4.212375e-189 2.114299e-184 1.485720e-127 
0.000000e+000 1.748019e-223 1.859281e-220 2.699576e-215 5.158750e-133 
0.000000e+000 2.185023e-228 3.840416e-225 1.653464e-217 2.990646e-135 
0.000000e+000 5.750063e-260 1.655376e-256 2.110842e-248 1.506939e-137 
0.000000e+000 1.513175e-291 7.097695e-288 2.694737e-279 7.593229e-140 
0.000000e+000 3.952525e-323 3.033464e-319 3.440148e-310 2.636538e-145 
0.000000e+000 0.000000e+000 0.000000e+000 0.000000e+000 1.328510e-147 
0.000000e+000 0.000000e+000 0.000000e+000 0.000000e+000 1.722059e-149 
0.000000e+000 0.000000e+000 0.000000e+000 0.000000e+000 5.979373e-155 
0.000000e+000 0.000000e+000 0.000000e+000 0.000000e+000 3.012911e-157 
0.000000e+000 0.000000e+000 0.000000e+000 0.000000e+000 1.518158e-159 
0.000000e+000 0.000000e+000 0.000000e+000 0.000000e+000 7.649761e-162 
0.000000e+000 0.000000e+000 0.000000e+000 0.000000e+000 2.656167e-167 
0.000000e+000 0.000000e+000 0.000000e+000 0.000000e+000 2.020420e-168 
0.000000e+000 0.000000e+000 0.000000e+000 0.000000e+000 7.015346e-174 
0.000000e+000 0.000000e+000 0.000000e+000 0.000000e+000 3.534922e-176 
0.000000e+000 0.000000e+000 0.000000e+000 0.000000e+000 2.688847e-177 
0.000000e+000 0.000000e+000 0.000000e+000 0.000000e+000 5.732058e-178 
0.000000e+000 0.000000e+000 0.000000e+000 0.000000e+000 2.634575e-179 
0.000000e+000 0.000000e+000 0.000000e+000 0.000000e+000 1.210906e-180 
0.000000e+000 0.000000e+000 0.000000e+000 0.000000e+000 5.565580e-182 
0.000000e+000 0.000000e+000 0.000000e+000 0.000000e+000 2.558058e-183 
0.000000e+000 0.000000e+000 0.000000e+000 0.000000e+000 1.175737e-184 
0.000000e+000 0.000000e+000 0.000000e+000 0.000000e+000 5.403938e-186 
0.000000e+000 0.000000e+000 0.000000e+000 0.000000e+000 2.483764e-187 
0.000000e+000 0.000000e+000 0.000000e+000 0.000000e+000 1.141590e-188 
0.000000e+000 0.000000e+000 0.000000e+000 0.000000e+000 8.683535e-190 
0.000000e+000 0.000000e+000 0.000000e+000 0.000000e+000 3.991136e-191 
0.000000e+000 0.000000e+000 0.000000e+000 0.000000e+000 3.035867e-192 
0.000000e+000 0.000000e+000 0.000000e+000 0.000000e+000 2.309240e-193 
0.000000e+000 0.000000e+000 0.000000e+000 0.000000e+000 1.061375e-194 
0.000000e+000 0.000000e+000 0.000000e+000 0.000000e+000 4.878306e-196 
0.000000e+000 0.000000e+000 0.000000e+000 0.000000e+000 2.242172e-197 
0.000000e+000 0.000000e+000 0.000000e+000 0.000000e+000 1.030550e-198 
0.000000e+000 0.000000e+000 0.000000e+000 0.000000e+000 4.736624e-200 
0.000000e+000 0.000000e+000 0.000000e+000 0.000000e+000 2.177052e-201 
0.000000e+000 0.000000e+000 0.000000e+000 0.000000e+000 1.000619e-202 
0.000000e+000 0.000000e+000 0.000000e+000 0.000000e+000 4.599057e-204 



P(O|lamda) = 2.441452e-253

2.083333e-003 0.000000e+000 0.000000e+000 0.000000e+000 0.000000e+000 
4.340276e-006 1.919986e-123 0.000000e+000 0.000000e+000 0.000000e+000 
9.042241e-009 3.999971e-126 4.042078e-154 0.000000e+000 0.000000e+000 
1.883800e-011 8.333272e-129 8.420995e-157 8.509642e-185 0.000000e+000 
3.924583e-014 1.736098e-131 1.754374e-159 1.772842e-187 4.287874e-189 
8.176212e-017 3.616870e-134 3.654945e-162 3.693420e-190 1.001337e-191 
8.606543e-047 6.800645e-107 6.872234e-135 6.962852e-163 7.971199e-191 
9.059522e-077 5.726861e-137 1.431715e-137 1.446787e-165 2.417657e-170 
9.536343e-107 4.352529e-137 2.176264e-137 2.727489e-138 2.749963e-166 
1.986738e-109 3.665289e-167 2.748967e-167 6.878445e-168 1.374339e-142 
4.139036e-112 3.086560e-197 3.086560e-197 1.157968e-197 3.462538e-146 
4.356882e-142 2.599248e-227 3.249012e-227 1.624934e-227 6.011350e-153 
9.076836e-145 2.188881e-257 3.283222e-257 2.052369e-257 1.514512e-156 
5.899944e-147 8.365155e-265 3.868746e-261 2.909089e-263 9.815810e-160 
6.210470e-177 5.437351e-267 3.258069e-291 8.389709e-292 1.704134e-166 
1.293848e-179 1.030235e-296 1.144706e-297 1.393265e-321 4.293430e-170 
2.695515e-182 1.192402e-299 0.000000e+000 0.000000e+000 1.081696e-173 
5.615656e-185 2.484170e-302 0.000000e+000 0.000000e+000 2.725247e-177 
5.911219e-215 5.175353e-305 0.000000e+000 0.000000e+000 4.731331e-184 
1.129729e-215 2.474538e-309 2.652368e-310 0.000000e+000 1.799449e-186 
1.189188e-245 0.000000e+000 0.000000e+000 0.000000e+000 3.124044e-193 
2.477476e-248 0.000000e+000 0.000000e+000 0.000000e+000 7.870781e-197 
4.734852e-249 0.000000e+000 0.000000e+000 0.000000e+000 2.993464e-199 
8.285651e-250 0.000000e+000 0.000000e+000 0.000000e+000 3.190719e-201 
1.250845e-250 0.000000e+000 0.000000e+000 0.000000e+000 7.332610e-204 
1.888341e-251 0.000000e+000 0.000000e+000 0.000000e+000 1.685111e-206 
2.850737e-252 0.000000e+000 0.000000e+000 0.000000e+000 3.872565e-209 
4.303621e-253 0.000000e+000 0.000000e+000 0.000000e+000 8.899564e-212 
6.496970e-254 0.000000e+000 0.000000e+000 0.000000e+000 2.045214e-214 
9.808164e-255 0.000000e+000 0.000000e+000 0.000000e+000 4.700119e-217 
1.480691e-255 0.000000e+000 0.000000e+000 0.000000e+000 1.080137e-219 
2.235329e-256 0.000000e+000 0.000000e+000 0.000000e+000 2.482270e-222 
4.272071e-257 0.000000e+000 0.000000e+000 0.000000e+000 9.440722e-225 
6.449340e-258 0.000000e+000 0.000000e+000 0.000000e+000 2.169578e-227 
1.232572e-258 0.000000e+000 0.000000e+000 0.000000e+000 8.251474e-230 
2.355643e-259 0.000000e+000 0.000000e+000 0.000000e+000 3.138252e-232 
3.556200e-260 0.000000e+000 0.000000e+000 0.000000e+000 7.212035e-235 
5.368625e-261 0.000000e+000 0.000000e+000 0.000000e+000 1.657402e-237 
8.104756e-262 0.000000e+000 0.000000e+000 0.000000e+000 3.808886e-240 
1.223536e-262 0.000000e+000 0.000000e+000 0.000000e+000 8.753223e-243 
1.847114e-263 0.000000e+000 0.000000e+000 0.000000e+000 2.011583e-245 
2.788499e-264 0.000000e+000 0.000000e+000 0.000000e+000 4.622832e-248 
4.209663e-265 0.000000e+000 0.000000e+000 0.000000e+000 1.062376e-250 
6.355126e-266 0.000000e+000 0.000000e+000 0.000000e+000 2.441452e-253 



P(O|lamda) = 4.705408e-111

5.010417e-002 0.000000e+000 0.000000e+000 0.000000e+000 0.000000e+000 
1.255214e-004 2.379948e-003 0.000000e+000 0.000000e+000 0.000000e+000 
3.144573e-007 1.072216e-005 2.405001e-033 0.000000e+000 0.000000e+000 
7.877810e-010 3.638104e-008 1.083503e-035 2.352521e-063 0.000000e+000 
1.973556e-012 1.101817e-010 3.676402e-038 1.059860e-065 1.010960e-065 
4.944168e-015 3.141073e-013 1.113415e-040 3.596178e-068 1.076689e-067 
2.602195e-046 1.682994e-015 4.447798e-014 1.527434e-041 1.305385e-068 
1.369577e-077 7.086291e-047 5.012236e-045 4.350742e-044 9.272374e-050 
7.208302e-109 2.763689e-049 6.232610e-047 2.618766e-045 2.990386e-045 
1.805830e-111 5.527378e-052 4.919653e-078 8.897972e-076 2.962956e-047 
4.523981e-114 1.105476e-054 5.585563e-082 2.864302e-106 1.820725e-049 
2.381043e-145 4.654636e-086 1.117113e-084 5.463680e-112 1.580491e-057 
5.965010e-148 9.309272e-089 1.302089e-115 1.092736e-114 9.712058e-060 
1.500946e-150 1.861854e-091 4.469015e-090 2.247773e-116 9.740611e-061 
7.899717e-182 7.839390e-123 5.208776e-121 4.371495e-120 8.455392e-069 
1.979044e-184 1.567878e-125 4.670289e-152 1.893075e-150 5.195807e-071 
4.957917e-187 3.135756e-128 1.584383e-155 6.448360e-181 3.192804e-073 
1.242062e-189 6.271512e-131 3.168765e-158 1.549810e-185 1.961966e-075 
6.537169e-221 2.640638e-162 6.337531e-161 3.099619e-188 1.703096e-083 
2.355205e-223 1.402880e-169 8.991270e-168 1.150295e-166 3.282658e-084 
1.239582e-254 5.906865e-201 8.111931e-199 4.520153e-197 2.849529e-092 
3.105411e-257 1.181373e-203 6.636493e-230 1.509963e-227 1.751025e-094 
1.118814e-259 6.276229e-211 1.453089e-209 8.988061e-234 3.375040e-095 
4.894611e-263 1.255277e-213 2.547335e-216 2.109914e-215 3.883760e-097 
8.475409e-266 7.923937e-222 1.318238e-220 4.083317e-223 7.885050e-098 
1.467584e-268 5.001985e-230 1.851821e-228 5.747935e-228 1.600872e-098 
2.541239e-271 3.157503e-238 1.957804e-236 1.616758e-235 3.250189e-099 
4.400358e-274 1.993174e-246 1.846123e-244 3.131467e-243 6.598735e-100 
7.619569e-277 1.258191e-254 1.637471e-252 5.217648e-251 1.339716e-100 
1.319389e-279 7.942331e-263 1.398881e-260 8.067023e-259 2.719975e-101 
2.284627e-282 5.013596e-271 1.165589e-268 1.197900e-266 5.522261e-102 
3.956013e-285 3.164833e-279 9.543592e-277 1.739092e-274 1.121164e-102 
1.425268e-287 1.681417e-286 9.038002e-284 1.038644e-280 2.161004e-103 
2.467966e-290 3.198183e-294 7.168478e-292 1.467801e-288 4.387404e-104 
8.891562e-293 3.113987e-296 6.889695e-299 8.633008e-295 8.456568e-105 
3.203443e-295 1.121914e-298 3.830828e-302 5.071184e-301 1.629974e-105 
5.547016e-298 4.802733e-302 1.178040e-305 8.816011e-309 3.309274e-106 
9.605099e-301 8.316221e-305 5.042960e-309 5.132726e-313 6.718693e-107 
1.663199e-303 1.440020e-307 8.732071e-312 2.196761e-316 1.364071e-107 
2.879962e-306 2.493509e-310 1.512027e-314 3.803663e-319 2.769421e-108 
4.986883e-309 4.317709e-313 2.618196e-317 6.571073e-322 5.622650e-109 
8.635184e-312 7.476456e-316 4.533546e-320 0.000000e+000 1.141545e-109 
1.495251e-314 1.294610e-318 7.905050e-323 0.000000e+000 2.317636e-110 
2.589146e-317 2.243058e-321 0.000000e+000 0.000000e+000 4.705408e-111 



P(O|lamda) = 8.414450e-045

2.781546e-001 0.000000e+000 0.000000e+000 0.000000e+000 0.000000e+000 
7.736998e-003 7.572759e-002 0.000000e+000 0.000000e+000 0.000000e+000 
2.152082e-004 3.939005e-003 2.786775e-002 0.000000e+000 0.000000e+000 
5.986114e-006 1.539144e-004 2.341322e-003 6.409583e-003 0.000000e+000 
1.665065e-007 5.354447e-006 1.315628e-004 7.756181e-004 1.334273e-003 
4.631455e-009 1.749090e-007 6.180446e-006 5.895241e-005 4.874516e-004 
4.875218e-040 1.904640e-009 7.036848e-008 2.267782e-006 5.841808e-005 
1.385005e-041 4.571136e-011 1.845437e-009 1.000783e-007 1.656746e-005 
1.457901e-072 3.835187e-013 2.036792e-011 2.597872e-009 1.809291e-006 
4.055218e-074 9.281152e-015 7.929082e-013 1.007894e-010 4.425903e-007 
1.127977e-075 2.246039e-016 2.878853e-014 3.910941e-012 1.081555e-007 
3.204481e-077 5.390493e-018 6.274294e-016 1.513014e-013 2.969194e-008 
8.913412e-079 1.304499e-019 2.206144e-017 5.741505e-015 7.254426e-009 
2.242837e-082 5.478897e-022 9.895940e-020 2.174738e-018 1.234066e-010 
6.371697e-084 1.314935e-023 2.105203e-021 1.032122e-019 3.387777e-011 
1.772317e-085 3.182143e-025 7.220544e-023 4.302395e-021 8.277085e-012 
4.929781e-087 7.700787e-027 2.427677e-024 1.757687e-022 2.022274e-012 
1.371241e-088 1.863590e-028 8.051956e-026 7.060694e-024 4.940860e-013 
3.895571e-090 4.472617e-030 1.653254e-027 2.797205e-025 1.356373e-013 
1.403493e-093 2.376148e-038 8.736530e-036 4.190847e-033 3.805058e-015 
3.987195e-095 5.702754e-040 1.801957e-037 1.570442e-034 1.044571e-015 
1.109057e-096 1.380067e-041 5.976125e-039 5.851088e-036 2.552116e-016 
3.995698e-100 7.331819e-050 3.144102e-047 8.509238e-044 7.159500e-018 
1.748045e-104 1.466401e-053 1.291369e-049 9.859969e-052 1.153904e-019 
3.026881e-108 9.256654e-063 5.657118e-059 2.787934e-058 7.201112e-021 
5.241286e-112 5.843263e-072 2.479646e-068 2.186715e-067 4.493963e-022 
9.075706e-116 3.688560e-081 1.087785e-077 1.293061e-076 2.804526e-023 
1.571531e-119 2.328403e-090 4.777618e-087 6.830075e-086 1.750207e-024 
2.721232e-123 1.469805e-099 2.101923e-096 3.398951e-095 1.092243e-025 
4.712031e-127 9.278142e-109 9.269861e-106 1.632037e-104 6.816311e-027 
8.159258e-131 5.856827e-118 4.102245e-115 7.658974e-114 4.253822e-028 
1.412841e-134 3.697122e-127 1.824199e-124 3.540799e-123 2.654662e-029 
5.090169e-138 1.964155e-135 9.566921e-133 6.755886e-131 7.447175e-031 
8.814034e-142 1.276021e-144 4.284349e-142 2.549334e-140 4.647523e-032 
3.175511e-145 5.268595e-149 2.270935e-150 4.069039e-148 1.303778e-033 
1.144070e-148 1.897948e-152 3.116817e-156 6.084301e-156 3.657514e-035 
1.981049e-152 8.124805e-157 9.549187e-161 8.830767e-165 2.282527e-036 
3.430345e-156 1.406859e-160 4.087834e-165 2.059074e-169 1.424446e-037 
5.939916e-160 2.436090e-164 7.078279e-169 8.814464e-174 8.889471e-039 
1.028544e-163 4.218284e-168 1.225661e-172 1.526257e-177 5.547610e-040 
1.781006e-167 7.304296e-172 2.122329e-176 2.642836e-181 3.462070e-041 
3.083955e-171 1.264797e-175 3.674983e-180 4.576282e-185 2.160557e-042 
5.340114e-175 2.190098e-179 6.363527e-184 7.924198e-189 1.348329e-043 
9.246835e-179 3.792329e-183 1.101896e-187 1.372138e-192 8.414450e-045 



P(O|lamda) = 2.810819e-048

1.390773e-002 0.000000e+000 0.000000e+000 0.000000e+000 0.000000e+000 
3.900865e-087 2.103544e-004 0.000000e+000 0.000000e+000 0.000000e+000 
1.094122e-171 7.933047e-008 4.102188e-006 0.000000e+000 0.000000e+000 
3.068812e-256 2.991771e-011 3.592733e-009 4.999880e-008 0.000000e+000 
0.000000e+000 1.128280e-014 2.375063e-012 1.289517e-010 1.626849e-009 
0.000000e+000 4.255055e-018 1.404429e-015 2.485899e-013 6.548071e-011 
0.000000e+000 5.861130e-021 4.126987e-018 2.039481e-015 1.147639e-012 
0.000000e+000 2.192126e-024 1.357719e-021 3.524123e-018 1.577676e-014 
0.000000e+000 3.019547e-027 3.792320e-024 2.786577e-020 2.756587e-016 
0.000000e+000 1.138755e-030 1.950044e-027 4.750965e-023 1.038522e-017 
0.000000e+000 4.294558e-034 9.946574e-031 8.094636e-026 3.912224e-019 
0.000000e+000 1.606212e-037 3.152449e-034 1.378870e-028 5.369951e-021 
0.000000e+000 6.057468e-041 1.603390e-037 2.348651e-031 2.022910e-022 
0.000000e+000 3.964728e-045 1.064961e-041 4.000454e-036 2.397504e-024 
0.000000e+000 1.482852e-048 3.367547e-045 6.814053e-039 3.290834e-026 
0.000000e+000 5.592244e-052 1.708250e-048 1.160633e-041 1.239687e-027 
0.000000e+000 2.108990e-055 8.627778e-052 1.976894e-044 4.670016e-029 
0.000000e+000 7.953584e-059 4.343639e-055 3.367220e-047 1.759238e-030 
0.000000e+000 2.974727e-062 1.363501e-058 5.735345e-050 2.414744e-032 
0.000000e+000 2.462815e-072 1.098277e-068 3.816145e-059 3.694689e-033 
0.000000e+000 9.211197e-076 3.453080e-072 6.499993e-062 5.071360e-035 
0.000000e+000 3.473797e-079 1.739949e-075 1.107136e-064 1.910428e-036 
0.000000e+000 2.876002e-089 1.400493e-085 7.366585e-074 2.923058e-037 
0.000000e+000 8.964023e-095 8.800117e-090 3.921165e-083 3.426639e-038 
0.000000e+000 1.117547e-097 1.097550e-092 2.671553e-085 1.217440e-038 
0.000000e+000 1.393250e-100 1.368864e-095 1.820169e-087 4.325403e-039 
0.000000e+000 1.736969e-103 1.707246e-098 1.240109e-089 1.536758e-039 
0.000000e+000 2.165484e-106 2.129276e-101 8.449048e-092 5.459900e-040 
0.000000e+000 2.699715e-109 2.655630e-104 5.756463e-094 1.939830e-040 
0.000000e+000 3.365743e-112 3.312098e-107 3.921964e-096 6.891961e-041 
0.000000e+000 4.196082e-115 4.130844e-110 2.672093e-098 2.448623e-041 
0.000000e+000 5.231268e-118 5.151981e-113 1.820537e-100 8.699634e-042 
0.000000e+000 4.331035e-128 4.116362e-123 1.211337e-109 1.331091e-042 
0.000000e+000 5.399515e-131 5.133993e-126 8.253020e-112 4.729190e-043 
0.000000e+000 4.470328e-141 4.102048e-136 5.491339e-121 7.235917e-044 
0.000000e+000 3.701043e-151 3.277575e-146 3.653791e-130 1.107134e-044 
0.000000e+000 4.614102e-154 4.087967e-149 2.489382e-132 3.933502e-045 
0.000000e+000 5.752414e-157 5.098730e-152 1.696054e-134 1.397521e-045 
0.000000e+000 7.171552e-160 6.359407e-155 1.155547e-136 4.965209e-046 
0.000000e+000 8.940796e-163 7.931788e-158 7.872913e-139 1.764073e-046 
0.000000e+000 1.114652e-165 9.892943e-161 5.363934e-141 6.267519e-047 
0.000000e+000 1.389640e-168 1.233900e-163 3.654529e-143 2.226767e-047 
0.000000e+000 1.732468e-171 1.538984e-166 2.489885e-145 7.911409e-048 
0.000000e+000 2.159873e-174 1.919500e-169 1.696396e-147 2.810819e-048 



Max probability = 8.414450e-045

Utterance recognised as 8