27	20	19	19	19	19	20	19	19	13	19	20	19	19	19	19	19	19	19	11	19	20	19	20	13	19	19	29	19	20	20	19	20	20	4	19	13	29	29	29	19	19	19	19	20	20	11	11	11	11	29	19	

P(O|lamda) = 0.000000e+000

1.000000e-030 0.000000e+000 0.000000e+000 0.000000e+000 0.000000e+000 
2.571063e-062 9.742894e-061 0.000000e+000 0.000000e+000 0.000000e+000 
6.610365e-094 6.205654e-092 9.372825e-091 0.000000e+000 0.000000e+000 
1.699566e-125 3.001167e-123 1.814560e-121 8.155259e-121 0.000000e+000 
4.369692e-157 1.305536e-154 2.645899e-152 3.401961e-151 3.651558e-122 
1.123475e-188 5.384622e-186 3.562719e-183 9.907319e-182 2.105746e-123 
2.888526e-220 2.154729e-217 4.679908e-214 2.524786e-212 2.363586e-124 
7.426583e-252 8.465846e-249 6.100107e-245 6.051391e-243 1.363010e-125 
1.909421e-283 3.287984e-280 7.932415e-276 1.405874e-273 7.860078e-127 
4.909242e-315 1.267496e-311 1.030767e-306 3.211870e-304 7.860078e-157 
0.000000e+000 0.000000e+000 0.000000e+000 0.000000e+000 4.532675e-158 
0.000000e+000 0.000000e+000 0.000000e+000 0.000000e+000 5.087683e-159 
0.000000e+000 0.000000e+000 0.000000e+000 0.000000e+000 2.933917e-160 
0.000000e+000 0.000000e+000 0.000000e+000 0.000000e+000 1.691903e-161 
0.000000e+000 0.000000e+000 0.000000e+000 0.000000e+000 9.756707e-163 
0.000000e+000 0.000000e+000 0.000000e+000 0.000000e+000 5.626405e-164 
0.000000e+000 0.000000e+000 0.000000e+000 0.000000e+000 3.244582e-165 
0.000000e+000 0.000000e+000 0.000000e+000 0.000000e+000 1.871055e-166 
0.000000e+000 0.000000e+000 0.000000e+000 0.000000e+000 1.078982e-167 
0.000000e+000 0.000000e+000 0.000000e+000 0.000000e+000 8.812364e-170 
0.000000e+000 0.000000e+000 0.000000e+000 0.000000e+000 5.081830e-171 
0.000000e+000 0.000000e+000 0.000000e+000 0.000000e+000 5.704080e-172 
0.000000e+000 0.000000e+000 0.000000e+000 0.000000e+000 3.289375e-173 
0.000000e+000 0.000000e+000 0.000000e+000 0.000000e+000 3.692145e-174 
0.000000e+000 0.000000e+000 0.000000e+000 0.000000e+000 3.692145e-204 
0.000000e+000 0.000000e+000 0.000000e+000 0.000000e+000 2.129151e-205 
0.000000e+000 0.000000e+000 0.000000e+000 0.000000e+000 1.227819e-206 
0.000000e+000 0.000000e+000 0.000000e+000 0.000000e+000 1.227819e-236 
0.000000e+000 0.000000e+000 0.000000e+000 0.000000e+000 7.080469e-238 
0.000000e+000 0.000000e+000 0.000000e+000 0.000000e+000 7.947444e-239 
0.000000e+000 0.000000e+000 0.000000e+000 0.000000e+000 8.920576e-240 
0.000000e+000 0.000000e+000 0.000000e+000 0.000000e+000 5.144233e-241 
0.000000e+000 0.000000e+000 0.000000e+000 0.000000e+000 5.774124e-242 
0.000000e+000 0.000000e+000 0.000000e+000 0.000000e+000 6.481142e-243 
0.000000e+000 0.000000e+000 0.000000e+000 0.000000e+000 5.355573e-244 
0.000000e+000 0.000000e+000 0.000000e+000 0.000000e+000 3.088401e-245 
0.000000e+000 0.000000e+000 0.000000e+000 0.000000e+000 3.088401e-275 
0.000000e+000 0.000000e+000 0.000000e+000 0.000000e+000 3.088401e-305 
0.000000e+000 0.000000e+000 0.000000e+000 0.000000e+000 0.000000e+000 
0.000000e+000 0.000000e+000 0.000000e+000 0.000000e+000 0.000000e+000 
0.000000e+000 0.000000e+000 0.000000e+000 0.000000e+000 0.000000e+000 
0.000000e+000 0.000000e+000 0.000000e+000 0.000000e+000 0.000000e+000 
0.000000e+000 0.000000e+000 0.000000e+000 0.000000e+000 0.000000e+000 
0.000000e+000 0.000000e+000 0.000000e+000 0.000000e+000 0.000000e+000 
0.000000e+000 0.000000e+000 0.000000e+000 0.000000e+000 0.000000e+000 
0.000000e+000 0.000000e+000 0.000000e+000 0.000000e+000 0.000000e+000 
0.000000e+000 0.000000e+000 0.000000e+000 0.000000e+000 0.000000e+000 
0.000000e+000 0.000000e+000 0.000000e+000 0.000000e+000 0.000000e+000 
0.000000e+000 0.000000e+000 0.000000e+000 0.000000e+000 0.000000e+000 
0.000000e+000 0.000000e+000 0.000000e+000 0.000000e+000 0.000000e+000 
0.000000e+000 0.000000e+000 0.000000e+000 0.000000e+000 0.000000e+000 
0.000000e+000 0.000000e+000 0.000000e+000 0.000000e+000 0.000000e+000 



P(O|lamda) = 6.640638e-065

8.000000e-001 0.000000e+000 0.000000e+000 0.000000e+000 0.000000e+000 
6.637037e-152 2.000000e-001 0.000000e+000 0.000000e+000 0.000000e+000 
5.506282e-303 3.494086e-088 7.000000e-002 0.000000e+000 0.000000e+000 
0.000000e+000 6.104318e-175 6.125000e-004 1.706250e-002 0.000000e+000 
0.000000e+000 1.066451e-261 5.359375e-006 8.255810e-004 6.408398e-004 
0.000000e+000 0.000000e+000 4.689453e-008 3.402883e-005 5.961131e-005 
0.000000e+000 0.000000e+000 4.103271e-010 1.632224e-006 1.882163e-006 
0.000000e+000 0.000000e+000 3.590363e-012 6.479437e-008 1.453139e-007 
0.000000e+000 0.000000e+000 3.141567e-014 2.569045e-009 8.919646e-009 
0.000000e+000 0.000000e+000 8.246614e-046 2.036671e-011 6.354160e-010 
0.000000e+000 0.000000e+000 7.215787e-048 8.072490e-013 2.912668e-011 
0.000000e+000 0.000000e+000 6.313814e-050 3.839505e-014 6.357254e-013 
0.000000e+000 0.000000e+000 5.524587e-052 1.521815e-015 2.981761e-014 
0.000000e+000 0.000000e+000 4.834014e-054 6.031820e-017 1.388063e-015 
0.000000e+000 0.000000e+000 4.229762e-056 2.390754e-018 6.422155e-017 
0.000000e+000 0.000000e+000 3.701042e-058 9.475921e-020 2.956317e-018 
0.000000e+000 0.000000e+000 3.238412e-060 3.755848e-021 1.355140e-019 
0.000000e+000 0.000000e+000 2.833610e-062 1.488656e-022 6.189718e-021 
0.000000e+000 0.000000e+000 2.479409e-064 5.900394e-024 2.818687e-022 
0.000000e+000 0.000000e+000 9.297783e-067 1.403198e-025 3.204090e-023 
0.000000e+000 0.000000e+000 8.135560e-069 5.561672e-027 1.435413e-024 
0.000000e+000 0.000000e+000 7.118615e-071 2.645289e-028 3.071547e-026 
0.000000e+000 0.000000e+000 6.228788e-073 1.048479e-029 1.380918e-027 
0.000000e+000 0.000000e+000 5.450190e-075 4.986863e-031 2.964151e-029 
0.000000e+000 0.000000e+000 1.430675e-106 3.953156e-033 1.723730e-030 
0.000000e+000 0.000000e+000 1.251840e-108 1.566861e-034 7.708703e-032 
0.000000e+000 0.000000e+000 1.095360e-110 6.210364e-036 3.446658e-033 
0.000000e+000 0.000000e+000 2.738401e-113 4.923042e-038 5.031352e-034 
0.000000e+000 0.000000e+000 2.396101e-115 1.951282e-039 2.245925e-035 
0.000000e+000 0.000000e+000 2.096588e-117 9.280852e-041 4.790641e-037 
0.000000e+000 0.000000e+000 1.834515e-119 4.414237e-042 1.021953e-038 
0.000000e+000 0.000000e+000 1.605200e-121 1.749614e-043 4.563138e-040 
0.000000e+000 0.000000e+000 1.404550e-123 8.321660e-045 9.735771e-042 
0.000000e+000 0.000000e+000 1.228982e-125 3.958018e-046 2.078018e-043 
0.000000e+000 0.000000e+000 3.226077e-157 3.137576e-048 4.575582e-045 
0.000000e+000 0.000000e+000 2.822817e-159 1.243600e-049 2.043486e-046 
0.000000e+000 0.000000e+000 7.409895e-191 9.858193e-052 1.172352e-047 
0.000000e+000 0.000000e+000 1.852474e-193 7.814728e-054 1.708902e-048 
0.000000e+000 0.000000e+000 4.631184e-196 6.194844e-056 2.490849e-049 
0.000000e+000 0.000000e+000 1.157796e-198 4.910740e-058 3.630580e-050 
0.000000e+000 0.000000e+000 1.013072e-200 1.946406e-059 1.620506e-051 
0.000000e+000 0.000000e+000 8.864376e-203 7.714716e-061 7.233117e-053 
0.000000e+000 0.000000e+000 7.756329e-205 3.057782e-062 3.228496e-054 
0.000000e+000 0.000000e+000 6.786788e-207 1.211973e-063 1.441037e-055 
0.000000e+000 0.000000e+000 5.938439e-209 5.764489e-065 3.073560e-057 
0.000000e+000 0.000000e+000 5.196134e-211 2.741755e-066 6.555537e-059 
0.000000e+000 0.000000e+000 1.948550e-213 6.520282e-068 7.322896e-060 
0.000000e+000 0.000000e+000 7.307064e-216 1.550616e-069 8.180078e-061 
0.000000e+000 0.000000e+000 2.740149e-218 3.687584e-071 9.137597e-062 
0.000000e+000 0.000000e+000 1.027556e-220 8.769599e-073 1.020720e-062 
0.000000e+000 0.000000e+000 2.568890e-223 6.951784e-075 1.487767e-063 
0.000000e+000 0.000000e+000 2.247778e-225 2.755388e-076 6.640638e-065 



P(O|lamda) = 9.621115e-061

4.000000e-002 0.000000e+000 0.000000e+000 0.000000e+000 0.000000e+000 
2.500395e-034 4.473274e-003 0.000000e+000 0.000000e+000 0.000000e+000 
1.562994e-066 1.328379e-007 7.781735e-005 0.000000e+000 0.000000e+000 
9.770252e-099 3.944741e-012 6.325624e-008 1.207940e-005 0.000000e+000 
6.107372e-131 1.171426e-016 4.960996e-011 3.150141e-007 9.694403e-007 
3.817710e-163 3.478656e-021 3.885582e-014 7.966767e-009 1.174088e-007 
2.386446e-195 2.324291e-024 5.521118e-016 2.043891e-010 3.637132e-008 
1.491764e-227 6.902190e-029 4.324057e-019 5.164129e-012 3.472816e-009 
9.324998e-260 2.049668e-033 3.386537e-022 1.304756e-013 3.304406e-010 
5.829044e-292 1.281245e-065 1.595160e-053 5.071636e-017 1.360891e-012 
4.940656e-324 3.804771e-070 1.249305e-056 1.281387e-018 1.293313e-013 
0.000000e+000 2.542187e-073 1.775165e-058 3.287327e-020 3.789356e-014 
0.000000e+000 7.549254e-078 1.390282e-061 8.305675e-022 3.601076e-015 
0.000000e+000 2.241819e-082 1.088848e-064 2.098491e-023 3.422150e-016 
0.000000e+000 6.657283e-087 8.527697e-068 5.301993e-025 3.252113e-017 
0.000000e+000 1.976940e-091 6.678765e-071 1.339588e-026 3.090525e-018 
0.000000e+000 5.870701e-096 5.230709e-074 3.384568e-028 2.936965e-019 
0.000000e+000 1.743358e-100 4.096613e-077 8.551364e-030 2.791035e-020 
0.000000e+000 5.177057e-105 3.208406e-080 2.160566e-031 2.652357e-021 
0.000000e+000 3.074747e-109 1.076904e-083 2.519460e-034 1.482008e-022 
0.000000e+000 9.130739e-114 8.434148e-087 6.365603e-036 1.408371e-023 
0.000000e+000 6.100774e-117 1.198426e-088 1.633060e-037 4.126437e-024 
0.000000e+000 1.811680e-121 9.385894e-092 4.126048e-039 3.921406e-025 
0.000000e+000 1.210488e-124 1.333662e-093 1.058515e-040 1.148947e-025 
0.000000e+000 7.566744e-157 6.281945e-125 4.114487e-044 4.730261e-028 
0.000000e+000 2.247013e-161 4.919925e-128 1.039556e-045 4.495228e-029 
0.000000e+000 6.672707e-166 3.853212e-131 2.626515e-047 4.271872e-030 
0.000000e+000 4.171100e-198 8.622223e-135 1.020936e-050 3.113270e-032 
0.000000e+000 1.238646e-202 6.752796e-138 2.579471e-052 2.958580e-033 
0.000000e+000 8.276108e-206 9.595192e-140 6.617491e-054 8.668450e-034 
0.000000e+000 5.529745e-209 1.363401e-141 1.697681e-055 2.539800e-034 
0.000000e+000 1.642108e-213 1.067796e-144 4.289317e-057 2.413605e-035 
0.000000e+000 1.097187e-216 1.517254e-146 1.100401e-058 7.071707e-036 
0.000000e+000 7.330940e-220 2.155898e-148 2.823017e-060 2.071965e-036 
0.000000e+000 4.582561e-252 1.929677e-150 8.888269e-062 1.344177e-037 
0.000000e+000 1.360833e-256 1.511294e-153 2.245687e-063 1.277388e-038 
0.000000e+000 8.506547e-289 7.118645e-185 8.729071e-067 5.259060e-041 
0.000000e+000 5.316146e-321 1.592919e-188 3.393023e-070 3.832716e-043 
0.000000e+000 0.000000e+000 3.564429e-192 1.318881e-073 2.793220e-045 
0.000000e+000 0.000000e+000 7.976022e-196 5.126538e-077 2.035652e-047 
0.000000e+000 0.000000e+000 6.246701e-199 1.295258e-078 1.934506e-048 
0.000000e+000 0.000000e+000 4.892322e-202 3.272566e-080 1.838386e-049 
0.000000e+000 0.000000e+000 3.831594e-205 8.268381e-082 1.747042e-050 
0.000000e+000 0.000000e+000 3.000847e-208 2.089068e-083 1.660236e-051 
0.000000e+000 0.000000e+000 4.263967e-210 5.359388e-085 4.864386e-052 
0.000000e+000 0.000000e+000 6.058763e-212 1.374921e-086 1.425234e-052 
0.000000e+000 0.000000e+000 2.033628e-215 1.603311e-089 7.963513e-054 
0.000000e+000 0.000000e+000 6.825887e-219 1.869639e-092 4.449623e-055 
0.000000e+000 0.000000e+000 2.291114e-222 2.180208e-095 2.486233e-056 
0.000000e+000 0.000000e+000 7.690141e-226 2.542365e-098 1.389186e-057 
0.000000e+000 0.000000e+000 1.720801e-229 9.882266e-102 1.012416e-059 
0.000000e+000 0.000000e+000 1.347705e-232 2.496828e-103 9.621115e-061 



P(O|lamda) = 1.587586e-128

2.000000e-003 0.000000e+000 0.000000e+000 0.000000e+000 0.000000e+000 
5.736347e-034 8.184620e-006 0.000000e+000 0.000000e+000 0.000000e+000 
1.645284e-064 5.748867e-010 5.149439e-009 0.000000e+000 0.000000e+000 
4.718960e-095 4.037997e-014 1.814571e-012 2.834821e-011 0.000000e+000 
1.353480e-125 2.836284e-018 5.373728e-016 9.345164e-014 8.588897e-014 
3.882015e-156 1.992202e-022 1.534001e-019 2.780967e-016 6.912453e-016 
1.113429e-186 3.148471e-025 7.875089e-022 8.322207e-019 1.272428e-017 
3.193509e-217 2.211482e-029 2.223877e-025 2.454543e-021 6.298170e-020 
9.159537e-248 1.553342e-033 6.275891e-029 7.227840e-024 3.066983e-022 
2.627114e-278 4.593932e-064 2.130263e-059 3.273909e-028 6.408321e-026 
7.535020e-309 3.226772e-068 6.010663e-063 9.638976e-031 3.054874e-028 
0.000000e+000 5.099582e-071 3.076816e-065 2.881548e-033 4.484297e-030 
0.000000e+000 3.581940e-075 8.681034e-069 8.483795e-036 2.131615e-032 
0.000000e+000 2.515950e-079 2.449289e-072 2.497782e-038 1.013108e-034 
0.000000e+000 1.767200e-083 6.910485e-076 7.353919e-041 4.814603e-037 
0.000000e+000 1.241279e-087 1.949740e-079 2.165126e-043 2.287912e-039 
0.000000e+000 8.718729e-092 5.501044e-083 6.374520e-046 1.087182e-041 
0.000000e+000 6.124025e-096 1.552077e-086 1.876773e-048 5.166006e-044 
0.000000e+000 4.301507e-100 4.379068e-090 5.525559e-051 2.454718e-046 
0.000000e+000 6.042747e-104 5.295088e-094 7.508418e-055 6.857981e-049 
0.000000e+000 4.244418e-108 1.493968e-097 2.210613e-057 3.258616e-051 
0.000000e+000 6.707866e-111 7.647428e-100 6.608573e-060 4.773770e-053 
0.000000e+000 4.711596e-115 2.157663e-103 1.945683e-062 2.268288e-055 
0.000000e+000 7.446194e-118 1.104479e-105 5.816570e-065 3.322969e-057 
0.000000e+000 2.202175e-148 3.748794e-136 2.634620e-069 6.840402e-061 
0.000000e+000 1.546805e-152 1.057693e-139 7.756794e-072 3.250261e-063 
0.000000e+000 1.086474e-156 2.984201e-143 2.283740e-074 1.544382e-065 
0.000000e+000 3.213191e-187 2.405627e-147 1.034422e-078 5.627600e-069 
0.000000e+000 2.256942e-191 6.787293e-151 3.045523e-081 2.673990e-071 
0.000000e+000 3.566864e-194 3.474326e-153 9.104516e-084 3.917310e-073 
0.000000e+000 5.637062e-197 1.778462e-155 2.721772e-086 5.738734e-075 
0.000000e+000 3.959465e-201 5.017794e-159 8.013387e-089 2.726796e-077 
0.000000e+000 6.257528e-204 2.568543e-161 2.395582e-091 3.994669e-079 
0.000000e+000 9.889380e-207 1.314803e-163 7.161532e-094 5.852063e-081 
0.000000e+000 2.924735e-237 4.239562e-166 2.627495e-096 2.907224e-083 
0.000000e+000 2.054330e-241 1.196160e-169 7.735819e-099 1.381386e-085 
0.000000e+000 6.075578e-272 4.059973e-200 3.503945e-103 2.843612e-089 
0.000000e+000 1.796822e-302 3.272829e-204 1.587114e-107 1.036189e-092 
0.000000e+000 0.000000e+000 2.638297e-208 7.188847e-112 3.775786e-096 
0.000000e+000 0.000000e+000 2.126786e-212 3.256194e-116 1.375865e-099 
0.000000e+000 0.000000e+000 6.000565e-216 9.586820e-119 6.537510e-102 
0.000000e+000 0.000000e+000 1.693013e-219 2.822532e-121 3.106340e-104 
0.000000e+000 0.000000e+000 4.776708e-223 8.310042e-124 1.475997e-106 
0.000000e+000 0.000000e+000 1.347712e-226 2.446626e-126 7.013295e-109 
0.000000e+000 0.000000e+000 6.898758e-229 7.314127e-129 1.027425e-110 
0.000000e+000 0.000000e+000 3.531383e-231 2.186540e-131 1.505145e-112 
0.000000e+000 0.000000e+000 4.270084e-235 2.971185e-135 4.205009e-115 
0.000000e+000 0.000000e+000 5.163306e-239 4.037401e-139 1.174777e-117 
0.000000e+000 0.000000e+000 6.243374e-243 5.486232e-143 3.282040e-120 
0.000000e+000 0.000000e+000 7.549372e-247 7.454978e-147 9.169218e-123 
0.000000e+000 0.000000e+000 6.085708e-251 3.376738e-151 3.341187e-126 
0.000000e+000 0.000000e+000 1.717036e-254 9.941724e-154 1.587586e-128 



P(O|lamda) = 2.705252e-036

5.001000e-001 0.000000e+000 0.000000e+000 0.000000e+000 0.000000e+000 
1.533804e-003 3.940832e-001 0.000000e+000 0.000000e+000 0.000000e+000 
2.475876e-035 2.810083e-003 1.837642e-001 0.000000e+000 0.000000e+000 
3.996575e-067 1.896074e-005 1.730555e-002 9.112766e-002 0.000000e+000 
6.451297e-099 1.279356e-007 1.515149e-003 2.280118e-002 2.232242e-002 
1.041373e-130 8.632320e-010 1.319410e-004 4.309224e-003 1.297347e-002 
3.193883e-133 4.660710e-011 9.205265e-006 3.691749e-004 4.212398e-003 
5.155587e-165 3.144765e-013 8.012652e-007 6.217048e-005 1.484627e-003 
8.322182e-197 2.121897e-015 6.974377e-008 1.009835e-005 5.066024e-004 
1.343372e-228 1.506893e-046 1.277915e-038 1.676283e-011 1.279666e-005 
2.168480e-260 1.016760e-048 1.112321e-039 2.615653e-012 4.235369e-006 
6.650715e-263 5.489629e-050 7.760171e-041 2.042141e-013 1.103837e-006 
1.073563e-294 3.704070e-052 6.754599e-042 3.186534e-014 3.653415e-007 
0.000000e+000 2.499282e-054 5.879329e-043 4.972231e-015 1.209186e-007 
0.000000e+000 1.686365e-056 5.117478e-044 7.758614e-016 4.002095e-008 
0.000000e+000 1.137857e-058 4.454349e-045 1.210645e-016 1.324590e-008 
0.000000e+000 7.677570e-061 3.877149e-046 1.889077e-017 4.384051e-009 
0.000000e+000 5.180360e-063 3.374743e-047 2.947695e-018 1.451008e-009 
0.000000e+000 3.495394e-065 2.937440e-048 4.599550e-019 4.802462e-010 
0.000000e+000 5.895464e-071 9.587169e-054 2.241322e-024 1.776326e-011 
0.000000e+000 3.977903e-073 8.344852e-055 3.497333e-025 5.879182e-012 
0.000000e+000 2.147725e-074 5.821834e-056 2.730502e-026 1.532252e-012 
0.000000e+000 1.449155e-076 5.067433e-057 4.260645e-027 5.071360e-013 
0.000000e+000 7.824188e-078 3.535324e-058 3.326449e-028 1.321715e-013 
0.000000e+000 5.556449e-109 6.477771e-089 5.403169e-034 3.290083e-015 
0.000000e+000 3.749156e-111 5.638373e-090 8.431043e-035 1.088933e-015 
0.000000e+000 2.529703e-113 4.907746e-091 1.315570e-035 3.604086e-016 
0.000000e+000 1.796502e-144 1.067855e-096 1.709724e-037 5.360048e-017 
0.000000e+000 1.212171e-146 9.294809e-098 2.667834e-038 1.774038e-017 
0.000000e+000 6.544678e-148 6.484577e-099 2.082880e-039 4.623557e-018 
0.000000e+000 3.533562e-149 4.524003e-100 1.626185e-040 1.205007e-018 
0.000000e+000 2.384234e-151 3.937777e-101 2.537480e-041 3.988263e-019 
0.000000e+000 1.287281e-152 2.747213e-102 1.981109e-042 1.039435e-019 
0.000000e+000 6.950210e-154 1.916609e-103 1.546728e-043 2.709010e-020 
0.000000e+000 4.935782e-185 1.684787e-105 2.035009e-047 1.329284e-021 
0.000000e+000 3.330367e-187 1.466470e-106 3.175406e-048 4.399587e-022 
0.000000e+000 2.365103e-218 2.687012e-137 5.157828e-054 1.095169e-023 
0.000000e+000 1.679609e-249 5.846552e-143 6.703146e-056 1.628750e-024 
0.000000e+000 1.192796e-280 1.272126e-148 8.711452e-058 2.422300e-025 
0.000000e+000 8.470795e-312 2.767962e-154 1.132146e-059 3.602478e-026 
0.000000e+000 5.715581e-314 2.409286e-155 1.766588e-060 1.192327e-026 
0.000000e+000 3.856528e-316 2.097088e-156 2.756563e-061 3.946296e-027 
0.000000e+000 2.602150e-318 1.825345e-157 4.301310e-062 1.306122e-027 
0.000000e+000 1.755909e-320 1.588814e-158 6.711716e-063 4.322927e-028 
0.000000e+000 9.486060e-322 1.108445e-159 5.240095e-064 1.126656e-028 
0.000000e+000 4.940656e-323 7.733133e-161 4.091144e-065 2.936329e-029 
0.000000e+000 0.000000e+000 2.523928e-166 1.993579e-070 1.086084e-030 
0.000000e+000 0.000000e+000 8.237556e-172 9.714543e-076 4.017191e-032 
0.000000e+000 0.000000e+000 2.688561e-177 4.733814e-081 1.485872e-033 
0.000000e+000 0.000000e+000 8.774883e-183 2.306748e-086 5.495917e-035 
0.000000e+000 0.000000e+000 1.909288e-188 2.997864e-088 8.173604e-036 
0.000000e+000 0.000000e+000 1.661880e-189 4.677833e-089 2.705252e-036 



P(O|lamda) = 3.935787e-094

2.500500e-002 0.000000e+000 0.000000e+000 0.000000e+000 0.000000e+000 
1.417896e-088 1.000552e-003 0.000000e+000 0.000000e+000 0.000000e+000 
8.463275e-203 1.250846e-007 2.439058e-005 0.000000e+000 0.000000e+000 
5.051642e-317 1.563753e-011 2.768226e-008 7.026357e-007 0.000000e+000 
0.000000e+000 1.954935e-015 2.833866e-011 3.355632e-009 1.414050e-008 
0.000000e+000 2.443974e-019 2.866805e-014 1.303363e-011 3.913852e-010 
0.000000e+000 2.444834e-022 2.321115e-017 2.415633e-014 5.249453e-012 
0.000000e+000 3.056424e-026 2.344786e-020 8.861754e-017 1.207119e-013 
0.000000e+000 3.821007e-030 2.368171e-023 3.233161e-019 2.766391e-015 
0.000000e+000 9.552519e-033 1.434908e-025 5.885119e-021 7.964677e-017 
0.000000e+000 1.194214e-036 1.449176e-028 2.143080e-023 1.824231e-018 
0.000000e+000 1.194634e-039 1.173087e-031 3.904217e-026 2.377211e-020 
0.000000e+000 1.493479e-043 1.184750e-034 1.421489e-028 5.444422e-022 
0.000000e+000 1.867082e-047 1.196528e-037 5.175423e-031 1.246911e-023 
0.000000e+000 2.334144e-051 1.208423e-040 1.884282e-033 2.855741e-025 
0.000000e+000 2.918045e-055 1.220437e-043 6.860338e-036 6.540370e-027 
0.000000e+000 3.648012e-059 1.232570e-046 2.497727e-038 1.497910e-028 
0.000000e+000 4.560585e-063 1.244823e-049 9.093777e-041 3.430593e-030 
0.000000e+000 5.701444e-067 1.257199e-052 3.310882e-043 7.856926e-032 
0.000000e+000 1.781701e-074 4.760946e-060 3.764429e-050 1.453053e-034 
0.000000e+000 2.227405e-078 4.808277e-063 1.370561e-052 3.327859e-036 
0.000000e+000 2.228188e-081 3.892231e-066 2.496725e-055 4.336589e-038 
0.000000e+000 2.785583e-085 3.930926e-069 9.090131e-058 9.931887e-040 
0.000000e+000 2.786562e-088 3.182028e-072 1.655932e-060 1.294241e-041 
0.000000e+000 6.966406e-091 1.928028e-074 3.012442e-062 3.725848e-043 
0.000000e+000 8.709096e-095 1.947196e-077 1.096776e-064 8.533135e-045 
0.000000e+000 1.088773e-098 1.966554e-080 3.993167e-067 1.954304e-046 
0.000000e+000 1.360966e-100 1.588749e-082 9.806799e-069 3.235971e-048 
0.000000e+000 1.701421e-104 1.604543e-085 3.570480e-071 7.411193e-050 
0.000000e+000 1.702019e-107 1.298855e-088 6.504276e-074 9.657652e-052 
0.000000e+000 1.702617e-110 1.051404e-091 1.184872e-076 1.258505e-053 
0.000000e+000 2.128537e-114 1.061857e-094 4.313906e-079 2.882295e-055 
0.000000e+000 2.129285e-117 8.595578e-098 7.858560e-082 3.755967e-057 
0.000000e+000 2.130034e-120 6.957997e-101 1.431579e-084 4.894465e-059 
0.000000e+000 5.605354e-152 7.096820e-105 4.394753e-090 6.344372e-061 
0.000000e+000 7.007569e-156 7.167373e-108 1.600051e-092 1.453022e-062 
0.000000e+000 1.751892e-158 4.342796e-110 2.910785e-094 4.182944e-064 
0.000000e+000 2.189865e-160 3.508479e-112 7.148583e-096 6.926195e-066 
0.000000e+000 2.737331e-162 2.834447e-114 1.755617e-097 1.146852e-067 
0.000000e+000 3.421664e-164 2.289907e-116 4.311612e-099 1.898978e-069 
0.000000e+000 4.277615e-168 2.312672e-119 1.569781e-101 4.349140e-071 
0.000000e+000 5.347687e-172 2.335663e-122 5.715291e-104 9.960630e-073 
0.000000e+000 6.685445e-176 2.358883e-125 2.080835e-106 2.281236e-074 
0.000000e+000 8.357850e-180 2.382334e-128 7.575949e-109 5.224608e-076 
0.000000e+000 8.360788e-183 1.928465e-131 1.380096e-111 6.808276e-078 
0.000000e+000 8.363727e-186 1.561065e-134 2.514095e-114 8.871980e-080 
0.000000e+000 2.613665e-193 5.911672e-142 2.858493e-121 1.640776e-082 
0.000000e+000 8.167702e-201 2.238720e-149 3.250069e-128 3.034436e-085 
0.000000e+000 2.552407e-208 8.477917e-157 3.695286e-135 5.611859e-088 
0.000000e+000 7.976272e-216 3.210544e-164 4.201492e-142 1.037852e-090 
0.000000e+000 9.970339e-218 2.593749e-166 1.031842e-143 1.718494e-092 
0.000000e+000 1.246448e-221 2.619535e-169 3.756754e-146 3.935787e-094 



P(O|lamda) = 9.716806e-251

1.250250e-003 0.000000e+000 0.000000e+000 0.000000e+000 0.000000e+000 
6.251250e-007 2.189991e-096 0.000000e+000 0.000000e+000 0.000000e+000 
6.580266e-037 5.748966e-100 5.475456e-100 0.000000e+000 0.000000e+000 
6.926598e-067 1.149937e-103 6.913300e-103 1.643749e-103 0.000000e+000 
7.291159e-097 2.300162e-107 7.201412e-106 4.049230e-106 3.764600e-107 
7.674907e-127 4.600900e-111 7.259549e-109 7.024254e-109 1.358470e-109 
3.837454e-130 7.364028e-114 5.828382e-112 5.310777e-112 1.800465e-112 
4.039427e-160 1.472990e-117 5.847302e-115 8.126948e-115 3.278061e-115 
4.252030e-190 2.946349e-121 5.851494e-118 1.151432e-117 5.615069e-118 
2.126015e-192 1.178540e-123 3.511338e-120 7.786334e-120 1.139703e-120 
2.237911e-222 2.357374e-127 3.511939e-123 1.040404e-122 3.088371e-123 
1.118956e-225 3.773124e-130 2.815173e-126 6.778526e-126 3.368022e-126 
1.177848e-255 7.547194e-134 2.815513e-129 8.984865e-129 5.409263e-129 
1.239841e-285 1.509628e-137 2.815777e-132 1.163437e-131 8.252048e-132 
1.305096e-315 3.019633e-141 2.816026e-135 1.481600e-134 1.211420e-134 
0.000000e+000 6.040023e-145 2.816273e-138 1.863662e-137 1.726552e-137 
0.000000e+000 1.208156e-148 2.816518e-141 2.322455e-140 2.403945e-140 
0.000000e+000 2.416614e-152 2.816764e-144 2.873387e-143 3.284721e-143 
0.000000e+000 4.833834e-156 2.817010e-147 3.534960e-146 4.419497e-146 
0.000000e+000 2.416917e-163 1.056379e-154 1.352019e-153 4.740443e-150 
0.000000e+000 4.834439e-167 1.056471e-157 1.655235e-156 5.428714e-153 
0.000000e+000 7.737821e-170 8.468534e-161 1.010375e-159 3.537340e-156 
0.000000e+000 1.547758e-173 8.469273e-164 1.238695e-162 4.050931e-159 
0.000000e+000 2.477283e-176 6.788861e-167 7.569601e-166 2.639580e-162 
0.000000e+000 9.909133e-179 4.073316e-169 4.643603e-168 3.799616e-165 
0.000000e+000 1.982075e-182 4.073672e-172 5.698381e-171 4.352102e-168 
0.000000e+000 3.964646e-186 4.074027e-175 6.964981e-174 4.985010e-171 
0.000000e+000 7.929291e-188 3.259231e-177 5.724145e-176 4.128288e-174 
0.000000e+000 1.586057e-191 3.259515e-180 6.971470e-179 4.740519e-177 
0.000000e+000 2.538583e-194 2.612786e-183 4.237594e-182 3.097810e-180 
0.000000e+000 4.063160e-197 2.094376e-186 2.585298e-185 2.023926e-183 
0.000000e+000 8.127338e-201 2.094558e-189 3.167333e-188 2.323571e-186 
0.000000e+000 1.300831e-203 1.678971e-192 1.934474e-191 1.518070e-189 
0.000000e+000 2.082061e-206 1.345842e-195 1.187500e-194 9.916320e-193 
0.000000e+000 1.753316e-236 1.359300e-199 1.236410e-200 6.442328e-196 
0.000000e+000 3.507070e-240 1.359419e-202 5.565360e-203 7.377306e-199 
0.000000e+000 1.402828e-242 8.156512e-205 5.378356e-205 1.061902e-201 
0.000000e+000 2.805656e-244 6.525229e-207 6.008174e-207 8.792470e-205 
0.000000e+000 5.611312e-246 5.220199e-209 6.187992e-209 7.289312e-208 
0.000000e+000 1.122262e-247 4.176172e-211 6.069376e-211 6.137349e-211 
0.000000e+000 2.244806e-251 4.176536e-214 8.541884e-214 8.418077e-214 
0.000000e+000 4.490174e-255 4.176900e-217 1.151101e-216 1.159607e-216 
0.000000e+000 8.981472e-259 4.177264e-220 1.507649e-219 1.591527e-219 
0.000000e+000 1.796519e-262 4.177629e-223 1.935807e-222 2.167788e-222 
0.000000e+000 2.875441e-265 3.348734e-226 1.225832e-225 1.664699e-225 
0.000000e+000 4.602323e-268 2.684302e-229 7.868106e-229 1.244389e-228 
0.000000e+000 2.301162e-275 1.006613e-236 3.202193e-236 1.296193e-232 
0.000000e+000 1.150581e-282 3.774800e-244 1.295192e-243 1.198643e-236 
0.000000e+000 5.752904e-290 1.415550e-251 5.210859e-251 1.108380e-240 
0.000000e+000 2.876452e-297 5.308312e-259 2.086780e-258 1.024915e-244 
0.000000e+000 5.752904e-299 4.246663e-261 1.797789e-260 8.485360e-248 
0.000000e+000 1.150725e-302 4.247033e-264 2.286294e-263 9.716806e-251 



P(O|lamda) = 1.792097e-076

6.251250e-005 0.000000e+000 0.000000e+000 0.000000e+000 0.000000e+000 
1.310158e-008 5.940778e-009 0.000000e+000 0.000000e+000 0.000000e+000 
6.895571e-040 1.585714e-013 2.855138e-010 0.000000e+000 0.000000e+000 
3.629249e-071 7.929561e-020 1.018610e-012 2.655186e-011 0.000000e+000 
1.910132e-102 3.965275e-026 3.606844e-015 8.936664e-013 1.059866e-012 
1.005333e-133 1.982885e-032 1.277163e-017 2.722563e-014 9.616825e-014 
2.107011e-137 7.934332e-038 4.525680e-023 3.078420e-019 1.143093e-014 
1.108953e-168 3.967661e-044 1.602518e-025 9.267100e-021 6.524764e-016 
5.836599e-200 1.984078e-050 5.674428e-028 2.788597e-022 3.724296e-017 
7.295749e-205 1.984078e-055 6.035374e-030 3.144224e-026 9.795140e-019 
3.839869e-236 9.921629e-062 2.137092e-032 9.466506e-028 5.590951e-020 
8.047727e-240 3.970049e-067 7.572874e-038 1.068909e-032 5.547343e-021 
4.235647e-271 1.985272e-073 2.681513e-040 3.216392e-034 3.166358e-022 
2.229289e-302 9.927599e-080 9.495087e-043 9.678071e-036 1.807320e-023 
0.000000e+000 4.964419e-086 3.362157e-045 2.912109e-037 1.031597e-024 
0.000000e+000 2.482519e-092 1.190521e-047 8.762467e-039 5.888237e-026 
0.000000e+000 1.241415e-098 4.215570e-050 2.636605e-040 3.360937e-027 
0.000000e+000 6.207847e-105 1.492710e-052 7.933482e-042 1.918383e-028 
0.000000e+000 3.104311e-111 5.285602e-055 2.387166e-043 1.094991e-029 
0.000000e+000 1.241724e-113 3.738531e-057 1.076630e-044 3.114018e-031 
0.000000e+000 6.209397e-120 1.323793e-059 3.239554e-046 1.777445e-032 
0.000000e+000 2.484633e-125 4.690914e-065 3.657682e-051 1.763581e-033 
0.000000e+000 1.242472e-131 1.661027e-067 1.100588e-052 1.006632e-034 
0.000000e+000 4.971636e-137 5.885916e-073 1.242640e-057 9.987800e-036 
0.000000e+000 4.971636e-142 6.260315e-075 1.401104e-061 2.626842e-037 
0.000000e+000 2.486128e-148 2.216743e-077 4.215887e-063 1.499371e-038 
0.000000e+000 1.243219e-154 7.849362e-080 1.268550e-064 8.558234e-040 
0.000000e+000 6.216096e-159 2.803704e-082 1.930928e-068 3.490792e-042 
0.000000e+000 3.108436e-165 9.927762e-085 5.810117e-070 1.992503e-043 
0.000000e+000 1.243812e-170 3.517943e-090 6.560026e-075 1.976962e-044 
0.000000e+000 4.976999e-176 1.246597e-095 7.406725e-080 1.961542e-045 
0.000000e+000 2.488810e-182 4.414132e-098 2.228666e-081 1.119625e-046 
0.000000e+000 9.958745e-188 1.564166e-103 2.516319e-086 1.110893e-047 
0.000000e+000 3.984900e-193 5.542685e-109 2.841099e-091 1.102228e-048 
0.000000e+000 7.969800e-196 1.960431e-111 4.271196e-093 1.105468e-049 
0.000000e+000 3.985397e-202 6.941776e-114 1.285193e-094 6.309884e-051 
0.000000e+000 3.985397e-207 7.383338e-116 1.449083e-098 1.659532e-052 
0.000000e+000 1.992699e-211 2.637246e-118 2.205726e-102 6.769014e-055 
0.000000e+000 9.963494e-216 9.419947e-121 3.357454e-106 2.760993e-057 
0.000000e+000 4.981747e-220 3.364700e-123 5.110559e-110 1.126173e-059 
0.000000e+000 2.491184e-226 1.191421e-125 1.537755e-111 6.428064e-061 
0.000000e+000 1.245748e-232 4.218757e-128 4.627068e-113 3.669064e-062 
0.000000e+000 6.229515e-239 1.493838e-130 1.392274e-114 2.094259e-063 
0.000000e+000 3.115146e-245 5.289599e-133 4.189318e-116 1.195378e-064 
0.000000e+000 1.246497e-250 1.874391e-138 4.730031e-121 1.186055e-065 
0.000000e+000 4.987744e-256 6.641981e-144 5.340534e-126 1.176804e-066 
0.000000e+000 1.995097e-258 4.697904e-146 2.408622e-127 3.346684e-068 
0.000000e+000 7.980390e-261 3.322849e-148 1.086307e-128 9.517554e-070 
0.000000e+000 3.192156e-263 2.350266e-150 4.899329e-130 2.706674e-071 
0.000000e+000 1.276862e-265 1.662354e-152 2.209635e-131 7.697446e-073 
0.000000e+000 6.384312e-270 5.937743e-155 3.363403e-135 3.139688e-075 
0.000000e+000 3.192554e-276 2.102522e-157 1.012040e-136 1.792097e-076 



P(O|lamda) = 1.999865e-132

3.125625e-006 0.000000e+000 0.000000e+000 0.000000e+000 0.000000e+000 
6.550788e-011 1.407026e-011 0.000000e+000 0.000000e+000 0.000000e+000 
6.895569e-042 3.755639e-017 3.240205e-014 0.000000e+000 0.000000e+000 
7.258497e-073 1.878054e-024 6.574997e-018 1.491613e-016 0.000000e+000 
7.640526e-104 9.391444e-032 1.316648e-021 1.407110e-019 5.215665e-019 
8.042662e-135 4.696309e-039 2.636587e-025 1.102476e-022 2.632497e-021 
1.685608e-139 1.879184e-045 5.283637e-032 8.278523e-025 7.632370e-023 
1.774325e-170 9.397094e-053 1.058048e-035 6.129660e-028 3.161227e-025 
1.867711e-201 4.699134e-060 2.118742e-039 4.538577e-031 1.299492e-027 
2.334639e-207 4.699134e-066 1.274423e-042 1.259243e-036 1.709375e-030 
2.457515e-238 2.349861e-073 2.552033e-046 9.323854e-040 7.015177e-033 
5.150541e-243 9.402747e-080 5.114194e-053 6.898744e-042 1.963829e-034 
5.421625e-274 4.701961e-087 1.024117e-056 5.108029e-045 8.059438e-037 
5.706976e-305 2.351274e-094 2.050795e-060 3.782132e-048 3.307546e-039 
0.000000e+000 1.175784e-101 4.106717e-064 2.800400e-051 1.357397e-041 
0.000000e+000 5.879655e-109 8.223700e-068 2.073497e-054 5.570678e-044 
0.000000e+000 2.940195e-116 1.646796e-071 1.535277e-057 2.286174e-046 
0.000000e+000 1.470281e-123 3.297709e-075 1.136763e-060 9.382321e-049 
0.000000e+000 7.352324e-131 6.603662e-079 8.416923e-064 3.850449e-051 
0.000000e+000 2.940930e-134 2.641465e-082 9.341187e-067 5.475100e-054 
0.000000e+000 1.470649e-141 5.289533e-086 6.916485e-070 2.246949e-056 
0.000000e+000 5.884663e-148 1.060006e-092 5.117516e-072 6.290108e-058 
0.000000e+000 2.942699e-155 2.122662e-096 3.789157e-075 2.581423e-060 
0.000000e+000 1.177493e-161 4.253748e-103 2.803602e-077 7.226437e-062 
0.000000e+000 1.177493e-167 2.558630e-106 7.778682e-083 9.502952e-065 
0.000000e+000 5.888203e-175 5.123656e-110 5.759561e-086 3.899955e-067 
0.000000e+000 2.944469e-182 1.026012e-113 4.264545e-089 1.600519e-069 
0.000000e+000 1.472235e-187 2.072544e-117 1.597334e-094 3.264154e-073 
0.000000e+000 7.362094e-195 4.150270e-121 1.182713e-097 1.339589e-075 
0.000000e+000 2.945873e-201 8.317012e-128 8.750906e-100 3.750047e-077 
0.000000e+000 1.178763e-207 1.666703e-134 6.474807e-102 1.049788e-078 
0.000000e+000 5.894554e-215 3.337573e-138 4.794134e-105 4.308268e-081 
0.000000e+000 2.358650e-221 6.688393e-145 3.547186e-107 1.206057e-082 
0.000000e+000 9.437919e-228 1.340333e-151 2.624567e-109 3.376235e-084 
0.000000e+000 3.963926e-230 5.629433e-154 9.709251e-113 5.743381e-086 
0.000000e+000 1.982211e-237 1.127294e-157 7.189010e-116 2.357050e-088 
0.000000e+000 1.982211e-243 6.780673e-161 1.994613e-121 3.099582e-091 
0.000000e+000 9.911053e-249 1.369696e-164 7.471055e-127 6.321395e-095 
0.000000e+000 4.955527e-254 2.766786e-168 2.798370e-132 1.289207e-098 
0.000000e+000 2.477763e-259 5.588907e-172 1.048162e-137 2.629255e-102 
0.000000e+000 1.239036e-266 1.119179e-175 7.760892e-141 1.079031e-104 
0.000000e+000 6.195957e-274 2.241155e-179 5.746389e-144 4.428278e-107 
0.000000e+000 3.098365e-281 4.487914e-183 4.254792e-147 1.817339e-109 
0.000000e+000 1.549376e-288 8.987047e-187 3.150371e-150 7.458253e-112 
0.000000e+000 6.199684e-295 1.800976e-193 2.330963e-152 2.087863e-113 
0.000000e+000 2.480746e-301 3.609100e-200 1.724683e-154 5.844765e-115 
0.000000e+000 9.922982e-305 1.443640e-203 1.914071e-157 8.310893e-118 
0.000000e+000 3.969193e-308 5.774560e-207 2.124255e-160 1.181757e-120 
0.000000e+000 1.587677e-311 2.309824e-210 2.357520e-163 1.680386e-123 
0.000000e+000 6.350709e-315 9.239296e-214 2.616400e-166 2.389404e-126 
0.000000e+000 3.175360e-320 1.866338e-217 9.800029e-172 4.873035e-130 
0.000000e+000 0.000000e+000 3.737342e-221 7.256224e-175 1.999865e-132 



P(O|lamda) = 1.476864e-124

1.562812e-007 0.000000e+000 0.000000e+000 0.000000e+000 0.000000e+000 
3.302798e-095 3.908404e-014 0.000000e+000 0.000000e+000 0.000000e+000 
9.991293e-179 4.872622e-017 1.910245e-015 0.000000e+000 0.000000e+000 
3.022466e-262 6.074716e-020 4.768980e-018 4.660032e-019 0.000000e+000 
0.000000e+000 7.573371e-023 8.929422e-021 1.179276e-021 1.799985e-021 
0.000000e+000 9.441750e-026 1.486171e-023 2.218530e-024 1.260455e-023 
0.000000e+000 5.887598e-034 5.794300e-032 3.698503e-026 1.465906e-025 
0.000000e+000 7.340091e-037 1.011944e-034 1.260882e-030 7.984065e-028 
0.000000e+000 9.150919e-040 1.623501e-037 4.300982e-035 3.575317e-030 
0.000000e+000 5.704252e-042 9.899213e-040 6.019003e-037 1.052733e-031 
0.000000e+000 7.111513e-045 1.516024e-042 2.076106e-041 4.707808e-034 
0.000000e+000 4.434531e-053 5.602949e-051 1.076838e-044 4.752640e-036 
0.000000e+000 5.528546e-056 9.170090e-054 3.671094e-049 2.125365e-038 
0.000000e+000 6.892459e-059 1.416309e-056 1.251748e-053 9.504558e-041 
0.000000e+000 8.592855e-062 2.107008e-059 4.301924e-058 4.250406e-043 
0.000000e+000 1.071274e-064 3.053367e-062 1.980586e-062 1.900767e-045 
0.000000e+000 1.335562e-067 4.339760e-065 8.123879e-066 8.500166e-048 
0.000000e+000 1.665050e-070 6.076696e-068 1.086377e-068 3.801245e-050 
0.000000e+000 2.075824e-073 8.408597e-071 1.519442e-071 1.699904e-052 
0.000000e+000 2.600876e-076 5.747528e-076 3.152243e-074 3.520666e-055 
0.000000e+000 3.242522e-079 1.343021e-077 1.214851e-078 1.574430e-057 
0.000000e+000 2.021941e-087 8.154106e-086 3.315344e-080 1.589423e-059 
0.000000e+000 2.520762e-090 2.007350e-088 1.130264e-084 7.107847e-062 
0.000000e+000 1.571873e-098 9.347318e-097 3.855368e-088 7.175535e-064 
0.000000e+000 9.798318e-101 7.741214e-099 5.253487e-090 2.112775e-065 
0.000000e+000 1.221560e-103 1.446411e-101 1.790983e-094 9.448259e-068 
0.000000e+000 1.522923e-106 2.404801e-104 6.105699e-099 4.225229e-070 
0.000000e+000 3.797384e-109 9.444883e-110 4.160127e-101 5.336967e-072 
0.000000e+000 4.734213e-112 1.867789e-110 1.418242e-105 2.386674e-074 
0.000000e+000 2.952116e-120 1.161465e-118 4.831984e-109 2.409402e-076 
0.000000e+000 1.840853e-128 7.232462e-127 1.646114e-112 2.432347e-078 
0.000000e+000 2.294999e-131 1.803653e-129 5.611817e-117 1.087737e-080 
0.000000e+000 1.431094e-139 8.435472e-138 1.911780e-120 1.098096e-082 
0.000000e+000 8.923881e-148 4.382072e-146 6.512865e-124 1.108553e-084 
0.000000e+000 5.840851e-152 5.152292e-150 1.109330e-128 1.313830e-086 
0.000000e+000 7.281810e-155 9.294192e-153 3.781852e-133 5.875404e-089 
0.000000e+000 4.539138e-157 6.066268e-155 5.153311e-135 1.729963e-090 
0.000000e+000 1.131827e-159 2.468393e-160 3.511117e-137 2.185149e-092 
0.000000e+000 2.822191e-162 1.401072e-163 2.392238e-139 2.760103e-094 
0.000000e+000 7.037085e-165 3.478586e-166 1.629909e-141 3.486339e-096 
0.000000e+000 8.773160e-168 3.443746e-166 5.556573e-146 1.559079e-098 
0.000000e+000 1.093753e-170 8.591988e-169 1.894309e-150 6.972147e-101 
0.000000e+000 1.363586e-173 1.608423e-171 6.457947e-155 3.117921e-103 
0.000000e+000 1.699988e-176 2.676702e-174 2.201599e-159 1.394323e-105 
0.000000e+000 1.060063e-184 1.043529e-182 7.500194e-163 1.407602e-107 
0.000000e+000 6.610240e-193 4.553483e-191 2.555093e-166 1.421006e-109 
0.000000e+000 8.282211e-196 4.449775e-196 1.305618e-170 2.943042e-112 
0.000000e+000 1.037708e-198 2.046663e-199 6.671526e-175 6.095325e-115 
0.000000e+000 1.300183e-201 2.542343e-202 3.409058e-179 1.262401e-117 
0.000000e+000 1.629047e-204 3.185258e-205 1.741982e-183 2.614555e-120 
0.000000e+000 4.062000e-207 2.015417e-208 1.186868e-185 3.302494e-122 
0.000000e+000 5.064111e-210 1.987835e-208 4.046191e-190 1.476864e-124 



Max probability = 2.705252e-036

Utterance recognised as 4