27	19	11	11	29	29	29	29	29	29	29	29	29	29	23	13	23	23	5	19	13	13	13	13	3	3	4	4	3	12	6	11	11	11	11	12	11	11	6	28	
Iteraion 1
-----------------

P(O|lamda) = 6.223015e-061

3.125000e-002 0.000000e+000 0.000000e+000 0.000000e+000 0.000000e+000 
7.812500e-004 1.953125e-004 0.000000e+000 0.000000e+000 0.000000e+000 
1.953125e-005 9.765625e-006 1.220703e-006 0.000000e+000 0.000000e+000 
4.882813e-007 3.662109e-007 9.155273e-008 7.629395e-009 0.000000e+000 
1.220703e-008 1.220703e-008 4.577637e-009 7.629395e-010 4.768372e-011 
3.051758e-010 3.814697e-010 1.907349e-010 4.768372e-011 6.258488e-012 
7.629395e-012 1.144409e-011 7.152557e-012 2.384186e-012 4.936010e-013 
1.907349e-013 3.337860e-013 2.503395e-013 1.043081e-013 3.032619e-014 
4.768372e-015 9.536743e-015 8.344650e-015 4.172325e-015 1.599619e-015 
1.192093e-016 2.682209e-016 2.682209e-016 1.564622e-016 7.606513e-017 
2.980232e-018 7.450581e-018 8.381903e-018 5.587935e-018 3.354924e-018 
7.450581e-020 2.048910e-019 2.561137e-019 1.920853e-019 1.397660e-019 
1.862645e-021 5.587935e-021 7.683411e-021 6.402843e-021 5.568220e-021 
4.656613e-023 1.513399e-022 2.270099e-022 2.080924e-022 2.140246e-022 
1.164153e-024 4.074536e-024 6.621121e-024 6.621121e-024 7.988847e-024 
2.910383e-026 1.091394e-025 1.909939e-025 2.069100e-025 2.910335e-025 
7.275958e-028 2.910383e-027 5.456968e-027 6.366463e-027 1.038798e-026 
1.818989e-029 7.730705e-029 1.546141e-028 1.932676e-028 3.644149e-028 
4.547474e-031 2.046363e-030 4.348522e-030 5.798029e-030 1.259589e-029 
1.136868e-032 5.400125e-032 1.215028e-031 1.721290e-031 4.298592e-031 
2.842171e-034 1.421085e-033 3.375078e-033 5.062617e-033 1.450891e-032 
7.105427e-036 3.730349e-035 9.325873e-035 1.476597e-034 4.850447e-034 
1.776357e-037 9.769963e-037 2.564615e-036 4.274359e-036 1.608052e-035 
4.440892e-039 2.553513e-038 7.022161e-038 1.228878e-037 5.292309e-037 
1.110223e-040 6.661338e-040 1.915135e-039 3.511080e-039 1.730652e-038 
2.775558e-042 1.734723e-041 5.204170e-041 9.974660e-041 5.627729e-040 
6.938894e-044 4.510281e-043 1.409463e-042 2.818926e-042 1.821007e-041 
1.734723e-045 1.170938e-044 3.805550e-044 7.928228e-044 5.866829e-043 
4.336809e-047 3.035766e-046 1.024571e-045 2.219904e-045 1.882936e-044 
1.084202e-048 7.860466e-048 2.751163e-047 6.190117e-047 6.022918e-046 
2.710505e-050 2.032879e-049 7.369187e-049 1.719477e-048 1.920850e-047 
6.776264e-052 5.251604e-051 1.969352e-050 4.759266e-050 6.110124e-049 
1.694066e-053 1.355253e-052 5.251604e-052 1.312901e-051 1.939159e-050 
4.235165e-055 3.494011e-054 1.397604e-053 3.610478e-053 6.141928e-052 
1.058791e-056 8.999725e-056 3.712387e-055 9.899698e-055 1.941918e-053 
2.646978e-058 2.316106e-057 9.843449e-057 2.706949e-056 6.130367e-055 
6.617445e-060 5.955700e-059 2.605619e-058 7.382587e-058 1.932658e-056 
1.654361e-061 1.530284e-060 6.886279e-060 2.008498e-059 6.085698e-058 
4.135903e-063 3.929108e-062 1.817212e-061 5.451637e-061 1.914334e-059 
1.033976e-064 1.008126e-063 4.788600e-063 1.476485e-062 6.016366e-061 


1.991365e-059 1.991365e-059 1.991365e-059 1.991365e-059 1.991365e-059 
6.372368e-058 6.372368e-058 6.372368e-058 6.372368e-058 6.372368e-058 
2.039158e-056 2.039158e-056 2.039158e-056 2.039158e-056 2.039158e-056 
6.525304e-055 6.525304e-055 6.525304e-055 6.525304e-055 6.525304e-055 
2.088097e-053 2.088097e-053 2.088097e-053 2.088097e-053 2.088097e-053 
6.681912e-052 6.681912e-052 6.681912e-052 6.681912e-052 6.681912e-052 
2.138212e-050 2.138212e-050 2.138212e-050 2.138212e-050 2.138212e-050 
6.842278e-049 6.842278e-049 6.842278e-049 6.842278e-049 6.842278e-049 
2.189529e-047 2.189529e-047 2.189529e-047 2.189529e-047 2.189529e-047 
7.006492e-046 7.006492e-046 7.006492e-046 7.006492e-046 7.006492e-046 
2.242078e-044 2.242078e-044 2.242078e-044 2.242078e-044 2.242078e-044 
7.174648e-043 7.174648e-043 7.174648e-043 7.174648e-043 7.174648e-043 
2.295887e-041 2.295887e-041 2.295887e-041 2.295887e-041 2.295887e-041 
7.346840e-040 7.346840e-040 7.346840e-040 7.346840e-040 7.346840e-040 
2.350989e-038 2.350989e-038 2.350989e-038 2.350989e-038 2.350989e-038 
7.523164e-037 7.523164e-037 7.523164e-037 7.523164e-037 7.523164e-037 
2.407412e-035 2.407412e-035 2.407412e-035 2.407412e-035 2.407412e-035 
7.703720e-034 7.703720e-034 7.703720e-034 7.703720e-034 7.703720e-034 
2.465190e-032 2.465190e-032 2.465190e-032 2.465190e-032 2.465190e-032 
7.888609e-031 7.888609e-031 7.888609e-031 7.888609e-031 7.888609e-031 
2.524355e-029 2.524355e-029 2.524355e-029 2.524355e-029 2.524355e-029 
8.077936e-028 8.077936e-028 8.077936e-028 8.077936e-028 8.077936e-028 
2.584939e-026 2.584939e-026 2.584939e-026 2.584939e-026 2.584939e-026 
8.271806e-025 8.271806e-025 8.271806e-025 8.271806e-025 8.271806e-025 
2.646978e-023 2.646978e-023 2.646978e-023 2.646978e-023 2.646978e-023 
8.470329e-022 8.470329e-022 8.470329e-022 8.470329e-022 8.470329e-022 
2.710505e-020 2.710505e-020 2.710505e-020 2.710505e-020 2.710505e-020 
8.673617e-019 8.673617e-019 8.673617e-019 8.673617e-019 8.673617e-019 
2.775558e-017 2.775558e-017 2.775558e-017 2.775558e-017 2.775558e-017 
8.881784e-016 8.881784e-016 8.881784e-016 8.881784e-016 8.881784e-016 
2.842171e-014 2.842171e-014 2.842171e-014 2.842171e-014 2.842171e-014 
9.094947e-013 9.094947e-013 9.094947e-013 9.094947e-013 9.094947e-013 
2.910383e-011 2.910383e-011 2.910383e-011 2.910383e-011 2.910383e-011 
9.313226e-010 9.313226e-010 9.313226e-010 9.313226e-010 9.313226e-010 
2.980232e-008 2.980232e-008 2.980232e-008 2.980232e-008 2.980232e-008 
9.536743e-007 9.536743e-007 9.536743e-007 9.536743e-007 9.536743e-007 
3.051758e-005 3.051758e-005 3.051758e-005 3.051758e-005 3.051758e-005 
9.765625e-004 9.765625e-004 9.765625e-004 9.765625e-004 9.765625e-004 
3.125000e-002 3.125000e-002 3.125000e-002 3.125000e-002 3.125000e-002 
1.000000e+000 1.000000e+000 1.000000e+000 1.000000e+000 1.000000e+000 


1.000000e+000 0.000000e+000 0.000000e+000 0.000000e+000 0.000000e+000 
8.000000e-001 2.000000e-001 0.000000e+000 0.000000e+000 0.000000e+000 
6.400000e-001 3.200000e-001 4.000000e-002 0.000000e+000 0.000000e+000 
5.120000e-001 3.840000e-001 9.600000e-002 8.000000e-003 0.000000e+000 
4.096000e-001 4.096000e-001 1.536000e-001 2.560000e-002 1.600000e-003 
3.276800e-001 4.096000e-001 2.048000e-001 5.120000e-002 6.720000e-003 
2.621440e-001 3.932160e-001 2.457600e-001 8.192000e-002 1.696000e-002 
2.097152e-001 3.670016e-001 2.752512e-001 1.146880e-001 3.334400e-002 
1.677722e-001 3.355443e-001 2.936013e-001 1.468006e-001 5.628160e-002 
1.342177e-001 3.019899e-001 3.019899e-001 1.761608e-001 8.564173e-002 
1.073742e-001 2.684355e-001 3.019899e-001 2.013266e-001 1.208739e-001 
8.589935e-002 2.362232e-001 2.952790e-001 2.214593e-001 1.611392e-001 
6.871948e-002 2.061584e-001 2.834678e-001 2.362232e-001 2.054311e-001 
5.497558e-002 1.786706e-001 2.680060e-001 2.456721e-001 2.526757e-001 
4.398047e-002 1.539316e-001 2.501389e-001 2.501389e-001 3.018101e-001 
3.518437e-002 1.319414e-001 2.308974e-001 2.501389e-001 3.518379e-001 
2.814750e-002 1.125900e-001 2.111062e-001 2.462906e-001 4.018657e-001 
2.251800e-002 9.570149e-002 1.914030e-001 2.392537e-001 4.511238e-001 
1.801440e-002 8.106479e-002 1.722627e-001 2.296836e-001 4.989745e-001 
1.441152e-002 6.845471e-002 1.540231e-001 2.181994e-001 5.449113e-001 
1.152922e-002 5.764608e-002 1.369094e-001 2.053641e-001 5.885511e-001 
9.223372e-003 4.842270e-002 1.210568e-001 1.916732e-001 6.296240e-001 
7.378698e-003 4.058284e-002 1.065299e-001 1.775499e-001 6.679586e-001 
5.902958e-003 3.394201e-002 9.334053e-002 1.633459e-001 7.034686e-001 
4.722366e-003 2.833420e-002 8.146082e-002 1.493448e-001 7.361378e-001 
3.777893e-003 2.361183e-002 7.083550e-002 1.357680e-001 7.660067e-001 
3.022315e-003 1.964504e-002 6.139076e-002 1.227815e-001 7.931603e-001 
2.417852e-003 1.632050e-002 5.304162e-002 1.105034e-001 8.177167e-001 
1.934281e-003 1.353997e-002 4.569740e-002 9.901102e-002 8.398173e-001 
1.547425e-003 1.121883e-002 3.926591e-002 8.834830e-002 8.596195e-001 
1.237940e-003 9.284550e-003 3.365649e-002 7.853182e-002 8.772892e-001 
9.903520e-004 7.675228e-003 2.878211e-002 6.955676e-002 8.929956e-001 
7.922816e-004 6.338253e-003 2.456073e-002 6.140183e-002 9.069069e-001 
6.338253e-004 5.229059e-003 2.091623e-002 5.403361e-002 9.191873e-001 
5.070602e-004 4.310012e-003 1.777880e-002 4.741013e-002 9.299940e-001 
4.056482e-004 3.549422e-003 1.508504e-002 4.148387e-002 9.394760e-001 
3.245186e-004 2.920667e-003 1.277792e-002 3.620410e-002 9.477728e-001 
2.596148e-004 2.401437e-003 1.080647e-002 3.151886e-002 9.550136e-001 
2.076919e-004 1.973073e-003 9.125462e-003 2.737639e-002 9.613174e-001 
1.661535e-004 1.619997e-003 7.694984e-003 2.372620e-002 9.667927e-001 



Q star

------------
1  2  3  4  5  5  5  5  5  5  5  5  5  5  5  5  5  5  5  5  5  5  5  5  5  5  5  5  5  5  5  5  5  5  5  5  5  5  5  5  
------------

P star

-----------
9.956824e-064

A Martrix

8.000000e-001 2.000000e-001 0.000000e+000 0.000000e+000 0.000000e+000 
0.000000e+000 8.000000e-001 2.000000e-001 0.000000e+000 0.000000e+000 
0.000000e+000 0.000000e+000 8.000000e-001 2.000000e-001 0.000000e+000 
0.000000e+000 0.000000e+000 0.000000e+000 8.000000e-001 2.000000e-001 
0.000000e+000 0.000000e+000 0.000000e+000 0.000000e+000 1.000000e+000 

B Martrix

1.000000e-030 1.000000e-030 1.000000e-030 1.000000e-030 1.000000e-030 1.000000e-030 1.000000e-030 1.000000e-030 1.000000e-030 1.000000e-030 1.000000e-030 1.000000e-030 1.000000e-030 1.000000e-030 1.000000e-030 1.000000e-030 1.000000e-030 1.000000e-030 1.000000e-030 1.000000e-030 1.000000e-030 1.000000e-030 1.000000e-030 1.000000e-030 1.000000e-030 1.000000e-030 1.000000e+000 1.000000e-030 1.000000e-030 1.000000e-030 1.000000e-030 1.000000e-030 
1.000000e-030 1.000000e-030 1.000000e-030 1.000000e-030 1.000000e-030 1.000000e-030 1.000000e-030 1.000000e-030 1.000000e-030 1.000000e-030 1.000000e-030 1.000000e-030 1.000000e-030 1.000000e-030 1.000000e-030 1.000000e-030 1.000000e-030 1.000000e-030 1.000000e+000 1.000000e-030 1.000000e-030 1.000000e-030 1.000000e-030 1.000000e-030 1.000000e-030 1.000000e-030 1.000000e-030 1.000000e-030 1.000000e-030 1.000000e-030 1.000000e-030 1.000000e-030 
1.000000e-030 1.000000e-030 1.000000e-030 1.000000e-030 1.000000e-030 1.000000e-030 1.000000e-030 1.000000e-030 1.000000e-030 1.000000e-030 1.000000e+000 1.000000e-030 1.000000e-030 1.000000e-030 1.000000e-030 1.000000e-030 1.000000e-030 1.000000e-030 1.000000e-030 1.000000e-030 1.000000e-030 1.000000e-030 1.000000e-030 1.000000e-030 1.000000e-030 1.000000e-030 1.000000e-030 1.000000e-030 1.000000e-030 1.000000e-030 1.000000e-030 1.000000e-030 
1.000000e-030 1.000000e-030 1.000000e-030 1.000000e-030 1.000000e-030 1.000000e-030 1.000000e-030 1.000000e-030 1.000000e-030 1.000000e-030 1.000000e+000 1.000000e-030 1.000000e-030 1.000000e-030 1.000000e-030 1.000000e-030 1.000000e-030 1.000000e-030 1.000000e-030 1.000000e-030 1.000000e-030 1.000000e-030 1.000000e-030 1.000000e-030 1.000000e-030 1.000000e-030 1.000000e-030 1.000000e-030 1.000000e-030 1.000000e-030 1.000000e-030 1.000000e-030 
1.000000e-030 1.000000e-030 1.159961e-001 7.978590e-002 2.471395e-002 9.106523e-002 1.000000e-030 1.000000e-030 1.000000e-030 1.000000e-030 2.749812e-001 8.910826e-002 1.456880e-001 1.000000e-030 1.000000e-030 1.000000e-030 1.000000e-030 1.000000e-030 2.698917e-002 1.000000e-030 1.000000e-030 1.000000e-030 5.719662e-002 1.000000e-030 1.000000e-030 1.000000e-030 1.000000e-030 4.788474e-002 4.659075e-002 1.000000e-030 1.000000e-030 1.000000e-030 
Iteraion 2
-----------------

P(O|lamda) = 8.554971e-042

1.000000e+000 0.000000e+000 0.000000e+000 0.000000e+000 0.000000e+000 
8.000000e-031 2.000000e-001 0.000000e+000 0.000000e+000 0.000000e+000 
6.400000e-061 1.600000e-031 4.000000e-002 0.000000e+000 0.000000e+000 
5.120000e-091 1.280000e-061 3.200000e-002 8.000000e-003 0.000000e+000 
4.096000e-121 1.024000e-091 2.560000e-032 1.280000e-032 7.454521e-005 
3.276800e-151 8.192000e-122 2.048000e-062 1.536000e-062 3.473117e-006 
2.621440e-181 6.553600e-152 1.638400e-092 1.638400e-092 1.618152e-007 
2.097152e-211 5.242880e-182 1.310720e-122 1.638400e-122 7.539090e-009 
1.677722e-241 4.194304e-212 1.048576e-152 1.572864e-152 3.512519e-010 
1.342177e-271 3.355443e-242 8.388608e-183 1.468006e-182 1.636509e-011 
1.073742e-301 2.684355e-272 6.710886e-213 1.342177e-212 7.624619e-013 
0.000000e+000 2.147484e-302 5.368709e-243 1.207960e-242 3.552367e-014 
0.000000e+000 0.000000e+000 4.294967e-273 1.073742e-272 1.655075e-015 
0.000000e+000 0.000000e+000 3.435974e-303 9.448928e-303 7.711117e-017 
0.000000e+000 0.000000e+000 0.000000e+000 0.000000e+000 4.410499e-018 
0.000000e+000 0.000000e+000 0.000000e+000 0.000000e+000 6.425567e-019 
0.000000e+000 0.000000e+000 0.000000e+000 0.000000e+000 3.675207e-020 
0.000000e+000 0.000000e+000 0.000000e+000 0.000000e+000 2.102094e-021 
0.000000e+000 0.000000e+000 0.000000e+000 0.000000e+000 5.195105e-023 
0.000000e+000 0.000000e+000 0.000000e+000 0.000000e+000 1.402116e-024 
0.000000e+000 0.000000e+000 0.000000e+000 0.000000e+000 2.042715e-025 
0.000000e+000 0.000000e+000 0.000000e+000 0.000000e+000 2.975990e-026 
0.000000e+000 0.000000e+000 0.000000e+000 0.000000e+000 4.335660e-027 
0.000000e+000 0.000000e+000 0.000000e+000 0.000000e+000 6.316537e-028 
0.000000e+000 0.000000e+000 0.000000e+000 0.000000e+000 7.326939e-029 
0.000000e+000 0.000000e+000 0.000000e+000 0.000000e+000 8.498967e-030 
0.000000e+000 0.000000e+000 0.000000e+000 0.000000e+000 6.780977e-031 
0.000000e+000 0.000000e+000 0.000000e+000 0.000000e+000 5.410264e-032 
0.000000e+000 0.000000e+000 0.000000e+000 0.000000e+000 6.275698e-033 
0.000000e+000 0.000000e+000 0.000000e+000 0.000000e+000 5.592165e-034 
0.000000e+000 0.000000e+000 0.000000e+000 0.000000e+000 5.092518e-035 
0.000000e+000 0.000000e+000 0.000000e+000 0.000000e+000 1.400347e-035 
0.000000e+000 0.000000e+000 0.000000e+000 0.000000e+000 3.850691e-036 
0.000000e+000 0.000000e+000 0.000000e+000 0.000000e+000 1.058868e-036 
0.000000e+000 0.000000e+000 0.000000e+000 0.000000e+000 2.911688e-037 
0.000000e+000 0.000000e+000 0.000000e+000 0.000000e+000 2.594554e-038 
0.000000e+000 0.000000e+000 0.000000e+000 0.000000e+000 7.134537e-039 
0.000000e+000 0.000000e+000 0.000000e+000 0.000000e+000 1.961864e-039 
0.000000e+000 0.000000e+000 0.000000e+000 0.000000e+000 1.786576e-040 
0.000000e+000 0.000000e+000 0.000000e+000 0.000000e+000 8.554971e-042 


8.554971e-042 3.421988e-041 5.209089e-070 2.182349e-042 1.091175e-041 
1.836195e-100 4.277486e-041 4.010103e-040 1.000504e-039 4.043009e-040 
3.941115e-129 9.180975e-070 2.138743e-040 1.149554e-039 1.470285e-039 
8.459006e-128 1.970557e-098 4.590488e-069 1.069371e-039 5.346857e-039 
1.815598e-126 4.229503e-097 9.852787e-068 2.295244e-038 1.147622e-037 
3.896906e-125 9.077988e-096 2.114752e-066 4.926393e-037 2.463197e-036 
8.364118e-124 1.948453e-094 4.538994e-065 1.057376e-035 5.286879e-035 
1.795231e-122 4.182059e-093 9.742264e-064 2.269497e-034 1.134749e-033 
3.853192e-121 8.976156e-092 2.091029e-062 4.871132e-033 2.435566e-032 
8.270294e-120 1.926596e-090 4.488078e-061 1.045515e-031 5.227574e-031 
1.775093e-118 4.135147e-089 9.632981e-060 2.244039e-030 1.122020e-029 
3.103493e-117 8.875467e-088 2.067573e-058 4.816490e-029 2.408245e-028 
2.130233e-116 1.551747e-086 4.437734e-057 1.033787e-027 5.168934e-027 
3.724403e-115 1.065116e-085 7.758734e-056 2.218867e-026 1.109433e-025 
6.511579e-114 1.862202e-084 5.325582e-055 3.879367e-025 1.939683e-024 
2.634779e-112 3.255789e-083 9.311008e-054 2.662791e-024 1.331395e-023 
9.762356e-111 1.317389e-081 1.627895e-052 4.655504e-023 2.327752e-022 
8.029226e-109 4.881178e-080 6.586947e-051 8.139474e-022 4.069737e-021 
4.599462e-079 2.174828e-078 2.440589e-049 3.293474e-020 1.646737e-019 
3.157063e-108 2.299731e-078 1.675216e-048 1.220294e-018 6.101472e-018 
2.167003e-107 1.578532e-077 1.149866e-047 8.376081e-018 4.188040e-017 
1.868168e-106 1.083501e-076 7.892658e-047 5.749328e-017 2.874664e-016 
1.610543e-105 9.340840e-076 5.417507e-046 3.946329e-016 1.973165e-015 
2.018581e-104 8.052716e-075 4.670420e-045 2.708754e-015 1.354377e-014 
2.529998e-103 1.009291e-073 4.026358e-044 2.335210e-014 1.167605e-013 
2.181105e-102 1.264999e-072 5.046453e-043 2.013179e-013 1.006589e-012 
2.447702e-101 1.090552e-071 6.324994e-042 2.523227e-012 1.261613e-011 
5.556643e-097 1.223851e-070 5.452762e-041 3.162497e-011 1.581248e-010 
3.109584e-067 1.534488e-066 6.119255e-040 2.726381e-010 1.363190e-009 
1.144978e-037 1.096801e-036 3.285235e-036 3.059627e-009 1.529814e-008 
8.814358e-038 5.724888e-007 3.194050e-006 3.649977e-006 1.679910e-007 
4.701038e-038 4.407179e-007 2.862444e-006 4.520473e-006 6.109180e-007 
1.699311e-065 2.350519e-007 2.203589e-006 5.497862e-006 2.221672e-006 
2.424500e-065 8.496555e-035 1.175259e-006 6.316909e-006 8.079357e-006 
6.977015e-036 9.331692e-035 4.248278e-034 5.876297e-006 2.938149e-005 
7.661558e-065 3.488507e-005 3.270443e-004 8.159616e-004 3.297280e-004 
1.000000e-090 3.830779e-034 1.744254e-004 9.375200e-004 1.199093e-003 
1.000000e-060 1.000000e-060 1.915389e-033 8.721269e-004 4.360634e-003 
1.000000e-030 1.000000e-030 1.000000e-030 9.576947e-003 4.788474e-002 
1.000000e+000 1.000000e+000 1.000000e+000 1.000000e+000 1.000000e+000 


1.000000e+000 0.000000e+000 0.000000e+000 0.000000e+000 0.000000e+000 
1.717079e-089 1.000000e+000 0.000000e+000 0.000000e+000 0.000000e+000 
2.948360e-148 1.717079e-059 1.000000e+000 0.000000e+000 0.000000e+000 
5.062567e-177 2.948360e-118 1.717079e-029 1.000000e+000 0.000000e+000 
8.692827e-206 5.062567e-147 2.948360e-058 3.434158e-029 1.000000e+000 
1.492627e-234 8.692827e-176 5.062567e-087 8.845080e-058 1.000000e+000 
2.562958e-263 1.492627e-204 8.692827e-116 2.025027e-086 1.000000e+000 
4.400801e-292 2.562958e-233 1.492627e-144 4.346413e-115 1.000000e+000 
7.554264e-321 4.400801e-262 2.562958e-173 8.955761e-144 1.000000e+000 
0.000000e+000 7.556523e-291 4.400801e-202 1.794071e-172 1.000000e+000 
0.000000e+000 1.297515e-319 7.556523e-231 3.520641e-201 1.000000e+000 
0.000000e+000 0.000000e+000 1.297515e-259 6.800871e-230 1.000000e+000 
0.000000e+000 0.000000e+000 2.227935e-288 1.297515e-258 1.000000e+000 
0.000000e+000 0.000000e+000 3.116177e-317 2.450729e-287 1.000000e+000 
0.000000e+000 0.000000e+000 0.000000e+000 0.000000e+000 1.000000e+000 
0.000000e+000 0.000000e+000 0.000000e+000 0.000000e+000 1.000000e+000 
0.000000e+000 0.000000e+000 0.000000e+000 0.000000e+000 1.000000e+000 
0.000000e+000 0.000000e+000 0.000000e+000 0.000000e+000 1.000000e+000 
0.000000e+000 0.000000e+000 0.000000e+000 0.000000e+000 1.000000e+000 
0.000000e+000 0.000000e+000 0.000000e+000 0.000000e+000 1.000000e+000 
0.000000e+000 0.000000e+000 0.000000e+000 0.000000e+000 1.000000e+000 
0.000000e+000 0.000000e+000 0.000000e+000 0.000000e+000 1.000000e+000 
0.000000e+000 0.000000e+000 0.000000e+000 0.000000e+000 1.000000e+000 
0.000000e+000 0.000000e+000 0.000000e+000 0.000000e+000 1.000000e+000 
0.000000e+000 0.000000e+000 0.000000e+000 0.000000e+000 1.000000e+000 
0.000000e+000 0.000000e+000 0.000000e+000 0.000000e+000 1.000000e+000 
0.000000e+000 0.000000e+000 0.000000e+000 0.000000e+000 1.000000e+000 
0.000000e+000 0.000000e+000 0.000000e+000 0.000000e+000 1.000000e+000 
0.000000e+000 0.000000e+000 0.000000e+000 0.000000e+000 1.000000e+000 
0.000000e+000 0.000000e+000 0.000000e+000 0.000000e+000 1.000000e+000 
0.000000e+000 0.000000e+000 0.000000e+000 0.000000e+000 1.000000e+000 
0.000000e+000 0.000000e+000 0.000000e+000 0.000000e+000 1.000000e+000 
0.000000e+000 0.000000e+000 0.000000e+000 0.000000e+000 1.000000e+000 
0.000000e+000 0.000000e+000 0.000000e+000 0.000000e+000 1.000000e+000 
0.000000e+000 0.000000e+000 0.000000e+000 0.000000e+000 1.000000e+000 
0.000000e+000 0.000000e+000 0.000000e+000 0.000000e+000 1.000000e+000 
0.000000e+000 0.000000e+000 0.000000e+000 0.000000e+000 1.000000e+000 
0.000000e+000 0.000000e+000 0.000000e+000 0.000000e+000 1.000000e+000 
0.000000e+000 0.000000e+000 0.000000e+000 0.000000e+000 1.000000e+000 
0.000000e+000 0.000000e+000 0.000000e+000 0.000000e+000 1.000000e+000 



Q star

------------
1  2  3  4  5  5  5  5  5  5  5  5  5  5  5  5  5  5  5  5  5  5  5  5  5  5  5  5  5  5  5  5  5  5  5  5  5  5  5  5  
------------

P star

-----------
8.554971e-042

A Martrix

1.717079e-089 1.000000e+000 0.000000e+000 0.000000e+000 0.000000e+000 
0.000000e+000 1.717079e-059 1.000000e+000 0.000000e+000 0.000000e+000 
0.000000e+000 0.000000e+000 1.717079e-029 1.000000e+000 0.000000e+000 
0.000000e+000 0.000000e+000 0.000000e+000 1.717079e-029 1.000000e+000 
0.000000e+000 0.000000e+000 0.000000e+000 0.000000e+000 1.000000e+000 

B Martrix

1.000000e-030 1.000000e-030 1.000000e-030 1.000000e-030 1.000000e-030 1.000000e-030 1.000000e-030 1.000000e-030 1.000000e-030 1.000000e-030 1.000000e-030 1.000000e-030 1.000000e-030 1.000000e-030 1.000000e-030 1.000000e-030 1.000000e-030 1.000000e-030 1.000000e-030 1.000000e-030 1.000000e-030 1.000000e-030 1.000000e-030 1.000000e-030 1.000000e-030 1.000000e-030 1.000000e+000 1.000000e-030 1.000000e-030 1.000000e-030 1.000000e-030 1.000000e-030 
1.000000e-030 1.000000e-030 1.000000e-030 1.000000e-030 1.000000e-030 1.000000e-030 1.000000e-030 1.000000e-030 1.000000e-030 1.000000e-030 1.000000e-030 1.000000e-030 1.000000e-030 1.000000e-030 1.000000e-030 1.000000e-030 1.000000e-030 1.000000e-030 1.000000e+000 1.000000e-030 1.000000e-030 1.000000e-030 1.000000e-030 1.000000e-030 1.000000e-030 1.000000e-030 1.000000e-030 1.000000e-030 1.000000e-030 1.000000e-030 1.000000e-030 1.000000e-030 
1.000000e-030 1.000000e-030 1.000000e-030 1.000000e-030 1.000000e-030 1.000000e-030 1.000000e-030 1.000000e-030 1.000000e-030 1.000000e-030 1.000000e+000 1.000000e-030 1.000000e-030 1.000000e-030 1.000000e-030 1.000000e-030 1.000000e-030 1.000000e-030 1.000000e-030 1.000000e-030 1.000000e-030 1.000000e-030 1.000000e-030 1.000000e-030 1.000000e-030 1.000000e-030 1.000000e-030 1.000000e-030 1.000000e-030 1.000000e-030 1.000000e-030 1.000000e-030 
1.000000e-030 1.000000e-030 1.000000e-030 1.000000e-030 1.000000e-030 1.000000e-030 1.000000e-030 1.000000e-030 1.000000e-030 1.000000e-030 1.000000e+000 1.000000e-030 1.000000e-030 1.000000e-030 1.000000e-030 1.000000e-030 1.000000e-030 1.000000e-030 1.000000e-030 1.000000e-030 1.000000e-030 1.000000e-030 1.000000e-030 1.000000e-030 1.000000e-030 1.000000e-030 1.000000e-030 1.000000e-030 1.000000e-030 1.000000e-030 1.000000e-030 1.000000e-030 
1.000000e-030 1.000000e-030 8.333333e-002 5.555556e-002 2.777778e-002 5.555556e-002 1.000000e-030 1.000000e-030 1.000000e-030 1.000000e-030 1.666667e-001 5.555556e-002 1.388889e-001 1.000000e-030 1.000000e-030 1.000000e-030 1.000000e-030 1.000000e-030 2.777778e-002 1.000000e-030 1.000000e-030 1.000000e-030 8.333333e-002 1.000000e-030 1.000000e-030 1.000000e-030 1.000000e-030 2.777778e-002 2.777778e-001 1.000000e-030 1.000000e-030 1.000000e-030 
Iteraion 3
-----------------

P(O|lamda) = 6.394035e-034

1.000000e+000 0.000000e+000 0.000000e+000 0.000000e+000 0.000000e+000 
1.717079e-119 1.000000e+000 0.000000e+000 0.000000e+000 0.000000e+000 
2.948360e-238 1.717079e-089 1.000000e+000 0.000000e+000 0.000000e+000 
0.000000e+000 2.948360e-178 1.717079e-029 1.000000e+000 0.000000e+000 
0.000000e+000 5.062567e-267 2.948360e-088 3.434158e-059 2.777778e-001 
0.000000e+000 0.000000e+000 5.062567e-147 8.845080e-118 7.716049e-002 
0.000000e+000 0.000000e+000 8.692827e-206 2.025027e-176 2.143347e-002 
0.000000e+000 0.000000e+000 1.492627e-264 4.346413e-235 5.953742e-003 
0.000000e+000 0.000000e+000 2.470328e-323 8.955761e-294 1.653817e-003 
0.000000e+000 0.000000e+000 0.000000e+000 0.000000e+000 4.593937e-004 
0.000000e+000 0.000000e+000 0.000000e+000 0.000000e+000 1.276093e-004 
0.000000e+000 0.000000e+000 0.000000e+000 0.000000e+000 3.544704e-005 
0.000000e+000 0.000000e+000 0.000000e+000 0.000000e+000 9.846400e-006 
0.000000e+000 0.000000e+000 0.000000e+000 0.000000e+000 2.735111e-006 
0.000000e+000 0.000000e+000 0.000000e+000 0.000000e+000 2.279259e-007 
0.000000e+000 0.000000e+000 0.000000e+000 0.000000e+000 3.165638e-008 
0.000000e+000 0.000000e+000 0.000000e+000 0.000000e+000 2.638032e-009 
0.000000e+000 0.000000e+000 0.000000e+000 0.000000e+000 2.198360e-010 
0.000000e+000 0.000000e+000 0.000000e+000 0.000000e+000 6.106555e-012 
0.000000e+000 0.000000e+000 0.000000e+000 0.000000e+000 1.696265e-013 
0.000000e+000 0.000000e+000 0.000000e+000 0.000000e+000 2.355924e-014 
0.000000e+000 0.000000e+000 0.000000e+000 0.000000e+000 3.272117e-015 
0.000000e+000 0.000000e+000 0.000000e+000 0.000000e+000 4.544606e-016 
0.000000e+000 0.000000e+000 0.000000e+000 0.000000e+000 6.311953e-017 
0.000000e+000 0.000000e+000 0.000000e+000 0.000000e+000 5.259961e-018 
0.000000e+000 0.000000e+000 0.000000e+000 0.000000e+000 4.383301e-019 
0.000000e+000 0.000000e+000 0.000000e+000 0.000000e+000 2.435167e-020 
0.000000e+000 0.000000e+000 0.000000e+000 0.000000e+000 1.352871e-021 
0.000000e+000 0.000000e+000 0.000000e+000 0.000000e+000 1.127392e-022 
0.000000e+000 0.000000e+000 0.000000e+000 0.000000e+000 6.263290e-024 
0.000000e+000 0.000000e+000 0.000000e+000 0.000000e+000 3.479606e-025 
0.000000e+000 0.000000e+000 0.000000e+000 0.000000e+000 5.799343e-026 
0.000000e+000 0.000000e+000 0.000000e+000 0.000000e+000 9.665571e-027 
0.000000e+000 0.000000e+000 0.000000e+000 0.000000e+000 1.610928e-027 
0.000000e+000 0.000000e+000 0.000000e+000 0.000000e+000 2.684881e-028 
0.000000e+000 0.000000e+000 0.000000e+000 0.000000e+000 1.491600e-029 
0.000000e+000 0.000000e+000 0.000000e+000 0.000000e+000 2.486001e-030 
0.000000e+000 0.000000e+000 0.000000e+000 0.000000e+000 4.143335e-031 
0.000000e+000 0.000000e+000 0.000000e+000 0.000000e+000 2.301853e-032 
0.000000e+000 0.000000e+000 0.000000e+000 0.000000e+000 6.394035e-034 


6.394035e-034 1.065672e-064 1.776121e-065 4.933669e-037 4.933669e-037 
2.301853e-093 6.394035e-034 1.065672e-034 1.776121e-035 1.776121e-035 
8.286669e-123 2.301853e-063 6.394035e-034 1.065672e-034 1.065672e-034 
2.983201e-122 8.286669e-093 2.301853e-063 6.394035e-034 6.394035e-034 
1.073952e-121 2.983201e-092 8.286669e-063 2.301853e-033 2.301853e-033 
3.866228e-121 1.073952e-091 2.983201e-062 8.286669e-033 8.286669e-033 
1.391842e-120 3.866228e-091 1.073952e-061 2.983201e-032 2.983201e-032 
5.010632e-120 1.391842e-090 3.866228e-061 1.073952e-031 1.073952e-031 
1.803828e-119 5.010632e-090 1.391842e-060 3.866228e-031 3.866228e-031 
6.493779e-119 1.803828e-089 5.010632e-060 1.391842e-030 1.391842e-030 
2.337760e-118 6.493779e-089 1.803828e-059 5.010632e-030 5.010632e-030 
2.805313e-117 2.337760e-088 6.493779e-059 1.803828e-029 1.803828e-029 
2.019825e-116 2.805313e-087 2.337760e-058 6.493779e-029 6.493779e-029 
2.423790e-115 2.019825e-086 2.805313e-057 2.337760e-028 2.337760e-028 
2.908548e-114 2.423790e-085 2.019825e-056 2.805313e-027 2.805313e-027 
1.047077e-112 2.908548e-084 2.423790e-055 2.019825e-026 2.019825e-026 
3.769478e-111 1.047077e-082 2.908548e-054 2.423790e-025 2.423790e-025 
2.714024e-110 3.769478e-081 1.047077e-052 2.908548e-024 2.908548e-024 
1.954098e-079 2.714024e-080 3.769478e-051 1.047077e-022 1.047077e-022 
1.406950e-108 1.954098e-079 2.714024e-050 3.769478e-021 3.769478e-021 
1.013004e-107 1.406950e-078 1.954098e-049 2.714024e-020 2.714024e-020 
1.215605e-106 1.013004e-077 1.406950e-048 1.954098e-019 1.954098e-019 
1.458726e-105 1.215605e-076 1.013004e-047 1.406950e-018 1.406950e-018 
2.625707e-104 1.458726e-075 1.215605e-046 1.013004e-017 1.013004e-017 
4.726272e-103 2.625707e-074 1.458726e-045 1.215605e-016 1.215605e-016 
5.671527e-102 4.726272e-073 2.625707e-044 1.458726e-015 1.458726e-015 
1.020875e-100 5.671527e-072 4.726272e-043 2.625707e-014 2.625707e-014 
1.837575e-099 1.020875e-070 5.671527e-042 4.726272e-013 4.726272e-013 
1.102545e-068 1.837575e-069 1.020875e-040 5.671527e-012 5.671527e-012 
6.615269e-038 1.102545e-038 1.837575e-039 1.020875e-010 1.020875e-010 
3.969161e-037 6.615269e-008 1.102545e-008 1.837575e-009 1.837575e-009 
2.381497e-036 3.969161e-007 6.615269e-008 1.102545e-008 1.102545e-008 
4.286694e-065 2.381497e-006 3.969161e-007 6.615269e-008 6.615269e-008 
2.572016e-064 4.286694e-035 2.381497e-006 3.969161e-007 3.969161e-007 
1.543210e-033 2.572016e-034 4.286694e-035 2.381497e-006 2.381497e-006 
2.777778e-062 1.543210e-003 2.572016e-004 4.286694e-005 4.286694e-005 
1.000000e-090 2.777778e-032 1.543210e-003 2.572016e-004 2.572016e-004 
1.000000e-060 1.000000e-060 2.777778e-032 1.543210e-003 1.543210e-003 
1.000000e-030 1.000000e-030 1.000000e-030 2.777778e-002 2.777778e-002 
1.000000e+000 1.000000e+000 1.000000e+000 1.000000e+000 1.000000e+000 


1.000000e+000 0.000000e+000 0.000000e+000 0.000000e+000 0.000000e+000 
6.181484e-179 1.000000e+000 0.000000e+000 0.000000e+000 0.000000e+000 
0.000000e+000 6.181484e-119 1.000000e+000 0.000000e+000 0.000000e+000 
0.000000e+000 3.821075e-237 6.181484e-059 1.000000e+000 0.000000e+000 
0.000000e+000 0.000000e+000 3.821075e-117 1.236297e-058 1.000000e+000 
0.000000e+000 0.000000e+000 2.361991e-175 1.146322e-116 1.000000e+000 
0.000000e+000 0.000000e+000 1.460061e-233 9.447965e-175 1.000000e+000 
0.000000e+000 0.000000e+000 9.025344e-292 7.300305e-233 1.000000e+000 
0.000000e+000 0.000000e+000 0.000000e+000 5.415206e-291 1.000000e+000 
0.000000e+000 0.000000e+000 0.000000e+000 0.000000e+000 1.000000e+000 
0.000000e+000 0.000000e+000 0.000000e+000 0.000000e+000 1.000000e+000 
0.000000e+000 0.000000e+000 0.000000e+000 0.000000e+000 1.000000e+000 
0.000000e+000 0.000000e+000 0.000000e+000 0.000000e+000 1.000000e+000 
0.000000e+000 0.000000e+000 0.000000e+000 0.000000e+000 1.000000e+000 
0.000000e+000 0.000000e+000 0.000000e+000 0.000000e+000 1.000000e+000 
0.000000e+000 0.000000e+000 0.000000e+000 0.000000e+000 1.000000e+000 
0.000000e+000 0.000000e+000 0.000000e+000 0.000000e+000 1.000000e+000 
0.000000e+000 0.000000e+000 0.000000e+000 0.000000e+000 1.000000e+000 
0.000000e+000 0.000000e+000 0.000000e+000 0.000000e+000 1.000000e+000 
0.000000e+000 0.000000e+000 0.000000e+000 0.000000e+000 1.000000e+000 
0.000000e+000 0.000000e+000 0.000000e+000 0.000000e+000 1.000000e+000 
0.000000e+000 0.000000e+000 0.000000e+000 0.000000e+000 1.000000e+000 
0.000000e+000 0.000000e+000 0.000000e+000 0.000000e+000 1.000000e+000 
0.000000e+000 0.000000e+000 0.000000e+000 0.000000e+000 1.000000e+000 
0.000000e+000 0.000000e+000 0.000000e+000 0.000000e+000 1.000000e+000 
0.000000e+000 0.000000e+000 0.000000e+000 0.000000e+000 1.000000e+000 
0.000000e+000 0.000000e+000 0.000000e+000 0.000000e+000 1.000000e+000 
0.000000e+000 0.000000e+000 0.000000e+000 0.000000e+000 1.000000e+000 
0.000000e+000 0.000000e+000 0.000000e+000 0.000000e+000 1.000000e+000 
0.000000e+000 0.000000e+000 0.000000e+000 0.000000e+000 1.000000e+000 
0.000000e+000 0.000000e+000 0.000000e+000 0.000000e+000 1.000000e+000 
0.000000e+000 0.000000e+000 0.000000e+000 0.000000e+000 1.000000e+000 
0.000000e+000 0.000000e+000 0.000000e+000 0.000000e+000 1.000000e+000 
0.000000e+000 0.000000e+000 0.000000e+000 0.000000e+000 1.000000e+000 
0.000000e+000 0.000000e+000 0.000000e+000 0.000000e+000 1.000000e+000 
0.000000e+000 0.000000e+000 0.000000e+000 0.000000e+000 1.000000e+000 
0.000000e+000 0.000000e+000 0.000000e+000 0.000000e+000 1.000000e+000 
0.000000e+000 0.000000e+000 0.000000e+000 0.000000e+000 1.000000e+000 
0.000000e+000 0.000000e+000 0.000000e+000 0.000000e+000 1.000000e+000 
0.000000e+000 0.000000e+000 0.000000e+000 0.000000e+000 1.000000e+000 



Q star

------------
1  2  3  4  5  5  5  5  5  5  5  5  5  5  5  5  5  5  5  5  5  5  5  5  5  5  5  5  5  5  5  5  5  5  5  5  5  5  5  5  
------------

P star

-----------
6.394035e-034

A Martrix

6.181484e-179 1.000000e+000 0.000000e+000 0.000000e+000 0.000000e+000 
0.000000e+000 6.181484e-119 1.000000e+000 0.000000e+000 0.000000e+000 
0.000000e+000 0.000000e+000 6.181484e-059 1.000000e+000 0.000000e+000 
0.000000e+000 0.000000e+000 0.000000e+000 6.181484e-059 1.000000e+000 
0.000000e+000 0.000000e+000 0.000000e+000 0.000000e+000 1.000000e+000 

B Martrix

1.000000e-030 1.000000e-030 1.000000e-030 1.000000e-030 1.000000e-030 1.000000e-030 1.000000e-030 1.000000e-030 1.000000e-030 1.000000e-030 1.000000e-030 1.000000e-030 1.000000e-030 1.000000e-030 1.000000e-030 1.000000e-030 1.000000e-030 1.000000e-030 1.000000e-030 1.000000e-030 1.000000e-030 1.000000e-030 1.000000e-030 1.000000e-030 1.000000e-030 1.000000e-030 1.000000e+000 1.000000e-030 1.000000e-030 1.000000e-030 1.000000e-030 1.000000e-030 
1.000000e-030 1.000000e-030 1.000000e-030 1.000000e-030 1.000000e-030 1.000000e-030 1.000000e-030 1.000000e-030 1.000000e-030 1.000000e-030 1.000000e-030 1.000000e-030 1.000000e-030 1.000000e-030 1.000000e-030 1.000000e-030 1.000000e-030 1.000000e-030 1.000000e+000 1.000000e-030 1.000000e-030 1.000000e-030 1.000000e-030 1.000000e-030 1.000000e-030 1.000000e-030 1.000000e-030 1.000000e-030 1.000000e-030 1.000000e-030 1.000000e-030 1.000000e-030 
1.000000e-030 1.000000e-030 1.000000e-030 1.000000e-030 1.000000e-030 1.000000e-030 1.000000e-030 1.000000e-030 1.000000e-030 1.000000e-030 1.000000e+000 1.000000e-030 1.000000e-030 1.000000e-030 1.000000e-030 1.000000e-030 1.000000e-030 1.000000e-030 1.000000e-030 1.000000e-030 1.000000e-030 1.000000e-030 1.000000e-030 1.000000e-030 1.000000e-030 1.000000e-030 1.000000e-030 1.000000e-030 1.000000e-030 1.000000e-030 1.000000e-030 1.000000e-030 
1.000000e-030 1.000000e-030 1.000000e-030 1.000000e-030 1.000000e-030 1.000000e-030 1.000000e-030 1.000000e-030 1.000000e-030 1.000000e-030 1.000000e+000 1.000000e-030 1.000000e-030 1.000000e-030 1.000000e-030 1.000000e-030 1.000000e-030 1.000000e-030 1.000000e-030 1.000000e-030 1.000000e-030 1.000000e-030 1.000000e-030 1.000000e-030 1.000000e-030 1.000000e-030 1.000000e-030 1.000000e-030 1.000000e-030 1.000000e-030 1.000000e-030 1.000000e-030 
1.000000e-030 1.000000e-030 8.333333e-002 5.555556e-002 2.777778e-002 5.555556e-002 1.000000e-030 1.000000e-030 1.000000e-030 1.000000e-030 1.666667e-001 5.555556e-002 1.388889e-001 1.000000e-030 1.000000e-030 1.000000e-030 1.000000e-030 1.000000e-030 2.777778e-002 1.000000e-030 1.000000e-030 1.000000e-030 8.333333e-002 1.000000e-030 1.000000e-030 1.000000e-030 1.000000e-030 2.777778e-002 2.777778e-001 1.000000e-030 1.000000e-030 1.000000e-030 
Iteraion 4
-----------------

P(O|lamda) = 6.394035e-034

1.000000e+000 0.000000e+000 0.000000e+000 0.000000e+000 0.000000e+000 
6.181484e-209 1.000000e+000 0.000000e+000 0.000000e+000 0.000000e+000 
0.000000e+000 6.181484e-149 1.000000e+000 0.000000e+000 0.000000e+000 
0.000000e+000 3.821075e-297 6.181484e-059 1.000000e+000 0.000000e+000 
0.000000e+000 0.000000e+000 3.821075e-147 1.236297e-088 2.777778e-001 
0.000000e+000 0.000000e+000 2.361991e-235 1.146322e-176 7.716049e-002 
0.000000e+000 0.000000e+000 1.482197e-323 9.447965e-265 2.143347e-002 
0.000000e+000 0.000000e+000 0.000000e+000 0.000000e+000 5.953742e-003 
0.000000e+000 0.000000e+000 0.000000e+000 0.000000e+000 1.653817e-003 
0.000000e+000 0.000000e+000 0.000000e+000 0.000000e+000 4.593937e-004 
0.000000e+000 0.000000e+000 0.000000e+000 0.000000e+000 1.276093e-004 
0.000000e+000 0.000000e+000 0.000000e+000 0.000000e+000 3.544704e-005 
0.000000e+000 0.000000e+000 0.000000e+000 0.000000e+000 9.846400e-006 
0.000000e+000 0.000000e+000 0.000000e+000 0.000000e+000 2.735111e-006 
0.000000e+000 0.000000e+000 0.000000e+000 0.000000e+000 2.279259e-007 
0.000000e+000 0.000000e+000 0.000000e+000 0.000000e+000 3.165638e-008 
0.000000e+000 0.000000e+000 0.000000e+000 0.000000e+000 2.638032e-009 
0.000000e+000 0.000000e+000 0.000000e+000 0.000000e+000 2.198360e-010 
0.000000e+000 0.000000e+000 0.000000e+000 0.000000e+000 6.106555e-012 
0.000000e+000 0.000000e+000 0.000000e+000 0.000000e+000 1.696265e-013 
0.000000e+000 0.000000e+000 0.000000e+000 0.000000e+000 2.355924e-014 
0.000000e+000 0.000000e+000 0.000000e+000 0.000000e+000 3.272117e-015 
0.000000e+000 0.000000e+000 0.000000e+000 0.000000e+000 4.544606e-016 
0.000000e+000 0.000000e+000 0.000000e+000 0.000000e+000 6.311953e-017 
0.000000e+000 0.000000e+000 0.000000e+000 0.000000e+000 5.259961e-018 
0.000000e+000 0.000000e+000 0.000000e+000 0.000000e+000 4.383301e-019 
0.000000e+000 0.000000e+000 0.000000e+000 0.000000e+000 2.435167e-020 
0.000000e+000 0.000000e+000 0.000000e+000 0.000000e+000 1.352871e-021 
0.000000e+000 0.000000e+000 0.000000e+000 0.000000e+000 1.127392e-022 
0.000000e+000 0.000000e+000 0.000000e+000 0.000000e+000 6.263290e-024 
0.000000e+000 0.000000e+000 0.000000e+000 0.000000e+000 3.479606e-025 
0.000000e+000 0.000000e+000 0.000000e+000 0.000000e+000 5.799343e-026 
0.000000e+000 0.000000e+000 0.000000e+000 0.000000e+000 9.665571e-027 
0.000000e+000 0.000000e+000 0.000000e+000 0.000000e+000 1.610928e-027 
0.000000e+000 0.000000e+000 0.000000e+000 0.000000e+000 2.684881e-028 
0.000000e+000 0.000000e+000 0.000000e+000 0.000000e+000 1.491600e-029 
0.000000e+000 0.000000e+000 0.000000e+000 0.000000e+000 2.486001e-030 
0.000000e+000 0.000000e+000 0.000000e+000 0.000000e+000 4.143335e-031 
0.000000e+000 0.000000e+000 0.000000e+000 0.000000e+000 2.301853e-032 
0.000000e+000 0.000000e+000 0.000000e+000 0.000000e+000 6.394035e-034 


6.394035e-034 1.065672e-064 1.776121e-065 4.933669e-037 4.933669e-037 
2.301853e-093 6.394035e-034 1.065672e-034 1.776121e-035 1.776121e-035 
8.286669e-123 2.301853e-063 6.394035e-034 1.065672e-034 1.065672e-034 
2.983201e-122 8.286669e-093 2.301853e-063 6.394035e-034 6.394035e-034 
1.073952e-121 2.983201e-092 8.286669e-063 2.301853e-033 2.301853e-033 
3.866228e-121 1.073952e-091 2.983201e-062 8.286669e-033 8.286669e-033 
1.391842e-120 3.866228e-091 1.073952e-061 2.983201e-032 2.983201e-032 
5.010632e-120 1.391842e-090 3.866228e-061 1.073952e-031 1.073952e-031 
1.803828e-119 5.010632e-090 1.391842e-060 3.866228e-031 3.866228e-031 
6.493779e-119 1.803828e-089 5.010632e-060 1.391842e-030 1.391842e-030 
2.337760e-118 6.493779e-089 1.803828e-059 5.010632e-030 5.010632e-030 
2.805313e-117 2.337760e-088 6.493779e-059 1.803828e-029 1.803828e-029 
2.019825e-116 2.805313e-087 2.337760e-058 6.493779e-029 6.493779e-029 
2.423790e-115 2.019825e-086 2.805313e-057 2.337760e-028 2.337760e-028 
2.908548e-114 2.423790e-085 2.019825e-056 2.805313e-027 2.805313e-027 
1.047077e-112 2.908548e-084 2.423790e-055 2.019825e-026 2.019825e-026 
3.769478e-111 1.047077e-082 2.908548e-054 2.423790e-025 2.423790e-025 
2.714024e-110 3.769478e-081 1.047077e-052 2.908548e-024 2.908548e-024 
1.954098e-079 2.714024e-080 3.769478e-051 1.047077e-022 1.047077e-022 
1.406950e-108 1.954098e-079 2.714024e-050 3.769478e-021 3.769478e-021 
1.013004e-107 1.406950e-078 1.954098e-049 2.714024e-020 2.714024e-020 
1.215605e-106 1.013004e-077 1.406950e-048 1.954098e-019 1.954098e-019 
1.458726e-105 1.215605e-076 1.013004e-047 1.406950e-018 1.406950e-018 
2.625707e-104 1.458726e-075 1.215605e-046 1.013004e-017 1.013004e-017 
4.726272e-103 2.625707e-074 1.458726e-045 1.215605e-016 1.215605e-016 
5.671527e-102 4.726272e-073 2.625707e-044 1.458726e-015 1.458726e-015 
1.020875e-100 5.671527e-072 4.726272e-043 2.625707e-014 2.625707e-014 
1.837575e-099 1.020875e-070 5.671527e-042 4.726272e-013 4.726272e-013 
1.102545e-068 1.837575e-069 1.020875e-040 5.671527e-012 5.671527e-012 
6.615269e-038 1.102545e-038 1.837575e-039 1.020875e-010 1.020875e-010 
3.969161e-037 6.615269e-008 1.102545e-008 1.837575e-009 1.837575e-009 
2.381497e-036 3.969161e-007 6.615269e-008 1.102545e-008 1.102545e-008 
4.286694e-065 2.381497e-006 3.969161e-007 6.615269e-008 6.615269e-008 
2.572016e-064 4.286694e-035 2.381497e-006 3.969161e-007 3.969161e-007 
1.543210e-033 2.572016e-034 4.286694e-035 2.381497e-006 2.381497e-006 
2.777778e-062 1.543210e-003 2.572016e-004 4.286694e-005 4.286694e-005 
1.000000e-090 2.777778e-032 1.543210e-003 2.572016e-004 2.572016e-004 
1.000000e-060 1.000000e-060 2.777778e-032 1.543210e-003 1.543210e-003 
1.000000e-030 1.000000e-030 1.000000e-030 2.777778e-002 2.777778e-002 
1.000000e+000 1.000000e+000 1.000000e+000 1.000000e+000 1.000000e+000 


1.000000e+000 0.000000e+000 0.000000e+000 0.000000e+000 0.000000e+000 
2.225334e-268 1.000000e+000 0.000000e+000 0.000000e+000 0.000000e+000 
0.000000e+000 2.225334e-178 1.000000e+000 0.000000e+000 0.000000e+000 
0.000000e+000 0.000000e+000 2.225334e-088 1.000000e+000 0.000000e+000 
0.000000e+000 0.000000e+000 4.952113e-176 4.450669e-088 1.000000e+000 
0.000000e+000 0.000000e+000 1.102011e-263 1.485634e-175 1.000000e+000 
0.000000e+000 0.000000e+000 0.000000e+000 4.408042e-263 1.000000e+000 
0.000000e+000 0.000000e+000 0.000000e+000 0.000000e+000 1.000000e+000 
0.000000e+000 0.000000e+000 0.000000e+000 0.000000e+000 1.000000e+000 
0.000000e+000 0.000000e+000 0.000000e+000 0.000000e+000 1.000000e+000 
0.000000e+000 0.000000e+000 0.000000e+000 0.000000e+000 1.000000e+000 
0.000000e+000 0.000000e+000 0.000000e+000 0.000000e+000 1.000000e+000 
0.000000e+000 0.000000e+000 0.000000e+000 0.000000e+000 1.000000e+000 
0.000000e+000 0.000000e+000 0.000000e+000 0.000000e+000 1.000000e+000 
0.000000e+000 0.000000e+000 0.000000e+000 0.000000e+000 1.000000e+000 
0.000000e+000 0.000000e+000 0.000000e+000 0.000000e+000 1.000000e+000 
0.000000e+000 0.000000e+000 0.000000e+000 0.000000e+000 1.000000e+000 
0.000000e+000 0.000000e+000 0.000000e+000 0.000000e+000 1.000000e+000 
0.000000e+000 0.000000e+000 0.000000e+000 0.000000e+000 1.000000e+000 
0.000000e+000 0.000000e+000 0.000000e+000 0.000000e+000 1.000000e+000 
0.000000e+000 0.000000e+000 0.000000e+000 0.000000e+000 1.000000e+000 
0.000000e+000 0.000000e+000 0.000000e+000 0.000000e+000 1.000000e+000 
0.000000e+000 0.000000e+000 0.000000e+000 0.000000e+000 1.000000e+000 
0.000000e+000 0.000000e+000 0.000000e+000 0.000000e+000 1.000000e+000 
0.000000e+000 0.000000e+000 0.000000e+000 0.000000e+000 1.000000e+000 
0.000000e+000 0.000000e+000 0.000000e+000 0.000000e+000 1.000000e+000 
0.000000e+000 0.000000e+000 0.000000e+000 0.000000e+000 1.000000e+000 
0.000000e+000 0.000000e+000 0.000000e+000 0.000000e+000 1.000000e+000 
0.000000e+000 0.000000e+000 0.000000e+000 0.000000e+000 1.000000e+000 
0.000000e+000 0.000000e+000 0.000000e+000 0.000000e+000 1.000000e+000 
0.000000e+000 0.000000e+000 0.000000e+000 0.000000e+000 1.000000e+000 
0.000000e+000 0.000000e+000 0.000000e+000 0.000000e+000 1.000000e+000 
0.000000e+000 0.000000e+000 0.000000e+000 0.000000e+000 1.000000e+000 
0.000000e+000 0.000000e+000 0.000000e+000 0.000000e+000 1.000000e+000 
0.000000e+000 0.000000e+000 0.000000e+000 0.000000e+000 1.000000e+000 
0.000000e+000 0.000000e+000 0.000000e+000 0.000000e+000 1.000000e+000 
0.000000e+000 0.000000e+000 0.000000e+000 0.000000e+000 1.000000e+000 
0.000000e+000 0.000000e+000 0.000000e+000 0.000000e+000 1.000000e+000 
0.000000e+000 0.000000e+000 0.000000e+000 0.000000e+000 1.000000e+000 
0.000000e+000 0.000000e+000 0.000000e+000 0.000000e+000 1.000000e+000 



Q star

------------
1  2  3  4  5  5  5  5  5  5  5  5  5  5  5  5  5  5  5  5  5  5  5  5  5  5  5  5  5  5  5  5  5  5  5  5  5  5  5  5  
------------

P star

-----------
6.394035e-034

A Martrix

2.225334e-268 1.000000e+000 0.000000e+000 0.000000e+000 0.000000e+000 
0.000000e+000 2.225334e-178 1.000000e+000 0.000000e+000 0.000000e+000 
0.000000e+000 0.000000e+000 2.225334e-088 1.000000e+000 0.000000e+000 
0.000000e+000 0.000000e+000 0.000000e+000 2.225334e-088 1.000000e+000 
0.000000e+000 0.000000e+000 0.000000e+000 0.000000e+000 1.000000e+000 

B Martrix

1.000000e-030 1.000000e-030 1.000000e-030 1.000000e-030 1.000000e-030 1.000000e-030 1.000000e-030 1.000000e-030 1.000000e-030 1.000000e-030 1.000000e-030 1.000000e-030 1.000000e-030 1.000000e-030 1.000000e-030 1.000000e-030 1.000000e-030 1.000000e-030 1.000000e-030 1.000000e-030 1.000000e-030 1.000000e-030 1.000000e-030 1.000000e-030 1.000000e-030 1.000000e-030 1.000000e+000 1.000000e-030 1.000000e-030 1.000000e-030 1.000000e-030 1.000000e-030 
1.000000e-030 1.000000e-030 1.000000e-030 1.000000e-030 1.000000e-030 1.000000e-030 1.000000e-030 1.000000e-030 1.000000e-030 1.000000e-030 1.000000e-030 1.000000e-030 1.000000e-030 1.000000e-030 1.000000e-030 1.000000e-030 1.000000e-030 1.000000e-030 1.000000e+000 1.000000e-030 1.000000e-030 1.000000e-030 1.000000e-030 1.000000e-030 1.000000e-030 1.000000e-030 1.000000e-030 1.000000e-030 1.000000e-030 1.000000e-030 1.000000e-030 1.000000e-030 
1.000000e-030 1.000000e-030 1.000000e-030 1.000000e-030 1.000000e-030 1.000000e-030 1.000000e-030 1.000000e-030 1.000000e-030 1.000000e-030 1.000000e+000 1.000000e-030 1.000000e-030 1.000000e-030 1.000000e-030 1.000000e-030 1.000000e-030 1.000000e-030 1.000000e-030 1.000000e-030 1.000000e-030 1.000000e-030 1.000000e-030 1.000000e-030 1.000000e-030 1.000000e-030 1.000000e-030 1.000000e-030 1.000000e-030 1.000000e-030 1.000000e-030 1.000000e-030 
1.000000e-030 1.000000e-030 1.000000e-030 1.000000e-030 1.000000e-030 1.000000e-030 1.000000e-030 1.000000e-030 1.000000e-030 1.000000e-030 1.000000e+000 1.000000e-030 1.000000e-030 1.000000e-030 1.000000e-030 1.000000e-030 1.000000e-030 1.000000e-030 1.000000e-030 1.000000e-030 1.000000e-030 1.000000e-030 1.000000e-030 1.000000e-030 1.000000e-030 1.000000e-030 1.000000e-030 1.000000e-030 1.000000e-030 1.000000e-030 1.000000e-030 1.000000e-030 
1.000000e-030 1.000000e-030 8.333333e-002 5.555556e-002 2.777778e-002 5.555556e-002 1.000000e-030 1.000000e-030 1.000000e-030 1.000000e-030 1.666667e-001 5.555556e-002 1.388889e-001 1.000000e-030 1.000000e-030 1.000000e-030 1.000000e-030 1.000000e-030 2.777778e-002 1.000000e-030 1.000000e-030 1.000000e-030 8.333333e-002 1.000000e-030 1.000000e-030 1.000000e-030 1.000000e-030 2.777778e-002 2.777778e-001 1.000000e-030 1.000000e-030 1.000000e-030 
=================
