2	2	13	19	2	3	13	19	19	13	3	19	13	19	19	19	19	19	20	19	4	20	20	20	20	18	18	12	20	4	18	12	12	20	20	12	20	20	12	2	20	12	20	20	20	20	20	20	20	20	20	28	28	28	28	28	12	12	12	12	28	28	28	12	12	28	28	28	28	28	
Iteraion 1
-----------------

P(O|lamda) = 4.360151e-106

3.125000e-002 0.000000e+000 0.000000e+000 0.000000e+000 0.000000e+000 
7.812500e-004 1.953125e-004 0.000000e+000 0.000000e+000 0.000000e+000 
1.953125e-005 9.765625e-006 1.220703e-006 0.000000e+000 0.000000e+000 
4.882813e-007 3.662109e-007 9.155273e-008 7.629395e-009 0.000000e+000 
1.220703e-008 1.220703e-008 4.577637e-009 7.629395e-010 4.768372e-011 
3.051758e-010 3.814697e-010 1.907349e-010 4.768372e-011 6.258488e-012 
7.629395e-012 1.144409e-011 7.152557e-012 2.384186e-012 4.936010e-013 
1.907349e-013 3.337860e-013 2.503395e-013 1.043081e-013 3.032619e-014 
4.768372e-015 9.536743e-015 8.344650e-015 4.172325e-015 1.599619e-015 
1.192093e-016 2.682209e-016 2.682209e-016 1.564622e-016 7.606513e-017 
2.980232e-018 7.450581e-018 8.381903e-018 5.587935e-018 3.354924e-018 
7.450581e-020 2.048910e-019 2.561137e-019 1.920853e-019 1.397660e-019 
1.862645e-021 5.587935e-021 7.683411e-021 6.402843e-021 5.568220e-021 
4.656613e-023 1.513399e-022 2.270099e-022 2.080924e-022 2.140246e-022 
1.164153e-024 4.074536e-024 6.621121e-024 6.621121e-024 7.988847e-024 
2.910383e-026 1.091394e-025 1.909939e-025 2.069100e-025 2.910335e-025 
7.275958e-028 2.910383e-027 5.456968e-027 6.366463e-027 1.038798e-026 
1.818989e-029 7.730705e-029 1.546141e-028 1.932676e-028 3.644149e-028 
4.547474e-031 2.046363e-030 4.348522e-030 5.798029e-030 1.259589e-029 
1.136868e-032 5.400125e-032 1.215028e-031 1.721290e-031 4.298592e-031 
2.842171e-034 1.421085e-033 3.375078e-033 5.062617e-033 1.450891e-032 
7.105427e-036 3.730349e-035 9.325873e-035 1.476597e-034 4.850447e-034 
1.776357e-037 9.769963e-037 2.564615e-036 4.274359e-036 1.608052e-035 
4.440892e-039 2.553513e-038 7.022161e-038 1.228878e-037 5.292309e-037 
1.110223e-040 6.661338e-040 1.915135e-039 3.511080e-039 1.730652e-038 
2.775558e-042 1.734723e-041 5.204170e-041 9.974660e-041 5.627729e-040 
6.938894e-044 4.510281e-043 1.409463e-042 2.818926e-042 1.821007e-041 
1.734723e-045 1.170938e-044 3.805550e-044 7.928228e-044 5.866829e-043 
4.336809e-047 3.035766e-046 1.024571e-045 2.219904e-045 1.882936e-044 
1.084202e-048 7.860466e-048 2.751163e-047 6.190117e-047 6.022918e-046 
2.710505e-050 2.032879e-049 7.369187e-049 1.719477e-048 1.920850e-047 
6.776264e-052 5.251604e-051 1.969352e-050 4.759266e-050 6.110124e-049 
1.694066e-053 1.355253e-052 5.251604e-052 1.312901e-051 1.939159e-050 
4.235165e-055 3.494011e-054 1.397604e-053 3.610478e-053 6.141928e-052 
1.058791e-056 8.999725e-056 3.712387e-055 9.899698e-055 1.941918e-053 
2.646978e-058 2.316106e-057 9.843449e-057 2.706949e-056 6.130367e-055 
6.617445e-060 5.955700e-059 2.605619e-058 7.382587e-058 1.932658e-056 
1.654361e-061 1.530284e-060 6.886279e-060 2.008498e-059 6.085698e-058 
4.135903e-063 3.929108e-062 1.817212e-061 5.451637e-061 1.914334e-059 
1.033976e-064 1.008126e-063 4.788600e-063 1.476485e-062 6.016366e-061 
2.584939e-066 2.584939e-065 1.260158e-064 3.990500e-064 1.889342e-062 
6.462349e-068 6.623907e-067 3.311954e-066 1.076385e-065 5.929135e-064 
1.615587e-069 1.696366e-068 8.693878e-068 2.897959e-067 1.859582e-065 
4.038968e-071 4.341890e-070 2.279492e-069 7.788266e-069 5.829306e-067 
1.009742e-072 1.110716e-071 5.970099e-071 2.089535e-070 1.826526e-068 
2.524355e-074 2.839899e-073 1.561945e-072 5.596968e-072 5.720953e-070 
6.310887e-076 7.257520e-075 4.082355e-074 1.496864e-073 1.791296e-071 
1.577722e-077 1.853823e-076 1.065948e-075 3.997306e-075 5.607155e-073 
3.944305e-079 4.733165e-078 2.780735e-077 1.065948e-076 1.754734e-074 
9.860761e-081 1.207943e-079 7.247660e-079 2.838667e-078 5.490207e-076 
2.465190e-082 3.081488e-081 1.887411e-080 7.549645e-080 1.717464e-077 
6.162976e-084 7.857794e-083 4.911121e-082 2.005375e-081 5.371793e-079 
1.540744e-085 2.002967e-084 1.276892e-083 5.320381e-083 1.679939e-080 
3.851860e-087 5.103714e-086 3.317414e-085 1.409901e-084 5.253134e-082 
9.629650e-089 1.300003e-087 8.612518e-087 3.732091e-086 1.642485e-083 
2.407412e-090 3.310192e-089 2.234380e-088 9.868510e-088 5.135100e-085 
6.018531e-092 8.425944e-091 5.792836e-090 2.606776e-089 1.605335e-086 
1.504633e-093 2.144102e-092 1.500871e-091 6.878993e-091 5.018302e-088 
3.761582e-095 5.454294e-094 3.886184e-093 1.813553e-092 1.568649e-089 
9.403955e-097 1.387083e-095 1.005635e-094 4.776768e-094 4.903163e-091 
2.350989e-098 3.526483e-097 2.600781e-096 1.257044e-095 1.532537e-092 
5.877472e-100 8.963144e-099 6.722358e-098 3.305160e-097 4.789964e-094 
1.469368e-101 2.277520e-100 1.736609e-099 8.683046e-099 1.497070e-095 
3.673420e-103 5.785636e-102 4.483868e-101 2.279300e-100 4.678887e-097 
9.183550e-105 1.469368e-103 1.157127e-102 5.978491e-102 1.462295e-098 
2.295887e-106 3.730817e-105 2.984654e-104 1.566943e-103 4.570045e-100 
5.739719e-108 9.470536e-107 7.694810e-106 4.103899e-105 1.428237e-101 
1.434930e-109 2.403507e-108 1.982893e-107 1.074067e-106 4.463497e-103 
3.587324e-111 6.098451e-110 5.107453e-109 2.809099e-108 1.394910e-104 
8.968310e-113 1.547034e-111 1.314978e-110 7.341963e-110 4.359269e-106 


1.395248e-104 1.395248e-104 1.395248e-104 1.395248e-104 1.395248e-104 
4.464794e-103 4.464794e-103 4.464794e-103 4.464794e-103 4.464794e-103 
1.428734e-101 1.428734e-101 1.428734e-101 1.428734e-101 1.428734e-101 
4.571950e-100 4.571950e-100 4.571950e-100 4.571950e-100 4.571950e-100 
1.463024e-098 1.463024e-098 1.463024e-098 1.463024e-098 1.463024e-098 
4.681676e-097 4.681676e-097 4.681676e-097 4.681676e-097 4.681676e-097 
1.498136e-095 1.498136e-095 1.498136e-095 1.498136e-095 1.498136e-095 
4.794037e-094 4.794037e-094 4.794037e-094 4.794037e-094 4.794037e-094 
1.534092e-092 1.534092e-092 1.534092e-092 1.534092e-092 1.534092e-092 
4.909093e-091 4.909093e-091 4.909093e-091 4.909093e-091 4.909093e-091 
1.570910e-089 1.570910e-089 1.570910e-089 1.570910e-089 1.570910e-089 
5.026912e-088 5.026912e-088 5.026912e-088 5.026912e-088 5.026912e-088 
1.608612e-086 1.608612e-086 1.608612e-086 1.608612e-086 1.608612e-086 
5.147558e-085 5.147558e-085 5.147558e-085 5.147558e-085 5.147558e-085 
1.647218e-083 1.647218e-083 1.647218e-083 1.647218e-083 1.647218e-083 
5.271099e-082 5.271099e-082 5.271099e-082 5.271099e-082 5.271099e-082 
1.686752e-080 1.686752e-080 1.686752e-080 1.686752e-080 1.686752e-080 
5.397605e-079 5.397605e-079 5.397605e-079 5.397605e-079 5.397605e-079 
1.727234e-077 1.727234e-077 1.727234e-077 1.727234e-077 1.727234e-077 
5.527148e-076 5.527148e-076 5.527148e-076 5.527148e-076 5.527148e-076 
1.768687e-074 1.768687e-074 1.768687e-074 1.768687e-074 1.768687e-074 
5.659799e-073 5.659799e-073 5.659799e-073 5.659799e-073 5.659799e-073 
1.811136e-071 1.811136e-071 1.811136e-071 1.811136e-071 1.811136e-071 
5.795635e-070 5.795635e-070 5.795635e-070 5.795635e-070 5.795635e-070 
1.854603e-068 1.854603e-068 1.854603e-068 1.854603e-068 1.854603e-068 
5.934730e-067 5.934730e-067 5.934730e-067 5.934730e-067 5.934730e-067 
1.899114e-065 1.899114e-065 1.899114e-065 1.899114e-065 1.899114e-065 
6.077163e-064 6.077163e-064 6.077163e-064 6.077163e-064 6.077163e-064 
1.944692e-062 1.944692e-062 1.944692e-062 1.944692e-062 1.944692e-062 
6.223015e-061 6.223015e-061 6.223015e-061 6.223015e-061 6.223015e-061 
1.991365e-059 1.991365e-059 1.991365e-059 1.991365e-059 1.991365e-059 
6.372368e-058 6.372368e-058 6.372368e-058 6.372368e-058 6.372368e-058 
2.039158e-056 2.039158e-056 2.039158e-056 2.039158e-056 2.039158e-056 
6.525304e-055 6.525304e-055 6.525304e-055 6.525304e-055 6.525304e-055 
2.088097e-053 2.088097e-053 2.088097e-053 2.088097e-053 2.088097e-053 
6.681912e-052 6.681912e-052 6.681912e-052 6.681912e-052 6.681912e-052 
2.138212e-050 2.138212e-050 2.138212e-050 2.138212e-050 2.138212e-050 
6.842278e-049 6.842278e-049 6.842278e-049 6.842278e-049 6.842278e-049 
2.189529e-047 2.189529e-047 2.189529e-047 2.189529e-047 2.189529e-047 
7.006492e-046 7.006492e-046 7.006492e-046 7.006492e-046 7.006492e-046 
2.242078e-044 2.242078e-044 2.242078e-044 2.242078e-044 2.242078e-044 
7.174648e-043 7.174648e-043 7.174648e-043 7.174648e-043 7.174648e-043 
2.295887e-041 2.295887e-041 2.295887e-041 2.295887e-041 2.295887e-041 
7.346840e-040 7.346840e-040 7.346840e-040 7.346840e-040 7.346840e-040 
2.350989e-038 2.350989e-038 2.350989e-038 2.350989e-038 2.350989e-038 
7.523164e-037 7.523164e-037 7.523164e-037 7.523164e-037 7.523164e-037 
2.407412e-035 2.407412e-035 2.407412e-035 2.407412e-035 2.407412e-035 
7.703720e-034 7.703720e-034 7.703720e-034 7.703720e-034 7.703720e-034 
2.465190e-032 2.465190e-032 2.465190e-032 2.465190e-032 2.465190e-032 
7.888609e-031 7.888609e-031 7.888609e-031 7.888609e-031 7.888609e-031 
2.524355e-029 2.524355e-029 2.524355e-029 2.524355e-029 2.524355e-029 
8.077936e-028 8.077936e-028 8.077936e-028 8.077936e-028 8.077936e-028 
2.584939e-026 2.584939e-026 2.584939e-026 2.584939e-026 2.584939e-026 
8.271806e-025 8.271806e-025 8.271806e-025 8.271806e-025 8.271806e-025 
2.646978e-023 2.646978e-023 2.646978e-023 2.646978e-023 2.646978e-023 
8.470329e-022 8.470329e-022 8.470329e-022 8.470329e-022 8.470329e-022 
2.710505e-020 2.710505e-020 2.710505e-020 2.710505e-020 2.710505e-020 
8.673617e-019 8.673617e-019 8.673617e-019 8.673617e-019 8.673617e-019 
2.775558e-017 2.775558e-017 2.775558e-017 2.775558e-017 2.775558e-017 
8.881784e-016 8.881784e-016 8.881784e-016 8.881784e-016 8.881784e-016 
2.842171e-014 2.842171e-014 2.842171e-014 2.842171e-014 2.842171e-014 
9.094947e-013 9.094947e-013 9.094947e-013 9.094947e-013 9.094947e-013 
2.910383e-011 2.910383e-011 2.910383e-011 2.910383e-011 2.910383e-011 
9.313226e-010 9.313226e-010 9.313226e-010 9.313226e-010 9.313226e-010 
2.980232e-008 2.980232e-008 2.980232e-008 2.980232e-008 2.980232e-008 
9.536743e-007 9.536743e-007 9.536743e-007 9.536743e-007 9.536743e-007 
3.051758e-005 3.051758e-005 3.051758e-005 3.051758e-005 3.051758e-005 
9.765625e-004 9.765625e-004 9.765625e-004 9.765625e-004 9.765625e-004 
3.125000e-002 3.125000e-002 3.125000e-002 3.125000e-002 3.125000e-002 
1.000000e+000 1.000000e+000 1.000000e+000 1.000000e+000 1.000000e+000 


1.000000e+000 0.000000e+000 0.000000e+000 0.000000e+000 0.000000e+000 
8.000000e-001 2.000000e-001 0.000000e+000 0.000000e+000 0.000000e+000 
6.400000e-001 3.200000e-001 4.000000e-002 0.000000e+000 0.000000e+000 
5.120000e-001 3.840000e-001 9.600000e-002 8.000000e-003 0.000000e+000 
4.096000e-001 4.096000e-001 1.536000e-001 2.560000e-002 1.600000e-003 
3.276800e-001 4.096000e-001 2.048000e-001 5.120000e-002 6.720000e-003 
2.621440e-001 3.932160e-001 2.457600e-001 8.192000e-002 1.696000e-002 
2.097152e-001 3.670016e-001 2.752512e-001 1.146880e-001 3.334400e-002 
1.677722e-001 3.355443e-001 2.936013e-001 1.468006e-001 5.628160e-002 
1.342177e-001 3.019899e-001 3.019899e-001 1.761608e-001 8.564173e-002 
1.073742e-001 2.684355e-001 3.019899e-001 2.013266e-001 1.208739e-001 
8.589935e-002 2.362232e-001 2.952790e-001 2.214593e-001 1.611392e-001 
6.871948e-002 2.061584e-001 2.834678e-001 2.362232e-001 2.054311e-001 
5.497558e-002 1.786706e-001 2.680060e-001 2.456721e-001 2.526757e-001 
4.398047e-002 1.539316e-001 2.501389e-001 2.501389e-001 3.018101e-001 
3.518437e-002 1.319414e-001 2.308974e-001 2.501389e-001 3.518379e-001 
2.814750e-002 1.125900e-001 2.111062e-001 2.462906e-001 4.018657e-001 
2.251800e-002 9.570149e-002 1.914030e-001 2.392537e-001 4.511238e-001 
1.801440e-002 8.106479e-002 1.722627e-001 2.296836e-001 4.989745e-001 
1.441152e-002 6.845471e-002 1.540231e-001 2.181994e-001 5.449113e-001 
1.152922e-002 5.764608e-002 1.369094e-001 2.053641e-001 5.885511e-001 
9.223372e-003 4.842270e-002 1.210568e-001 1.916732e-001 6.296240e-001 
7.378698e-003 4.058284e-002 1.065299e-001 1.775499e-001 6.679586e-001 
5.902958e-003 3.394201e-002 9.334053e-002 1.633459e-001 7.034686e-001 
4.722366e-003 2.833420e-002 8.146082e-002 1.493448e-001 7.361378e-001 
3.777893e-003 2.361183e-002 7.083550e-002 1.357680e-001 7.660067e-001 
3.022315e-003 1.964504e-002 6.139076e-002 1.227815e-001 7.931603e-001 
2.417852e-003 1.632050e-002 5.304162e-002 1.105034e-001 8.177167e-001 
1.934281e-003 1.353997e-002 4.569740e-002 9.901102e-002 8.398173e-001 
1.547425e-003 1.121883e-002 3.926591e-002 8.834830e-002 8.596195e-001 
1.237940e-003 9.284550e-003 3.365649e-002 7.853182e-002 8.772892e-001 
9.903520e-004 7.675228e-003 2.878211e-002 6.955676e-002 8.929956e-001 
7.922816e-004 6.338253e-003 2.456073e-002 6.140183e-002 9.069069e-001 
6.338253e-004 5.229059e-003 2.091623e-002 5.403361e-002 9.191873e-001 
5.070602e-004 4.310012e-003 1.777880e-002 4.741013e-002 9.299940e-001 
4.056482e-004 3.549422e-003 1.508504e-002 4.148387e-002 9.394760e-001 
3.245186e-004 2.920667e-003 1.277792e-002 3.620410e-002 9.477728e-001 
2.596148e-004 2.401437e-003 1.080647e-002 3.151886e-002 9.550136e-001 
2.076919e-004 1.973073e-003 9.125462e-003 2.737639e-002 9.613174e-001 
1.661535e-004 1.619997e-003 7.694984e-003 2.372620e-002 9.667927e-001 
1.329228e-004 1.329228e-003 6.479986e-003 2.051996e-002 9.715379e-001 
1.063382e-004 1.089967e-003 5.449835e-003 1.771196e-002 9.756419e-001 
8.507059e-005 8.932412e-004 4.577861e-003 1.525954e-002 9.791843e-001 
6.805647e-005 7.316071e-004 3.840937e-003 1.312320e-002 9.822362e-001 
5.444518e-005 5.988970e-004 3.219071e-003 1.126675e-002 9.848608e-001 
4.355614e-005 4.900066e-004 2.695036e-003 9.657214e-003 9.871142e-001 
3.484491e-005 4.007165e-004 2.254030e-003 8.264778e-003 9.890456e-001 
2.787593e-005 3.275422e-004 1.883368e-003 7.062629e-003 9.906986e-001 
2.230075e-005 2.676089e-004 1.572203e-003 6.026776e-003 9.921111e-001 
1.784060e-005 2.185473e-004 1.311284e-003 5.135862e-003 9.933165e-001 
1.427248e-005 1.784060e-004 1.092737e-003 4.370946e-003 9.943436e-001 
1.141798e-005 1.455793e-004 9.098704e-004 3.715304e-003 9.952178e-001 
9.134385e-006 1.187470e-004 7.570122e-004 3.154217e-003 9.959609e-001 
7.307508e-006 9.682448e-005 6.293591e-004 2.674776e-003 9.965917e-001 
5.846007e-006 7.892109e-005 5.228522e-004 2.265693e-003 9.971267e-001 
4.676805e-006 6.430607e-005 4.340660e-004 1.917125e-003 9.975798e-001 
3.741444e-006 5.238022e-005 3.601140e-004 1.620513e-003 9.979633e-001 
2.993155e-006 4.265246e-005 2.985672e-004 1.368433e-003 9.982874e-001 
2.394524e-006 3.472060e-005 2.473843e-004 1.154460e-003 9.985610e-001 
1.915619e-006 2.825539e-005 2.048516e-004 9.730449e-004 9.987919e-001 
1.532496e-006 2.298743e-005 1.695323e-004 8.194062e-004 9.989865e-001 
1.225996e-006 1.869645e-005 1.402233e-004 6.894314e-004 9.991504e-001 
9.807971e-007 1.520236e-005 1.159180e-004 5.795898e-004 9.992883e-001 
7.846377e-007 1.235804e-005 9.577484e-005 4.868554e-004 9.994042e-001 
6.277102e-007 1.004336e-005 7.909148e-005 4.086393e-004 9.995016e-001 
5.021681e-007 8.160232e-006 6.528186e-005 3.427298e-004 9.995833e-001 
4.017345e-007 6.628619e-006 5.385753e-005 2.872402e-004 9.996519e-001 
3.213876e-007 5.383242e-006 4.441175e-005 2.405636e-004 9.997093e-001 
2.571101e-007 4.370871e-006 3.660605e-005 2.013333e-004 9.997574e-001 
2.056881e-007 3.548119e-006 3.015901e-005 1.683878e-004 9.997977e-001 



Q star

------------
1  2  3  4  5  5  5  5  5  5  5  5  5  5  5  5  5  5  5  5  5  5  5  5  5  5  5  5  5  5  5  5  5  5  5  5  5  5  5  5  5  5  5  5  5  5  5  5  5  5  5  5  5  5  5  5  5  5  5  5  5  5  5  5  5  5  5  5  5  5  
------------

P star

-----------
6.976241e-109

A Martrix

8.000000e-001 2.000000e-001 0.000000e+000 0.000000e+000 0.000000e+000 
0.000000e+000 8.000000e-001 2.000000e-001 0.000000e+000 0.000000e+000 
0.000000e+000 0.000000e+000 8.000000e-001 2.000000e-001 0.000000e+000 
0.000000e+000 0.000000e+000 0.000000e+000 8.000000e-001 2.000000e-001 
0.000000e+000 0.000000e+000 0.000000e+000 0.000000e+000 1.000000e+000 

B Martrix

1.000000e-030 1.000000e+000 1.000000e-030 1.000000e-030 1.000000e-030 1.000000e-030 1.000000e-030 1.000000e-030 1.000000e-030 1.000000e-030 1.000000e-030 1.000000e-030 1.000000e-030 1.000000e-030 1.000000e-030 1.000000e-030 1.000000e-030 1.000000e-030 1.000000e-030 1.000000e-030 1.000000e-030 1.000000e-030 1.000000e-030 1.000000e-030 1.000000e-030 1.000000e-030 1.000000e-030 1.000000e-030 1.000000e-030 1.000000e-030 1.000000e-030 1.000000e-030 
1.000000e-030 1.000000e+000 1.000000e-030 1.000000e-030 1.000000e-030 1.000000e-030 1.000000e-030 1.000000e-030 1.000000e-030 1.000000e-030 1.000000e-030 1.000000e-030 1.000000e-030 1.000000e-030 1.000000e-030 1.000000e-030 1.000000e-030 1.000000e-030 1.000000e-030 1.000000e-030 1.000000e-030 1.000000e-030 1.000000e-030 1.000000e-030 1.000000e-030 1.000000e-030 1.000000e-030 1.000000e-030 1.000000e-030 1.000000e-030 1.000000e-030 1.000000e-030 
1.000000e-030 1.000000e-030 1.000000e-030 1.000000e-030 1.000000e-030 1.000000e-030 1.000000e-030 1.000000e-030 1.000000e-030 1.000000e-030 1.000000e-030 1.000000e-030 1.000000e+000 1.000000e-030 1.000000e-030 1.000000e-030 1.000000e-030 1.000000e-030 1.000000e-030 1.000000e-030 1.000000e-030 1.000000e-030 1.000000e-030 1.000000e-030 1.000000e-030 1.000000e-030 1.000000e-030 1.000000e-030 1.000000e-030 1.000000e-030 1.000000e-030 1.000000e-030 
1.000000e-030 1.000000e-030 1.000000e-030 1.000000e-030 1.000000e-030 1.000000e-030 1.000000e-030 1.000000e-030 1.000000e-030 1.000000e-030 1.000000e-030 1.000000e-030 1.000000e-030 1.000000e-030 1.000000e-030 1.000000e-030 1.000000e-030 1.000000e-030 1.000000e+000 1.000000e-030 1.000000e-030 1.000000e-030 1.000000e-030 1.000000e-030 1.000000e-030 1.000000e-030 1.000000e-030 1.000000e-030 1.000000e-030 1.000000e-030 1.000000e-030 1.000000e-030 
1.000000e-030 1.936747e-002 2.551827e-003 2.896284e-002 1.000000e-030 1.000000e-030 1.000000e-030 1.000000e-030 1.000000e-030 1.000000e-030 1.000000e-030 2.297267e-001 6.160533e-003 1.000000e-030 1.000000e-030 1.000000e-030 1.000000e-030 4.872815e-002 5.109876e-002 3.538409e-001 1.000000e-030 1.000000e-030 1.000000e-030 1.000000e-030 1.000000e-030 1.000000e-030 1.000000e-030 2.595629e-001 1.000000e-030 1.000000e-030 1.000000e-030 1.000000e-030 
Iteraion 2
-----------------

P(O|lamda) = 1.045656e-061

1.000000e+000 0.000000e+000 0.000000e+000 0.000000e+000 0.000000e+000 
8.000000e-001 2.000000e-001 0.000000e+000 0.000000e+000 0.000000e+000 
6.400000e-031 3.200000e-031 4.000000e-002 0.000000e+000 0.000000e+000 
5.120000e-061 3.840000e-061 3.200000e-032 8.000000e-003 0.000000e+000 
4.096000e-061 4.096000e-061 2.560000e-062 6.400000e-033 3.098795e-005 
3.276800e-091 4.096000e-091 1.024000e-091 5.120000e-063 7.907587e-008 
2.621440e-121 3.932160e-121 1.638400e-091 4.096000e-093 4.871495e-010 
2.097152e-151 3.670016e-151 1.310720e-121 3.604480e-092 2.489274e-011 
1.677722e-181 3.355443e-181 1.048576e-151 2.883584e-092 1.271988e-012 
1.342177e-211 3.019899e-211 8.388608e-152 2.306867e-122 7.836123e-015 
1.073742e-241 2.684355e-241 6.710886e-182 1.845494e-152 1.999643e-017 
8.589935e-272 2.362232e-271 5.368709e-212 1.476395e-152 1.021793e-018 
6.871948e-302 2.061584e-301 4.294967e-212 1.181116e-182 6.294788e-021 
0.000000e+000 0.000000e+000 3.435974e-242 9.448928e-183 3.216559e-022 
0.000000e+000 0.000000e+000 2.748779e-272 7.559142e-183 1.643622e-023 
0.000000e+000 0.000000e+000 2.199023e-302 6.047314e-183 8.398704e-025 
0.000000e+000 0.000000e+000 0.000000e+000 4.837851e-183 4.291634e-026 
0.000000e+000 0.000000e+000 0.000000e+000 3.870281e-183 2.192972e-027 
0.000000e+000 0.000000e+000 0.000000e+000 3.096225e-213 7.759631e-028 
0.000000e+000 0.000000e+000 0.000000e+000 2.476980e-213 3.965076e-029 
0.000000e+000 0.000000e+000 0.000000e+000 1.981584e-243 1.148398e-030 
0.000000e+000 0.000000e+000 0.000000e+000 1.585267e-273 4.063503e-031 
0.000000e+000 0.000000e+000 0.000000e+000 1.268214e-303 1.437833e-031 
0.000000e+000 0.000000e+000 0.000000e+000 0.000000e+000 5.087642e-032 
0.000000e+000 0.000000e+000 0.000000e+000 0.000000e+000 1.800216e-032 
0.000000e+000 0.000000e+000 0.000000e+000 0.000000e+000 8.772119e-034 
0.000000e+000 0.000000e+000 0.000000e+000 0.000000e+000 4.274492e-035 
0.000000e+000 0.000000e+000 0.000000e+000 0.000000e+000 9.819648e-036 
0.000000e+000 0.000000e+000 0.000000e+000 0.000000e+000 3.474593e-036 
0.000000e+000 0.000000e+000 0.000000e+000 0.000000e+000 1.006341e-037 
0.000000e+000 0.000000e+000 0.000000e+000 0.000000e+000 4.903712e-039 
0.000000e+000 0.000000e+000 0.000000e+000 0.000000e+000 1.126513e-039 
0.000000e+000 0.000000e+000 0.000000e+000 0.000000e+000 2.587902e-040 
0.000000e+000 0.000000e+000 0.000000e+000 0.000000e+000 9.157056e-041 
0.000000e+000 0.000000e+000 0.000000e+000 0.000000e+000 3.240141e-041 
0.000000e+000 0.000000e+000 0.000000e+000 0.000000e+000 7.443468e-042 
0.000000e+000 0.000000e+000 0.000000e+000 0.000000e+000 2.633803e-042 
0.000000e+000 0.000000e+000 0.000000e+000 0.000000e+000 9.319472e-043 
0.000000e+000 0.000000e+000 0.000000e+000 0.000000e+000 2.140932e-043 
0.000000e+000 0.000000e+000 0.000000e+000 0.000000e+000 4.146442e-045 
0.000000e+000 0.000000e+000 0.000000e+000 0.000000e+000 1.467181e-045 
0.000000e+000 0.000000e+000 0.000000e+000 0.000000e+000 3.370506e-046 
0.000000e+000 0.000000e+000 0.000000e+000 0.000000e+000 1.192623e-046 
0.000000e+000 0.000000e+000 0.000000e+000 0.000000e+000 4.219987e-047 
0.000000e+000 0.000000e+000 0.000000e+000 0.000000e+000 1.493204e-047 
0.000000e+000 0.000000e+000 0.000000e+000 0.000000e+000 5.283565e-048 
0.000000e+000 0.000000e+000 0.000000e+000 0.000000e+000 1.869541e-048 
0.000000e+000 0.000000e+000 0.000000e+000 0.000000e+000 6.615202e-049 
0.000000e+000 0.000000e+000 0.000000e+000 0.000000e+000 2.340729e-049 
0.000000e+000 0.000000e+000 0.000000e+000 0.000000e+000 8.282455e-050 
0.000000e+000 0.000000e+000 0.000000e+000 0.000000e+000 2.930671e-050 
0.000000e+000 0.000000e+000 0.000000e+000 0.000000e+000 7.606934e-051 
0.000000e+000 0.000000e+000 0.000000e+000 0.000000e+000 1.974478e-051 
0.000000e+000 0.000000e+000 0.000000e+000 0.000000e+000 5.125010e-052 
0.000000e+000 0.000000e+000 0.000000e+000 0.000000e+000 1.330262e-052 
0.000000e+000 0.000000e+000 0.000000e+000 0.000000e+000 3.452867e-053 
0.000000e+000 0.000000e+000 0.000000e+000 0.000000e+000 7.932156e-054 
0.000000e+000 0.000000e+000 0.000000e+000 0.000000e+000 1.822228e-054 
0.000000e+000 0.000000e+000 0.000000e+000 0.000000e+000 4.186144e-055 
0.000000e+000 0.000000e+000 0.000000e+000 0.000000e+000 9.616690e-056 
0.000000e+000 0.000000e+000 0.000000e+000 0.000000e+000 2.496136e-056 
0.000000e+000 0.000000e+000 0.000000e+000 0.000000e+000 6.479041e-057 
0.000000e+000 0.000000e+000 0.000000e+000 0.000000e+000 1.681718e-057 
0.000000e+000 0.000000e+000 0.000000e+000 0.000000e+000 3.863356e-058 
0.000000e+000 0.000000e+000 0.000000e+000 0.000000e+000 8.875159e-059 
0.000000e+000 0.000000e+000 0.000000e+000 0.000000e+000 2.303662e-059 
0.000000e+000 0.000000e+000 0.000000e+000 0.000000e+000 5.979450e-060 
0.000000e+000 0.000000e+000 0.000000e+000 0.000000e+000 1.552043e-060 
0.000000e+000 0.000000e+000 0.000000e+000 0.000000e+000 4.028527e-061 
0.000000e+000 0.000000e+000 0.000000e+000 0.000000e+000 1.045656e-061 


1.045656e-061 4.182624e-061 1.673873e-090 7.968936e-065 3.984468e-064 
4.012119e-142 5.228280e-061 2.091312e-060 4.114599e-063 2.057300e-062 
3.582249e-112 5.731599e-112 2.614140e-060 1.112446e-059 3.339483e-060 
2.686687e-082 7.164498e-082 1.349758e-088 1.307070e-059 6.535350e-059 
1.119453e-082 8.955622e-082 1.791177e-081 6.748792e-058 3.374396e-057 
1.315303e-112 5.597264e-052 2.238906e-051 2.644691e-055 1.322345e-054 
6.488504e-136 6.576515e-082 2.798632e-051 1.123746e-050 2.146479e-052 
2.703454e-106 2.162870e-105 3.288258e-051 1.399316e-050 4.200647e-051 
1.637367e-106 1.351727e-075 5.407443e-075 1.644129e-050 8.220644e-050 
8.011465e-098 8.186834e-076 6.758636e-075 2.668810e-048 1.334405e-047 
3.338110e-068 2.670488e-067 4.093417e-045 1.741951e-044 5.229214e-045 
4.172573e-098 1.669055e-037 6.676221e-037 2.046709e-044 1.023354e-043 
5.214444e-098 2.086286e-067 8.345276e-037 3.338114e-036 1.661146e-041 
6.493154e-098 2.607222e-067 1.043143e-036 4.172638e-036 3.250853e-040 
7.629143e-098 3.246577e-067 1.303611e-036 5.215716e-036 6.361902e-039 
1.371790e-125 3.814572e-067 1.623289e-036 6.518055e-036 1.245021e-037 
4.219465e-096 5.171162e-095 1.907286e-036 8.116443e-036 2.436499e-036 
1.456855e-124 2.109732e-065 1.741688e-064 9.536429e-036 4.768214e-035 
4.117260e-124 7.284274e-094 1.054866e-034 4.488976e-034 1.347559e-034 
1.163591e-123 2.058630e-093 3.642137e-063 5.274331e-034 2.637165e-033 
3.288458e-123 5.817954e-093 1.029315e-062 1.821069e-032 9.105343e-032 
9.293606e-123 1.644229e-092 2.908977e-062 5.146575e-032 2.573287e-031 
1.907235e-121 4.646803e-092 8.221144e-062 1.454488e-031 7.272442e-031 
3.914032e-120 9.536177e-091 2.323402e-061 4.110572e-031 2.055286e-030 
1.703778e-119 1.957016e-089 4.768089e-060 1.161701e-030 5.808504e-030 
4.815096e-119 8.518888e-089 9.785080e-059 2.384044e-029 1.192022e-028 
1.662508e-117 2.407548e-088 4.259444e-058 4.892540e-028 2.446270e-027 
3.411803e-116 8.312542e-087 1.203774e-057 2.129722e-027 1.064861e-026 
1.485157e-115 1.705901e-085 4.156271e-056 6.018869e-027 3.009435e-026 
6.464888e-115 7.425786e-085 8.529506e-055 2.078135e-025 1.039068e-024 
1.827061e-114 3.232444e-084 3.712893e-054 4.264753e-024 2.132377e-023 
5.163509e-114 9.135304e-084 1.616222e-053 1.856447e-023 9.282233e-023 
2.247675e-113 2.581755e-083 4.567652e-053 8.081110e-023 4.040555e-022 
6.352220e-113 1.123838e-082 1.290877e-052 2.283826e-022 1.141913e-021 
1.795219e-112 3.176110e-082 5.619188e-052 6.454387e-022 3.227193e-021 
7.814588e-112 8.976097e-082 1.588055e-051 2.809594e-021 1.404797e-020 
4.034904e-110 3.907294e-081 4.488048e-051 7.940275e-021 3.970137e-020 
9.082387e-109 2.017452e-079 1.953647e-050 2.244024e-020 1.122012e-019 
4.963794e-079 2.555676e-078 1.008726e-048 9.768234e-020 4.884117e-019 
1.402832e-108 2.481897e-078 2.850790e-048 5.043630e-018 2.521815e-017 
3.964585e-108 7.014162e-078 1.240949e-047 1.425395e-017 7.126975e-017 
1.120443e-107 1.982293e-077 3.507081e-047 6.204743e-017 3.102372e-016 
3.166517e-107 5.602215e-077 9.911463e-047 1.753540e-016 8.767702e-016 
8.948984e-107 1.583258e-076 2.801107e-046 4.955732e-016 2.477866e-015 
2.529099e-106 4.474492e-076 7.916291e-046 1.400554e-015 7.002769e-015 
7.147559e-106 1.264549e-075 2.237246e-045 3.958146e-015 1.979073e-014 
2.019992e-105 3.573779e-075 6.322746e-045 1.118623e-014 5.593115e-014 
5.708759e-105 1.009996e-074 1.786890e-044 3.161373e-014 1.580687e-013 
2.199375e-104 2.854380e-074 5.049981e-044 8.934449e-014 4.467224e-013 
8.473379e-104 1.099687e-073 1.427190e-043 2.524990e-013 1.262495e-012 
3.264481e-103 4.236690e-073 5.498436e-043 7.135949e-013 3.567975e-012 
1.257684e-102 1.632240e-072 2.118345e-042 2.749218e-012 1.374609e-011 
4.845393e-102 6.288420e-072 8.161202e-042 1.059172e-011 5.295862e-011 
2.109199e-101 2.422697e-071 3.144210e-041 4.080601e-011 2.040300e-010 
9.181341e-101 1.054600e-070 1.211348e-040 1.572105e-010 7.860526e-010 
3.996637e-100 4.590671e-070 5.272998e-040 6.056741e-010 3.028371e-009 
1.739735e-099 1.998318e-069 2.295335e-039 2.636499e-009 1.318249e-008 
6.702559e-099 8.698677e-069 9.991592e-039 1.147668e-008 5.738338e-008 
2.582249e-098 3.351280e-068 4.349339e-038 4.995796e-008 2.497898e-007 
9.948454e-098 1.291125e-067 1.675640e-037 2.174669e-007 1.087335e-006 
4.330561e-097 4.974227e-067 6.455623e-037 8.378199e-007 4.189100e-006 
1.885093e-096 2.165280e-066 2.487113e-036 3.227811e-006 1.613906e-005 
7.262567e-096 9.425463e-066 1.082640e-035 1.243557e-005 6.217784e-005 
2.797999e-095 3.631283e-065 4.712731e-035 5.413201e-005 2.706600e-004 
1.077966e-094 1.399000e-064 1.815642e-034 2.356366e-004 1.178183e-003 
4.153006e-094 5.389830e-064 6.994998e-034 9.078209e-004 4.539104e-003 
1.000000e-090 2.076503e-063 2.694915e-033 3.497499e-003 1.748750e-002 
1.000000e-060 1.000000e-060 1.038251e-032 1.347458e-002 6.737288e-002 
1.000000e-030 1.000000e-030 1.000000e-030 5.191257e-002 2.595629e-001 
1.000000e+000 1.000000e+000 1.000000e+000 1.000000e+000 1.000000e+000 


1.000000e+000 0.000000e+000 0.000000e+000 0.000000e+000 0.000000e+000 
3.069551e-081 1.000000e+000 0.000000e+000 0.000000e+000 0.000000e+000 
2.192537e-081 1.754029e-081 1.000000e+000 0.000000e+000 0.000000e+000 
1.315522e-081 2.631044e-081 4.130638e-059 1.000000e+000 0.000000e+000 
4.385073e-082 3.508059e-081 4.385203e-082 4.130638e-029 1.000000e+000 
4.121800e-142 2.192537e-081 2.192537e-081 1.294959e-056 1.000000e+000 
1.626656e-195 2.473080e-141 4.385073e-081 4.401890e-082 1.000000e+000 
5.422007e-196 7.591185e-195 4.121800e-111 4.823581e-081 1.000000e+000 
2.627103e-226 4.337606e-195 5.422543e-165 4.533980e-081 1.000000e+000 
1.028331e-247 2.364392e-225 5.422007e-165 5.887777e-109 1.000000e+000 
3.427770e-248 6.855540e-247 2.627103e-165 3.074395e-135 1.000000e+000 
3.427717e-308 3.770547e-247 3.427770e-187 2.889813e-135 1.000000e+000 
0.000000e+000 4.113260e-307 3.427770e-187 3.770551e-157 1.000000e+000 
0.000000e+000 0.000000e+000 3.427717e-217 3.770547e-157 1.000000e+000 
0.000000e+000 0.000000e+000 3.426881e-247 3.770489e-157 1.000000e+000 
0.000000e+000 0.000000e+000 3.413789e-277 3.769569e-157 1.000000e+000 
0.000000e+000 0.000000e+000 0.000000e+000 3.755168e-157 1.000000e+000 
0.000000e+000 0.000000e+000 0.000000e+000 3.529713e-157 1.000000e+000 
0.000000e+000 0.000000e+000 0.000000e+000 1.329202e-185 1.000000e+000 
0.000000e+000 0.000000e+000 0.000000e+000 1.249399e-185 1.000000e+000 
0.000000e+000 0.000000e+000 0.000000e+000 3.451039e-214 1.000000e+000 
0.000000e+000 0.000000e+000 0.000000e+000 7.802466e-244 1.000000e+000 
0.000000e+000 0.000000e+000 0.000000e+000 1.764062e-273 1.000000e+000 
0.000000e+000 0.000000e+000 0.000000e+000 0.000000e+000 1.000000e+000 
0.000000e+000 0.000000e+000 0.000000e+000 0.000000e+000 1.000000e+000 
0.000000e+000 0.000000e+000 0.000000e+000 0.000000e+000 1.000000e+000 
0.000000e+000 0.000000e+000 0.000000e+000 0.000000e+000 1.000000e+000 
0.000000e+000 0.000000e+000 0.000000e+000 0.000000e+000 1.000000e+000 
0.000000e+000 0.000000e+000 0.000000e+000 0.000000e+000 1.000000e+000 
0.000000e+000 0.000000e+000 0.000000e+000 0.000000e+000 1.000000e+000 
0.000000e+000 0.000000e+000 0.000000e+000 0.000000e+000 1.000000e+000 
0.000000e+000 0.000000e+000 0.000000e+000 0.000000e+000 1.000000e+000 
0.000000e+000 0.000000e+000 0.000000e+000 0.000000e+000 1.000000e+000 
0.000000e+000 0.000000e+000 0.000000e+000 0.000000e+000 1.000000e+000 
0.000000e+000 0.000000e+000 0.000000e+000 0.000000e+000 1.000000e+000 
0.000000e+000 0.000000e+000 0.000000e+000 0.000000e+000 1.000000e+000 
0.000000e+000 0.000000e+000 0.000000e+000 0.000000e+000 1.000000e+000 
0.000000e+000 0.000000e+000 0.000000e+000 0.000000e+000 1.000000e+000 
0.000000e+000 0.000000e+000 0.000000e+000 0.000000e+000 1.000000e+000 
0.000000e+000 0.000000e+000 0.000000e+000 0.000000e+000 1.000000e+000 
0.000000e+000 0.000000e+000 0.000000e+000 0.000000e+000 1.000000e+000 
0.000000e+000 0.000000e+000 0.000000e+000 0.000000e+000 1.000000e+000 
0.000000e+000 0.000000e+000 0.000000e+000 0.000000e+000 1.000000e+000 
0.000000e+000 0.000000e+000 0.000000e+000 0.000000e+000 1.000000e+000 
0.000000e+000 0.000000e+000 0.000000e+000 0.000000e+000 1.000000e+000 
0.000000e+000 0.000000e+000 0.000000e+000 0.000000e+000 1.000000e+000 
0.000000e+000 0.000000e+000 0.000000e+000 0.000000e+000 1.000000e+000 
0.000000e+000 0.000000e+000 0.000000e+000 0.000000e+000 1.000000e+000 
0.000000e+000 0.000000e+000 0.000000e+000 0.000000e+000 1.000000e+000 
0.000000e+000 0.000000e+000 0.000000e+000 0.000000e+000 1.000000e+000 
0.000000e+000 0.000000e+000 0.000000e+000 0.000000e+000 1.000000e+000 
0.000000e+000 0.000000e+000 0.000000e+000 0.000000e+000 1.000000e+000 
0.000000e+000 0.000000e+000 0.000000e+000 0.000000e+000 1.000000e+000 
0.000000e+000 0.000000e+000 0.000000e+000 0.000000e+000 1.000000e+000 
0.000000e+000 0.000000e+000 0.000000e+000 0.000000e+000 1.000000e+000 
0.000000e+000 0.000000e+000 0.000000e+000 0.000000e+000 1.000000e+000 
0.000000e+000 0.000000e+000 0.000000e+000 0.000000e+000 1.000000e+000 
0.000000e+000 0.000000e+000 0.000000e+000 0.000000e+000 1.000000e+000 
0.000000e+000 0.000000e+000 0.000000e+000 0.000000e+000 1.000000e+000 
0.000000e+000 0.000000e+000 0.000000e+000 0.000000e+000 1.000000e+000 
0.000000e+000 0.000000e+000 0.000000e+000 0.000000e+000 1.000000e+000 
0.000000e+000 0.000000e+000 0.000000e+000 0.000000e+000 1.000000e+000 
0.000000e+000 0.000000e+000 0.000000e+000 0.000000e+000 1.000000e+000 
0.000000e+000 0.000000e+000 0.000000e+000 0.000000e+000 1.000000e+000 
0.000000e+000 0.000000e+000 0.000000e+000 0.000000e+000 1.000000e+000 
0.000000e+000 0.000000e+000 0.000000e+000 0.000000e+000 1.000000e+000 
0.000000e+000 0.000000e+000 0.000000e+000 0.000000e+000 1.000000e+000 
0.000000e+000 0.000000e+000 0.000000e+000 0.000000e+000 1.000000e+000 
0.000000e+000 0.000000e+000 0.000000e+000 0.000000e+000 1.000000e+000 
0.000000e+000 0.000000e+000 0.000000e+000 0.000000e+000 1.000000e+000 



Q star

------------
1  2  3  4  5  5  5  5  5  5  5  5  5  5  5  5  5  5  5  5  5  5  5  5  5  5  5  5  5  5  5  5  5  5  5  5  5  5  5  5  5  5  5  5  5  5  5  5  5  5  5  5  5  5  5  5  5  5  5  5  5  5  5  5  5  5  5  5  5  5  
------------

P star

-----------
1.045656e-061

A Martrix

7.016118e-081 1.000000e+000 0.000000e+000 0.000000e+000 0.000000e+000 
0.000000e+000 7.016118e-081 1.000000e+000 0.000000e+000 0.000000e+000 
0.000000e+000 0.000000e+000 4.130638e-059 1.000000e+000 0.000000e+000 
0.000000e+000 0.000000e+000 0.000000e+000 4.130638e-029 1.000000e+000 
0.000000e+000 0.000000e+000 0.000000e+000 0.000000e+000 1.000000e+000 

B Martrix

1.000000e-030 1.000000e+000 1.000000e-030 1.000000e-030 1.000000e-030 1.000000e-030 1.000000e-030 1.000000e-030 1.000000e-030 1.000000e-030 1.000000e-030 1.000000e-030 1.000000e-030 1.000000e-030 1.000000e-030 1.000000e-030 1.000000e-030 1.000000e-030 1.000000e-030 1.000000e-030 1.000000e-030 1.000000e-030 1.000000e-030 1.000000e-030 1.000000e-030 1.000000e-030 1.000000e-030 1.000000e-030 1.000000e-030 1.000000e-030 1.000000e-030 1.000000e-030 
1.000000e-030 1.000000e+000 1.000000e-030 1.000000e-030 1.000000e-030 1.000000e-030 1.000000e-030 1.000000e-030 1.000000e-030 1.000000e-030 1.000000e-030 1.000000e-030 1.000000e-030 1.000000e-030 1.000000e-030 1.000000e-030 1.000000e-030 1.000000e-030 1.000000e-030 1.000000e-030 1.000000e-030 1.000000e-030 1.000000e-030 1.000000e-030 1.000000e-030 1.000000e-030 1.000000e-030 1.000000e-030 1.000000e-030 1.000000e-030 1.000000e-030 1.000000e-030 
1.000000e-030 1.000000e-030 1.000000e-030 1.000000e-030 1.000000e-030 1.000000e-030 1.000000e-030 1.000000e-030 1.000000e-030 1.000000e-030 1.000000e-030 1.000000e-030 1.000000e+000 1.000000e-030 1.000000e-030 1.000000e-030 1.000000e-030 1.000000e-030 1.000000e-030 1.000000e-030 1.000000e-030 1.000000e-030 1.000000e-030 1.000000e-030 1.000000e-030 1.000000e-030 1.000000e-030 1.000000e-030 1.000000e-030 1.000000e-030 1.000000e-030 1.000000e-030 
1.000000e-030 1.000000e-030 1.000000e-030 1.000000e-030 1.000000e-030 1.000000e-030 1.000000e-030 1.000000e-030 1.000000e-030 1.000000e-030 1.000000e-030 1.000000e-030 1.000000e-030 1.000000e-030 1.000000e-030 1.000000e-030 1.000000e-030 1.000000e-030 1.000000e+000 1.000000e-030 1.000000e-030 1.000000e-030 1.000000e-030 1.000000e-030 1.000000e-030 1.000000e-030 1.000000e-030 1.000000e-030 1.000000e-030 1.000000e-030 1.000000e-030 1.000000e-030 
1.000000e-030 3.030303e-002 3.030303e-002 3.030303e-002 1.000000e-030 1.000000e-030 1.000000e-030 1.000000e-030 1.000000e-030 1.000000e-030 1.000000e-030 1.818182e-001 4.545455e-002 1.000000e-030 1.000000e-030 1.000000e-030 1.000000e-030 4.545455e-002 1.363636e-001 3.030303e-001 1.000000e-030 1.000000e-030 1.000000e-030 1.000000e-030 1.000000e-030 1.000000e-030 1.000000e-030 1.969697e-001 1.000000e-030 1.000000e-030 1.000000e-030 1.000000e-030 
Iteraion 3
-----------------

P(O|lamda) = 4.161298e-054

1.000000e+000 0.000000e+000 0.000000e+000 0.000000e+000 0.000000e+000 
7.016118e-081 1.000000e+000 0.000000e+000 0.000000e+000 0.000000e+000 
4.922591e-191 1.403224e-110 1.000000e+000 0.000000e+000 0.000000e+000 
3.453747e-301 1.476777e-220 4.130638e-089 1.000000e+000 0.000000e+000 
0.000000e+000 1.381499e-300 1.706217e-177 4.130638e-059 3.030303e-002 
0.000000e+000 0.000000e+000 7.047767e-266 1.706217e-117 9.182736e-004 
0.000000e+000 0.000000e+000 4.940656e-324 7.047767e-176 4.173971e-005 
0.000000e+000 0.000000e+000 0.000000e+000 2.911178e-204 5.691779e-006 
0.000000e+000 0.000000e+000 0.000000e+000 1.202502e-232 7.761517e-007 
0.000000e+000 0.000000e+000 0.000000e+000 4.967102e-291 3.527962e-008 
0.000000e+000 0.000000e+000 0.000000e+000 0.000000e+000 1.069079e-009 
0.000000e+000 0.000000e+000 0.000000e+000 0.000000e+000 1.457836e-010 
0.000000e+000 0.000000e+000 0.000000e+000 0.000000e+000 6.626525e-012 
0.000000e+000 0.000000e+000 0.000000e+000 0.000000e+000 9.036171e-013 
0.000000e+000 0.000000e+000 0.000000e+000 0.000000e+000 1.232205e-013 
0.000000e+000 0.000000e+000 0.000000e+000 0.000000e+000 1.680280e-014 
0.000000e+000 0.000000e+000 0.000000e+000 0.000000e+000 2.291291e-015 
0.000000e+000 0.000000e+000 0.000000e+000 0.000000e+000 3.124487e-016 
0.000000e+000 0.000000e+000 0.000000e+000 0.000000e+000 9.468143e-017 
0.000000e+000 0.000000e+000 0.000000e+000 0.000000e+000 1.291110e-017 
0.000000e+000 0.000000e+000 0.000000e+000 0.000000e+000 3.912456e-019 
0.000000e+000 0.000000e+000 0.000000e+000 0.000000e+000 1.185593e-019 
0.000000e+000 0.000000e+000 0.000000e+000 0.000000e+000 3.592705e-020 
0.000000e+000 0.000000e+000 0.000000e+000 0.000000e+000 1.088698e-020 
0.000000e+000 0.000000e+000 0.000000e+000 0.000000e+000 3.299086e-021 
0.000000e+000 0.000000e+000 0.000000e+000 0.000000e+000 1.499585e-022 
0.000000e+000 0.000000e+000 0.000000e+000 0.000000e+000 6.816294e-024 
0.000000e+000 0.000000e+000 0.000000e+000 0.000000e+000 1.239326e-024 
0.000000e+000 0.000000e+000 0.000000e+000 0.000000e+000 3.755534e-025 
0.000000e+000 0.000000e+000 0.000000e+000 0.000000e+000 1.138041e-026 
0.000000e+000 0.000000e+000 0.000000e+000 0.000000e+000 5.172912e-028 
0.000000e+000 0.000000e+000 0.000000e+000 0.000000e+000 9.405294e-029 
0.000000e+000 0.000000e+000 0.000000e+000 0.000000e+000 1.710053e-029 
0.000000e+000 0.000000e+000 0.000000e+000 0.000000e+000 5.181980e-030 
0.000000e+000 0.000000e+000 0.000000e+000 0.000000e+000 1.570297e-030 
0.000000e+000 0.000000e+000 0.000000e+000 0.000000e+000 2.855085e-031 
0.000000e+000 0.000000e+000 0.000000e+000 0.000000e+000 8.651774e-032 
0.000000e+000 0.000000e+000 0.000000e+000 0.000000e+000 2.621750e-032 
0.000000e+000 0.000000e+000 0.000000e+000 0.000000e+000 4.766818e-033 
0.000000e+000 0.000000e+000 0.000000e+000 0.000000e+000 1.444490e-034 
0.000000e+000 0.000000e+000 0.000000e+000 0.000000e+000 4.377243e-035 
0.000000e+000 0.000000e+000 0.000000e+000 0.000000e+000 7.958624e-036 
0.000000e+000 0.000000e+000 0.000000e+000 0.000000e+000 2.411704e-036 
0.000000e+000 0.000000e+000 0.000000e+000 0.000000e+000 7.308194e-037 
0.000000e+000 0.000000e+000 0.000000e+000 0.000000e+000 2.214604e-037 
0.000000e+000 0.000000e+000 0.000000e+000 0.000000e+000 6.710922e-038 
0.000000e+000 0.000000e+000 0.000000e+000 0.000000e+000 2.033613e-038 
0.000000e+000 0.000000e+000 0.000000e+000 0.000000e+000 6.162463e-039 
0.000000e+000 0.000000e+000 0.000000e+000 0.000000e+000 1.867413e-039 
0.000000e+000 0.000000e+000 0.000000e+000 0.000000e+000 5.658827e-040 
0.000000e+000 0.000000e+000 0.000000e+000 0.000000e+000 1.714796e-040 
0.000000e+000 0.000000e+000 0.000000e+000 0.000000e+000 3.377629e-041 
0.000000e+000 0.000000e+000 0.000000e+000 0.000000e+000 6.652905e-042 
0.000000e+000 0.000000e+000 0.000000e+000 0.000000e+000 1.310421e-042 
0.000000e+000 0.000000e+000 0.000000e+000 0.000000e+000 2.581132e-043 
0.000000e+000 0.000000e+000 0.000000e+000 0.000000e+000 5.084047e-044 
0.000000e+000 0.000000e+000 0.000000e+000 0.000000e+000 9.243723e-045 
0.000000e+000 0.000000e+000 0.000000e+000 0.000000e+000 1.680677e-045 
0.000000e+000 0.000000e+000 0.000000e+000 0.000000e+000 3.055776e-046 
0.000000e+000 0.000000e+000 0.000000e+000 0.000000e+000 5.555956e-047 
0.000000e+000 0.000000e+000 0.000000e+000 0.000000e+000 1.094355e-047 
0.000000e+000 0.000000e+000 0.000000e+000 0.000000e+000 2.155548e-048 
0.000000e+000 0.000000e+000 0.000000e+000 0.000000e+000 4.245776e-049 
0.000000e+000 0.000000e+000 0.000000e+000 0.000000e+000 7.719593e-050 
0.000000e+000 0.000000e+000 0.000000e+000 0.000000e+000 1.403562e-050 
0.000000e+000 0.000000e+000 0.000000e+000 0.000000e+000 2.764592e-051 
0.000000e+000 0.000000e+000 0.000000e+000 0.000000e+000 5.445409e-052 
0.000000e+000 0.000000e+000 0.000000e+000 0.000000e+000 1.072581e-052 
0.000000e+000 0.000000e+000 0.000000e+000 0.000000e+000 2.112659e-053 
0.000000e+000 0.000000e+000 0.000000e+000 0.000000e+000 4.161298e-054 


4.161298e-054 5.674497e-115 2.579317e-086 7.816111e-058 7.816111e-058 
1.373228e-142 4.161298e-054 5.674497e-085 2.579317e-056 2.579317e-056 
4.531653e-141 1.373228e-112 4.161298e-054 5.674497e-055 5.674497e-055 
9.969637e-110 4.531653e-111 1.373228e-082 4.161298e-054 4.161298e-054 
7.311067e-079 9.969637e-110 4.531653e-081 1.373228e-052 1.373228e-052 
5.361449e-108 7.311067e-049 9.969637e-080 4.531653e-051 4.531653e-051 
1.179519e-136 5.361449e-078 7.311067e-049 9.969637e-050 9.969637e-050 
3.892412e-105 1.179519e-106 5.361449e-048 7.311067e-049 7.311067e-049 
2.854436e-104 3.892412e-075 1.179519e-076 5.361449e-048 5.361449e-048 
6.279758e-133 2.854436e-074 3.892412e-075 1.179519e-046 1.179519e-046 
4.605156e-072 6.279758e-103 2.854436e-044 3.892412e-045 3.892412e-045 
3.377114e-101 4.605156e-042 6.279758e-073 2.854436e-044 2.854436e-044 
2.476551e-100 3.377114e-071 4.605156e-042 6.279758e-043 6.279758e-043 
1.816137e-099 2.476551e-070 3.377114e-041 4.605156e-042 4.605156e-042 
1.331834e-098 1.816137e-069 2.476551e-040 3.377114e-041 3.377114e-041 
4.395052e-128 1.331834e-068 1.816137e-039 2.476551e-040 2.476551e-040 
3.223038e-097 4.395052e-098 1.331834e-038 1.816137e-039 1.816137e-039 
1.063603e-125 3.223038e-067 4.395052e-068 1.331834e-038 1.331834e-038 
3.509888e-125 1.063603e-095 3.223038e-037 4.395052e-038 4.395052e-038 
1.158263e-124 3.509888e-095 1.063603e-065 3.223038e-037 3.223038e-037 
3.822268e-124 1.158263e-094 3.509888e-065 1.063603e-035 1.063603e-035 
1.261349e-123 3.822268e-094 1.158263e-064 3.509888e-035 3.509888e-035 
2.774967e-122 1.261349e-093 3.822268e-064 1.158263e-034 1.158263e-034 
6.104927e-121 2.774967e-092 1.261349e-063 3.822268e-034 3.822268e-034 
3.357710e-120 6.104927e-091 2.774967e-062 1.261349e-033 1.261349e-033 
1.108044e-119 3.357710e-090 6.104927e-061 2.774967e-032 2.774967e-032 
3.656546e-118 1.108044e-089 3.357710e-060 6.104927e-031 6.104927e-031 
8.044401e-117 3.656546e-088 1.108044e-059 3.357710e-030 3.357710e-030 
4.424421e-116 8.044401e-087 3.656546e-058 1.108044e-029 1.108044e-029 
2.433431e-115 4.424421e-086 8.044401e-057 3.656546e-028 3.656546e-028 
8.030324e-115 2.433431e-085 4.424421e-056 8.044401e-027 8.044401e-027 
2.650007e-114 8.030324e-085 2.433431e-055 4.424421e-026 4.424421e-026 
1.457504e-113 2.650007e-084 8.030324e-055 2.433431e-025 2.433431e-025 
4.809762e-113 1.457504e-083 2.650007e-054 8.030324e-025 8.030324e-025 
1.587222e-112 4.809762e-083 1.457504e-053 2.650007e-024 2.650007e-024 
8.729719e-112 1.587222e-082 4.809762e-053 1.457504e-023 1.457504e-023 
2.880807e-110 8.729719e-082 1.587222e-052 4.809762e-023 4.809762e-023 
9.506664e-110 2.880807e-080 8.729719e-052 1.587222e-022 1.587222e-022 
5.228665e-079 9.506664e-080 2.880807e-050 8.729719e-022 8.729719e-022 
1.725459e-108 5.228665e-079 9.506664e-050 2.880807e-020 2.880807e-020 
5.694016e-108 1.725459e-078 5.228665e-049 9.506664e-020 9.506664e-020 
1.879025e-107 5.694016e-078 1.725459e-048 5.228665e-019 5.228665e-019 
6.200784e-107 1.879025e-077 5.694016e-048 1.725459e-018 1.725459e-018 
2.046259e-106 6.200784e-077 1.879025e-047 5.694016e-018 5.694016e-018 
6.752653e-106 2.046259e-076 6.200784e-047 1.879025e-017 1.879025e-017 
2.228376e-105 6.752653e-076 2.046259e-046 6.200784e-017 6.200784e-017 
7.353640e-105 2.228376e-075 6.752653e-046 2.046259e-016 2.046259e-016 
2.426701e-104 7.353640e-075 2.228376e-045 6.752653e-016 6.752653e-016 
1.232017e-103 2.426701e-074 7.353640e-045 2.228376e-015 2.228376e-015 
6.254858e-103 1.232017e-073 2.426701e-044 7.353640e-015 7.353640e-015 
3.175543e-102 6.254858e-073 1.232017e-043 2.426701e-014 2.426701e-014 
1.612199e-101 3.175543e-072 6.254858e-043 1.232017e-013 1.232017e-013 
8.185010e-101 1.612199e-071 3.175543e-042 6.254858e-013 6.254858e-013 
4.501755e-100 8.185010e-071 1.612199e-041 3.175543e-012 3.175543e-012 
2.475965e-099 4.501755e-070 8.185010e-041 1.612199e-011 1.612199e-011 
1.361781e-098 2.475965e-069 4.501755e-040 8.185010e-011 8.185010e-011 
7.489795e-098 1.361781e-068 2.475965e-039 4.501755e-010 4.501755e-010 
3.802512e-097 7.489795e-068 1.361781e-038 2.475965e-009 2.475965e-009 
1.930506e-096 3.802512e-067 7.489795e-038 1.361781e-008 1.361781e-008 
9.801030e-096 1.930506e-066 3.802512e-037 7.489795e-008 7.489795e-008 
5.390566e-095 9.801030e-066 1.930506e-036 3.802512e-007 3.802512e-007 
2.964811e-094 5.390566e-065 9.801030e-036 1.930506e-006 1.930506e-006 
1.505212e-093 2.964811e-064 5.390566e-035 9.801030e-006 9.801030e-006 
7.641845e-093 1.505212e-063 2.964811e-034 5.390566e-005 5.390566e-005 
3.879706e-092 7.641845e-063 1.505212e-033 2.964811e-004 2.964811e-004 
1.969697e-091 3.879706e-062 7.641845e-033 1.505212e-003 1.505212e-003 
1.000000e-090 1.969697e-061 3.879706e-032 7.641845e-003 7.641845e-003 
1.000000e-060 1.000000e-060 1.969697e-031 3.879706e-002 3.879706e-002 
1.000000e-030 1.000000e-030 1.000000e-030 1.969697e-001 1.969697e-001 
1.000000e+000 1.000000e+000 1.000000e+000 1.000000e+000 1.000000e+000 


1.000000e+000 0.000000e+000 0.000000e+000 0.000000e+000 0.000000e+000 
2.315319e-169 1.000000e+000 0.000000e+000 0.000000e+000 0.000000e+000 
5.360701e-278 4.630638e-169 1.000000e+000 0.000000e+000 0.000000e+000 
0.000000e+000 1.608210e-277 1.363111e-117 1.000000e+000 0.000000e+000 
0.000000e+000 0.000000e+000 1.858071e-204 1.363111e-057 1.000000e+000 
0.000000e+000 0.000000e+000 1.688504e-291 1.858071e-114 1.000000e+000 
0.000000e+000 0.000000e+000 8.680338e-319 1.688504e-171 1.000000e+000 
0.000000e+000 0.000000e+000 0.000000e+000 5.114706e-199 1.000000e+000 
0.000000e+000 0.000000e+000 0.000000e+000 1.549313e-226 1.000000e+000 
0.000000e+000 0.000000e+000 0.000000e+000 1.407924e-283 1.000000e+000 
0.000000e+000 0.000000e+000 0.000000e+000 0.000000e+000 1.000000e+000 
0.000000e+000 0.000000e+000 0.000000e+000 0.000000e+000 1.000000e+000 
0.000000e+000 0.000000e+000 0.000000e+000 0.000000e+000 1.000000e+000 
0.000000e+000 0.000000e+000 0.000000e+000 0.000000e+000 1.000000e+000 
0.000000e+000 0.000000e+000 0.000000e+000 0.000000e+000 1.000000e+000 
0.000000e+000 0.000000e+000 0.000000e+000 0.000000e+000 1.000000e+000 
0.000000e+000 0.000000e+000 0.000000e+000 0.000000e+000 1.000000e+000 
0.000000e+000 0.000000e+000 0.000000e+000 0.000000e+000 1.000000e+000 
0.000000e+000 0.000000e+000 0.000000e+000 0.000000e+000 1.000000e+000 
0.000000e+000 0.000000e+000 0.000000e+000 0.000000e+000 1.000000e+000 
0.000000e+000 0.000000e+000 0.000000e+000 0.000000e+000 1.000000e+000 
0.000000e+000 0.000000e+000 0.000000e+000 0.000000e+000 1.000000e+000 
0.000000e+000 0.000000e+000 0.000000e+000 0.000000e+000 1.000000e+000 
0.000000e+000 0.000000e+000 0.000000e+000 0.000000e+000 1.000000e+000 
0.000000e+000 0.000000e+000 0.000000e+000 0.000000e+000 1.000000e+000 
0.000000e+000 0.000000e+000 0.000000e+000 0.000000e+000 1.000000e+000 
0.000000e+000 0.000000e+000 0.000000e+000 0.000000e+000 1.000000e+000 
0.000000e+000 0.000000e+000 0.000000e+000 0.000000e+000 1.000000e+000 
0.000000e+000 0.000000e+000 0.000000e+000 0.000000e+000 1.000000e+000 
0.000000e+000 0.000000e+000 0.000000e+000 0.000000e+000 1.000000e+000 
0.000000e+000 0.000000e+000 0.000000e+000 0.000000e+000 1.000000e+000 
0.000000e+000 0.000000e+000 0.000000e+000 0.000000e+000 1.000000e+000 
0.000000e+000 0.000000e+000 0.000000e+000 0.000000e+000 1.000000e+000 
0.000000e+000 0.000000e+000 0.000000e+000 0.000000e+000 1.000000e+000 
0.000000e+000 0.000000e+000 0.000000e+000 0.000000e+000 1.000000e+000 
0.000000e+000 0.000000e+000 0.000000e+000 0.000000e+000 1.000000e+000 
0.000000e+000 0.000000e+000 0.000000e+000 0.000000e+000 1.000000e+000 
0.000000e+000 0.000000e+000 0.000000e+000 0.000000e+000 1.000000e+000 
0.000000e+000 0.000000e+000 0.000000e+000 0.000000e+000 1.000000e+000 
0.000000e+000 0.000000e+000 0.000000e+000 0.000000e+000 1.000000e+000 
0.000000e+000 0.000000e+000 0.000000e+000 0.000000e+000 1.000000e+000 
0.000000e+000 0.000000e+000 0.000000e+000 0.000000e+000 1.000000e+000 
0.000000e+000 0.000000e+000 0.000000e+000 0.000000e+000 1.000000e+000 
0.000000e+000 0.000000e+000 0.000000e+000 0.000000e+000 1.000000e+000 
0.000000e+000 0.000000e+000 0.000000e+000 0.000000e+000 1.000000e+000 
0.000000e+000 0.000000e+000 0.000000e+000 0.000000e+000 1.000000e+000 
0.000000e+000 0.000000e+000 0.000000e+000 0.000000e+000 1.000000e+000 
0.000000e+000 0.000000e+000 0.000000e+000 0.000000e+000 1.000000e+000 
0.000000e+000 0.000000e+000 0.000000e+000 0.000000e+000 1.000000e+000 
0.000000e+000 0.000000e+000 0.000000e+000 0.000000e+000 1.000000e+000 
0.000000e+000 0.000000e+000 0.000000e+000 0.000000e+000 1.000000e+000 
0.000000e+000 0.000000e+000 0.000000e+000 0.000000e+000 1.000000e+000 
0.000000e+000 0.000000e+000 0.000000e+000 0.000000e+000 1.000000e+000 
0.000000e+000 0.000000e+000 0.000000e+000 0.000000e+000 1.000000e+000 
0.000000e+000 0.000000e+000 0.000000e+000 0.000000e+000 1.000000e+000 
0.000000e+000 0.000000e+000 0.000000e+000 0.000000e+000 1.000000e+000 
0.000000e+000 0.000000e+000 0.000000e+000 0.000000e+000 1.000000e+000 
0.000000e+000 0.000000e+000 0.000000e+000 0.000000e+000 1.000000e+000 
0.000000e+000 0.000000e+000 0.000000e+000 0.000000e+000 1.000000e+000 
0.000000e+000 0.000000e+000 0.000000e+000 0.000000e+000 1.000000e+000 
0.000000e+000 0.000000e+000 0.000000e+000 0.000000e+000 1.000000e+000 
0.000000e+000 0.000000e+000 0.000000e+000 0.000000e+000 1.000000e+000 
0.000000e+000 0.000000e+000 0.000000e+000 0.000000e+000 1.000000e+000 
0.000000e+000 0.000000e+000 0.000000e+000 0.000000e+000 1.000000e+000 
0.000000e+000 0.000000e+000 0.000000e+000 0.000000e+000 1.000000e+000 
0.000000e+000 0.000000e+000 0.000000e+000 0.000000e+000 1.000000e+000 
0.000000e+000 0.000000e+000 0.000000e+000 0.000000e+000 1.000000e+000 
0.000000e+000 0.000000e+000 0.000000e+000 0.000000e+000 1.000000e+000 
0.000000e+000 0.000000e+000 0.000000e+000 0.000000e+000 1.000000e+000 
0.000000e+000 0.000000e+000 0.000000e+000 0.000000e+000 1.000000e+000 



Q star

------------
1  2  3  4  5  5  5  5  5  5  5  5  5  5  5  5  5  5  5  5  5  5  5  5  5  5  5  5  5  5  5  5  5  5  5  5  5  5  5  5  5  5  5  5  5  5  5  5  5  5  5  5  5  5  5  5  5  5  5  5  5  5  5  5  5  5  5  5  5  5  
------------

P star

-----------
4.161298e-054

A Martrix

2.315319e-169 1.000000e+000 0.000000e+000 0.000000e+000 0.000000e+000 
0.000000e+000 2.315319e-169 1.000000e+000 0.000000e+000 0.000000e+000 
0.000000e+000 0.000000e+000 1.363111e-117 1.000000e+000 0.000000e+000 
0.000000e+000 0.000000e+000 0.000000e+000 1.363111e-057 1.000000e+000 
0.000000e+000 0.000000e+000 0.000000e+000 0.000000e+000 1.000000e+000 

B Martrix

1.000000e-030 1.000000e+000 1.000000e-030 1.000000e-030 1.000000e-030 1.000000e-030 1.000000e-030 1.000000e-030 1.000000e-030 1.000000e-030 1.000000e-030 1.000000e-030 1.000000e-030 1.000000e-030 1.000000e-030 1.000000e-030 1.000000e-030 1.000000e-030 1.000000e-030 1.000000e-030 1.000000e-030 1.000000e-030 1.000000e-030 1.000000e-030 1.000000e-030 1.000000e-030 1.000000e-030 1.000000e-030 1.000000e-030 1.000000e-030 1.000000e-030 1.000000e-030 
1.000000e-030 1.000000e+000 1.000000e-030 1.000000e-030 1.000000e-030 1.000000e-030 1.000000e-030 1.000000e-030 1.000000e-030 1.000000e-030 1.000000e-030 1.000000e-030 1.000000e-030 1.000000e-030 1.000000e-030 1.000000e-030 1.000000e-030 1.000000e-030 1.000000e-030 1.000000e-030 1.000000e-030 1.000000e-030 1.000000e-030 1.000000e-030 1.000000e-030 1.000000e-030 1.000000e-030 1.000000e-030 1.000000e-030 1.000000e-030 1.000000e-030 1.000000e-030 
1.000000e-030 1.000000e-030 1.000000e-030 1.000000e-030 1.000000e-030 1.000000e-030 1.000000e-030 1.000000e-030 1.000000e-030 1.000000e-030 1.000000e-030 1.000000e-030 1.000000e+000 1.000000e-030 1.000000e-030 1.000000e-030 1.000000e-030 1.000000e-030 1.000000e-030 1.000000e-030 1.000000e-030 1.000000e-030 1.000000e-030 1.000000e-030 1.000000e-030 1.000000e-030 1.000000e-030 1.000000e-030 1.000000e-030 1.000000e-030 1.000000e-030 1.000000e-030 
1.000000e-030 1.000000e-030 1.000000e-030 1.000000e-030 1.000000e-030 1.000000e-030 1.000000e-030 1.000000e-030 1.000000e-030 1.000000e-030 1.000000e-030 1.000000e-030 1.000000e-030 1.000000e-030 1.000000e-030 1.000000e-030 1.000000e-030 1.000000e-030 1.000000e+000 1.000000e-030 1.000000e-030 1.000000e-030 1.000000e-030 1.000000e-030 1.000000e-030 1.000000e-030 1.000000e-030 1.000000e-030 1.000000e-030 1.000000e-030 1.000000e-030 1.000000e-030 
1.000000e-030 3.030303e-002 3.030303e-002 3.030303e-002 1.000000e-030 1.000000e-030 1.000000e-030 1.000000e-030 1.000000e-030 1.000000e-030 1.000000e-030 1.818182e-001 4.545455e-002 1.000000e-030 1.000000e-030 1.000000e-030 1.000000e-030 4.545455e-002 1.363636e-001 3.030303e-001 1.000000e-030 1.000000e-030 1.000000e-030 1.000000e-030 1.000000e-030 1.000000e-030 1.000000e-030 1.969697e-001 1.000000e-030 1.000000e-030 1.000000e-030 1.000000e-030 
Iteraion 4
-----------------

P(O|lamda) = 4.161298e-054

1.000000e+000 0.000000e+000 0.000000e+000 0.000000e+000 0.000000e+000 
2.315319e-169 1.000000e+000 0.000000e+000 0.000000e+000 0.000000e+000 
0.000000e+000 4.630638e-199 1.000000e+000 0.000000e+000 0.000000e+000 
0.000000e+000 0.000000e+000 1.363111e-147 1.000000e+000 0.000000e+000 
0.000000e+000 0.000000e+000 1.858071e-294 1.363111e-087 3.030303e-002 
0.000000e+000 0.000000e+000 0.000000e+000 1.858071e-174 9.182736e-004 
0.000000e+000 0.000000e+000 0.000000e+000 2.532756e-261 4.173971e-005 
0.000000e+000 0.000000e+000 0.000000e+000 3.452427e-318 5.691779e-006 
0.000000e+000 0.000000e+000 0.000000e+000 0.000000e+000 7.761517e-007 
0.000000e+000 0.000000e+000 0.000000e+000 0.000000e+000 3.527962e-008 
0.000000e+000 0.000000e+000 0.000000e+000 0.000000e+000 1.069079e-009 
0.000000e+000 0.000000e+000 0.000000e+000 0.000000e+000 1.457836e-010 
0.000000e+000 0.000000e+000 0.000000e+000 0.000000e+000 6.626525e-012 
0.000000e+000 0.000000e+000 0.000000e+000 0.000000e+000 9.036171e-013 
0.000000e+000 0.000000e+000 0.000000e+000 0.000000e+000 1.232205e-013 
0.000000e+000 0.000000e+000 0.000000e+000 0.000000e+000 1.680280e-014 
0.000000e+000 0.000000e+000 0.000000e+000 0.000000e+000 2.291291e-015 
0.000000e+000 0.000000e+000 0.000000e+000 0.000000e+000 3.124487e-016 
0.000000e+000 0.000000e+000 0.000000e+000 0.000000e+000 9.468143e-017 
0.000000e+000 0.000000e+000 0.000000e+000 0.000000e+000 1.291110e-017 
0.000000e+000 0.000000e+000 0.000000e+000 0.000000e+000 3.912456e-019 
0.000000e+000 0.000000e+000 0.000000e+000 0.000000e+000 1.185593e-019 
0.000000e+000 0.000000e+000 0.000000e+000 0.000000e+000 3.592705e-020 
0.000000e+000 0.000000e+000 0.000000e+000 0.000000e+000 1.088698e-020 
0.000000e+000 0.000000e+000 0.000000e+000 0.000000e+000 3.299086e-021 
0.000000e+000 0.000000e+000 0.000000e+000 0.000000e+000 1.499585e-022 
0.000000e+000 0.000000e+000 0.000000e+000 0.000000e+000 6.816294e-024 
0.000000e+000 0.000000e+000 0.000000e+000 0.000000e+000 1.239326e-024 
0.000000e+000 0.000000e+000 0.000000e+000 0.000000e+000 3.755534e-025 
0.000000e+000 0.000000e+000 0.000000e+000 0.000000e+000 1.138041e-026 
0.000000e+000 0.000000e+000 0.000000e+000 0.000000e+000 5.172912e-028 
0.000000e+000 0.000000e+000 0.000000e+000 0.000000e+000 9.405294e-029 
0.000000e+000 0.000000e+000 0.000000e+000 0.000000e+000 1.710053e-029 
0.000000e+000 0.000000e+000 0.000000e+000 0.000000e+000 5.181980e-030 
0.000000e+000 0.000000e+000 0.000000e+000 0.000000e+000 1.570297e-030 
0.000000e+000 0.000000e+000 0.000000e+000 0.000000e+000 2.855085e-031 
0.000000e+000 0.000000e+000 0.000000e+000 0.000000e+000 8.651774e-032 
0.000000e+000 0.000000e+000 0.000000e+000 0.000000e+000 2.621750e-032 
0.000000e+000 0.000000e+000 0.000000e+000 0.000000e+000 4.766818e-033 
0.000000e+000 0.000000e+000 0.000000e+000 0.000000e+000 1.444490e-034 
0.000000e+000 0.000000e+000 0.000000e+000 0.000000e+000 4.377243e-035 
0.000000e+000 0.000000e+000 0.000000e+000 0.000000e+000 7.958624e-036 
0.000000e+000 0.000000e+000 0.000000e+000 0.000000e+000 2.411704e-036 
0.000000e+000 0.000000e+000 0.000000e+000 0.000000e+000 7.308194e-037 
0.000000e+000 0.000000e+000 0.000000e+000 0.000000e+000 2.214604e-037 
0.000000e+000 0.000000e+000 0.000000e+000 0.000000e+000 6.710922e-038 
0.000000e+000 0.000000e+000 0.000000e+000 0.000000e+000 2.033613e-038 
0.000000e+000 0.000000e+000 0.000000e+000 0.000000e+000 6.162463e-039 
0.000000e+000 0.000000e+000 0.000000e+000 0.000000e+000 1.867413e-039 
0.000000e+000 0.000000e+000 0.000000e+000 0.000000e+000 5.658827e-040 
0.000000e+000 0.000000e+000 0.000000e+000 0.000000e+000 1.714796e-040 
0.000000e+000 0.000000e+000 0.000000e+000 0.000000e+000 3.377629e-041 
0.000000e+000 0.000000e+000 0.000000e+000 0.000000e+000 6.652905e-042 
0.000000e+000 0.000000e+000 0.000000e+000 0.000000e+000 1.310421e-042 
0.000000e+000 0.000000e+000 0.000000e+000 0.000000e+000 2.581132e-043 
0.000000e+000 0.000000e+000 0.000000e+000 0.000000e+000 5.084047e-044 
0.000000e+000 0.000000e+000 0.000000e+000 0.000000e+000 9.243723e-045 
0.000000e+000 0.000000e+000 0.000000e+000 0.000000e+000 1.680677e-045 
0.000000e+000 0.000000e+000 0.000000e+000 0.000000e+000 3.055776e-046 
0.000000e+000 0.000000e+000 0.000000e+000 0.000000e+000 5.555956e-047 
0.000000e+000 0.000000e+000 0.000000e+000 0.000000e+000 1.094355e-047 
0.000000e+000 0.000000e+000 0.000000e+000 0.000000e+000 2.155548e-048 
0.000000e+000 0.000000e+000 0.000000e+000 0.000000e+000 4.245776e-049 
0.000000e+000 0.000000e+000 0.000000e+000 0.000000e+000 7.719593e-050 
0.000000e+000 0.000000e+000 0.000000e+000 0.000000e+000 1.403562e-050 
0.000000e+000 0.000000e+000 0.000000e+000 0.000000e+000 2.764592e-051 
0.000000e+000 0.000000e+000 0.000000e+000 0.000000e+000 5.445409e-052 
0.000000e+000 0.000000e+000 0.000000e+000 0.000000e+000 1.072581e-052 
0.000000e+000 0.000000e+000 0.000000e+000 0.000000e+000 2.112659e-053 
0.000000e+000 0.000000e+000 0.000000e+000 0.000000e+000 4.161298e-054 


4.161298e-054 5.674497e-115 2.579317e-086 7.816111e-058 7.816111e-058 
1.373228e-142 4.161298e-054 5.674497e-085 2.579317e-056 2.579317e-056 
4.531653e-141 1.373228e-112 4.161298e-054 5.674497e-055 5.674497e-055 
9.969637e-110 4.531653e-111 1.373228e-082 4.161298e-054 4.161298e-054 
7.311067e-079 9.969637e-110 4.531653e-081 1.373228e-052 1.373228e-052 
5.361449e-108 7.311067e-049 9.969637e-080 4.531653e-051 4.531653e-051 
1.179519e-136 5.361449e-078 7.311067e-049 9.969637e-050 9.969637e-050 
3.892412e-105 1.179519e-106 5.361449e-048 7.311067e-049 7.311067e-049 
2.854436e-104 3.892412e-075 1.179519e-076 5.361449e-048 5.361449e-048 
6.279758e-133 2.854436e-074 3.892412e-075 1.179519e-046 1.179519e-046 
4.605156e-072 6.279758e-103 2.854436e-044 3.892412e-045 3.892412e-045 
3.377114e-101 4.605156e-042 6.279758e-073 2.854436e-044 2.854436e-044 
2.476551e-100 3.377114e-071 4.605156e-042 6.279758e-043 6.279758e-043 
1.816137e-099 2.476551e-070 3.377114e-041 4.605156e-042 4.605156e-042 
1.331834e-098 1.816137e-069 2.476551e-040 3.377114e-041 3.377114e-041 
4.395052e-128 1.331834e-068 1.816137e-039 2.476551e-040 2.476551e-040 
3.223038e-097 4.395052e-098 1.331834e-038 1.816137e-039 1.816137e-039 
1.063603e-125 3.223038e-067 4.395052e-068 1.331834e-038 1.331834e-038 
3.509888e-125 1.063603e-095 3.223038e-037 4.395052e-038 4.395052e-038 
1.158263e-124 3.509888e-095 1.063603e-065 3.223038e-037 3.223038e-037 
3.822268e-124 1.158263e-094 3.509888e-065 1.063603e-035 1.063603e-035 
1.261349e-123 3.822268e-094 1.158263e-064 3.509888e-035 3.509888e-035 
2.774967e-122 1.261349e-093 3.822268e-064 1.158263e-034 1.158263e-034 
6.104927e-121 2.774967e-092 1.261349e-063 3.822268e-034 3.822268e-034 
3.357710e-120 6.104927e-091 2.774967e-062 1.261349e-033 1.261349e-033 
1.108044e-119 3.357710e-090 6.104927e-061 2.774967e-032 2.774967e-032 
3.656546e-118 1.108044e-089 3.357710e-060 6.104927e-031 6.104927e-031 
8.044401e-117 3.656546e-088 1.108044e-059 3.357710e-030 3.357710e-030 
4.424421e-116 8.044401e-087 3.656546e-058 1.108044e-029 1.108044e-029 
2.433431e-115 4.424421e-086 8.044401e-057 3.656546e-028 3.656546e-028 
8.030324e-115 2.433431e-085 4.424421e-056 8.044401e-027 8.044401e-027 
2.650007e-114 8.030324e-085 2.433431e-055 4.424421e-026 4.424421e-026 
1.457504e-113 2.650007e-084 8.030324e-055 2.433431e-025 2.433431e-025 
4.809762e-113 1.457504e-083 2.650007e-054 8.030324e-025 8.030324e-025 
1.587222e-112 4.809762e-083 1.457504e-053 2.650007e-024 2.650007e-024 
8.729719e-112 1.587222e-082 4.809762e-053 1.457504e-023 1.457504e-023 
2.880807e-110 8.729719e-082 1.587222e-052 4.809762e-023 4.809762e-023 
9.506664e-110 2.880807e-080 8.729719e-052 1.587222e-022 1.587222e-022 
5.228665e-079 9.506664e-080 2.880807e-050 8.729719e-022 8.729719e-022 
1.725459e-108 5.228665e-079 9.506664e-050 2.880807e-020 2.880807e-020 
5.694016e-108 1.725459e-078 5.228665e-049 9.506664e-020 9.506664e-020 
1.879025e-107 5.694016e-078 1.725459e-048 5.228665e-019 5.228665e-019 
6.200784e-107 1.879025e-077 5.694016e-048 1.725459e-018 1.725459e-018 
2.046259e-106 6.200784e-077 1.879025e-047 5.694016e-018 5.694016e-018 
6.752653e-106 2.046259e-076 6.200784e-047 1.879025e-017 1.879025e-017 
2.228376e-105 6.752653e-076 2.046259e-046 6.200784e-017 6.200784e-017 
7.353640e-105 2.228376e-075 6.752653e-046 2.046259e-016 2.046259e-016 
2.426701e-104 7.353640e-075 2.228376e-045 6.752653e-016 6.752653e-016 
1.232017e-103 2.426701e-074 7.353640e-045 2.228376e-015 2.228376e-015 
6.254858e-103 1.232017e-073 2.426701e-044 7.353640e-015 7.353640e-015 
3.175543e-102 6.254858e-073 1.232017e-043 2.426701e-014 2.426701e-014 
1.612199e-101 3.175543e-072 6.254858e-043 1.232017e-013 1.232017e-013 
8.185010e-101 1.612199e-071 3.175543e-042 6.254858e-013 6.254858e-013 
4.501755e-100 8.185010e-071 1.612199e-041 3.175543e-012 3.175543e-012 
2.475965e-099 4.501755e-070 8.185010e-041 1.612199e-011 1.612199e-011 
1.361781e-098 2.475965e-069 4.501755e-040 8.185010e-011 8.185010e-011 
7.489795e-098 1.361781e-068 2.475965e-039 4.501755e-010 4.501755e-010 
3.802512e-097 7.489795e-068 1.361781e-038 2.475965e-009 2.475965e-009 
1.930506e-096 3.802512e-067 7.489795e-038 1.361781e-008 1.361781e-008 
9.801030e-096 1.930506e-066 3.802512e-037 7.489795e-008 7.489795e-008 
5.390566e-095 9.801030e-066 1.930506e-036 3.802512e-007 3.802512e-007 
2.964811e-094 5.390566e-065 9.801030e-036 1.930506e-006 1.930506e-006 
1.505212e-093 2.964811e-064 5.390566e-035 9.801030e-006 9.801030e-006 
7.641845e-093 1.505212e-063 2.964811e-034 5.390566e-005 5.390566e-005 
3.879706e-092 7.641845e-063 1.505212e-033 2.964811e-004 2.964811e-004 
1.969697e-091 3.879706e-062 7.641845e-033 1.505212e-003 1.505212e-003 
1.000000e-090 1.969697e-061 3.879706e-032 7.641845e-003 7.641845e-003 
1.000000e-060 1.000000e-060 1.969697e-031 3.879706e-002 3.879706e-002 
1.000000e-030 1.000000e-030 1.000000e-030 1.969697e-001 1.969697e-001 
1.000000e+000 1.000000e+000 1.000000e+000 1.000000e+000 1.000000e+000 


1.000000e+000 0.000000e+000 0.000000e+000 0.000000e+000 0.000000e+000 
7.640552e-258 1.000000e+000 0.000000e+000 0.000000e+000 0.000000e+000 
0.000000e+000 1.528110e-257 1.000000e+000 0.000000e+000 0.000000e+000 
0.000000e+000 0.000000e+000 4.498265e-176 1.000000e+000 0.000000e+000 
0.000000e+000 0.000000e+000 2.025669e-321 4.498265e-086 1.000000e+000 
0.000000e+000 0.000000e+000 0.000000e+000 2.023439e-171 1.000000e+000 
0.000000e+000 0.000000e+000 0.000000e+000 6.067977e-257 1.000000e+000 
0.000000e+000 0.000000e+000 0.000000e+000 6.065638e-313 1.000000e+000 
0.000000e+000 0.000000e+000 0.000000e+000 0.000000e+000 1.000000e+000 
0.000000e+000 0.000000e+000 0.000000e+000 0.000000e+000 1.000000e+000 
0.000000e+000 0.000000e+000 0.000000e+000 0.000000e+000 1.000000e+000 
0.000000e+000 0.000000e+000 0.000000e+000 0.000000e+000 1.000000e+000 
0.000000e+000 0.000000e+000 0.000000e+000 0.000000e+000 1.000000e+000 
0.000000e+000 0.000000e+000 0.000000e+000 0.000000e+000 1.000000e+000 
0.000000e+000 0.000000e+000 0.000000e+000 0.000000e+000 1.000000e+000 
0.000000e+000 0.000000e+000 0.000000e+000 0.000000e+000 1.000000e+000 
0.000000e+000 0.000000e+000 0.000000e+000 0.000000e+000 1.000000e+000 
0.000000e+000 0.000000e+000 0.000000e+000 0.000000e+000 1.000000e+000 
0.000000e+000 0.000000e+000 0.000000e+000 0.000000e+000 1.000000e+000 
0.000000e+000 0.000000e+000 0.000000e+000 0.000000e+000 1.000000e+000 
0.000000e+000 0.000000e+000 0.000000e+000 0.000000e+000 1.000000e+000 
0.000000e+000 0.000000e+000 0.000000e+000 0.000000e+000 1.000000e+000 
0.000000e+000 0.000000e+000 0.000000e+000 0.000000e+000 1.000000e+000 
0.000000e+000 0.000000e+000 0.000000e+000 0.000000e+000 1.000000e+000 
0.000000e+000 0.000000e+000 0.000000e+000 0.000000e+000 1.000000e+000 
0.000000e+000 0.000000e+000 0.000000e+000 0.000000e+000 1.000000e+000 
0.000000e+000 0.000000e+000 0.000000e+000 0.000000e+000 1.000000e+000 
0.000000e+000 0.000000e+000 0.000000e+000 0.000000e+000 1.000000e+000 
0.000000e+000 0.000000e+000 0.000000e+000 0.000000e+000 1.000000e+000 
0.000000e+000 0.000000e+000 0.000000e+000 0.000000e+000 1.000000e+000 
0.000000e+000 0.000000e+000 0.000000e+000 0.000000e+000 1.000000e+000 
0.000000e+000 0.000000e+000 0.000000e+000 0.000000e+000 1.000000e+000 
0.000000e+000 0.000000e+000 0.000000e+000 0.000000e+000 1.000000e+000 
0.000000e+000 0.000000e+000 0.000000e+000 0.000000e+000 1.000000e+000 
0.000000e+000 0.000000e+000 0.000000e+000 0.000000e+000 1.000000e+000 
0.000000e+000 0.000000e+000 0.000000e+000 0.000000e+000 1.000000e+000 
0.000000e+000 0.000000e+000 0.000000e+000 0.000000e+000 1.000000e+000 
0.000000e+000 0.000000e+000 0.000000e+000 0.000000e+000 1.000000e+000 
0.000000e+000 0.000000e+000 0.000000e+000 0.000000e+000 1.000000e+000 
0.000000e+000 0.000000e+000 0.000000e+000 0.000000e+000 1.000000e+000 
0.000000e+000 0.000000e+000 0.000000e+000 0.000000e+000 1.000000e+000 
0.000000e+000 0.000000e+000 0.000000e+000 0.000000e+000 1.000000e+000 
0.000000e+000 0.000000e+000 0.000000e+000 0.000000e+000 1.000000e+000 
0.000000e+000 0.000000e+000 0.000000e+000 0.000000e+000 1.000000e+000 
0.000000e+000 0.000000e+000 0.000000e+000 0.000000e+000 1.000000e+000 
0.000000e+000 0.000000e+000 0.000000e+000 0.000000e+000 1.000000e+000 
0.000000e+000 0.000000e+000 0.000000e+000 0.000000e+000 1.000000e+000 
0.000000e+000 0.000000e+000 0.000000e+000 0.000000e+000 1.000000e+000 
0.000000e+000 0.000000e+000 0.000000e+000 0.000000e+000 1.000000e+000 
0.000000e+000 0.000000e+000 0.000000e+000 0.000000e+000 1.000000e+000 
0.000000e+000 0.000000e+000 0.000000e+000 0.000000e+000 1.000000e+000 
0.000000e+000 0.000000e+000 0.000000e+000 0.000000e+000 1.000000e+000 
0.000000e+000 0.000000e+000 0.000000e+000 0.000000e+000 1.000000e+000 
0.000000e+000 0.000000e+000 0.000000e+000 0.000000e+000 1.000000e+000 
0.000000e+000 0.000000e+000 0.000000e+000 0.000000e+000 1.000000e+000 
0.000000e+000 0.000000e+000 0.000000e+000 0.000000e+000 1.000000e+000 
0.000000e+000 0.000000e+000 0.000000e+000 0.000000e+000 1.000000e+000 
0.000000e+000 0.000000e+000 0.000000e+000 0.000000e+000 1.000000e+000 
0.000000e+000 0.000000e+000 0.000000e+000 0.000000e+000 1.000000e+000 
0.000000e+000 0.000000e+000 0.000000e+000 0.000000e+000 1.000000e+000 
0.000000e+000 0.000000e+000 0.000000e+000 0.000000e+000 1.000000e+000 
0.000000e+000 0.000000e+000 0.000000e+000 0.000000e+000 1.000000e+000 
0.000000e+000 0.000000e+000 0.000000e+000 0.000000e+000 1.000000e+000 
0.000000e+000 0.000000e+000 0.000000e+000 0.000000e+000 1.000000e+000 
0.000000e+000 0.000000e+000 0.000000e+000 0.000000e+000 1.000000e+000 
0.000000e+000 0.000000e+000 0.000000e+000 0.000000e+000 1.000000e+000 
0.000000e+000 0.000000e+000 0.000000e+000 0.000000e+000 1.000000e+000 
0.000000e+000 0.000000e+000 0.000000e+000 0.000000e+000 1.000000e+000 
0.000000e+000 0.000000e+000 0.000000e+000 0.000000e+000 1.000000e+000 
0.000000e+000 0.000000e+000 0.000000e+000 0.000000e+000 1.000000e+000 



Q star

------------
1  2  3  4  5  5  5  5  5  5  5  5  5  5  5  5  5  5  5  5  5  5  5  5  5  5  5  5  5  5  5  5  5  5  5  5  5  5  5  5  5  5  5  5  5  5  5  5  5  5  5  5  5  5  5  5  5  5  5  5  5  5  5  5  5  5  5  5  5  5  
------------

P star

-----------
4.161298e-054

A Martrix

7.640552e-258 1.000000e+000 0.000000e+000 0.000000e+000 0.000000e+000 
0.000000e+000 7.640552e-258 1.000000e+000 0.000000e+000 0.000000e+000 
0.000000e+000 0.000000e+000 4.498265e-176 1.000000e+000 0.000000e+000 
0.000000e+000 0.000000e+000 0.000000e+000 4.498265e-086 1.000000e+000 
0.000000e+000 0.000000e+000 0.000000e+000 0.000000e+000 1.000000e+000 

B Martrix

1.000000e-030 1.000000e+000 1.000000e-030 1.000000e-030 1.000000e-030 1.000000e-030 1.000000e-030 1.000000e-030 1.000000e-030 1.000000e-030 1.000000e-030 1.000000e-030 1.000000e-030 1.000000e-030 1.000000e-030 1.000000e-030 1.000000e-030 1.000000e-030 1.000000e-030 1.000000e-030 1.000000e-030 1.000000e-030 1.000000e-030 1.000000e-030 1.000000e-030 1.000000e-030 1.000000e-030 1.000000e-030 1.000000e-030 1.000000e-030 1.000000e-030 1.000000e-030 
1.000000e-030 1.000000e+000 1.000000e-030 1.000000e-030 1.000000e-030 1.000000e-030 1.000000e-030 1.000000e-030 1.000000e-030 1.000000e-030 1.000000e-030 1.000000e-030 1.000000e-030 1.000000e-030 1.000000e-030 1.000000e-030 1.000000e-030 1.000000e-030 1.000000e-030 1.000000e-030 1.000000e-030 1.000000e-030 1.000000e-030 1.000000e-030 1.000000e-030 1.000000e-030 1.000000e-030 1.000000e-030 1.000000e-030 1.000000e-030 1.000000e-030 1.000000e-030 
1.000000e-030 1.000000e-030 1.000000e-030 1.000000e-030 1.000000e-030 1.000000e-030 1.000000e-030 1.000000e-030 1.000000e-030 1.000000e-030 1.000000e-030 1.000000e-030 1.000000e+000 1.000000e-030 1.000000e-030 1.000000e-030 1.000000e-030 1.000000e-030 1.000000e-030 1.000000e-030 1.000000e-030 1.000000e-030 1.000000e-030 1.000000e-030 1.000000e-030 1.000000e-030 1.000000e-030 1.000000e-030 1.000000e-030 1.000000e-030 1.000000e-030 1.000000e-030 
1.000000e-030 1.000000e-030 1.000000e-030 1.000000e-030 1.000000e-030 1.000000e-030 1.000000e-030 1.000000e-030 1.000000e-030 1.000000e-030 1.000000e-030 1.000000e-030 1.000000e-030 1.000000e-030 1.000000e-030 1.000000e-030 1.000000e-030 1.000000e-030 1.000000e+000 1.000000e-030 1.000000e-030 1.000000e-030 1.000000e-030 1.000000e-030 1.000000e-030 1.000000e-030 1.000000e-030 1.000000e-030 1.000000e-030 1.000000e-030 1.000000e-030 1.000000e-030 
1.000000e-030 3.030303e-002 3.030303e-002 3.030303e-002 1.000000e-030 1.000000e-030 1.000000e-030 1.000000e-030 1.000000e-030 1.000000e-030 1.000000e-030 1.818182e-001 4.545455e-002 1.000000e-030 1.000000e-030 1.000000e-030 1.000000e-030 4.545455e-002 1.363636e-001 3.030303e-001 1.000000e-030 1.000000e-030 1.000000e-030 1.000000e-030 1.000000e-030 1.000000e-030 1.000000e-030 1.969697e-001 1.000000e-030 1.000000e-030 1.000000e-030 1.000000e-030 
=================
