12	6	10	12	3	6	28	12	12	12	6	6	22	7	14	14	10	14	10	6	6	1	10	6	6	6	3	12	6	6	6	6	6	12	12	12	12	12	

P(O|lamda) = 2.245205e-126

1.000000e-030 0.000000e+000 0.000000e+000 0.000000e+000 0.000000e+000 
6.427658e-033 2.435723e-031 0.000000e+000 0.000000e+000 0.000000e+000 
8.262956e-036 7.757068e-034 2.343206e-061 0.000000e+000 0.000000e+000 
2.124458e-067 1.875730e-036 7.462428e-064 2.038815e-062 0.000000e+000 
5.462116e-099 7.124683e-068 1.804483e-066 5.207102e-093 3.861614e-064 
3.510861e-101 6.765516e-070 1.514749e-067 6.280295e-067 4.087843e-065 
9.026644e-133 2.569782e-101 2.032802e-098 2.721946e-097 7.614164e-066 
2.320807e-164 4.880469e-104 2.665409e-129 7.853682e-099 1.947147e-066 
5.966941e-196 9.268872e-107 4.695092e-134 1.755702e-100 4.979382e-067 
1.534138e-227 1.760322e-109 8.916808e-137 3.924896e-102 1.273362e-067 
9.860915e-230 1.671581e-111 8.467296e-110 3.509664e-103 1.347961e-068 
6.338258e-232 1.587314e-113 6.303714e-111 3.138364e-104 1.426930e-069 
5.703622e-234 2.110213e-115 1.668293e-112 1.403172e-105 7.167499e-072 
1.466437e-265 8.015333e-147 2.187477e-143 1.568406e-107 5.023048e-074 
1.131091e-267 6.089013e-149 5.698653e-145 5.259292e-109 1.724653e-075 
8.724316e-270 4.625644e-151 1.481725e-146 1.763583e-110 5.921557e-077 
1.121538e-272 8.784914e-154 1.925262e-177 1.971257e-112 5.750878e-078 
8.650637e-275 6.673641e-156 1.690247e-154 6.610160e-114 1.974551e-079 
1.112067e-277 1.267442e-158 2.837710e-185 7.388552e-116 1.917638e-080 
7.147983e-280 1.203548e-160 6.096502e-159 6.606885e-117 2.029981e-081 
4.594479e-282 1.142875e-162 4.538710e-160 5.907914e-118 2.148906e-082 
1.181269e-313 4.341044e-194 6.005904e-191 1.320722e-148 2.148906e-112 
1.518559e-316 8.244408e-197 7.843659e-222 1.476247e-150 2.086967e-113 
9.760761e-319 7.828793e-199 3.965628e-197 1.320068e-151 2.209230e-114 
6.274634e-321 7.434130e-201 2.952322e-198 1.180412e-152 2.338655e-115 
3.952525e-323 7.059363e-203 1.953348e-199 1.055531e-153 2.475663e-116 
0.000000e+000 2.681395e-234 2.544265e-230 2.359655e-184 6.039069e-118 
0.000000e+000 5.092443e-237 3.307676e-261 5.275041e-186 1.544353e-118 
0.000000e+000 4.835724e-239 2.449507e-237 4.716972e-187 1.634827e-119 
0.000000e+000 4.591946e-241 1.823604e-238 4.217942e-188 1.730602e-120 
0.000000e+000 4.360458e-243 1.206553e-239 3.771708e-189 1.831988e-121 
0.000000e+000 4.140640e-245 7.857764e-241 3.372682e-190 1.939313e-122 
0.000000e+000 3.931903e-247 5.105759e-242 3.015871e-191 2.052925e-123 
0.000000e+000 7.467378e-250 6.632953e-273 6.742022e-193 5.249885e-124 
0.000000e+000 1.418187e-252 7.183741e-280 1.507189e-194 1.342537e-124 
0.000000e+000 2.693387e-255 1.364319e-282 3.369341e-196 3.433230e-125 
0.000000e+000 5.115218e-258 2.591083e-285 7.532209e-198 8.779697e-126 
0.000000e+000 9.714701e-261 4.920924e-288 1.683836e-199 2.245205e-126 



P(O|lamda) = 2.877884e-140

1.050000e-030 0.000000e+000 0.000000e+000 0.000000e+000 0.000000e+000 
1.037037e-153 1.312500e-032 0.000000e+000 0.000000e+000 0.000000e+000 
2.048468e-277 5.732485e-121 1.378125e-062 0.000000e+000 0.000000e+000 
0.000000e+000 2.503724e-209 3.617578e-094 6.718359e-065 0.000000e+000 
0.000000e+000 0.000000e+000 9.496143e-126 1.118405e-095 4.296239e-066 
0.000000e+000 0.000000e+000 5.935089e-129 3.546301e-098 1.852472e-067 
0.000000e+000 0.000000e+000 1.557961e-160 5.903525e-129 2.290263e-068 
0.000000e+000 0.000000e+000 4.089647e-192 4.679807e-132 3.147813e-069 
0.000000e+000 0.000000e+000 1.073532e-223 3.709748e-135 4.326459e-070 
0.000000e+000 0.000000e+000 2.818023e-255 2.940769e-138 5.946427e-071 
0.000000e+000 0.000000e+000 1.761264e-258 9.324757e-141 2.564008e-072 
0.000000e+000 0.000000e+000 1.100790e-261 2.956746e-143 1.105561e-073 
0.000000e+000 0.000000e+000 2.751975e-265 4.687708e-146 2.638434e-075 
0.000000e+000 0.000000e+000 7.223935e-297 1.858006e-149 2.893834e-077 
0.000000e+000 0.000000e+000 1.805984e-300 2.209301e-152 1.495284e-079 
0.000000e+000 0.000000e+000 4.514959e-304 2.627016e-155 7.726343e-082 
0.000000e+000 0.000000e+000 0.000000e+000 1.041236e-158 6.528372e-084 
0.000000e+000 0.000000e+000 0.000000e+000 1.238104e-161 3.373301e-086 
0.000000e+000 0.000000e+000 0.000000e+000 4.907310e-165 2.850270e-088 
0.000000e+000 0.000000e+000 0.000000e+000 1.556037e-167 1.228993e-089 
0.000000e+000 0.000000e+000 0.000000e+000 4.933970e-170 5.299227e-091 
0.000000e+000 0.000000e+000 0.000000e+000 8.213578e-201 5.564188e-121 
0.000000e+000 0.000000e+000 0.000000e+000 3.255509e-204 4.701460e-123 
0.000000e+000 0.000000e+000 0.000000e+000 1.032275e-206 2.027197e-124 
0.000000e+000 0.000000e+000 0.000000e+000 3.273195e-209 8.740962e-126 
0.000000e+000 0.000000e+000 0.000000e+000 1.037883e-211 3.768968e-127 
0.000000e+000 0.000000e+000 0.000000e+000 1.727763e-242 2.864281e-128 
0.000000e+000 0.000000e+000 0.000000e+000 1.369622e-245 3.936763e-129 
0.000000e+000 0.000000e+000 0.000000e+000 4.342875e-248 1.697472e-130 
0.000000e+000 0.000000e+000 0.000000e+000 1.377063e-250 7.319236e-132 
0.000000e+000 0.000000e+000 0.000000e+000 4.366469e-253 3.155942e-133 
0.000000e+000 0.000000e+000 0.000000e+000 1.384544e-255 1.360793e-134 
0.000000e+000 0.000000e+000 0.000000e+000 4.390191e-258 5.867532e-136 
0.000000e+000 0.000000e+000 0.000000e+000 3.480166e-261 8.064529e-137 
0.000000e+000 0.000000e+000 0.000000e+000 2.758776e-264 1.108416e-137 
0.000000e+000 0.000000e+000 0.000000e+000 2.186920e-267 1.523443e-138 
0.000000e+000 0.000000e+000 0.000000e+000 1.733602e-270 2.093870e-139 
0.000000e+000 0.000000e+000 0.000000e+000 1.374251e-273 2.877884e-140 



P(O|lamda) = 1.913875e-112

1.000000e-001 0.000000e+000 0.000000e+000 0.000000e+000 0.000000e+000 
5.976300e-005 6.212880e-005 0.000000e+000 0.000000e+000 0.000000e+000 
4.436790e-011 7.472131e-009 6.500219e-035 0.000000e+000 0.000000e+000 
2.635089e-014 2.213174e-011 7.427753e-010 1.553880e-035 0.000000e+000 
1.647191e-046 1.659148e-043 5.814224e-041 3.547668e-011 7.814346e-038 
9.844107e-050 7.182117e-049 3.458743e-045 5.515967e-015 6.459298e-014 
2.923296e-052 5.157161e-050 5.442659e-047 1.286446e-016 1.512214e-014 
1.736198e-055 1.492962e-052 2.487042e-049 5.005465e-018 1.405354e-015 
1.031159e-058 2.649539e-055 1.127878e-051 1.947589e-019 1.300630e-016 
6.124241e-062 4.192376e-058 5.073977e-054 7.577921e-021 1.201618e-017 
3.660030e-065 1.594254e-063 2.843683e-058 1.178226e-024 2.591975e-020 
2.187344e-068 2.865718e-068 1.591005e-062 1.831924e-028 5.588313e-023 
1.136715e-073 1.917451e-071 3.560289e-067 1.424152e-032 6.668307e-026 
7.105591e-106 2.387883e-103 1.679009e-098 2.767865e-037 3.656900e-029 
3.165104e-111 1.062273e-108 3.758257e-103 1.613819e-041 9.447854e-033 
1.409859e-116 4.727668e-114 8.410271e-108 9.409465e-046 2.440918e-036 
1.046676e-122 5.261666e-120 3.961538e-139 1.828747e-050 8.072336e-039 
4.662297e-128 2.082729e-125 2.615208e-123 1.066261e-054 2.085544e-042 
3.461278e-134 2.125538e-131 1.449746e-154 2.072299e-059 6.897081e-045 
2.068563e-137 1.004042e-136 2.641143e-134 3.222041e-063 1.486958e-047 
1.236235e-140 1.322444e-140 1.602262e-138 5.009678e-067 3.205766e-050 
7.727692e-173 1.301677e-170 8.930740e-170 8.198052e-098 3.374069e-080 
5.737019e-179 1.926586e-176 1.782542e-200 1.593307e-102 1.115835e-082 
3.428615e-182 1.071580e-181 2.393930e-179 2.477297e-106 2.405654e-085 
2.049043e-185 2.169934e-185 1.472359e-183 3.851739e-110 5.186405e-088 
1.224570e-188 1.281101e-188 1.093295e-187 5.988742e-114 1.118149e-090 
7.654768e-221 1.289213e-218 1.855325e-218 4.655693e-116 6.658334e-093 
4.546305e-224 3.818451e-221 1.364588e-219 1.811495e-117 6.143688e-094 
2.717008e-227 1.699861e-226 1.237847e-223 2.816539e-121 1.324532e-096 
1.623765e-230 1.751143e-230 7.135955e-228 4.379198e-125 2.855589e-099 
9.704109e-234 1.015326e-233 4.209574e-232 6.808842e-129 6.156430e-102 
5.799467e-237 6.066735e-237 3.616531e-236 1.058649e-132 1.327279e-104 
3.465935e-240 3.625659e-240 9.561532e-240 1.646003e-136 2.861511e-107 
2.058481e-243 8.671543e-241 4.032036e-241 6.404475e-138 2.640335e-108 
1.222569e-246 1.800010e-243 8.800488e-242 2.491933e-139 2.436255e-109 
7.261058e-250 2.977961e-246 5.727840e-244 9.695923e-141 2.247948e-110 
4.312473e-253 4.604411e-249 2.859432e-246 3.772610e-142 2.074197e-111 
2.561255e-256 6.947249e-252 1.325465e-248 1.467894e-143 1.913875e-112 



P(O|lamda) = 3.123392e-035

1.852632e-001 0.000000e+000 0.000000e+000 0.000000e+000 0.000000e+000 
1.178305e-002 2.022167e-002 0.000000e+000 0.000000e+000 0.000000e+000 
4.786567e-004 2.850868e-003 3.635050e-003 0.000000e+000 0.000000e+000 
2.416268e-005 2.442146e-004 6.605112e-004 7.696977e-004 0.000000e+000 
6.930276e-036 4.309665e-006 1.942905e-005 3.813802e-005 6.856163e-006 
4.407773e-037 1.816641e-007 1.873323e-006 4.048934e-006 1.004285e-005 
3.603066e-039 1.288766e-009 1.285679e-008 2.052335e-008 6.994566e-007 
1.818834e-040 7.694661e-011 1.039827e-009 5.046450e-009 6.554709e-008 
9.181510e-042 4.594146e-012 8.007675e-011 7.916477e-010 6.325707e-009 
4.634843e-043 2.742964e-013 5.970420e-012 1.066037e-010 6.283395e-010 
2.947839e-044 1.156234e-014 4.246092e-013 6.403269e-012 2.243174e-010 
1.874876e-045 4.873841e-016 2.905474e-014 3.913284e-013 7.357911e-011 
3.195127e-047 5.990914e-021 2.429776e-019 4.037202e-018 5.028360e-012 
9.164179e-078 1.771783e-051 8.700519e-050 1.017221e-023 3.941121e-014 
8.048137e-079 4.979237e-053 1.467167e-051 6.911262e-029 1.124257e-015 
7.068009e-080 1.399314e-054 2.545714e-053 4.695692e-034 3.207091e-017 
2.871200e-081 7.863253e-056 2.303694e-054 4.253940e-035 3.808777e-018 
2.521536e-082 2.209808e-057 3.998811e-056 2.890238e-040 1.086504e-019 
1.024310e-083 1.241772e-058 3.620761e-057 2.618336e-041 1.290344e-020 
6.514786e-085 5.234405e-060 2.514379e-058 1.423647e-042 4.156839e-021 
4.143515e-086 2.206444e-061 1.697320e-059 7.740683e-044 1.339124e-021 
1.188432e-116 1.239843e-062 1.126327e-060 5.609837e-045 2.678249e-022 
4.827704e-118 6.967128e-064 9.302432e-062 5.082086e-046 3.180718e-023 
3.070502e-119 2.936834e-065 6.101208e-063 2.763242e-047 1.024667e-023 
1.952891e-120 1.237955e-066 3.978126e-064 1.502436e-048 3.300963e-024 
1.242072e-121 5.218319e-068 2.584091e-065 8.169076e-050 1.063404e-024 
3.562478e-152 7.330681e-070 4.184941e-067 1.554079e-051 1.485539e-026 
1.798345e-153 4.376830e-071 2.777132e-068 1.759874e-052 1.366553e-027 
1.143778e-154 1.844953e-072 1.797819e-069 9.568823e-054 4.402346e-028 
7.274624e-156 7.776977e-074 1.162424e-070 5.202781e-055 1.418215e-028 
4.626784e-157 3.278207e-075 7.509967e-072 2.828867e-056 4.568774e-029 
2.942713e-158 1.381854e-076 4.849383e-073 1.538117e-057 1.471829e-029 
1.871616e-159 5.824888e-078 3.130317e-074 8.363083e-059 4.741493e-030 
9.447950e-161 3.477787e-079 2.070058e-075 9.470541e-060 4.361716e-031 
4.769342e-162 2.076435e-080 1.368861e-076 1.072465e-060 4.012358e-032 
2.407573e-163 1.239748e-081 9.051494e-078 1.214483e-061 3.690982e-033 
1.215347e-164 7.401997e-083 5.985039e-079 1.375308e-062 3.395347e-034 
6.135095e-166 4.419409e-084 3.957317e-080 1.557429e-063 3.123392e-035 



P(O|lamda) = 7.113765e-072

9.263158e-003 0.000000e+000 0.000000e+000 0.000000e+000 0.000000e+000 
1.657864e-006 6.842256e-005 0.000000e+000 0.000000e+000 0.000000e+000 
1.895119e-010 6.248798e-008 7.975800e-007 0.000000e+000 0.000000e+000 
2.692021e-014 4.677676e-011 2.020334e-009 1.029333e-008 0.000000e+000 
4.345478e-046 7.955814e-015 9.882436e-013 1.140242e-011 3.090807e-010 
7.777274e-050 4.026413e-018 1.794971e-015 2.835632e-014 5.114444e-012 
6.142110e-053 3.429506e-022 2.766774e-019 3.319505e-018 9.804287e-014 
8.724882e-057 2.458414e-025 4.969265e-022 1.705098e-020 3.334391e-015 
1.239372e-060 1.762295e-028 8.889672e-025 7.565595e-023 1.133986e-016 
1.760531e-064 1.263287e-031 1.587782e-027 3.187060e-025 3.856539e-018 
3.150891e-068 6.393455e-035 2.765868e-030 6.312567e-028 6.211912e-020 
5.639276e-072 3.235707e-038 4.816604e-033 1.247973e-030 1.000583e-021 
2.704333e-076 4.775284e-045 1.048062e-039 4.103905e-037 3.407411e-024 
4.365351e-108 3.391230e-076 1.920409e-070 3.360048e-044 9.122266e-027 
1.078803e-111 1.144241e-079 8.361325e-074 8.186613e-051 1.301123e-029 
2.666030e-115 3.860807e-083 3.640454e-077 1.994634e-057 1.855813e-032 
3.047562e-119 2.604794e-086 7.921151e-080 6.479947e-060 1.325276e-034 
7.531396e-123 8.788886e-090 3.448787e-083 1.578812e-066 1.890263e-037 
8.609203e-127 5.929652e-093 7.504074e-086 5.129070e-069 1.349877e-039 
1.540823e-130 3.000978e-096 1.306631e-088 1.000074e-071 2.174312e-041 
2.757673e-134 1.518786e-099 2.275143e-091 1.949960e-074 3.502269e-043 
4.451453e-166 1.024657e-102 3.960307e-094 5.067729e-077 3.502269e-045 
5.088494e-170 6.913113e-106 8.617059e-097 1.646348e-079 2.501046e-047 
9.107080e-174 3.498705e-109 1.500427e-099 3.210076e-082 4.028555e-049 
1.629930e-177 1.770683e-112 2.612585e-102 6.259056e-085 6.488987e-051 
2.917151e-181 8.961373e-116 4.549106e-105 1.220401e-087 1.045212e-052 
4.708884e-213 1.511459e-119 1.979640e-108 8.325672e-091 4.240564e-054 
6.688982e-217 1.083478e-122 3.532078e-111 3.380994e-093 1.442159e-055 
1.197154e-220 5.483446e-126 6.150154e-114 6.592315e-096 2.322955e-057 
2.142594e-224 2.775155e-129 1.070882e-116 1.285380e-098 3.741696e-059 
3.834685e-228 1.404497e-132 1.864650e-119 2.506254e-101 6.026929e-061 
6.863088e-232 7.108115e-136 3.246781e-122 4.886733e-104 9.707864e-063 
1.228314e-235 3.597395e-139 5.653386e-125 9.528230e-107 1.563692e-064 
1.744823e-239 2.578764e-142 1.008678e-127 3.869344e-109 5.317909e-066 
2.478526e-243 1.848566e-145 1.799686e-130 1.571312e-111 1.808550e-067 
3.520752e-247 1.325130e-148 3.211004e-133 6.380982e-114 6.150639e-069 
5.001237e-251 9.499090e-152 5.729080e-136 2.591270e-116 2.091750e-070 
7.104270e-255 6.809347e-155 1.022184e-138 1.052296e-118 7.113765e-072 



P(O|lamda) = 2.115122e-063

4.631579e-004 0.000000e+000 0.000000e+000 0.000000e+000 0.000000e+000 
1.532581e-091 1.737204e-007 0.000000e+000 0.000000e+000 0.000000e+000 
3.239035e-179 2.171573e-012 1.058609e-010 0.000000e+000 0.000000e+000 
8.506722e-267 2.884205e-017 3.276638e-015 7.936623e-014 0.000000e+000 
0.000000e+000 9.013139e-023 2.005974e-020 1.676024e-018 4.560672e-015 
0.000000e+000 8.451578e-028 4.492271e-025 8.347104e-023 1.034213e-016 
0.000000e+000 1.333765e-033 8.299445e-031 1.978937e-028 4.753465e-018 
0.000000e+000 1.771458e-038 1.784797e-035 1.937319e-032 3.615735e-019 
0.000000e+000 2.352787e-043 3.783401e-040 1.849043e-036 2.750318e-020 
0.000000e+000 3.124887e-048 7.949957e-045 1.754855e-040 2.092036e-021 
0.000000e+000 2.930192e-053 1.621398e-049 7.986511e-045 4.742531e-023 
0.000000e+000 2.747627e-058 3.290059e-054 3.634018e-049 1.075106e-024 
0.000000e+000 7.513042e-067 8.322934e-063 2.754751e-057 1.830597e-028 
0.000000e+000 1.977117e-098 3.546634e-094 5.220318e-066 8.618430e-030 
0.000000e+000 1.236007e-103 1.794096e-099 2.967716e-074 1.833255e-031 
0.000000e+000 7.726976e-109 9.078466e-105 1.687127e-082 3.899577e-033 
0.000000e+000 9.659021e-114 2.296688e-109 1.278860e-086 8.313078e-034 
0.000000e+000 6.038397e-119 1.161416e-114 7.270233e-095 1.768302e-035 
0.000000e+000 7.548232e-124 2.935828e-119 5.510911e-099 3.769649e-036 
0.000000e+000 7.077941e-129 5.935043e-124 2.507169e-103 8.545587e-038 
0.000000e+000 6.636952e-134 1.199424e-128 1.140627e-107 1.937238e-039 
0.000000e+000 8.296190e-139 2.422807e-133 6.985850e-110 1.123061e-041 
0.000000e+000 1.037056e-143 6.117203e-138 5.295346e-114 2.394131e-042 
0.000000e+000 9.724426e-149 1.235932e-142 2.409098e-118 5.427363e-044 
0.000000e+000 9.118548e-154 2.497046e-147 1.096010e-122 1.230353e-045 
0.000000e+000 8.550419e-159 5.044919e-152 4.986259e-127 2.789143e-047 
0.000000e+000 2.672006e-164 2.547324e-157 7.937036e-132 1.823949e-048 
0.000000e+000 3.548862e-169 5.273479e-162 7.520556e-136 1.387391e-049 
0.000000e+000 3.327751e-174 1.065422e-166 3.421450e-140 3.145140e-051 
0.000000e+000 3.120416e-179 2.152514e-171 1.556576e-144 7.129859e-053 
0.000000e+000 2.926000e-184 4.348804e-176 7.081586e-149 1.616300e-054 
0.000000e+000 2.743696e-189 8.786051e-181 3.221741e-153 3.664063e-056 
0.000000e+000 2.572751e-194 1.775079e-185 1.465720e-157 8.306229e-058 
0.000000e+000 3.417035e-199 3.674765e-190 1.388809e-161 6.318154e-059 
0.000000e+000 4.538383e-204 7.607494e-195 1.315934e-165 4.805920e-060 
0.000000e+000 6.027717e-209 1.574902e-199 1.246883e-169 3.655635e-061 
0.000000e+000 8.005796e-214 3.260361e-204 1.181455e-173 2.780668e-062 
0.000000e+000 1.063301e-218 6.749595e-209 1.119461e-177 2.115122e-063 



P(O|lamda) = 1.176484e-101

1.911160e-001 0.000000e+000 0.000000e+000 0.000000e+000 0.000000e+000 
5.447418e-003 3.137992e-096 0.000000e+000 0.000000e+000 0.000000e+000 
9.532589e-004 1.192987e-097 1.961245e-101 0.000000e+000 0.000000e+000 
1.821830e-004 2.217201e-098 6.118078e-103 1.532284e-106 0.000000e+000 
1.199371e-006 9.970091e-100 2.771807e-104 8.038022e-109 1.002031e-109 
3.418593e-008 1.970780e-101 4.987157e-105 1.039895e-109 2.957948e-112 
5.160885e-009 9.451709e-104 8.630891e-108 9.351700e-112 4.847554e-113 
9.863277e-010 1.200262e-103 4.845770e-109 6.746075e-113 8.957045e-115 
1.885030e-010 2.294109e-104 6.151442e-109 3.788017e-114 5.472078e-116 
3.602594e-011 4.384410e-105 1.175857e-109 4.806124e-114 3.089482e-117 
1.026855e-012 5.915866e-106 2.193125e-110 4.411655e-115 1.093023e-117 
2.926864e-014 1.686911e-107 2.959296e-111 8.227623e-116 1.012487e-118 
2.202309e-015 1.402110e-112 1.055059e-116 1.849766e-120 1.409548e-121 
2.318221e-045 2.029634e-135 2.952701e-143 1.649686e-126 1.202675e-123 
4.621661e-046 4.567816e-140 2.538311e-141 3.093162e-135 1.279476e-126 
9.213854e-047 5.059628e-141 6.982415e-146 5.799680e-144 1.360809e-129 
1.612358e-047 2.016878e-141 3.162442e-146 1.454320e-148 1.450479e-131 
3.214436e-048 1.765194e-142 2.522516e-147 1.509663e-155 1.542682e-134 
5.625031e-049 7.036278e-143 1.103309e-147 1.576612e-152 1.644337e-136 
1.603314e-050 9.236965e-144 3.519459e-148 4.139026e-153 1.863810e-139 
4.569958e-052 2.633916e-145 4.620629e-149 1.320299e-153 2.112576e-142 
4.810484e-082 3.803109e-142 5.008083e-146 8.803536e-150 2.007560e-142 
8.418000e-083 7.606455e-147 2.378195e-147 3.132331e-151 2.139848e-144 
2.399399e-084 1.141206e-151 8.562292e-152 8.925905e-153 2.425458e-147 
6.839056e-086 1.712166e-156 2.283775e-156 4.551262e-157 2.749190e-150 
1.949350e-087 2.568785e-161 5.425327e-161 1.539618e-161 3.116130e-153 
1.283322e-089 1.284393e-166 3.033762e-166 1.520374e-166 1.018890e-155 
2.452634e-090 2.729414e-171 6.877462e-171 7.121578e-171 3.875107e-158 
6.990790e-092 4.094975e-176 1.512436e-175 1.326584e-175 4.392326e-161 
1.992599e-093 6.143755e-181 3.230629e-180 2.557891e-180 4.978578e-164 
5.679545e-095 9.250271e-186 6.770560e-185 5.050005e-185 5.643079e-167 
1.618852e-096 1.071325e-189 1.400801e-189 1.011734e-189 6.396272e-170 
4.614246e-098 2.659649e-191 3.338306e-194 2.043582e-194 7.249995e-173 
8.818563e-099 1.073678e-192 1.369914e-196 8.994605e-199 2.757363e-175 
1.685368e-099 2.051118e-193 5.505408e-198 1.098397e-201 1.048697e-177 
3.221009e-100 3.920015e-194 1.051311e-198 4.304704e-203 3.988471e-180 
6.155863e-101 7.491776e-195 2.009223e-199 8.215041e-204 1.516920e-182 
1.176484e-101 1.431798e-195 3.839947e-200 1.570025e-204 5.769244e-185 



P(O|lamda) = 2.652661e-087

7.205580e-002 0.000000e+000 0.000000e+000 0.000000e+000 0.000000e+000 
1.852741e-004 3.422715e-003 0.000000e+000 0.000000e+000 0.000000e+000 
8.105405e-008 1.564634e-005 5.134072e-009 0.000000e+000 0.000000e+000 
2.920207e-010 9.335066e-013 1.924546e-011 9.318608e-015 0.000000e+000 
3.522500e-014 6.936434e-011 4.514820e-013 2.683059e-012 6.172840e-016 
9.057257e-017 1.404045e-013 8.330318e-017 6.131458e-014 1.619274e-015 
1.568336e-019 8.998823e-022 1.474312e-020 8.677958e-022 9.034318e-015 
5.650385e-022 1.979335e-025 2.442927e-027 2.726916e-026 1.741333e-015 
2.035715e-024 7.129511e-028 2.436796e-031 2.044848e-032 3.356359e-016 
7.334254e-027 2.568613e-030 8.769520e-034 4.543000e-037 6.469265e-017 
1.885826e-029 3.483888e-028 3.083378e-036 4.075383e-035 5.581118e-020 
4.848945e-032 1.592575e-030 4.181973e-034 7.559551e-037 4.814902e-023 
9.121431e-036 3.001468e-041 2.388908e-040 6.075707e-044 2.049599e-029 
4.560715e-038 9.121435e-066 2.285548e-042 8.672353e-051 2.412372e-033 
1.367488e-040 2.708601e-044 8.082942e-045 2.488933e-052 1.282859e-037 
4.100283e-043 8.121555e-047 1.328722e-045 8.802224e-055 6.822031e-042 
1.793800e-046 1.947699e-044 2.686689e-052 1.929331e-051 7.850315e-044 
5.378540e-049 5.935800e-052 9.349015e-046 9.723765e-062 4.174667e-048 
2.353014e-052 2.554989e-050 1.033228e-052 1.357496e-051 4.803914e-050 
6.050207e-055 6.227777e-053 3.067860e-056 2.520924e-053 4.226299e-053 
1.555664e-057 1.532969e-055 7.475942e-059 3.804180e-055 5.167004e-056 
8.187710e-089 7.419608e-058 2.170781e-056 1.689588e-056 3.122543e-056 
3.581975e-092 1.483959e-060 3.512009e-063 3.945805e-062 4.952880e-058 
9.210182e-095 2.967973e-063 1.781618e-066 7.563906e-064 4.273151e-061 
2.368176e-097 5.936058e-066 3.562840e-069 1.145426e-065 3.691065e-064 
6.089190e-100 1.187234e-068 7.125813e-072 1.723675e-067 3.253435e-067 
7.345086e-104 1.187235e-070 2.279593e-069 7.774914e-069 4.223532e-068 
2.646280e-106 6.307373e-078 3.526145e-076 8.703578e-075 9.188714e-069 
6.804269e-109 1.261498e-080 3.875670e-083 1.472325e-076 7.927227e-072 
1.749553e-111 2.523044e-083 1.514614e-086 2.213476e-078 6.839009e-075 
4.498552e-114 5.046183e-086 3.028734e-089 3.327712e-080 5.901436e-078 
1.156694e-116 1.009256e-088 6.057582e-092 5.002840e-082 5.111321e-081 
2.974158e-119 2.018549e-091 1.211539e-094 7.521206e-084 4.711433e-084 
1.071527e-121 1.072386e-098 2.482925e-097 4.417002e-090 1.921919e-084 
3.860486e-124 5.697217e-106 3.569146e-104 2.593986e-096 3.704437e-085 
1.390852e-126 3.026735e-113 3.935239e-111 1.523378e-102 7.140172e-086 
5.010948e-129 1.608000e-120 3.938536e-118 8.946391e-109 1.376243e-086 
1.805339e-131 8.542753e-128 3.767019e-125 5.253975e-115 2.652661e-087 



P(O|lamda) = 7.075028e-087

3.602790e-003 0.000000e+000 0.000000e+000 0.000000e+000 0.000000e+000 
2.641985e-006 8.106430e-006 0.000000e+000 0.000000e+000 0.000000e+000 
1.155820e-010 7.565942e-009 3.728964e-007 0.000000e+000 0.000000e+000 
4.164178e-014 4.710328e-017 2.357012e-015 3.350375e-014 0.000000e+000 
5.023040e-019 4.685179e-016 2.318964e-018 5.344630e-017 1.351976e-016 
3.683477e-022 9.483555e-020 2.695980e-023 2.510584e-020 8.993255e-018 
6.378236e-026 6.248079e-029 4.771532e-028 8.765232e-030 5.625727e-019 
2.297944e-029 3.812436e-033 6.127871e-036 4.299761e-035 1.578196e-020 
8.279011e-033 1.373441e-036 2.247269e-040 1.171942e-042 4.427343e-022 
2.982754e-036 4.948221e-040 8.094835e-044 2.020805e-047 1.242011e-023 
2.187302e-039 6.711421e-039 2.846157e-047 1.861922e-046 6.180159e-025 
1.603984e-042 6.263831e-042 3.860273e-046 1.343435e-049 3.075204e-026 
3.017282e-047 2.658758e-053 4.502153e-053 2.774727e-057 6.545240e-034 
1.508641e-050 2.858479e-077 7.015574e-056 8.089886e-065 3.851865e-039 
4.523518e-054 4.244113e-058 1.403124e-059 3.781833e-067 1.024179e-044 
1.356334e-057 1.272568e-061 9.789585e-061 7.563714e-071 2.723207e-050 
5.933717e-062 3.051855e-060 9.769663e-063 7.036440e-068 4.389020e-052 
1.779169e-065 9.300819e-069 7.021265e-063 5.266465e-074 1.167004e-057 
7.783544e-070 4.003418e-068 2.808553e-065 5.046660e-070 1.880872e-059 
5.707800e-073 9.758317e-072 1.427742e-073 6.459812e-068 9.359087e-061 
4.185623e-076 3.235979e-075 5.619926e-079 2.389800e-071 4.657016e-062 
4.405920e-107 6.665697e-077 3.196713e-076 5.565474e-073 5.059769e-063 
1.927510e-111 1.333173e-080 4.344913e-078 6.457117e-081 8.154880e-065 
1.413475e-114 2.666396e-084 2.249817e-086 9.995876e-081 4.057811e-066 
1.036524e-117 5.332893e-088 1.534782e-091 3.697963e-084 2.019139e-067 
7.601000e-121 1.066599e-091 3.067448e-095 1.368039e-087 1.004709e-068 
9.168706e-126 1.066600e-094 9.812972e-094 1.518267e-090 4.758426e-071 
3.303292e-129 5.666480e-103 1.131542e-101 2.202899e-098 1.334890e-072 
2.422358e-132 1.133317e-106 8.918724e-110 8.175513e-102 6.642321e-074 
1.776355e-135 2.266677e-110 6.519057e-114 3.024480e-105 3.305172e-075 
1.302630e-138 4.533440e-114 1.303779e-117 1.118887e-108 1.644631e-076 
9.552397e-142 9.067051e-118 2.607608e-121 4.139253e-112 8.183567e-078 
7.004928e-145 1.813444e-121 5.215314e-125 1.531291e-115 4.072086e-079 
2.523729e-148 9.634205e-130 1.068825e-128 2.212904e-123 1.142350e-080 
9.092464e-152 5.118322e-138 1.115589e-136 3.198015e-131 3.204656e-082 
3.275824e-155 2.719188e-146 8.734005e-145 4.621626e-139 8.990082e-084 
1.180211e-158 1.444611e-154 6.078799e-153 6.678898e-147 2.522005e-085 
4.252051e-162 7.681776e-163 3.966802e-161 9.651885e-155 7.075028e-087 



P(O|lamda) = 3.049599e-073

1.801395e-004 0.000000e+000 0.000000e+000 0.000000e+000 0.000000e+000 
1.332044e-090 2.251785e-008 0.000000e+000 0.000000e+000 0.000000e+000 
5.876209e-178 7.018442e-014 5.489106e-011 0.000000e+000 0.000000e+000 
2.134787e-264 5.810660e-024 4.603184e-021 2.613503e-019 0.000000e+000 
0.000000e+000 1.457889e-026 1.812650e-023 1.004023e-020 9.303191e-021 
0.000000e+000 4.543969e-032 1.457276e-033 1.732266e-025 3.202865e-022 
0.000000e+000 5.664980e-035 2.217151e-033 1.180219e-027 1.138467e-022 
0.000000e+000 4.690110e-045 3.540090e-043 7.852965e-037 1.741932e-023 
0.000000e+000 3.883004e-055 4.292203e-053 5.225170e-046 2.665250e-024 
0.000000e+000 3.214789e-065 4.640812e-063 3.476691e-055 4.077976e-025 
0.000000e+000 1.001990e-070 4.597080e-073 5.921914e-060 7.266190e-027 
0.000000e+000 3.123018e-076 3.054458e-079 1.008691e-064 1.294699e-028 
0.000000e+000 5.323111e-090 1.189541e-088 5.369032e-078 1.377814e-037 
0.000000e+000 1.397125e-121 1.019549e-093 7.144536e-092 2.353653e-039 
0.000000e+000 5.444485e-132 3.177708e-099 3.143405e-105 3.277116e-041 
0.000000e+000 2.121673e-142 9.904207e-105 9.077564e-112 4.562902e-043 
0.000000e+000 6.612905e-148 6.173812e-109 3.772460e-113 5.348995e-044 
0.000000e+000 2.576997e-158 1.924240e-114 1.763650e-121 7.447689e-046 
0.000000e+000 8.032075e-164 1.199480e-118 7.329328e-123 8.730769e-047 
0.000000e+000 2.503449e-169 9.349141e-129 1.462004e-122 1.555660e-048 
0.000000e+000 7.802787e-175 7.287029e-139 2.490271e-127 2.771895e-050 
0.000000e+000 1.074796e-177 1.914501e-141 1.963681e-129 4.842245e-052 
0.000000e+000 3.349961e-183 1.193409e-145 1.045249e-138 5.676462e-053 
0.000000e+000 1.044121e-188 9.301822e-156 1.780394e-143 1.011439e-054 
0.000000e+000 3.254331e-194 7.250146e-166 3.032579e-148 1.802196e-056 
0.000000e+000 1.014315e-199 5.651003e-176 5.165449e-153 3.211176e-058 
0.000000e+000 2.544905e-202 2.120582e-178 1.762288e-154 1.323401e-059 
0.000000e+000 2.106960e-212 1.693643e-188 1.172580e-163 2.024875e-060 
0.000000e+000 6.567005e-218 1.320081e-198 1.997277e-168 3.607949e-062 
0.000000e+000 2.046814e-223 1.028915e-208 3.402000e-173 6.428690e-064 
0.000000e+000 6.379540e-229 8.019703e-219 5.794690e-178 1.145472e-065 
0.000000e+000 1.988384e-234 6.250821e-229 9.870205e-183 2.041018e-067 
0.000000e+000 6.197426e-240 4.872702e-239 1.681211e-187 3.636712e-069 
0.000000e+000 5.130930e-250 2.324784e-248 1.118633e-196 5.564365e-070 
0.000000e+000 4.247963e-260 3.459255e-258 7.443083e-206 8.513779e-071 
0.000000e+000 3.516944e-270 4.089548e-268 4.952429e-215 1.302654e-071 
0.000000e+000 2.911724e-280 4.364628e-278 3.295214e-224 1.993131e-072 
0.000000e+000 2.410654e-290 4.395300e-288 2.192548e-233 3.049599e-073 



Max probability = 3.123392e-035

Utterance recognised as 3