6	22	12	12	12	12	28	28	28	28	12	
Iteraion 1
-----------------

P(O|lamda) = 2.775558e-017

3.125000e-002 0.000000e+000 0.000000e+000 0.000000e+000 0.000000e+000 
7.812500e-004 1.953125e-004 0.000000e+000 0.000000e+000 0.000000e+000 
1.953125e-005 9.765625e-006 1.220703e-006 0.000000e+000 0.000000e+000 
4.882813e-007 3.662109e-007 9.155273e-008 7.629395e-009 0.000000e+000 
1.220703e-008 1.220703e-008 4.577637e-009 7.629395e-010 4.768372e-011 
3.051758e-010 3.814697e-010 1.907349e-010 4.768372e-011 6.258488e-012 
7.629395e-012 1.144409e-011 7.152557e-012 2.384186e-012 4.936010e-013 
1.907349e-013 3.337860e-013 2.503395e-013 1.043081e-013 3.032619e-014 
4.768372e-015 9.536743e-015 8.344650e-015 4.172325e-015 1.599619e-015 
1.192093e-016 2.682209e-016 2.682209e-016 1.564622e-016 7.606513e-017 
2.980232e-018 7.450581e-018 8.381903e-018 5.587935e-018 3.354924e-018 


8.881784e-016 8.881784e-016 8.881784e-016 8.881784e-016 8.881784e-016 
2.842171e-014 2.842171e-014 2.842171e-014 2.842171e-014 2.842171e-014 
9.094947e-013 9.094947e-013 9.094947e-013 9.094947e-013 9.094947e-013 
2.910383e-011 2.910383e-011 2.910383e-011 2.910383e-011 2.910383e-011 
9.313226e-010 9.313226e-010 9.313226e-010 9.313226e-010 9.313226e-010 
2.980232e-008 2.980232e-008 2.980232e-008 2.980232e-008 2.980232e-008 
9.536743e-007 9.536743e-007 9.536743e-007 9.536743e-007 9.536743e-007 
3.051758e-005 3.051758e-005 3.051758e-005 3.051758e-005 3.051758e-005 
9.765625e-004 9.765625e-004 9.765625e-004 9.765625e-004 9.765625e-004 
3.125000e-002 3.125000e-002 3.125000e-002 3.125000e-002 3.125000e-002 
1.000000e+000 1.000000e+000 1.000000e+000 1.000000e+000 1.000000e+000 


1.000000e+000 0.000000e+000 0.000000e+000 0.000000e+000 0.000000e+000 
8.000000e-001 2.000000e-001 0.000000e+000 0.000000e+000 0.000000e+000 
6.400000e-001 3.200000e-001 4.000000e-002 0.000000e+000 0.000000e+000 
5.120000e-001 3.840000e-001 9.600000e-002 8.000000e-003 0.000000e+000 
4.096000e-001 4.096000e-001 1.536000e-001 2.560000e-002 1.600000e-003 
3.276800e-001 4.096000e-001 2.048000e-001 5.120000e-002 6.720000e-003 
2.621440e-001 3.932160e-001 2.457600e-001 8.192000e-002 1.696000e-002 
2.097152e-001 3.670016e-001 2.752512e-001 1.146880e-001 3.334400e-002 
1.677722e-001 3.355443e-001 2.936013e-001 1.468006e-001 5.628160e-002 
1.342177e-001 3.019899e-001 3.019899e-001 1.761608e-001 8.564173e-002 
1.073742e-001 2.684355e-001 3.019899e-001 2.013266e-001 1.208739e-001 



Q star

------------
1  1  1  1  1  1  1  1  1  1  1  
------------

P star

-----------
2.980232e-018

A Martrix

8.000000e-001 2.000000e-001 0.000000e+000 0.000000e+000 0.000000e+000 
0.000000e+000 8.000000e-001 2.000000e-001 0.000000e+000 0.000000e+000 
0.000000e+000 0.000000e+000 8.000000e-001 2.000000e-001 0.000000e+000 
0.000000e+000 0.000000e+000 0.000000e+000 8.000000e-001 2.000000e-001 
0.000000e+000 0.000000e+000 0.000000e+000 0.000000e+000 1.000000e+000 

B Martrix

1.000000e-030 1.000000e-030 1.000000e-030 1.000000e-030 1.000000e-030 2.187943e-001 1.000000e-030 1.000000e-030 1.000000e-030 1.000000e-030 1.000000e-030 4.368565e-001 1.000000e-030 1.000000e-030 1.000000e-030 1.000000e-030 1.000000e-030 1.000000e-030 1.000000e-030 1.000000e-030 1.000000e-030 1.750354e-001 1.000000e-030 1.000000e-030 1.000000e-030 1.000000e-030 1.000000e-030 1.693138e-001 1.000000e-030 1.000000e-030 1.000000e-030 1.000000e-030 
1.000000e+000 1.000000e-030 1.000000e-030 1.000000e-030 1.000000e-030 1.000000e-030 1.000000e-030 1.000000e-030 1.000000e-030 1.000000e-030 1.000000e-030 1.000000e-030 1.000000e-030 1.000000e-030 1.000000e-030 1.000000e-030 1.000000e-030 1.000000e-030 1.000000e-030 1.000000e-030 1.000000e-030 1.000000e-030 1.000000e-030 1.000000e-030 1.000000e-030 1.000000e-030 1.000000e-030 1.000000e-030 1.000000e-030 1.000000e-030 1.000000e-030 1.000000e-030 
1.000000e+000 1.000000e-030 1.000000e-030 1.000000e-030 1.000000e-030 1.000000e-030 1.000000e-030 1.000000e-030 1.000000e-030 1.000000e-030 1.000000e-030 1.000000e-030 1.000000e-030 1.000000e-030 1.000000e-030 1.000000e-030 1.000000e-030 1.000000e-030 1.000000e-030 1.000000e-030 1.000000e-030 1.000000e-030 1.000000e-030 1.000000e-030 1.000000e-030 1.000000e-030 1.000000e-030 1.000000e-030 1.000000e-030 1.000000e-030 1.000000e-030 1.000000e-030 
1.000000e+000 1.000000e-030 1.000000e-030 1.000000e-030 1.000000e-030 1.000000e-030 1.000000e-030 1.000000e-030 1.000000e-030 1.000000e-030 1.000000e-030 1.000000e-030 1.000000e-030 1.000000e-030 1.000000e-030 1.000000e-030 1.000000e-030 1.000000e-030 1.000000e-030 1.000000e-030 1.000000e-030 1.000000e-030 1.000000e-030 1.000000e-030 1.000000e-030 1.000000e-030 1.000000e-030 1.000000e-030 1.000000e-030 1.000000e-030 1.000000e-030 1.000000e-030 
1.000000e+000 1.000000e-030 1.000000e-030 1.000000e-030 1.000000e-030 1.000000e-030 1.000000e-030 1.000000e-030 1.000000e-030 1.000000e-030 1.000000e-030 1.000000e-030 1.000000e-030 1.000000e-030 1.000000e-030 1.000000e-030 1.000000e-030 1.000000e-030 1.000000e-030 1.000000e-030 1.000000e-030 1.000000e-030 1.000000e-030 1.000000e-030 1.000000e-030 1.000000e-030 1.000000e-030 1.000000e-030 1.000000e-030 1.000000e-030 1.000000e-030 1.000000e-030 
Iteraion 2
-----------------

P(O|lamda) = 5.376813e-008

2.187943e-001 0.000000e+000 0.000000e+000 0.000000e+000 0.000000e+000 
3.063740e-002 4.375886e-032 0.000000e+000 0.000000e+000 0.000000e+000 
1.070732e-002 6.127480e-033 8.751771e-063 0.000000e+000 0.000000e+000 
3.742050e-003 2.141464e-033 1.225496e-063 1.750354e-093 0.000000e+000 
1.307791e-003 7.484099e-034 4.282928e-064 2.450992e-094 3.500709e-124 
4.570537e-004 2.615582e-034 1.496820e-064 8.565855e-095 4.901984e-125 
6.190838e-005 9.141073e-035 5.231164e-065 2.993640e-095 1.713171e-125 
8.385552e-006 1.238168e-035 1.828215e-065 1.046233e-095 5.987280e-126 
1.135831e-006 1.677110e-036 2.476335e-066 3.656429e-096 2.092466e-126 
1.538495e-007 2.271663e-037 3.354221e-067 4.952670e-097 7.312858e-127 
5.376813e-008 3.076990e-038 4.543326e-068 6.708442e-098 9.905340e-128 


2.457474e-007 1.000000e-300 1.000000e-300 1.000000e-300 1.000000e-300 
1.754983e-006 1.000000e-270 1.000000e-270 1.000000e-270 1.000000e-270 
5.021624e-006 1.000000e-240 1.000000e-240 1.000000e-240 1.000000e-240 
1.436863e-005 1.000000e-210 1.000000e-210 1.000000e-210 1.000000e-210 
4.111370e-005 1.000000e-180 1.000000e-180 1.000000e-180 1.000000e-180 
1.176407e-004 1.000000e-150 1.000000e-150 1.000000e-150 1.000000e-150 
8.685114e-004 1.000000e-120 1.000000e-120 1.000000e-120 1.000000e-120 
6.411997e-003 1.000000e-090 1.000000e-090 1.000000e-090 1.000000e-090 
4.733813e-002 1.000000e-060 1.000000e-060 1.000000e-060 1.000000e-060 
3.494852e-001 1.000000e-030 1.000000e-030 1.000000e-030 1.000000e-030 
1.000000e+000 1.000000e+000 1.000000e+000 1.000000e+000 1.000000e+000 


1.000000e+000 0.000000e+000 0.000000e+000 0.000000e+000 0.000000e+000 
1.000000e+000 8.138437e-295 0.000000e+000 0.000000e+000 0.000000e+000 
1.000000e+000 1.139612e-265 1.627687e-295 0.000000e+000 0.000000e+000 
1.000000e+000 3.982775e-236 2.279224e-266 3.255375e-296 0.000000e+000 
1.000000e+000 1.391921e-206 7.965550e-237 4.558448e-267 6.510750e-297 
1.000000e+000 4.864558e-177 2.783842e-207 1.593110e-237 9.116895e-268 
1.000000e+000 1.700091e-147 9.729117e-178 5.567684e-208 3.186220e-238 
1.000000e+000 2.302791e-118 3.400182e-148 1.945823e-178 1.113537e-208 
1.000000e+000 3.119153e-089 4.605581e-119 6.800365e-149 3.891647e-179 
1.000000e+000 4.224924e-060 6.238306e-090 9.211163e-120 1.360073e-149 
1.000000e+000 5.722703e-031 8.449849e-061 1.247661e-090 1.842233e-120 



Q star

------------
1  1  1  1  1  1  1  1  1  1  1  
------------

P star

-----------
5.376813e-008

A Martrix

1.000000e+000 5.722703e-032 0.000000e+000 0.000000e+000 0.000000e+000 
0.000000e+000 8.000000e-001 2.000000e-001 0.000000e+000 0.000000e+000 
0.000000e+000 0.000000e+000 8.000000e-001 2.000000e-001 0.000000e+000 
0.000000e+000 0.000000e+000 0.000000e+000 8.000000e-001 2.000000e-001 
0.000000e+000 0.000000e+000 0.000000e+000 0.000000e+000 1.000000e+000 

B Martrix

1.000000e-030 1.000000e-030 1.000000e-030 1.000000e-030 1.000000e-030 9.090909e-002 1.000000e-030 1.000000e-030 1.000000e-030 1.000000e-030 1.000000e-030 4.545455e-001 1.000000e-030 1.000000e-030 1.000000e-030 1.000000e-030 1.000000e-030 1.000000e-030 1.000000e-030 1.000000e-030 1.000000e-030 9.090909e-002 1.000000e-030 1.000000e-030 1.000000e-030 1.000000e-030 1.000000e-030 3.636364e-001 1.000000e-030 1.000000e-030 1.000000e-030 1.000000e-030 
1.000000e+000 1.000000e-030 1.000000e-030 1.000000e-030 1.000000e-030 1.000000e-030 1.000000e-030 1.000000e-030 1.000000e-030 1.000000e-030 1.000000e-030 1.000000e-030 1.000000e-030 1.000000e-030 1.000000e-030 1.000000e-030 1.000000e-030 1.000000e-030 1.000000e-030 1.000000e-030 1.000000e-030 1.000000e-030 1.000000e-030 1.000000e-030 1.000000e-030 1.000000e-030 1.000000e-030 1.000000e-030 1.000000e-030 1.000000e-030 1.000000e-030 1.000000e-030 
1.000000e+000 1.000000e-030 1.000000e-030 1.000000e-030 1.000000e-030 1.000000e-030 1.000000e-030 1.000000e-030 1.000000e-030 1.000000e-030 1.000000e-030 1.000000e-030 1.000000e-030 1.000000e-030 1.000000e-030 1.000000e-030 1.000000e-030 1.000000e-030 1.000000e-030 1.000000e-030 1.000000e-030 1.000000e-030 1.000000e-030 1.000000e-030 1.000000e-030 1.000000e-030 1.000000e-030 1.000000e-030 1.000000e-030 1.000000e-030 1.000000e-030 1.000000e-030 
1.000000e+000 1.000000e-030 1.000000e-030 1.000000e-030 1.000000e-030 1.000000e-030 1.000000e-030 1.000000e-030 1.000000e-030 1.000000e-030 1.000000e-030 1.000000e-030 1.000000e-030 1.000000e-030 1.000000e-030 1.000000e-030 1.000000e-030 1.000000e-030 1.000000e-030 1.000000e-030 1.000000e-030 1.000000e-030 1.000000e-030 1.000000e-030 1.000000e-030 1.000000e-030 1.000000e-030 1.000000e-030 1.000000e-030 1.000000e-030 1.000000e-030 1.000000e-030 
1.000000e+000 1.000000e-030 1.000000e-030 1.000000e-030 1.000000e-030 1.000000e-030 1.000000e-030 1.000000e-030 1.000000e-030 1.000000e-030 1.000000e-030 1.000000e-030 1.000000e-030 1.000000e-030 1.000000e-030 1.000000e-030 1.000000e-030 1.000000e-030 1.000000e-030 1.000000e-030 1.000000e-030 1.000000e-030 1.000000e-030 1.000000e-030 1.000000e-030 1.000000e-030 1.000000e-030 1.000000e-030 1.000000e-030 1.000000e-030 1.000000e-030 1.000000e-030 
Iteraion 3
-----------------

P(O|lamda) = 2.803951e-006

9.090909e-002 0.000000e+000 0.000000e+000 0.000000e+000 0.000000e+000 
8.264463e-003 5.202457e-063 0.000000e+000 0.000000e+000 0.000000e+000 
3.756574e-003 4.729506e-064 1.040491e-093 0.000000e+000 0.000000e+000 
1.707534e-003 2.149776e-064 9.459013e-095 2.080983e-124 0.000000e+000 
7.761517e-004 9.771707e-065 4.299551e-095 1.891803e-125 4.161966e-155 
3.527962e-004 4.441685e-065 1.954341e-095 8.599102e-126 3.783605e-156 
1.282895e-004 2.018948e-065 8.883370e-096 3.908683e-126 1.719820e-156 
4.665074e-005 7.341628e-066 4.037896e-096 1.776674e-126 7.817366e-157 
1.696390e-005 2.669683e-066 1.468326e-096 8.075791e-127 3.553348e-157 
6.168693e-006 9.707938e-067 5.339366e-097 2.936651e-127 1.615158e-157 
2.803951e-006 3.530159e-067 1.941588e-097 1.067873e-127 5.873303e-158 


3.084346e-005 1.000000e-300 1.000000e-300 1.000000e-300 1.000000e-300 
3.392781e-004 1.000000e-270 1.000000e-270 1.000000e-270 1.000000e-270 
7.464118e-004 1.000000e-240 1.000000e-240 1.000000e-240 1.000000e-240 
1.642106e-003 1.000000e-210 1.000000e-210 1.000000e-210 1.000000e-210 
3.612633e-003 1.000000e-180 1.000000e-180 1.000000e-180 1.000000e-180 
7.947793e-003 1.000000e-150 1.000000e-150 1.000000e-150 1.000000e-150 
2.185643e-002 1.000000e-120 1.000000e-120 1.000000e-120 1.000000e-120 
6.010518e-002 1.000000e-090 1.000000e-090 1.000000e-090 1.000000e-090 
1.652893e-001 1.000000e-060 1.000000e-060 1.000000e-060 1.000000e-060 
4.545455e-001 1.000000e-030 1.000000e-030 1.000000e-030 1.000000e-030 
1.000000e+000 1.000000e+000 1.000000e+000 1.000000e+000 1.000000e+000 


1.000000e+000 0.000000e+000 0.000000e+000 0.000000e+000 0.000000e+000 
1.000000e+000 0.000000e+000 0.000000e+000 0.000000e+000 0.000000e+000 
1.000000e+000 1.686729e-298 0.000000e+000 0.000000e+000 0.000000e+000 
1.000000e+000 7.666951e-269 3.373458e-299 0.000000e+000 0.000000e+000 
1.000000e+000 3.484978e-239 1.533390e-269 6.746917e-300 0.000000e+000 
1.000000e+000 1.584081e-209 6.969955e-240 3.066780e-270 1.349383e-300 
1.000000e+000 7.200367e-180 3.168162e-210 1.393991e-240 6.133561e-271 
1.000000e+000 2.618315e-150 1.440073e-180 6.336323e-211 2.787982e-241 
1.000000e+000 9.521147e-121 5.236631e-151 2.880147e-181 1.267265e-211 
1.000000e+000 3.462235e-091 1.904229e-121 1.047326e-151 5.760294e-182 
1.000000e+000 1.258995e-061 6.924470e-092 3.808459e-122 2.094652e-152 



Q star

------------
1  1  1  1  1  1  1  1  1  1  1  
------------

P star

-----------
2.803951e-006

A Martrix

1.000000e+000 1.258995e-062 0.000000e+000 0.000000e+000 0.000000e+000 
0.000000e+000 8.000000e-001 2.000000e-001 0.000000e+000 0.000000e+000 
0.000000e+000 0.000000e+000 8.000000e-001 2.000000e-001 0.000000e+000 
0.000000e+000 0.000000e+000 0.000000e+000 8.000000e-001 2.000000e-001 
0.000000e+000 0.000000e+000 0.000000e+000 0.000000e+000 1.000000e+000 

B Martrix

1.000000e-030 1.000000e-030 1.000000e-030 1.000000e-030 1.000000e-030 9.090909e-002 1.000000e-030 1.000000e-030 1.000000e-030 1.000000e-030 1.000000e-030 4.545455e-001 1.000000e-030 1.000000e-030 1.000000e-030 1.000000e-030 1.000000e-030 1.000000e-030 1.000000e-030 1.000000e-030 1.000000e-030 9.090909e-002 1.000000e-030 1.000000e-030 1.000000e-030 1.000000e-030 1.000000e-030 3.636364e-001 1.000000e-030 1.000000e-030 1.000000e-030 1.000000e-030 
1.000000e+000 1.000000e-030 1.000000e-030 1.000000e-030 1.000000e-030 1.000000e-030 1.000000e-030 1.000000e-030 1.000000e-030 1.000000e-030 1.000000e-030 1.000000e-030 1.000000e-030 1.000000e-030 1.000000e-030 1.000000e-030 1.000000e-030 1.000000e-030 1.000000e-030 1.000000e-030 1.000000e-030 1.000000e-030 1.000000e-030 1.000000e-030 1.000000e-030 1.000000e-030 1.000000e-030 1.000000e-030 1.000000e-030 1.000000e-030 1.000000e-030 1.000000e-030 
1.000000e+000 1.000000e-030 1.000000e-030 1.000000e-030 1.000000e-030 1.000000e-030 1.000000e-030 1.000000e-030 1.000000e-030 1.000000e-030 1.000000e-030 1.000000e-030 1.000000e-030 1.000000e-030 1.000000e-030 1.000000e-030 1.000000e-030 1.000000e-030 1.000000e-030 1.000000e-030 1.000000e-030 1.000000e-030 1.000000e-030 1.000000e-030 1.000000e-030 1.000000e-030 1.000000e-030 1.000000e-030 1.000000e-030 1.000000e-030 1.000000e-030 1.000000e-030 
1.000000e+000 1.000000e-030 1.000000e-030 1.000000e-030 1.000000e-030 1.000000e-030 1.000000e-030 1.000000e-030 1.000000e-030 1.000000e-030 1.000000e-030 1.000000e-030 1.000000e-030 1.000000e-030 1.000000e-030 1.000000e-030 1.000000e-030 1.000000e-030 1.000000e-030 1.000000e-030 1.000000e-030 1.000000e-030 1.000000e-030 1.000000e-030 1.000000e-030 1.000000e-030 1.000000e-030 1.000000e-030 1.000000e-030 1.000000e-030 1.000000e-030 1.000000e-030 
1.000000e+000 1.000000e-030 1.000000e-030 1.000000e-030 1.000000e-030 1.000000e-030 1.000000e-030 1.000000e-030 1.000000e-030 1.000000e-030 1.000000e-030 1.000000e-030 1.000000e-030 1.000000e-030 1.000000e-030 1.000000e-030 1.000000e-030 1.000000e-030 1.000000e-030 1.000000e-030 1.000000e-030 1.000000e-030 1.000000e-030 1.000000e-030 1.000000e-030 1.000000e-030 1.000000e-030 1.000000e-030 1.000000e-030 1.000000e-030 1.000000e-030 1.000000e-030 
Iteraion 4
-----------------

P(O|lamda) = 2.803951e-006

9.090909e-002 0.000000e+000 0.000000e+000 0.000000e+000 0.000000e+000 
8.264463e-003 1.144541e-093 0.000000e+000 0.000000e+000 0.000000e+000 
3.756574e-003 1.040491e-094 2.289081e-124 0.000000e+000 0.000000e+000 
1.707534e-003 4.729506e-095 2.080983e-125 4.578162e-155 0.000000e+000 
7.761517e-004 2.149776e-095 9.459013e-126 4.161966e-156 9.156324e-186 
3.527962e-004 9.771707e-096 4.299551e-126 1.891803e-156 8.323931e-187 
1.282895e-004 4.441685e-096 1.954341e-126 8.599102e-157 3.783605e-187 
4.665074e-005 1.615158e-096 8.883370e-127 3.908683e-157 1.719820e-187 
1.696390e-005 5.873303e-097 3.230316e-127 1.776674e-157 7.817366e-188 
6.168693e-006 2.135746e-097 1.174661e-127 6.460633e-158 3.553348e-188 
2.803951e-006 7.766351e-098 4.271493e-128 2.349321e-158 1.292127e-188 


3.084346e-005 1.000000e-300 1.000000e-300 1.000000e-300 1.000000e-300 
3.392781e-004 1.000000e-270 1.000000e-270 1.000000e-270 1.000000e-270 
7.464118e-004 1.000000e-240 1.000000e-240 1.000000e-240 1.000000e-240 
1.642106e-003 1.000000e-210 1.000000e-210 1.000000e-210 1.000000e-210 
3.612633e-003 1.000000e-180 1.000000e-180 1.000000e-180 1.000000e-180 
7.947793e-003 1.000000e-150 1.000000e-150 1.000000e-150 1.000000e-150 
2.185643e-002 1.000000e-120 1.000000e-120 1.000000e-120 1.000000e-120 
6.010518e-002 1.000000e-090 1.000000e-090 1.000000e-090 1.000000e-090 
1.652893e-001 1.000000e-060 1.000000e-060 1.000000e-060 1.000000e-060 
4.545455e-001 1.000000e-030 1.000000e-030 1.000000e-030 1.000000e-030 
1.000000e+000 1.000000e+000 1.000000e+000 1.000000e+000 1.000000e+000 


1.000000e+000 0.000000e+000 0.000000e+000 0.000000e+000 0.000000e+000 
1.000000e+000 0.000000e+000 0.000000e+000 0.000000e+000 0.000000e+000 
1.000000e+000 0.000000e+000 0.000000e+000 0.000000e+000 0.000000e+000 
1.000000e+000 1.686729e-299 0.000000e+000 0.000000e+000 0.000000e+000 
1.000000e+000 7.666951e-270 3.373458e-300 0.000000e+000 0.000000e+000 
1.000000e+000 3.484978e-240 1.533390e-270 6.746917e-301 0.000000e+000 
1.000000e+000 1.584081e-210 6.969955e-241 3.066780e-271 1.349383e-301 
1.000000e+000 5.760294e-181 3.168162e-211 1.393991e-241 6.133561e-272 
1.000000e+000 2.094652e-151 1.152059e-181 6.336323e-212 2.787982e-242 
1.000000e+000 7.616917e-122 4.189304e-152 2.304117e-182 1.267265e-212 
1.000000e+000 2.769788e-092 1.523383e-122 8.378609e-153 4.608235e-183 



Q star

------------
1  1  1  1  1  1  1  1  1  1  1  
------------

P star

-----------
2.803951e-006

A Martrix

1.000000e+000 2.769788e-093 0.000000e+000 0.000000e+000 0.000000e+000 
0.000000e+000 8.000000e-001 2.000000e-001 0.000000e+000 0.000000e+000 
0.000000e+000 0.000000e+000 8.000000e-001 2.000000e-001 0.000000e+000 
0.000000e+000 0.000000e+000 0.000000e+000 8.000000e-001 2.000000e-001 
0.000000e+000 0.000000e+000 0.000000e+000 0.000000e+000 1.000000e+000 

B Martrix

1.000000e-030 1.000000e-030 1.000000e-030 1.000000e-030 1.000000e-030 9.090909e-002 1.000000e-030 1.000000e-030 1.000000e-030 1.000000e-030 1.000000e-030 4.545455e-001 1.000000e-030 1.000000e-030 1.000000e-030 1.000000e-030 1.000000e-030 1.000000e-030 1.000000e-030 1.000000e-030 1.000000e-030 9.090909e-002 1.000000e-030 1.000000e-030 1.000000e-030 1.000000e-030 1.000000e-030 3.636364e-001 1.000000e-030 1.000000e-030 1.000000e-030 1.000000e-030 
1.000000e+000 1.000000e-030 1.000000e-030 1.000000e-030 1.000000e-030 1.000000e-030 1.000000e-030 1.000000e-030 1.000000e-030 1.000000e-030 1.000000e-030 1.000000e-030 1.000000e-030 1.000000e-030 1.000000e-030 1.000000e-030 1.000000e-030 1.000000e-030 1.000000e-030 1.000000e-030 1.000000e-030 1.000000e-030 1.000000e-030 1.000000e-030 1.000000e-030 1.000000e-030 1.000000e-030 1.000000e-030 1.000000e-030 1.000000e-030 1.000000e-030 1.000000e-030 
1.000000e+000 1.000000e-030 1.000000e-030 1.000000e-030 1.000000e-030 1.000000e-030 1.000000e-030 1.000000e-030 1.000000e-030 1.000000e-030 1.000000e-030 1.000000e-030 1.000000e-030 1.000000e-030 1.000000e-030 1.000000e-030 1.000000e-030 1.000000e-030 1.000000e-030 1.000000e-030 1.000000e-030 1.000000e-030 1.000000e-030 1.000000e-030 1.000000e-030 1.000000e-030 1.000000e-030 1.000000e-030 1.000000e-030 1.000000e-030 1.000000e-030 1.000000e-030 
1.000000e+000 1.000000e-030 1.000000e-030 1.000000e-030 1.000000e-030 1.000000e-030 1.000000e-030 1.000000e-030 1.000000e-030 1.000000e-030 1.000000e-030 1.000000e-030 1.000000e-030 1.000000e-030 1.000000e-030 1.000000e-030 1.000000e-030 1.000000e-030 1.000000e-030 1.000000e-030 1.000000e-030 1.000000e-030 1.000000e-030 1.000000e-030 1.000000e-030 1.000000e-030 1.000000e-030 1.000000e-030 1.000000e-030 1.000000e-030 1.000000e-030 1.000000e-030 
1.000000e+000 1.000000e-030 1.000000e-030 1.000000e-030 1.000000e-030 1.000000e-030 1.000000e-030 1.000000e-030 1.000000e-030 1.000000e-030 1.000000e-030 1.000000e-030 1.000000e-030 1.000000e-030 1.000000e-030 1.000000e-030 1.000000e-030 1.000000e-030 1.000000e-030 1.000000e-030 1.000000e-030 1.000000e-030 1.000000e-030 1.000000e-030 1.000000e-030 1.000000e-030 1.000000e-030 1.000000e-030 1.000000e-030 1.000000e-030 1.000000e-030 1.000000e-030 
=================
