16	16	20	4	4	19	20	19	19	20	20	20	11	11	13	19	19	19	19	29	29	11	27	11	11	20	28	16	20	20	20	28	20	20	20	20	16	16	

P(O|lamda) = 2.902527e-256

1.000000e-030 0.000000e+000 0.000000e+000 0.000000e+000 0.000000e+000 
2.571063e-062 9.742894e-061 0.000000e+000 0.000000e+000 0.000000e+000 
6.610365e-094 6.205654e-092 9.372825e-091 0.000000e+000 0.000000e+000 
1.699566e-125 3.001167e-123 1.814560e-121 8.155259e-121 0.000000e+000 
4.369692e-157 1.305536e-154 2.645899e-152 3.401961e-151 5.232448e-122 
1.123475e-188 5.384622e-186 3.562719e-183 9.907319e-182 3.017398e-123 
2.888526e-220 2.154729e-217 4.679908e-214 2.524786e-212 3.386867e-124 
7.426583e-252 8.465846e-249 6.100107e-245 6.051391e-243 1.953106e-125 
1.909421e-283 3.287984e-280 7.932415e-276 1.405874e-273 1.126299e-126 
4.909242e-315 1.267496e-311 1.030767e-306 3.211870e-304 1.264209e-127 
0.000000e+000 0.000000e+000 0.000000e+000 0.000000e+000 1.419007e-128 
0.000000e+000 0.000000e+000 0.000000e+000 0.000000e+000 1.592758e-129 
0.000000e+000 0.000000e+000 0.000000e+000 0.000000e+000 1.300853e-131 
0.000000e+000 0.000000e+000 0.000000e+000 0.000000e+000 1.062445e-133 
0.000000e+000 0.000000e+000 0.000000e+000 0.000000e+000 1.062445e-163 
0.000000e+000 0.000000e+000 0.000000e+000 0.000000e+000 6.126805e-165 
0.000000e+000 0.000000e+000 0.000000e+000 0.000000e+000 3.533148e-166 
0.000000e+000 0.000000e+000 0.000000e+000 0.000000e+000 2.037462e-167 
0.000000e+000 0.000000e+000 0.000000e+000 0.000000e+000 1.174944e-168 
0.000000e+000 0.000000e+000 0.000000e+000 0.000000e+000 1.174944e-198 
0.000000e+000 0.000000e+000 0.000000e+000 0.000000e+000 1.174944e-228 
0.000000e+000 0.000000e+000 0.000000e+000 0.000000e+000 9.596115e-231 
0.000000e+000 0.000000e+000 0.000000e+000 0.000000e+000 7.996762e-234 
0.000000e+000 0.000000e+000 0.000000e+000 0.000000e+000 6.531191e-236 
0.000000e+000 0.000000e+000 0.000000e+000 0.000000e+000 5.334215e-238 
0.000000e+000 0.000000e+000 0.000000e+000 0.000000e+000 5.987369e-239 
0.000000e+000 0.000000e+000 0.000000e+000 0.000000e+000 1.102082e-239 
0.000000e+000 0.000000e+000 0.000000e+000 0.000000e+000 9.484681e-243 
0.000000e+000 0.000000e+000 0.000000e+000 0.000000e+000 1.064604e-243 
0.000000e+000 0.000000e+000 0.000000e+000 0.000000e+000 1.194961e-244 
0.000000e+000 0.000000e+000 0.000000e+000 0.000000e+000 1.341279e-245 
0.000000e+000 0.000000e+000 0.000000e+000 0.000000e+000 2.468864e-246 
0.000000e+000 0.000000e+000 0.000000e+000 0.000000e+000 2.771166e-247 
0.000000e+000 0.000000e+000 0.000000e+000 0.000000e+000 3.110485e-248 
0.000000e+000 0.000000e+000 0.000000e+000 0.000000e+000 3.491351e-249 
0.000000e+000 0.000000e+000 0.000000e+000 0.000000e+000 3.918853e-250 
0.000000e+000 0.000000e+000 0.000000e+000 0.000000e+000 3.372622e-253 
0.000000e+000 0.000000e+000 0.000000e+000 0.000000e+000 2.902527e-256 



P(O|lamda) = 3.974029e-078

1.050000e-030 0.000000e+000 0.000000e+000 0.000000e+000 0.000000e+000 
8.711110e-182 1.575000e-031 0.000000e+000 0.000000e+000 0.000000e+000 
0.000000e+000 6.878982e-118 5.512500e-032 0.000000e+000 0.000000e+000 
0.000000e+000 1.261877e-233 1.447031e-063 2.687344e-033 0.000000e+000 
0.000000e+000 0.000000e+000 3.798457e-095 2.130295e-035 4.971150e-035 
0.000000e+000 0.000000e+000 3.323650e-097 8.443573e-037 3.018973e-036 
0.000000e+000 0.000000e+000 2.908194e-099 4.016003e-038 7.954502e-038 
0.000000e+000 0.000000e+000 2.544669e-101 1.591771e-039 5.058831e-039 
0.000000e+000 0.000000e+000 2.226586e-103 6.309096e-041 2.855848e-040 
0.000000e+000 0.000000e+000 1.948263e-105 3.000785e-042 7.223496e-042 
0.000000e+000 0.000000e+000 1.704730e-107 1.427259e-043 2.079245e-043 
0.000000e+000 0.000000e+000 1.491639e-109 6.788447e-045 6.996324e-045 
0.000000e+000 0.000000e+000 5.593644e-112 1.614389e-046 1.419611e-045 
0.000000e+000 0.000000e+000 2.097617e-114 3.839247e-048 1.737528e-046 
0.000000e+000 0.000000e+000 5.506244e-146 3.043425e-050 1.014837e-047 
0.000000e+000 0.000000e+000 4.817963e-148 1.206283e-051 4.541150e-049 
0.000000e+000 0.000000e+000 4.215718e-150 4.781186e-053 2.031469e-050 
0.000000e+000 0.000000e+000 3.688753e-152 1.895056e-054 9.085403e-052 
0.000000e+000 0.000000e+000 3.227659e-154 7.511189e-056 4.062380e-053 
0.000000e+000 0.000000e+000 8.069147e-157 5.954225e-058 5.930403e-054 
0.000000e+000 0.000000e+000 2.017287e-159 4.719997e-060 8.644691e-055 
0.000000e+000 0.000000e+000 7.564826e-162 1.122482e-061 9.656639e-056 
0.000000e+000 0.000000e+000 1.985767e-193 1.779615e-063 1.198170e-057 
0.000000e+000 0.000000e+000 7.446625e-196 4.232177e-065 1.338423e-058 
0.000000e+000 0.000000e+000 2.792485e-198 1.006472e-066 1.495093e-059 
0.000000e+000 0.000000e+000 2.443424e-200 4.787066e-068 3.188855e-061 
0.000000e+000 0.000000e+000 6.413988e-232 7.969026e-099 3.942472e-062 
0.000000e+000 0.000000e+000 1.683672e-263 1.326603e-129 2.919372e-063 
0.000000e+000 0.000000e+000 1.473213e-265 6.309702e-131 6.226672e-065 
0.000000e+000 0.000000e+000 1.289061e-267 3.001073e-132 1.328075e-066 
0.000000e+000 0.000000e+000 1.127929e-269 1.427396e-133 2.832626e-068 
0.000000e+000 0.000000e+000 2.960813e-301 2.376185e-164 3.502055e-069 
0.000000e+000 0.000000e+000 2.590711e-303 1.130181e-165 7.469466e-071 
0.000000e+000 0.000000e+000 2.266872e-305 5.375462e-167 1.593148e-072 
0.000000e+000 0.000000e+000 1.983513e-307 2.556722e-168 3.397996e-074 
0.000000e+000 0.000000e+000 1.735574e-309 1.216050e-169 7.247521e-076 
0.000000e+000 0.000000e+000 0.000000e+000 2.024357e-200 5.366736e-077 
0.000000e+000 0.000000e+000 0.000000e+000 3.369946e-231 3.974029e-078 



P(O|lamda) = 2.653223e-037

2.000000e-001 0.000000e+000 0.000000e+000 0.000000e+000 0.000000e+000 
2.375672e-004 2.137231e-002 0.000000e+000 0.000000e+000 0.000000e+000 
1.485029e-036 4.084765e-005 6.745406e-003 0.000000e+000 0.000000e+000 
9.282900e-069 2.553381e-037 6.849702e-005 1.304814e-003 0.000000e+000 
5.802729e-101 1.596115e-069 6.130953e-007 5.433196e-005 7.148777e-005 
3.627278e-133 4.739808e-074 4.801671e-010 1.467907e-006 1.115402e-005 
2.267407e-165 3.166939e-077 6.822797e-012 3.773402e-008 3.631274e-006 
1.417353e-197 9.404512e-082 5.343512e-015 9.544371e-010 3.481130e-007 
8.859855e-230 2.792754e-086 4.184959e-018 2.411539e-011 3.315822e-008 
5.538284e-262 1.866000e-089 5.946497e-020 6.186677e-013 9.721113e-009 
3.461974e-294 1.246783e-092 8.449505e-022 1.587159e-014 2.848377e-009 
0.000000e+000 8.330475e-096 1.200608e-023 4.071770e-016 8.345602e-010 
0.000000e+000 4.947619e-100 4.029850e-027 4.748137e-019 4.663118e-011 
0.000000e+000 2.938480e-104 1.352622e-030 5.536857e-022 2.605523e-012 
0.000000e+000 1.836840e-136 6.371254e-062 2.152197e-025 1.072705e-014 
0.000000e+000 5.454662e-141 4.989871e-065 5.437686e-027 1.019405e-015 
0.000000e+000 1.619811e-145 3.907992e-068 1.373872e-028 9.687535e-017 
0.000000e+000 4.810174e-150 3.060681e-071 3.471189e-030 9.206189e-018 
0.000000e+000 1.428425e-154 2.397080e-074 8.770217e-032 8.748759e-019 
0.000000e+000 8.929063e-187 5.363877e-078 3.409016e-035 6.375950e-021 
0.000000e+000 5.581546e-219 1.200259e-081 1.325097e-038 4.646687e-023 
0.000000e+000 3.314981e-223 4.028679e-085 1.545211e-041 2.596342e-024 
0.000000e+000 1.476620e-227 1.897628e-116 1.201259e-044 1.745476e-026 
0.000000e+000 8.769912e-232 6.369403e-120 1.400801e-047 9.752871e-028 
0.000000e+000 5.208608e-236 2.137895e-123 1.633490e-050 5.449429e-029 
0.000000e+000 3.480172e-239 3.037780e-125 4.190629e-052 1.596648e-029 
0.000000e+000 1.043803e-241 4.758288e-127 9.773478e-054 3.486538e-030 
0.000000e+000 6.664285e-245 2.241296e-158 1.599374e-084 4.303186e-031 
0.000000e+000 4.452793e-248 3.184705e-160 4.103105e-086 1.260806e-031 
0.000000e+000 2.975168e-251 4.525216e-162 1.052629e-087 3.694081e-032 
0.000000e+000 1.987882e-254 6.429976e-164 2.700461e-089 1.082342e-032 
0.000000e+000 5.962226e-257 1.007172e-165 6.298077e-091 2.363468e-033 
0.000000e+000 3.983708e-260 1.431112e-167 1.615737e-092 6.924810e-034 
0.000000e+000 2.661745e-263 2.033498e-169 4.145084e-094 2.028925e-034 
0.000000e+000 1.778466e-266 2.889441e-171 1.063398e-095 5.944621e-035 
0.000000e+000 1.188296e-269 4.105669e-173 2.728090e-097 1.741736e-035 
0.000000e+000 7.586814e-273 1.933893e-204 4.464362e-128 2.149701e-036 
0.000000e+000 4.843891e-276 9.109212e-236 7.305674e-159 2.653223e-037 



P(O|lamda) = 7.932192e-084

1.000000e-002 0.000000e+000 0.000000e+000 0.000000e+000 0.000000e+000 
2.724782e-005 3.910430e-005 0.000000e+000 0.000000e+000 0.000000e+000 
7.815148e-036 1.733069e-007 4.463665e-007 0.000000e+000 0.000000e+000 
2.241520e-066 5.125463e-038 2.685448e-009 3.062168e-009 0.000000e+000 
6.429069e-097 1.515830e-068 8.659184e-012 2.965753e-011 9.700043e-012 
1.843969e-127 1.064717e-072 2.443123e-015 1.349868e-013 1.359463e-013 
5.288822e-158 1.682676e-075 1.250602e-017 4.171963e-016 3.252510e-015 
1.516926e-188 1.181910e-079 3.528479e-021 1.297148e-018 1.671853e-017 
4.350807e-219 8.301718e-084 9.955333e-025 3.838462e-021 8.336922e-020 
1.247887e-249 1.312001e-086 5.096004e-027 1.148055e-023 1.257188e-021 
3.579157e-280 2.073483e-089 2.608577e-029 3.434930e-026 1.852465e-023 
1.026564e-310 3.276927e-092 1.335296e-031 1.028322e-028 2.717010e-025 
6.992910e-314 4.603418e-096 1.614616e-035 1.400730e-032 7.592496e-028 
4.763539e-317 6.466871e-100 1.952363e-039 1.907488e-036 2.121183e-030 
0.000000e+000 1.912545e-130 6.626658e-070 8.656516e-041 4.366503e-034 
0.000000e+000 1.343369e-134 1.869661e-073 2.548634e-043 2.074772e-036 
0.000000e+000 9.435807e-139 5.275105e-077 7.503637e-046 9.858412e-039 
0.000000e+000 6.627699e-143 1.488331e-080 2.209206e-048 4.684288e-041 
0.000000e+000 4.655287e-147 4.199211e-084 6.504299e-051 2.225769e-043 
0.000000e+000 1.376778e-177 3.385072e-088 2.946127e-055 8.110519e-047 
0.000000e+000 4.071752e-208 2.728778e-092 1.334451e-059 2.955406e-050 
0.000000e+000 5.719987e-212 3.299587e-096 1.813321e-063 8.256683e-053 
0.000000e+000 6.026567e-216 1.119937e-126 1.642690e-067 2.775413e-056 
0.000000e+000 8.466107e-220 1.354207e-130 2.232173e-071 7.753827e-059 
0.000000e+000 1.189317e-223 1.637482e-134 3.033194e-075 2.166230e-061 
0.000000e+000 1.879593e-226 8.382055e-137 9.067657e-078 3.173458e-063 
0.000000e+000 1.333426e-228 4.729865e-139 2.464321e-080 1.758230e-064 
0.000000e+000 2.013683e-231 1.605398e-169 9.399656e-111 3.126570e-066 
0.000000e+000 3.182418e-234 8.217820e-172 2.810004e-113 4.580325e-068 
0.000000e+000 5.029485e-237 4.206594e-174 8.400436e-116 6.710030e-070 
0.000000e+000 7.948584e-240 2.153300e-176 2.511289e-118 9.829979e-072 
0.000000e+000 5.638906e-242 1.215074e-178 6.824942e-121 5.446224e-073 
0.000000e+000 8.911711e-245 6.219805e-181 2.040299e-123 7.978544e-075 
0.000000e+000 1.408404e-247 3.183836e-183 6.099424e-126 1.168831e-076 
0.000000e+000 2.225838e-250 1.629764e-185 1.823407e-128 1.712300e-078 
0.000000e+000 3.517708e-253 8.342547e-188 5.451031e-131 2.508465e-080 
0.000000e+000 5.312293e-256 2.831604e-218 2.079186e-161 4.460676e-082 
0.000000e+000 8.022398e-259 9.610953e-249 7.930634e-192 7.932192e-084 



P(O|lamda) = 7.835865e-044

5.050000e-002 0.000000e+000 0.000000e+000 0.000000e+000 0.000000e+000 
3.910801e-005 1.336375e-005 0.000000e+000 0.000000e+000 0.000000e+000 
1.199440e-007 3.153898e-005 4.994756e-006 0.000000e+000 0.000000e+000 
1.936144e-039 2.364103e-036 1.529171e-006 2.088446e-009 0.000000e+000 
3.125337e-071 1.698966e-067 1.344212e-008 6.396639e-010 7.584510e-011 
5.044938e-103 1.149437e-069 1.170027e-009 6.765685e-009 1.817934e-010 
1.547280e-105 6.205972e-071 8.162762e-011 8.185303e-010 1.352415e-009 
2.497629e-137 4.187414e-073 7.105021e-012 1.682012e-010 6.481196e-010 
4.031689e-169 2.825414e-075 6.184343e-013 2.976927e-011 2.557131e-010 
1.236516e-171 1.525480e-076 4.314543e-014 2.477648e-012 7.238701e-011 
3.792389e-174 8.236280e-078 3.010066e-015 2.041447e-013 1.934366e-011 
1.163123e-176 4.446882e-079 2.099990e-016 1.668522e-014 5.080789e-012 
2.229558e-182 7.500279e-085 6.853913e-022 8.455775e-020 1.883841e-013 
4.273775e-188 1.265026e-090 2.236970e-027 4.226569e-025 6.967922e-015 
6.898755e-220 8.983744e-122 4.098797e-058 6.980710e-031 1.734492e-016 
1.113602e-251 6.061687e-124 3.567670e-059 1.089262e-031 5.740721e-017 
1.797583e-283 4.090060e-126 3.105367e-060 1.699672e-032 1.900031e-017 
2.901670e-315 2.759725e-128 2.702969e-061 2.652150e-033 6.288611e-018 
0.000000e+000 1.862096e-130 2.352715e-062 4.138384e-034 2.081368e-018 
0.000000e+000 1.322391e-161 5.119170e-068 5.378271e-036 3.095440e-019 
0.000000e+000 9.391134e-193 1.113858e-073 6.989636e-038 4.603581e-020 
0.000000e+000 1.583944e-198 3.635392e-079 3.405990e-043 1.702765e-021 
0.000000e+000 5.345085e-201 6.661124e-110 1.106473e-048 1.050257e-023 
0.000000e+000 9.015224e-207 2.174047e-115 5.391751e-054 3.884673e-025 
0.000000e+000 1.520542e-212 7.095622e-121 2.627354e-059 1.436856e-026 
0.000000e+000 8.209616e-214 4.950301e-122 2.051276e-060 3.744784e-027 
0.000000e+000 6.992559e-218 7.539801e-126 1.999139e-064 7.149339e-029 
0.000000e+000 1.267846e-222 1.381517e-156 5.468985e-095 6.356654e-032 
0.000000e+000 6.845276e-224 9.638233e-158 4.269847e-096 1.656693e-032 
0.000000e+000 3.695859e-225 6.724169e-159 3.333634e-097 4.317729e-033 
0.000000e+000 1.995446e-226 4.691155e-160 2.602696e-098 1.125301e-033 
0.000000e+000 1.699625e-230 7.145095e-164 2.536543e-102 2.148364e-035 
0.000000e+000 9.176513e-232 4.984817e-165 1.980377e-103 5.599140e-036 
0.000000e+000 4.954527e-233 3.477686e-166 1.546156e-104 1.459267e-036 
0.000000e+000 2.675018e-234 2.426228e-167 1.207144e-105 3.803191e-037 
0.000000e+000 1.444279e-235 1.692672e-168 9.424634e-107 9.912006e-038 
0.000000e+000 2.618674e-240 3.101481e-199 2.578269e-137 8.813010e-041 
0.000000e+000 4.748012e-245 5.682840e-230 7.053293e-168 7.835865e-044 



P(O|lamda) = 1.611227e-088

2.525000e-003 0.000000e+000 0.000000e+000 0.000000e+000 0.000000e+000 
3.615266e-090 3.392969e-008 0.000000e+000 0.000000e+000 0.000000e+000 
2.050019e-176 3.394161e-011 6.629419e-010 0.000000e+000 0.000000e+000 
1.223635e-290 8.932007e-043 1.511769e-013 1.610288e-014 0.000000e+000 
0.000000e+000 2.350529e-074 1.541931e-017 3.721524e-018 1.834163e-016 
0.000000e+000 2.938529e-078 1.557260e-020 4.577437e-019 4.275594e-018 
0.000000e+000 2.939562e-081 1.260580e-023 1.058325e-021 6.095751e-020 
0.000000e+000 3.674911e-085 1.273112e-026 4.216314e-024 1.417380e-021 
0.000000e+000 4.594213e-089 1.285768e-029 1.571760e-026 3.254644e-023 
0.000000e+000 4.595828e-092 1.040811e-032 2.881778e-029 4.242981e-025 
0.000000e+000 4.597444e-095 8.425214e-036 5.264683e-032 5.529431e-027 
0.000000e+000 4.599060e-098 6.820090e-039 9.602716e-035 7.205556e-029 
0.000000e+000 1.437206e-105 2.582733e-046 1.092430e-041 1.332591e-031 
0.000000e+000 4.491269e-113 9.780678e-054 1.242311e-048 2.464481e-034 
0.000000e+000 1.122817e-115 5.926228e-056 2.260131e-050 7.094723e-036 
0.000000e+000 1.403697e-119 5.985143e-059 8.228903e-053 1.624871e-037 
0.000000e+000 1.754841e-123 6.044645e-062 2.996014e-055 3.721366e-039 
0.000000e+000 2.193825e-127 6.104737e-065 1.090797e-057 8.522870e-041 
0.000000e+000 2.742624e-131 6.165427e-068 3.971397e-060 1.951953e-042 
0.000000e+000 3.428280e-133 4.980955e-070 9.753338e-062 3.232079e-044 
0.000000e+000 4.285350e-135 4.024038e-072 2.395318e-063 5.351734e-046 
0.000000e+000 1.339172e-142 1.523883e-079 2.723445e-070 9.897449e-049 
0.000000e+000 8.372965e-147 6.479571e-111 2.064347e-077 3.052349e-052 
0.000000e+000 2.616551e-154 2.453780e-118 2.347136e-084 5.644987e-055 
0.000000e+000 8.176723e-162 9.292340e-126 2.668663e-091 1.043979e-057 
0.000000e+000 8.179597e-165 7.522016e-129 4.861452e-094 1.360427e-059 
0.000000e+000 1.290843e-170 1.329323e-134 1.105481e-099 6.252808e-061 
0.000000e+000 4.336425e-177 5.652299e-166 1.411277e-130 2.779763e-065 
0.000000e+000 4.337949e-180 4.575455e-169 2.570896e-133 3.622356e-067 
0.000000e+000 4.339474e-183 3.703765e-172 4.683352e-136 4.720354e-069 
0.000000e+000 4.340999e-186 2.998145e-175 8.531574e-139 6.151173e-071 
0.000000e+000 6.850639e-192 5.298450e-181 1.940058e-144 2.827209e-072 
0.000000e+000 6.853047e-195 4.289019e-184 3.534166e-147 3.684184e-074 
0.000000e+000 6.855456e-198 3.471899e-187 6.438123e-150 4.800923e-076 
0.000000e+000 6.857866e-201 2.810453e-190 1.172821e-152 6.256164e-078 
0.000000e+000 6.860276e-204 2.275021e-193 2.136505e-155 8.152514e-080 
0.000000e+000 2.304624e-210 9.673422e-225 2.727499e-186 3.624300e-084 
0.000000e+000 7.742097e-217 2.365273e-240 3.481973e-217 1.611227e-088 



P(O|lamda) = 2.775974e-222

1.262500e-004 0.000000e+000 0.000000e+000 0.000000e+000 0.000000e+000 
1.593906e-008 7.426476e-101 0.000000e+000 0.000000e+000 0.000000e+000 
7.969531e-012 2.803841e-101 1.488242e-104 0.000000e+000 0.000000e+000 
5.180195e-014 3.095597e-131 7.094729e-106 3.767112e-111 0.000000e+000 
3.367127e-016 4.774035e-134 7.165676e-110 1.795891e-112 4.883059e-115 
3.544346e-046 7.370836e-110 7.166301e-113 2.172724e-113 4.168961e-116 
1.772173e-049 1.179748e-112 1.482836e-113 2.381850e-116 2.858477e-117 
1.865446e-079 2.359792e-116 4.432594e-116 4.480124e-117 8.728354e-120 
1.963628e-109 4.720175e-120 5.022980e-119 1.868658e-119 1.036056e-120 
9.818140e-113 7.554935e-123 4.120947e-122 1.877219e-122 3.110131e-123 
4.909070e-116 1.209214e-125 3.454697e-125 1.746872e-125 4.472668e-126 
2.454535e-119 1.935423e-128 3.011564e-128 1.568482e-128 5.190583e-129 
7.670422e-126 9.677116e-136 1.310782e-135 8.705148e-136 7.700447e-133 
2.397007e-132 4.838558e-143 5.822663e-143 4.493289e-143 7.122180e-137 
1.198503e-134 1.935423e-145 4.219382e-145 3.569380e-145 1.025163e-139 
1.261583e-164 3.871331e-149 4.703647e-148 5.552829e-148 1.173942e-142 
1.327983e-194 7.743631e-153 4.800849e-151 8.079959e-151 1.344313e-145 
1.397877e-224 1.548920e-156 4.820629e-154 1.114375e-153 1.539409e-148 
1.471450e-254 3.098228e-160 4.824922e-157 1.482872e-156 1.762820e-151 
2.575038e-256 6.196456e-162 3.860569e-159 1.298834e-158 1.459457e-154 
4.506316e-258 1.239291e-163 3.089703e-161 1.130234e-160 1.208319e-157 
1.408224e-264 6.196456e-171 1.159801e-168 4.528038e-168 1.117536e-161 
1.760632e-267 6.198781e-175 9.779791e-199 1.204497e-175 1.723228e-166 
5.501974e-274 3.099391e-182 5.811357e-183 4.516864e-183 1.593461e-170 
1.719367e-280 1.549695e-189 5.084938e-190 2.238639e-190 1.473467e-174 
8.596834e-284 2.480384e-192 7.181561e-193 2.108820e-193 9.600496e-178 
1.297823e-284 6.262970e-198 2.341941e-198 2.928157e-199 2.206296e-180 
1.638501e-288 3.366346e-204 3.290682e-228 7.396222e-229 4.904180e-186 
8.192507e-292 5.388047e-207 6.746050e-208 9.386646e-232 3.195360e-189 
4.096253e-295 8.623906e-210 1.620502e-210 1.013299e-211 2.081964e-192 
2.048127e-298 1.380310e-212 3.027177e-213 3.042911e-214 1.356521e-195 
3.091959e-299 3.485283e-218 1.133642e-218 7.958140e-220 3.117429e-198 
1.545979e-302 5.578412e-221 1.607152e-221 2.180946e-222 2.031187e-201 
7.729896e-306 8.928597e-224 2.406168e-224 3.724410e-225 1.323437e-204 
3.864948e-309 1.429078e-226 3.718016e-227 5.851934e-228 8.622964e-208 
1.932474e-312 2.287328e-229 5.844140e-230 9.100682e-231 5.618365e-211 
2.439749e-316 1.229439e-235 9.736812e-260 1.996719e-260 1.248857e-216 
3.080005e-320 6.608233e-242 2.588293e-266 3.731305e-290 2.775974e-222 



P(O|lamda) = 5.437214e-068

6.312500e-006 0.000000e+000 0.000000e+000 0.000000e+000 0.000000e+000 
1.992383e-012 2.014575e-013 0.000000e+000 0.000000e+000 0.000000e+000 
4.175703e-016 1.901491e-016 9.689150e-018 0.000000e+000 0.000000e+000 
1.050711e-018 2.021489e-017 9.162579e-018 4.501921e-019 0.000000e+000 
2.643852e-021 9.033855e-020 1.002845e-018 4.324938e-019 3.157577e-020 
1.391502e-052 7.657457e-026 7.892689e-021 1.062749e-019 1.906609e-020 
2.916356e-056 3.064061e-031 2.797175e-026 1.475337e-024 9.265874e-021 
1.534925e-087 1.532222e-037 9.906113e-029 4.699383e-026 5.289441e-022 
8.078554e-119 7.662065e-044 3.507700e-031 1.423245e-027 3.019339e-023 
1.693130e-122 3.065905e-049 1.242968e-036 1.608167e-032 2.995887e-024 
3.548519e-126 1.226794e-054 4.404507e-042 1.816166e-037 2.972520e-025 
7.437106e-130 4.908902e-060 1.560755e-047 2.050731e-042 2.949335e-026 
1.859277e-132 1.963561e-062 1.103929e-049 9.249174e-044 8.387543e-028 
4.648195e-135 7.854243e-065 7.808142e-052 4.171464e-045 2.385313e-029 
5.810244e-140 7.854243e-070 8.304813e-054 4.703419e-049 6.273495e-031 
3.058024e-171 3.927611e-076 2.940688e-056 1.415325e-050 3.580838e-032 
1.609487e-202 1.964051e-082 1.041281e-058 4.258705e-052 2.043900e-033 
8.470988e-234 9.821480e-089 3.687119e-061 1.281435e-053 1.166634e-034 
4.458417e-265 4.911353e-095 1.305588e-063 3.855808e-055 6.659013e-036 
1.950557e-269 2.455676e-099 4.663415e-066 5.869132e-059 2.716125e-038 
8.533688e-274 1.227838e-103 1.665720e-068 8.933721e-063 1.107872e-040 
2.133423e-276 4.911353e-106 1.178171e-070 4.029200e-064 3.150650e-042 
6.668280e-282 1.228299e-112 8.771856e-102 1.892919e-073 2.429133e-048 
1.667071e-284 4.913195e-115 6.204374e-104 8.537209e-075 6.908153e-050 
4.167678e-287 1.965278e-117 4.388382e-106 3.850347e-076 1.964593e-051 
8.734759e-291 7.863879e-123 1.555041e-111 4.347309e-081 1.949270e-052 
1.512493e-293 4.964073e-131 1.203002e-119 6.127094e-089 3.957528e-053 
4.773806e-300 6.670474e-140 8.956731e-151 1.939205e-119 1.642451e-055 
1.000510e-303 2.669129e-145 3.208181e-144 2.189498e-124 1.629640e-056 
2.096903e-307 1.068027e-150 2.420556e-149 2.472095e-129 1.616929e-057 
4.394760e-311 4.273613e-156 1.371404e-154 2.791167e-134 1.604317e-058 
7.609875e-314 2.697718e-164 1.509668e-162 3.933868e-142 3.257185e-059 
1.594903e-317 1.079467e-169 6.647043e-168 4.441611e-147 3.231779e-060 
3.344824e-321 4.319388e-175 2.874579e-173 5.014887e-152 3.206572e-061 
0.000000e+000 1.728363e-180 1.226361e-178 5.662156e-157 3.181562e-062 
0.000000e+000 6.915887e-186 5.176921e-184 6.392968e-162 3.156746e-063 
0.000000e+000 9.293224e-195 4.553249e-215 2.023354e-192 1.310111e-065 
0.000000e+000 1.248777e-203 9.391051e-225 6.403849e-223 5.437214e-068 



P(O|lamda) = 3.613332e-099

3.156250e-007 0.000000e+000 0.000000e+000 0.000000e+000 0.000000e+000 
9.961914e-015 4.771364e-016 0.000000e+000 0.000000e+000 0.000000e+000 
2.087851e-019 4.503530e-020 1.099591e-021 0.000000e+000 0.000000e+000 
5.253555e-023 1.005424e-020 2.179836e-021 2.529063e-024 0.000000e+000 
1.321926e-026 4.471013e-023 4.947783e-022 5.014565e-024 3.665617e-026 
1.391501e-057 2.243222e-030 2.020412e-025 2.281401e-024 1.768467e-026 
2.916354e-062 8.976045e-037 4.049359e-032 2.617436e-026 5.491013e-026 
3.069848e-093 4.488583e-044 8.110909e-036 1.938044e-029 3.168708e-028 
3.231420e-124 2.244572e-051 1.624210e-039 1.434987e-032 1.368186e-030 
6.772517e-129 8.981445e-058 3.254865e-046 1.061750e-034 3.864327e-032 
1.419406e-133 3.593841e-064 6.522649e-053 7.855901e-037 1.084312e-033 
2.974839e-138 1.438042e-070 1.307118e-059 5.812591e-039 3.037297e-035 
7.437100e-142 5.752168e-074 5.228474e-063 6.450874e-042 4.319552e-038 
1.859276e-145 2.300867e-077 2.091390e-066 7.159246e-045 6.142917e-041 
2.324095e-151 2.300867e-083 1.257971e-069 1.986355e-050 8.078897e-044 
2.446416e-182 1.150577e-090 2.519087e-073 1.470755e-053 3.315533e-046 
2.575176e-213 5.753605e-098 5.044471e-077 1.088989e-056 1.360675e-048 
2.710713e-244 2.877162e-105 1.010155e-080 8.063191e-060 5.584130e-051 
2.853383e-275 1.438761e-112 2.022836e-084 5.970219e-063 2.291694e-053 
1.248355e-280 7.193804e-118 4.086129e-088 2.236214e-068 4.673761e-057 
5.461554e-286 3.596902e-123 8.253980e-092 8.376000e-074 9.531832e-061 
1.365389e-289 1.438761e-126 3.301592e-095 9.295770e-077 1.355367e-063 
4.267694e-296 3.598251e-134 2.780289e-126 1.074640e-087 5.224901e-071 
1.066924e-299 1.439300e-137 1.112116e-129 1.192646e-090 7.429485e-074 
2.667311e-303 5.757202e-141 4.448464e-133 1.323611e-093 1.056427e-076 
5.590238e-308 2.303690e-147 8.914584e-140 9.793415e-096 2.957361e-078 
9.679944e-312 1.454205e-156 3.900132e-149 3.396510e-105 1.845586e-079 
3.055253e-319 1.954088e-166 3.284324e-180 5.290503e-136 5.270242e-082 
4.940656e-324 7.819100e-173 4.503321e-172 3.914450e-138 1.475352e-083 
0.000000e+000 3.128740e-179 2.704413e-178 2.896307e-140 4.130099e-085 
0.000000e+000 1.251936e-185 1.262994e-184 2.142981e-142 1.156180e-086 
0.000000e+000 7.902845e-195 1.182440e-193 7.432195e-152 7.215317e-088 
0.000000e+000 3.162250e-201 4.190834e-200 5.499091e-154 2.019856e-089 
0.000000e+000 1.265345e-207 1.568591e-206 4.068785e-156 5.654385e-091 
0.000000e+000 5.063158e-214 6.059475e-213 3.010499e-158 1.582888e-092 
0.000000e+000 2.025975e-220 2.381137e-219 2.227472e-160 4.431138e-094 
0.000000e+000 2.722405e-230 3.967167e-250 3.469575e-191 1.265353e-096 
0.000000e+000 3.658233e-240 2.636435e-260 5.404311e-222 3.613332e-099 



P(O|lamda) = 1.046973e-111

1.578125e-008 0.000000e+000 0.000000e+000 0.000000e+000 0.000000e+000 
5.022630e-099 1.325378e-018 0.000000e+000 0.000000e+000 0.000000e+000 
1.061467e-186 8.264672e-027 1.618619e-025 0.000000e+000 0.000000e+000 
2.693263e-273 5.409385e-031 3.174819e-029 1.972829e-029 0.000000e+000 
0.000000e+000 3.540546e-035 3.462559e-033 4.205608e-033 2.019546e-031 
0.000000e+000 4.414012e-038 6.058042e-036 9.880638e-037 9.193787e-034 
0.000000e+000 2.752448e-046 2.430952e-044 1.510463e-038 9.289955e-036 
0.000000e+000 3.431488e-049 4.383530e-047 5.149427e-043 4.160270e-038 
0.000000e+000 4.278048e-052 7.155791e-050 1.756577e-047 1.860479e-040 
0.000000e+000 2.667665e-060 2.757168e-058 6.158576e-051 1.878196e-042 
0.000000e+000 1.663478e-068 1.186836e-066 2.098045e-054 1.896082e-044 
0.000000e+000 1.037296e-076 5.737943e-075 7.147415e-058 1.914139e-046 
0.000000e+000 1.299666e-079 6.105335e-080 3.652231e-062 3.964367e-049 
0.000000e+000 1.628399e-082 3.206208e-083 1.866240e-066 8.210588e-052 
0.000000e+000 1.015067e-084 3.197580e-083 2.543017e-068 2.417538e-053 
0.000000e+000 1.265488e-087 8.957588e-086 8.669480e-073 1.081115e-055 
0.000000e+000 1.577689e-090 1.738052e-088 2.955539e-077 4.834708e-058 
0.000000e+000 1.966911e-093 2.943360e-091 1.007582e-081 2.162065e-060 
0.000000e+000 2.452155e-096 4.640015e-094 3.434980e-086 9.668682e-063 
0.000000e+000 6.114408e-099 1.762507e-099 2.340363e-088 1.221270e-064 
0.000000e+000 1.524618e-101 7.582446e-103 1.594565e-090 1.542609e-066 
0.000000e+000 1.910249e-104 3.721233e-105 8.148008e-095 3.194892e-069 
0.000000e+000 7.445020e-114 1.970419e-134 4.337000e-107 6.158107e-078 
0.000000e+000 9.328137e-117 1.814846e-117 2.216147e-111 1.275404e-080 
0.000000e+000 1.168756e-119 2.285200e-120 1.132427e-115 2.641485e-083 
0.000000e+000 7.288022e-128 1.434481e-126 3.858401e-119 2.666640e-085 
0.000000e+000 9.085998e-131 5.341522e-129 2.628787e-121 9.474219e-086 
0.000000e+000 1.902673e-142 2.334531e-160 3.770596e-152 1.352726e-089 
0.000000e+000 1.186451e-150 2.323641e-149 1.284530e-155 1.365608e-091 
0.000000e+000 7.398361e-159 2.174613e-157 5.664470e-152 1.378613e-093 
0.000000e+000 4.613401e-167 1.582644e-165 1.929770e-155 1.391741e-095 
0.000000e+000 5.751541e-170 4.222272e-168 1.314781e-157 4.944673e-096 
0.000000e+000 3.586492e-178 2.020998e-176 4.479069e-161 4.991761e-098 
0.000000e+000 2.236431e-186 1.069146e-184 1.525886e-164 5.039298e-100 
0.000000e+000 1.394573e-194 6.070124e-193 5.198240e-168 5.087287e-102 
0.000000e+000 8.696148e-203 3.598787e-201 1.770886e-171 5.135734e-104 
0.000000e+000 1.821036e-214 1.837112e-232 2.540067e-202 7.332785e-108 
0.000000e+000 3.813379e-226 1.869085e-244 3.643339e-233 1.046973e-111 



Max probability = 2.653223e-037

Utterance recognised as 2