23	13	13	1	13	13	5	1	9	9	2	5	9	9	9	9	10	7	3	7	10	10	10	10	10	6	6	6	6	6	6	6	6	10	10	26	26	26	26	28	28	
Iteraion 1
-----------------

P(O|lamda) = 1.944692e-062

3.125000e-002 0.000000e+000 0.000000e+000 0.000000e+000 0.000000e+000 
7.812500e-004 1.953125e-004 0.000000e+000 0.000000e+000 0.000000e+000 
1.953125e-005 9.765625e-006 1.220703e-006 0.000000e+000 0.000000e+000 
4.882813e-007 3.662109e-007 9.155273e-008 7.629395e-009 0.000000e+000 
1.220703e-008 1.220703e-008 4.577637e-009 7.629395e-010 4.768372e-011 
3.051758e-010 3.814697e-010 1.907349e-010 4.768372e-011 6.258488e-012 
7.629395e-012 1.144409e-011 7.152557e-012 2.384186e-012 4.936010e-013 
1.907349e-013 3.337860e-013 2.503395e-013 1.043081e-013 3.032619e-014 
4.768372e-015 9.536743e-015 8.344650e-015 4.172325e-015 1.599619e-015 
1.192093e-016 2.682209e-016 2.682209e-016 1.564622e-016 7.606513e-017 
2.980232e-018 7.450581e-018 8.381903e-018 5.587935e-018 3.354924e-018 
7.450581e-020 2.048910e-019 2.561137e-019 1.920853e-019 1.397660e-019 
1.862645e-021 5.587935e-021 7.683411e-021 6.402843e-021 5.568220e-021 
4.656613e-023 1.513399e-022 2.270099e-022 2.080924e-022 2.140246e-022 
1.164153e-024 4.074536e-024 6.621121e-024 6.621121e-024 7.988847e-024 
2.910383e-026 1.091394e-025 1.909939e-025 2.069100e-025 2.910335e-025 
7.275958e-028 2.910383e-027 5.456968e-027 6.366463e-027 1.038798e-026 
1.818989e-029 7.730705e-029 1.546141e-028 1.932676e-028 3.644149e-028 
4.547474e-031 2.046363e-030 4.348522e-030 5.798029e-030 1.259589e-029 
1.136868e-032 5.400125e-032 1.215028e-031 1.721290e-031 4.298592e-031 
2.842171e-034 1.421085e-033 3.375078e-033 5.062617e-033 1.450891e-032 
7.105427e-036 3.730349e-035 9.325873e-035 1.476597e-034 4.850447e-034 
1.776357e-037 9.769963e-037 2.564615e-036 4.274359e-036 1.608052e-035 
4.440892e-039 2.553513e-038 7.022161e-038 1.228878e-037 5.292309e-037 
1.110223e-040 6.661338e-040 1.915135e-039 3.511080e-039 1.730652e-038 
2.775558e-042 1.734723e-041 5.204170e-041 9.974660e-041 5.627729e-040 
6.938894e-044 4.510281e-043 1.409463e-042 2.818926e-042 1.821007e-041 
1.734723e-045 1.170938e-044 3.805550e-044 7.928228e-044 5.866829e-043 
4.336809e-047 3.035766e-046 1.024571e-045 2.219904e-045 1.882936e-044 
1.084202e-048 7.860466e-048 2.751163e-047 6.190117e-047 6.022918e-046 
2.710505e-050 2.032879e-049 7.369187e-049 1.719477e-048 1.920850e-047 
6.776264e-052 5.251604e-051 1.969352e-050 4.759266e-050 6.110124e-049 
1.694066e-053 1.355253e-052 5.251604e-052 1.312901e-051 1.939159e-050 
4.235165e-055 3.494011e-054 1.397604e-053 3.610478e-053 6.141928e-052 
1.058791e-056 8.999725e-056 3.712387e-055 9.899698e-055 1.941918e-053 
2.646978e-058 2.316106e-057 9.843449e-057 2.706949e-056 6.130367e-055 
6.617445e-060 5.955700e-059 2.605619e-058 7.382587e-058 1.932658e-056 
1.654361e-061 1.530284e-060 6.886279e-060 2.008498e-059 6.085698e-058 
4.135903e-063 3.929108e-062 1.817212e-061 5.451637e-061 1.914334e-059 
1.033976e-064 1.008126e-063 4.788600e-063 1.476485e-062 6.016366e-061 
2.584939e-066 2.584939e-065 1.260158e-064 3.990500e-064 1.889342e-062 


6.223015e-061 6.223015e-061 6.223015e-061 6.223015e-061 6.223015e-061 
1.991365e-059 1.991365e-059 1.991365e-059 1.991365e-059 1.991365e-059 
6.372368e-058 6.372368e-058 6.372368e-058 6.372368e-058 6.372368e-058 
2.039158e-056 2.039158e-056 2.039158e-056 2.039158e-056 2.039158e-056 
6.525304e-055 6.525304e-055 6.525304e-055 6.525304e-055 6.525304e-055 
2.088097e-053 2.088097e-053 2.088097e-053 2.088097e-053 2.088097e-053 
6.681912e-052 6.681912e-052 6.681912e-052 6.681912e-052 6.681912e-052 
2.138212e-050 2.138212e-050 2.138212e-050 2.138212e-050 2.138212e-050 
6.842278e-049 6.842278e-049 6.842278e-049 6.842278e-049 6.842278e-049 
2.189529e-047 2.189529e-047 2.189529e-047 2.189529e-047 2.189529e-047 
7.006492e-046 7.006492e-046 7.006492e-046 7.006492e-046 7.006492e-046 
2.242078e-044 2.242078e-044 2.242078e-044 2.242078e-044 2.242078e-044 
7.174648e-043 7.174648e-043 7.174648e-043 7.174648e-043 7.174648e-043 
2.295887e-041 2.295887e-041 2.295887e-041 2.295887e-041 2.295887e-041 
7.346840e-040 7.346840e-040 7.346840e-040 7.346840e-040 7.346840e-040 
2.350989e-038 2.350989e-038 2.350989e-038 2.350989e-038 2.350989e-038 
7.523164e-037 7.523164e-037 7.523164e-037 7.523164e-037 7.523164e-037 
2.407412e-035 2.407412e-035 2.407412e-035 2.407412e-035 2.407412e-035 
7.703720e-034 7.703720e-034 7.703720e-034 7.703720e-034 7.703720e-034 
2.465190e-032 2.465190e-032 2.465190e-032 2.465190e-032 2.465190e-032 
7.888609e-031 7.888609e-031 7.888609e-031 7.888609e-031 7.888609e-031 
2.524355e-029 2.524355e-029 2.524355e-029 2.524355e-029 2.524355e-029 
8.077936e-028 8.077936e-028 8.077936e-028 8.077936e-028 8.077936e-028 
2.584939e-026 2.584939e-026 2.584939e-026 2.584939e-026 2.584939e-026 
8.271806e-025 8.271806e-025 8.271806e-025 8.271806e-025 8.271806e-025 
2.646978e-023 2.646978e-023 2.646978e-023 2.646978e-023 2.646978e-023 
8.470329e-022 8.470329e-022 8.470329e-022 8.470329e-022 8.470329e-022 
2.710505e-020 2.710505e-020 2.710505e-020 2.710505e-020 2.710505e-020 
8.673617e-019 8.673617e-019 8.673617e-019 8.673617e-019 8.673617e-019 
2.775558e-017 2.775558e-017 2.775558e-017 2.775558e-017 2.775558e-017 
8.881784e-016 8.881784e-016 8.881784e-016 8.881784e-016 8.881784e-016 
2.842171e-014 2.842171e-014 2.842171e-014 2.842171e-014 2.842171e-014 
9.094947e-013 9.094947e-013 9.094947e-013 9.094947e-013 9.094947e-013 
2.910383e-011 2.910383e-011 2.910383e-011 2.910383e-011 2.910383e-011 
9.313226e-010 9.313226e-010 9.313226e-010 9.313226e-010 9.313226e-010 
2.980232e-008 2.980232e-008 2.980232e-008 2.980232e-008 2.980232e-008 
9.536743e-007 9.536743e-007 9.536743e-007 9.536743e-007 9.536743e-007 
3.051758e-005 3.051758e-005 3.051758e-005 3.051758e-005 3.051758e-005 
9.765625e-004 9.765625e-004 9.765625e-004 9.765625e-004 9.765625e-004 
3.125000e-002 3.125000e-002 3.125000e-002 3.125000e-002 3.125000e-002 
1.000000e+000 1.000000e+000 1.000000e+000 1.000000e+000 1.000000e+000 


1.000000e+000 0.000000e+000 0.000000e+000 0.000000e+000 0.000000e+000 
8.000000e-001 2.000000e-001 0.000000e+000 0.000000e+000 0.000000e+000 
6.400000e-001 3.200000e-001 4.000000e-002 0.000000e+000 0.000000e+000 
5.120000e-001 3.840000e-001 9.600000e-002 8.000000e-003 0.000000e+000 
4.096000e-001 4.096000e-001 1.536000e-001 2.560000e-002 1.600000e-003 
3.276800e-001 4.096000e-001 2.048000e-001 5.120000e-002 6.720000e-003 
2.621440e-001 3.932160e-001 2.457600e-001 8.192000e-002 1.696000e-002 
2.097152e-001 3.670016e-001 2.752512e-001 1.146880e-001 3.334400e-002 
1.677722e-001 3.355443e-001 2.936013e-001 1.468006e-001 5.628160e-002 
1.342177e-001 3.019899e-001 3.019899e-001 1.761608e-001 8.564173e-002 
1.073742e-001 2.684355e-001 3.019899e-001 2.013266e-001 1.208739e-001 
8.589935e-002 2.362232e-001 2.952790e-001 2.214593e-001 1.611392e-001 
6.871948e-002 2.061584e-001 2.834678e-001 2.362232e-001 2.054311e-001 
5.497558e-002 1.786706e-001 2.680060e-001 2.456721e-001 2.526757e-001 
4.398047e-002 1.539316e-001 2.501389e-001 2.501389e-001 3.018101e-001 
3.518437e-002 1.319414e-001 2.308974e-001 2.501389e-001 3.518379e-001 
2.814750e-002 1.125900e-001 2.111062e-001 2.462906e-001 4.018657e-001 
2.251800e-002 9.570149e-002 1.914030e-001 2.392537e-001 4.511238e-001 
1.801440e-002 8.106479e-002 1.722627e-001 2.296836e-001 4.989745e-001 
1.441152e-002 6.845471e-002 1.540231e-001 2.181994e-001 5.449113e-001 
1.152922e-002 5.764608e-002 1.369094e-001 2.053641e-001 5.885511e-001 
9.223372e-003 4.842270e-002 1.210568e-001 1.916732e-001 6.296240e-001 
7.378698e-003 4.058284e-002 1.065299e-001 1.775499e-001 6.679586e-001 
5.902958e-003 3.394201e-002 9.334053e-002 1.633459e-001 7.034686e-001 
4.722366e-003 2.833420e-002 8.146082e-002 1.493448e-001 7.361378e-001 
3.777893e-003 2.361183e-002 7.083550e-002 1.357680e-001 7.660067e-001 
3.022315e-003 1.964504e-002 6.139076e-002 1.227815e-001 7.931603e-001 
2.417852e-003 1.632050e-002 5.304162e-002 1.105034e-001 8.177167e-001 
1.934281e-003 1.353997e-002 4.569740e-002 9.901102e-002 8.398173e-001 
1.547425e-003 1.121883e-002 3.926591e-002 8.834830e-002 8.596195e-001 
1.237940e-003 9.284550e-003 3.365649e-002 7.853182e-002 8.772892e-001 
9.903520e-004 7.675228e-003 2.878211e-002 6.955676e-002 8.929956e-001 
7.922816e-004 6.338253e-003 2.456073e-002 6.140183e-002 9.069069e-001 
6.338253e-004 5.229059e-003 2.091623e-002 5.403361e-002 9.191873e-001 
5.070602e-004 4.310012e-003 1.777880e-002 4.741013e-002 9.299940e-001 
4.056482e-004 3.549422e-003 1.508504e-002 4.148387e-002 9.394760e-001 
3.245186e-004 2.920667e-003 1.277792e-002 3.620410e-002 9.477728e-001 
2.596148e-004 2.401437e-003 1.080647e-002 3.151886e-002 9.550136e-001 
2.076919e-004 1.973073e-003 9.125462e-003 2.737639e-002 9.613174e-001 
1.661535e-004 1.619997e-003 7.694984e-003 2.372620e-002 9.667927e-001 
1.329228e-004 1.329228e-003 6.479986e-003 2.051996e-002 9.715379e-001 



Q star

------------
1  2  3  4  5  5  5  5  5  5  5  5  5  5  5  5  5  5  5  5  5  5  5  5  5  5  5  5  5  5  5  5  5  5  5  5  5  5  5  5  5  
------------

P star

-----------
3.111508e-065

A Martrix

8.000000e-001 2.000000e-001 0.000000e+000 0.000000e+000 0.000000e+000 
0.000000e+000 8.000000e-001 2.000000e-001 0.000000e+000 0.000000e+000 
0.000000e+000 0.000000e+000 8.000000e-001 2.000000e-001 0.000000e+000 
0.000000e+000 0.000000e+000 0.000000e+000 8.000000e-001 2.000000e-001 
0.000000e+000 0.000000e+000 0.000000e+000 0.000000e+000 1.000000e+000 

B Martrix

1.000000e-030 1.000000e-030 1.000000e-030 1.000000e-030 1.000000e-030 1.000000e-030 1.000000e-030 1.000000e-030 1.000000e-030 1.000000e-030 1.000000e-030 1.000000e-030 1.000000e-030 1.000000e-030 1.000000e-030 1.000000e-030 1.000000e-030 1.000000e-030 1.000000e-030 1.000000e-030 1.000000e-030 1.000000e-030 1.000000e+000 1.000000e-030 1.000000e-030 1.000000e-030 1.000000e-030 1.000000e-030 1.000000e-030 1.000000e-030 1.000000e-030 1.000000e-030 
1.000000e-030 1.000000e-030 1.000000e-030 1.000000e-030 1.000000e-030 1.000000e-030 1.000000e-030 1.000000e-030 1.000000e-030 1.000000e-030 1.000000e-030 1.000000e-030 1.000000e+000 1.000000e-030 1.000000e-030 1.000000e-030 1.000000e-030 1.000000e-030 1.000000e-030 1.000000e-030 1.000000e-030 1.000000e-030 1.000000e-030 1.000000e-030 1.000000e-030 1.000000e-030 1.000000e-030 1.000000e-030 1.000000e-030 1.000000e-030 1.000000e-030 1.000000e-030 
1.000000e-030 1.000000e-030 1.000000e-030 1.000000e-030 1.000000e-030 1.000000e-030 1.000000e-030 1.000000e-030 1.000000e-030 1.000000e-030 1.000000e-030 1.000000e-030 1.000000e+000 1.000000e-030 1.000000e-030 1.000000e-030 1.000000e-030 1.000000e-030 1.000000e-030 1.000000e-030 1.000000e-030 1.000000e-030 1.000000e-030 1.000000e-030 1.000000e-030 1.000000e-030 1.000000e-030 1.000000e-030 1.000000e-030 1.000000e-030 1.000000e-030 1.000000e-030 
1.000000e+000 1.000000e-030 1.000000e-030 1.000000e-030 1.000000e-030 1.000000e-030 1.000000e-030 1.000000e-030 1.000000e-030 1.000000e-030 1.000000e-030 1.000000e-030 1.000000e-030 1.000000e-030 1.000000e-030 1.000000e-030 1.000000e-030 1.000000e-030 1.000000e-030 1.000000e-030 1.000000e-030 1.000000e-030 1.000000e-030 1.000000e-030 1.000000e-030 1.000000e-030 1.000000e-030 1.000000e-030 1.000000e-030 1.000000e-030 1.000000e-030 1.000000e-030 
1.575689e-003 5.711962e-003 2.357932e-002 1.000000e-030 8.416176e-003 3.191410e-001 4.706819e-002 1.000000e-030 5.924325e-002 2.635342e-001 1.000000e-030 1.000000e-030 3.931662e-004 1.000000e-030 1.000000e-030 1.000000e-030 1.000000e-030 1.000000e-030 1.000000e-030 1.000000e-030 1.000000e-030 1.000000e-030 1.000000e-030 1.000000e-030 1.000000e-030 1.797403e-001 1.000000e-030 9.159688e-002 1.000000e-030 1.000000e-030 1.000000e-030 1.000000e-030 
Iteraion 2
-----------------

P(O|lamda) = 7.806847e-045

1.000000e+000 0.000000e+000 0.000000e+000 0.000000e+000 0.000000e+000 
8.000000e-031 2.000000e-001 0.000000e+000 0.000000e+000 0.000000e+000 
6.400000e-061 1.600000e-001 4.000000e-002 0.000000e+000 0.000000e+000 
5.120000e-091 1.280000e-031 6.400000e-032 8.000000e-003 0.000000e+000 
4.096000e-121 1.024000e-031 7.680000e-032 6.400000e-033 6.290659e-007 
3.276800e-151 8.192000e-032 8.192000e-032 2.048000e-062 2.473275e-010 
2.621440e-181 6.553600e-062 8.192000e-062 1.638400e-062 2.081551e-012 
2.097152e-211 5.242880e-092 7.864320e-092 2.949120e-062 3.279878e-015 
1.677722e-241 4.194304e-122 7.340032e-122 2.359296e-092 1.943106e-016 
1.342177e-271 3.355443e-152 6.710886e-152 1.887437e-122 1.151159e-017 
1.073742e-301 2.684355e-182 6.039798e-182 1.509949e-152 6.575378e-020 
0.000000e+000 2.147484e-212 5.368709e-212 1.207960e-182 5.533954e-022 
0.000000e+000 1.717987e-242 4.724464e-242 9.663676e-213 3.278494e-023 
0.000000e+000 1.374390e-272 4.123169e-272 7.730941e-243 1.942287e-024 
0.000000e+000 1.099512e-302 3.573413e-302 6.184753e-273 1.150674e-025 
0.000000e+000 0.000000e+000 0.000000e+000 4.947802e-303 6.816965e-027 
0.000000e+000 0.000000e+000 0.000000e+000 0.000000e+000 1.796503e-027 
0.000000e+000 0.000000e+000 0.000000e+000 0.000000e+000 8.455814e-029 
0.000000e+000 0.000000e+000 0.000000e+000 0.000000e+000 1.993823e-030 
0.000000e+000 0.000000e+000 0.000000e+000 0.000000e+000 9.384565e-032 
0.000000e+000 0.000000e+000 0.000000e+000 0.000000e+000 2.473153e-032 
0.000000e+000 0.000000e+000 0.000000e+000 0.000000e+000 6.517604e-033 
0.000000e+000 0.000000e+000 0.000000e+000 0.000000e+000 1.717611e-033 
0.000000e+000 0.000000e+000 0.000000e+000 0.000000e+000 4.526492e-034 
0.000000e+000 0.000000e+000 0.000000e+000 0.000000e+000 1.192885e-034 
0.000000e+000 0.000000e+000 0.000000e+000 0.000000e+000 3.806985e-035 
0.000000e+000 0.000000e+000 0.000000e+000 0.000000e+000 1.214965e-035 
0.000000e+000 0.000000e+000 0.000000e+000 0.000000e+000 3.877451e-036 
0.000000e+000 0.000000e+000 0.000000e+000 0.000000e+000 1.237453e-036 
0.000000e+000 0.000000e+000 0.000000e+000 0.000000e+000 3.949220e-037 
0.000000e+000 0.000000e+000 0.000000e+000 0.000000e+000 1.260358e-037 
0.000000e+000 0.000000e+000 0.000000e+000 0.000000e+000 4.022318e-038 
0.000000e+000 0.000000e+000 0.000000e+000 0.000000e+000 1.283686e-038 
0.000000e+000 0.000000e+000 0.000000e+000 0.000000e+000 3.382952e-039 
0.000000e+000 0.000000e+000 0.000000e+000 0.000000e+000 8.915234e-040 
0.000000e+000 0.000000e+000 0.000000e+000 0.000000e+000 1.602427e-040 
0.000000e+000 0.000000e+000 0.000000e+000 0.000000e+000 2.880206e-041 
0.000000e+000 0.000000e+000 0.000000e+000 0.000000e+000 5.176890e-042 
0.000000e+000 0.000000e+000 0.000000e+000 0.000000e+000 9.304955e-043 
0.000000e+000 0.000000e+000 0.000000e+000 0.000000e+000 8.523049e-044 
0.000000e+000 0.000000e+000 0.000000e+000 0.000000e+000 7.806847e-045 


7.806847e-045 6.245478e-044 1.249096e-043 2.376887e-052 1.188444e-051 
1.366076e-092 3.903423e-044 1.561369e-043 6.045502e-049 3.022751e-048 
1.951325e-092 6.830382e-092 1.951712e-043 7.822223e-043 7.688227e-045 
9.146064e-063 6.098201e-062 9.759103e-062 9.758559e-043 4.879279e-042 
3.808360e-063 4.573032e-062 1.219888e-061 2.482044e-039 1.241022e-038 
6.428344e-122 1.904180e-062 1.524844e-061 6.312964e-036 3.156482e-035 
1.085076e-120 3.214172e-091 9.520899e-032 3.815861e-031 3.750494e-033 
1.899656e-118 5.425381e-090 1.607086e-060 4.760450e-031 2.380225e-030 
2.257148e-116 9.498279e-088 2.712690e-059 8.035430e-030 4.017715e-029 
3.809967e-115 1.128574e-085 4.749139e-057 1.356345e-028 6.781726e-028 
6.431057e-114 1.904983e-084 5.642871e-055 2.374570e-026 1.187285e-025 
1.085534e-112 3.215528e-083 9.524917e-054 2.821435e-024 1.410718e-023 
1.832334e-111 5.427670e-082 1.607764e-052 4.762459e-023 2.381229e-022 
6.952927e-111 9.161669e-081 2.713835e-051 8.038821e-022 4.019410e-021 
1.477203e-109 3.476464e-080 4.580834e-050 1.356918e-020 6.784588e-020 
6.264825e-108 7.386015e-079 1.738232e-049 2.290417e-019 1.145209e-018 
1.331011e-106 3.132413e-077 3.693008e-048 8.691159e-019 4.345579e-018 
5.050619e-106 6.655053e-076 1.566206e-046 1.846504e-017 9.232519e-017 
1.916495e-105 2.525309e-075 3.327526e-045 7.831032e-016 3.915516e-015 
7.272283e-105 9.582475e-075 1.262655e-044 1.663763e-014 8.318816e-014 
2.759522e-104 3.636142e-074 4.791238e-044 6.313274e-014 3.156637e-013 
1.047121e-103 1.379761e-073 1.818071e-043 2.395619e-013 1.197809e-012 
3.281062e-103 5.235606e-073 6.898805e-043 9.090354e-013 4.545177e-012 
1.028092e-102 1.640531e-072 2.617803e-042 3.449403e-012 1.724701e-011 
3.221435e-102 5.140459e-072 8.202655e-042 1.308902e-011 6.544508e-011 
1.009408e-101 1.610718e-071 2.570230e-041 4.101328e-011 2.050664e-010 
3.162892e-101 5.047041e-071 8.053588e-041 1.285115e-010 6.425574e-010 
9.910641e-101 1.581446e-070 2.523521e-040 4.026794e-010 2.013397e-009 
3.105412e-100 4.955321e-070 7.907229e-040 1.261760e-009 6.308801e-009 
9.730534e-100 1.552706e-069 2.477660e-039 3.953614e-009 1.976807e-008 
3.692324e-099 4.865267e-069 7.763530e-039 1.238830e-008 6.194151e-008 
1.401080e-098 1.846162e-068 2.432634e-038 3.881765e-008 1.940882e-007 
7.795025e-098 7.005399e-068 9.230810e-038 1.216317e-007 6.081584e-007 
4.336827e-097 3.897512e-067 3.502700e-037 4.615405e-007 2.307702e-006 
2.412830e-096 2.168414e-066 1.948756e-036 1.751350e-006 8.756749e-006 
1.342398e-095 1.206415e-065 1.084207e-035 9.743781e-006 4.871890e-005 
1.465550e-094 6.711991e-065 6.032075e-035 5.421034e-005 2.710517e-004 
1.000000e-090 7.327751e-064 3.355996e-034 3.016038e-004 1.508019e-003 
1.000000e-060 1.000000e-060 3.663875e-033 1.677998e-003 8.389989e-003 
1.000000e-030 1.000000e-030 1.000000e-030 1.831938e-002 9.159688e-002 
1.000000e+000 1.000000e+000 1.000000e+000 1.000000e+000 1.000000e+000 


1.000000e+000 0.000000e+000 0.000000e+000 0.000000e+000 0.000000e+000 
1.399875e-078 1.000000e+000 0.000000e+000 0.000000e+000 0.000000e+000 
1.599683e-108 1.399875e-048 1.000000e+000 0.000000e+000 0.000000e+000 
5.998305e-109 9.998528e-049 8.000446e-049 1.000000e+000 0.000000e+000 
1.998123e-139 5.998305e-049 1.200067e-048 2.034763e-027 1.000000e+000 
2.698195e-228 1.998123e-049 1.600073e-048 1.656104e-053 1.000000e+000 
3.643548e-257 2.698195e-108 9.990616e-049 8.008235e-049 1.000000e+000 
5.103042e-285 3.643548e-137 1.618917e-107 1.798311e-048 1.000000e+000 
4.850699e-313 5.103042e-165 2.550483e-136 2.428376e-077 1.000000e+000 
0.000000e+000 4.850699e-193 4.082434e-164 3.279193e-106 1.000000e+000 
0.000000e+000 6.550213e-222 4.365629e-192 4.592738e-134 1.000000e+000 
0.000000e+000 8.845177e-251 6.550213e-221 4.365629e-162 1.000000e+000 
0.000000e+000 1.194422e-279 9.729695e-250 5.895192e-191 1.000000e+000 
0.000000e+000 1.612905e-308 1.433306e-278 7.960659e-220 1.000000e+000 
0.000000e+000 0.000000e+000 2.096776e-307 1.074979e-248 1.000000e+000 
0.000000e+000 0.000000e+000 0.000000e+000 1.451614e-277 1.000000e+000 
0.000000e+000 0.000000e+000 0.000000e+000 0.000000e+000 1.000000e+000 
0.000000e+000 0.000000e+000 0.000000e+000 0.000000e+000 1.000000e+000 
0.000000e+000 0.000000e+000 0.000000e+000 0.000000e+000 1.000000e+000 
0.000000e+000 0.000000e+000 0.000000e+000 0.000000e+000 1.000000e+000 
0.000000e+000 0.000000e+000 0.000000e+000 0.000000e+000 1.000000e+000 
0.000000e+000 0.000000e+000 0.000000e+000 0.000000e+000 1.000000e+000 
0.000000e+000 0.000000e+000 0.000000e+000 0.000000e+000 1.000000e+000 
0.000000e+000 0.000000e+000 0.000000e+000 0.000000e+000 1.000000e+000 
0.000000e+000 0.000000e+000 0.000000e+000 0.000000e+000 1.000000e+000 
0.000000e+000 0.000000e+000 0.000000e+000 0.000000e+000 1.000000e+000 
0.000000e+000 0.000000e+000 0.000000e+000 0.000000e+000 1.000000e+000 
0.000000e+000 0.000000e+000 0.000000e+000 0.000000e+000 1.000000e+000 
0.000000e+000 0.000000e+000 0.000000e+000 0.000000e+000 1.000000e+000 
0.000000e+000 0.000000e+000 0.000000e+000 0.000000e+000 1.000000e+000 
0.000000e+000 0.000000e+000 0.000000e+000 0.000000e+000 1.000000e+000 
0.000000e+000 0.000000e+000 0.000000e+000 0.000000e+000 1.000000e+000 
0.000000e+000 0.000000e+000 0.000000e+000 0.000000e+000 1.000000e+000 
0.000000e+000 0.000000e+000 0.000000e+000 0.000000e+000 1.000000e+000 
0.000000e+000 0.000000e+000 0.000000e+000 0.000000e+000 1.000000e+000 
0.000000e+000 0.000000e+000 0.000000e+000 0.000000e+000 1.000000e+000 
0.000000e+000 0.000000e+000 0.000000e+000 0.000000e+000 1.000000e+000 
0.000000e+000 0.000000e+000 0.000000e+000 0.000000e+000 1.000000e+000 
0.000000e+000 0.000000e+000 0.000000e+000 0.000000e+000 1.000000e+000 
0.000000e+000 0.000000e+000 0.000000e+000 0.000000e+000 1.000000e+000 
0.000000e+000 0.000000e+000 0.000000e+000 0.000000e+000 1.000000e+000 



Q star

------------
1  2  3  4  5  5  5  5  5  5  5  5  5  5  5  5  5  5  5  5  5  5  5  5  5  5  5  5  5  5  5  5  5  5  5  5  5  5  5  5  5  
------------

P star

-----------
7.806847e-045

A Martrix

1.399875e-078 1.000000e+000 0.000000e+000 0.000000e+000 0.000000e+000 
0.000000e+000 3.199371e-048 1.000000e+000 0.000000e+000 0.000000e+000 
0.000000e+000 0.000000e+000 3.199371e-048 1.000000e+000 0.000000e+000 
0.000000e+000 0.000000e+000 0.000000e+000 2.034763e-027 1.000000e+000 
0.000000e+000 0.000000e+000 0.000000e+000 0.000000e+000 1.000000e+000 

B Martrix

1.000000e-030 1.000000e-030 1.000000e-030 1.000000e-030 1.000000e-030 1.000000e-030 1.000000e-030 1.000000e-030 1.000000e-030 1.000000e-030 1.000000e-030 1.000000e-030 1.000000e-030 1.000000e-030 1.000000e-030 1.000000e-030 1.000000e-030 1.000000e-030 1.000000e-030 1.000000e-030 1.000000e-030 1.000000e-030 1.000000e+000 1.000000e-030 1.000000e-030 1.000000e-030 1.000000e-030 1.000000e-030 1.000000e-030 1.000000e-030 1.000000e-030 1.000000e-030 
1.000000e-030 1.000000e-030 1.000000e-030 1.000000e-030 1.000000e-030 1.000000e-030 1.000000e-030 1.000000e-030 1.000000e-030 1.000000e-030 1.000000e-030 1.000000e-030 1.000000e+000 1.000000e-030 1.000000e-030 1.000000e-030 1.000000e-030 1.000000e-030 1.000000e-030 1.000000e-030 1.000000e-030 1.000000e-030 1.000000e-030 1.000000e-030 1.000000e-030 1.000000e-030 1.000000e-030 1.000000e-030 1.000000e-030 1.000000e-030 1.000000e-030 1.000000e-030 
1.000000e-030 1.000000e-030 1.000000e-030 1.000000e-030 1.000000e-030 1.000000e-030 1.000000e-030 1.000000e-030 1.000000e-030 1.000000e-030 1.000000e-030 1.000000e-030 1.000000e+000 1.000000e-030 1.000000e-030 1.000000e-030 1.000000e-030 1.000000e-030 1.000000e-030 1.000000e-030 1.000000e-030 1.000000e-030 1.000000e-030 1.000000e-030 1.000000e-030 1.000000e-030 1.000000e-030 1.000000e-030 1.000000e-030 1.000000e-030 1.000000e-030 1.000000e-030 
1.000000e+000 1.000000e-030 1.000000e-030 1.000000e-030 1.000000e-030 1.000000e-030 1.000000e-030 1.000000e-030 1.000000e-030 1.000000e-030 1.000000e-030 1.000000e-030 1.000000e-030 1.000000e-030 1.000000e-030 1.000000e-030 1.000000e-030 1.000000e-030 1.000000e-030 1.000000e-030 1.000000e-030 1.000000e-030 1.000000e-030 1.000000e-030 1.000000e-030 1.000000e-030 1.000000e-030 1.000000e-030 1.000000e-030 1.000000e-030 1.000000e-030 1.000000e-030 
2.702703e-002 2.702703e-002 2.702703e-002 1.000000e-030 5.405405e-002 2.162162e-001 5.405405e-002 1.000000e-030 1.621622e-001 2.162162e-001 1.000000e-030 1.000000e-030 5.405405e-002 1.000000e-030 1.000000e-030 1.000000e-030 1.000000e-030 1.000000e-030 1.000000e-030 1.000000e-030 1.000000e-030 1.000000e-030 1.000000e-030 1.000000e-030 1.000000e-030 1.081081e-001 1.000000e-030 5.405405e-002 1.000000e-030 1.000000e-030 1.000000e-030 1.000000e-030 
Iteraion 3
-----------------

P(O|lamda) = 8.153863e-035

1.000000e+000 0.000000e+000 0.000000e+000 0.000000e+000 0.000000e+000 
1.399875e-108 1.000000e+000 0.000000e+000 0.000000e+000 0.000000e+000 
1.959650e-216 3.199371e-048 1.000000e+000 0.000000e+000 0.000000e+000 
4.940656e-324 1.023597e-125 6.398742e-078 1.000000e+000 0.000000e+000 
0.000000e+000 3.274867e-173 3.070792e-125 2.034763e-057 5.405405e-002 
0.000000e+000 1.047752e-220 1.309947e-172 4.140260e-114 2.921841e-003 
0.000000e+000 3.352146e-298 5.238758e-250 8.424448e-171 1.579373e-004 
0.000000e+000 0.000000e+000 0.000000e+000 1.714175e-197 4.268577e-006 
0.000000e+000 0.000000e+000 0.000000e+000 3.487941e-254 6.922016e-007 
0.000000e+000 0.000000e+000 0.000000e+000 7.097132e-311 1.122489e-007 
0.000000e+000 0.000000e+000 0.000000e+000 0.000000e+000 3.033754e-009 
0.000000e+000 0.000000e+000 0.000000e+000 0.000000e+000 1.639867e-010 
0.000000e+000 0.000000e+000 0.000000e+000 0.000000e+000 2.659244e-011 
0.000000e+000 0.000000e+000 0.000000e+000 0.000000e+000 4.312288e-012 
0.000000e+000 0.000000e+000 0.000000e+000 0.000000e+000 6.992899e-013 
0.000000e+000 0.000000e+000 0.000000e+000 0.000000e+000 1.133984e-013 
0.000000e+000 0.000000e+000 0.000000e+000 0.000000e+000 2.451857e-014 
0.000000e+000 0.000000e+000 0.000000e+000 0.000000e+000 1.325328e-015 
0.000000e+000 0.000000e+000 0.000000e+000 0.000000e+000 3.581967e-017 
0.000000e+000 0.000000e+000 0.000000e+000 0.000000e+000 1.936198e-018 
0.000000e+000 0.000000e+000 0.000000e+000 0.000000e+000 4.186375e-019 
0.000000e+000 0.000000e+000 0.000000e+000 0.000000e+000 9.051622e-020 
0.000000e+000 0.000000e+000 0.000000e+000 0.000000e+000 1.957107e-020 
0.000000e+000 0.000000e+000 0.000000e+000 0.000000e+000 4.231584e-021 
0.000000e+000 0.000000e+000 0.000000e+000 0.000000e+000 9.149370e-022 
0.000000e+000 0.000000e+000 0.000000e+000 0.000000e+000 1.978242e-022 
0.000000e+000 0.000000e+000 0.000000e+000 0.000000e+000 4.277280e-023 
0.000000e+000 0.000000e+000 0.000000e+000 0.000000e+000 9.248174e-024 
0.000000e+000 0.000000e+000 0.000000e+000 0.000000e+000 1.999605e-024 
0.000000e+000 0.000000e+000 0.000000e+000 0.000000e+000 4.323471e-025 
0.000000e+000 0.000000e+000 0.000000e+000 0.000000e+000 9.348044e-026 
0.000000e+000 0.000000e+000 0.000000e+000 0.000000e+000 2.021199e-026 
0.000000e+000 0.000000e+000 0.000000e+000 0.000000e+000 4.370160e-027 
0.000000e+000 0.000000e+000 0.000000e+000 0.000000e+000 9.448994e-028 
0.000000e+000 0.000000e+000 0.000000e+000 0.000000e+000 2.043026e-028 
0.000000e+000 0.000000e+000 0.000000e+000 0.000000e+000 2.208676e-029 
0.000000e+000 0.000000e+000 0.000000e+000 0.000000e+000 2.387758e-030 
0.000000e+000 0.000000e+000 0.000000e+000 0.000000e+000 2.581360e-031 
0.000000e+000 0.000000e+000 0.000000e+000 0.000000e+000 2.790660e-032 
0.000000e+000 0.000000e+000 0.000000e+000 0.000000e+000 1.508465e-033 
0.000000e+000 0.000000e+000 0.000000e+000 0.000000e+000 8.153863e-035 


8.153863e-035 2.203747e-066 1.191215e-067 6.438997e-039 6.438997e-039 
1.508465e-093 8.153863e-035 2.203747e-066 1.191215e-037 1.191215e-037 
2.790660e-092 1.508465e-093 8.153863e-035 2.203747e-036 2.203747e-036 
5.162721e-061 2.790660e-062 1.508465e-063 8.153863e-035 8.153863e-035 
1.910207e-059 5.162721e-061 2.790660e-062 1.508465e-033 1.508465e-033 
1.177961e-118 1.910207e-059 5.162721e-061 2.790660e-032 2.790660e-032 
7.264091e-118 1.177961e-088 1.910207e-029 5.162721e-031 5.162721e-031 
2.687714e-116 7.264091e-088 1.177961e-058 1.910207e-029 1.910207e-029 
4.972270e-115 2.687714e-086 7.264091e-058 1.177961e-028 1.177961e-028 
3.066233e-114 4.972270e-085 2.687714e-056 7.264091e-028 7.264091e-028 
1.890844e-113 3.066233e-084 4.972270e-055 2.687714e-026 2.687714e-026 
1.166020e-112 1.890844e-083 3.066233e-054 4.972270e-025 4.972270e-025 
7.190459e-112 1.166020e-082 1.890844e-053 3.066233e-024 3.066233e-024 
3.325587e-111 7.190459e-082 1.166020e-052 1.890844e-023 1.890844e-023 
6.152337e-110 3.325587e-081 7.190459e-052 1.166020e-022 1.166020e-022 
2.276365e-108 6.152337e-080 3.325587e-051 7.190459e-022 7.190459e-022 
4.211275e-107 2.276365e-078 6.152337e-050 3.325587e-021 3.325587e-021 
1.947714e-106 4.211275e-077 2.276365e-048 6.152337e-020 6.152337e-020 
9.008179e-106 1.947714e-076 4.211275e-047 2.276365e-018 2.276365e-018 
4.166283e-105 9.008179e-076 1.947714e-046 4.211275e-017 4.211275e-017 
1.926906e-104 4.166283e-075 9.008179e-046 1.947714e-016 1.947714e-016 
8.911940e-104 1.926906e-074 4.166283e-045 9.008179e-016 9.008179e-016 
4.121772e-103 8.911940e-074 1.926906e-044 4.166283e-015 4.166283e-015 
1.906320e-102 4.121772e-073 8.911940e-044 1.926906e-014 1.926906e-014 
8.816728e-102 1.906320e-072 4.121772e-043 8.911940e-014 8.911940e-014 
4.077737e-101 8.816728e-072 1.906320e-042 4.121772e-013 4.121772e-013 
1.885953e-100 4.077737e-071 8.816728e-042 1.906320e-012 1.906320e-012 
8.722534e-100 1.885953e-070 4.077737e-041 8.816728e-012 8.816728e-012 
4.034172e-099 8.722534e-070 1.885953e-040 4.077737e-011 4.077737e-011 
1.865805e-098 4.034172e-069 8.722534e-040 1.885953e-010 1.885953e-010 
8.629346e-098 1.865805e-068 4.034172e-039 8.722534e-010 8.722534e-010 
3.991072e-097 8.629346e-068 1.865805e-038 4.034172e-009 4.034172e-009 
3.691742e-096 3.991072e-067 8.629346e-038 1.865805e-008 1.865805e-008 
3.414861e-095 3.691742e-066 3.991072e-037 8.629346e-008 8.629346e-008 
3.158747e-094 3.414861e-065 3.691742e-036 3.991072e-007 3.991072e-007 
2.921841e-093 3.158747e-064 3.414861e-035 3.691742e-006 3.691742e-006 
5.405405e-092 2.921841e-063 3.158747e-034 3.414861e-005 3.414861e-005 
1.000000e-090 5.405405e-062 2.921841e-033 3.158747e-004 3.158747e-004 
1.000000e-060 1.000000e-060 5.405405e-032 2.921841e-003 2.921841e-003 
1.000000e-030 1.000000e-030 1.000000e-030 5.405405e-002 5.405405e-002 
1.000000e+000 1.000000e+000 1.000000e+000 1.000000e+000 1.000000e+000 


1.000000e+000 0.000000e+000 0.000000e+000 0.000000e+000 0.000000e+000 
2.589769e-167 1.000000e+000 0.000000e+000 0.000000e+000 0.000000e+000 
6.706904e-274 5.918836e-107 1.000000e+000 0.000000e+000 0.000000e+000 
0.000000e+000 3.503262e-153 1.183767e-106 1.000000e+000 0.000000e+000 
0.000000e+000 2.073523e-199 1.050979e-152 3.764311e-056 1.000000e+000 
0.000000e+000 2.454569e-245 8.294093e-199 1.417004e-111 1.000000e+000 
0.000000e+000 0.000000e+000 1.227284e-244 5.334044e-167 1.000000e+000 
0.000000e+000 0.000000e+000 0.000000e+000 4.015801e-192 1.000000e+000 
0.000000e+000 0.000000e+000 0.000000e+000 5.038908e-248 1.000000e+000 
0.000000e+000 0.000000e+000 0.000000e+000 6.322673e-304 1.000000e+000 
0.000000e+000 0.000000e+000 0.000000e+000 0.000000e+000 1.000000e+000 
0.000000e+000 0.000000e+000 0.000000e+000 0.000000e+000 1.000000e+000 
0.000000e+000 0.000000e+000 0.000000e+000 0.000000e+000 1.000000e+000 
0.000000e+000 0.000000e+000 0.000000e+000 0.000000e+000 1.000000e+000 
0.000000e+000 0.000000e+000 0.000000e+000 0.000000e+000 1.000000e+000 
0.000000e+000 0.000000e+000 0.000000e+000 0.000000e+000 1.000000e+000 
0.000000e+000 0.000000e+000 0.000000e+000 0.000000e+000 1.000000e+000 
0.000000e+000 0.000000e+000 0.000000e+000 0.000000e+000 1.000000e+000 
0.000000e+000 0.000000e+000 0.000000e+000 0.000000e+000 1.000000e+000 
0.000000e+000 0.000000e+000 0.000000e+000 0.000000e+000 1.000000e+000 
0.000000e+000 0.000000e+000 0.000000e+000 0.000000e+000 1.000000e+000 
0.000000e+000 0.000000e+000 0.000000e+000 0.000000e+000 1.000000e+000 
0.000000e+000 0.000000e+000 0.000000e+000 0.000000e+000 1.000000e+000 
0.000000e+000 0.000000e+000 0.000000e+000 0.000000e+000 1.000000e+000 
0.000000e+000 0.000000e+000 0.000000e+000 0.000000e+000 1.000000e+000 
0.000000e+000 0.000000e+000 0.000000e+000 0.000000e+000 1.000000e+000 
0.000000e+000 0.000000e+000 0.000000e+000 0.000000e+000 1.000000e+000 
0.000000e+000 0.000000e+000 0.000000e+000 0.000000e+000 1.000000e+000 
0.000000e+000 0.000000e+000 0.000000e+000 0.000000e+000 1.000000e+000 
0.000000e+000 0.000000e+000 0.000000e+000 0.000000e+000 1.000000e+000 
0.000000e+000 0.000000e+000 0.000000e+000 0.000000e+000 1.000000e+000 
0.000000e+000 0.000000e+000 0.000000e+000 0.000000e+000 1.000000e+000 
0.000000e+000 0.000000e+000 0.000000e+000 0.000000e+000 1.000000e+000 
0.000000e+000 0.000000e+000 0.000000e+000 0.000000e+000 1.000000e+000 
0.000000e+000 0.000000e+000 0.000000e+000 0.000000e+000 1.000000e+000 
0.000000e+000 0.000000e+000 0.000000e+000 0.000000e+000 1.000000e+000 
0.000000e+000 0.000000e+000 0.000000e+000 0.000000e+000 1.000000e+000 
0.000000e+000 0.000000e+000 0.000000e+000 0.000000e+000 1.000000e+000 
0.000000e+000 0.000000e+000 0.000000e+000 0.000000e+000 1.000000e+000 
0.000000e+000 0.000000e+000 0.000000e+000 0.000000e+000 1.000000e+000 
0.000000e+000 0.000000e+000 0.000000e+000 0.000000e+000 1.000000e+000 



Q star

------------
1  2  3  4  5  5  5  5  5  5  5  5  5  5  5  5  5  5  5  5  5  5  5  5  5  5  5  5  5  5  5  5  5  5  5  5  5  5  5  5  5  
------------

P star

-----------
8.153863e-035

A Martrix

2.589769e-167 1.000000e+000 0.000000e+000 0.000000e+000 0.000000e+000 
0.000000e+000 5.918836e-107 1.000000e+000 0.000000e+000 0.000000e+000 
0.000000e+000 0.000000e+000 5.918836e-107 1.000000e+000 0.000000e+000 
0.000000e+000 0.000000e+000 0.000000e+000 3.764311e-056 1.000000e+000 
0.000000e+000 0.000000e+000 0.000000e+000 0.000000e+000 1.000000e+000 

B Martrix

1.000000e-030 1.000000e-030 1.000000e-030 1.000000e-030 1.000000e-030 1.000000e-030 1.000000e-030 1.000000e-030 1.000000e-030 1.000000e-030 1.000000e-030 1.000000e-030 1.000000e-030 1.000000e-030 1.000000e-030 1.000000e-030 1.000000e-030 1.000000e-030 1.000000e-030 1.000000e-030 1.000000e-030 1.000000e-030 1.000000e+000 1.000000e-030 1.000000e-030 1.000000e-030 1.000000e-030 1.000000e-030 1.000000e-030 1.000000e-030 1.000000e-030 1.000000e-030 
1.000000e-030 1.000000e-030 1.000000e-030 1.000000e-030 1.000000e-030 1.000000e-030 1.000000e-030 1.000000e-030 1.000000e-030 1.000000e-030 1.000000e-030 1.000000e-030 1.000000e+000 1.000000e-030 1.000000e-030 1.000000e-030 1.000000e-030 1.000000e-030 1.000000e-030 1.000000e-030 1.000000e-030 1.000000e-030 1.000000e-030 1.000000e-030 1.000000e-030 1.000000e-030 1.000000e-030 1.000000e-030 1.000000e-030 1.000000e-030 1.000000e-030 1.000000e-030 
1.000000e-030 1.000000e-030 1.000000e-030 1.000000e-030 1.000000e-030 1.000000e-030 1.000000e-030 1.000000e-030 1.000000e-030 1.000000e-030 1.000000e-030 1.000000e-030 1.000000e+000 1.000000e-030 1.000000e-030 1.000000e-030 1.000000e-030 1.000000e-030 1.000000e-030 1.000000e-030 1.000000e-030 1.000000e-030 1.000000e-030 1.000000e-030 1.000000e-030 1.000000e-030 1.000000e-030 1.000000e-030 1.000000e-030 1.000000e-030 1.000000e-030 1.000000e-030 
1.000000e+000 1.000000e-030 1.000000e-030 1.000000e-030 1.000000e-030 1.000000e-030 1.000000e-030 1.000000e-030 1.000000e-030 1.000000e-030 1.000000e-030 1.000000e-030 1.000000e-030 1.000000e-030 1.000000e-030 1.000000e-030 1.000000e-030 1.000000e-030 1.000000e-030 1.000000e-030 1.000000e-030 1.000000e-030 1.000000e-030 1.000000e-030 1.000000e-030 1.000000e-030 1.000000e-030 1.000000e-030 1.000000e-030 1.000000e-030 1.000000e-030 1.000000e-030 
2.702703e-002 2.702703e-002 2.702703e-002 1.000000e-030 5.405405e-002 2.162162e-001 5.405405e-002 1.000000e-030 1.621622e-001 2.162162e-001 1.000000e-030 1.000000e-030 5.405405e-002 1.000000e-030 1.000000e-030 1.000000e-030 1.000000e-030 1.000000e-030 1.000000e-030 1.000000e-030 1.000000e-030 1.000000e-030 1.000000e-030 1.000000e-030 1.000000e-030 1.081081e-001 1.000000e-030 5.405405e-002 1.000000e-030 1.000000e-030 1.000000e-030 1.000000e-030 
Iteraion 4
-----------------

P(O|lamda) = 8.153863e-035

1.000000e+000 0.000000e+000 0.000000e+000 0.000000e+000 0.000000e+000 
2.589769e-197 1.000000e+000 0.000000e+000 0.000000e+000 0.000000e+000 
0.000000e+000 5.918836e-107 1.000000e+000 0.000000e+000 0.000000e+000 
0.000000e+000 3.503262e-243 1.183767e-136 1.000000e+000 0.000000e+000 
0.000000e+000 0.000000e+000 1.050979e-242 3.764311e-086 5.405405e-002 
0.000000e+000 0.000000e+000 0.000000e+000 1.417004e-171 2.921841e-003 
0.000000e+000 0.000000e+000 0.000000e+000 5.334044e-257 1.579373e-004 
0.000000e+000 0.000000e+000 0.000000e+000 2.007900e-312 4.268577e-006 
0.000000e+000 0.000000e+000 0.000000e+000 0.000000e+000 6.922016e-007 
0.000000e+000 0.000000e+000 0.000000e+000 0.000000e+000 1.122489e-007 
0.000000e+000 0.000000e+000 0.000000e+000 0.000000e+000 3.033754e-009 
0.000000e+000 0.000000e+000 0.000000e+000 0.000000e+000 1.639867e-010 
0.000000e+000 0.000000e+000 0.000000e+000 0.000000e+000 2.659244e-011 
0.000000e+000 0.000000e+000 0.000000e+000 0.000000e+000 4.312288e-012 
0.000000e+000 0.000000e+000 0.000000e+000 0.000000e+000 6.992899e-013 
0.000000e+000 0.000000e+000 0.000000e+000 0.000000e+000 1.133984e-013 
0.000000e+000 0.000000e+000 0.000000e+000 0.000000e+000 2.451857e-014 
0.000000e+000 0.000000e+000 0.000000e+000 0.000000e+000 1.325328e-015 
0.000000e+000 0.000000e+000 0.000000e+000 0.000000e+000 3.581967e-017 
0.000000e+000 0.000000e+000 0.000000e+000 0.000000e+000 1.936198e-018 
0.000000e+000 0.000000e+000 0.000000e+000 0.000000e+000 4.186375e-019 
0.000000e+000 0.000000e+000 0.000000e+000 0.000000e+000 9.051622e-020 
0.000000e+000 0.000000e+000 0.000000e+000 0.000000e+000 1.957107e-020 
0.000000e+000 0.000000e+000 0.000000e+000 0.000000e+000 4.231584e-021 
0.000000e+000 0.000000e+000 0.000000e+000 0.000000e+000 9.149370e-022 
0.000000e+000 0.000000e+000 0.000000e+000 0.000000e+000 1.978242e-022 
0.000000e+000 0.000000e+000 0.000000e+000 0.000000e+000 4.277280e-023 
0.000000e+000 0.000000e+000 0.000000e+000 0.000000e+000 9.248174e-024 
0.000000e+000 0.000000e+000 0.000000e+000 0.000000e+000 1.999605e-024 
0.000000e+000 0.000000e+000 0.000000e+000 0.000000e+000 4.323471e-025 
0.000000e+000 0.000000e+000 0.000000e+000 0.000000e+000 9.348044e-026 
0.000000e+000 0.000000e+000 0.000000e+000 0.000000e+000 2.021199e-026 
0.000000e+000 0.000000e+000 0.000000e+000 0.000000e+000 4.370160e-027 
0.000000e+000 0.000000e+000 0.000000e+000 0.000000e+000 9.448994e-028 
0.000000e+000 0.000000e+000 0.000000e+000 0.000000e+000 2.043026e-028 
0.000000e+000 0.000000e+000 0.000000e+000 0.000000e+000 2.208676e-029 
0.000000e+000 0.000000e+000 0.000000e+000 0.000000e+000 2.387758e-030 
0.000000e+000 0.000000e+000 0.000000e+000 0.000000e+000 2.581360e-031 
0.000000e+000 0.000000e+000 0.000000e+000 0.000000e+000 2.790660e-032 
0.000000e+000 0.000000e+000 0.000000e+000 0.000000e+000 1.508465e-033 
0.000000e+000 0.000000e+000 0.000000e+000 0.000000e+000 8.153863e-035 


8.153863e-035 2.203747e-066 1.191215e-067 6.438997e-039 6.438997e-039 
1.508465e-093 8.153863e-035 2.203747e-066 1.191215e-037 1.191215e-037 
2.790660e-092 1.508465e-093 8.153863e-035 2.203747e-036 2.203747e-036 
5.162721e-061 2.790660e-062 1.508465e-063 8.153863e-035 8.153863e-035 
1.910207e-059 5.162721e-061 2.790660e-062 1.508465e-033 1.508465e-033 
1.177961e-118 1.910207e-059 5.162721e-061 2.790660e-032 2.790660e-032 
7.264091e-118 1.177961e-088 1.910207e-029 5.162721e-031 5.162721e-031 
2.687714e-116 7.264091e-088 1.177961e-058 1.910207e-029 1.910207e-029 
4.972270e-115 2.687714e-086 7.264091e-058 1.177961e-028 1.177961e-028 
3.066233e-114 4.972270e-085 2.687714e-056 7.264091e-028 7.264091e-028 
1.890844e-113 3.066233e-084 4.972270e-055 2.687714e-026 2.687714e-026 
1.166020e-112 1.890844e-083 3.066233e-054 4.972270e-025 4.972270e-025 
7.190459e-112 1.166020e-082 1.890844e-053 3.066233e-024 3.066233e-024 
3.325587e-111 7.190459e-082 1.166020e-052 1.890844e-023 1.890844e-023 
6.152337e-110 3.325587e-081 7.190459e-052 1.166020e-022 1.166020e-022 
2.276365e-108 6.152337e-080 3.325587e-051 7.190459e-022 7.190459e-022 
4.211275e-107 2.276365e-078 6.152337e-050 3.325587e-021 3.325587e-021 
1.947714e-106 4.211275e-077 2.276365e-048 6.152337e-020 6.152337e-020 
9.008179e-106 1.947714e-076 4.211275e-047 2.276365e-018 2.276365e-018 
4.166283e-105 9.008179e-076 1.947714e-046 4.211275e-017 4.211275e-017 
1.926906e-104 4.166283e-075 9.008179e-046 1.947714e-016 1.947714e-016 
8.911940e-104 1.926906e-074 4.166283e-045 9.008179e-016 9.008179e-016 
4.121772e-103 8.911940e-074 1.926906e-044 4.166283e-015 4.166283e-015 
1.906320e-102 4.121772e-073 8.911940e-044 1.926906e-014 1.926906e-014 
8.816728e-102 1.906320e-072 4.121772e-043 8.911940e-014 8.911940e-014 
4.077737e-101 8.816728e-072 1.906320e-042 4.121772e-013 4.121772e-013 
1.885953e-100 4.077737e-071 8.816728e-042 1.906320e-012 1.906320e-012 
8.722534e-100 1.885953e-070 4.077737e-041 8.816728e-012 8.816728e-012 
4.034172e-099 8.722534e-070 1.885953e-040 4.077737e-011 4.077737e-011 
1.865805e-098 4.034172e-069 8.722534e-040 1.885953e-010 1.885953e-010 
8.629346e-098 1.865805e-068 4.034172e-039 8.722534e-010 8.722534e-010 
3.991072e-097 8.629346e-068 1.865805e-038 4.034172e-009 4.034172e-009 
3.691742e-096 3.991072e-067 8.629346e-038 1.865805e-008 1.865805e-008 
3.414861e-095 3.691742e-066 3.991072e-037 8.629346e-008 8.629346e-008 
3.158747e-094 3.414861e-065 3.691742e-036 3.991072e-007 3.991072e-007 
2.921841e-093 3.158747e-064 3.414861e-035 3.691742e-006 3.691742e-006 
5.405405e-092 2.921841e-063 3.158747e-034 3.414861e-005 3.414861e-005 
1.000000e-090 5.405405e-062 2.921841e-033 3.158747e-004 3.158747e-004 
1.000000e-060 1.000000e-060 5.405405e-032 2.921841e-003 2.921841e-003 
1.000000e-030 1.000000e-030 1.000000e-030 5.405405e-002 5.405405e-002 
1.000000e+000 1.000000e+000 1.000000e+000 1.000000e+000 1.000000e+000 


1.000000e+000 0.000000e+000 0.000000e+000 0.000000e+000 0.000000e+000 
4.791073e-256 1.000000e+000 0.000000e+000 0.000000e+000 0.000000e+000 
0.000000e+000 1.094985e-165 1.000000e+000 0.000000e+000 0.000000e+000 
0.000000e+000 1.198991e-270 2.189969e-165 1.000000e+000 0.000000e+000 
0.000000e+000 0.000000e+000 3.596974e-270 6.963976e-085 1.000000e+000 
0.000000e+000 0.000000e+000 0.000000e+000 4.849696e-169 1.000000e+000 
0.000000e+000 0.000000e+000 0.000000e+000 3.377317e-253 1.000000e+000 
0.000000e+000 0.000000e+000 0.000000e+000 4.703911e-307 1.000000e+000 
0.000000e+000 0.000000e+000 0.000000e+000 0.000000e+000 1.000000e+000 
0.000000e+000 0.000000e+000 0.000000e+000 0.000000e+000 1.000000e+000 
0.000000e+000 0.000000e+000 0.000000e+000 0.000000e+000 1.000000e+000 
0.000000e+000 0.000000e+000 0.000000e+000 0.000000e+000 1.000000e+000 
0.000000e+000 0.000000e+000 0.000000e+000 0.000000e+000 1.000000e+000 
0.000000e+000 0.000000e+000 0.000000e+000 0.000000e+000 1.000000e+000 
0.000000e+000 0.000000e+000 0.000000e+000 0.000000e+000 1.000000e+000 
0.000000e+000 0.000000e+000 0.000000e+000 0.000000e+000 1.000000e+000 
0.000000e+000 0.000000e+000 0.000000e+000 0.000000e+000 1.000000e+000 
0.000000e+000 0.000000e+000 0.000000e+000 0.000000e+000 1.000000e+000 
0.000000e+000 0.000000e+000 0.000000e+000 0.000000e+000 1.000000e+000 
0.000000e+000 0.000000e+000 0.000000e+000 0.000000e+000 1.000000e+000 
0.000000e+000 0.000000e+000 0.000000e+000 0.000000e+000 1.000000e+000 
0.000000e+000 0.000000e+000 0.000000e+000 0.000000e+000 1.000000e+000 
0.000000e+000 0.000000e+000 0.000000e+000 0.000000e+000 1.000000e+000 
0.000000e+000 0.000000e+000 0.000000e+000 0.000000e+000 1.000000e+000 
0.000000e+000 0.000000e+000 0.000000e+000 0.000000e+000 1.000000e+000 
0.000000e+000 0.000000e+000 0.000000e+000 0.000000e+000 1.000000e+000 
0.000000e+000 0.000000e+000 0.000000e+000 0.000000e+000 1.000000e+000 
0.000000e+000 0.000000e+000 0.000000e+000 0.000000e+000 1.000000e+000 
0.000000e+000 0.000000e+000 0.000000e+000 0.000000e+000 1.000000e+000 
0.000000e+000 0.000000e+000 0.000000e+000 0.000000e+000 1.000000e+000 
0.000000e+000 0.000000e+000 0.000000e+000 0.000000e+000 1.000000e+000 
0.000000e+000 0.000000e+000 0.000000e+000 0.000000e+000 1.000000e+000 
0.000000e+000 0.000000e+000 0.000000e+000 0.000000e+000 1.000000e+000 
0.000000e+000 0.000000e+000 0.000000e+000 0.000000e+000 1.000000e+000 
0.000000e+000 0.000000e+000 0.000000e+000 0.000000e+000 1.000000e+000 
0.000000e+000 0.000000e+000 0.000000e+000 0.000000e+000 1.000000e+000 
0.000000e+000 0.000000e+000 0.000000e+000 0.000000e+000 1.000000e+000 
0.000000e+000 0.000000e+000 0.000000e+000 0.000000e+000 1.000000e+000 
0.000000e+000 0.000000e+000 0.000000e+000 0.000000e+000 1.000000e+000 
0.000000e+000 0.000000e+000 0.000000e+000 0.000000e+000 1.000000e+000 
0.000000e+000 0.000000e+000 0.000000e+000 0.000000e+000 1.000000e+000 



Q star

------------
1  2  3  4  5  5  5  5  5  5  5  5  5  5  5  5  5  5  5  5  5  5  5  5  5  5  5  5  5  5  5  5  5  5  5  5  5  5  5  5  5  
------------

P star

-----------
8.153863e-035

A Martrix

4.791073e-256 1.000000e+000 0.000000e+000 0.000000e+000 0.000000e+000 
0.000000e+000 1.094985e-165 1.000000e+000 0.000000e+000 0.000000e+000 
0.000000e+000 0.000000e+000 1.094985e-165 1.000000e+000 0.000000e+000 
0.000000e+000 0.000000e+000 0.000000e+000 6.963976e-085 1.000000e+000 
0.000000e+000 0.000000e+000 0.000000e+000 0.000000e+000 1.000000e+000 

B Martrix

1.000000e-030 1.000000e-030 1.000000e-030 1.000000e-030 1.000000e-030 1.000000e-030 1.000000e-030 1.000000e-030 1.000000e-030 1.000000e-030 1.000000e-030 1.000000e-030 1.000000e-030 1.000000e-030 1.000000e-030 1.000000e-030 1.000000e-030 1.000000e-030 1.000000e-030 1.000000e-030 1.000000e-030 1.000000e-030 1.000000e+000 1.000000e-030 1.000000e-030 1.000000e-030 1.000000e-030 1.000000e-030 1.000000e-030 1.000000e-030 1.000000e-030 1.000000e-030 
1.000000e-030 1.000000e-030 1.000000e-030 1.000000e-030 1.000000e-030 1.000000e-030 1.000000e-030 1.000000e-030 1.000000e-030 1.000000e-030 1.000000e-030 1.000000e-030 1.000000e+000 1.000000e-030 1.000000e-030 1.000000e-030 1.000000e-030 1.000000e-030 1.000000e-030 1.000000e-030 1.000000e-030 1.000000e-030 1.000000e-030 1.000000e-030 1.000000e-030 1.000000e-030 1.000000e-030 1.000000e-030 1.000000e-030 1.000000e-030 1.000000e-030 1.000000e-030 
1.000000e-030 1.000000e-030 1.000000e-030 1.000000e-030 1.000000e-030 1.000000e-030 1.000000e-030 1.000000e-030 1.000000e-030 1.000000e-030 1.000000e-030 1.000000e-030 1.000000e+000 1.000000e-030 1.000000e-030 1.000000e-030 1.000000e-030 1.000000e-030 1.000000e-030 1.000000e-030 1.000000e-030 1.000000e-030 1.000000e-030 1.000000e-030 1.000000e-030 1.000000e-030 1.000000e-030 1.000000e-030 1.000000e-030 1.000000e-030 1.000000e-030 1.000000e-030 
1.000000e+000 1.000000e-030 1.000000e-030 1.000000e-030 1.000000e-030 1.000000e-030 1.000000e-030 1.000000e-030 1.000000e-030 1.000000e-030 1.000000e-030 1.000000e-030 1.000000e-030 1.000000e-030 1.000000e-030 1.000000e-030 1.000000e-030 1.000000e-030 1.000000e-030 1.000000e-030 1.000000e-030 1.000000e-030 1.000000e-030 1.000000e-030 1.000000e-030 1.000000e-030 1.000000e-030 1.000000e-030 1.000000e-030 1.000000e-030 1.000000e-030 1.000000e-030 
2.702703e-002 2.702703e-002 2.702703e-002 1.000000e-030 5.405405e-002 2.162162e-001 5.405405e-002 1.000000e-030 1.621622e-001 2.162162e-001 1.000000e-030 1.000000e-030 5.405405e-002 1.000000e-030 1.000000e-030 1.000000e-030 1.000000e-030 1.000000e-030 1.000000e-030 1.000000e-030 1.000000e-030 1.000000e-030 1.000000e-030 1.000000e-030 1.000000e-030 1.081081e-001 1.000000e-030 5.405405e-002 1.000000e-030 1.000000e-030 1.000000e-030 1.000000e-030 
=================
