10	10	14	14	14	14	14	6	3	10	10	6	26	14	10	10	12	28	28	10	10	6	10	10	10	12	4	19	19	20	28	28	28	28	28	28	28	28	
Iteraion 1
-----------------

P(O|lamda) = 6.372368e-058

3.125000e-002 0.000000e+000 0.000000e+000 0.000000e+000 0.000000e+000 
7.812500e-004 1.953125e-004 0.000000e+000 0.000000e+000 0.000000e+000 
1.953125e-005 9.765625e-006 1.220703e-006 0.000000e+000 0.000000e+000 
4.882813e-007 3.662109e-007 9.155273e-008 7.629395e-009 0.000000e+000 
1.220703e-008 1.220703e-008 4.577637e-009 7.629395e-010 4.768372e-011 
3.051758e-010 3.814697e-010 1.907349e-010 4.768372e-011 6.258488e-012 
7.629395e-012 1.144409e-011 7.152557e-012 2.384186e-012 4.936010e-013 
1.907349e-013 3.337860e-013 2.503395e-013 1.043081e-013 3.032619e-014 
4.768372e-015 9.536743e-015 8.344650e-015 4.172325e-015 1.599619e-015 
1.192093e-016 2.682209e-016 2.682209e-016 1.564622e-016 7.606513e-017 
2.980232e-018 7.450581e-018 8.381903e-018 5.587935e-018 3.354924e-018 
7.450581e-020 2.048910e-019 2.561137e-019 1.920853e-019 1.397660e-019 
1.862645e-021 5.587935e-021 7.683411e-021 6.402843e-021 5.568220e-021 
4.656613e-023 1.513399e-022 2.270099e-022 2.080924e-022 2.140246e-022 
1.164153e-024 4.074536e-024 6.621121e-024 6.621121e-024 7.988847e-024 
2.910383e-026 1.091394e-025 1.909939e-025 2.069100e-025 2.910335e-025 
7.275958e-028 2.910383e-027 5.456968e-027 6.366463e-027 1.038798e-026 
1.818989e-029 7.730705e-029 1.546141e-028 1.932676e-028 3.644149e-028 
4.547474e-031 2.046363e-030 4.348522e-030 5.798029e-030 1.259589e-029 
1.136868e-032 5.400125e-032 1.215028e-031 1.721290e-031 4.298592e-031 
2.842171e-034 1.421085e-033 3.375078e-033 5.062617e-033 1.450891e-032 
7.105427e-036 3.730349e-035 9.325873e-035 1.476597e-034 4.850447e-034 
1.776357e-037 9.769963e-037 2.564615e-036 4.274359e-036 1.608052e-035 
4.440892e-039 2.553513e-038 7.022161e-038 1.228878e-037 5.292309e-037 
1.110223e-040 6.661338e-040 1.915135e-039 3.511080e-039 1.730652e-038 
2.775558e-042 1.734723e-041 5.204170e-041 9.974660e-041 5.627729e-040 
6.938894e-044 4.510281e-043 1.409463e-042 2.818926e-042 1.821007e-041 
1.734723e-045 1.170938e-044 3.805550e-044 7.928228e-044 5.866829e-043 
4.336809e-047 3.035766e-046 1.024571e-045 2.219904e-045 1.882936e-044 
1.084202e-048 7.860466e-048 2.751163e-047 6.190117e-047 6.022918e-046 
2.710505e-050 2.032879e-049 7.369187e-049 1.719477e-048 1.920850e-047 
6.776264e-052 5.251604e-051 1.969352e-050 4.759266e-050 6.110124e-049 
1.694066e-053 1.355253e-052 5.251604e-052 1.312901e-051 1.939159e-050 
4.235165e-055 3.494011e-054 1.397604e-053 3.610478e-053 6.141928e-052 
1.058791e-056 8.999725e-056 3.712387e-055 9.899698e-055 1.941918e-053 
2.646978e-058 2.316106e-057 9.843449e-057 2.706949e-056 6.130367e-055 
6.617445e-060 5.955700e-059 2.605619e-058 7.382587e-058 1.932658e-056 
1.654361e-061 1.530284e-060 6.886279e-060 2.008498e-059 6.085698e-058 


2.039158e-056 2.039158e-056 2.039158e-056 2.039158e-056 2.039158e-056 
6.525304e-055 6.525304e-055 6.525304e-055 6.525304e-055 6.525304e-055 
2.088097e-053 2.088097e-053 2.088097e-053 2.088097e-053 2.088097e-053 
6.681912e-052 6.681912e-052 6.681912e-052 6.681912e-052 6.681912e-052 
2.138212e-050 2.138212e-050 2.138212e-050 2.138212e-050 2.138212e-050 
6.842278e-049 6.842278e-049 6.842278e-049 6.842278e-049 6.842278e-049 
2.189529e-047 2.189529e-047 2.189529e-047 2.189529e-047 2.189529e-047 
7.006492e-046 7.006492e-046 7.006492e-046 7.006492e-046 7.006492e-046 
2.242078e-044 2.242078e-044 2.242078e-044 2.242078e-044 2.242078e-044 
7.174648e-043 7.174648e-043 7.174648e-043 7.174648e-043 7.174648e-043 
2.295887e-041 2.295887e-041 2.295887e-041 2.295887e-041 2.295887e-041 
7.346840e-040 7.346840e-040 7.346840e-040 7.346840e-040 7.346840e-040 
2.350989e-038 2.350989e-038 2.350989e-038 2.350989e-038 2.350989e-038 
7.523164e-037 7.523164e-037 7.523164e-037 7.523164e-037 7.523164e-037 
2.407412e-035 2.407412e-035 2.407412e-035 2.407412e-035 2.407412e-035 
7.703720e-034 7.703720e-034 7.703720e-034 7.703720e-034 7.703720e-034 
2.465190e-032 2.465190e-032 2.465190e-032 2.465190e-032 2.465190e-032 
7.888609e-031 7.888609e-031 7.888609e-031 7.888609e-031 7.888609e-031 
2.524355e-029 2.524355e-029 2.524355e-029 2.524355e-029 2.524355e-029 
8.077936e-028 8.077936e-028 8.077936e-028 8.077936e-028 8.077936e-028 
2.584939e-026 2.584939e-026 2.584939e-026 2.584939e-026 2.584939e-026 
8.271806e-025 8.271806e-025 8.271806e-025 8.271806e-025 8.271806e-025 
2.646978e-023 2.646978e-023 2.646978e-023 2.646978e-023 2.646978e-023 
8.470329e-022 8.470329e-022 8.470329e-022 8.470329e-022 8.470329e-022 
2.710505e-020 2.710505e-020 2.710505e-020 2.710505e-020 2.710505e-020 
8.673617e-019 8.673617e-019 8.673617e-019 8.673617e-019 8.673617e-019 
2.775558e-017 2.775558e-017 2.775558e-017 2.775558e-017 2.775558e-017 
8.881784e-016 8.881784e-016 8.881784e-016 8.881784e-016 8.881784e-016 
2.842171e-014 2.842171e-014 2.842171e-014 2.842171e-014 2.842171e-014 
9.094947e-013 9.094947e-013 9.094947e-013 9.094947e-013 9.094947e-013 
2.910383e-011 2.910383e-011 2.910383e-011 2.910383e-011 2.910383e-011 
9.313226e-010 9.313226e-010 9.313226e-010 9.313226e-010 9.313226e-010 
2.980232e-008 2.980232e-008 2.980232e-008 2.980232e-008 2.980232e-008 
9.536743e-007 9.536743e-007 9.536743e-007 9.536743e-007 9.536743e-007 
3.051758e-005 3.051758e-005 3.051758e-005 3.051758e-005 3.051758e-005 
9.765625e-004 9.765625e-004 9.765625e-004 9.765625e-004 9.765625e-004 
3.125000e-002 3.125000e-002 3.125000e-002 3.125000e-002 3.125000e-002 
1.000000e+000 1.000000e+000 1.000000e+000 1.000000e+000 1.000000e+000 


1.000000e+000 0.000000e+000 0.000000e+000 0.000000e+000 0.000000e+000 
8.000000e-001 2.000000e-001 0.000000e+000 0.000000e+000 0.000000e+000 
6.400000e-001 3.200000e-001 4.000000e-002 0.000000e+000 0.000000e+000 
5.120000e-001 3.840000e-001 9.600000e-002 8.000000e-003 0.000000e+000 
4.096000e-001 4.096000e-001 1.536000e-001 2.560000e-002 1.600000e-003 
3.276800e-001 4.096000e-001 2.048000e-001 5.120000e-002 6.720000e-003 
2.621440e-001 3.932160e-001 2.457600e-001 8.192000e-002 1.696000e-002 
2.097152e-001 3.670016e-001 2.752512e-001 1.146880e-001 3.334400e-002 
1.677722e-001 3.355443e-001 2.936013e-001 1.468006e-001 5.628160e-002 
1.342177e-001 3.019899e-001 3.019899e-001 1.761608e-001 8.564173e-002 
1.073742e-001 2.684355e-001 3.019899e-001 2.013266e-001 1.208739e-001 
8.589935e-002 2.362232e-001 2.952790e-001 2.214593e-001 1.611392e-001 
6.871948e-002 2.061584e-001 2.834678e-001 2.362232e-001 2.054311e-001 
5.497558e-002 1.786706e-001 2.680060e-001 2.456721e-001 2.526757e-001 
4.398047e-002 1.539316e-001 2.501389e-001 2.501389e-001 3.018101e-001 
3.518437e-002 1.319414e-001 2.308974e-001 2.501389e-001 3.518379e-001 
2.814750e-002 1.125900e-001 2.111062e-001 2.462906e-001 4.018657e-001 
2.251800e-002 9.570149e-002 1.914030e-001 2.392537e-001 4.511238e-001 
1.801440e-002 8.106479e-002 1.722627e-001 2.296836e-001 4.989745e-001 
1.441152e-002 6.845471e-002 1.540231e-001 2.181994e-001 5.449113e-001 
1.152922e-002 5.764608e-002 1.369094e-001 2.053641e-001 5.885511e-001 
9.223372e-003 4.842270e-002 1.210568e-001 1.916732e-001 6.296240e-001 
7.378698e-003 4.058284e-002 1.065299e-001 1.775499e-001 6.679586e-001 
5.902958e-003 3.394201e-002 9.334053e-002 1.633459e-001 7.034686e-001 
4.722366e-003 2.833420e-002 8.146082e-002 1.493448e-001 7.361378e-001 
3.777893e-003 2.361183e-002 7.083550e-002 1.357680e-001 7.660067e-001 
3.022315e-003 1.964504e-002 6.139076e-002 1.227815e-001 7.931603e-001 
2.417852e-003 1.632050e-002 5.304162e-002 1.105034e-001 8.177167e-001 
1.934281e-003 1.353997e-002 4.569740e-002 9.901102e-002 8.398173e-001 
1.547425e-003 1.121883e-002 3.926591e-002 8.834830e-002 8.596195e-001 
1.237940e-003 9.284550e-003 3.365649e-002 7.853182e-002 8.772892e-001 
9.903520e-004 7.675228e-003 2.878211e-002 6.955676e-002 8.929956e-001 
7.922816e-004 6.338253e-003 2.456073e-002 6.140183e-002 9.069069e-001 
6.338253e-004 5.229059e-003 2.091623e-002 5.403361e-002 9.191873e-001 
5.070602e-004 4.310012e-003 1.777880e-002 4.741013e-002 9.299940e-001 
4.056482e-004 3.549422e-003 1.508504e-002 4.148387e-002 9.394760e-001 
3.245186e-004 2.920667e-003 1.277792e-002 3.620410e-002 9.477728e-001 
2.596148e-004 2.401437e-003 1.080647e-002 3.151886e-002 9.550136e-001 



Q star

------------
1  2  3  4  5  5  5  5  5  5  5  5  5  5  5  5  5  5  5  5  5  5  5  5  5  5  5  5  5  5  5  5  5  5  5  5  5  5  
------------

P star

-----------
1.019579e-060

A Martrix

8.000000e-001 2.000000e-001 0.000000e+000 0.000000e+000 0.000000e+000 
0.000000e+000 8.000000e-001 2.000000e-001 0.000000e+000 0.000000e+000 
0.000000e+000 0.000000e+000 8.000000e-001 2.000000e-001 0.000000e+000 
0.000000e+000 0.000000e+000 0.000000e+000 8.000000e-001 2.000000e-001 
0.000000e+000 0.000000e+000 0.000000e+000 0.000000e+000 1.000000e+000 

B Martrix

1.000000e-030 1.000000e-030 1.000000e-030 1.000000e-030 1.000000e-030 1.000000e-030 1.000000e-030 1.000000e-030 1.000000e-030 1.000000e+000 1.000000e-030 1.000000e-030 1.000000e-030 1.000000e-030 1.000000e-030 1.000000e-030 1.000000e-030 1.000000e-030 1.000000e-030 1.000000e-030 1.000000e-030 1.000000e-030 1.000000e-030 1.000000e-030 1.000000e-030 1.000000e-030 1.000000e-030 1.000000e-030 1.000000e-030 1.000000e-030 1.000000e-030 1.000000e-030 
1.000000e-030 1.000000e-030 1.000000e-030 1.000000e-030 1.000000e-030 1.000000e-030 1.000000e-030 1.000000e-030 1.000000e-030 1.000000e+000 1.000000e-030 1.000000e-030 1.000000e-030 1.000000e-030 1.000000e-030 1.000000e-030 1.000000e-030 1.000000e-030 1.000000e-030 1.000000e-030 1.000000e-030 1.000000e-030 1.000000e-030 1.000000e-030 1.000000e-030 1.000000e-030 1.000000e-030 1.000000e-030 1.000000e-030 1.000000e-030 1.000000e-030 1.000000e-030 
1.000000e-030 1.000000e-030 1.000000e-030 1.000000e-030 1.000000e-030 1.000000e-030 1.000000e-030 1.000000e-030 1.000000e-030 1.000000e-030 1.000000e-030 1.000000e-030 1.000000e-030 1.000000e+000 1.000000e-030 1.000000e-030 1.000000e-030 1.000000e-030 1.000000e-030 1.000000e-030 1.000000e-030 1.000000e-030 1.000000e-030 1.000000e-030 1.000000e-030 1.000000e-030 1.000000e-030 1.000000e-030 1.000000e-030 1.000000e-030 1.000000e-030 1.000000e-030 
1.000000e-030 1.000000e-030 1.000000e-030 1.000000e-030 1.000000e-030 1.000000e-030 1.000000e-030 1.000000e-030 1.000000e-030 1.000000e-030 1.000000e-030 1.000000e-030 1.000000e-030 1.000000e+000 1.000000e-030 1.000000e-030 1.000000e-030 1.000000e-030 1.000000e-030 1.000000e-030 1.000000e-030 1.000000e-030 1.000000e-030 1.000000e-030 1.000000e-030 1.000000e-030 1.000000e-030 1.000000e-030 1.000000e-030 1.000000e-030 1.000000e-030 1.000000e-030 
1.000000e-030 1.000000e-030 3.081916e-003 4.343255e-002 1.000000e-030 4.512717e-002 1.000000e-030 1.000000e-030 1.000000e-030 2.245765e-001 1.000000e-030 6.395136e-002 1.000000e-030 1.522054e-002 1.000000e-030 1.000000e-030 1.000000e-030 1.000000e-030 9.076466e-002 4.707178e-002 1.000000e-030 1.000000e-030 1.000000e-030 1.000000e-030 1.000000e-030 1.124917e-002 1.000000e-030 4.555243e-001 1.000000e-030 1.000000e-030 1.000000e-030 1.000000e-030 
Iteraion 2
-----------------

P(O|lamda) = 6.206845e-030

1.000000e+000 0.000000e+000 0.000000e+000 0.000000e+000 0.000000e+000 
8.000000e-001 2.000000e-001 0.000000e+000 0.000000e+000 0.000000e+000 
6.400000e-031 3.200000e-031 4.000000e-002 0.000000e+000 0.000000e+000 
5.120000e-061 3.840000e-061 3.200000e-002 8.000000e-003 0.000000e+000 
4.096000e-091 4.096000e-091 2.560000e-002 1.280000e-002 2.435286e-005 
3.276800e-121 4.096000e-121 2.048000e-002 1.536000e-002 3.933523e-005 
2.621440e-151 3.932160e-151 1.638400e-002 1.638400e-002 4.735619e-005 
2.097152e-181 3.670016e-181 1.310720e-032 1.638400e-032 1.500097e-004 
1.677722e-211 3.355443e-211 1.048576e-062 1.572864e-062 4.623174e-007 
1.342177e-211 3.019899e-211 8.388608e-093 1.468006e-092 1.038256e-007 
1.073742e-211 2.684355e-211 6.710886e-123 1.342177e-122 2.331680e-008 
8.589935e-242 2.362232e-241 5.368709e-153 1.207960e-152 1.052221e-009 
6.871948e-272 2.061584e-271 4.294967e-183 1.073742e-182 1.183661e-011 
5.497558e-302 1.786706e-301 3.435974e-183 9.448928e-183 1.801596e-013 
4.398047e-302 1.539316e-301 2.748779e-213 8.246337e-213 4.045962e-014 
3.518437e-302 1.319414e-301 2.199023e-243 7.146826e-243 9.086280e-015 
0.000000e+000 0.000000e+000 1.759219e-273 6.157265e-273 5.810799e-016 
0.000000e+000 0.000000e+000 1.407375e-303 5.277656e-303 2.646961e-016 
0.000000e+000 0.000000e+000 0.000000e+000 0.000000e+000 1.205755e-016 
0.000000e+000 0.000000e+000 0.000000e+000 0.000000e+000 2.707843e-017 
0.000000e+000 0.000000e+000 0.000000e+000 0.000000e+000 6.081179e-018 
0.000000e+000 0.000000e+000 0.000000e+000 0.000000e+000 2.744264e-019 
0.000000e+000 0.000000e+000 0.000000e+000 0.000000e+000 6.162972e-020 
0.000000e+000 0.000000e+000 0.000000e+000 0.000000e+000 1.384059e-020 
0.000000e+000 0.000000e+000 0.000000e+000 0.000000e+000 3.108271e-021 
0.000000e+000 0.000000e+000 0.000000e+000 0.000000e+000 1.987781e-022 
0.000000e+000 0.000000e+000 0.000000e+000 0.000000e+000 8.633442e-024 
0.000000e+000 0.000000e+000 0.000000e+000 0.000000e+000 7.836115e-025 
0.000000e+000 0.000000e+000 0.000000e+000 0.000000e+000 7.112423e-026 
0.000000e+000 0.000000e+000 0.000000e+000 0.000000e+000 3.347944e-027 
0.000000e+000 0.000000e+000 0.000000e+000 0.000000e+000 1.525070e-027 
0.000000e+000 0.000000e+000 0.000000e+000 0.000000e+000 6.947066e-028 
0.000000e+000 0.000000e+000 0.000000e+000 0.000000e+000 3.164558e-028 
0.000000e+000 0.000000e+000 0.000000e+000 0.000000e+000 1.441533e-028 
0.000000e+000 0.000000e+000 0.000000e+000 0.000000e+000 6.566533e-029 
0.000000e+000 0.000000e+000 0.000000e+000 0.000000e+000 2.991216e-029 
0.000000e+000 0.000000e+000 0.000000e+000 0.000000e+000 1.362572e-029 
0.000000e+000 0.000000e+000 0.000000e+000 0.000000e+000 6.206845e-030 


6.206845e-030 2.482738e-029 1.492062e-058 6.850677e-038 3.425339e-037 
5.809467e-060 3.103423e-029 1.553223e-028 1.247417e-028 1.525243e-036 
4.825489e-060 2.904734e-029 1.551711e-028 1.559272e-028 1.002096e-034 
2.987511e-060 2.412744e-029 1.452367e-028 1.949089e-028 6.583840e-033 
6.620205e-089 1.493755e-029 1.206372e-028 2.436345e-028 4.325630e-031 
2.148081e-116 3.310102e-058 7.468777e-029 3.044350e-028 2.841970e-029 
9.565028e-116 1.074040e-085 1.655051e-057 3.734388e-028 1.867194e-027 
2.838566e-109 4.782514e-085 5.370202e-055 8.275256e-027 4.137628e-026 
2.483032e-079 4.260699e-079 2.391257e-054 2.685101e-024 1.342551e-023 
1.772329e-079 5.325848e-079 1.064785e-053 1.195629e-023 5.978143e-023 
5.512308e-080 6.656720e-079 2.359521e-052 5.323925e-023 2.661962e-022 
2.454534e-079 2.756154e-049 2.225898e-048 1.179761e-021 5.898803e-021 
1.004730e-106 1.227267e-048 1.378077e-018 5.617183e-018 5.243767e-019 
7.711983e-077 1.938855e-076 6.136336e-048 6.890385e-018 3.445193e-017 
3.751832e-077 2.355258e-076 2.732403e-047 3.068168e-017 1.534084e-016 
8.236294e-107 1.875916e-076 4.272627e-046 1.366202e-016 6.831008e-016 
3.667478e-106 4.118147e-076 9.379581e-046 2.136314e-015 1.068157e-014 
3.689208e-103 1.833739e-075 2.059073e-045 4.689790e-015 2.344895e-014 
2.940105e-073 6.685623e-073 9.168694e-045 1.029537e-014 5.147684e-014 
1.611390e-073 8.254963e-073 4.082659e-044 4.584347e-014 2.292174e-013 
2.457544e-099 8.056951e-073 9.047010e-043 2.041330e-013 1.020665e-012 
2.291685e-069 3.120979e-069 4.028476e-042 4.523505e-012 2.261753e-011 
1.890422e-069 3.896739e-069 1.793810e-041 2.014238e-011 1.007119e-010 
1.150289e-069 4.850955e-069 7.987521e-041 8.969049e-011 4.484524e-010 
1.267331e-098 5.751444e-069 1.248999e-039 3.993761e-010 1.996880e-009 
1.396282e-097 6.336655e-068 2.875722e-038 6.244997e-009 3.122499e-008 
2.966283e-096 6.981412e-067 3.168328e-037 1.437861e-007 7.189305e-007 
6.511800e-096 1.483142e-065 3.490706e-036 1.584164e-006 7.920819e-006 
1.429518e-095 3.255900e-065 7.415709e-035 1.745353e-005 8.726765e-005 
3.138180e-095 7.147588e-065 1.627950e-034 3.707854e-004 1.853927e-003 
6.889161e-095 1.569090e-064 3.573794e-034 8.139750e-004 4.069875e-003 
1.512358e-094 3.444580e-064 7.845451e-034 1.786897e-003 8.934484e-003 
3.320039e-094 7.561792e-064 1.722290e-033 3.922725e-003 1.961363e-002 
7.288389e-094 1.660019e-063 3.780896e-033 8.611451e-003 4.305725e-002 
1.000000e-090 3.644195e-063 8.300097e-033 1.890448e-002 9.452240e-002 
1.000000e-060 1.000000e-060 1.822097e-032 4.150048e-002 2.075024e-001 
1.000000e-030 1.000000e-030 1.000000e-030 9.110487e-002 4.555243e-001 
1.000000e+000 1.000000e+000 1.000000e+000 1.000000e+000 1.000000e+000 


1.000000e+000 0.000000e+000 0.000000e+000 0.000000e+000 0.000000e+000 
7.487820e-031 1.000000e+000 0.000000e+000 0.000000e+000 0.000000e+000 
4.975656e-061 1.497564e-030 1.000000e+000 0.000000e+000 0.000000e+000 
2.464385e-091 1.492697e-060 7.487820e-001 2.512180e-001 0.000000e+000 
4.368783e-150 9.857539e-091 4.975656e-001 5.024327e-001 1.697182e-006 
1.134043e-207 2.184391e-149 2.464385e-001 7.533814e-001 1.801069e-004 
4.039757e-237 6.804260e-207 4.368783e-030 9.857539e-001 1.424608e-002 
9.590869e-261 2.827830e-236 1.134043e-057 2.184391e-029 1.000000e+000 
6.711682e-261 2.303350e-260 4.039757e-087 6.804260e-057 1.000000e+000 
3.832509e-261 2.591256e-260 1.439067e-116 2.827830e-086 1.000000e+000 
9.535917e-262 2.878918e-260 2.551131e-145 1.151253e-115 1.000000e+000 
3.396942e-291 1.048951e-260 1.925326e-171 2.296018e-144 1.000000e+000 
0.000000e+000 4.076330e-290 9.535917e-172 9.717344e-171 1.000000e+000 
0.000000e+000 0.000000e+000 3.396942e-201 1.048951e-170 1.000000e+000 
0.000000e+000 0.000000e+000 1.210079e-230 4.076330e-200 1.000000e+000 
0.000000e+000 0.000000e+000 1.513749e-259 1.573103e-229 1.000000e+000 
0.000000e+000 0.000000e+000 2.658473e-289 2.119249e-258 1.000000e+000 
0.000000e+000 0.000000e+000 4.668871e-319 3.987710e-288 1.000000e+000 
0.000000e+000 0.000000e+000 0.000000e+000 0.000000e+000 1.000000e+000 
0.000000e+000 0.000000e+000 0.000000e+000 0.000000e+000 1.000000e+000 
0.000000e+000 0.000000e+000 0.000000e+000 0.000000e+000 1.000000e+000 
0.000000e+000 0.000000e+000 0.000000e+000 0.000000e+000 1.000000e+000 
0.000000e+000 0.000000e+000 0.000000e+000 0.000000e+000 1.000000e+000 
0.000000e+000 0.000000e+000 0.000000e+000 0.000000e+000 1.000000e+000 
0.000000e+000 0.000000e+000 0.000000e+000 0.000000e+000 1.000000e+000 
0.000000e+000 0.000000e+000 0.000000e+000 0.000000e+000 1.000000e+000 
0.000000e+000 0.000000e+000 0.000000e+000 0.000000e+000 1.000000e+000 
0.000000e+000 0.000000e+000 0.000000e+000 0.000000e+000 1.000000e+000 
0.000000e+000 0.000000e+000 0.000000e+000 0.000000e+000 1.000000e+000 
0.000000e+000 0.000000e+000 0.000000e+000 0.000000e+000 1.000000e+000 
0.000000e+000 0.000000e+000 0.000000e+000 0.000000e+000 1.000000e+000 
0.000000e+000 0.000000e+000 0.000000e+000 0.000000e+000 1.000000e+000 
0.000000e+000 0.000000e+000 0.000000e+000 0.000000e+000 1.000000e+000 
0.000000e+000 0.000000e+000 0.000000e+000 0.000000e+000 1.000000e+000 
0.000000e+000 0.000000e+000 0.000000e+000 0.000000e+000 1.000000e+000 
0.000000e+000 0.000000e+000 0.000000e+000 0.000000e+000 1.000000e+000 
0.000000e+000 0.000000e+000 0.000000e+000 0.000000e+000 1.000000e+000 
0.000000e+000 0.000000e+000 0.000000e+000 0.000000e+000 1.000000e+000 



Q star

------------
1  2  3  3  3  3  4  5  5  5  5  5  5  5  5  5  5  5  5  5  5  5  5  5  5  5  5  5  5  5  5  5  5  5  5  5  5  5  
------------

P star

-----------
1.529605e-030

A Martrix

7.487820e-031 1.000000e+000 0.000000e+000 0.000000e+000 0.000000e+000 
0.000000e+000 7.487820e-031 1.000000e+000 0.000000e+000 0.000000e+000 
0.000000e+000 0.000000e+000 5.988424e-001 4.011576e-001 0.000000e+000 
0.000000e+000 0.000000e+000 0.000000e+000 5.988424e-001 4.011576e-001 
0.000000e+000 0.000000e+000 0.000000e+000 0.000000e+000 1.000000e+000 

B Martrix

1.000000e-030 1.000000e-030 1.000000e-030 1.000000e-030 1.000000e-030 1.000000e-030 1.000000e-030 1.000000e-030 1.000000e-030 1.000000e+000 1.000000e-030 1.000000e-030 1.000000e-030 1.000000e-030 1.000000e-030 1.000000e-030 1.000000e-030 1.000000e-030 1.000000e-030 1.000000e-030 1.000000e-030 1.000000e-030 1.000000e-030 1.000000e-030 1.000000e-030 1.000000e-030 1.000000e-030 1.000000e-030 1.000000e-030 1.000000e-030 1.000000e-030 1.000000e-030 
1.000000e-030 1.000000e-030 1.000000e-030 1.000000e-030 1.000000e-030 1.000000e-030 1.000000e-030 1.000000e-030 1.000000e-030 1.000000e+000 1.000000e-030 1.000000e-030 1.000000e-030 1.000000e-030 1.000000e-030 1.000000e-030 1.000000e-030 1.000000e-030 1.000000e-030 1.000000e-030 1.000000e-030 1.000000e-030 1.000000e-030 1.000000e-030 1.000000e-030 1.000000e-030 1.000000e-030 1.000000e-030 1.000000e-030 1.000000e-030 1.000000e-030 1.000000e-030 
1.000000e-030 1.000000e-030 1.000000e-030 1.000000e-030 1.000000e-030 1.000000e-030 1.000000e-030 1.000000e-030 1.000000e-030 1.000000e-030 1.000000e-030 1.000000e-030 1.000000e-030 1.000000e+000 1.000000e-030 1.000000e-030 1.000000e-030 1.000000e-030 1.000000e-030 1.000000e-030 1.000000e-030 1.000000e-030 1.000000e-030 1.000000e-030 1.000000e-030 1.000000e-030 1.000000e-030 1.000000e-030 1.000000e-030 1.000000e-030 1.000000e-030 1.000000e-030 
1.000000e-030 1.000000e-030 1.000000e-030 1.000000e-030 1.000000e-030 1.000000e-030 1.000000e-030 1.000000e-030 1.000000e-030 1.000000e-030 1.000000e-030 1.000000e-030 1.000000e-030 1.000000e+000 1.000000e-030 1.000000e-030 1.000000e-030 1.000000e-030 1.000000e-030 1.000000e-030 1.000000e-030 1.000000e-030 1.000000e-030 1.000000e-030 1.000000e-030 1.000000e-030 1.000000e-030 1.000000e-030 1.000000e-030 1.000000e-030 1.000000e-030 1.000000e-030 
1.000000e-030 1.000000e-030 3.224306e-002 3.224306e-002 1.000000e-030 9.672917e-002 1.000000e-030 1.000000e-030 1.000000e-030 2.901875e-001 1.000000e-030 6.448612e-002 1.000000e-030 3.224306e-002 1.000000e-030 1.000000e-030 1.000000e-030 1.000000e-030 6.448612e-002 3.224306e-002 1.000000e-030 1.000000e-030 1.000000e-030 1.000000e-030 1.000000e-030 3.224306e-002 1.000000e-030 3.228958e-001 1.000000e-030 1.000000e-030 1.000000e-030 1.000000e-030 
Iteraion 3
-----------------

P(O|lamda) = 1.412187e-026

1.000000e+000 0.000000e+000 0.000000e+000 0.000000e+000 0.000000e+000 
7.487820e-031 1.000000e+000 0.000000e+000 0.000000e+000 0.000000e+000 
5.606744e-091 1.497564e-060 1.000000e+000 0.000000e+000 0.000000e+000 
4.198229e-151 1.682023e-120 5.988424e-001 4.011576e-001 0.000000e+000 
3.143558e-211 1.679292e-180 3.586123e-001 4.804603e-001 5.188791e-003 
2.353840e-271 1.571779e-240 2.147522e-001 4.315801e-001 6.381839e-003 
0.000000e+000 1.412304e-300 1.286027e-001 3.445979e-001 5.788063e-003 
0.000000e+000 0.000000e+000 7.701278e-032 2.579498e-031 1.393153e-002 
0.000000e+000 0.000000e+000 4.611852e-062 1.853656e-061 4.491951e-004 
0.000000e+000 0.000000e+000 2.761773e-092 1.295056e-091 1.303508e-004 
0.000000e+000 0.000000e+000 1.653867e-122 8.863248e-122 3.782618e-005 
0.000000e+000 0.000000e+000 9.904056e-153 5.971150e-152 3.658895e-006 
0.000000e+000 0.000000e+000 5.930969e-183 3.973087e-182 1.179740e-007 
0.000000e+000 0.000000e+000 3.551716e-183 2.617178e-182 3.803842e-009 
0.000000e+000 0.000000e+000 2.126918e-213 1.709757e-212 1.103827e-009 
0.000000e+000 0.000000e+000 1.273689e-243 1.109198e-242 3.203169e-010 
0.000000e+000 0.000000e+000 7.627389e-274 7.153299e-273 2.065599e-011 
0.000000e+000 0.000000e+000 4.567604e-304 4.589677e-303 6.669733e-012 
0.000000e+000 0.000000e+000 0.000000e+000 0.000000e+000 2.153629e-012 
0.000000e+000 0.000000e+000 0.000000e+000 0.000000e+000 6.249562e-013 
0.000000e+000 0.000000e+000 0.000000e+000 0.000000e+000 1.813545e-013 
0.000000e+000 0.000000e+000 0.000000e+000 0.000000e+000 1.754227e-014 
0.000000e+000 0.000000e+000 0.000000e+000 0.000000e+000 5.090548e-015 
0.000000e+000 0.000000e+000 0.000000e+000 0.000000e+000 1.477213e-015 
0.000000e+000 0.000000e+000 0.000000e+000 0.000000e+000 4.286689e-016 
0.000000e+000 0.000000e+000 0.000000e+000 0.000000e+000 2.764319e-017 
0.000000e+000 0.000000e+000 0.000000e+000 0.000000e+000 8.913011e-019 
0.000000e+000 0.000000e+000 0.000000e+000 0.000000e+000 5.747655e-020 
0.000000e+000 0.000000e+000 0.000000e+000 0.000000e+000 3.706439e-021 
0.000000e+000 0.000000e+000 0.000000e+000 0.000000e+000 1.195069e-022 
0.000000e+000 0.000000e+000 0.000000e+000 0.000000e+000 3.858829e-023 
0.000000e+000 0.000000e+000 0.000000e+000 0.000000e+000 1.245999e-023 
0.000000e+000 0.000000e+000 0.000000e+000 0.000000e+000 4.023280e-024 
0.000000e+000 0.000000e+000 0.000000e+000 0.000000e+000 1.299100e-024 
0.000000e+000 0.000000e+000 0.000000e+000 0.000000e+000 4.194739e-025 
0.000000e+000 0.000000e+000 0.000000e+000 0.000000e+000 1.354464e-025 
0.000000e+000 0.000000e+000 0.000000e+000 0.000000e+000 4.373506e-026 
0.000000e+000 0.000000e+000 0.000000e+000 0.000000e+000 1.412187e-026 


1.412187e-026 2.117567e-056 7.632954e-057 3.977641e-034 9.915409e-034 
1.760142e-056 1.412187e-026 1.060148e-026 3.201585e-027 3.416897e-033 
1.940709e-056 1.760142e-026 1.412187e-026 5.346287e-027 1.059731e-031 
1.577905e-056 1.940709e-026 1.760142e-026 8.927632e-027 3.286695e-030 
1.631260e-085 1.577905e-026 1.940709e-026 1.490595e-026 1.019350e-028 
5.059261e-114 1.631260e-055 1.577905e-026 2.482298e-026 3.161455e-027 
1.743445e-113 5.059261e-084 1.631260e-055 3.933379e-026 9.805071e-026 
6.007995e-113 1.743445e-083 5.059261e-054 4.066383e-025 1.013662e-024 
6.211151e-082 6.007995e-083 1.743445e-053 1.261165e-023 3.143816e-023 
7.348172e-079 6.211151e-082 6.007995e-053 4.346036e-023 1.083374e-022 
5.974474e-079 7.348172e-079 6.211151e-052 1.497665e-022 3.733358e-022 
2.058832e-078 5.974474e-049 7.348172e-049 1.548307e-021 3.859598e-021 
7.094833e-108 2.058832e-048 5.974474e-019 9.398809e-019 1.197032e-019 
1.100211e-076 7.094833e-078 2.058832e-048 1.489308e-018 3.712527e-018 
3.407325e-076 1.100211e-076 7.094833e-048 5.132228e-018 1.279355e-017 
1.055240e-105 3.407325e-076 1.100211e-046 1.768590e-017 4.408717e-017 
3.636407e-105 1.055240e-075 3.407325e-046 2.742590e-016 6.836691e-016 
1.253123e-104 3.636407e-075 1.055240e-045 8.493733e-016 2.117306e-015 
1.295497e-073 1.253123e-074 3.636407e-045 2.630487e-015 6.557242e-015 
4.464343e-073 1.295497e-073 1.253123e-044 9.064784e-015 2.259657e-014 
1.538434e-102 4.464343e-073 1.295497e-043 3.123768e-014 7.786885e-014 
5.301516e-072 1.538434e-072 4.464343e-043 3.229396e-013 8.050193e-013 
8.221174e-071 5.301516e-072 1.538434e-042 1.112865e-012 2.774135e-012 
2.549750e-069 8.221174e-071 5.301516e-042 3.834986e-012 9.559800e-012 
3.953952e-098 2.549750e-069 8.221174e-041 1.321554e-011 3.294353e-011 
6.131478e-097 3.953952e-068 2.549750e-039 2.049363e-010 5.108623e-010 
1.901643e-095 6.131478e-067 3.953952e-038 6.355981e-009 1.584410e-008 
5.889339e-095 1.901643e-065 6.131478e-037 9.856356e-008 2.456979e-007 
1.823913e-094 5.889339e-065 1.901643e-035 1.528446e-006 3.810090e-006 
5.648613e-094 1.823913e-064 5.889339e-035 4.740389e-005 1.181677e-004 
1.749361e-093 5.648613e-064 1.823913e-034 1.468086e-004 3.659625e-004 
5.417727e-093 1.749361e-063 5.648613e-034 4.546626e-004 1.133377e-003 
1.677856e-092 5.417727e-063 1.749361e-033 1.408078e-003 3.510038e-003 
5.196278e-092 1.677856e-062 5.417727e-033 4.360783e-003 1.087050e-002 
1.000000e-090 5.196278e-062 1.677856e-032 1.350523e-002 3.366566e-002 
1.000000e-060 1.000000e-060 5.196278e-032 4.182536e-002 1.042617e-001 
1.000000e-030 1.000000e-030 1.000000e-030 1.295321e-001 3.228958e-001 
1.000000e+000 1.000000e+000 1.000000e+000 1.000000e+000 1.000000e+000 


1.000000e+000 0.000000e+000 0.000000e+000 0.000000e+000 0.000000e+000 
9.332781e-061 1.000000e+000 0.000000e+000 0.000000e+000 0.000000e+000 
7.705114e-121 1.866556e-060 1.000000e+000 0.000000e+000 0.000000e+000 
4.690885e-181 2.311534e-120 7.463942e-001 2.536058e-001 0.000000e+000 
3.631221e-270 1.876354e-180 4.928258e-001 5.071367e-001 3.745393e-005 
0.000000e+000 1.815611e-269 2.399531e-001 7.586182e-001 1.428699e-003 
0.000000e+000 0.000000e+000 1.485530e-030 9.598124e-001 4.018759e-002 
0.000000e+000 0.000000e+000 2.759039e-059 7.427650e-030 1.000000e+000 
0.000000e+000 0.000000e+000 5.693661e-089 1.655423e-058 1.000000e+000 
0.000000e+000 0.000000e+000 1.174966e-118 3.985563e-088 1.000000e+000 
0.000000e+000 0.000000e+000 7.274121e-148 9.399731e-118 1.000000e+000 
0.000000e+000 0.000000e+000 5.153477e-175 6.546709e-147 1.000000e+000 
0.000000e+000 0.000000e+000 2.509188e-175 2.644288e-174 1.000000e+000 
0.000000e+000 0.000000e+000 5.178059e-205 2.760107e-174 1.000000e+000 
0.000000e+000 0.000000e+000 1.068565e-234 6.213671e-204 1.000000e+000 
0.000000e+000 0.000000e+000 9.923096e-264 1.389134e-233 1.000000e+000 
0.000000e+000 0.000000e+000 1.840337e-293 1.389233e-262 1.000000e+000 
0.000000e+000 0.000000e+000 3.458460e-323 2.760506e-292 1.000000e+000 
0.000000e+000 0.000000e+000 0.000000e+000 0.000000e+000 1.000000e+000 
0.000000e+000 0.000000e+000 0.000000e+000 0.000000e+000 1.000000e+000 
0.000000e+000 0.000000e+000 0.000000e+000 0.000000e+000 1.000000e+000 
0.000000e+000 0.000000e+000 0.000000e+000 0.000000e+000 1.000000e+000 
0.000000e+000 0.000000e+000 0.000000e+000 0.000000e+000 1.000000e+000 
0.000000e+000 0.000000e+000 0.000000e+000 0.000000e+000 1.000000e+000 
0.000000e+000 0.000000e+000 0.000000e+000 0.000000e+000 1.000000e+000 
0.000000e+000 0.000000e+000 0.000000e+000 0.000000e+000 1.000000e+000 
0.000000e+000 0.000000e+000 0.000000e+000 0.000000e+000 1.000000e+000 
0.000000e+000 0.000000e+000 0.000000e+000 0.000000e+000 1.000000e+000 
0.000000e+000 0.000000e+000 0.000000e+000 0.000000e+000 1.000000e+000 
0.000000e+000 0.000000e+000 0.000000e+000 0.000000e+000 1.000000e+000 
0.000000e+000 0.000000e+000 0.000000e+000 0.000000e+000 1.000000e+000 
0.000000e+000 0.000000e+000 0.000000e+000 0.000000e+000 1.000000e+000 
0.000000e+000 0.000000e+000 0.000000e+000 0.000000e+000 1.000000e+000 
0.000000e+000 0.000000e+000 0.000000e+000 0.000000e+000 1.000000e+000 
0.000000e+000 0.000000e+000 0.000000e+000 0.000000e+000 1.000000e+000 
0.000000e+000 0.000000e+000 0.000000e+000 0.000000e+000 1.000000e+000 
0.000000e+000 0.000000e+000 0.000000e+000 0.000000e+000 1.000000e+000 
0.000000e+000 0.000000e+000 0.000000e+000 0.000000e+000 1.000000e+000 



Q star

------------
1  2  3  3  3  3  4  5  5  5  5  5  5  5  5  5  5  5  5  5  5  5  5  5  5  5  5  5  5  5  5  5  5  5  5  5  5  5  
------------

P star

-----------
3.388585e-027

A Martrix

9.332781e-061 1.000000e+000 0.000000e+000 0.000000e+000 0.000000e+000 
0.000000e+000 9.332781e-061 1.000000e+000 0.000000e+000 0.000000e+000 
0.000000e+000 0.000000e+000 5.966397e-001 4.033603e-001 0.000000e+000 
0.000000e+000 0.000000e+000 0.000000e+000 5.966397e-001 4.033603e-001 
0.000000e+000 0.000000e+000 0.000000e+000 0.000000e+000 1.000000e+000 

B Martrix

1.000000e-030 1.000000e-030 1.000000e-030 1.000000e-030 1.000000e-030 1.000000e-030 1.000000e-030 1.000000e-030 1.000000e-030 1.000000e+000 1.000000e-030 1.000000e-030 1.000000e-030 1.000000e-030 1.000000e-030 1.000000e-030 1.000000e-030 1.000000e-030 1.000000e-030 1.000000e-030 1.000000e-030 1.000000e-030 1.000000e-030 1.000000e-030 1.000000e-030 1.000000e-030 1.000000e-030 1.000000e-030 1.000000e-030 1.000000e-030 1.000000e-030 1.000000e-030 
1.000000e-030 1.000000e-030 1.000000e-030 1.000000e-030 1.000000e-030 1.000000e-030 1.000000e-030 1.000000e-030 1.000000e-030 1.000000e+000 1.000000e-030 1.000000e-030 1.000000e-030 1.000000e-030 1.000000e-030 1.000000e-030 1.000000e-030 1.000000e-030 1.000000e-030 1.000000e-030 1.000000e-030 1.000000e-030 1.000000e-030 1.000000e-030 1.000000e-030 1.000000e-030 1.000000e-030 1.000000e-030 1.000000e-030 1.000000e-030 1.000000e-030 1.000000e-030 
1.000000e-030 1.000000e-030 1.000000e-030 1.000000e-030 1.000000e-030 1.000000e-030 1.000000e-030 1.000000e-030 1.000000e-030 1.000000e-030 1.000000e-030 1.000000e-030 1.000000e-030 1.000000e+000 1.000000e-030 1.000000e-030 1.000000e-030 1.000000e-030 1.000000e-030 1.000000e-030 1.000000e-030 1.000000e-030 1.000000e-030 1.000000e-030 1.000000e-030 1.000000e-030 1.000000e-030 1.000000e-030 1.000000e-030 1.000000e-030 1.000000e-030 1.000000e-030 
1.000000e-030 1.000000e-030 1.000000e-030 1.000000e-030 1.000000e-030 1.000000e-030 1.000000e-030 1.000000e-030 1.000000e-030 1.000000e-030 1.000000e-030 1.000000e-030 1.000000e-030 1.000000e+000 1.000000e-030 1.000000e-030 1.000000e-030 1.000000e-030 1.000000e-030 1.000000e-030 1.000000e-030 1.000000e-030 1.000000e-030 1.000000e-030 1.000000e-030 1.000000e-030 1.000000e-030 1.000000e-030 1.000000e-030 1.000000e-030 1.000000e-030 1.000000e-030 
1.000000e-030 1.000000e-030 3.221478e-002 3.221478e-002 1.000000e-030 9.664434e-002 1.000000e-030 1.000000e-030 1.000000e-030 2.899330e-001 1.000000e-030 6.442956e-002 1.000000e-030 3.221478e-002 1.000000e-030 1.000000e-030 1.000000e-030 1.000000e-030 6.442956e-002 3.221478e-002 1.000000e-030 1.000000e-030 1.000000e-030 1.000000e-030 1.000000e-030 3.221478e-002 1.000000e-030 3.234897e-001 1.000000e-030 1.000000e-030 1.000000e-030 1.000000e-030 
Iteraion 4
-----------------

P(O|lamda) = 1.412133e-026

1.000000e+000 0.000000e+000 0.000000e+000 0.000000e+000 0.000000e+000 
9.332781e-061 1.000000e+000 0.000000e+000 0.000000e+000 0.000000e+000 
8.710080e-151 1.866556e-090 1.000000e+000 0.000000e+000 0.000000e+000 
8.128926e-241 2.613024e-180 5.966397e-001 4.033603e-001 0.000000e+000 
0.000000e+000 3.251570e-270 3.559789e-001 4.813215e-001 5.241329e-003 
0.000000e+000 0.000000e+000 2.123912e-001 4.307633e-001 6.423218e-003 
0.000000e+000 0.000000e+000 1.267210e-001 3.426807e-001 5.804331e-003 
0.000000e+000 0.000000e+000 7.560678e-032 2.555711e-031 1.391950e-002 
0.000000e+000 0.000000e+000 4.511001e-062 1.829806e-061 4.484136e-004 
0.000000e+000 0.000000e+000 2.691442e-092 1.273691e-091 1.300099e-004 
0.000000e+000 0.000000e+000 1.605821e-122 8.684968e-122 3.769416e-005 
0.000000e+000 0.000000e+000 9.580968e-153 5.829521e-152 3.642927e-006 
0.000000e+000 0.000000e+000 5.716386e-183 3.864582e-182 1.173561e-007 
0.000000e+000 0.000000e+000 3.410623e-183 2.536339e-182 3.780601e-009 
0.000000e+000 0.000000e+000 2.034913e-213 1.650852e-212 1.096121e-009 
0.000000e+000 0.000000e+000 1.214110e-243 1.067044e-242 3.178016e-010 
0.000000e+000 0.000000e+000 7.243862e-274 6.856132e-273 2.047582e-011 
0.000000e+000 0.000000e+000 4.321975e-304 4.382829e-303 6.623715e-012 
0.000000e+000 0.000000e+000 0.000000e+000 0.000000e+000 2.142703e-012 
0.000000e+000 0.000000e+000 0.000000e+000 0.000000e+000 6.212404e-013 
0.000000e+000 0.000000e+000 0.000000e+000 0.000000e+000 1.801181e-013 
0.000000e+000 0.000000e+000 0.000000e+000 0.000000e+000 1.740740e-014 
0.000000e+000 0.000000e+000 0.000000e+000 0.000000e+000 5.046978e-015 
0.000000e+000 0.000000e+000 0.000000e+000 0.000000e+000 1.463286e-015 
0.000000e+000 0.000000e+000 0.000000e+000 0.000000e+000 4.242548e-016 
0.000000e+000 0.000000e+000 0.000000e+000 0.000000e+000 2.733455e-017 
0.000000e+000 0.000000e+000 0.000000e+000 0.000000e+000 8.805764e-019 
0.000000e+000 0.000000e+000 0.000000e+000 0.000000e+000 5.673515e-020 
0.000000e+000 0.000000e+000 0.000000e+000 0.000000e+000 3.655421e-021 
0.000000e+000 0.000000e+000 0.000000e+000 0.000000e+000 1.177586e-022 
0.000000e+000 0.000000e+000 0.000000e+000 0.000000e+000 3.809368e-023 
0.000000e+000 0.000000e+000 0.000000e+000 0.000000e+000 1.232291e-023 
0.000000e+000 0.000000e+000 0.000000e+000 0.000000e+000 3.986334e-024 
0.000000e+000 0.000000e+000 0.000000e+000 0.000000e+000 1.289538e-024 
0.000000e+000 0.000000e+000 0.000000e+000 0.000000e+000 4.171521e-025 
0.000000e+000 0.000000e+000 0.000000e+000 0.000000e+000 1.349444e-025 
0.000000e+000 0.000000e+000 0.000000e+000 0.000000e+000 4.365312e-026 
0.000000e+000 0.000000e+000 0.000000e+000 0.000000e+000 1.412133e-026 


1.412133e-026 1.056217e-056 7.576727e-057 3.978276e-034 9.862836e-034 
1.766548e-056 1.412133e-026 1.056217e-026 3.160736e-027 3.401764e-033 
1.954906e-056 1.766548e-026 1.412133e-026 5.297560e-027 1.055964e-031 
1.595198e-056 1.954906e-026 1.766548e-026 8.878923e-027 3.277886e-030 
1.650586e-085 1.595198e-026 1.954906e-026 1.487933e-026 1.017510e-028 
5.123693e-114 1.650586e-055 1.595198e-026 2.486977e-026 3.158519e-027 
1.767199e-113 5.123693e-084 1.650586e-055 3.954773e-026 9.804566e-026 
6.095198e-113 1.767199e-083 5.123693e-054 4.092090e-025 1.014500e-024 
6.306834e-082 6.095198e-083 1.767199e-053 1.270252e-023 3.149175e-023 
7.447532e-079 6.306834e-082 6.095198e-053 4.381192e-023 1.086173e-022 
6.077166e-079 7.447532e-079 6.306834e-052 1.511105e-022 3.746291e-022 
2.096059e-078 6.077166e-049 7.447532e-049 1.563573e-021 3.876369e-021 
7.229459e-108 2.096059e-048 6.077166e-019 9.474540e-019 1.203289e-019 
1.122072e-076 7.229459e-078 2.096059e-048 1.506635e-018 3.735208e-018 
3.468648e-076 1.122072e-076 7.229459e-048 5.196492e-018 1.288300e-017 
1.072259e-105 3.468648e-076 1.122072e-046 1.792308e-017 4.443442e-017 
3.698301e-105 1.072259e-075 3.468648e-046 2.781810e-016 6.896589e-016 
1.275571e-104 3.698301e-075 1.072259e-045 8.599379e-016 2.131935e-015 
1.319861e-073 1.275571e-074 3.698301e-045 2.658317e-015 6.590427e-015 
4.552296e-073 1.319861e-073 1.275571e-044 9.168727e-015 2.273086e-014 
1.570120e-102 4.552296e-073 1.319861e-043 3.162361e-014 7.840040e-014 
5.415458e-072 1.570120e-072 4.552296e-043 3.272163e-013 8.112260e-013 
8.405238e-071 5.415458e-072 1.570120e-042 1.128593e-012 2.797977e-012 
2.609125e-069 8.405238e-071 5.415458e-042 3.892599e-012 9.650427e-012 
4.049578e-098 2.609125e-069 8.405238e-041 1.342586e-011 3.328502e-011 
6.285279e-097 4.049578e-068 2.609125e-039 2.083804e-010 5.166111e-010 
1.951055e-095 6.285279e-067 4.049578e-038 6.468472e-009 1.603646e-008 
6.031274e-095 1.951055e-065 6.285279e-037 1.003960e-007 2.488992e-007 
1.864441e-094 6.031274e-065 1.951055e-035 1.558230e-006 3.863121e-006 
5.763526e-094 1.864441e-064 6.031274e-035 4.837002e-005 1.199177e-004 
1.781672e-093 5.763526e-064 1.864441e-034 1.495257e-004 3.707001e-004 
5.507664e-093 1.781672e-063 5.763526e-034 4.622272e-004 1.145941e-003 
1.702578e-092 5.507664e-063 1.781672e-033 1.428878e-003 3.542436e-003 
5.263161e-092 1.702578e-062 5.507664e-033 4.417074e-003 1.095069e-002 
1.000000e-090 5.263161e-062 1.702578e-032 1.365445e-002 3.385175e-002 
1.000000e-060 1.000000e-060 5.263161e-032 4.220986e-002 1.046456e-001 
1.000000e-030 1.000000e-030 1.000000e-030 1.304829e-001 3.234897e-001 
1.000000e+000 1.000000e+000 1.000000e+000 1.000000e+000 1.000000e+000 


1.000000e+000 0.000000e+000 0.000000e+000 0.000000e+000 0.000000e+000 
1.167511e-090 1.000000e+000 0.000000e+000 0.000000e+000 0.000000e+000 
1.205792e-180 2.335021e-090 1.000000e+000 0.000000e+000 0.000000e+000 
9.182739e-271 3.617376e-180 7.463833e-001 2.536167e-001 0.000000e+000 
0.000000e+000 3.673096e-270 4.928044e-001 5.071578e-001 3.776631e-005 
0.000000e+000 0.000000e+000 2.399250e-001 7.586383e-001 1.436682e-003 
0.000000e+000 0.000000e+000 1.481192e-030 9.597000e-001 4.029999e-002 
0.000000e+000 0.000000e+000 2.743268e-059 7.405958e-030 1.000000e+000 
0.000000e+000 0.000000e+000 5.645244e-089 1.645961e-058 1.000000e+000 
0.000000e+000 0.000000e+000 1.161709e-118 3.951671e-088 1.000000e+000 
0.000000e+000 0.000000e+000 7.171880e-148 9.293670e-118 1.000000e+000 
0.000000e+000 0.000000e+000 5.052963e-175 6.454692e-147 1.000000e+000 
0.000000e+000 0.000000e+000 2.460067e-175 2.592895e-174 1.000000e+000 
0.000000e+000 0.000000e+000 5.062459e-205 2.706074e-174 1.000000e+000 
0.000000e+000 0.000000e+000 1.041780e-234 6.074950e-204 1.000000e+000 
0.000000e+000 0.000000e+000 9.647238e-264 1.354314e-233 1.000000e+000 
0.000000e+000 0.000000e+000 1.779323e-293 1.350613e-262 1.000000e+000 
0.000000e+000 0.000000e+000 3.458460e-323 2.668984e-292 1.000000e+000 
0.000000e+000 0.000000e+000 0.000000e+000 0.000000e+000 1.000000e+000 
0.000000e+000 0.000000e+000 0.000000e+000 0.000000e+000 1.000000e+000 
0.000000e+000 0.000000e+000 0.000000e+000 0.000000e+000 1.000000e+000 
0.000000e+000 0.000000e+000 0.000000e+000 0.000000e+000 1.000000e+000 
0.000000e+000 0.000000e+000 0.000000e+000 0.000000e+000 1.000000e+000 
0.000000e+000 0.000000e+000 0.000000e+000 0.000000e+000 1.000000e+000 
0.000000e+000 0.000000e+000 0.000000e+000 0.000000e+000 1.000000e+000 
0.000000e+000 0.000000e+000 0.000000e+000 0.000000e+000 1.000000e+000 
0.000000e+000 0.000000e+000 0.000000e+000 0.000000e+000 1.000000e+000 
0.000000e+000 0.000000e+000 0.000000e+000 0.000000e+000 1.000000e+000 
0.000000e+000 0.000000e+000 0.000000e+000 0.000000e+000 1.000000e+000 
0.000000e+000 0.000000e+000 0.000000e+000 0.000000e+000 1.000000e+000 
0.000000e+000 0.000000e+000 0.000000e+000 0.000000e+000 1.000000e+000 
0.000000e+000 0.000000e+000 0.000000e+000 0.000000e+000 1.000000e+000 
0.000000e+000 0.000000e+000 0.000000e+000 0.000000e+000 1.000000e+000 
0.000000e+000 0.000000e+000 0.000000e+000 0.000000e+000 1.000000e+000 
0.000000e+000 0.000000e+000 0.000000e+000 0.000000e+000 1.000000e+000 
0.000000e+000 0.000000e+000 0.000000e+000 0.000000e+000 1.000000e+000 
0.000000e+000 0.000000e+000 0.000000e+000 0.000000e+000 1.000000e+000 
0.000000e+000 0.000000e+000 0.000000e+000 0.000000e+000 1.000000e+000 



Q star

------------
1  2  3  4  4  4  4  5  5  5  5  5  5  5  5  5  5  5  5  5  5  5  5  5  5  5  5  5  5  5  5  5  5  5  5  5  5  5  
------------

P star

-----------
3.388060e-027

A Martrix

1.167511e-090 1.000000e+000 0.000000e+000 0.000000e+000 0.000000e+000 
0.000000e+000 1.167511e-090 1.000000e+000 0.000000e+000 0.000000e+000 
0.000000e+000 0.000000e+000 5.966299e-001 4.033701e-001 0.000000e+000 
0.000000e+000 0.000000e+000 0.000000e+000 5.966299e-001 4.033701e-001 
0.000000e+000 0.000000e+000 0.000000e+000 0.000000e+000 1.000000e+000 

B Martrix

1.000000e-030 1.000000e-030 1.000000e-030 1.000000e-030 1.000000e-030 1.000000e-030 1.000000e-030 1.000000e-030 1.000000e-030 1.000000e+000 1.000000e-030 1.000000e-030 1.000000e-030 1.000000e-030 1.000000e-030 1.000000e-030 1.000000e-030 1.000000e-030 1.000000e-030 1.000000e-030 1.000000e-030 1.000000e-030 1.000000e-030 1.000000e-030 1.000000e-030 1.000000e-030 1.000000e-030 1.000000e-030 1.000000e-030 1.000000e-030 1.000000e-030 1.000000e-030 
1.000000e-030 1.000000e-030 1.000000e-030 1.000000e-030 1.000000e-030 1.000000e-030 1.000000e-030 1.000000e-030 1.000000e-030 1.000000e+000 1.000000e-030 1.000000e-030 1.000000e-030 1.000000e-030 1.000000e-030 1.000000e-030 1.000000e-030 1.000000e-030 1.000000e-030 1.000000e-030 1.000000e-030 1.000000e-030 1.000000e-030 1.000000e-030 1.000000e-030 1.000000e-030 1.000000e-030 1.000000e-030 1.000000e-030 1.000000e-030 1.000000e-030 1.000000e-030 
1.000000e-030 1.000000e-030 1.000000e-030 1.000000e-030 1.000000e-030 1.000000e-030 1.000000e-030 1.000000e-030 1.000000e-030 1.000000e-030 1.000000e-030 1.000000e-030 1.000000e-030 1.000000e+000 1.000000e-030 1.000000e-030 1.000000e-030 1.000000e-030 1.000000e-030 1.000000e-030 1.000000e-030 1.000000e-030 1.000000e-030 1.000000e-030 1.000000e-030 1.000000e-030 1.000000e-030 1.000000e-030 1.000000e-030 1.000000e-030 1.000000e-030 1.000000e-030 
1.000000e-030 1.000000e-030 1.000000e-030 1.000000e-030 1.000000e-030 1.000000e-030 1.000000e-030 1.000000e-030 1.000000e-030 1.000000e-030 1.000000e-030 1.000000e-030 1.000000e-030 1.000000e+000 1.000000e-030 1.000000e-030 1.000000e-030 1.000000e-030 1.000000e-030 1.000000e-030 1.000000e-030 1.000000e-030 1.000000e-030 1.000000e-030 1.000000e-030 1.000000e-030 1.000000e-030 1.000000e-030 1.000000e-030 1.000000e-030 1.000000e-030 1.000000e-030 
1.000000e-030 1.000000e-030 3.221465e-002 3.221465e-002 1.000000e-030 9.664396e-002 1.000000e-030 1.000000e-030 1.000000e-030 2.899319e-001 1.000000e-030 6.442931e-002 1.000000e-030 3.221465e-002 1.000000e-030 1.000000e-030 1.000000e-030 1.000000e-030 6.442931e-002 3.221465e-002 1.000000e-030 1.000000e-030 1.000000e-030 1.000000e-030 1.000000e-030 3.221465e-002 1.000000e-030 3.234923e-001 1.000000e-030 1.000000e-030 1.000000e-030 1.000000e-030 
=================
