6	6	6	12	12	10	6	6	6	6	6	14	6	6	4	4	12	28	28	26	12	12	12	12	12	12	4	4	4	20	20	4	20	3	4	20	20	20	19	19	19	19	20	20	20	28	28	12	12	28	28	12	12	28	28	28	28	28	12	28	28	28	28	
Iteraion 1
-----------------

P(O|lamda) = 1.498136e-095

3.125000e-002 0.000000e+000 0.000000e+000 0.000000e+000 0.000000e+000 
7.812500e-004 1.953125e-004 0.000000e+000 0.000000e+000 0.000000e+000 
1.953125e-005 9.765625e-006 1.220703e-006 0.000000e+000 0.000000e+000 
4.882813e-007 3.662109e-007 9.155273e-008 7.629395e-009 0.000000e+000 
1.220703e-008 1.220703e-008 4.577637e-009 7.629395e-010 4.768372e-011 
3.051758e-010 3.814697e-010 1.907349e-010 4.768372e-011 6.258488e-012 
7.629395e-012 1.144409e-011 7.152557e-012 2.384186e-012 4.936010e-013 
1.907349e-013 3.337860e-013 2.503395e-013 1.043081e-013 3.032619e-014 
4.768372e-015 9.536743e-015 8.344650e-015 4.172325e-015 1.599619e-015 
1.192093e-016 2.682209e-016 2.682209e-016 1.564622e-016 7.606513e-017 
2.980232e-018 7.450581e-018 8.381903e-018 5.587935e-018 3.354924e-018 
7.450581e-020 2.048910e-019 2.561137e-019 1.920853e-019 1.397660e-019 
1.862645e-021 5.587935e-021 7.683411e-021 6.402843e-021 5.568220e-021 
4.656613e-023 1.513399e-022 2.270099e-022 2.080924e-022 2.140246e-022 
1.164153e-024 4.074536e-024 6.621121e-024 6.621121e-024 7.988847e-024 
2.910383e-026 1.091394e-025 1.909939e-025 2.069100e-025 2.910335e-025 
7.275958e-028 2.910383e-027 5.456968e-027 6.366463e-027 1.038798e-026 
1.818989e-029 7.730705e-029 1.546141e-028 1.932676e-028 3.644149e-028 
4.547474e-031 2.046363e-030 4.348522e-030 5.798029e-030 1.259589e-029 
1.136868e-032 5.400125e-032 1.215028e-031 1.721290e-031 4.298592e-031 
2.842171e-034 1.421085e-033 3.375078e-033 5.062617e-033 1.450891e-032 
7.105427e-036 3.730349e-035 9.325873e-035 1.476597e-034 4.850447e-034 
1.776357e-037 9.769963e-037 2.564615e-036 4.274359e-036 1.608052e-035 
4.440892e-039 2.553513e-038 7.022161e-038 1.228878e-037 5.292309e-037 
1.110223e-040 6.661338e-040 1.915135e-039 3.511080e-039 1.730652e-038 
2.775558e-042 1.734723e-041 5.204170e-041 9.974660e-041 5.627729e-040 
6.938894e-044 4.510281e-043 1.409463e-042 2.818926e-042 1.821007e-041 
1.734723e-045 1.170938e-044 3.805550e-044 7.928228e-044 5.866829e-043 
4.336809e-047 3.035766e-046 1.024571e-045 2.219904e-045 1.882936e-044 
1.084202e-048 7.860466e-048 2.751163e-047 6.190117e-047 6.022918e-046 
2.710505e-050 2.032879e-049 7.369187e-049 1.719477e-048 1.920850e-047 
6.776264e-052 5.251604e-051 1.969352e-050 4.759266e-050 6.110124e-049 
1.694066e-053 1.355253e-052 5.251604e-052 1.312901e-051 1.939159e-050 
4.235165e-055 3.494011e-054 1.397604e-053 3.610478e-053 6.141928e-052 
1.058791e-056 8.999725e-056 3.712387e-055 9.899698e-055 1.941918e-053 
2.646978e-058 2.316106e-057 9.843449e-057 2.706949e-056 6.130367e-055 
6.617445e-060 5.955700e-059 2.605619e-058 7.382587e-058 1.932658e-056 
1.654361e-061 1.530284e-060 6.886279e-060 2.008498e-059 6.085698e-058 
4.135903e-063 3.929108e-062 1.817212e-061 5.451637e-061 1.914334e-059 
1.033976e-064 1.008126e-063 4.788600e-063 1.476485e-062 6.016366e-061 
2.584939e-066 2.584939e-065 1.260158e-064 3.990500e-064 1.889342e-062 
6.462349e-068 6.623907e-067 3.311954e-066 1.076385e-065 5.929135e-064 
1.615587e-069 1.696366e-068 8.693878e-068 2.897959e-067 1.859582e-065 
4.038968e-071 4.341890e-070 2.279492e-069 7.788266e-069 5.829306e-067 
1.009742e-072 1.110716e-071 5.970099e-071 2.089535e-070 1.826526e-068 
2.524355e-074 2.839899e-073 1.561945e-072 5.596968e-072 5.720953e-070 
6.310887e-076 7.257520e-075 4.082355e-074 1.496864e-073 1.791296e-071 
1.577722e-077 1.853823e-076 1.065948e-075 3.997306e-075 5.607155e-073 
3.944305e-079 4.733165e-078 2.780735e-077 1.065948e-076 1.754734e-074 
9.860761e-081 1.207943e-079 7.247660e-079 2.838667e-078 5.490207e-076 
2.465190e-082 3.081488e-081 1.887411e-080 7.549645e-080 1.717464e-077 
6.162976e-084 7.857794e-083 4.911121e-082 2.005375e-081 5.371793e-079 
1.540744e-085 2.002967e-084 1.276892e-083 5.320381e-083 1.679939e-080 
3.851860e-087 5.103714e-086 3.317414e-085 1.409901e-084 5.253134e-082 
9.629650e-089 1.300003e-087 8.612518e-087 3.732091e-086 1.642485e-083 
2.407412e-090 3.310192e-089 2.234380e-088 9.868510e-088 5.135100e-085 
6.018531e-092 8.425944e-091 5.792836e-090 2.606776e-089 1.605335e-086 
1.504633e-093 2.144102e-092 1.500871e-091 6.878993e-091 5.018302e-088 
3.761582e-095 5.454294e-094 3.886184e-093 1.813553e-092 1.568649e-089 
9.403955e-097 1.387083e-095 1.005635e-094 4.776768e-094 4.903163e-091 
2.350989e-098 3.526483e-097 2.600781e-096 1.257044e-095 1.532537e-092 
5.877472e-100 8.963144e-099 6.722358e-098 3.305160e-097 4.789964e-094 
1.469368e-101 2.277520e-100 1.736609e-099 8.683046e-099 1.497070e-095 


4.794037e-094 4.794037e-094 4.794037e-094 4.794037e-094 4.794037e-094 
1.534092e-092 1.534092e-092 1.534092e-092 1.534092e-092 1.534092e-092 
4.909093e-091 4.909093e-091 4.909093e-091 4.909093e-091 4.909093e-091 
1.570910e-089 1.570910e-089 1.570910e-089 1.570910e-089 1.570910e-089 
5.026912e-088 5.026912e-088 5.026912e-088 5.026912e-088 5.026912e-088 
1.608612e-086 1.608612e-086 1.608612e-086 1.608612e-086 1.608612e-086 
5.147558e-085 5.147558e-085 5.147558e-085 5.147558e-085 5.147558e-085 
1.647218e-083 1.647218e-083 1.647218e-083 1.647218e-083 1.647218e-083 
5.271099e-082 5.271099e-082 5.271099e-082 5.271099e-082 5.271099e-082 
1.686752e-080 1.686752e-080 1.686752e-080 1.686752e-080 1.686752e-080 
5.397605e-079 5.397605e-079 5.397605e-079 5.397605e-079 5.397605e-079 
1.727234e-077 1.727234e-077 1.727234e-077 1.727234e-077 1.727234e-077 
5.527148e-076 5.527148e-076 5.527148e-076 5.527148e-076 5.527148e-076 
1.768687e-074 1.768687e-074 1.768687e-074 1.768687e-074 1.768687e-074 
5.659799e-073 5.659799e-073 5.659799e-073 5.659799e-073 5.659799e-073 
1.811136e-071 1.811136e-071 1.811136e-071 1.811136e-071 1.811136e-071 
5.795635e-070 5.795635e-070 5.795635e-070 5.795635e-070 5.795635e-070 
1.854603e-068 1.854603e-068 1.854603e-068 1.854603e-068 1.854603e-068 
5.934730e-067 5.934730e-067 5.934730e-067 5.934730e-067 5.934730e-067 
1.899114e-065 1.899114e-065 1.899114e-065 1.899114e-065 1.899114e-065 
6.077163e-064 6.077163e-064 6.077163e-064 6.077163e-064 6.077163e-064 
1.944692e-062 1.944692e-062 1.944692e-062 1.944692e-062 1.944692e-062 
6.223015e-061 6.223015e-061 6.223015e-061 6.223015e-061 6.223015e-061 
1.991365e-059 1.991365e-059 1.991365e-059 1.991365e-059 1.991365e-059 
6.372368e-058 6.372368e-058 6.372368e-058 6.372368e-058 6.372368e-058 
2.039158e-056 2.039158e-056 2.039158e-056 2.039158e-056 2.039158e-056 
6.525304e-055 6.525304e-055 6.525304e-055 6.525304e-055 6.525304e-055 
2.088097e-053 2.088097e-053 2.088097e-053 2.088097e-053 2.088097e-053 
6.681912e-052 6.681912e-052 6.681912e-052 6.681912e-052 6.681912e-052 
2.138212e-050 2.138212e-050 2.138212e-050 2.138212e-050 2.138212e-050 
6.842278e-049 6.842278e-049 6.842278e-049 6.842278e-049 6.842278e-049 
2.189529e-047 2.189529e-047 2.189529e-047 2.189529e-047 2.189529e-047 
7.006492e-046 7.006492e-046 7.006492e-046 7.006492e-046 7.006492e-046 
2.242078e-044 2.242078e-044 2.242078e-044 2.242078e-044 2.242078e-044 
7.174648e-043 7.174648e-043 7.174648e-043 7.174648e-043 7.174648e-043 
2.295887e-041 2.295887e-041 2.295887e-041 2.295887e-041 2.295887e-041 
7.346840e-040 7.346840e-040 7.346840e-040 7.346840e-040 7.346840e-040 
2.350989e-038 2.350989e-038 2.350989e-038 2.350989e-038 2.350989e-038 
7.523164e-037 7.523164e-037 7.523164e-037 7.523164e-037 7.523164e-037 
2.407412e-035 2.407412e-035 2.407412e-035 2.407412e-035 2.407412e-035 
7.703720e-034 7.703720e-034 7.703720e-034 7.703720e-034 7.703720e-034 
2.465190e-032 2.465190e-032 2.465190e-032 2.465190e-032 2.465190e-032 
7.888609e-031 7.888609e-031 7.888609e-031 7.888609e-031 7.888609e-031 
2.524355e-029 2.524355e-029 2.524355e-029 2.524355e-029 2.524355e-029 
8.077936e-028 8.077936e-028 8.077936e-028 8.077936e-028 8.077936e-028 
2.584939e-026 2.584939e-026 2.584939e-026 2.584939e-026 2.584939e-026 
8.271806e-025 8.271806e-025 8.271806e-025 8.271806e-025 8.271806e-025 
2.646978e-023 2.646978e-023 2.646978e-023 2.646978e-023 2.646978e-023 
8.470329e-022 8.470329e-022 8.470329e-022 8.470329e-022 8.470329e-022 
2.710505e-020 2.710505e-020 2.710505e-020 2.710505e-020 2.710505e-020 
8.673617e-019 8.673617e-019 8.673617e-019 8.673617e-019 8.673617e-019 
2.775558e-017 2.775558e-017 2.775558e-017 2.775558e-017 2.775558e-017 
8.881784e-016 8.881784e-016 8.881784e-016 8.881784e-016 8.881784e-016 
2.842171e-014 2.842171e-014 2.842171e-014 2.842171e-014 2.842171e-014 
9.094947e-013 9.094947e-013 9.094947e-013 9.094947e-013 9.094947e-013 
2.910383e-011 2.910383e-011 2.910383e-011 2.910383e-011 2.910383e-011 
9.313226e-010 9.313226e-010 9.313226e-010 9.313226e-010 9.313226e-010 
2.980232e-008 2.980232e-008 2.980232e-008 2.980232e-008 2.980232e-008 
9.536743e-007 9.536743e-007 9.536743e-007 9.536743e-007 9.536743e-007 
3.051758e-005 3.051758e-005 3.051758e-005 3.051758e-005 3.051758e-005 
9.765625e-004 9.765625e-004 9.765625e-004 9.765625e-004 9.765625e-004 
3.125000e-002 3.125000e-002 3.125000e-002 3.125000e-002 3.125000e-002 
1.000000e+000 1.000000e+000 1.000000e+000 1.000000e+000 1.000000e+000 


1.000000e+000 0.000000e+000 0.000000e+000 0.000000e+000 0.000000e+000 
8.000000e-001 2.000000e-001 0.000000e+000 0.000000e+000 0.000000e+000 
6.400000e-001 3.200000e-001 4.000000e-002 0.000000e+000 0.000000e+000 
5.120000e-001 3.840000e-001 9.600000e-002 8.000000e-003 0.000000e+000 
4.096000e-001 4.096000e-001 1.536000e-001 2.560000e-002 1.600000e-003 
3.276800e-001 4.096000e-001 2.048000e-001 5.120000e-002 6.720000e-003 
2.621440e-001 3.932160e-001 2.457600e-001 8.192000e-002 1.696000e-002 
2.097152e-001 3.670016e-001 2.752512e-001 1.146880e-001 3.334400e-002 
1.677722e-001 3.355443e-001 2.936013e-001 1.468006e-001 5.628160e-002 
1.342177e-001 3.019899e-001 3.019899e-001 1.761608e-001 8.564173e-002 
1.073742e-001 2.684355e-001 3.019899e-001 2.013266e-001 1.208739e-001 
8.589935e-002 2.362232e-001 2.952790e-001 2.214593e-001 1.611392e-001 
6.871948e-002 2.061584e-001 2.834678e-001 2.362232e-001 2.054311e-001 
5.497558e-002 1.786706e-001 2.680060e-001 2.456721e-001 2.526757e-001 
4.398047e-002 1.539316e-001 2.501389e-001 2.501389e-001 3.018101e-001 
3.518437e-002 1.319414e-001 2.308974e-001 2.501389e-001 3.518379e-001 
2.814750e-002 1.125900e-001 2.111062e-001 2.462906e-001 4.018657e-001 
2.251800e-002 9.570149e-002 1.914030e-001 2.392537e-001 4.511238e-001 
1.801440e-002 8.106479e-002 1.722627e-001 2.296836e-001 4.989745e-001 
1.441152e-002 6.845471e-002 1.540231e-001 2.181994e-001 5.449113e-001 
1.152922e-002 5.764608e-002 1.369094e-001 2.053641e-001 5.885511e-001 
9.223372e-003 4.842270e-002 1.210568e-001 1.916732e-001 6.296240e-001 
7.378698e-003 4.058284e-002 1.065299e-001 1.775499e-001 6.679586e-001 
5.902958e-003 3.394201e-002 9.334053e-002 1.633459e-001 7.034686e-001 
4.722366e-003 2.833420e-002 8.146082e-002 1.493448e-001 7.361378e-001 
3.777893e-003 2.361183e-002 7.083550e-002 1.357680e-001 7.660067e-001 
3.022315e-003 1.964504e-002 6.139076e-002 1.227815e-001 7.931603e-001 
2.417852e-003 1.632050e-002 5.304162e-002 1.105034e-001 8.177167e-001 
1.934281e-003 1.353997e-002 4.569740e-002 9.901102e-002 8.398173e-001 
1.547425e-003 1.121883e-002 3.926591e-002 8.834830e-002 8.596195e-001 
1.237940e-003 9.284550e-003 3.365649e-002 7.853182e-002 8.772892e-001 
9.903520e-004 7.675228e-003 2.878211e-002 6.955676e-002 8.929956e-001 
7.922816e-004 6.338253e-003 2.456073e-002 6.140183e-002 9.069069e-001 
6.338253e-004 5.229059e-003 2.091623e-002 5.403361e-002 9.191873e-001 
5.070602e-004 4.310012e-003 1.777880e-002 4.741013e-002 9.299940e-001 
4.056482e-004 3.549422e-003 1.508504e-002 4.148387e-002 9.394760e-001 
3.245186e-004 2.920667e-003 1.277792e-002 3.620410e-002 9.477728e-001 
2.596148e-004 2.401437e-003 1.080647e-002 3.151886e-002 9.550136e-001 
2.076919e-004 1.973073e-003 9.125462e-003 2.737639e-002 9.613174e-001 
1.661535e-004 1.619997e-003 7.694984e-003 2.372620e-002 9.667927e-001 
1.329228e-004 1.329228e-003 6.479986e-003 2.051996e-002 9.715379e-001 
1.063382e-004 1.089967e-003 5.449835e-003 1.771196e-002 9.756419e-001 
8.507059e-005 8.932412e-004 4.577861e-003 1.525954e-002 9.791843e-001 
6.805647e-005 7.316071e-004 3.840937e-003 1.312320e-002 9.822362e-001 
5.444518e-005 5.988970e-004 3.219071e-003 1.126675e-002 9.848608e-001 
4.355614e-005 4.900066e-004 2.695036e-003 9.657214e-003 9.871142e-001 
3.484491e-005 4.007165e-004 2.254030e-003 8.264778e-003 9.890456e-001 
2.787593e-005 3.275422e-004 1.883368e-003 7.062629e-003 9.906986e-001 
2.230075e-005 2.676089e-004 1.572203e-003 6.026776e-003 9.921111e-001 
1.784060e-005 2.185473e-004 1.311284e-003 5.135862e-003 9.933165e-001 
1.427248e-005 1.784060e-004 1.092737e-003 4.370946e-003 9.943436e-001 
1.141798e-005 1.455793e-004 9.098704e-004 3.715304e-003 9.952178e-001 
9.134385e-006 1.187470e-004 7.570122e-004 3.154217e-003 9.959609e-001 
7.307508e-006 9.682448e-005 6.293591e-004 2.674776e-003 9.965917e-001 
5.846007e-006 7.892109e-005 5.228522e-004 2.265693e-003 9.971267e-001 
4.676805e-006 6.430607e-005 4.340660e-004 1.917125e-003 9.975798e-001 
3.741444e-006 5.238022e-005 3.601140e-004 1.620513e-003 9.979633e-001 
2.993155e-006 4.265246e-005 2.985672e-004 1.368433e-003 9.982874e-001 
2.394524e-006 3.472060e-005 2.473843e-004 1.154460e-003 9.985610e-001 
1.915619e-006 2.825539e-005 2.048516e-004 9.730449e-004 9.987919e-001 
1.532496e-006 2.298743e-005 1.695323e-004 8.194062e-004 9.989865e-001 
1.225996e-006 1.869645e-005 1.402233e-004 6.894314e-004 9.991504e-001 
9.807971e-007 1.520236e-005 1.159180e-004 5.795898e-004 9.992883e-001 



Q star

------------
1  2  3  4  5  5  5  5  5  5  5  5  5  5  5  5  5  5  5  5  5  5  5  5  5  5  5  5  5  5  5  5  5  5  5  5  5  5  5  5  5  5  5  5  5  5  5  5  5  5  5  5  5  5  5  5  5  5  5  5  5  5  5  
------------

P star

-----------
2.397018e-098

A Martrix

8.000000e-001 2.000000e-001 0.000000e+000 0.000000e+000 0.000000e+000 
0.000000e+000 8.000000e-001 2.000000e-001 0.000000e+000 0.000000e+000 
0.000000e+000 0.000000e+000 8.000000e-001 2.000000e-001 0.000000e+000 
0.000000e+000 0.000000e+000 0.000000e+000 8.000000e-001 2.000000e-001 
0.000000e+000 0.000000e+000 0.000000e+000 0.000000e+000 1.000000e+000 

B Martrix

1.000000e-030 1.000000e-030 1.000000e-030 1.000000e-030 1.000000e-030 1.000000e+000 1.000000e-030 1.000000e-030 1.000000e-030 1.000000e-030 1.000000e-030 1.000000e-030 1.000000e-030 1.000000e-030 1.000000e-030 1.000000e-030 1.000000e-030 1.000000e-030 1.000000e-030 1.000000e-030 1.000000e-030 1.000000e-030 1.000000e-030 1.000000e-030 1.000000e-030 1.000000e-030 1.000000e-030 1.000000e-030 1.000000e-030 1.000000e-030 1.000000e-030 1.000000e-030 
1.000000e-030 1.000000e-030 1.000000e-030 1.000000e-030 1.000000e-030 1.000000e+000 1.000000e-030 1.000000e-030 1.000000e-030 1.000000e-030 1.000000e-030 1.000000e-030 1.000000e-030 1.000000e-030 1.000000e-030 1.000000e-030 1.000000e-030 1.000000e-030 1.000000e-030 1.000000e-030 1.000000e-030 1.000000e-030 1.000000e-030 1.000000e-030 1.000000e-030 1.000000e-030 1.000000e-030 1.000000e-030 1.000000e-030 1.000000e-030 1.000000e-030 1.000000e-030 
1.000000e-030 1.000000e-030 1.000000e-030 1.000000e-030 1.000000e-030 1.000000e+000 1.000000e-030 1.000000e-030 1.000000e-030 1.000000e-030 1.000000e-030 1.000000e-030 1.000000e-030 1.000000e-030 1.000000e-030 1.000000e-030 1.000000e-030 1.000000e-030 1.000000e-030 1.000000e-030 1.000000e-030 1.000000e-030 1.000000e-030 1.000000e-030 1.000000e-030 1.000000e-030 1.000000e-030 1.000000e-030 1.000000e-030 1.000000e-030 1.000000e-030 1.000000e-030 
1.000000e-030 1.000000e-030 1.000000e-030 1.000000e-030 1.000000e-030 1.000000e-030 1.000000e-030 1.000000e-030 1.000000e-030 1.000000e-030 1.000000e-030 1.000000e+000 1.000000e-030 1.000000e-030 1.000000e-030 1.000000e-030 1.000000e-030 1.000000e-030 1.000000e-030 1.000000e-030 1.000000e-030 1.000000e-030 1.000000e-030 1.000000e-030 1.000000e-030 1.000000e-030 1.000000e-030 1.000000e-030 1.000000e-030 1.000000e-030 1.000000e-030 1.000000e-030 
1.000000e-030 1.000000e-030 2.137466e-002 1.145795e-001 1.000000e-030 1.793357e-002 1.000000e-030 1.000000e-030 1.000000e-030 1.562660e-004 1.000000e-030 2.201621e-001 1.000000e-030 3.747110e-003 1.000000e-030 1.000000e-030 1.000000e-030 1.000000e-030 9.011549e-002 1.960850e-001 1.000000e-030 1.000000e-030 1.000000e-030 1.000000e-030 1.000000e-030 1.267130e-002 1.000000e-030 3.231750e-001 1.000000e-030 1.000000e-030 1.000000e-030 1.000000e-030 
Iteraion 2
-----------------

P(O|lamda) = 6.429258e-058

1.000000e+000 0.000000e+000 0.000000e+000 0.000000e+000 0.000000e+000 
8.000000e-001 2.000000e-001 0.000000e+000 0.000000e+000 0.000000e+000 
6.400000e-001 3.200000e-001 4.000000e-002 0.000000e+000 0.000000e+000 
5.120000e-031 3.840000e-031 9.600000e-032 8.000000e-003 0.000000e+000 
4.096000e-061 4.096000e-061 1.536000e-061 6.400000e-003 3.522594e-004 
3.276800e-091 4.096000e-091 2.048000e-091 5.120000e-033 2.550667e-007 
2.621440e-091 3.932160e-091 2.457600e-091 4.096000e-063 4.574256e-009 
2.097152e-091 3.670016e-091 2.752512e-091 3.276800e-093 8.203274e-011 
1.677722e-091 3.355443e-091 2.936013e-091 5.767168e-122 1.471140e-012 
1.342177e-091 3.019899e-091 3.019899e-091 5.872026e-122 2.638279e-014 
1.073742e-091 2.684355e-091 3.019899e-091 6.039798e-122 4.731376e-016 
8.589935e-122 2.362232e-121 2.952790e-121 6.039798e-122 1.772899e-018 
6.871948e-122 2.061584e-121 2.834678e-121 1.073742e-151 3.179440e-020 
5.497558e-122 1.786706e-121 2.680060e-121 5.669357e-152 5.701872e-022 
4.398047e-152 1.539316e-151 2.501389e-151 5.360119e-152 6.533178e-023 
3.518437e-182 1.319414e-181 2.308974e-181 9.290873e-182 7.485686e-024 
2.814750e-212 1.125900e-211 2.111062e-211 1.205065e-181 1.648064e-024 
2.251800e-242 9.570149e-242 1.914030e-241 9.640518e-212 5.326131e-025 
1.801440e-272 8.106479e-272 1.722627e-271 7.712414e-242 1.721272e-025 
1.441152e-302 6.845471e-302 1.540231e-301 6.169931e-272 2.181075e-027 
0.000000e+000 0.000000e+000 0.000000e+000 4.935945e-272 4.801901e-028 
0.000000e+000 0.000000e+000 0.000000e+000 3.948756e-272 1.057197e-028 
0.000000e+000 0.000000e+000 0.000000e+000 3.159005e-272 2.327546e-029 
0.000000e+000 0.000000e+000 0.000000e+000 2.527204e-272 5.124376e-030 
0.000000e+000 0.000000e+000 0.000000e+000 2.021763e-272 1.128193e-030 
0.000000e+000 0.000000e+000 0.000000e+000 1.617411e-272 2.483854e-031 
0.000000e+000 0.000000e+000 0.000000e+000 1.293928e-302 2.845989e-032 
0.000000e+000 0.000000e+000 0.000000e+000 0.000000e+000 3.260921e-033 
0.000000e+000 0.000000e+000 0.000000e+000 0.000000e+000 3.736348e-034 
0.000000e+000 0.000000e+000 0.000000e+000 0.000000e+000 7.326418e-035 
0.000000e+000 0.000000e+000 0.000000e+000 0.000000e+000 1.436601e-035 
0.000000e+000 0.000000e+000 0.000000e+000 0.000000e+000 1.646050e-036 
0.000000e+000 0.000000e+000 0.000000e+000 0.000000e+000 3.227658e-037 
0.000000e+000 0.000000e+000 0.000000e+000 0.000000e+000 6.899010e-039 
0.000000e+000 0.000000e+000 0.000000e+000 0.000000e+000 7.904854e-040 
0.000000e+000 0.000000e+000 0.000000e+000 0.000000e+000 1.550023e-040 
0.000000e+000 0.000000e+000 0.000000e+000 0.000000e+000 3.039363e-041 
0.000000e+000 0.000000e+000 0.000000e+000 0.000000e+000 5.959735e-042 
0.000000e+000 0.000000e+000 0.000000e+000 0.000000e+000 5.370644e-043 
0.000000e+000 0.000000e+000 0.000000e+000 0.000000e+000 4.839782e-044 
0.000000e+000 0.000000e+000 0.000000e+000 0.000000e+000 4.361394e-045 
0.000000e+000 0.000000e+000 0.000000e+000 0.000000e+000 3.930291e-046 
0.000000e+000 0.000000e+000 0.000000e+000 0.000000e+000 7.706711e-047 
0.000000e+000 0.000000e+000 0.000000e+000 0.000000e+000 1.511170e-047 
0.000000e+000 0.000000e+000 0.000000e+000 0.000000e+000 2.963179e-048 
0.000000e+000 0.000000e+000 0.000000e+000 0.000000e+000 9.576251e-049 
0.000000e+000 0.000000e+000 0.000000e+000 0.000000e+000 3.094804e-049 
0.000000e+000 0.000000e+000 0.000000e+000 0.000000e+000 6.813587e-050 
0.000000e+000 0.000000e+000 0.000000e+000 0.000000e+000 1.500094e-050 
0.000000e+000 0.000000e+000 0.000000e+000 0.000000e+000 4.847927e-051 
0.000000e+000 0.000000e+000 0.000000e+000 0.000000e+000 1.566729e-051 
0.000000e+000 0.000000e+000 0.000000e+000 0.000000e+000 3.449343e-052 
0.000000e+000 0.000000e+000 0.000000e+000 0.000000e+000 7.594146e-053 
0.000000e+000 0.000000e+000 0.000000e+000 0.000000e+000 2.454238e-053 
0.000000e+000 0.000000e+000 0.000000e+000 0.000000e+000 7.931482e-054 
0.000000e+000 0.000000e+000 0.000000e+000 0.000000e+000 2.563256e-054 
0.000000e+000 0.000000e+000 0.000000e+000 0.000000e+000 8.283803e-055 
0.000000e+000 0.000000e+000 0.000000e+000 0.000000e+000 2.677118e-055 
0.000000e+000 0.000000e+000 0.000000e+000 0.000000e+000 5.893999e-056 
0.000000e+000 0.000000e+000 0.000000e+000 0.000000e+000 1.904793e-056 
0.000000e+000 0.000000e+000 0.000000e+000 0.000000e+000 6.155813e-057 
0.000000e+000 0.000000e+000 0.000000e+000 0.000000e+000 1.989405e-057 
0.000000e+000 0.000000e+000 0.000000e+000 0.000000e+000 6.429258e-058 


6.429258e-058 5.143406e-057 1.028681e-056 1.228062e-060 6.140311e-060 
6.302192e-088 3.214629e-057 1.285852e-056 6.847840e-059 3.423920e-058 
4.032990e-144 3.151096e-087 1.607314e-056 6.811102e-056 1.909224e-056 
4.006255e-132 2.016495e-113 1.575548e-056 8.036572e-056 8.671900e-056 
3.576189e-102 5.726519e-102 1.008247e-082 7.877740e-056 3.938870e-055 
2.979198e-072 5.964153e-072 4.775982e-072 5.041237e-052 2.520619e-051 
2.233323e-072 5.962697e-072 5.969978e-072 2.811062e-050 1.405531e-049 
1.394716e-072 5.587754e-072 7.462472e-072 1.567486e-048 7.837429e-048 
5.802256e-073 4.652676e-072 9.328068e-072 8.740512e-047 4.370256e-046 
6.482492e-098 2.901128e-072 1.165887e-071 4.873827e-045 2.436913e-044 
3.959330e-098 1.657514e-097 1.450564e-071 2.717711e-043 1.358856e-042 
1.574549e-068 1.349845e-067 2.888190e-067 7.252820e-041 3.626410e-040 
2.134781e-096 7.872747e-068 3.600127e-067 4.044270e-039 2.022135e-038 
6.241754e-097 8.177203e-096 3.936374e-067 2.255139e-037 1.127570e-036 
1.931385e-126 3.120877e-066 2.840251e-065 1.968187e-036 9.840934e-036 
5.976284e-126 9.656927e-096 1.560438e-035 7.959501e-035 8.588736e-035 
5.989402e-120 2.988142e-095 4.828463e-065 7.802192e-035 3.901096e-034 
1.871541e-090 2.246085e-089 1.494071e-064 2.414232e-034 1.207116e-033 
2.336748e-090 9.357704e-060 7.487343e-059 7.470355e-034 3.735178e-033 
2.908773e-090 1.168374e-059 4.678852e-029 1.872130e-028 2.947747e-031 
3.580721e-090 1.454386e-059 5.841871e-029 2.339426e-028 1.338898e-030 
4.224972e-090 1.790360e-059 7.271931e-029 2.920935e-028 6.081421e-030 
4.141472e-090 2.112486e-059 8.951802e-029 3.635966e-028 2.762247e-029 
3.614495e-119 2.070736e-059 1.056243e-028 4.475901e-028 1.254642e-028 
3.154573e-118 1.807247e-088 1.035368e-028 5.281216e-028 5.698720e-028 
2.753173e-117 1.577286e-087 9.036237e-058 5.176840e-028 2.588420e-027 
1.404071e-116 1.376586e-086 7.886432e-057 4.518119e-027 2.259059e-026 
7.160523e-116 7.020356e-086 6.882932e-056 3.943216e-026 1.971608e-025 
6.249391e-115 3.580261e-085 3.510178e-055 3.441466e-025 1.720733e-024 
3.187082e-114 3.124695e-084 1.790131e-054 1.755089e-024 8.775444e-024 
1.491056e-112 1.593541e-083 1.562348e-053 8.950654e-024 4.475327e-023 
1.301329e-111 7.455282e-082 7.967706e-053 7.811738e-023 3.905869e-022 
6.636554e-111 6.506643e-081 3.727641e-051 3.983853e-022 1.991927e-021 
3.384529e-110 3.318277e-080 3.253321e-050 1.863820e-020 9.319102e-020 
1.726052e-109 1.692265e-079 1.659138e-049 1.626661e-019 8.133304e-019 
1.915378e-108 8.630260e-079 8.461323e-049 8.295692e-019 4.147846e-018 
2.125470e-107 9.576889e-078 4.315130e-048 4.230661e-018 2.115331e-017 
2.358607e-106 1.062735e-076 4.788444e-047 2.157565e-017 1.078783e-016 
2.617316e-105 1.179303e-075 5.313675e-046 2.394222e-016 1.197111e-015 
1.334786e-104 1.308658e-074 5.896517e-045 2.656838e-015 1.328419e-014 
6.807182e-104 6.673931e-074 6.543289e-044 2.948258e-014 1.474129e-013 
3.471547e-103 3.403591e-073 3.336966e-043 3.271644e-013 1.635822e-012 
1.074200e-102 1.735773e-072 1.701795e-042 1.668483e-012 8.342414e-012 
2.271865e-100 5.371002e-072 8.678866e-042 8.508977e-012 4.254489e-011 
6.995707e-071 8.561043e-070 2.685501e-041 4.339433e-011 2.169717e-010 
6.857446e-071 3.497854e-040 2.881380e-039 1.342750e-010 6.713752e-010 
2.121899e-100 3.428723e-040 1.748927e-009 7.411194e-009 2.077436e-009 
4.487681e-098 1.060950e-069 1.714362e-009 8.744634e-009 9.435937e-009 
1.381882e-068 1.691088e-067 5.304748e-039 8.571808e-009 4.285904e-008 
1.354571e-068 6.909411e-038 5.691674e-037 2.652374e-008 1.326187e-007 
4.191449e-098 6.772856e-038 3.454706e-007 1.463955e-006 4.103619e-007 
1.296960e-097 2.095724e-067 3.386428e-007 1.727353e-006 1.863908e-006 
4.013181e-097 6.484798e-067 1.047862e-036 1.693214e-006 8.466070e-006 
1.241798e-096 2.006591e-066 3.242399e-036 5.239311e-006 2.619655e-005 
5.969218e-095 6.208992e-066 1.003295e-035 1.621200e-005 8.105998e-005 
1.745303e-065 2.286488e-064 3.104496e-035 5.016476e-005 2.508238e-004 
5.400489e-095 8.726514e-035 7.941835e-034 1.552248e-004 7.761239e-004 
1.671073e-094 2.700244e-064 4.363257e-004 2.225615e-003 2.401560e-003 
5.170799e-094 8.355364e-064 1.350122e-033 2.181628e-003 1.090814e-002 
1.000000e-090 2.585400e-063 4.177682e-033 6.750611e-003 3.375306e-002 
1.000000e-060 1.000000e-060 1.292700e-032 2.088841e-002 1.044421e-001 
1.000000e-030 1.000000e-030 1.000000e-030 6.463499e-002 3.231750e-001 
1.000000e+000 1.000000e+000 1.000000e+000 1.000000e+000 1.000000e+000 


1.000000e+000 0.000000e+000 0.000000e+000 0.000000e+000 0.000000e+000 
7.841891e-031 1.000000e+000 0.000000e+000 0.000000e+000 0.000000e+000 
4.014637e-087 1.568378e-030 1.000000e+000 0.000000e+000 0.000000e+000 
3.190419e-105 1.204391e-086 2.352567e-030 1.000000e+000 0.000000e+000 
2.278346e-105 3.648294e-105 2.408782e-086 7.841891e-001 2.158109e-001 
1.518408e-105 3.799688e-105 1.521359e-105 4.014637e-027 1.000000e+000 
9.106064e-106 3.646810e-105 2.282039e-105 1.790892e-055 1.000000e+000 
4.549406e-106 3.189660e-105 3.194854e-105 7.989005e-084 1.000000e+000 
1.514105e-106 2.428241e-105 4.259796e-105 7.840407e-111 1.000000e+000 
1.353291e-131 1.362694e-105 5.476308e-105 4.451406e-109 1.000000e+000 
6.612424e-132 6.920481e-131 6.813472e-105 2.553083e-107 1.000000e+000 
2.103707e-132 4.959589e-131 1.326470e-130 6.813472e-105 1.000000e+000 
2.281773e-160 2.524449e-131 1.587306e-130 6.754282e-133 1.000000e+000 
5.337227e-161 2.272465e-159 1.640892e-130 1.988595e-131 1.000000e+000 
1.321198e-220 7.472117e-160 1.105038e-158 1.640892e-130 1.000000e+000 
3.270546e-250 1.981797e-219 5.604088e-159 1.150222e-158 1.000000e+000 
2.622180e-274 5.232873e-249 1.585438e-218 1.462400e-158 1.000000e+000 
6.554933e-275 3.343367e-273 4.447942e-248 3.620083e-188 1.000000e+000 
6.547430e-305 1.179888e-273 2.006125e-272 8.961295e-218 1.000000e+000 
0.000000e+000 1.244012e-303 1.120894e-272 1.796617e-242 1.000000e+000 
0.000000e+000 0.000000e+000 0.000000e+000 1.796052e-242 1.000000e+000 
0.000000e+000 0.000000e+000 0.000000e+000 1.793996e-242 1.000000e+000 
0.000000e+000 0.000000e+000 0.000000e+000 1.786526e-242 1.000000e+000 
0.000000e+000 0.000000e+000 0.000000e+000 1.759381e-242 1.000000e+000 
0.000000e+000 0.000000e+000 0.000000e+000 1.660746e-242 1.000000e+000 
0.000000e+000 0.000000e+000 0.000000e+000 1.302339e-242 1.000000e+000 
0.000000e+000 0.000000e+000 0.000000e+000 9.092997e-272 1.000000e+000 
0.000000e+000 0.000000e+000 0.000000e+000 0.000000e+000 1.000000e+000 
0.000000e+000 0.000000e+000 0.000000e+000 0.000000e+000 1.000000e+000 
0.000000e+000 0.000000e+000 0.000000e+000 0.000000e+000 1.000000e+000 
0.000000e+000 0.000000e+000 0.000000e+000 0.000000e+000 1.000000e+000 
0.000000e+000 0.000000e+000 0.000000e+000 0.000000e+000 1.000000e+000 
0.000000e+000 0.000000e+000 0.000000e+000 0.000000e+000 1.000000e+000 
0.000000e+000 0.000000e+000 0.000000e+000 0.000000e+000 1.000000e+000 
0.000000e+000 0.000000e+000 0.000000e+000 0.000000e+000 1.000000e+000 
0.000000e+000 0.000000e+000 0.000000e+000 0.000000e+000 1.000000e+000 
0.000000e+000 0.000000e+000 0.000000e+000 0.000000e+000 1.000000e+000 
0.000000e+000 0.000000e+000 0.000000e+000 0.000000e+000 1.000000e+000 
0.000000e+000 0.000000e+000 0.000000e+000 0.000000e+000 1.000000e+000 
0.000000e+000 0.000000e+000 0.000000e+000 0.000000e+000 1.000000e+000 
0.000000e+000 0.000000e+000 0.000000e+000 0.000000e+000 1.000000e+000 
0.000000e+000 0.000000e+000 0.000000e+000 0.000000e+000 1.000000e+000 
0.000000e+000 0.000000e+000 0.000000e+000 0.000000e+000 1.000000e+000 
0.000000e+000 0.000000e+000 0.000000e+000 0.000000e+000 1.000000e+000 
0.000000e+000 0.000000e+000 0.000000e+000 0.000000e+000 1.000000e+000 
0.000000e+000 0.000000e+000 0.000000e+000 0.000000e+000 1.000000e+000 
0.000000e+000 0.000000e+000 0.000000e+000 0.000000e+000 1.000000e+000 
0.000000e+000 0.000000e+000 0.000000e+000 0.000000e+000 1.000000e+000 
0.000000e+000 0.000000e+000 0.000000e+000 0.000000e+000 1.000000e+000 
0.000000e+000 0.000000e+000 0.000000e+000 0.000000e+000 1.000000e+000 
0.000000e+000 0.000000e+000 0.000000e+000 0.000000e+000 1.000000e+000 
0.000000e+000 0.000000e+000 0.000000e+000 0.000000e+000 1.000000e+000 
0.000000e+000 0.000000e+000 0.000000e+000 0.000000e+000 1.000000e+000 
0.000000e+000 0.000000e+000 0.000000e+000 0.000000e+000 1.000000e+000 
0.000000e+000 0.000000e+000 0.000000e+000 0.000000e+000 1.000000e+000 
0.000000e+000 0.000000e+000 0.000000e+000 0.000000e+000 1.000000e+000 
0.000000e+000 0.000000e+000 0.000000e+000 0.000000e+000 1.000000e+000 
0.000000e+000 0.000000e+000 0.000000e+000 0.000000e+000 1.000000e+000 
0.000000e+000 0.000000e+000 0.000000e+000 0.000000e+000 1.000000e+000 
0.000000e+000 0.000000e+000 0.000000e+000 0.000000e+000 1.000000e+000 
0.000000e+000 0.000000e+000 0.000000e+000 0.000000e+000 1.000000e+000 
0.000000e+000 0.000000e+000 0.000000e+000 0.000000e+000 1.000000e+000 
0.000000e+000 0.000000e+000 0.000000e+000 0.000000e+000 1.000000e+000 



Q star

------------
1  2  3  4  4  5  5  5  5  5  5  5  5  5  5  5  5  5  5  5  5  5  5  5  5  5  5  5  5  5  5  5  5  5  5  5  5  5  5  5  5  5  5  5  5  5  5  5  5  5  5  5  5  5  5  5  5  5  5  5  5  5  5  
------------

P star

-----------
5.041754e-058

A Martrix

7.841891e-031 1.000000e+000 0.000000e+000 0.000000e+000 0.000000e+000 
0.000000e+000 7.841891e-031 1.000000e+000 0.000000e+000 0.000000e+000 
0.000000e+000 0.000000e+000 7.841891e-031 1.000000e+000 0.000000e+000 
0.000000e+000 0.000000e+000 0.000000e+000 4.395213e-001 5.604787e-001 
0.000000e+000 0.000000e+000 0.000000e+000 0.000000e+000 1.000000e+000 

B Martrix

1.000000e-030 1.000000e-030 1.000000e-030 1.000000e-030 1.000000e-030 1.000000e+000 1.000000e-030 1.000000e-030 1.000000e-030 1.000000e-030 1.000000e-030 1.000000e-030 1.000000e-030 1.000000e-030 1.000000e-030 1.000000e-030 1.000000e-030 1.000000e-030 1.000000e-030 1.000000e-030 1.000000e-030 1.000000e-030 1.000000e-030 1.000000e-030 1.000000e-030 1.000000e-030 1.000000e-030 1.000000e-030 1.000000e-030 1.000000e-030 1.000000e-030 1.000000e-030 
1.000000e-030 1.000000e-030 1.000000e-030 1.000000e-030 1.000000e-030 1.000000e+000 1.000000e-030 1.000000e-030 1.000000e-030 1.000000e-030 1.000000e-030 1.000000e-030 1.000000e-030 1.000000e-030 1.000000e-030 1.000000e-030 1.000000e-030 1.000000e-030 1.000000e-030 1.000000e-030 1.000000e-030 1.000000e-030 1.000000e-030 1.000000e-030 1.000000e-030 1.000000e-030 1.000000e-030 1.000000e-030 1.000000e-030 1.000000e-030 1.000000e-030 1.000000e-030 
1.000000e-030 1.000000e-030 1.000000e-030 1.000000e-030 1.000000e-030 1.000000e+000 1.000000e-030 1.000000e-030 1.000000e-030 1.000000e-030 1.000000e-030 1.000000e-030 1.000000e-030 1.000000e-030 1.000000e-030 1.000000e-030 1.000000e-030 1.000000e-030 1.000000e-030 1.000000e-030 1.000000e-030 1.000000e-030 1.000000e-030 1.000000e-030 1.000000e-030 1.000000e-030 1.000000e-030 1.000000e-030 1.000000e-030 1.000000e-030 1.000000e-030 1.000000e-030 
1.000000e-030 1.000000e-030 1.000000e-030 1.000000e-030 1.000000e-030 1.000000e-030 1.000000e-030 1.000000e-030 1.000000e-030 1.000000e-030 1.000000e-030 1.000000e+000 1.000000e-030 1.000000e-030 1.000000e-030 1.000000e-030 1.000000e-030 1.000000e-030 1.000000e-030 1.000000e-030 1.000000e-030 1.000000e-030 1.000000e-030 1.000000e-030 1.000000e-030 1.000000e-030 1.000000e-030 1.000000e-030 1.000000e-030 1.000000e-030 1.000000e-030 1.000000e-030 
1.000000e-030 1.000000e-030 1.717746e-002 1.202422e-001 1.000000e-030 1.202422e-001 1.000000e-030 1.000000e-030 1.000000e-030 1.717746e-002 1.000000e-030 2.061296e-001 1.000000e-030 1.717746e-002 1.000000e-030 1.000000e-030 1.000000e-030 1.000000e-030 6.870986e-002 1.545972e-001 1.000000e-030 1.000000e-030 1.000000e-030 1.000000e-030 1.000000e-030 1.717746e-002 1.000000e-030 2.613690e-001 1.000000e-030 1.000000e-030 1.000000e-030 1.000000e-030 
Iteraion 3
-----------------

P(O|lamda) = 4.995492e-050

1.000000e+000 0.000000e+000 0.000000e+000 0.000000e+000 0.000000e+000 
7.841891e-031 1.000000e+000 0.000000e+000 0.000000e+000 0.000000e+000 
6.149525e-061 1.568378e-030 1.000000e+000 0.000000e+000 0.000000e+000 
4.822391e-121 1.844858e-090 2.352567e-060 1.000000e+000 0.000000e+000 
3.781666e-181 1.928956e-150 3.689715e-120 4.395213e-001 1.155312e-001 
2.965541e-241 1.890833e-210 4.822391e-180 1.931790e-031 6.216070e-003 
2.325545e-271 1.779325e-240 5.672499e-210 8.490627e-062 7.474342e-004 
1.823667e-301 1.627882e-270 6.227637e-240 3.731811e-092 8.987317e-005 
0.000000e+000 1.458934e-300 6.511526e-270 1.640210e-122 1.080655e-005 
0.000000e+000 0.000000e+000 6.565202e-300 7.209074e-153 1.299404e-006 
0.000000e+000 0.000000e+000 0.000000e+000 3.168542e-183 1.562433e-007 
0.000000e+000 0.000000e+000 0.000000e+000 1.392642e-213 2.683863e-009 
0.000000e+000 0.000000e+000 0.000000e+000 6.120956e-244 3.227138e-010 
0.000000e+000 0.000000e+000 0.000000e+000 2.690290e-274 3.880383e-011 
0.000000e+000 0.000000e+000 0.000000e+000 1.182440e-304 4.665860e-012 
0.000000e+000 0.000000e+000 0.000000e+000 0.000000e+000 5.610334e-013 
0.000000e+000 0.000000e+000 0.000000e+000 0.000000e+000 1.156456e-013 
0.000000e+000 0.000000e+000 0.000000e+000 0.000000e+000 3.022618e-014 
0.000000e+000 0.000000e+000 0.000000e+000 0.000000e+000 7.900187e-015 
0.000000e+000 0.000000e+000 0.000000e+000 0.000000e+000 1.357052e-016 
0.000000e+000 0.000000e+000 0.000000e+000 0.000000e+000 2.797285e-017 
0.000000e+000 0.000000e+000 0.000000e+000 0.000000e+000 5.766031e-018 
0.000000e+000 0.000000e+000 0.000000e+000 0.000000e+000 1.188550e-018 
0.000000e+000 0.000000e+000 0.000000e+000 0.000000e+000 2.449952e-019 
0.000000e+000 0.000000e+000 0.000000e+000 0.000000e+000 5.050075e-020 
0.000000e+000 0.000000e+000 0.000000e+000 0.000000e+000 1.040970e-020 
0.000000e+000 0.000000e+000 0.000000e+000 0.000000e+000 1.251686e-021 
0.000000e+000 0.000000e+000 0.000000e+000 0.000000e+000 1.505055e-022 
0.000000e+000 0.000000e+000 0.000000e+000 0.000000e+000 1.809712e-023 
0.000000e+000 0.000000e+000 0.000000e+000 0.000000e+000 2.797763e-024 
0.000000e+000 0.000000e+000 0.000000e+000 0.000000e+000 4.325263e-025 
0.000000e+000 0.000000e+000 0.000000e+000 0.000000e+000 5.200794e-026 
0.000000e+000 0.000000e+000 0.000000e+000 0.000000e+000 8.040280e-027 
0.000000e+000 0.000000e+000 0.000000e+000 0.000000e+000 1.381116e-028 
0.000000e+000 0.000000e+000 0.000000e+000 0.000000e+000 1.660685e-029 
0.000000e+000 0.000000e+000 0.000000e+000 0.000000e+000 2.567373e-030 
0.000000e+000 0.000000e+000 0.000000e+000 0.000000e+000 3.969085e-031 
0.000000e+000 0.000000e+000 0.000000e+000 0.000000e+000 6.136094e-032 
0.000000e+000 0.000000e+000 0.000000e+000 0.000000e+000 4.216101e-033 
0.000000e+000 0.000000e+000 0.000000e+000 0.000000e+000 2.896877e-034 
0.000000e+000 0.000000e+000 0.000000e+000 0.000000e+000 1.990440e-035 
0.000000e+000 0.000000e+000 0.000000e+000 0.000000e+000 1.367629e-036 
0.000000e+000 0.000000e+000 0.000000e+000 0.000000e+000 2.114315e-037 
0.000000e+000 0.000000e+000 0.000000e+000 0.000000e+000 3.268672e-038 
0.000000e+000 0.000000e+000 0.000000e+000 0.000000e+000 5.053274e-039 
0.000000e+000 0.000000e+000 0.000000e+000 0.000000e+000 1.320769e-039 
0.000000e+000 0.000000e+000 0.000000e+000 0.000000e+000 3.452082e-040 
0.000000e+000 0.000000e+000 0.000000e+000 0.000000e+000 7.115762e-041 
0.000000e+000 0.000000e+000 0.000000e+000 0.000000e+000 1.466769e-041 
0.000000e+000 0.000000e+000 0.000000e+000 0.000000e+000 3.833680e-042 
0.000000e+000 0.000000e+000 0.000000e+000 0.000000e+000 1.002005e-042 
0.000000e+000 0.000000e+000 0.000000e+000 0.000000e+000 2.065429e-043 
0.000000e+000 0.000000e+000 0.000000e+000 0.000000e+000 4.257460e-044 
0.000000e+000 0.000000e+000 0.000000e+000 0.000000e+000 1.112768e-044 
0.000000e+000 0.000000e+000 0.000000e+000 0.000000e+000 2.908432e-045 
0.000000e+000 0.000000e+000 0.000000e+000 0.000000e+000 7.601741e-046 
0.000000e+000 0.000000e+000 0.000000e+000 0.000000e+000 1.986860e-046 
0.000000e+000 0.000000e+000 0.000000e+000 0.000000e+000 5.193037e-047 
0.000000e+000 0.000000e+000 0.000000e+000 0.000000e+000 1.070438e-047 
0.000000e+000 0.000000e+000 0.000000e+000 0.000000e+000 2.797795e-048 
0.000000e+000 0.000000e+000 0.000000e+000 0.000000e+000 7.312569e-049 
0.000000e+000 0.000000e+000 0.000000e+000 0.000000e+000 1.911279e-049 
0.000000e+000 0.000000e+000 0.000000e+000 0.000000e+000 4.995492e-050 


4.995492e-050 1.035919e-079 3.952922e-082 4.753082e-053 8.480397e-053 
7.737142e-080 4.995492e-050 6.441782e-080 3.952922e-052 7.052760e-052 
4.504240e-138 7.737142e-080 4.995492e-050 2.524372e-050 5.865459e-051 
3.745971e-137 4.504240e-108 7.737142e-050 4.995492e-050 2.845521e-050 
3.115353e-106 3.745971e-107 4.504240e-078 7.737142e-050 1.380452e-049 
2.590898e-075 3.115353e-076 3.745971e-077 4.504240e-048 8.036415e-048 
2.154731e-074 2.590898e-075 3.115353e-076 3.745971e-047 6.683521e-047 
1.791992e-073 2.154731e-074 2.590898e-075 3.115353e-046 5.558380e-046 
1.043223e-071 1.791992e-073 2.154731e-074 2.590898e-045 4.622651e-045 
8.676007e-101 1.043223e-071 1.791992e-073 2.154731e-044 3.844448e-044 
7.215440e-100 8.676007e-101 1.043223e-071 1.791992e-043 3.197252e-043 
6.000753e-069 7.215440e-070 8.676007e-071 1.043223e-041 1.861306e-041 
1.563170e-097 6.000753e-069 7.215440e-070 8.676007e-041 1.547964e-040 
2.421076e-097 1.563170e-097 6.000753e-069 7.215440e-040 1.287371e-039 
9.263054e-127 2.421076e-067 1.563170e-067 6.000753e-039 1.070648e-038 
3.544052e-126 9.263054e-097 2.421076e-037 1.563170e-037 8.904090e-038 
3.633294e-122 3.544052e-096 9.263054e-067 2.421076e-037 4.319657e-037 
8.219538e-092 3.633294e-092 3.544052e-066 9.263054e-037 1.652704e-036 
1.847338e-091 8.219538e-062 3.633294e-062 3.544052e-036 6.323258e-036 
4.092590e-091 1.847338e-061 8.219538e-032 3.633294e-032 3.681136e-034 
8.775502e-091 4.092590e-061 1.847338e-031 8.219538e-032 1.785836e-033 
1.736589e-090 8.775502e-061 4.092590e-031 1.847338e-031 8.663658e-033 
2.689671e-090 1.736589e-060 8.775502e-031 4.092590e-031 4.203016e-032 
2.236877e-119 2.689671e-060 1.736589e-030 8.775502e-031 2.039016e-031 
1.860309e-118 2.236877e-089 2.689671e-030 1.736589e-030 9.891916e-031 
1.547134e-117 1.860309e-088 2.236877e-059 2.689671e-030 4.798882e-030 
1.000752e-116 1.547134e-087 1.860309e-058 2.236877e-029 3.991012e-029 
6.473287e-116 1.000752e-086 1.547134e-057 1.860309e-028 3.319143e-028 
5.383538e-115 6.473287e-086 1.000752e-056 1.547134e-027 2.760380e-027 
3.482300e-114 5.383538e-085 6.473287e-056 1.000752e-026 1.785531e-026 
2.027249e-112 3.482300e-084 5.383538e-055 6.473287e-026 1.154957e-025 
1.685971e-111 2.027249e-082 3.482300e-054 5.383538e-025 9.605249e-025 
1.090557e-110 1.685971e-081 2.027249e-052 3.482300e-024 6.213082e-024 
7.054187e-110 1.090557e-080 1.685971e-051 2.027249e-022 3.616996e-022 
4.562947e-109 7.054187e-080 1.090557e-050 1.685971e-021 3.008091e-021 
6.640891e-108 4.562947e-079 7.054187e-050 1.090557e-020 1.945761e-020 
9.665121e-107 6.640891e-078 4.562947e-049 7.054187e-020 1.258600e-019 
1.406657e-105 9.665121e-077 6.640891e-048 4.562947e-019 8.141160e-019 
2.047242e-104 1.406657e-075 9.665121e-047 6.640891e-018 1.184861e-017 
1.324243e-103 2.047242e-074 1.406657e-045 9.665121e-017 1.724440e-016 
8.565764e-103 1.324243e-073 2.047242e-044 1.406657e-015 2.509742e-015 
5.540699e-102 8.565764e-073 1.324243e-043 2.047242e-014 3.652667e-014 
2.119876e-101 5.540699e-072 8.565764e-043 1.324243e-013 2.362700e-013 
6.227997e-100 2.119876e-071 5.540699e-042 8.565764e-013 1.528294e-012 
1.232462e-069 6.227997e-070 2.119876e-041 5.540699e-012 9.885655e-012 
1.908867e-069 1.232462e-039 6.227997e-040 2.119876e-011 3.782259e-011 
7.303340e-099 1.908867e-039 1.232462e-009 6.227997e-010 1.447095e-010 
2.145653e-097 7.303340e-069 1.908867e-009 1.232462e-009 7.020319e-010 
4.246044e-067 2.145653e-067 7.303340e-039 1.908867e-009 3.405780e-009 
6.576378e-067 4.246044e-037 2.145653e-037 7.303340e-009 1.303054e-008 
2.516127e-096 6.576378e-037 4.246044e-007 2.145653e-007 4.985495e-008 
9.626723e-096 2.516127e-066 6.576378e-007 4.246044e-007 2.418622e-007 
3.683192e-095 9.626723e-066 2.516127e-036 6.576378e-007 1.173350e-006 
1.409192e-094 3.683192e-065 9.626723e-036 2.516127e-006 4.489247e-006 
1.688781e-093 1.409192e-064 3.683192e-035 9.626723e-006 1.717589e-005 
2.615626e-063 1.688781e-063 1.409192e-034 3.683192e-005 6.571510e-005 
1.000741e-092 2.615626e-033 1.688781e-033 1.409192e-004 2.514265e-004 
3.828842e-092 1.000741e-062 2.615626e-003 1.688781e-003 9.619597e-004 
1.464918e-091 3.828842e-062 1.000741e-032 2.615626e-003 4.666772e-003 
1.000000e-090 1.464918e-061 3.828842e-032 1.000741e-002 1.785511e-002 
1.000000e-060 1.000000e-060 1.464918e-031 3.828842e-002 6.831378e-002 
1.000000e-030 1.000000e-030 1.000000e-030 1.464918e-001 2.613690e-001 
1.000000e+000 1.000000e+000 1.000000e+000 1.000000e+000 1.000000e+000 


1.000000e+000 0.000000e+000 0.000000e+000 0.000000e+000 0.000000e+000 
1.214571e-060 1.000000e+000 0.000000e+000 0.000000e+000 0.000000e+000 
5.544786e-149 2.429143e-060 1.000000e+000 0.000000e+000 0.000000e+000 
3.616167e-208 1.663436e-148 3.643714e-060 1.000000e+000 0.000000e+000 
2.358372e-237 1.446467e-207 3.326872e-148 6.807414e-001 3.192586e-001 
1.538069e-266 1.179186e-236 3.616167e-207 1.741819e-029 1.000000e+000 
1.003089e-295 9.228416e-266 3.537557e-236 6.366868e-059 1.000000e+000 
0.000000e+000 7.021626e-295 3.229946e-265 2.327280e-088 1.000000e+000 
0.000000e+000 4.940656e-324 2.808650e-294 8.506904e-118 1.000000e+000 
0.000000e+000 0.000000e+000 2.470328e-323 3.109527e-147 1.000000e+000 
0.000000e+000 0.000000e+000 0.000000e+000 1.136625e-176 1.000000e+000 
0.000000e+000 0.000000e+000 0.000000e+000 2.908292e-205 1.000000e+000 
0.000000e+000 0.000000e+000 0.000000e+000 1.063068e-234 1.000000e+000 
0.000000e+000 0.000000e+000 0.000000e+000 3.885829e-264 1.000000e+000 
0.000000e+000 0.000000e+000 0.000000e+000 1.420387e-293 1.000000e+000 
0.000000e+000 0.000000e+000 0.000000e+000 0.000000e+000 1.000000e+000 
0.000000e+000 0.000000e+000 0.000000e+000 0.000000e+000 1.000000e+000 
0.000000e+000 0.000000e+000 0.000000e+000 0.000000e+000 1.000000e+000 
0.000000e+000 0.000000e+000 0.000000e+000 0.000000e+000 1.000000e+000 
0.000000e+000 0.000000e+000 0.000000e+000 0.000000e+000 1.000000e+000 
0.000000e+000 0.000000e+000 0.000000e+000 0.000000e+000 1.000000e+000 
0.000000e+000 0.000000e+000 0.000000e+000 0.000000e+000 1.000000e+000 
0.000000e+000 0.000000e+000 0.000000e+000 0.000000e+000 1.000000e+000 
0.000000e+000 0.000000e+000 0.000000e+000 0.000000e+000 1.000000e+000 
0.000000e+000 0.000000e+000 0.000000e+000 0.000000e+000 1.000000e+000 
0.000000e+000 0.000000e+000 0.000000e+000 0.000000e+000 1.000000e+000 
0.000000e+000 0.000000e+000 0.000000e+000 0.000000e+000 1.000000e+000 
0.000000e+000 0.000000e+000 0.000000e+000 0.000000e+000 1.000000e+000 
0.000000e+000 0.000000e+000 0.000000e+000 0.000000e+000 1.000000e+000 
0.000000e+000 0.000000e+000 0.000000e+000 0.000000e+000 1.000000e+000 
0.000000e+000 0.000000e+000 0.000000e+000 0.000000e+000 1.000000e+000 
0.000000e+000 0.000000e+000 0.000000e+000 0.000000e+000 1.000000e+000 
0.000000e+000 0.000000e+000 0.000000e+000 0.000000e+000 1.000000e+000 
0.000000e+000 0.000000e+000 0.000000e+000 0.000000e+000 1.000000e+000 
0.000000e+000 0.000000e+000 0.000000e+000 0.000000e+000 1.000000e+000 
0.000000e+000 0.000000e+000 0.000000e+000 0.000000e+000 1.000000e+000 
0.000000e+000 0.000000e+000 0.000000e+000 0.000000e+000 1.000000e+000 
0.000000e+000 0.000000e+000 0.000000e+000 0.000000e+000 1.000000e+000 
0.000000e+000 0.000000e+000 0.000000e+000 0.000000e+000 1.000000e+000 
0.000000e+000 0.000000e+000 0.000000e+000 0.000000e+000 1.000000e+000 
0.000000e+000 0.000000e+000 0.000000e+000 0.000000e+000 1.000000e+000 
0.000000e+000 0.000000e+000 0.000000e+000 0.000000e+000 1.000000e+000 
0.000000e+000 0.000000e+000 0.000000e+000 0.000000e+000 1.000000e+000 
0.000000e+000 0.000000e+000 0.000000e+000 0.000000e+000 1.000000e+000 
0.000000e+000 0.000000e+000 0.000000e+000 0.000000e+000 1.000000e+000 
0.000000e+000 0.000000e+000 0.000000e+000 0.000000e+000 1.000000e+000 
0.000000e+000 0.000000e+000 0.000000e+000 0.000000e+000 1.000000e+000 
0.000000e+000 0.000000e+000 0.000000e+000 0.000000e+000 1.000000e+000 
0.000000e+000 0.000000e+000 0.000000e+000 0.000000e+000 1.000000e+000 
0.000000e+000 0.000000e+000 0.000000e+000 0.000000e+000 1.000000e+000 
0.000000e+000 0.000000e+000 0.000000e+000 0.000000e+000 1.000000e+000 
0.000000e+000 0.000000e+000 0.000000e+000 0.000000e+000 1.000000e+000 
0.000000e+000 0.000000e+000 0.000000e+000 0.000000e+000 1.000000e+000 
0.000000e+000 0.000000e+000 0.000000e+000 0.000000e+000 1.000000e+000 
0.000000e+000 0.000000e+000 0.000000e+000 0.000000e+000 1.000000e+000 
0.000000e+000 0.000000e+000 0.000000e+000 0.000000e+000 1.000000e+000 
0.000000e+000 0.000000e+000 0.000000e+000 0.000000e+000 1.000000e+000 
0.000000e+000 0.000000e+000 0.000000e+000 0.000000e+000 1.000000e+000 
0.000000e+000 0.000000e+000 0.000000e+000 0.000000e+000 1.000000e+000 
0.000000e+000 0.000000e+000 0.000000e+000 0.000000e+000 1.000000e+000 
0.000000e+000 0.000000e+000 0.000000e+000 0.000000e+000 1.000000e+000 
0.000000e+000 0.000000e+000 0.000000e+000 0.000000e+000 1.000000e+000 
0.000000e+000 0.000000e+000 0.000000e+000 0.000000e+000 1.000000e+000 



Q star

------------
1  2  3  4  4  5  5  5  5  5  5  5  5  5  5  5  5  5  5  5  5  5  5  5  5  5  5  5  5  5  5  5  5  5  5  5  5  5  5  5  5  5  5  5  5  5  5  5  5  5  5  5  5  5  5  5  5  5  5  5  5  5  5  
------------

P star

-----------
3.400638e-050

A Martrix

1.214571e-060 1.000000e+000 0.000000e+000 0.000000e+000 0.000000e+000 
0.000000e+000 1.214571e-060 1.000000e+000 0.000000e+000 0.000000e+000 
0.000000e+000 0.000000e+000 1.214571e-060 1.000000e+000 0.000000e+000 
0.000000e+000 0.000000e+000 0.000000e+000 4.050245e-001 5.949755e-001 
0.000000e+000 0.000000e+000 0.000000e+000 0.000000e+000 1.000000e+000 

B Martrix

1.000000e-030 1.000000e-030 1.000000e-030 1.000000e-030 1.000000e-030 1.000000e+000 1.000000e-030 1.000000e-030 1.000000e-030 1.000000e-030 1.000000e-030 1.000000e-030 1.000000e-030 1.000000e-030 1.000000e-030 1.000000e-030 1.000000e-030 1.000000e-030 1.000000e-030 1.000000e-030 1.000000e-030 1.000000e-030 1.000000e-030 1.000000e-030 1.000000e-030 1.000000e-030 1.000000e-030 1.000000e-030 1.000000e-030 1.000000e-030 1.000000e-030 1.000000e-030 
1.000000e-030 1.000000e-030 1.000000e-030 1.000000e-030 1.000000e-030 1.000000e+000 1.000000e-030 1.000000e-030 1.000000e-030 1.000000e-030 1.000000e-030 1.000000e-030 1.000000e-030 1.000000e-030 1.000000e-030 1.000000e-030 1.000000e-030 1.000000e-030 1.000000e-030 1.000000e-030 1.000000e-030 1.000000e-030 1.000000e-030 1.000000e-030 1.000000e-030 1.000000e-030 1.000000e-030 1.000000e-030 1.000000e-030 1.000000e-030 1.000000e-030 1.000000e-030 
1.000000e-030 1.000000e-030 1.000000e-030 1.000000e-030 1.000000e-030 1.000000e+000 1.000000e-030 1.000000e-030 1.000000e-030 1.000000e-030 1.000000e-030 1.000000e-030 1.000000e-030 1.000000e-030 1.000000e-030 1.000000e-030 1.000000e-030 1.000000e-030 1.000000e-030 1.000000e-030 1.000000e-030 1.000000e-030 1.000000e-030 1.000000e-030 1.000000e-030 1.000000e-030 1.000000e-030 1.000000e-030 1.000000e-030 1.000000e-030 1.000000e-030 1.000000e-030 
1.000000e-030 1.000000e-030 1.000000e-030 1.000000e-030 1.000000e-030 1.000000e-030 1.000000e-030 1.000000e-030 1.000000e-030 1.000000e-030 1.000000e-030 1.000000e+000 1.000000e-030 1.000000e-030 1.000000e-030 1.000000e-030 1.000000e-030 1.000000e-030 1.000000e-030 1.000000e-030 1.000000e-030 1.000000e-030 1.000000e-030 1.000000e-030 1.000000e-030 1.000000e-030 1.000000e-030 1.000000e-030 1.000000e-030 1.000000e-030 1.000000e-030 1.000000e-030 
1.000000e-030 1.000000e-030 1.714699e-002 1.200290e-001 1.000000e-030 1.200290e-001 1.000000e-030 1.000000e-030 1.000000e-030 1.714699e-002 1.000000e-030 2.057639e-001 1.000000e-030 1.714699e-002 1.000000e-030 1.000000e-030 1.000000e-030 1.000000e-030 6.858798e-002 1.543229e-001 1.000000e-030 1.000000e-030 1.000000e-030 1.000000e-030 1.000000e-030 1.714699e-002 1.000000e-030 2.626792e-001 1.000000e-030 1.000000e-030 1.000000e-030 1.000000e-030 
Iteraion 4
-----------------

P(O|lamda) = 5.009917e-050

1.000000e+000 0.000000e+000 0.000000e+000 0.000000e+000 0.000000e+000 
1.214571e-060 1.000000e+000 0.000000e+000 0.000000e+000 0.000000e+000 
1.475184e-120 2.429143e-060 1.000000e+000 0.000000e+000 0.000000e+000 
1.791716e-210 4.425551e-150 3.643714e-090 1.000000e+000 0.000000e+000 
2.176167e-300 7.166864e-240 8.851103e-180 4.050245e-001 1.224245e-001 
0.000000e+000 0.000000e+000 1.791716e-269 1.640448e-031 6.231289e-003 
0.000000e+000 0.000000e+000 0.000000e+000 6.644217e-062 7.479351e-004 
0.000000e+000 0.000000e+000 0.000000e+000 2.691071e-092 8.977388e-005 
0.000000e+000 0.000000e+000 0.000000e+000 1.089950e-122 1.077547e-005 
0.000000e+000 0.000000e+000 0.000000e+000 4.414562e-153 1.293368e-006 
0.000000e+000 0.000000e+000 0.000000e+000 1.788006e-183 1.552416e-007 
0.000000e+000 0.000000e+000 0.000000e+000 7.241862e-214 2.661927e-009 
0.000000e+000 0.000000e+000 0.000000e+000 2.933131e-244 3.195083e-010 
0.000000e+000 0.000000e+000 0.000000e+000 1.187990e-274 3.835025e-011 
0.000000e+000 0.000000e+000 0.000000e+000 4.811650e-305 4.603141e-012 
0.000000e+000 0.000000e+000 0.000000e+000 0.000000e+000 5.525102e-013 
0.000000e+000 0.000000e+000 0.000000e+000 0.000000e+000 1.136867e-013 
0.000000e+000 0.000000e+000 0.000000e+000 0.000000e+000 2.986313e-014 
0.000000e+000 0.000000e+000 0.000000e+000 0.000000e+000 7.844424e-015 
0.000000e+000 0.000000e+000 0.000000e+000 0.000000e+000 1.345083e-016 
0.000000e+000 0.000000e+000 0.000000e+000 0.000000e+000 2.767696e-017 
0.000000e+000 0.000000e+000 0.000000e+000 0.000000e+000 5.694919e-018 
0.000000e+000 0.000000e+000 0.000000e+000 0.000000e+000 1.171809e-018 
0.000000e+000 0.000000e+000 0.000000e+000 0.000000e+000 2.411160e-019 
0.000000e+000 0.000000e+000 0.000000e+000 0.000000e+000 4.961298e-020 
0.000000e+000 0.000000e+000 0.000000e+000 0.000000e+000 1.020856e-020 
0.000000e+000 0.000000e+000 0.000000e+000 0.000000e+000 1.225323e-021 
0.000000e+000 0.000000e+000 0.000000e+000 0.000000e+000 1.470743e-022 
0.000000e+000 0.000000e+000 0.000000e+000 0.000000e+000 1.765317e-023 
0.000000e+000 0.000000e+000 0.000000e+000 0.000000e+000 2.724289e-024 
0.000000e+000 0.000000e+000 0.000000e+000 0.000000e+000 4.204204e-025 
0.000000e+000 0.000000e+000 0.000000e+000 0.000000e+000 5.046262e-026 
0.000000e+000 0.000000e+000 0.000000e+000 0.000000e+000 7.787540e-027 
0.000000e+000 0.000000e+000 0.000000e+000 0.000000e+000 1.335329e-028 
0.000000e+000 0.000000e+000 0.000000e+000 0.000000e+000 1.602782e-029 
0.000000e+000 0.000000e+000 0.000000e+000 0.000000e+000 2.473460e-030 
0.000000e+000 0.000000e+000 0.000000e+000 0.000000e+000 3.817116e-031 
0.000000e+000 0.000000e+000 0.000000e+000 0.000000e+000 5.890687e-032 
0.000000e+000 0.000000e+000 0.000000e+000 0.000000e+000 4.040303e-033 
0.000000e+000 0.000000e+000 0.000000e+000 0.000000e+000 2.771162e-034 
0.000000e+000 0.000000e+000 0.000000e+000 0.000000e+000 1.900684e-035 
0.000000e+000 0.000000e+000 0.000000e+000 0.000000e+000 1.303641e-036 
0.000000e+000 0.000000e+000 0.000000e+000 0.000000e+000 2.011817e-037 
0.000000e+000 0.000000e+000 0.000000e+000 0.000000e+000 3.104695e-038 
0.000000e+000 0.000000e+000 0.000000e+000 0.000000e+000 4.791257e-039 
0.000000e+000 0.000000e+000 0.000000e+000 0.000000e+000 1.258564e-039 
0.000000e+000 0.000000e+000 0.000000e+000 0.000000e+000 3.305986e-040 
0.000000e+000 0.000000e+000 0.000000e+000 0.000000e+000 6.802526e-041 
0.000000e+000 0.000000e+000 0.000000e+000 0.000000e+000 1.399714e-041 
0.000000e+000 0.000000e+000 0.000000e+000 0.000000e+000 3.676759e-042 
0.000000e+000 0.000000e+000 0.000000e+000 0.000000e+000 9.658084e-043 
0.000000e+000 0.000000e+000 0.000000e+000 0.000000e+000 1.987285e-043 
0.000000e+000 0.000000e+000 0.000000e+000 0.000000e+000 4.089116e-044 
0.000000e+000 0.000000e+000 0.000000e+000 0.000000e+000 1.074126e-044 
0.000000e+000 0.000000e+000 0.000000e+000 0.000000e+000 2.821506e-045 
0.000000e+000 0.000000e+000 0.000000e+000 0.000000e+000 7.411510e-046 
0.000000e+000 0.000000e+000 0.000000e+000 0.000000e+000 1.946850e-046 
0.000000e+000 0.000000e+000 0.000000e+000 0.000000e+000 5.113971e-047 
0.000000e+000 0.000000e+000 0.000000e+000 0.000000e+000 1.052271e-047 
0.000000e+000 0.000000e+000 0.000000e+000 0.000000e+000 2.764097e-048 
0.000000e+000 0.000000e+000 0.000000e+000 0.000000e+000 7.260708e-049 
0.000000e+000 0.000000e+000 0.000000e+000 0.000000e+000 1.907237e-049 
0.000000e+000 0.000000e+000 0.000000e+000 0.000000e+000 5.009917e-050 


5.009917e-050 2.376418e-080 4.168351e-082 5.003228e-053 8.409133e-053 
8.202377e-080 5.009917e-050 2.376418e-080 4.168351e-052 7.005920e-052 
4.783565e-138 8.202377e-080 5.009917e-050 2.376418e-050 5.836858e-051 
3.985342e-137 4.783565e-108 8.202377e-050 5.009917e-050 2.836677e-050 
3.320317e-106 3.985342e-107 4.783565e-078 8.202377e-050 1.378607e-049 
2.766264e-075 3.320317e-076 3.985342e-077 4.783565e-048 8.039936e-048 
2.304663e-074 2.766264e-075 3.320317e-076 3.985342e-047 6.698330e-047 
1.920089e-073 2.304663e-074 2.766264e-075 3.320317e-046 5.580595e-046 
1.119782e-071 1.920089e-073 2.304663e-074 2.766264e-045 4.649374e-045 
9.329265e-101 1.119782e-071 1.920089e-073 2.304663e-044 3.873543e-044 
7.772511e-100 9.329265e-101 1.119782e-071 1.920089e-043 3.227174e-043 
6.475530e-069 7.772511e-070 9.329265e-071 1.119782e-041 1.882064e-041 
1.601441e-097 6.475530e-069 7.772511e-070 9.329265e-041 1.568008e-040 
2.621924e-097 1.601441e-097 6.475530e-069 7.772511e-040 1.306358e-039 
9.981465e-127 2.621924e-067 1.601441e-067 6.475530e-039 1.088369e-038 
3.799868e-126 9.981465e-097 2.621924e-037 1.601441e-037 9.067555e-038 
2.597185e-122 3.799868e-096 9.981465e-067 2.621924e-037 4.406776e-037 
6.357700e-092 2.597185e-092 3.799868e-066 9.981465e-037 1.677626e-036 
1.543117e-091 6.357700e-062 2.597185e-062 3.799868e-036 6.386596e-036 
3.680705e-091 1.543117e-061 6.357700e-032 2.597185e-032 3.724615e-034 
8.459566e-091 3.680705e-061 1.543117e-031 6.357700e-032 1.810140e-033 
1.783429e-090 8.459566e-061 3.680705e-031 1.543117e-031 8.797169e-033 
2.919880e-090 1.783429e-060 8.459566e-031 3.680705e-031 4.275370e-032 
2.432646e-119 2.919880e-060 1.783429e-030 8.459566e-031 2.077803e-031 
2.026716e-118 2.432646e-089 2.919880e-030 1.783429e-030 1.009800e-030 
1.688523e-117 2.026716e-088 2.432646e-059 2.919880e-030 4.907563e-030 
1.094149e-116 1.688523e-087 2.026716e-058 2.432646e-029 4.088649e-029 
7.089993e-116 1.094149e-086 1.688523e-057 2.026716e-028 3.406386e-028 
5.906902e-115 7.089993e-086 1.094149e-056 1.688523e-027 2.837970e-027 
3.827624e-114 5.906902e-085 7.089993e-056 1.094149e-026 1.838981e-026 
2.232242e-112 3.827624e-084 5.906902e-055 7.089993e-026 1.191645e-025 
1.859753e-111 2.232242e-082 3.827624e-054 5.906902e-025 9.927975e-025 
1.205104e-110 1.859753e-081 2.232242e-052 3.827624e-024 6.433246e-024 
7.808978e-110 1.205104e-080 1.859753e-051 2.232242e-022 3.751822e-022 
5.060153e-109 7.808978e-080 1.205104e-050 1.859753e-021 3.125764e-021 
7.377610e-108 5.060153e-079 7.808978e-050 1.205104e-020 2.025469e-020 
1.075642e-106 7.377610e-078 5.060153e-049 7.808978e-020 1.312487e-019 
1.568266e-105 1.075642e-076 7.377610e-048 5.060153e-019 8.504809e-019 
2.286503e-104 1.568266e-075 1.075642e-046 7.377610e-018 1.239985e-017 
1.481635e-103 2.286503e-074 1.568266e-045 1.075642e-016 1.807876e-016 
9.600871e-103 1.481635e-073 2.286503e-044 1.568266e-015 2.635849e-015 
6.221286e-102 9.600871e-073 1.481635e-043 2.286503e-014 3.843020e-014 
2.368396e-101 6.221286e-072 9.600871e-043 1.481635e-013 2.490245e-013 
6.169830e-100 2.368396e-071 6.221286e-042 9.600871e-013 1.613658e-012 
1.300711e-069 6.169830e-070 2.368396e-041 6.221286e-012 1.045637e-011 
2.129561e-069 1.300711e-039 6.169830e-040 2.368396e-011 3.980662e-011 
8.107078e-099 2.129561e-039 1.300711e-009 6.169830e-010 1.515408e-010 
2.111948e-097 8.107078e-069 2.129561e-009 1.300711e-009 7.364789e-010 
4.452367e-067 2.111948e-067 8.107078e-039 2.129561e-009 3.579242e-009 
7.289540e-067 4.452367e-037 2.111948e-037 8.107078e-009 1.362590e-008 
2.775073e-096 7.289540e-037 4.452367e-007 2.111948e-007 5.187278e-008 
1.056449e-095 2.775073e-066 7.289540e-007 4.452367e-007 2.520985e-007 
4.021822e-095 1.056449e-065 2.775073e-036 7.289540e-007 1.225183e-006 
1.531077e-094 4.021822e-065 1.056449e-035 2.775073e-006 4.664180e-006 
1.730186e-093 1.531077e-064 4.021822e-035 1.056449e-005 1.775618e-005 
2.832710e-063 1.730186e-063 1.531077e-034 4.021822e-005 6.759643e-005 
1.078391e-092 2.832710e-033 1.730186e-033 1.531077e-004 2.573345e-004 
4.105354e-092 1.078391e-062 2.832710e-003 1.730186e-003 9.796530e-004 
1.562877e-091 4.105354e-062 1.078391e-032 2.832710e-003 4.761053e-003 
1.000000e-090 1.562877e-061 4.105354e-032 1.078391e-002 1.812497e-002 
1.000000e-060 1.000000e-060 1.562877e-031 4.105354e-002 6.900038e-002 
1.000000e-030 1.000000e-030 1.000000e-030 1.562877e-001 2.626792e-001 
1.000000e+000 1.000000e+000 1.000000e+000 1.000000e+000 1.000000e+000 


1.000000e+000 0.000000e+000 0.000000e+000 0.000000e+000 0.000000e+000 
1.988531e-090 1.000000e+000 0.000000e+000 0.000000e+000 0.000000e+000 
1.408534e-208 3.977061e-090 1.000000e+000 0.000000e+000 0.000000e+000 
1.425294e-297 4.225602e-208 5.965592e-090 1.000000e+000 0.000000e+000 
0.000000e+000 5.701175e-297 8.451204e-208 6.631175e-001 3.368825e-001 
0.000000e+000 0.000000e+000 1.425294e-296 1.566332e-029 1.000000e+000 
0.000000e+000 0.000000e+000 0.000000e+000 5.285414e-059 1.000000e+000 
0.000000e+000 0.000000e+000 0.000000e+000 1.783505e-088 1.000000e+000 
0.000000e+000 0.000000e+000 0.000000e+000 6.018239e-118 1.000000e+000 
0.000000e+000 0.000000e+000 0.000000e+000 2.030788e-147 1.000000e+000 
0.000000e+000 0.000000e+000 0.000000e+000 6.852672e-177 1.000000e+000 
0.000000e+000 0.000000e+000 0.000000e+000 1.618651e-205 1.000000e+000 
0.000000e+000 0.000000e+000 0.000000e+000 5.461959e-235 1.000000e+000 
0.000000e+000 0.000000e+000 0.000000e+000 1.843078e-264 1.000000e+000 
0.000000e+000 0.000000e+000 0.000000e+000 6.219262e-294 1.000000e+000 
0.000000e+000 0.000000e+000 0.000000e+000 0.000000e+000 1.000000e+000 
0.000000e+000 0.000000e+000 0.000000e+000 0.000000e+000 1.000000e+000 
0.000000e+000 0.000000e+000 0.000000e+000 0.000000e+000 1.000000e+000 
0.000000e+000 0.000000e+000 0.000000e+000 0.000000e+000 1.000000e+000 
0.000000e+000 0.000000e+000 0.000000e+000 0.000000e+000 1.000000e+000 
0.000000e+000 0.000000e+000 0.000000e+000 0.000000e+000 1.000000e+000 
0.000000e+000 0.000000e+000 0.000000e+000 0.000000e+000 1.000000e+000 
0.000000e+000 0.000000e+000 0.000000e+000 0.000000e+000 1.000000e+000 
0.000000e+000 0.000000e+000 0.000000e+000 0.000000e+000 1.000000e+000 
0.000000e+000 0.000000e+000 0.000000e+000 0.000000e+000 1.000000e+000 
0.000000e+000 0.000000e+000 0.000000e+000 0.000000e+000 1.000000e+000 
0.000000e+000 0.000000e+000 0.000000e+000 0.000000e+000 1.000000e+000 
0.000000e+000 0.000000e+000 0.000000e+000 0.000000e+000 1.000000e+000 
0.000000e+000 0.000000e+000 0.000000e+000 0.000000e+000 1.000000e+000 
0.000000e+000 0.000000e+000 0.000000e+000 0.000000e+000 1.000000e+000 
0.000000e+000 0.000000e+000 0.000000e+000 0.000000e+000 1.000000e+000 
0.000000e+000 0.000000e+000 0.000000e+000 0.000000e+000 1.000000e+000 
0.000000e+000 0.000000e+000 0.000000e+000 0.000000e+000 1.000000e+000 
0.000000e+000 0.000000e+000 0.000000e+000 0.000000e+000 1.000000e+000 
0.000000e+000 0.000000e+000 0.000000e+000 0.000000e+000 1.000000e+000 
0.000000e+000 0.000000e+000 0.000000e+000 0.000000e+000 1.000000e+000 
0.000000e+000 0.000000e+000 0.000000e+000 0.000000e+000 1.000000e+000 
0.000000e+000 0.000000e+000 0.000000e+000 0.000000e+000 1.000000e+000 
0.000000e+000 0.000000e+000 0.000000e+000 0.000000e+000 1.000000e+000 
0.000000e+000 0.000000e+000 0.000000e+000 0.000000e+000 1.000000e+000 
0.000000e+000 0.000000e+000 0.000000e+000 0.000000e+000 1.000000e+000 
0.000000e+000 0.000000e+000 0.000000e+000 0.000000e+000 1.000000e+000 
0.000000e+000 0.000000e+000 0.000000e+000 0.000000e+000 1.000000e+000 
0.000000e+000 0.000000e+000 0.000000e+000 0.000000e+000 1.000000e+000 
0.000000e+000 0.000000e+000 0.000000e+000 0.000000e+000 1.000000e+000 
0.000000e+000 0.000000e+000 0.000000e+000 0.000000e+000 1.000000e+000 
0.000000e+000 0.000000e+000 0.000000e+000 0.000000e+000 1.000000e+000 
0.000000e+000 0.000000e+000 0.000000e+000 0.000000e+000 1.000000e+000 
0.000000e+000 0.000000e+000 0.000000e+000 0.000000e+000 1.000000e+000 
0.000000e+000 0.000000e+000 0.000000e+000 0.000000e+000 1.000000e+000 
0.000000e+000 0.000000e+000 0.000000e+000 0.000000e+000 1.000000e+000 
0.000000e+000 0.000000e+000 0.000000e+000 0.000000e+000 1.000000e+000 
0.000000e+000 0.000000e+000 0.000000e+000 0.000000e+000 1.000000e+000 
0.000000e+000 0.000000e+000 0.000000e+000 0.000000e+000 1.000000e+000 
0.000000e+000 0.000000e+000 0.000000e+000 0.000000e+000 1.000000e+000 
0.000000e+000 0.000000e+000 0.000000e+000 0.000000e+000 1.000000e+000 
0.000000e+000 0.000000e+000 0.000000e+000 0.000000e+000 1.000000e+000 
0.000000e+000 0.000000e+000 0.000000e+000 0.000000e+000 1.000000e+000 
0.000000e+000 0.000000e+000 0.000000e+000 0.000000e+000 1.000000e+000 
0.000000e+000 0.000000e+000 0.000000e+000 0.000000e+000 1.000000e+000 
0.000000e+000 0.000000e+000 0.000000e+000 0.000000e+000 1.000000e+000 
0.000000e+000 0.000000e+000 0.000000e+000 0.000000e+000 1.000000e+000 
0.000000e+000 0.000000e+000 0.000000e+000 0.000000e+000 1.000000e+000 



Q star

------------
1  2  3  4  4  5  5  5  5  5  5  5  5  5  5  5  5  5  5  5  5  5  5  5  5  5  5  5  5  5  5  5  5  5  5  5  5  5  5  5  5  5  5  5  5  5  5  5  5  5  5  5  5  5  5  5  5  5  5  5  5  5  5  
------------

P star

-----------
3.322163e-050

A Martrix

1.988531e-090 1.000000e+000 0.000000e+000 0.000000e+000 0.000000e+000 
0.000000e+000 1.988531e-090 1.000000e+000 0.000000e+000 0.000000e+000 
0.000000e+000 0.000000e+000 1.988531e-090 1.000000e+000 0.000000e+000 
0.000000e+000 0.000000e+000 0.000000e+000 3.987196e-001 6.012804e-001 
0.000000e+000 0.000000e+000 0.000000e+000 0.000000e+000 1.000000e+000 

B Martrix

1.000000e-030 1.000000e-030 1.000000e-030 1.000000e-030 1.000000e-030 1.000000e+000 1.000000e-030 1.000000e-030 1.000000e-030 1.000000e-030 1.000000e-030 1.000000e-030 1.000000e-030 1.000000e-030 1.000000e-030 1.000000e-030 1.000000e-030 1.000000e-030 1.000000e-030 1.000000e-030 1.000000e-030 1.000000e-030 1.000000e-030 1.000000e-030 1.000000e-030 1.000000e-030 1.000000e-030 1.000000e-030 1.000000e-030 1.000000e-030 1.000000e-030 1.000000e-030 
1.000000e-030 1.000000e-030 1.000000e-030 1.000000e-030 1.000000e-030 1.000000e+000 1.000000e-030 1.000000e-030 1.000000e-030 1.000000e-030 1.000000e-030 1.000000e-030 1.000000e-030 1.000000e-030 1.000000e-030 1.000000e-030 1.000000e-030 1.000000e-030 1.000000e-030 1.000000e-030 1.000000e-030 1.000000e-030 1.000000e-030 1.000000e-030 1.000000e-030 1.000000e-030 1.000000e-030 1.000000e-030 1.000000e-030 1.000000e-030 1.000000e-030 1.000000e-030 
1.000000e-030 1.000000e-030 1.000000e-030 1.000000e-030 1.000000e-030 1.000000e+000 1.000000e-030 1.000000e-030 1.000000e-030 1.000000e-030 1.000000e-030 1.000000e-030 1.000000e-030 1.000000e-030 1.000000e-030 1.000000e-030 1.000000e-030 1.000000e-030 1.000000e-030 1.000000e-030 1.000000e-030 1.000000e-030 1.000000e-030 1.000000e-030 1.000000e-030 1.000000e-030 1.000000e-030 1.000000e-030 1.000000e-030 1.000000e-030 1.000000e-030 1.000000e-030 
1.000000e-030 1.000000e-030 1.000000e-030 1.000000e-030 1.000000e-030 1.000000e-030 1.000000e-030 1.000000e-030 1.000000e-030 1.000000e-030 1.000000e-030 1.000000e+000 1.000000e-030 1.000000e-030 1.000000e-030 1.000000e-030 1.000000e-030 1.000000e-030 1.000000e-030 1.000000e-030 1.000000e-030 1.000000e-030 1.000000e-030 1.000000e-030 1.000000e-030 1.000000e-030 1.000000e-030 1.000000e-030 1.000000e-030 1.000000e-030 1.000000e-030 1.000000e-030 
1.000000e-030 1.000000e-030 1.714181e-002 1.199927e-001 1.000000e-030 1.199927e-001 1.000000e-030 1.000000e-030 1.000000e-030 1.714181e-002 1.000000e-030 2.057018e-001 1.000000e-030 1.714181e-002 1.000000e-030 1.000000e-030 1.000000e-030 1.000000e-030 6.856726e-002 1.542763e-001 1.000000e-030 1.000000e-030 1.000000e-030 1.000000e-030 1.000000e-030 1.714181e-002 1.000000e-030 2.629020e-001 1.000000e-030 1.000000e-030 1.000000e-030 1.000000e-030 
=================
