32	20	4	19	19	20	20	20	20	20	27	19	20	19	19	19	29	29	19	19	29	29	29	29	20	19	20	20	20	20	20	29	29	19	19	19	19	19	11	12	11	19	11	4	20	19	13	
Iteraion 1
-----------------

P(O|lamda) = 1.811136e-071

3.125000e-002 0.000000e+000 0.000000e+000 0.000000e+000 0.000000e+000 
7.812500e-004 1.953125e-004 0.000000e+000 0.000000e+000 0.000000e+000 
1.953125e-005 9.765625e-006 1.220703e-006 0.000000e+000 0.000000e+000 
4.882813e-007 3.662109e-007 9.155273e-008 7.629395e-009 0.000000e+000 
1.220703e-008 1.220703e-008 4.577637e-009 7.629395e-010 4.768372e-011 
3.051758e-010 3.814697e-010 1.907349e-010 4.768372e-011 6.258488e-012 
7.629395e-012 1.144409e-011 7.152557e-012 2.384186e-012 4.936010e-013 
1.907349e-013 3.337860e-013 2.503395e-013 1.043081e-013 3.032619e-014 
4.768372e-015 9.536743e-015 8.344650e-015 4.172325e-015 1.599619e-015 
1.192093e-016 2.682209e-016 2.682209e-016 1.564622e-016 7.606513e-017 
2.980232e-018 7.450581e-018 8.381903e-018 5.587935e-018 3.354924e-018 
7.450581e-020 2.048910e-019 2.561137e-019 1.920853e-019 1.397660e-019 
1.862645e-021 5.587935e-021 7.683411e-021 6.402843e-021 5.568220e-021 
4.656613e-023 1.513399e-022 2.270099e-022 2.080924e-022 2.140246e-022 
1.164153e-024 4.074536e-024 6.621121e-024 6.621121e-024 7.988847e-024 
2.910383e-026 1.091394e-025 1.909939e-025 2.069100e-025 2.910335e-025 
7.275958e-028 2.910383e-027 5.456968e-027 6.366463e-027 1.038798e-026 
1.818989e-029 7.730705e-029 1.546141e-028 1.932676e-028 3.644149e-028 
4.547474e-031 2.046363e-030 4.348522e-030 5.798029e-030 1.259589e-029 
1.136868e-032 5.400125e-032 1.215028e-031 1.721290e-031 4.298592e-031 
2.842171e-034 1.421085e-033 3.375078e-033 5.062617e-033 1.450891e-032 
7.105427e-036 3.730349e-035 9.325873e-035 1.476597e-034 4.850447e-034 
1.776357e-037 9.769963e-037 2.564615e-036 4.274359e-036 1.608052e-035 
4.440892e-039 2.553513e-038 7.022161e-038 1.228878e-037 5.292309e-037 
1.110223e-040 6.661338e-040 1.915135e-039 3.511080e-039 1.730652e-038 
2.775558e-042 1.734723e-041 5.204170e-041 9.974660e-041 5.627729e-040 
6.938894e-044 4.510281e-043 1.409463e-042 2.818926e-042 1.821007e-041 
1.734723e-045 1.170938e-044 3.805550e-044 7.928228e-044 5.866829e-043 
4.336809e-047 3.035766e-046 1.024571e-045 2.219904e-045 1.882936e-044 
1.084202e-048 7.860466e-048 2.751163e-047 6.190117e-047 6.022918e-046 
2.710505e-050 2.032879e-049 7.369187e-049 1.719477e-048 1.920850e-047 
6.776264e-052 5.251604e-051 1.969352e-050 4.759266e-050 6.110124e-049 
1.694066e-053 1.355253e-052 5.251604e-052 1.312901e-051 1.939159e-050 
4.235165e-055 3.494011e-054 1.397604e-053 3.610478e-053 6.141928e-052 
1.058791e-056 8.999725e-056 3.712387e-055 9.899698e-055 1.941918e-053 
2.646978e-058 2.316106e-057 9.843449e-057 2.706949e-056 6.130367e-055 
6.617445e-060 5.955700e-059 2.605619e-058 7.382587e-058 1.932658e-056 
1.654361e-061 1.530284e-060 6.886279e-060 2.008498e-059 6.085698e-058 
4.135903e-063 3.929108e-062 1.817212e-061 5.451637e-061 1.914334e-059 
1.033976e-064 1.008126e-063 4.788600e-063 1.476485e-062 6.016366e-061 
2.584939e-066 2.584939e-065 1.260158e-064 3.990500e-064 1.889342e-062 
6.462349e-068 6.623907e-067 3.311954e-066 1.076385e-065 5.929135e-064 
1.615587e-069 1.696366e-068 8.693878e-068 2.897959e-067 1.859582e-065 
4.038968e-071 4.341890e-070 2.279492e-069 7.788266e-069 5.829306e-067 
1.009742e-072 1.110716e-071 5.970099e-071 2.089535e-070 1.826526e-068 
2.524355e-074 2.839899e-073 1.561945e-072 5.596968e-072 5.720953e-070 
6.310887e-076 7.257520e-075 4.082355e-074 1.496864e-073 1.791296e-071 


5.795635e-070 5.795635e-070 5.795635e-070 5.795635e-070 5.795635e-070 
1.854603e-068 1.854603e-068 1.854603e-068 1.854603e-068 1.854603e-068 
5.934730e-067 5.934730e-067 5.934730e-067 5.934730e-067 5.934730e-067 
1.899114e-065 1.899114e-065 1.899114e-065 1.899114e-065 1.899114e-065 
6.077163e-064 6.077163e-064 6.077163e-064 6.077163e-064 6.077163e-064 
1.944692e-062 1.944692e-062 1.944692e-062 1.944692e-062 1.944692e-062 
6.223015e-061 6.223015e-061 6.223015e-061 6.223015e-061 6.223015e-061 
1.991365e-059 1.991365e-059 1.991365e-059 1.991365e-059 1.991365e-059 
6.372368e-058 6.372368e-058 6.372368e-058 6.372368e-058 6.372368e-058 
2.039158e-056 2.039158e-056 2.039158e-056 2.039158e-056 2.039158e-056 
6.525304e-055 6.525304e-055 6.525304e-055 6.525304e-055 6.525304e-055 
2.088097e-053 2.088097e-053 2.088097e-053 2.088097e-053 2.088097e-053 
6.681912e-052 6.681912e-052 6.681912e-052 6.681912e-052 6.681912e-052 
2.138212e-050 2.138212e-050 2.138212e-050 2.138212e-050 2.138212e-050 
6.842278e-049 6.842278e-049 6.842278e-049 6.842278e-049 6.842278e-049 
2.189529e-047 2.189529e-047 2.189529e-047 2.189529e-047 2.189529e-047 
7.006492e-046 7.006492e-046 7.006492e-046 7.006492e-046 7.006492e-046 
2.242078e-044 2.242078e-044 2.242078e-044 2.242078e-044 2.242078e-044 
7.174648e-043 7.174648e-043 7.174648e-043 7.174648e-043 7.174648e-043 
2.295887e-041 2.295887e-041 2.295887e-041 2.295887e-041 2.295887e-041 
7.346840e-040 7.346840e-040 7.346840e-040 7.346840e-040 7.346840e-040 
2.350989e-038 2.350989e-038 2.350989e-038 2.350989e-038 2.350989e-038 
7.523164e-037 7.523164e-037 7.523164e-037 7.523164e-037 7.523164e-037 
2.407412e-035 2.407412e-035 2.407412e-035 2.407412e-035 2.407412e-035 
7.703720e-034 7.703720e-034 7.703720e-034 7.703720e-034 7.703720e-034 
2.465190e-032 2.465190e-032 2.465190e-032 2.465190e-032 2.465190e-032 
7.888609e-031 7.888609e-031 7.888609e-031 7.888609e-031 7.888609e-031 
2.524355e-029 2.524355e-029 2.524355e-029 2.524355e-029 2.524355e-029 
8.077936e-028 8.077936e-028 8.077936e-028 8.077936e-028 8.077936e-028 
2.584939e-026 2.584939e-026 2.584939e-026 2.584939e-026 2.584939e-026 
8.271806e-025 8.271806e-025 8.271806e-025 8.271806e-025 8.271806e-025 
2.646978e-023 2.646978e-023 2.646978e-023 2.646978e-023 2.646978e-023 
8.470329e-022 8.470329e-022 8.470329e-022 8.470329e-022 8.470329e-022 
2.710505e-020 2.710505e-020 2.710505e-020 2.710505e-020 2.710505e-020 
8.673617e-019 8.673617e-019 8.673617e-019 8.673617e-019 8.673617e-019 
2.775558e-017 2.775558e-017 2.775558e-017 2.775558e-017 2.775558e-017 
8.881784e-016 8.881784e-016 8.881784e-016 8.881784e-016 8.881784e-016 
2.842171e-014 2.842171e-014 2.842171e-014 2.842171e-014 2.842171e-014 
9.094947e-013 9.094947e-013 9.094947e-013 9.094947e-013 9.094947e-013 
2.910383e-011 2.910383e-011 2.910383e-011 2.910383e-011 2.910383e-011 
9.313226e-010 9.313226e-010 9.313226e-010 9.313226e-010 9.313226e-010 
2.980232e-008 2.980232e-008 2.980232e-008 2.980232e-008 2.980232e-008 
9.536743e-007 9.536743e-007 9.536743e-007 9.536743e-007 9.536743e-007 
3.051758e-005 3.051758e-005 3.051758e-005 3.051758e-005 3.051758e-005 
9.765625e-004 9.765625e-004 9.765625e-004 9.765625e-004 9.765625e-004 
3.125000e-002 3.125000e-002 3.125000e-002 3.125000e-002 3.125000e-002 
1.000000e+000 1.000000e+000 1.000000e+000 1.000000e+000 1.000000e+000 


1.000000e+000 0.000000e+000 0.000000e+000 0.000000e+000 0.000000e+000 
8.000000e-001 2.000000e-001 0.000000e+000 0.000000e+000 0.000000e+000 
6.400000e-001 3.200000e-001 4.000000e-002 0.000000e+000 0.000000e+000 
5.120000e-001 3.840000e-001 9.600000e-002 8.000000e-003 0.000000e+000 
4.096000e-001 4.096000e-001 1.536000e-001 2.560000e-002 1.600000e-003 
3.276800e-001 4.096000e-001 2.048000e-001 5.120000e-002 6.720000e-003 
2.621440e-001 3.932160e-001 2.457600e-001 8.192000e-002 1.696000e-002 
2.097152e-001 3.670016e-001 2.752512e-001 1.146880e-001 3.334400e-002 
1.677722e-001 3.355443e-001 2.936013e-001 1.468006e-001 5.628160e-002 
1.342177e-001 3.019899e-001 3.019899e-001 1.761608e-001 8.564173e-002 
1.073742e-001 2.684355e-001 3.019899e-001 2.013266e-001 1.208739e-001 
8.589935e-002 2.362232e-001 2.952790e-001 2.214593e-001 1.611392e-001 
6.871948e-002 2.061584e-001 2.834678e-001 2.362232e-001 2.054311e-001 
5.497558e-002 1.786706e-001 2.680060e-001 2.456721e-001 2.526757e-001 
4.398047e-002 1.539316e-001 2.501389e-001 2.501389e-001 3.018101e-001 
3.518437e-002 1.319414e-001 2.308974e-001 2.501389e-001 3.518379e-001 
2.814750e-002 1.125900e-001 2.111062e-001 2.462906e-001 4.018657e-001 
2.251800e-002 9.570149e-002 1.914030e-001 2.392537e-001 4.511238e-001 
1.801440e-002 8.106479e-002 1.722627e-001 2.296836e-001 4.989745e-001 
1.441152e-002 6.845471e-002 1.540231e-001 2.181994e-001 5.449113e-001 
1.152922e-002 5.764608e-002 1.369094e-001 2.053641e-001 5.885511e-001 
9.223372e-003 4.842270e-002 1.210568e-001 1.916732e-001 6.296240e-001 
7.378698e-003 4.058284e-002 1.065299e-001 1.775499e-001 6.679586e-001 
5.902958e-003 3.394201e-002 9.334053e-002 1.633459e-001 7.034686e-001 
4.722366e-003 2.833420e-002 8.146082e-002 1.493448e-001 7.361378e-001 
3.777893e-003 2.361183e-002 7.083550e-002 1.357680e-001 7.660067e-001 
3.022315e-003 1.964504e-002 6.139076e-002 1.227815e-001 7.931603e-001 
2.417852e-003 1.632050e-002 5.304162e-002 1.105034e-001 8.177167e-001 
1.934281e-003 1.353997e-002 4.569740e-002 9.901102e-002 8.398173e-001 
1.547425e-003 1.121883e-002 3.926591e-002 8.834830e-002 8.596195e-001 
1.237940e-003 9.284550e-003 3.365649e-002 7.853182e-002 8.772892e-001 
9.903520e-004 7.675228e-003 2.878211e-002 6.955676e-002 8.929956e-001 
7.922816e-004 6.338253e-003 2.456073e-002 6.140183e-002 9.069069e-001 
6.338253e-004 5.229059e-003 2.091623e-002 5.403361e-002 9.191873e-001 
5.070602e-004 4.310012e-003 1.777880e-002 4.741013e-002 9.299940e-001 
4.056482e-004 3.549422e-003 1.508504e-002 4.148387e-002 9.394760e-001 
3.245186e-004 2.920667e-003 1.277792e-002 3.620410e-002 9.477728e-001 
2.596148e-004 2.401437e-003 1.080647e-002 3.151886e-002 9.550136e-001 
2.076919e-004 1.973073e-003 9.125462e-003 2.737639e-002 9.613174e-001 
1.661535e-004 1.619997e-003 7.694984e-003 2.372620e-002 9.667927e-001 
1.329228e-004 1.329228e-003 6.479986e-003 2.051996e-002 9.715379e-001 
1.063382e-004 1.089967e-003 5.449835e-003 1.771196e-002 9.756419e-001 
8.507059e-005 8.932412e-004 4.577861e-003 1.525954e-002 9.791843e-001 
6.805647e-005 7.316071e-004 3.840937e-003 1.312320e-002 9.822362e-001 
5.444518e-005 5.988970e-004 3.219071e-003 1.126675e-002 9.848608e-001 
4.355614e-005 4.900066e-004 2.695036e-003 9.657214e-003 9.871142e-001 
3.484491e-005 4.007165e-004 2.254030e-003 8.264778e-003 9.890456e-001 



Q star

------------
1  2  3  4  5  5  5  5  5  5  5  5  5  5  5  5  5  5  5  5  5  5  5  5  5  5  5  5  5  5  5  5  5  5  5  5  5  5  5  5  5  5  5  5  5  5  5  
------------

P star

-----------
2.897817e-074

A Martrix

8.000000e-001 2.000000e-001 0.000000e+000 0.000000e+000 0.000000e+000 
0.000000e+000 8.000000e-001 2.000000e-001 0.000000e+000 0.000000e+000 
0.000000e+000 0.000000e+000 8.000000e-001 2.000000e-001 0.000000e+000 
0.000000e+000 0.000000e+000 0.000000e+000 8.000000e-001 2.000000e-001 
0.000000e+000 0.000000e+000 0.000000e+000 0.000000e+000 1.000000e+000 

B Martrix

1.000000e-030 1.000000e-030 1.000000e-030 1.000000e-030 1.000000e-030 1.000000e-030 1.000000e-030 1.000000e-030 1.000000e-030 1.000000e-030 1.000000e-030 1.000000e-030 1.000000e-030 1.000000e-030 1.000000e-030 1.000000e-030 1.000000e-030 1.000000e-030 1.000000e-030 1.000000e-030 1.000000e-030 1.000000e-030 1.000000e-030 1.000000e-030 1.000000e-030 1.000000e-030 1.000000e-030 1.000000e-030 1.000000e-030 1.000000e-030 1.000000e-030 1.000000e+000 
1.000000e-030 1.000000e-030 1.000000e-030 1.000000e-030 1.000000e-030 1.000000e-030 1.000000e-030 1.000000e-030 1.000000e-030 1.000000e-030 1.000000e-030 1.000000e-030 1.000000e-030 1.000000e-030 1.000000e-030 1.000000e-030 1.000000e-030 1.000000e-030 1.000000e-030 1.000000e+000 1.000000e-030 1.000000e-030 1.000000e-030 1.000000e-030 1.000000e-030 1.000000e-030 1.000000e-030 1.000000e-030 1.000000e-030 1.000000e-030 1.000000e-030 1.000000e-030 
1.000000e-030 1.000000e-030 1.000000e-030 1.000000e+000 1.000000e-030 1.000000e-030 1.000000e-030 1.000000e-030 1.000000e-030 1.000000e-030 1.000000e-030 1.000000e-030 1.000000e-030 1.000000e-030 1.000000e-030 1.000000e-030 1.000000e-030 1.000000e-030 1.000000e-030 1.000000e-030 1.000000e-030 1.000000e-030 1.000000e-030 1.000000e-030 1.000000e-030 1.000000e-030 1.000000e-030 1.000000e-030 1.000000e-030 1.000000e-030 1.000000e-030 1.000000e-030 
1.000000e-030 1.000000e-030 1.000000e-030 1.000000e-030 1.000000e-030 1.000000e-030 1.000000e-030 1.000000e-030 1.000000e-030 1.000000e-030 1.000000e-030 1.000000e-030 1.000000e-030 1.000000e-030 1.000000e-030 1.000000e-030 1.000000e-030 1.000000e-030 1.000000e+000 1.000000e-030 1.000000e-030 1.000000e-030 1.000000e-030 1.000000e-030 1.000000e-030 1.000000e-030 1.000000e-030 1.000000e-030 1.000000e-030 1.000000e-030 1.000000e-030 1.000000e-030 
1.000000e-030 1.000000e-030 1.000000e-030 3.629897e-002 1.000000e-030 1.000000e-030 1.000000e-030 1.000000e-030 1.000000e-030 1.000000e-030 1.076157e-001 3.572825e-002 3.655061e-002 1.000000e-030 1.000000e-030 1.000000e-030 1.000000e-030 1.000000e-030 3.523019e-001 2.332989e-001 1.000000e-030 1.000000e-030 1.000000e-030 1.000000e-030 1.000000e-030 1.000000e-030 4.466947e-003 1.000000e-030 1.937387e-001 1.000000e-030 1.000000e-030 1.000000e-030 
Iteraion 2
-----------------

P(O|lamda) = 2.657854e-033

1.000000e+000 0.000000e+000 0.000000e+000 0.000000e+000 0.000000e+000 
8.000000e-031 2.000000e-001 0.000000e+000 0.000000e+000 0.000000e+000 
6.400000e-061 1.600000e-031 4.000000e-002 0.000000e+000 0.000000e+000 
5.120000e-091 1.280000e-061 3.200000e-032 8.000000e-003 0.000000e+000 
4.096000e-121 1.024000e-091 2.560000e-062 6.400000e-003 5.636831e-004 
3.276800e-151 8.192000e-092 2.048000e-092 5.120000e-033 4.301293e-004 
2.621440e-181 6.553600e-092 3.276800e-122 4.096000e-063 1.003487e-004 
2.097152e-211 5.242880e-092 1.310720e-122 3.276800e-093 2.341125e-005 
1.677722e-241 4.194304e-092 1.048576e-122 2.621440e-123 5.461819e-006 
1.342177e-271 3.355443e-092 8.388608e-123 4.194304e-153 1.274237e-006 
1.073742e-301 2.684355e-122 6.710886e-123 1.677722e-153 5.691948e-009 
0.000000e+000 2.147484e-152 1.073742e-152 1.342177e-123 2.005284e-009 
0.000000e+000 1.717987e-152 1.288490e-182 1.073742e-153 4.678307e-010 
0.000000e+000 1.374390e-182 3.435974e-183 8.589935e-154 1.648176e-010 
0.000000e+000 1.099512e-212 5.497558e-213 6.871948e-154 5.806557e-011 
0.000000e+000 8.796093e-243 6.597070e-243 5.497558e-154 2.045661e-011 
0.000000e+000 7.036874e-273 7.036874e-273 4.398047e-184 3.963237e-012 
0.000000e+000 5.629500e-303 7.036874e-303 3.518437e-214 7.678322e-013 
0.000000e+000 0.000000e+000 0.000000e+000 2.814750e-214 2.705088e-013 
0.000000e+000 0.000000e+000 0.000000e+000 2.251800e-214 9.530076e-014 
0.000000e+000 0.000000e+000 0.000000e+000 1.801440e-244 1.846344e-014 
0.000000e+000 0.000000e+000 0.000000e+000 1.441152e-274 3.577083e-015 
0.000000e+000 0.000000e+000 0.000000e+000 1.152922e-304 6.930192e-016 
0.000000e+000 0.000000e+000 0.000000e+000 0.000000e+000 1.342646e-016 
0.000000e+000 0.000000e+000 0.000000e+000 0.000000e+000 3.132379e-017 
0.000000e+000 0.000000e+000 0.000000e+000 0.000000e+000 1.103543e-017 
0.000000e+000 0.000000e+000 0.000000e+000 0.000000e+000 2.574555e-018 
0.000000e+000 0.000000e+000 0.000000e+000 0.000000e+000 6.006409e-019 
0.000000e+000 0.000000e+000 0.000000e+000 0.000000e+000 1.401289e-019 
0.000000e+000 0.000000e+000 0.000000e+000 0.000000e+000 3.269192e-020 
0.000000e+000 0.000000e+000 0.000000e+000 0.000000e+000 7.626990e-021 
0.000000e+000 0.000000e+000 0.000000e+000 0.000000e+000 1.477643e-021 
0.000000e+000 0.000000e+000 0.000000e+000 0.000000e+000 2.862766e-022 
0.000000e+000 0.000000e+000 0.000000e+000 0.000000e+000 1.008558e-022 
0.000000e+000 0.000000e+000 0.000000e+000 0.000000e+000 3.553169e-023 
0.000000e+000 0.000000e+000 0.000000e+000 0.000000e+000 1.251788e-023 
0.000000e+000 0.000000e+000 0.000000e+000 0.000000e+000 4.410074e-024 
0.000000e+000 0.000000e+000 0.000000e+000 0.000000e+000 1.553677e-024 
0.000000e+000 0.000000e+000 0.000000e+000 0.000000e+000 1.672001e-025 
0.000000e+000 0.000000e+000 0.000000e+000 0.000000e+000 5.973766e-027 
0.000000e+000 0.000000e+000 0.000000e+000 0.000000e+000 6.428709e-028 
0.000000e+000 0.000000e+000 0.000000e+000 0.000000e+000 2.264847e-028 
0.000000e+000 0.000000e+000 0.000000e+000 0.000000e+000 2.437331e-029 
0.000000e+000 0.000000e+000 0.000000e+000 0.000000e+000 8.847258e-031 
0.000000e+000 0.000000e+000 0.000000e+000 0.000000e+000 2.064056e-031 
0.000000e+000 0.000000e+000 0.000000e+000 0.000000e+000 7.271709e-032 
0.000000e+000 0.000000e+000 0.000000e+000 0.000000e+000 2.657854e-033 


2.657854e-033 1.063142e-032 4.278546e-062 3.030484e-034 1.515242e-033 
2.306561e-093 1.328927e-032 5.315709e-032 1.298970e-033 6.494851e-033 
1.667781e-117 1.153280e-062 6.644636e-032 3.015707e-031 1.789266e-031 
1.389809e-087 2.779668e-087 5.766402e-032 3.322318e-031 5.078786e-031 
8.686307e-058 3.474523e-057 2.471679e-061 2.883201e-031 1.441600e-030 
1.085788e-057 4.343154e-057 1.059447e-060 1.235840e-030 6.179198e-030 
1.357235e-057 5.428942e-057 4.541158e-060 5.297237e-030 2.648618e-029 
1.696544e-057 6.786177e-057 1.946497e-059 2.270579e-029 1.135289e-028 
2.120680e-057 8.482722e-057 8.343362e-059 9.732487e-029 4.866244e-028 
1.164808e-114 1.060340e-056 1.035052e-055 4.171681e-028 2.085840e-027 
6.007052e-085 3.421222e-084 5.301701e-026 3.054580e-025 4.669499e-025 
2.395431e-055 2.045353e-054 8.924695e-054 2.650851e-025 1.325425e-024 
2.078823e-085 1.197716e-054 5.435904e-024 2.287986e-023 5.681231e-024 
1.073003e-114 1.039411e-054 5.988578e-024 2.717952e-023 1.612603e-023 
1.700782e-112 5.365017e-084 5.197057e-024 2.994289e-023 4.577333e-023 
5.141870e-083 6.447164e-082 2.682509e-053 2.598528e-023 1.299264e-022 
4.462259e-083 2.570935e-052 2.195208e-051 1.341254e-022 6.706272e-022 
2.303236e-112 2.231130e-052 1.285467e-021 5.834171e-021 3.461504e-021 
1.188837e-111 1.151618e-081 1.115565e-021 6.427337e-021 9.825391e-021 
6.136290e-111 5.944183e-081 5.758091e-051 5.577824e-021 2.788912e-020 
3.167303e-110 3.068145e-080 2.972092e-050 2.879045e-020 1.439523e-019 
1.368900e-108 1.583651e-079 1.534072e-049 1.486046e-019 7.430229e-019 
3.853557e-079 5.303076e-078 7.918256e-049 7.670362e-019 3.835181e-018 
1.651768e-078 1.926778e-048 1.880827e-047 3.959128e-018 1.979564e-017 
3.111682e-102 8.258839e-078 9.633892e-018 5.550576e-017 8.485097e-017 
1.944797e-072 7.779222e-072 4.129420e-047 4.816946e-017 2.408473e-016 
2.430958e-072 9.723983e-072 1.770012e-046 2.064710e-016 1.032355e-015 
3.038535e-072 1.215479e-071 7.586885e-046 8.850061e-016 4.425031e-015 
3.797471e-072 1.519267e-071 3.252001e-045 3.793442e-015 1.896721e-014 
4.743242e-072 1.898736e-071 1.393920e-044 1.626001e-014 8.130004e-014 
1.970161e-072 2.371621e-071 7.194849e-044 6.969602e-014 3.484801e-013 
2.409995e-072 9.850806e-042 7.917782e-041 3.597424e-013 1.798712e-012 
2.862890e-072 1.204998e-041 4.925403e-011 1.988730e-010 9.284219e-012 
3.153963e-072 1.431445e-041 6.024989e-011 2.462702e-010 2.635302e-011 
2.737098e-072 1.576981e-041 7.157224e-011 3.012494e-010 7.480237e-011 
2.543400e-101 1.368549e-041 7.884907e-011 3.578612e-010 2.123246e-010 
7.118737e-100 1.271700e-070 6.842744e-011 3.942454e-010 6.026780e-010 
6.669944e-098 3.559369e-069 6.358500e-040 3.421372e-010 1.710686e-009 
1.877640e-068 2.583916e-067 1.779684e-038 3.179250e-009 1.589625e-008 
1.744764e-097 9.388200e-038 9.164301e-037 8.898422e-008 4.449211e-007 
2.788207e-094 8.723820e-067 4.694100e-007 2.704510e-006 4.134351e-006 
1.141725e-064 9.374135e-064 4.361910e-036 2.347050e-006 1.173525e-005 
5.848098e-065 5.708627e-034 2.403617e-033 2.180955e-005 1.090478e-004 
2.000000e-061 2.924049e-034 2.854313e-033 6.008312e-004 3.004156e-003 
1.000000e-060 1.000000e-060 1.462025e-003 8.423469e-003 1.287685e-002 
1.000000e-030 1.000000e-030 1.000000e-030 7.310123e-003 3.655061e-002 
1.000000e+000 1.000000e+000 1.000000e+000 1.000000e+000 1.000000e+000 


1.000000e+000 0.000000e+000 0.000000e+000 0.000000e+000 0.000000e+000 
6.942625e-091 1.000000e+000 0.000000e+000 0.000000e+000 0.000000e+000 
4.015945e-145 6.942625e-061 1.000000e+000 0.000000e+000 0.000000e+000 
2.677281e-145 1.338664e-115 6.942625e-031 1.000000e+000 0.000000e+000 
1.338641e-145 1.338641e-115 2.380679e-090 6.942625e-001 3.057375e-001 
1.338641e-175 1.338641e-115 8.163533e-120 2.380679e-030 1.000000e+000 
1.338641e-205 1.338641e-115 5.598676e-149 8.163533e-060 1.000000e+000 
1.338641e-235 1.338641e-115 9.599146e-149 2.799338e-089 1.000000e+000 
1.338641e-265 1.338641e-115 3.291621e-148 9.599146e-119 1.000000e+000 
0.000000e+000 1.338641e-115 3.266788e-145 6.583242e-148 1.000000e+000 
0.000000e+000 3.455333e-173 1.338641e-115 1.928148e-145 1.000000e+000 
0.000000e+000 1.652597e-173 3.605472e-173 1.338641e-115 1.000000e+000 
0.000000e+000 7.741808e-174 2.635249e-173 9.243195e-144 1.000000e+000 
0.000000e+000 5.374847e-204 7.741808e-174 8.784164e-144 1.000000e+000 
0.000000e+000 2.219422e-263 1.074969e-203 7.741808e-144 1.000000e+000 
0.000000e+000 2.133671e-291 6.658265e-263 5.374847e-144 1.000000e+000 
0.000000e+000 6.806749e-292 5.811983e-291 2.219422e-173 1.000000e+000 
0.000000e+000 4.743030e-322 3.403374e-291 7.723209e-202 1.000000e+000 
0.000000e+000 0.000000e+000 0.000000e+000 6.806749e-202 1.000000e+000 
0.000000e+000 0.000000e+000 0.000000e+000 4.725670e-202 1.000000e+000 
0.000000e+000 0.000000e+000 0.000000e+000 1.951359e-231 1.000000e+000 
0.000000e+000 0.000000e+000 0.000000e+000 8.057694e-261 1.000000e+000 
0.000000e+000 0.000000e+000 0.000000e+000 3.327242e-290 1.000000e+000 
0.000000e+000 0.000000e+000 0.000000e+000 0.000000e+000 1.000000e+000 
0.000000e+000 0.000000e+000 0.000000e+000 0.000000e+000 1.000000e+000 
0.000000e+000 0.000000e+000 0.000000e+000 0.000000e+000 1.000000e+000 
0.000000e+000 0.000000e+000 0.000000e+000 0.000000e+000 1.000000e+000 
0.000000e+000 0.000000e+000 0.000000e+000 0.000000e+000 1.000000e+000 
0.000000e+000 0.000000e+000 0.000000e+000 0.000000e+000 1.000000e+000 
0.000000e+000 0.000000e+000 0.000000e+000 0.000000e+000 1.000000e+000 
0.000000e+000 0.000000e+000 0.000000e+000 0.000000e+000 1.000000e+000 
0.000000e+000 0.000000e+000 0.000000e+000 0.000000e+000 1.000000e+000 
0.000000e+000 0.000000e+000 0.000000e+000 0.000000e+000 1.000000e+000 
0.000000e+000 0.000000e+000 0.000000e+000 0.000000e+000 1.000000e+000 
0.000000e+000 0.000000e+000 0.000000e+000 0.000000e+000 1.000000e+000 
0.000000e+000 0.000000e+000 0.000000e+000 0.000000e+000 1.000000e+000 
0.000000e+000 0.000000e+000 0.000000e+000 0.000000e+000 1.000000e+000 
0.000000e+000 0.000000e+000 0.000000e+000 0.000000e+000 1.000000e+000 
0.000000e+000 0.000000e+000 0.000000e+000 0.000000e+000 1.000000e+000 
0.000000e+000 0.000000e+000 0.000000e+000 0.000000e+000 1.000000e+000 
0.000000e+000 0.000000e+000 0.000000e+000 0.000000e+000 1.000000e+000 
0.000000e+000 0.000000e+000 0.000000e+000 0.000000e+000 1.000000e+000 
0.000000e+000 0.000000e+000 0.000000e+000 0.000000e+000 1.000000e+000 
0.000000e+000 0.000000e+000 0.000000e+000 0.000000e+000 1.000000e+000 
0.000000e+000 0.000000e+000 0.000000e+000 0.000000e+000 1.000000e+000 
0.000000e+000 0.000000e+000 0.000000e+000 0.000000e+000 1.000000e+000 
0.000000e+000 0.000000e+000 0.000000e+000 0.000000e+000 1.000000e+000 



Q star

------------
1  2  3  4  4  5  5  5  5  5  5  5  5  5  5  5  5  5  5  5  5  5  5  5  5  5  5  5  5  5  5  5  5  5  5  5  5  5  5  5  5  5  5  5  5  5  5  
------------

P star

-----------
1.845249e-033

A Martrix

6.942625e-091 1.000000e+000 0.000000e+000 0.000000e+000 0.000000e+000 
0.000000e+000 6.942625e-061 1.000000e+000 0.000000e+000 0.000000e+000 
0.000000e+000 0.000000e+000 6.942625e-031 1.000000e+000 0.000000e+000 
0.000000e+000 0.000000e+000 0.000000e+000 4.097727e-001 5.902273e-001 
0.000000e+000 0.000000e+000 0.000000e+000 0.000000e+000 1.000000e+000 

B Martrix

1.000000e-030 1.000000e-030 1.000000e-030 1.000000e-030 1.000000e-030 1.000000e-030 1.000000e-030 1.000000e-030 1.000000e-030 1.000000e-030 1.000000e-030 1.000000e-030 1.000000e-030 1.000000e-030 1.000000e-030 1.000000e-030 1.000000e-030 1.000000e-030 1.000000e-030 1.000000e-030 1.000000e-030 1.000000e-030 1.000000e-030 1.000000e-030 1.000000e-030 1.000000e-030 1.000000e-030 1.000000e-030 1.000000e-030 1.000000e-030 1.000000e-030 1.000000e+000 
1.000000e-030 1.000000e-030 1.000000e-030 1.000000e-030 1.000000e-030 1.000000e-030 1.000000e-030 1.000000e-030 1.000000e-030 1.000000e-030 1.000000e-030 1.000000e-030 1.000000e-030 1.000000e-030 1.000000e-030 1.000000e-030 1.000000e-030 1.000000e-030 1.000000e-030 1.000000e+000 1.000000e-030 1.000000e-030 1.000000e-030 1.000000e-030 1.000000e-030 1.000000e-030 1.000000e-030 1.000000e-030 1.000000e-030 1.000000e-030 1.000000e-030 1.000000e-030 
1.000000e-030 1.000000e-030 1.000000e-030 1.000000e+000 1.000000e-030 1.000000e-030 1.000000e-030 1.000000e-030 1.000000e-030 1.000000e-030 1.000000e-030 1.000000e-030 1.000000e-030 1.000000e-030 1.000000e-030 1.000000e-030 1.000000e-030 1.000000e-030 1.000000e-030 1.000000e-030 1.000000e-030 1.000000e-030 1.000000e-030 1.000000e-030 1.000000e-030 1.000000e-030 1.000000e-030 1.000000e-030 1.000000e-030 1.000000e-030 1.000000e-030 1.000000e-030 
1.000000e-030 1.000000e-030 1.000000e-030 1.000000e-030 1.000000e-030 1.000000e-030 1.000000e-030 1.000000e-030 1.000000e-030 1.000000e-030 1.000000e-030 1.000000e-030 1.000000e-030 1.000000e-030 1.000000e-030 1.000000e-030 1.000000e-030 1.000000e-030 1.000000e+000 1.000000e-030 1.000000e-030 1.000000e-030 1.000000e-030 1.000000e-030 1.000000e-030 1.000000e-030 1.000000e-030 1.000000e-030 1.000000e-030 1.000000e-030 1.000000e-030 1.000000e-030 
1.000000e-030 1.000000e-030 1.000000e-030 2.363746e-002 1.000000e-030 1.000000e-030 1.000000e-030 1.000000e-030 1.000000e-030 1.000000e-030 7.091237e-002 2.363746e-002 2.363746e-002 1.000000e-030 1.000000e-030 1.000000e-030 1.000000e-030 1.000000e-030 3.381512e-001 3.072869e-001 1.000000e-030 1.000000e-030 1.000000e-030 1.000000e-030 1.000000e-030 1.000000e-030 2.363746e-002 1.000000e-030 1.890996e-001 1.000000e-030 1.000000e-030 1.000000e-030 
Iteraion 3
-----------------

P(O|lamda) = 4.472992e-030

1.000000e+000 0.000000e+000 0.000000e+000 0.000000e+000 0.000000e+000 
6.942625e-121 1.000000e+000 0.000000e+000 0.000000e+000 0.000000e+000 
4.820004e-241 6.942625e-091 1.000000e+000 0.000000e+000 0.000000e+000 
0.000000e+000 4.820004e-181 6.942625e-061 1.000000e+000 0.000000e+000 
0.000000e+000 3.346348e-271 4.820004e-121 4.097727e-001 1.995861e-001 
0.000000e+000 0.000000e+000 3.346348e-181 1.679137e-031 1.356503e-001 
0.000000e+000 0.000000e+000 2.323244e-241 6.880643e-062 4.168357e-002 
0.000000e+000 0.000000e+000 1.612941e-301 2.819499e-092 1.280882e-002 
0.000000e+000 0.000000e+000 0.000000e+000 1.155354e-122 3.935982e-003 
0.000000e+000 0.000000e+000 0.000000e+000 4.734325e-153 1.209476e-003 
0.000000e+000 0.000000e+000 0.000000e+000 1.939997e-183 2.858893e-005 
0.000000e+000 0.000000e+000 0.000000e+000 7.949577e-184 9.667381e-006 
0.000000e+000 0.000000e+000 0.000000e+000 3.257520e-214 2.970660e-006 
0.000000e+000 0.000000e+000 0.000000e+000 1.334843e-214 1.004532e-006 
0.000000e+000 0.000000e+000 0.000000e+000 5.469820e-215 3.396838e-007 
0.000000e+000 0.000000e+000 0.000000e+000 2.241383e-215 1.148645e-007 
0.000000e+000 0.000000e+000 0.000000e+000 9.184575e-246 2.172084e-008 
0.000000e+000 0.000000e+000 0.000000e+000 3.763588e-276 4.107403e-009 
0.000000e+000 0.000000e+000 0.000000e+000 1.542216e-276 1.388923e-009 
0.000000e+000 0.000000e+000 0.000000e+000 6.319578e-277 4.696662e-010 
0.000000e+000 0.000000e+000 0.000000e+000 2.589590e-307 8.881371e-011 
0.000000e+000 0.000000e+000 0.000000e+000 0.000000e+000 1.679464e-011 
0.000000e+000 0.000000e+000 0.000000e+000 0.000000e+000 3.175861e-012 
0.000000e+000 0.000000e+000 0.000000e+000 0.000000e+000 6.005541e-013 
0.000000e+000 0.000000e+000 0.000000e+000 0.000000e+000 1.845424e-013 
0.000000e+000 0.000000e+000 0.000000e+000 0.000000e+000 6.240325e-014 
0.000000e+000 0.000000e+000 0.000000e+000 0.000000e+000 1.917570e-014 
0.000000e+000 0.000000e+000 0.000000e+000 0.000000e+000 5.892443e-015 
0.000000e+000 0.000000e+000 0.000000e+000 0.000000e+000 1.810671e-015 
0.000000e+000 0.000000e+000 0.000000e+000 0.000000e+000 5.563954e-016 
0.000000e+000 0.000000e+000 0.000000e+000 0.000000e+000 1.709730e-016 
0.000000e+000 0.000000e+000 0.000000e+000 0.000000e+000 3.233094e-017 
0.000000e+000 0.000000e+000 0.000000e+000 0.000000e+000 6.113769e-018 
0.000000e+000 0.000000e+000 0.000000e+000 0.000000e+000 2.067379e-018 
0.000000e+000 0.000000e+000 0.000000e+000 0.000000e+000 6.990866e-019 
0.000000e+000 0.000000e+000 0.000000e+000 0.000000e+000 2.363970e-019 
0.000000e+000 0.000000e+000 0.000000e+000 0.000000e+000 7.993794e-020 
0.000000e+000 0.000000e+000 0.000000e+000 0.000000e+000 2.703111e-020 
0.000000e+000 0.000000e+000 0.000000e+000 0.000000e+000 1.916840e-021 
0.000000e+000 0.000000e+000 0.000000e+000 0.000000e+000 4.530923e-023 
0.000000e+000 0.000000e+000 0.000000e+000 0.000000e+000 3.212985e-024 
0.000000e+000 0.000000e+000 0.000000e+000 0.000000e+000 1.086475e-024 
0.000000e+000 0.000000e+000 0.000000e+000 0.000000e+000 7.704450e-026 
0.000000e+000 0.000000e+000 0.000000e+000 0.000000e+000 1.821136e-027 
0.000000e+000 0.000000e+000 0.000000e+000 0.000000e+000 5.596112e-028 
0.000000e+000 0.000000e+000 0.000000e+000 0.000000e+000 1.892332e-028 
0.000000e+000 0.000000e+000 0.000000e+000 0.000000e+000 4.472992e-030 


4.472992e-030 8.727624e-090 1.616454e-062 4.967152e-033 8.415660e-033 
5.980544e-090 4.472992e-030 5.622194e-060 1.616454e-032 2.738698e-032 
1.946241e-119 5.980544e-060 4.472992e-030 2.516763e-030 1.158626e-030 
6.333628e-119 1.946241e-089 5.980544e-030 4.472992e-030 3.426355e-030 
2.061145e-088 6.333628e-089 1.946241e-059 5.980544e-030 1.013261e-029 
6.707557e-088 2.061145e-088 6.333628e-059 1.946241e-029 3.297443e-029 
2.182832e-087 6.707557e-088 2.061145e-058 6.333628e-029 1.073083e-028 
2.042519e-085 2.182832e-087 6.707557e-058 2.061145e-028 3.492120e-028 
2.730918e-055 2.042519e-085 2.182832e-057 6.707557e-028 1.136436e-027 
4.852194e-114 2.730918e-055 2.042519e-055 2.182832e-027 3.698290e-027 
9.672376e-084 4.852194e-084 2.730918e-025 2.042519e-025 1.564589e-025 
1.719052e-053 9.672376e-054 4.852194e-054 2.730918e-025 4.626891e-025 
2.298432e-083 1.719052e-053 9.672376e-024 4.852194e-024 1.505723e-024 
1.215461e-112 2.298432e-053 1.719052e-023 9.672376e-024 4.452811e-024 
2.365537e-111 1.215461e-082 2.298432e-023 1.719052e-023 1.316810e-023 
4.204222e-081 2.365537e-081 1.215461e-052 2.298432e-023 3.894146e-023 
5.621189e-081 4.204222e-051 2.365537e-051 1.215461e-022 2.059309e-022 
2.972607e-110 5.621189e-051 4.204222e-021 2.365537e-021 1.089007e-021 
1.571979e-109 2.972607e-080 5.621189e-021 4.204222e-021 3.220474e-021 
8.312966e-109 1.571979e-079 2.972607e-050 5.621189e-021 9.523769e-021 
4.396077e-108 8.312966e-079 1.571979e-049 2.972607e-020 5.036376e-020 
3.164227e-107 4.396077e-078 8.312966e-049 1.571979e-019 2.663345e-019 
4.230681e-077 3.164227e-077 4.396077e-048 8.312966e-019 1.408435e-018 
1.376785e-076 4.230681e-047 3.164227e-047 4.396077e-018 7.448109e-018 
4.480455e-106 1.376785e-076 4.230681e-017 3.164227e-017 2.423829e-017 
1.458069e-075 4.480455e-076 1.376785e-046 4.230681e-017 7.167883e-017 
4.744975e-075 1.458069e-075 4.480455e-046 1.376785e-016 2.332635e-016 
1.544151e-074 4.744975e-075 1.458069e-045 4.480455e-016 7.591066e-016 
8.165807e-074 1.544151e-074 4.744975e-045 1.458069e-015 2.470351e-015 
4.417265e-072 8.165807e-074 1.544151e-044 4.744975e-015 8.039233e-015 
9.725977e-072 4.417265e-072 8.165807e-044 1.544151e-014 2.616198e-014 
2.061864e-071 9.725977e-042 4.417265e-042 8.165807e-014 1.383502e-013 
4.110125e-071 2.061864e-041 9.725977e-012 4.417265e-012 7.316259e-013 
7.304843e-071 4.110125e-041 2.061864e-011 9.725977e-012 2.163606e-012 
9.766827e-071 7.304843e-041 4.110125e-011 2.061864e-011 6.398337e-012 
1.377309e-099 9.766827e-041 7.304843e-011 4.110125e-011 1.892153e-011 
5.826809e-098 1.377309e-069 9.766827e-011 7.304843e-011 5.595581e-011 
1.817420e-096 5.826809e-068 1.377309e-039 9.766827e-011 1.654757e-010 
2.429953e-066 1.817420e-066 5.826809e-038 1.377309e-009 2.333524e-009 
3.426698e-095 2.429953e-036 1.817420e-036 5.826809e-008 9.872144e-008 
1.449690e-093 3.426698e-065 2.429953e-006 1.817420e-006 1.392161e-006 
1.043464e-062 1.449690e-063 3.426698e-035 2.429953e-006 4.116978e-006 
1.395147e-062 1.043464e-032 1.449690e-033 3.426698e-005 5.805726e-005 
1.000000e-060 1.395147e-032 1.043464e-032 1.449690e-003 2.456155e-003 
1.000000e-060 1.000000e-060 1.395147e-002 1.043464e-002 7.993035e-003 
1.000000e-030 1.000000e-030 1.000000e-030 1.395147e-002 2.363746e-002 
1.000000e+000 1.000000e+000 1.000000e+000 1.000000e+000 1.000000e+000 


1.000000e+000 0.000000e+000 0.000000e+000 0.000000e+000 0.000000e+000 
9.282528e-181 1.000000e+000 0.000000e+000 0.000000e+000 0.000000e+000 
0.000000e+000 9.282528e-121 1.000000e+000 0.000000e+000 0.000000e+000 
0.000000e+000 2.097229e-240 9.282528e-061 1.000000e+000 0.000000e+000 
0.000000e+000 0.000000e+000 2.097229e-150 5.478802e-001 4.521198e-001 
0.000000e+000 0.000000e+000 4.738332e-210 7.306081e-031 1.000000e+000 
0.000000e+000 0.000000e+000 1.070546e-269 9.742792e-061 1.000000e+000 
0.000000e+000 0.000000e+000 0.000000e+000 1.299219e-090 1.000000e+000 
0.000000e+000 0.000000e+000 0.000000e+000 1.732532e-120 1.000000e+000 
0.000000e+000 0.000000e+000 0.000000e+000 2.310363e-150 1.000000e+000 
0.000000e+000 0.000000e+000 0.000000e+000 8.858678e-179 1.000000e+000 
0.000000e+000 0.000000e+000 0.000000e+000 4.853494e-179 1.000000e+000 
0.000000e+000 0.000000e+000 0.000000e+000 3.533679e-208 1.000000e+000 
0.000000e+000 0.000000e+000 0.000000e+000 2.886457e-208 1.000000e+000 
0.000000e+000 0.000000e+000 0.000000e+000 2.102151e-208 1.000000e+000 
0.000000e+000 0.000000e+000 0.000000e+000 1.151727e-208 1.000000e+000 
0.000000e+000 0.000000e+000 0.000000e+000 2.495754e-238 1.000000e+000 
0.000000e+000 0.000000e+000 0.000000e+000 1.990369e-267 1.000000e+000 
0.000000e+000 0.000000e+000 0.000000e+000 1.449548e-267 1.000000e+000 
0.000000e+000 0.000000e+000 0.000000e+000 7.941785e-268 1.000000e+000 
0.000000e+000 0.000000e+000 0.000000e+000 1.720959e-297 1.000000e+000 
0.000000e+000 0.000000e+000 0.000000e+000 0.000000e+000 1.000000e+000 
0.000000e+000 0.000000e+000 0.000000e+000 0.000000e+000 1.000000e+000 
0.000000e+000 0.000000e+000 0.000000e+000 0.000000e+000 1.000000e+000 
0.000000e+000 0.000000e+000 0.000000e+000 0.000000e+000 1.000000e+000 
0.000000e+000 0.000000e+000 0.000000e+000 0.000000e+000 1.000000e+000 
0.000000e+000 0.000000e+000 0.000000e+000 0.000000e+000 1.000000e+000 
0.000000e+000 0.000000e+000 0.000000e+000 0.000000e+000 1.000000e+000 
0.000000e+000 0.000000e+000 0.000000e+000 0.000000e+000 1.000000e+000 
0.000000e+000 0.000000e+000 0.000000e+000 0.000000e+000 1.000000e+000 
0.000000e+000 0.000000e+000 0.000000e+000 0.000000e+000 1.000000e+000 
0.000000e+000 0.000000e+000 0.000000e+000 0.000000e+000 1.000000e+000 
0.000000e+000 0.000000e+000 0.000000e+000 0.000000e+000 1.000000e+000 
0.000000e+000 0.000000e+000 0.000000e+000 0.000000e+000 1.000000e+000 
0.000000e+000 0.000000e+000 0.000000e+000 0.000000e+000 1.000000e+000 
0.000000e+000 0.000000e+000 0.000000e+000 0.000000e+000 1.000000e+000 
0.000000e+000 0.000000e+000 0.000000e+000 0.000000e+000 1.000000e+000 
0.000000e+000 0.000000e+000 0.000000e+000 0.000000e+000 1.000000e+000 
0.000000e+000 0.000000e+000 0.000000e+000 0.000000e+000 1.000000e+000 
0.000000e+000 0.000000e+000 0.000000e+000 0.000000e+000 1.000000e+000 
0.000000e+000 0.000000e+000 0.000000e+000 0.000000e+000 1.000000e+000 
0.000000e+000 0.000000e+000 0.000000e+000 0.000000e+000 1.000000e+000 
0.000000e+000 0.000000e+000 0.000000e+000 0.000000e+000 1.000000e+000 
0.000000e+000 0.000000e+000 0.000000e+000 0.000000e+000 1.000000e+000 
0.000000e+000 0.000000e+000 0.000000e+000 0.000000e+000 1.000000e+000 
0.000000e+000 0.000000e+000 0.000000e+000 0.000000e+000 1.000000e+000 
0.000000e+000 0.000000e+000 0.000000e+000 0.000000e+000 1.000000e+000 



Q star

------------
1  2  3  4  4  5  5  5  5  5  5  5  5  5  5  5  5  5  5  5  5  5  5  5  5  5  5  5  5  5  5  5  5  5  5  5  5  5  5  5  5  5  5  5  5  5  5  
------------

P star

-----------
2.450664e-030

A Martrix

9.282528e-181 1.000000e+000 0.000000e+000 0.000000e+000 0.000000e+000 
0.000000e+000 9.282528e-121 1.000000e+000 0.000000e+000 0.000000e+000 
0.000000e+000 0.000000e+000 9.282528e-061 1.000000e+000 0.000000e+000 
0.000000e+000 0.000000e+000 0.000000e+000 3.539552e-001 6.460448e-001 
0.000000e+000 0.000000e+000 0.000000e+000 0.000000e+000 1.000000e+000 

B Martrix

1.000000e-030 1.000000e-030 1.000000e-030 1.000000e-030 1.000000e-030 1.000000e-030 1.000000e-030 1.000000e-030 1.000000e-030 1.000000e-030 1.000000e-030 1.000000e-030 1.000000e-030 1.000000e-030 1.000000e-030 1.000000e-030 1.000000e-030 1.000000e-030 1.000000e-030 1.000000e-030 1.000000e-030 1.000000e-030 1.000000e-030 1.000000e-030 1.000000e-030 1.000000e-030 1.000000e-030 1.000000e-030 1.000000e-030 1.000000e-030 1.000000e-030 1.000000e+000 
1.000000e-030 1.000000e-030 1.000000e-030 1.000000e-030 1.000000e-030 1.000000e-030 1.000000e-030 1.000000e-030 1.000000e-030 1.000000e-030 1.000000e-030 1.000000e-030 1.000000e-030 1.000000e-030 1.000000e-030 1.000000e-030 1.000000e-030 1.000000e-030 1.000000e-030 1.000000e+000 1.000000e-030 1.000000e-030 1.000000e-030 1.000000e-030 1.000000e-030 1.000000e-030 1.000000e-030 1.000000e-030 1.000000e-030 1.000000e-030 1.000000e-030 1.000000e-030 
1.000000e-030 1.000000e-030 1.000000e-030 1.000000e+000 1.000000e-030 1.000000e-030 1.000000e-030 1.000000e-030 1.000000e-030 1.000000e-030 1.000000e-030 1.000000e-030 1.000000e-030 1.000000e-030 1.000000e-030 1.000000e-030 1.000000e-030 1.000000e-030 1.000000e-030 1.000000e-030 1.000000e-030 1.000000e-030 1.000000e-030 1.000000e-030 1.000000e-030 1.000000e-030 1.000000e-030 1.000000e-030 1.000000e-030 1.000000e-030 1.000000e-030 1.000000e-030 
1.000000e-030 1.000000e-030 1.000000e-030 1.000000e-030 1.000000e-030 1.000000e-030 1.000000e-030 1.000000e-030 1.000000e-030 1.000000e-030 1.000000e-030 1.000000e-030 1.000000e-030 1.000000e-030 1.000000e-030 1.000000e-030 1.000000e-030 1.000000e-030 1.000000e+000 1.000000e-030 1.000000e-030 1.000000e-030 1.000000e-030 1.000000e-030 1.000000e-030 1.000000e-030 1.000000e-030 1.000000e-030 1.000000e-030 1.000000e-030 1.000000e-030 1.000000e-030 
1.000000e-030 1.000000e-030 1.000000e-030 2.355595e-002 1.000000e-030 1.000000e-030 1.000000e-030 1.000000e-030 1.000000e-030 1.000000e-030 7.066785e-002 2.355595e-002 2.355595e-002 1.000000e-030 1.000000e-030 1.000000e-030 1.000000e-030 1.000000e-030 3.404334e-001 3.062273e-001 1.000000e-030 1.000000e-030 1.000000e-030 1.000000e-030 1.000000e-030 1.000000e-030 2.355595e-002 1.000000e-030 1.884476e-001 1.000000e-030 1.000000e-030 1.000000e-030 
Iteraion 4
-----------------

P(O|lamda) = 4.533986e-030

1.000000e+000 0.000000e+000 0.000000e+000 0.000000e+000 0.000000e+000 
9.282528e-211 1.000000e+000 0.000000e+000 0.000000e+000 0.000000e+000 
0.000000e+000 9.282528e-151 1.000000e+000 0.000000e+000 0.000000e+000 
0.000000e+000 8.616533e-301 9.282528e-091 1.000000e+000 0.000000e+000 
0.000000e+000 0.000000e+000 8.616533e-181 3.539552e-001 2.199352e-001 
0.000000e+000 0.000000e+000 7.998321e-271 1.252843e-031 1.373755e-001 
0.000000e+000 0.000000e+000 0.000000e+000 4.434501e-062 4.206813e-002 
0.000000e+000 0.000000e+000 0.000000e+000 1.569614e-092 1.288241e-002 
0.000000e+000 0.000000e+000 0.000000e+000 5.555731e-123 3.944946e-003 
0.000000e+000 0.000000e+000 0.000000e+000 1.966480e-153 1.208050e-003 
0.000000e+000 0.000000e+000 0.000000e+000 6.960456e-184 2.845678e-005 
0.000000e+000 0.000000e+000 0.000000e+000 2.463689e-184 9.687637e-006 
0.000000e+000 0.000000e+000 0.000000e+000 8.720356e-215 2.966619e-006 
0.000000e+000 0.000000e+000 0.000000e+000 3.086615e-215 1.009936e-006 
0.000000e+000 0.000000e+000 0.000000e+000 1.092523e-215 3.438161e-007 
0.000000e+000 0.000000e+000 0.000000e+000 3.867042e-216 1.170465e-007 
0.000000e+000 0.000000e+000 0.000000e+000 1.368760e-246 2.205713e-008 
0.000000e+000 0.000000e+000 0.000000e+000 4.844795e-277 4.156613e-009 
0.000000e+000 0.000000e+000 0.000000e+000 1.714840e-277 1.415050e-009 
0.000000e+000 0.000000e+000 0.000000e+000 6.069766e-278 4.817302e-010 
0.000000e+000 0.000000e+000 0.000000e+000 2.148425e-308 9.078091e-011 
0.000000e+000 0.000000e+000 0.000000e+000 0.000000e+000 1.710744e-011 
0.000000e+000 0.000000e+000 0.000000e+000 0.000000e+000 3.223857e-012 
0.000000e+000 0.000000e+000 0.000000e+000 0.000000e+000 6.075281e-013 
0.000000e+000 0.000000e+000 0.000000e+000 0.000000e+000 1.860417e-013 
0.000000e+000 0.000000e+000 0.000000e+000 0.000000e+000 6.333481e-014 
0.000000e+000 0.000000e+000 0.000000e+000 0.000000e+000 1.939485e-014 
0.000000e+000 0.000000e+000 0.000000e+000 0.000000e+000 5.939234e-015 
0.000000e+000 0.000000e+000 0.000000e+000 0.000000e+000 1.818756e-015 
0.000000e+000 0.000000e+000 0.000000e+000 0.000000e+000 5.569528e-016 
0.000000e+000 0.000000e+000 0.000000e+000 0.000000e+000 1.705542e-016 
0.000000e+000 0.000000e+000 0.000000e+000 0.000000e+000 3.214052e-017 
0.000000e+000 0.000000e+000 0.000000e+000 0.000000e+000 6.056804e-018 
0.000000e+000 0.000000e+000 0.000000e+000 0.000000e+000 2.061939e-018 
0.000000e+000 0.000000e+000 0.000000e+000 0.000000e+000 7.019528e-019 
0.000000e+000 0.000000e+000 0.000000e+000 0.000000e+000 2.389682e-019 
0.000000e+000 0.000000e+000 0.000000e+000 0.000000e+000 8.135275e-020 
0.000000e+000 0.000000e+000 0.000000e+000 0.000000e+000 2.769519e-020 
0.000000e+000 0.000000e+000 0.000000e+000 0.000000e+000 1.957160e-021 
0.000000e+000 0.000000e+000 0.000000e+000 0.000000e+000 4.610276e-023 
0.000000e+000 0.000000e+000 0.000000e+000 0.000000e+000 3.257983e-024 
0.000000e+000 0.000000e+000 0.000000e+000 0.000000e+000 1.109126e-024 
0.000000e+000 0.000000e+000 0.000000e+000 0.000000e+000 7.837956e-026 
0.000000e+000 0.000000e+000 0.000000e+000 0.000000e+000 1.846305e-027 
0.000000e+000 0.000000e+000 0.000000e+000 0.000000e+000 5.653891e-028 
0.000000e+000 0.000000e+000 0.000000e+000 0.000000e+000 1.924773e-028 
0.000000e+000 0.000000e+000 0.000000e+000 0.000000e+000 4.533986e-030 


4.533986e-030 2.361560e-090 1.782554e-062 5.458667e-033 8.449362e-033 
6.529466e-090 4.533986e-030 2.361560e-060 1.782554e-032 2.759179e-032 
2.132228e-119 6.529466e-060 4.533986e-030 2.361560e-030 1.171330e-030 
6.962893e-119 2.132228e-089 6.529466e-030 4.533986e-030 3.440703e-030 
2.273766e-088 6.962893e-089 2.132228e-059 6.529466e-030 1.010683e-029 
7.425091e-088 2.273766e-088 6.962893e-059 2.132228e-029 3.300434e-029 
2.424699e-087 7.425091e-088 2.273766e-058 6.962893e-029 1.077772e-028 
2.099556e-085 2.424699e-087 7.425091e-058 2.273766e-028 3.519517e-028 
3.023605e-055 2.099556e-085 2.424699e-057 7.425091e-028 1.149315e-027 
4.191089e-114 3.023605e-055 2.099556e-055 2.424699e-027 3.753143e-027 
9.051192e-084 4.191089e-084 3.023605e-025 2.099556e-025 1.593289e-025 
1.737749e-053 9.051192e-054 4.191089e-054 3.023605e-025 4.680178e-025 
2.502560e-083 1.737749e-053 9.051192e-024 4.191089e-024 1.528334e-024 
1.327987e-112 2.502560e-053 1.737749e-023 9.051192e-024 4.489378e-024 
2.199177e-111 1.327987e-082 2.502560e-023 1.737749e-023 1.318724e-023 
4.222226e-081 2.199177e-081 1.327987e-052 2.502560e-023 3.873663e-023 
6.080495e-081 4.222226e-051 2.199177e-051 1.327987e-022 2.055565e-022 
3.226624e-110 6.080495e-051 4.222226e-021 2.199177e-021 1.090789e-021 
1.712213e-109 3.226624e-080 6.080495e-021 4.222226e-021 3.204118e-021 
9.085883e-109 1.712213e-079 3.226624e-050 6.080495e-021 9.411878e-021 
4.821437e-108 9.085883e-079 1.712213e-049 3.226624e-020 4.994427e-020 
3.211463e-107 4.821437e-078 9.085883e-049 1.712213e-019 2.650300e-019 
4.624879e-077 3.211463e-077 4.821437e-048 9.085883e-019 1.406386e-018 
1.510276e-076 4.624879e-047 3.211463e-047 4.821437e-018 7.463007e-018 
4.931879e-106 1.510276e-076 4.624879e-017 3.211463e-017 2.437081e-017 
1.610529e-075 4.931879e-076 1.510276e-046 4.624879e-017 7.158759e-017 
5.259258e-075 1.610529e-075 4.931879e-046 1.510276e-016 2.337727e-016 
1.717436e-074 5.259258e-075 1.610529e-045 4.931879e-016 7.633958e-016 
9.113599e-074 1.717436e-074 5.259258e-045 1.610529e-015 2.492905e-015 
3.205540e-072 9.113599e-074 1.717436e-044 5.259258e-015 8.140702e-015 
7.690029e-072 3.205540e-072 9.113599e-044 1.717436e-014 2.658385e-014 
1.771254e-071 7.690029e-042 3.205540e-042 9.113599e-014 1.410676e-013 
3.825249e-071 1.771254e-041 7.690029e-012 3.205540e-012 7.485773e-013 
7.344141e-071 3.825249e-041 1.771254e-011 7.690029e-012 2.198895e-012 
1.057641e-070 7.344141e-041 3.825249e-011 1.771254e-011 6.459104e-012 
1.496637e-099 1.057641e-040 7.344141e-011 3.825249e-011 1.897318e-011 
6.353543e-098 1.496637e-069 1.057641e-010 7.344141e-011 5.573243e-011 
1.833853e-096 6.353543e-068 1.496637e-039 1.057641e-010 1.637102e-010 
2.640961e-066 1.833853e-066 6.353543e-038 1.496637e-009 2.316615e-009 
3.737146e-095 2.640961e-036 1.833853e-036 6.353543e-008 9.834523e-008 
1.586498e-093 3.737146e-065 2.640961e-006 1.833853e-006 1.391654e-006 
1.056734e-062 1.586498e-063 3.737146e-035 2.640961e-006 4.087890e-006 
1.521820e-062 1.056734e-032 1.586498e-033 3.737146e-005 5.784654e-005 
1.000000e-060 1.521820e-032 1.056734e-032 1.586498e-003 2.455708e-003 
1.000000e-060 1.000000e-060 1.521820e-002 1.056734e-002 8.019232e-003 
1.000000e-030 1.000000e-030 1.000000e-030 1.521820e-002 2.355595e-002 
1.000000e+000 1.000000e+000 1.000000e+000 1.000000e+000 1.000000e+000 


1.000000e+000 0.000000e+000 0.000000e+000 0.000000e+000 0.000000e+000 
1.336792e-270 1.000000e+000 0.000000e+000 0.000000e+000 0.000000e+000 
0.000000e+000 1.336792e-180 1.000000e+000 0.000000e+000 0.000000e+000 
0.000000e+000 0.000000e+000 1.336792e-090 1.000000e+000 0.000000e+000 
0.000000e+000 0.000000e+000 4.052155e-210 5.097364e-001 4.902636e-001 
0.000000e+000 0.000000e+000 1.228311e-299 5.891827e-031 1.000000e+000 
0.000000e+000 0.000000e+000 0.000000e+000 6.810112e-061 1.000000e+000 
0.000000e+000 0.000000e+000 0.000000e+000 7.871518e-091 1.000000e+000 
0.000000e+000 0.000000e+000 0.000000e+000 9.098353e-121 1.000000e+000 
0.000000e+000 0.000000e+000 0.000000e+000 1.051640e-150 1.000000e+000 
0.000000e+000 0.000000e+000 0.000000e+000 3.223184e-179 1.000000e+000 
0.000000e+000 0.000000e+000 0.000000e+000 1.642974e-179 1.000000e+000 
0.000000e+000 0.000000e+000 0.000000e+000 8.060850e-209 1.000000e+000 
0.000000e+000 0.000000e+000 0.000000e+000 6.161806e-209 1.000000e+000 
0.000000e+000 0.000000e+000 0.000000e+000 4.187334e-209 1.000000e+000 
0.000000e+000 0.000000e+000 0.000000e+000 2.134437e-209 1.000000e+000 
0.000000e+000 0.000000e+000 0.000000e+000 4.009045e-239 1.000000e+000 
0.000000e+000 0.000000e+000 0.000000e+000 2.349933e-268 1.000000e+000 
0.000000e+000 0.000000e+000 0.000000e+000 1.596927e-268 1.000000e+000 
0.000000e+000 0.000000e+000 0.000000e+000 8.140117e-269 1.000000e+000 
0.000000e+000 0.000000e+000 0.000000e+000 1.528932e-298 1.000000e+000 
0.000000e+000 0.000000e+000 0.000000e+000 0.000000e+000 1.000000e+000 
0.000000e+000 0.000000e+000 0.000000e+000 0.000000e+000 1.000000e+000 
0.000000e+000 0.000000e+000 0.000000e+000 0.000000e+000 1.000000e+000 
0.000000e+000 0.000000e+000 0.000000e+000 0.000000e+000 1.000000e+000 
0.000000e+000 0.000000e+000 0.000000e+000 0.000000e+000 1.000000e+000 
0.000000e+000 0.000000e+000 0.000000e+000 0.000000e+000 1.000000e+000 
0.000000e+000 0.000000e+000 0.000000e+000 0.000000e+000 1.000000e+000 
0.000000e+000 0.000000e+000 0.000000e+000 0.000000e+000 1.000000e+000 
0.000000e+000 0.000000e+000 0.000000e+000 0.000000e+000 1.000000e+000 
0.000000e+000 0.000000e+000 0.000000e+000 0.000000e+000 1.000000e+000 
0.000000e+000 0.000000e+000 0.000000e+000 0.000000e+000 1.000000e+000 
0.000000e+000 0.000000e+000 0.000000e+000 0.000000e+000 1.000000e+000 
0.000000e+000 0.000000e+000 0.000000e+000 0.000000e+000 1.000000e+000 
0.000000e+000 0.000000e+000 0.000000e+000 0.000000e+000 1.000000e+000 
0.000000e+000 0.000000e+000 0.000000e+000 0.000000e+000 1.000000e+000 
0.000000e+000 0.000000e+000 0.000000e+000 0.000000e+000 1.000000e+000 
0.000000e+000 0.000000e+000 0.000000e+000 0.000000e+000 1.000000e+000 
0.000000e+000 0.000000e+000 0.000000e+000 0.000000e+000 1.000000e+000 
0.000000e+000 0.000000e+000 0.000000e+000 0.000000e+000 1.000000e+000 
0.000000e+000 0.000000e+000 0.000000e+000 0.000000e+000 1.000000e+000 
0.000000e+000 0.000000e+000 0.000000e+000 0.000000e+000 1.000000e+000 
0.000000e+000 0.000000e+000 0.000000e+000 0.000000e+000 1.000000e+000 
0.000000e+000 0.000000e+000 0.000000e+000 0.000000e+000 1.000000e+000 
0.000000e+000 0.000000e+000 0.000000e+000 0.000000e+000 1.000000e+000 
0.000000e+000 0.000000e+000 0.000000e+000 0.000000e+000 1.000000e+000 
0.000000e+000 0.000000e+000 0.000000e+000 0.000000e+000 1.000000e+000 



Q star

------------
1  2  3  4  4  5  5  5  5  5  5  5  5  5  5  5  5  5  5  5  5  5  5  5  5  5  5  5  5  5  5  5  5  5  5  5  5  5  5  5  5  5  5  5  5  5  5  
------------

P star

-----------
2.311138e-030

A Martrix

1.336792e-270 1.000000e+000 0.000000e+000 0.000000e+000 0.000000e+000 
0.000000e+000 1.336792e-180 1.000000e+000 0.000000e+000 0.000000e+000 
0.000000e+000 0.000000e+000 1.336792e-090 1.000000e+000 0.000000e+000 
0.000000e+000 0.000000e+000 0.000000e+000 3.376327e-001 6.623673e-001 
0.000000e+000 0.000000e+000 0.000000e+000 0.000000e+000 1.000000e+000 

B Martrix

1.000000e-030 1.000000e-030 1.000000e-030 1.000000e-030 1.000000e-030 1.000000e-030 1.000000e-030 1.000000e-030 1.000000e-030 1.000000e-030 1.000000e-030 1.000000e-030 1.000000e-030 1.000000e-030 1.000000e-030 1.000000e-030 1.000000e-030 1.000000e-030 1.000000e-030 1.000000e-030 1.000000e-030 1.000000e-030 1.000000e-030 1.000000e-030 1.000000e-030 1.000000e-030 1.000000e-030 1.000000e-030 1.000000e-030 1.000000e-030 1.000000e-030 1.000000e+000 
1.000000e-030 1.000000e-030 1.000000e-030 1.000000e-030 1.000000e-030 1.000000e-030 1.000000e-030 1.000000e-030 1.000000e-030 1.000000e-030 1.000000e-030 1.000000e-030 1.000000e-030 1.000000e-030 1.000000e-030 1.000000e-030 1.000000e-030 1.000000e-030 1.000000e-030 1.000000e+000 1.000000e-030 1.000000e-030 1.000000e-030 1.000000e-030 1.000000e-030 1.000000e-030 1.000000e-030 1.000000e-030 1.000000e-030 1.000000e-030 1.000000e-030 1.000000e-030 
1.000000e-030 1.000000e-030 1.000000e-030 1.000000e+000 1.000000e-030 1.000000e-030 1.000000e-030 1.000000e-030 1.000000e-030 1.000000e-030 1.000000e-030 1.000000e-030 1.000000e-030 1.000000e-030 1.000000e-030 1.000000e-030 1.000000e-030 1.000000e-030 1.000000e-030 1.000000e-030 1.000000e-030 1.000000e-030 1.000000e-030 1.000000e-030 1.000000e-030 1.000000e-030 1.000000e-030 1.000000e-030 1.000000e-030 1.000000e-030 1.000000e-030 1.000000e-030 
1.000000e-030 1.000000e-030 1.000000e-030 1.000000e-030 1.000000e-030 1.000000e-030 1.000000e-030 1.000000e-030 1.000000e-030 1.000000e-030 1.000000e-030 1.000000e-030 1.000000e-030 1.000000e-030 1.000000e-030 1.000000e-030 1.000000e-030 1.000000e-030 1.000000e+000 1.000000e-030 1.000000e-030 1.000000e-030 1.000000e-030 1.000000e-030 1.000000e-030 1.000000e-030 1.000000e-030 1.000000e-030 1.000000e-030 1.000000e-030 1.000000e-030 1.000000e-030 
1.000000e-030 1.000000e-030 1.000000e-030 2.353480e-002 1.000000e-030 1.000000e-030 1.000000e-030 1.000000e-030 1.000000e-030 1.000000e-030 7.060441e-002 2.353480e-002 2.353480e-002 1.000000e-030 1.000000e-030 1.000000e-030 1.000000e-030 1.000000e-030 3.410255e-001 3.059524e-001 1.000000e-030 1.000000e-030 1.000000e-030 1.000000e-030 1.000000e-030 1.000000e-030 2.353480e-002 1.000000e-030 1.882784e-001 1.000000e-030 1.000000e-030 1.000000e-030 
=================
