28	28	28	12	11	19	19	20	12	20	20	4	12	20	20	28	28	28	28	20	20	20	28	20	20	20	20	28	28	28	28	12	20	20	20	28	28	28	12	28	28	28	28	
Iteraion 1
-----------------

P(O|lamda) = 1.899114e-065

3.125000e-002 0.000000e+000 0.000000e+000 0.000000e+000 0.000000e+000 
7.812500e-004 1.953125e-004 0.000000e+000 0.000000e+000 0.000000e+000 
1.953125e-005 9.765625e-006 1.220703e-006 0.000000e+000 0.000000e+000 
4.882813e-007 3.662109e-007 9.155273e-008 7.629395e-009 0.000000e+000 
1.220703e-008 1.220703e-008 4.577637e-009 7.629395e-010 4.768372e-011 
3.051758e-010 3.814697e-010 1.907349e-010 4.768372e-011 6.258488e-012 
7.629395e-012 1.144409e-011 7.152557e-012 2.384186e-012 4.936010e-013 
1.907349e-013 3.337860e-013 2.503395e-013 1.043081e-013 3.032619e-014 
4.768372e-015 9.536743e-015 8.344650e-015 4.172325e-015 1.599619e-015 
1.192093e-016 2.682209e-016 2.682209e-016 1.564622e-016 7.606513e-017 
2.980232e-018 7.450581e-018 8.381903e-018 5.587935e-018 3.354924e-018 
7.450581e-020 2.048910e-019 2.561137e-019 1.920853e-019 1.397660e-019 
1.862645e-021 5.587935e-021 7.683411e-021 6.402843e-021 5.568220e-021 
4.656613e-023 1.513399e-022 2.270099e-022 2.080924e-022 2.140246e-022 
1.164153e-024 4.074536e-024 6.621121e-024 6.621121e-024 7.988847e-024 
2.910383e-026 1.091394e-025 1.909939e-025 2.069100e-025 2.910335e-025 
7.275958e-028 2.910383e-027 5.456968e-027 6.366463e-027 1.038798e-026 
1.818989e-029 7.730705e-029 1.546141e-028 1.932676e-028 3.644149e-028 
4.547474e-031 2.046363e-030 4.348522e-030 5.798029e-030 1.259589e-029 
1.136868e-032 5.400125e-032 1.215028e-031 1.721290e-031 4.298592e-031 
2.842171e-034 1.421085e-033 3.375078e-033 5.062617e-033 1.450891e-032 
7.105427e-036 3.730349e-035 9.325873e-035 1.476597e-034 4.850447e-034 
1.776357e-037 9.769963e-037 2.564615e-036 4.274359e-036 1.608052e-035 
4.440892e-039 2.553513e-038 7.022161e-038 1.228878e-037 5.292309e-037 
1.110223e-040 6.661338e-040 1.915135e-039 3.511080e-039 1.730652e-038 
2.775558e-042 1.734723e-041 5.204170e-041 9.974660e-041 5.627729e-040 
6.938894e-044 4.510281e-043 1.409463e-042 2.818926e-042 1.821007e-041 
1.734723e-045 1.170938e-044 3.805550e-044 7.928228e-044 5.866829e-043 
4.336809e-047 3.035766e-046 1.024571e-045 2.219904e-045 1.882936e-044 
1.084202e-048 7.860466e-048 2.751163e-047 6.190117e-047 6.022918e-046 
2.710505e-050 2.032879e-049 7.369187e-049 1.719477e-048 1.920850e-047 
6.776264e-052 5.251604e-051 1.969352e-050 4.759266e-050 6.110124e-049 
1.694066e-053 1.355253e-052 5.251604e-052 1.312901e-051 1.939159e-050 
4.235165e-055 3.494011e-054 1.397604e-053 3.610478e-053 6.141928e-052 
1.058791e-056 8.999725e-056 3.712387e-055 9.899698e-055 1.941918e-053 
2.646978e-058 2.316106e-057 9.843449e-057 2.706949e-056 6.130367e-055 
6.617445e-060 5.955700e-059 2.605619e-058 7.382587e-058 1.932658e-056 
1.654361e-061 1.530284e-060 6.886279e-060 2.008498e-059 6.085698e-058 
4.135903e-063 3.929108e-062 1.817212e-061 5.451637e-061 1.914334e-059 
1.033976e-064 1.008126e-063 4.788600e-063 1.476485e-062 6.016366e-061 
2.584939e-066 2.584939e-065 1.260158e-064 3.990500e-064 1.889342e-062 
6.462349e-068 6.623907e-067 3.311954e-066 1.076385e-065 5.929135e-064 
1.615587e-069 1.696366e-068 8.693878e-068 2.897959e-067 1.859582e-065 


6.077163e-064 6.077163e-064 6.077163e-064 6.077163e-064 6.077163e-064 
1.944692e-062 1.944692e-062 1.944692e-062 1.944692e-062 1.944692e-062 
6.223015e-061 6.223015e-061 6.223015e-061 6.223015e-061 6.223015e-061 
1.991365e-059 1.991365e-059 1.991365e-059 1.991365e-059 1.991365e-059 
6.372368e-058 6.372368e-058 6.372368e-058 6.372368e-058 6.372368e-058 
2.039158e-056 2.039158e-056 2.039158e-056 2.039158e-056 2.039158e-056 
6.525304e-055 6.525304e-055 6.525304e-055 6.525304e-055 6.525304e-055 
2.088097e-053 2.088097e-053 2.088097e-053 2.088097e-053 2.088097e-053 
6.681912e-052 6.681912e-052 6.681912e-052 6.681912e-052 6.681912e-052 
2.138212e-050 2.138212e-050 2.138212e-050 2.138212e-050 2.138212e-050 
6.842278e-049 6.842278e-049 6.842278e-049 6.842278e-049 6.842278e-049 
2.189529e-047 2.189529e-047 2.189529e-047 2.189529e-047 2.189529e-047 
7.006492e-046 7.006492e-046 7.006492e-046 7.006492e-046 7.006492e-046 
2.242078e-044 2.242078e-044 2.242078e-044 2.242078e-044 2.242078e-044 
7.174648e-043 7.174648e-043 7.174648e-043 7.174648e-043 7.174648e-043 
2.295887e-041 2.295887e-041 2.295887e-041 2.295887e-041 2.295887e-041 
7.346840e-040 7.346840e-040 7.346840e-040 7.346840e-040 7.346840e-040 
2.350989e-038 2.350989e-038 2.350989e-038 2.350989e-038 2.350989e-038 
7.523164e-037 7.523164e-037 7.523164e-037 7.523164e-037 7.523164e-037 
2.407412e-035 2.407412e-035 2.407412e-035 2.407412e-035 2.407412e-035 
7.703720e-034 7.703720e-034 7.703720e-034 7.703720e-034 7.703720e-034 
2.465190e-032 2.465190e-032 2.465190e-032 2.465190e-032 2.465190e-032 
7.888609e-031 7.888609e-031 7.888609e-031 7.888609e-031 7.888609e-031 
2.524355e-029 2.524355e-029 2.524355e-029 2.524355e-029 2.524355e-029 
8.077936e-028 8.077936e-028 8.077936e-028 8.077936e-028 8.077936e-028 
2.584939e-026 2.584939e-026 2.584939e-026 2.584939e-026 2.584939e-026 
8.271806e-025 8.271806e-025 8.271806e-025 8.271806e-025 8.271806e-025 
2.646978e-023 2.646978e-023 2.646978e-023 2.646978e-023 2.646978e-023 
8.470329e-022 8.470329e-022 8.470329e-022 8.470329e-022 8.470329e-022 
2.710505e-020 2.710505e-020 2.710505e-020 2.710505e-020 2.710505e-020 
8.673617e-019 8.673617e-019 8.673617e-019 8.673617e-019 8.673617e-019 
2.775558e-017 2.775558e-017 2.775558e-017 2.775558e-017 2.775558e-017 
8.881784e-016 8.881784e-016 8.881784e-016 8.881784e-016 8.881784e-016 
2.842171e-014 2.842171e-014 2.842171e-014 2.842171e-014 2.842171e-014 
9.094947e-013 9.094947e-013 9.094947e-013 9.094947e-013 9.094947e-013 
2.910383e-011 2.910383e-011 2.910383e-011 2.910383e-011 2.910383e-011 
9.313226e-010 9.313226e-010 9.313226e-010 9.313226e-010 9.313226e-010 
2.980232e-008 2.980232e-008 2.980232e-008 2.980232e-008 2.980232e-008 
9.536743e-007 9.536743e-007 9.536743e-007 9.536743e-007 9.536743e-007 
3.051758e-005 3.051758e-005 3.051758e-005 3.051758e-005 3.051758e-005 
9.765625e-004 9.765625e-004 9.765625e-004 9.765625e-004 9.765625e-004 
3.125000e-002 3.125000e-002 3.125000e-002 3.125000e-002 3.125000e-002 
1.000000e+000 1.000000e+000 1.000000e+000 1.000000e+000 1.000000e+000 


1.000000e+000 0.000000e+000 0.000000e+000 0.000000e+000 0.000000e+000 
8.000000e-001 2.000000e-001 0.000000e+000 0.000000e+000 0.000000e+000 
6.400000e-001 3.200000e-001 4.000000e-002 0.000000e+000 0.000000e+000 
5.120000e-001 3.840000e-001 9.600000e-002 8.000000e-003 0.000000e+000 
4.096000e-001 4.096000e-001 1.536000e-001 2.560000e-002 1.600000e-003 
3.276800e-001 4.096000e-001 2.048000e-001 5.120000e-002 6.720000e-003 
2.621440e-001 3.932160e-001 2.457600e-001 8.192000e-002 1.696000e-002 
2.097152e-001 3.670016e-001 2.752512e-001 1.146880e-001 3.334400e-002 
1.677722e-001 3.355443e-001 2.936013e-001 1.468006e-001 5.628160e-002 
1.342177e-001 3.019899e-001 3.019899e-001 1.761608e-001 8.564173e-002 
1.073742e-001 2.684355e-001 3.019899e-001 2.013266e-001 1.208739e-001 
8.589935e-002 2.362232e-001 2.952790e-001 2.214593e-001 1.611392e-001 
6.871948e-002 2.061584e-001 2.834678e-001 2.362232e-001 2.054311e-001 
5.497558e-002 1.786706e-001 2.680060e-001 2.456721e-001 2.526757e-001 
4.398047e-002 1.539316e-001 2.501389e-001 2.501389e-001 3.018101e-001 
3.518437e-002 1.319414e-001 2.308974e-001 2.501389e-001 3.518379e-001 
2.814750e-002 1.125900e-001 2.111062e-001 2.462906e-001 4.018657e-001 
2.251800e-002 9.570149e-002 1.914030e-001 2.392537e-001 4.511238e-001 
1.801440e-002 8.106479e-002 1.722627e-001 2.296836e-001 4.989745e-001 
1.441152e-002 6.845471e-002 1.540231e-001 2.181994e-001 5.449113e-001 
1.152922e-002 5.764608e-002 1.369094e-001 2.053641e-001 5.885511e-001 
9.223372e-003 4.842270e-002 1.210568e-001 1.916732e-001 6.296240e-001 
7.378698e-003 4.058284e-002 1.065299e-001 1.775499e-001 6.679586e-001 
5.902958e-003 3.394201e-002 9.334053e-002 1.633459e-001 7.034686e-001 
4.722366e-003 2.833420e-002 8.146082e-002 1.493448e-001 7.361378e-001 
3.777893e-003 2.361183e-002 7.083550e-002 1.357680e-001 7.660067e-001 
3.022315e-003 1.964504e-002 6.139076e-002 1.227815e-001 7.931603e-001 
2.417852e-003 1.632050e-002 5.304162e-002 1.105034e-001 8.177167e-001 
1.934281e-003 1.353997e-002 4.569740e-002 9.901102e-002 8.398173e-001 
1.547425e-003 1.121883e-002 3.926591e-002 8.834830e-002 8.596195e-001 
1.237940e-003 9.284550e-003 3.365649e-002 7.853182e-002 8.772892e-001 
9.903520e-004 7.675228e-003 2.878211e-002 6.955676e-002 8.929956e-001 
7.922816e-004 6.338253e-003 2.456073e-002 6.140183e-002 9.069069e-001 
6.338253e-004 5.229059e-003 2.091623e-002 5.403361e-002 9.191873e-001 
5.070602e-004 4.310012e-003 1.777880e-002 4.741013e-002 9.299940e-001 
4.056482e-004 3.549422e-003 1.508504e-002 4.148387e-002 9.394760e-001 
3.245186e-004 2.920667e-003 1.277792e-002 3.620410e-002 9.477728e-001 
2.596148e-004 2.401437e-003 1.080647e-002 3.151886e-002 9.550136e-001 
2.076919e-004 1.973073e-003 9.125462e-003 2.737639e-002 9.613174e-001 
1.661535e-004 1.619997e-003 7.694984e-003 2.372620e-002 9.667927e-001 
1.329228e-004 1.329228e-003 6.479986e-003 2.051996e-002 9.715379e-001 
1.063382e-004 1.089967e-003 5.449835e-003 1.771196e-002 9.756419e-001 
8.507059e-005 8.932412e-004 4.577861e-003 1.525954e-002 9.791843e-001 



Q star

------------
1  2  3  4  5  5  5  5  5  5  5  5  5  5  5  5  5  5  5  5  5  5  5  5  5  5  5  5  5  5  5  5  5  5  5  5  5  5  5  5  5  5  5  
------------

P star

-----------
3.038582e-068

A Martrix

8.000000e-001 2.000000e-001 0.000000e+000 0.000000e+000 0.000000e+000 
0.000000e+000 8.000000e-001 2.000000e-001 0.000000e+000 0.000000e+000 
0.000000e+000 0.000000e+000 8.000000e-001 2.000000e-001 0.000000e+000 
0.000000e+000 0.000000e+000 0.000000e+000 8.000000e-001 2.000000e-001 
0.000000e+000 0.000000e+000 0.000000e+000 0.000000e+000 1.000000e+000 

B Martrix

1.000000e-030 1.000000e-030 1.000000e-030 1.000000e-030 1.000000e-030 1.000000e-030 1.000000e-030 1.000000e-030 1.000000e-030 1.000000e-030 1.000000e-030 1.000000e-030 1.000000e-030 1.000000e-030 1.000000e-030 1.000000e-030 1.000000e-030 1.000000e-030 1.000000e-030 1.000000e-030 1.000000e-030 1.000000e-030 1.000000e-030 1.000000e-030 1.000000e-030 1.000000e-030 1.000000e-030 1.000000e+000 1.000000e-030 1.000000e-030 1.000000e-030 1.000000e-030 
1.000000e-030 1.000000e-030 1.000000e-030 1.000000e-030 1.000000e-030 1.000000e-030 1.000000e-030 1.000000e-030 1.000000e-030 1.000000e-030 1.000000e-030 1.000000e-030 1.000000e-030 1.000000e-030 1.000000e-030 1.000000e-030 1.000000e-030 1.000000e-030 1.000000e-030 1.000000e-030 1.000000e-030 1.000000e-030 1.000000e-030 1.000000e-030 1.000000e-030 1.000000e-030 1.000000e-030 1.000000e+000 1.000000e-030 1.000000e-030 1.000000e-030 1.000000e-030 
1.000000e-030 1.000000e-030 1.000000e-030 1.000000e-030 1.000000e-030 1.000000e-030 1.000000e-030 1.000000e-030 1.000000e-030 1.000000e-030 1.000000e-030 1.000000e-030 1.000000e-030 1.000000e-030 1.000000e-030 1.000000e-030 1.000000e-030 1.000000e-030 1.000000e-030 1.000000e-030 1.000000e-030 1.000000e-030 1.000000e-030 1.000000e-030 1.000000e-030 1.000000e-030 1.000000e-030 1.000000e+000 1.000000e-030 1.000000e-030 1.000000e-030 1.000000e-030 
1.000000e-030 1.000000e-030 1.000000e-030 1.000000e-030 1.000000e-030 1.000000e-030 1.000000e-030 1.000000e-030 1.000000e-030 1.000000e-030 1.000000e-030 1.000000e+000 1.000000e-030 1.000000e-030 1.000000e-030 1.000000e-030 1.000000e-030 1.000000e-030 1.000000e-030 1.000000e-030 1.000000e-030 1.000000e-030 1.000000e-030 1.000000e-030 1.000000e-030 1.000000e-030 1.000000e-030 1.000000e-030 1.000000e-030 1.000000e-030 1.000000e-030 1.000000e-030 
1.000000e-030 1.000000e-030 1.000000e-030 6.970786e-003 1.000000e-030 1.000000e-030 1.000000e-030 1.000000e-030 1.000000e-030 1.000000e-030 6.921505e-005 9.153801e-002 1.000000e-030 1.000000e-030 1.000000e-030 1.000000e-030 1.000000e-030 1.000000e-030 1.024383e-003 3.595849e-001 1.000000e-030 1.000000e-030 1.000000e-030 1.000000e-030 1.000000e-030 1.000000e-030 1.000000e-030 5.408127e-001 1.000000e-030 1.000000e-030 1.000000e-030 1.000000e-030 
Iteraion 2
-----------------

P(O|lamda) = 6.617657e-031

1.000000e+000 0.000000e+000 0.000000e+000 0.000000e+000 0.000000e+000 
8.000000e-001 2.000000e-001 0.000000e+000 0.000000e+000 0.000000e+000 
6.400000e-001 3.200000e-001 4.000000e-002 0.000000e+000 0.000000e+000 
5.120000e-031 3.840000e-031 9.600000e-032 8.000000e-003 0.000000e+000 
4.096000e-061 4.096000e-061 1.536000e-061 6.400000e-033 1.107441e-007 
3.276800e-091 4.096000e-091 2.048000e-091 5.120000e-063 1.134443e-010 
2.621440e-121 3.932160e-121 2.457600e-121 4.096000e-093 1.162104e-013 
2.097152e-151 3.670016e-151 2.752512e-151 3.276800e-123 4.178750e-014 
1.677722e-181 3.355443e-181 2.936013e-181 2.621440e-123 3.825144e-015 
1.342177e-211 3.019899e-211 3.019899e-211 2.097152e-153 1.375464e-015 
1.073742e-241 2.684355e-241 3.019899e-241 1.677722e-183 4.945961e-016 
8.589935e-272 2.362232e-271 2.952790e-271 1.342177e-213 3.447723e-018 
6.871948e-302 2.061584e-301 2.834678e-301 1.073742e-213 3.155977e-019 
0.000000e+000 0.000000e+000 0.000000e+000 8.589935e-244 1.134842e-019 
0.000000e+000 0.000000e+000 0.000000e+000 6.871948e-274 4.080719e-020 
0.000000e+000 0.000000e+000 0.000000e+000 5.497558e-304 2.206905e-020 
0.000000e+000 0.000000e+000 0.000000e+000 0.000000e+000 1.193522e-020 
0.000000e+000 0.000000e+000 0.000000e+000 0.000000e+000 6.454720e-021 
0.000000e+000 0.000000e+000 0.000000e+000 0.000000e+000 3.490795e-021 
0.000000e+000 0.000000e+000 0.000000e+000 0.000000e+000 1.255237e-021 
0.000000e+000 0.000000e+000 0.000000e+000 0.000000e+000 4.513642e-022 
0.000000e+000 0.000000e+000 0.000000e+000 0.000000e+000 1.623037e-022 
0.000000e+000 0.000000e+000 0.000000e+000 0.000000e+000 8.777593e-023 
0.000000e+000 0.000000e+000 0.000000e+000 0.000000e+000 3.156290e-023 
0.000000e+000 0.000000e+000 0.000000e+000 0.000000e+000 1.134954e-023 
0.000000e+000 0.000000e+000 0.000000e+000 0.000000e+000 4.081123e-024 
0.000000e+000 0.000000e+000 0.000000e+000 0.000000e+000 1.467510e-024 
0.000000e+000 0.000000e+000 0.000000e+000 0.000000e+000 7.936481e-025 
0.000000e+000 0.000000e+000 0.000000e+000 0.000000e+000 4.292150e-025 
0.000000e+000 0.000000e+000 0.000000e+000 0.000000e+000 2.321249e-025 
0.000000e+000 0.000000e+000 0.000000e+000 0.000000e+000 1.255361e-025 
0.000000e+000 0.000000e+000 0.000000e+000 0.000000e+000 1.149133e-026 
0.000000e+000 0.000000e+000 0.000000e+000 0.000000e+000 4.132107e-027 
0.000000e+000 0.000000e+000 0.000000e+000 0.000000e+000 1.485843e-027 
0.000000e+000 0.000000e+000 0.000000e+000 0.000000e+000 5.342867e-028 
0.000000e+000 0.000000e+000 0.000000e+000 0.000000e+000 2.889491e-028 
0.000000e+000 0.000000e+000 0.000000e+000 0.000000e+000 1.562673e-028 
0.000000e+000 0.000000e+000 0.000000e+000 0.000000e+000 8.451137e-029 
0.000000e+000 0.000000e+000 0.000000e+000 0.000000e+000 7.736003e-030 
0.000000e+000 0.000000e+000 0.000000e+000 0.000000e+000 4.183729e-030 
0.000000e+000 0.000000e+000 0.000000e+000 0.000000e+000 2.262614e-030 
0.000000e+000 0.000000e+000 0.000000e+000 0.000000e+000 1.223650e-030 
0.000000e+000 0.000000e+000 0.000000e+000 0.000000e+000 6.617657e-031 


6.617657e-031 5.294126e-030 1.058825e-029 2.214673e-030 1.107336e-029 
9.561009e-087 3.308829e-030 1.323531e-029 4.095083e-030 2.047541e-029 
9.333435e-114 4.780505e-086 1.654414e-029 7.374866e-029 3.786045e-029 
9.111277e-111 4.666718e-083 2.390252e-055 8.272072e-029 4.136036e-028 
9.111194e-109 4.555639e-080 2.333359e-052 1.195126e-024 5.975631e-024 
2.768066e-079 3.448371e-078 2.277819e-049 1.166679e-021 5.833397e-021 
7.697949e-109 1.384033e-048 1.170572e-047 1.138910e-018 5.694548e-018 
2.140788e-108 3.848974e-078 6.920165e-018 3.084795e-017 1.583645e-017 
1.104306e-104 1.070394e-077 1.924487e-047 3.460082e-017 1.730041e-016 
3.354984e-075 4.179535e-074 5.351969e-047 9.622436e-017 4.811218e-016 
9.330158e-105 1.677492e-044 1.418771e-043 2.675985e-016 1.337992e-015 
2.594703e-104 4.665079e-074 8.387459e-014 3.738869e-013 1.919428e-013 
7.626420e-102 1.297351e-073 2.332540e-043 4.193730e-013 2.096865e-012 
5.966007e-072 1.426807e-071 6.486757e-043 1.166270e-012 5.831349e-012 
4.131145e-042 1.330545e-041 1.811855e-041 3.243378e-012 1.621689e-011 
2.327782e-042 1.134460e-041 2.114888e-041 5.997230e-012 2.998615e-011 
8.435261e-043 8.264805e-042 2.366377e-041 1.108929e-011 5.544646e-011 
2.345833e-072 4.217631e-042 2.445350e-041 2.050486e-011 1.025243e-010 
6.523726e-102 1.172917e-071 2.108815e-041 3.791490e-011 1.895745e-010 
9.257445e-101 3.261863e-071 5.864583e-041 1.054408e-010 5.272038e-010 
3.354651e-071 3.286862e-070 1.630932e-040 2.932291e-010 1.466146e-009 
9.329234e-071 1.677326e-040 9.725008e-040 8.154658e-010 4.077329e-009 
2.594446e-100 4.664617e-070 8.386629e-040 1.507852e-009 7.539262e-009 
6.347712e-097 1.297223e-069 2.332309e-039 4.193314e-009 2.096657e-008 
5.661158e-067 9.093928e-067 6.486114e-039 1.166154e-008 5.830771e-008 
4.717632e-037 9.435263e-037 7.728588e-037 3.243057e-008 1.621529e-007 
3.538224e-007 9.435263e-007 9.435263e-007 9.018892e-008 4.509446e-007 
2.211390e-007 8.845559e-007 1.179408e-006 1.667655e-007 8.338276e-007 
9.214124e-008 7.371299e-007 1.474260e-006 3.083609e-007 1.541805e-006 
2.562434e-067 4.607062e-007 1.842825e-006 5.701806e-007 2.850903e-006 
7.126089e-097 1.281217e-066 2.303531e-006 1.026843e-005 5.271516e-006 
8.429098e-094 3.563045e-066 6.406085e-036 1.151766e-005 5.758828e-005 
7.007734e-064 1.411456e-063 1.781522e-035 3.203042e-005 1.601521e-004 
5.255801e-034 1.401547e-033 1.451091e-033 8.907612e-005 4.453806e-004 
3.284875e-004 1.313950e-003 1.751934e-003 2.477193e-004 1.238597e-003 
1.368698e-004 1.094958e-003 2.189917e-003 4.580501e-004 2.290250e-003 
9.011200e-031 6.843490e-004 2.737396e-003 8.469661e-004 4.234831e-003 
9.420800e-031 7.372800e-031 3.421745e-003 1.525308e-002 7.830493e-003 
9.728000e-001 8.192000e-001 4.096000e-001 1.710873e-002 8.554363e-002 
9.920000e-001 8.960000e-001 5.120000e-001 3.163521e-002 1.581761e-001 
1.000000e+000 9.600000e-001 6.400000e-001 5.849568e-002 2.924784e-001 
1.000000e+000 1.000000e+000 8.000000e-001 1.081625e-001 5.408127e-001 
1.000000e+000 1.000000e+000 1.000000e+000 1.000000e+000 1.000000e+000 


1.000000e+000 0.000000e+000 0.000000e+000 0.000000e+000 0.000000e+000 
1.155818e-056 1.000000e+000 0.000000e+000 0.000000e+000 0.000000e+000 
9.026455e-084 2.311636e-056 1.000000e+000 0.000000e+000 0.000000e+000 
7.049283e-111 2.707936e-083 3.467454e-056 1.000000e+000 0.000000e+000 
5.639375e-139 2.819713e-110 5.415873e-083 1.155818e-026 1.000000e+000 
1.370636e-139 2.134370e-138 7.049283e-110 9.026455e-054 1.000000e+000 
3.049374e-199 8.223815e-139 4.347155e-138 7.049283e-081 1.000000e+000 
6.784209e-229 2.134562e-198 2.878335e-138 1.527467e-109 1.000000e+000 
2.799658e-255 5.427368e-228 8.538247e-198 1.370636e-109 1.000000e+000 
6.804497e-256 1.907287e-254 2.442315e-227 3.049374e-139 1.000000e+000 
1.513856e-315 6.804497e-255 6.474412e-254 6.784209e-169 1.000000e+000 
0.000000e+000 1.665242e-314 3.742473e-254 7.583085e-196 1.000000e+000 
0.000000e+000 0.000000e+000 9.991450e-314 6.804497e-196 1.000000e+000 
0.000000e+000 0.000000e+000 0.000000e+000 1.513856e-225 1.000000e+000 
0.000000e+000 0.000000e+000 0.000000e+000 3.368009e-255 1.000000e+000 
0.000000e+000 0.000000e+000 0.000000e+000 4.982144e-285 1.000000e+000 
0.000000e+000 0.000000e+000 0.000000e+000 0.000000e+000 1.000000e+000 
0.000000e+000 0.000000e+000 0.000000e+000 0.000000e+000 1.000000e+000 
0.000000e+000 0.000000e+000 0.000000e+000 0.000000e+000 1.000000e+000 
0.000000e+000 0.000000e+000 0.000000e+000 0.000000e+000 1.000000e+000 
0.000000e+000 0.000000e+000 0.000000e+000 0.000000e+000 1.000000e+000 
0.000000e+000 0.000000e+000 0.000000e+000 0.000000e+000 1.000000e+000 
0.000000e+000 0.000000e+000 0.000000e+000 0.000000e+000 1.000000e+000 
0.000000e+000 0.000000e+000 0.000000e+000 0.000000e+000 1.000000e+000 
0.000000e+000 0.000000e+000 0.000000e+000 0.000000e+000 1.000000e+000 
0.000000e+000 0.000000e+000 0.000000e+000 0.000000e+000 1.000000e+000 
0.000000e+000 0.000000e+000 0.000000e+000 0.000000e+000 1.000000e+000 
0.000000e+000 0.000000e+000 0.000000e+000 0.000000e+000 1.000000e+000 
0.000000e+000 0.000000e+000 0.000000e+000 0.000000e+000 1.000000e+000 
0.000000e+000 0.000000e+000 0.000000e+000 0.000000e+000 1.000000e+000 
0.000000e+000 0.000000e+000 0.000000e+000 0.000000e+000 1.000000e+000 
0.000000e+000 0.000000e+000 0.000000e+000 0.000000e+000 1.000000e+000 
0.000000e+000 0.000000e+000 0.000000e+000 0.000000e+000 1.000000e+000 
0.000000e+000 0.000000e+000 0.000000e+000 0.000000e+000 1.000000e+000 
0.000000e+000 0.000000e+000 0.000000e+000 0.000000e+000 1.000000e+000 
0.000000e+000 0.000000e+000 0.000000e+000 0.000000e+000 1.000000e+000 
0.000000e+000 0.000000e+000 0.000000e+000 0.000000e+000 1.000000e+000 
0.000000e+000 0.000000e+000 0.000000e+000 0.000000e+000 1.000000e+000 
0.000000e+000 0.000000e+000 0.000000e+000 0.000000e+000 1.000000e+000 
0.000000e+000 0.000000e+000 0.000000e+000 0.000000e+000 1.000000e+000 
0.000000e+000 0.000000e+000 0.000000e+000 0.000000e+000 1.000000e+000 
0.000000e+000 0.000000e+000 0.000000e+000 0.000000e+000 1.000000e+000 
0.000000e+000 0.000000e+000 0.000000e+000 0.000000e+000 1.000000e+000 



Q star

------------
1  2  3  4  5  5  5  5  5  5  5  5  5  5  5  5  5  5  5  5  5  5  5  5  5  5  5  5  5  5  5  5  5  5  5  5  5  5  5  5  5  5  5  
------------

P star

-----------
6.617657e-031

A Martrix

1.155818e-056 1.000000e+000 0.000000e+000 0.000000e+000 0.000000e+000 
0.000000e+000 1.155818e-056 1.000000e+000 0.000000e+000 0.000000e+000 
0.000000e+000 0.000000e+000 1.155818e-056 1.000000e+000 0.000000e+000 
0.000000e+000 0.000000e+000 0.000000e+000 1.155818e-026 1.000000e+000 
0.000000e+000 0.000000e+000 0.000000e+000 0.000000e+000 1.000000e+000 

B Martrix

1.000000e-030 1.000000e-030 1.000000e-030 1.000000e-030 1.000000e-030 1.000000e-030 1.000000e-030 1.000000e-030 1.000000e-030 1.000000e-030 1.000000e-030 1.000000e-030 1.000000e-030 1.000000e-030 1.000000e-030 1.000000e-030 1.000000e-030 1.000000e-030 1.000000e-030 1.000000e-030 1.000000e-030 1.000000e-030 1.000000e-030 1.000000e-030 1.000000e-030 1.000000e-030 1.000000e-030 1.000000e+000 1.000000e-030 1.000000e-030 1.000000e-030 1.000000e-030 
1.000000e-030 1.000000e-030 1.000000e-030 1.000000e-030 1.000000e-030 1.000000e-030 1.000000e-030 1.000000e-030 1.000000e-030 1.000000e-030 1.000000e-030 1.000000e-030 1.000000e-030 1.000000e-030 1.000000e-030 1.000000e-030 1.000000e-030 1.000000e-030 1.000000e-030 1.000000e-030 1.000000e-030 1.000000e-030 1.000000e-030 1.000000e-030 1.000000e-030 1.000000e-030 1.000000e-030 1.000000e+000 1.000000e-030 1.000000e-030 1.000000e-030 1.000000e-030 
1.000000e-030 1.000000e-030 1.000000e-030 1.000000e-030 1.000000e-030 1.000000e-030 1.000000e-030 1.000000e-030 1.000000e-030 1.000000e-030 1.000000e-030 1.000000e-030 1.000000e-030 1.000000e-030 1.000000e-030 1.000000e-030 1.000000e-030 1.000000e-030 1.000000e-030 1.000000e-030 1.000000e-030 1.000000e-030 1.000000e-030 1.000000e-030 1.000000e-030 1.000000e-030 1.000000e-030 1.000000e+000 1.000000e-030 1.000000e-030 1.000000e-030 1.000000e-030 
1.000000e-030 1.000000e-030 1.000000e-030 1.000000e-030 1.000000e-030 1.000000e-030 1.000000e-030 1.000000e-030 1.000000e-030 1.000000e-030 1.000000e-030 1.000000e+000 1.000000e-030 1.000000e-030 1.000000e-030 1.000000e-030 1.000000e-030 1.000000e-030 1.000000e-030 1.000000e-030 1.000000e-030 1.000000e-030 1.000000e-030 1.000000e-030 1.000000e-030 1.000000e-030 1.000000e-030 1.000000e-030 1.000000e-030 1.000000e-030 1.000000e-030 1.000000e-030 
1.000000e-030 1.000000e-030 1.000000e-030 2.564103e-002 1.000000e-030 1.000000e-030 1.000000e-030 1.000000e-030 1.000000e-030 1.000000e-030 2.564103e-002 1.025641e-001 1.000000e-030 1.000000e-030 1.000000e-030 1.000000e-030 1.000000e-030 1.000000e-030 5.128205e-002 3.846154e-001 1.000000e-030 1.000000e-030 1.000000e-030 1.000000e-030 1.000000e-030 1.000000e-030 1.000000e-030 4.102564e-001 1.000000e-030 1.000000e-030 1.000000e-030 1.000000e-030 
Iteraion 3
-----------------

P(O|lamda) = 7.346304e-023

1.000000e+000 0.000000e+000 0.000000e+000 0.000000e+000 0.000000e+000 
1.155818e-056 1.000000e+000 0.000000e+000 0.000000e+000 0.000000e+000 
1.335915e-112 2.311636e-056 1.000000e+000 0.000000e+000 0.000000e+000 
1.544075e-198 4.007746e-142 3.467454e-086 1.000000e+000 0.000000e+000 
1.784670e-284 6.176300e-228 8.015492e-172 1.155818e-056 2.564103e-002 
0.000000e+000 8.923349e-314 1.544075e-257 1.335915e-112 1.314924e-003 
0.000000e+000 0.000000e+000 0.000000e+000 1.544075e-168 6.743202e-005 
0.000000e+000 0.000000e+000 0.000000e+000 1.784670e-224 2.593539e-005 
0.000000e+000 0.000000e+000 0.000000e+000 2.062753e-250 2.660040e-006 
0.000000e+000 0.000000e+000 0.000000e+000 2.384168e-306 1.023092e-006 
0.000000e+000 0.000000e+000 0.000000e+000 0.000000e+000 3.934971e-007 
0.000000e+000 0.000000e+000 0.000000e+000 0.000000e+000 1.008967e-008 
0.000000e+000 0.000000e+000 0.000000e+000 0.000000e+000 1.034838e-009 
0.000000e+000 0.000000e+000 0.000000e+000 0.000000e+000 3.980145e-010 
0.000000e+000 0.000000e+000 0.000000e+000 0.000000e+000 1.530825e-010 
0.000000e+000 0.000000e+000 0.000000e+000 0.000000e+000 6.280308e-011 
0.000000e+000 0.000000e+000 0.000000e+000 0.000000e+000 2.576537e-011 
0.000000e+000 0.000000e+000 0.000000e+000 0.000000e+000 1.057041e-011 
0.000000e+000 0.000000e+000 0.000000e+000 0.000000e+000 4.336577e-012 
0.000000e+000 0.000000e+000 0.000000e+000 0.000000e+000 1.667914e-012 
0.000000e+000 0.000000e+000 0.000000e+000 0.000000e+000 6.415055e-013 
0.000000e+000 0.000000e+000 0.000000e+000 0.000000e+000 2.467329e-013 
0.000000e+000 0.000000e+000 0.000000e+000 0.000000e+000 1.012238e-013 
0.000000e+000 0.000000e+000 0.000000e+000 0.000000e+000 3.893221e-014 
0.000000e+000 0.000000e+000 0.000000e+000 0.000000e+000 1.497393e-014 
0.000000e+000 0.000000e+000 0.000000e+000 0.000000e+000 5.759203e-015 
0.000000e+000 0.000000e+000 0.000000e+000 0.000000e+000 2.215078e-015 
0.000000e+000 0.000000e+000 0.000000e+000 0.000000e+000 9.087500e-016 
0.000000e+000 0.000000e+000 0.000000e+000 0.000000e+000 3.728205e-016 
0.000000e+000 0.000000e+000 0.000000e+000 0.000000e+000 1.529520e-016 
0.000000e+000 0.000000e+000 0.000000e+000 0.000000e+000 6.274954e-017 
0.000000e+000 0.000000e+000 0.000000e+000 0.000000e+000 6.435850e-018 
0.000000e+000 0.000000e+000 0.000000e+000 0.000000e+000 2.475327e-018 
0.000000e+000 0.000000e+000 0.000000e+000 0.000000e+000 9.520488e-019 
0.000000e+000 0.000000e+000 0.000000e+000 0.000000e+000 3.661726e-019 
0.000000e+000 0.000000e+000 0.000000e+000 0.000000e+000 1.502247e-019 
0.000000e+000 0.000000e+000 0.000000e+000 0.000000e+000 6.163063e-020 
0.000000e+000 0.000000e+000 0.000000e+000 0.000000e+000 2.528436e-020 
0.000000e+000 0.000000e+000 0.000000e+000 0.000000e+000 2.593268e-021 
0.000000e+000 0.000000e+000 0.000000e+000 0.000000e+000 1.063905e-021 
0.000000e+000 0.000000e+000 0.000000e+000 0.000000e+000 4.364738e-022 
0.000000e+000 0.000000e+000 0.000000e+000 0.000000e+000 1.790662e-022 
0.000000e+000 0.000000e+000 0.000000e+000 0.000000e+000 7.346304e-023 


7.346304e-023 7.534671e-054 3.091147e-054 1.268163e-024 1.268163e-024 
2.865059e-081 7.346304e-023 7.534671e-054 3.091147e-024 3.091147e-024 
5.586864e-110 2.865059e-081 7.346304e-023 7.534671e-024 7.534671e-024 
1.089439e-108 5.586864e-080 2.865059e-051 7.346304e-023 7.346304e-023 
2.832540e-108 1.089439e-078 5.586864e-050 2.865059e-021 2.865059e-021 
2.761727e-077 2.832540e-078 1.089439e-048 5.586864e-020 5.586864e-020 
7.180489e-107 2.761727e-047 2.832540e-048 1.089439e-018 1.089439e-018 
1.866927e-106 7.180489e-077 2.761727e-017 2.832540e-018 2.832540e-018 
7.281016e-105 1.866927e-076 7.180489e-047 2.761727e-017 2.761727e-017 
7.098991e-074 7.281016e-075 1.866927e-046 7.180489e-017 7.180489e-017 
1.845738e-103 7.098991e-044 7.281016e-045 1.866927e-016 1.866927e-016 
4.798918e-103 1.845738e-073 7.098991e-014 7.281016e-015 7.281016e-015 
1.169736e-102 4.798918e-073 1.845738e-043 7.098991e-014 7.098991e-014 
2.851232e-072 1.169736e-072 4.798918e-043 1.845738e-013 1.845738e-013 
6.949878e-042 2.851232e-042 1.169736e-042 4.798918e-013 4.798918e-013 
1.694033e-041 6.949878e-042 2.851232e-042 1.169736e-012 1.169736e-012 
4.404485e-041 1.694033e-041 6.949878e-042 2.851232e-012 2.851232e-012 
1.145166e-070 4.404485e-041 1.694033e-041 6.949878e-012 6.949878e-012 
2.977432e-100 1.145166e-070 4.404485e-041 1.694033e-011 1.694033e-011 
7.257490e-100 2.977432e-070 1.145166e-040 4.404485e-011 4.404485e-011 
1.886947e-069 7.257490e-070 2.977432e-040 1.145166e-010 1.145166e-010 
4.906063e-069 1.886947e-039 7.257490e-040 2.977432e-010 2.977432e-010 
1.275576e-098 4.906063e-069 1.886947e-039 7.257490e-010 7.257490e-010 
3.316499e-098 1.275576e-068 4.906063e-039 1.886947e-009 1.886947e-009 
8.083966e-098 3.316499e-068 1.275576e-038 4.906063e-009 4.906063e-009 
1.970467e-067 8.083966e-068 3.316499e-038 1.275576e-008 1.275576e-008 
4.803013e-037 1.970467e-037 8.083966e-038 3.316499e-008 3.316499e-008 
1.170734e-036 4.803013e-037 1.970467e-037 8.083966e-008 8.083966e-008 
1.141466e-005 1.170734e-036 4.803013e-037 1.970467e-007 1.970467e-007 
2.967812e-065 1.141466e-005 1.170734e-036 4.803013e-007 4.803013e-007 
7.716310e-095 2.967812e-065 1.141466e-005 1.170734e-006 1.170734e-006 
2.006241e-094 7.716310e-065 2.967812e-035 1.141466e-005 1.141466e-005 
4.890211e-094 2.006241e-064 7.716310e-035 2.967812e-005 2.967812e-005 
1.191989e-063 4.890211e-064 2.006241e-034 7.716310e-005 7.716310e-005 
2.905473e-033 1.191989e-033 4.890211e-034 2.006241e-004 2.006241e-004 
2.832836e-002 2.905473e-033 1.191989e-033 4.890211e-004 4.890211e-004 
6.905039e-062 2.832836e-002 2.905473e-033 1.191989e-003 1.191989e-003 
1.683103e-061 6.905039e-062 2.832836e-002 2.905473e-003 2.905473e-003 
4.102564e-031 1.683103e-031 6.905039e-032 2.832836e-002 2.832836e-002 
1.000000e-030 4.102564e-031 1.683103e-031 6.905039e-002 6.905039e-002 
1.000000e+000 1.000000e-030 4.102564e-031 1.683103e-001 1.683103e-001 
1.000000e+000 1.000000e+000 1.000000e-030 4.102564e-001 4.102564e-001 
1.000000e+000 1.000000e+000 1.000000e+000 1.000000e+000 1.000000e+000 


1.000000e+000 0.000000e+000 0.000000e+000 0.000000e+000 0.000000e+000 
4.507690e-115 1.000000e+000 0.000000e+000 0.000000e+000 0.000000e+000 
1.015964e-199 9.015381e-115 1.000000e+000 0.000000e+000 0.000000e+000 
2.289825e-284 3.047891e-199 1.352307e-114 1.000000e+000 0.000000e+000 
0.000000e+000 9.159299e-284 6.095782e-199 4.507690e-055 1.000000e+000 
0.000000e+000 0.000000e+000 2.289825e-283 1.015964e-109 1.000000e+000 
0.000000e+000 0.000000e+000 0.000000e+000 2.289825e-164 1.000000e+000 
0.000000e+000 0.000000e+000 0.000000e+000 6.881214e-220 1.000000e+000 
0.000000e+000 0.000000e+000 0.000000e+000 7.754595e-245 1.000000e+000 
0.000000e+000 0.000000e+000 0.000000e+000 2.330354e-300 1.000000e+000 
0.000000e+000 0.000000e+000 0.000000e+000 0.000000e+000 1.000000e+000 
0.000000e+000 0.000000e+000 0.000000e+000 0.000000e+000 1.000000e+000 
0.000000e+000 0.000000e+000 0.000000e+000 0.000000e+000 1.000000e+000 
0.000000e+000 0.000000e+000 0.000000e+000 0.000000e+000 1.000000e+000 
0.000000e+000 0.000000e+000 0.000000e+000 0.000000e+000 1.000000e+000 
0.000000e+000 0.000000e+000 0.000000e+000 0.000000e+000 1.000000e+000 
0.000000e+000 0.000000e+000 0.000000e+000 0.000000e+000 1.000000e+000 
0.000000e+000 0.000000e+000 0.000000e+000 0.000000e+000 1.000000e+000 
0.000000e+000 0.000000e+000 0.000000e+000 0.000000e+000 1.000000e+000 
0.000000e+000 0.000000e+000 0.000000e+000 0.000000e+000 1.000000e+000 
0.000000e+000 0.000000e+000 0.000000e+000 0.000000e+000 1.000000e+000 
0.000000e+000 0.000000e+000 0.000000e+000 0.000000e+000 1.000000e+000 
0.000000e+000 0.000000e+000 0.000000e+000 0.000000e+000 1.000000e+000 
0.000000e+000 0.000000e+000 0.000000e+000 0.000000e+000 1.000000e+000 
0.000000e+000 0.000000e+000 0.000000e+000 0.000000e+000 1.000000e+000 
0.000000e+000 0.000000e+000 0.000000e+000 0.000000e+000 1.000000e+000 
0.000000e+000 0.000000e+000 0.000000e+000 0.000000e+000 1.000000e+000 
0.000000e+000 0.000000e+000 0.000000e+000 0.000000e+000 1.000000e+000 
0.000000e+000 0.000000e+000 0.000000e+000 0.000000e+000 1.000000e+000 
0.000000e+000 0.000000e+000 0.000000e+000 0.000000e+000 1.000000e+000 
0.000000e+000 0.000000e+000 0.000000e+000 0.000000e+000 1.000000e+000 
0.000000e+000 0.000000e+000 0.000000e+000 0.000000e+000 1.000000e+000 
0.000000e+000 0.000000e+000 0.000000e+000 0.000000e+000 1.000000e+000 
0.000000e+000 0.000000e+000 0.000000e+000 0.000000e+000 1.000000e+000 
0.000000e+000 0.000000e+000 0.000000e+000 0.000000e+000 1.000000e+000 
0.000000e+000 0.000000e+000 0.000000e+000 0.000000e+000 1.000000e+000 
0.000000e+000 0.000000e+000 0.000000e+000 0.000000e+000 1.000000e+000 
0.000000e+000 0.000000e+000 0.000000e+000 0.000000e+000 1.000000e+000 
0.000000e+000 0.000000e+000 0.000000e+000 0.000000e+000 1.000000e+000 
0.000000e+000 0.000000e+000 0.000000e+000 0.000000e+000 1.000000e+000 
0.000000e+000 0.000000e+000 0.000000e+000 0.000000e+000 1.000000e+000 
0.000000e+000 0.000000e+000 0.000000e+000 0.000000e+000 1.000000e+000 
0.000000e+000 0.000000e+000 0.000000e+000 0.000000e+000 1.000000e+000 



Q star

------------
1  2  3  4  5  5  5  5  5  5  5  5  5  5  5  5  5  5  5  5  5  5  5  5  5  5  5  5  5  5  5  5  5  5  5  5  5  5  5  5  5  5  5  
------------

P star

-----------
7.346304e-023

A Martrix

4.507690e-115 1.000000e+000 0.000000e+000 0.000000e+000 0.000000e+000 
0.000000e+000 4.507690e-115 1.000000e+000 0.000000e+000 0.000000e+000 
0.000000e+000 0.000000e+000 4.507690e-115 1.000000e+000 0.000000e+000 
0.000000e+000 0.000000e+000 0.000000e+000 4.507690e-055 1.000000e+000 
0.000000e+000 0.000000e+000 0.000000e+000 0.000000e+000 1.000000e+000 

B Martrix

1.000000e-030 1.000000e-030 1.000000e-030 1.000000e-030 1.000000e-030 1.000000e-030 1.000000e-030 1.000000e-030 1.000000e-030 1.000000e-030 1.000000e-030 1.000000e-030 1.000000e-030 1.000000e-030 1.000000e-030 1.000000e-030 1.000000e-030 1.000000e-030 1.000000e-030 1.000000e-030 1.000000e-030 1.000000e-030 1.000000e-030 1.000000e-030 1.000000e-030 1.000000e-030 1.000000e-030 1.000000e+000 1.000000e-030 1.000000e-030 1.000000e-030 1.000000e-030 
1.000000e-030 1.000000e-030 1.000000e-030 1.000000e-030 1.000000e-030 1.000000e-030 1.000000e-030 1.000000e-030 1.000000e-030 1.000000e-030 1.000000e-030 1.000000e-030 1.000000e-030 1.000000e-030 1.000000e-030 1.000000e-030 1.000000e-030 1.000000e-030 1.000000e-030 1.000000e-030 1.000000e-030 1.000000e-030 1.000000e-030 1.000000e-030 1.000000e-030 1.000000e-030 1.000000e-030 1.000000e+000 1.000000e-030 1.000000e-030 1.000000e-030 1.000000e-030 
1.000000e-030 1.000000e-030 1.000000e-030 1.000000e-030 1.000000e-030 1.000000e-030 1.000000e-030 1.000000e-030 1.000000e-030 1.000000e-030 1.000000e-030 1.000000e-030 1.000000e-030 1.000000e-030 1.000000e-030 1.000000e-030 1.000000e-030 1.000000e-030 1.000000e-030 1.000000e-030 1.000000e-030 1.000000e-030 1.000000e-030 1.000000e-030 1.000000e-030 1.000000e-030 1.000000e-030 1.000000e+000 1.000000e-030 1.000000e-030 1.000000e-030 1.000000e-030 
1.000000e-030 1.000000e-030 1.000000e-030 1.000000e-030 1.000000e-030 1.000000e-030 1.000000e-030 1.000000e-030 1.000000e-030 1.000000e-030 1.000000e-030 1.000000e+000 1.000000e-030 1.000000e-030 1.000000e-030 1.000000e-030 1.000000e-030 1.000000e-030 1.000000e-030 1.000000e-030 1.000000e-030 1.000000e-030 1.000000e-030 1.000000e-030 1.000000e-030 1.000000e-030 1.000000e-030 1.000000e-030 1.000000e-030 1.000000e-030 1.000000e-030 1.000000e-030 
1.000000e-030 1.000000e-030 1.000000e-030 2.564103e-002 1.000000e-030 1.000000e-030 1.000000e-030 1.000000e-030 1.000000e-030 1.000000e-030 2.564103e-002 1.025641e-001 1.000000e-030 1.000000e-030 1.000000e-030 1.000000e-030 1.000000e-030 1.000000e-030 5.128205e-002 3.846154e-001 1.000000e-030 1.000000e-030 1.000000e-030 1.000000e-030 1.000000e-030 1.000000e-030 1.000000e-030 4.102564e-001 1.000000e-030 1.000000e-030 1.000000e-030 1.000000e-030 
Iteraion 4
-----------------

P(O|lamda) = 7.346304e-023

1.000000e+000 0.000000e+000 0.000000e+000 0.000000e+000 0.000000e+000 
4.507690e-115 1.000000e+000 0.000000e+000 0.000000e+000 0.000000e+000 
2.031927e-229 9.015381e-115 1.000000e+000 0.000000e+000 0.000000e+000 
0.000000e+000 6.095782e-259 1.352307e-144 1.000000e+000 0.000000e+000 
0.000000e+000 0.000000e+000 1.219156e-288 4.507690e-085 2.564103e-002 
0.000000e+000 0.000000e+000 0.000000e+000 2.031927e-169 1.314924e-003 
0.000000e+000 0.000000e+000 0.000000e+000 9.159299e-254 6.743202e-005 
0.000000e+000 0.000000e+000 0.000000e+000 0.000000e+000 2.593539e-005 
0.000000e+000 0.000000e+000 0.000000e+000 0.000000e+000 2.660040e-006 
0.000000e+000 0.000000e+000 0.000000e+000 0.000000e+000 1.023092e-006 
0.000000e+000 0.000000e+000 0.000000e+000 0.000000e+000 3.934971e-007 
0.000000e+000 0.000000e+000 0.000000e+000 0.000000e+000 1.008967e-008 
0.000000e+000 0.000000e+000 0.000000e+000 0.000000e+000 1.034838e-009 
0.000000e+000 0.000000e+000 0.000000e+000 0.000000e+000 3.980145e-010 
0.000000e+000 0.000000e+000 0.000000e+000 0.000000e+000 1.530825e-010 
0.000000e+000 0.000000e+000 0.000000e+000 0.000000e+000 6.280308e-011 
0.000000e+000 0.000000e+000 0.000000e+000 0.000000e+000 2.576537e-011 
0.000000e+000 0.000000e+000 0.000000e+000 0.000000e+000 1.057041e-011 
0.000000e+000 0.000000e+000 0.000000e+000 0.000000e+000 4.336577e-012 
0.000000e+000 0.000000e+000 0.000000e+000 0.000000e+000 1.667914e-012 
0.000000e+000 0.000000e+000 0.000000e+000 0.000000e+000 6.415055e-013 
0.000000e+000 0.000000e+000 0.000000e+000 0.000000e+000 2.467329e-013 
0.000000e+000 0.000000e+000 0.000000e+000 0.000000e+000 1.012238e-013 
0.000000e+000 0.000000e+000 0.000000e+000 0.000000e+000 3.893221e-014 
0.000000e+000 0.000000e+000 0.000000e+000 0.000000e+000 1.497393e-014 
0.000000e+000 0.000000e+000 0.000000e+000 0.000000e+000 5.759203e-015 
0.000000e+000 0.000000e+000 0.000000e+000 0.000000e+000 2.215078e-015 
0.000000e+000 0.000000e+000 0.000000e+000 0.000000e+000 9.087500e-016 
0.000000e+000 0.000000e+000 0.000000e+000 0.000000e+000 3.728205e-016 
0.000000e+000 0.000000e+000 0.000000e+000 0.000000e+000 1.529520e-016 
0.000000e+000 0.000000e+000 0.000000e+000 0.000000e+000 6.274954e-017 
0.000000e+000 0.000000e+000 0.000000e+000 0.000000e+000 6.435850e-018 
0.000000e+000 0.000000e+000 0.000000e+000 0.000000e+000 2.475327e-018 
0.000000e+000 0.000000e+000 0.000000e+000 0.000000e+000 9.520488e-019 
0.000000e+000 0.000000e+000 0.000000e+000 0.000000e+000 3.661726e-019 
0.000000e+000 0.000000e+000 0.000000e+000 0.000000e+000 1.502247e-019 
0.000000e+000 0.000000e+000 0.000000e+000 0.000000e+000 6.163063e-020 
0.000000e+000 0.000000e+000 0.000000e+000 0.000000e+000 2.528436e-020 
0.000000e+000 0.000000e+000 0.000000e+000 0.000000e+000 2.593268e-021 
0.000000e+000 0.000000e+000 0.000000e+000 0.000000e+000 1.063905e-021 
0.000000e+000 0.000000e+000 0.000000e+000 0.000000e+000 4.364738e-022 
0.000000e+000 0.000000e+000 0.000000e+000 0.000000e+000 1.790662e-022 
0.000000e+000 0.000000e+000 0.000000e+000 0.000000e+000 7.346304e-023 


7.346304e-023 7.534671e-054 3.091147e-054 1.268163e-024 1.268163e-024 
2.865059e-081 7.346304e-023 7.534671e-054 3.091147e-024 3.091147e-024 
5.586864e-110 2.865059e-081 7.346304e-023 7.534671e-024 7.534671e-024 
1.089439e-108 5.586864e-080 2.865059e-051 7.346304e-023 7.346304e-023 
2.832540e-108 1.089439e-078 5.586864e-050 2.865059e-021 2.865059e-021 
2.761727e-077 2.832540e-078 1.089439e-048 5.586864e-020 5.586864e-020 
7.180489e-107 2.761727e-047 2.832540e-048 1.089439e-018 1.089439e-018 
1.866927e-106 7.180489e-077 2.761727e-017 2.832540e-018 2.832540e-018 
7.281016e-105 1.866927e-076 7.180489e-047 2.761727e-017 2.761727e-017 
7.098991e-074 7.281016e-075 1.866927e-046 7.180489e-017 7.180489e-017 
1.845738e-103 7.098991e-044 7.281016e-045 1.866927e-016 1.866927e-016 
4.798918e-103 1.845738e-073 7.098991e-014 7.281016e-015 7.281016e-015 
1.169736e-102 4.798918e-073 1.845738e-043 7.098991e-014 7.098991e-014 
2.851232e-072 1.169736e-072 4.798918e-043 1.845738e-013 1.845738e-013 
6.949878e-042 2.851232e-042 1.169736e-042 4.798918e-013 4.798918e-013 
1.694033e-041 6.949878e-042 2.851232e-042 1.169736e-012 1.169736e-012 
4.404485e-041 1.694033e-041 6.949878e-042 2.851232e-012 2.851232e-012 
1.145166e-070 4.404485e-041 1.694033e-041 6.949878e-012 6.949878e-012 
2.977432e-100 1.145166e-070 4.404485e-041 1.694033e-011 1.694033e-011 
7.257490e-100 2.977432e-070 1.145166e-040 4.404485e-011 4.404485e-011 
1.886947e-069 7.257490e-070 2.977432e-040 1.145166e-010 1.145166e-010 
4.906063e-069 1.886947e-039 7.257490e-040 2.977432e-010 2.977432e-010 
1.275576e-098 4.906063e-069 1.886947e-039 7.257490e-010 7.257490e-010 
3.316499e-098 1.275576e-068 4.906063e-039 1.886947e-009 1.886947e-009 
8.083966e-098 3.316499e-068 1.275576e-038 4.906063e-009 4.906063e-009 
1.970467e-067 8.083966e-068 3.316499e-038 1.275576e-008 1.275576e-008 
4.803013e-037 1.970467e-037 8.083966e-038 3.316499e-008 3.316499e-008 
1.170734e-036 4.803013e-037 1.970467e-037 8.083966e-008 8.083966e-008 
1.141466e-005 1.170734e-036 4.803013e-037 1.970467e-007 1.970467e-007 
2.967812e-065 1.141466e-005 1.170734e-036 4.803013e-007 4.803013e-007 
7.716310e-095 2.967812e-065 1.141466e-005 1.170734e-006 1.170734e-006 
2.006241e-094 7.716310e-065 2.967812e-035 1.141466e-005 1.141466e-005 
4.890211e-094 2.006241e-064 7.716310e-035 2.967812e-005 2.967812e-005 
1.191989e-063 4.890211e-064 2.006241e-034 7.716310e-005 7.716310e-005 
2.905473e-033 1.191989e-033 4.890211e-034 2.006241e-004 2.006241e-004 
2.832836e-002 2.905473e-033 1.191989e-033 4.890211e-004 4.890211e-004 
6.905039e-062 2.832836e-002 2.905473e-033 1.191989e-003 1.191989e-003 
1.683103e-061 6.905039e-062 2.832836e-002 2.905473e-003 2.905473e-003 
4.102564e-031 1.683103e-031 6.905039e-032 2.832836e-002 2.832836e-002 
1.000000e-030 4.102564e-031 1.683103e-031 6.905039e-002 6.905039e-002 
1.000000e+000 1.000000e-030 4.102564e-031 1.683103e-001 1.683103e-001 
1.000000e+000 1.000000e+000 1.000000e-030 4.102564e-001 4.102564e-001 
1.000000e+000 1.000000e+000 1.000000e+000 1.000000e+000 1.000000e+000 


1.000000e+000 0.000000e+000 0.000000e+000 0.000000e+000 0.000000e+000 
1.757999e-173 1.000000e+000 0.000000e+000 0.000000e+000 0.000000e+000 
1.545281e-316 3.515998e-173 1.000000e+000 0.000000e+000 0.000000e+000 
0.000000e+000 4.635842e-316 5.273998e-173 1.000000e+000 0.000000e+000 
0.000000e+000 0.000000e+000 9.271684e-316 1.757999e-083 1.000000e+000 
0.000000e+000 0.000000e+000 0.000000e+000 1.545281e-166 1.000000e+000 
0.000000e+000 0.000000e+000 0.000000e+000 1.358301e-249 1.000000e+000 
0.000000e+000 0.000000e+000 0.000000e+000 0.000000e+000 1.000000e+000 
0.000000e+000 0.000000e+000 0.000000e+000 0.000000e+000 1.000000e+000 
0.000000e+000 0.000000e+000 0.000000e+000 0.000000e+000 1.000000e+000 
0.000000e+000 0.000000e+000 0.000000e+000 0.000000e+000 1.000000e+000 
0.000000e+000 0.000000e+000 0.000000e+000 0.000000e+000 1.000000e+000 
0.000000e+000 0.000000e+000 0.000000e+000 0.000000e+000 1.000000e+000 
0.000000e+000 0.000000e+000 0.000000e+000 0.000000e+000 1.000000e+000 
0.000000e+000 0.000000e+000 0.000000e+000 0.000000e+000 1.000000e+000 
0.000000e+000 0.000000e+000 0.000000e+000 0.000000e+000 1.000000e+000 
0.000000e+000 0.000000e+000 0.000000e+000 0.000000e+000 1.000000e+000 
0.000000e+000 0.000000e+000 0.000000e+000 0.000000e+000 1.000000e+000 
0.000000e+000 0.000000e+000 0.000000e+000 0.000000e+000 1.000000e+000 
0.000000e+000 0.000000e+000 0.000000e+000 0.000000e+000 1.000000e+000 
0.000000e+000 0.000000e+000 0.000000e+000 0.000000e+000 1.000000e+000 
0.000000e+000 0.000000e+000 0.000000e+000 0.000000e+000 1.000000e+000 
0.000000e+000 0.000000e+000 0.000000e+000 0.000000e+000 1.000000e+000 
0.000000e+000 0.000000e+000 0.000000e+000 0.000000e+000 1.000000e+000 
0.000000e+000 0.000000e+000 0.000000e+000 0.000000e+000 1.000000e+000 
0.000000e+000 0.000000e+000 0.000000e+000 0.000000e+000 1.000000e+000 
0.000000e+000 0.000000e+000 0.000000e+000 0.000000e+000 1.000000e+000 
0.000000e+000 0.000000e+000 0.000000e+000 0.000000e+000 1.000000e+000 
0.000000e+000 0.000000e+000 0.000000e+000 0.000000e+000 1.000000e+000 
0.000000e+000 0.000000e+000 0.000000e+000 0.000000e+000 1.000000e+000 
0.000000e+000 0.000000e+000 0.000000e+000 0.000000e+000 1.000000e+000 
0.000000e+000 0.000000e+000 0.000000e+000 0.000000e+000 1.000000e+000 
0.000000e+000 0.000000e+000 0.000000e+000 0.000000e+000 1.000000e+000 
0.000000e+000 0.000000e+000 0.000000e+000 0.000000e+000 1.000000e+000 
0.000000e+000 0.000000e+000 0.000000e+000 0.000000e+000 1.000000e+000 
0.000000e+000 0.000000e+000 0.000000e+000 0.000000e+000 1.000000e+000 
0.000000e+000 0.000000e+000 0.000000e+000 0.000000e+000 1.000000e+000 
0.000000e+000 0.000000e+000 0.000000e+000 0.000000e+000 1.000000e+000 
0.000000e+000 0.000000e+000 0.000000e+000 0.000000e+000 1.000000e+000 
0.000000e+000 0.000000e+000 0.000000e+000 0.000000e+000 1.000000e+000 
0.000000e+000 0.000000e+000 0.000000e+000 0.000000e+000 1.000000e+000 
0.000000e+000 0.000000e+000 0.000000e+000 0.000000e+000 1.000000e+000 
0.000000e+000 0.000000e+000 0.000000e+000 0.000000e+000 1.000000e+000 



Q star

------------
1  2  3  4  5  5  5  5  5  5  5  5  5  5  5  5  5  5  5  5  5  5  5  5  5  5  5  5  5  5  5  5  5  5  5  5  5  5  5  5  5  5  5  
------------

P star

-----------
7.346304e-023

A Martrix

1.757999e-173 1.000000e+000 0.000000e+000 0.000000e+000 0.000000e+000 
0.000000e+000 1.757999e-173 1.000000e+000 0.000000e+000 0.000000e+000 
0.000000e+000 0.000000e+000 1.757999e-173 1.000000e+000 0.000000e+000 
0.000000e+000 0.000000e+000 0.000000e+000 1.757999e-083 1.000000e+000 
0.000000e+000 0.000000e+000 0.000000e+000 0.000000e+000 1.000000e+000 

B Martrix

1.000000e-030 1.000000e-030 1.000000e-030 1.000000e-030 1.000000e-030 1.000000e-030 1.000000e-030 1.000000e-030 1.000000e-030 1.000000e-030 1.000000e-030 1.000000e-030 1.000000e-030 1.000000e-030 1.000000e-030 1.000000e-030 1.000000e-030 1.000000e-030 1.000000e-030 1.000000e-030 1.000000e-030 1.000000e-030 1.000000e-030 1.000000e-030 1.000000e-030 1.000000e-030 1.000000e-030 1.000000e+000 1.000000e-030 1.000000e-030 1.000000e-030 1.000000e-030 
1.000000e-030 1.000000e-030 1.000000e-030 1.000000e-030 1.000000e-030 1.000000e-030 1.000000e-030 1.000000e-030 1.000000e-030 1.000000e-030 1.000000e-030 1.000000e-030 1.000000e-030 1.000000e-030 1.000000e-030 1.000000e-030 1.000000e-030 1.000000e-030 1.000000e-030 1.000000e-030 1.000000e-030 1.000000e-030 1.000000e-030 1.000000e-030 1.000000e-030 1.000000e-030 1.000000e-030 1.000000e+000 1.000000e-030 1.000000e-030 1.000000e-030 1.000000e-030 
1.000000e-030 1.000000e-030 1.000000e-030 1.000000e-030 1.000000e-030 1.000000e-030 1.000000e-030 1.000000e-030 1.000000e-030 1.000000e-030 1.000000e-030 1.000000e-030 1.000000e-030 1.000000e-030 1.000000e-030 1.000000e-030 1.000000e-030 1.000000e-030 1.000000e-030 1.000000e-030 1.000000e-030 1.000000e-030 1.000000e-030 1.000000e-030 1.000000e-030 1.000000e-030 1.000000e-030 1.000000e+000 1.000000e-030 1.000000e-030 1.000000e-030 1.000000e-030 
1.000000e-030 1.000000e-030 1.000000e-030 1.000000e-030 1.000000e-030 1.000000e-030 1.000000e-030 1.000000e-030 1.000000e-030 1.000000e-030 1.000000e-030 1.000000e+000 1.000000e-030 1.000000e-030 1.000000e-030 1.000000e-030 1.000000e-030 1.000000e-030 1.000000e-030 1.000000e-030 1.000000e-030 1.000000e-030 1.000000e-030 1.000000e-030 1.000000e-030 1.000000e-030 1.000000e-030 1.000000e-030 1.000000e-030 1.000000e-030 1.000000e-030 1.000000e-030 
1.000000e-030 1.000000e-030 1.000000e-030 2.564103e-002 1.000000e-030 1.000000e-030 1.000000e-030 1.000000e-030 1.000000e-030 1.000000e-030 2.564103e-002 1.025641e-001 1.000000e-030 1.000000e-030 1.000000e-030 1.000000e-030 1.000000e-030 1.000000e-030 5.128205e-002 3.846154e-001 1.000000e-030 1.000000e-030 1.000000e-030 1.000000e-030 1.000000e-030 1.000000e-030 1.000000e-030 4.102564e-001 1.000000e-030 1.000000e-030 1.000000e-030 1.000000e-030 
=================
